0 1 0.151302 0.439271 0.034896 0.188259 0.000000 0.000000 1.000000
0 2 0.150260 0.439271 0.033854 0.188259 -0.001042 0.000000 1.000000
0 3 0.149219 0.438765 0.033854 0.189271 -0.001042 -0.000506 1.000000
0 4 0.148698 0.437753 0.032813 0.189271 -0.000521 -0.001012 1.000000
0 5 0.147396 0.437247 0.032292 0.188259 -0.001302 -0.000506 1.000000
0 6 0.146875 0.438259 0.032292 0.188259 -0.000521 0.001012 1.000000
0 7 0.146094 0.439271 0.031771 0.186235 -0.000781 0.001012 1.000000
0 8 0.146094 0.439271 0.031771 0.188259 0.000000 0.000000 1.000000
0 9 0.145573 0.439271 0.030729 0.188259 -0.000521 0.000000 1.000000
0 10 0.145313 0.439271 0.030208 0.188259 -0.000260 0.000000 1.000000
0 11 0.145313 0.439271 0.030208 0.188259 0.000000 0.000000 1.000000
0 12 0.145313 0.440283 0.030208 0.188259 0.000000 0.001012 1.000000
0 13 0.144792 0.438765 0.029167 0.189271 -0.000521 -0.001518 1.000000
0 14 0.143229 0.436741 0.029167 0.193320 -0.001563 -0.002024 1.000000
0 15 0.142969 0.435729 0.028646 0.195344 -0.000260 -0.001012 1.000000
0 16 0.142448 0.434211 0.029687 0.196356 -0.000521 -0.001518 1.000000
0 17 0.142448 0.435223 0.029687 0.196356 0.000000 0.001012 1.000000
0 18 0.142708 0.435223 0.030208 0.194332 0.000260 0.000000 1.000000
0 19 0.142187 0.438765 0.030208 0.189271 -0.000521 0.003543 1.000000
0 20 0.142187 0.441802 0.030208 0.185223 0.000000 0.003036 1.000000
0 21 0.142187 0.445344 0.030208 0.180162 0.000000 0.003543 1.000000
0 22 0.141667 0.446862 0.030208 0.175101 -0.000521 0.001518 1.000000
0 23 0.141927 0.449393 0.030729 0.172065 0.000260 0.002530 1.000000
0 24 0.141146 0.449899 0.029167 0.171053 -0.000781 0.000506 1.000000
0 25 0.139583 0.452935 0.027083 0.177126 -0.001563 0.003036 1.000000
0 26 0.138802 0.454960 0.027604 0.181174 -0.000781 0.002024 1.000000
0 27 0.138021 0.457490 0.029167 0.184211 -0.000781 0.002530 1.000000
0 28 0.129688 0.459514 0.044792 0.184211 -0.008333 0.002024 1.000000
0 29 0.128125 0.461538 0.045833 0.180162 -0.001563 0.002024 1.000000
0 30 0.132552 0.462551 0.033854 0.178138 0.004427 0.001012 1.000000
0 31 0.133854 0.462045 0.038542 0.177126 0.001302 -0.000506 1.000000
0 32 0.132812 0.462551 0.050000 0.182186 -0.001042 0.000506 1.000000
0 33 0.133073 0.464069 0.051562 0.187247 0.000260 0.001518 1.000000
0 34 0.132552 0.465587 0.049479 0.196356 -0.000521 0.001518 1.000000
0 35 0.133333 0.461538 0.040625 0.208502 0.000781 -0.004049 1.000000
0 36 0.134115 0.452429 0.038021 0.226721 0.000781 -0.009109 1.000000
0 37 0.134115 0.445344 0.032813 0.242915 0.000000 -0.007085 1.000000
0 38 0.133854 0.440789 0.027083 0.252024 -0.000260 -0.004555 1.000000
0 39 0.130990 0.439271 0.029687 0.255061 -0.002865 -0.001518 1.000000
0 40 0.130208 0.440283 0.033333 0.253036 -0.000781 0.001012 1.000000
0 41 0.129948 0.439777 0.033854 0.252024 -0.000260 -0.000506 1.000000
0 42 0.130208 0.442308 0.034375 0.251012 0.000260 0.002530 1.000000
0 43 0.130469 0.445344 0.034896 0.244939 0.000260 0.003036 1.000000
0 44 0.131510 0.451417 0.035937 0.232794 0.001042 0.006073 1.000000
0 45 0.131250 0.455466 0.038542 0.240891 -0.000260 0.004049 1.000000
0 46 0.132292 0.474696 0.040625 0.202429 0.001042 0.019231 1.000000
0 47 0.137760 0.479251 0.041146 0.193320 0.005469 0.004555 1.000000
0 48 0.142708 0.484312 0.043750 0.183198 0.004948 0.005061 1.000000
0 49 0.144271 0.486842 0.051042 0.168016 0.001563 0.002530 1.000000
0 50 0.155469 0.491903 0.069271 0.157895 0.011198 0.005061 1.000000
0 51 0.156771 0.492409 0.068750 0.156883 0.001302 0.000506 1.000000
0 52 0.160156 0.491397 0.067187 0.158907 0.003385 -0.001012 1.000000
0 53 0.161458 0.490385 0.065625 0.162955 0.001302 -0.001012 1.000000
0 54 0.159896 0.486842 0.071875 0.168016 -0.001563 -0.003543 1.000000
0 55 0.160417 0.480263 0.070833 0.181174 0.000521 -0.006579 1.000000
0 56 0.164062 0.478239 0.062500 0.185223 0.003646 -0.002024 1.000000
0 57 0.167708 0.476215 0.056250 0.189271 0.003646 -0.002024 1.000000
0 58 0.169792 0.474696 0.060417 0.192308 0.002083 -0.001518 1.000000
0 59 0.171094 0.474696 0.058854 0.194332 0.001302 0.000000 1.000000
0 60 0.169010 0.473178 0.054688 0.195344 -0.002083 -0.001518 1.000000
0 61 0.168750 0.474696 0.054167 0.194332 -0.000260 0.001518 1.000000
0 62 0.169010 0.474696 0.054688 0.194332 0.000260 0.000000 1.000000
0 63 0.165885 0.475709 0.067187 0.194332 -0.003125 0.001012 1.000000
0 64 0.164323 0.477227 0.072396 0.191296 -0.001563 0.001518 1.000000
0 65 0.160417 0.479251 0.082292 0.187247 -0.003906 0.002024 1.000000
0 66 0.153385 0.482794 0.075521 0.180162 -0.007031 0.003543 1.000000
0 67 0.154167 0.483806 0.059375 0.178138 0.000781 0.001012 1.000000
0 68 0.154688 0.483806 0.045833 0.178138 0.000521 0.000000 1.000000
0 69 0.153125 0.483806 0.048958 0.178138 -0.001563 0.000000 1.000000
0 70 0.149740 0.483806 0.049479 0.178138 -0.003385 0.000000 1.000000
0 71 0.140625 0.478745 0.092708 0.178138 -0.009115 -0.005061 1.000000
0 72 0.138281 0.478745 0.101562 0.174089 -0.002344 0.000000 1.000000
0 73 0.134115 0.477227 0.100521 0.177126 -0.004167 -0.001518 1.000000
0 74 0.134375 0.480769 0.087500 0.186235 0.000260 0.003543 1.000000
0 75 0.134635 0.479757 0.068229 0.184211 0.000260 -0.001012 1.000000
0 76 0.134635 0.477227 0.068229 0.189271 0.000000 -0.002530 1.000000
0 77 0.135156 0.476721 0.067187 0.192308 0.000521 -0.000506 1.000000
0 78 0.136719 0.474190 0.057813 0.197368 0.001563 -0.002530 1.000000
0 79 0.131771 0.472166 0.051042 0.201417 -0.004948 -0.002024 1.000000
0 80 0.126562 0.468623 0.044792 0.206478 -0.005208 -0.003543 1.000000
0 81 0.126042 0.457490 0.042708 0.228745 -0.000521 -0.011134 1.000000
0 82 0.127083 0.451923 0.043750 0.241903 0.001042 -0.005567 1.000000
0 83 0.126042 0.447368 0.044792 0.248988 -0.001042 -0.004555 1.000000
0 84 0.119531 0.447368 0.054688 0.248988 -0.006510 0.000000 1.000000
0 85 0.114583 0.447368 0.061458 0.251012 -0.004948 0.000000 1.000000
0 86 0.114323 0.451417 0.086979 0.240891 -0.000260 0.004049 1.000000
0 87 0.111458 0.457490 0.109375 0.228745 -0.002865 0.006073 1.000000
0 88 0.114323 0.467105 0.114062 0.209514 0.002865 0.009615 1.000000
0 89 0.113542 0.472166 0.112500 0.201417 -0.000781 0.005061 1.000000
0 90 0.115104 0.472166 0.106250 0.199393 0.001563 0.000000 1.000000
0 91 0.111458 0.478745 0.077083 0.186235 -0.003646 0.006579 1.000000
0 92 0.110417 0.482287 0.066667 0.177126 -0.001042 0.003543 1.000000
0 93 0.106510 0.486842 0.058854 0.168016 -0.003906 0.004555 1.000000
0 94 0.107292 0.490891 0.053125 0.159919 0.000781 0.004049 1.000000
0 95 0.105990 0.495951 0.055729 0.151822 -0.001302 0.005061 1.000000
0 96 0.102865 0.499494 0.061979 0.142713 -0.003125 0.003543 1.000000
0 97 0.096354 0.500506 0.072917 0.140688 -0.006510 0.001012 1.000000
0 98 0.092188 0.499494 0.078125 0.146761 -0.004167 -0.001012 1.000000
0 99 0.088802 0.495445 0.077604 0.148785 -0.003385 -0.004049 1.000000
0 100 0.084896 0.495445 0.068750 0.148785 -0.003906 0.000000 1.000000
0 101 0.081250 0.493421 0.056250 0.154858 -0.003646 -0.002024 1.000000
0 102 0.075521 0.488360 0.051042 0.162955 -0.005729 -0.005061 1.000000
0 103 0.079167 0.488360 0.043750 0.162955 0.003646 0.000000 1.000000
0 104 0.083854 0.490891 0.051042 0.159919 0.004687 0.002530 1.000000
0 105 0.085417 0.492409 0.061458 0.154858 0.001563 0.001518 1.000000
0 106 0.089583 0.496964 0.075000 0.145749 0.004167 0.004555 1.000000
0 107 0.084896 0.505567 0.070833 0.130567 -0.004687 0.008603 1.000000
0 108 0.083594 0.510121 0.067187 0.121457 -0.001302 0.004555 1.000000
0 109 0.084896 0.512652 0.070833 0.114372 0.001302 0.002530 1.000000
0 110 0.083854 0.515688 0.068750 0.108300 -0.001042 0.003036 1.000000
0 111 0.082812 0.517206 0.067708 0.105263 -0.001042 0.001518 1.000000
0 112 0.083333 0.516194 0.067708 0.115385 0.000521 -0.001012 1.000000
0 113 0.083073 0.516194 0.068229 0.115385 -0.000260 0.000000 1.000000
0 114 0.082812 0.516700 0.068750 0.116397 -0.000260 0.000506 1.000000
0 115 0.083073 0.515688 0.068229 0.116397 0.000260 -0.001012 1.000000
0 116 0.083333 0.515688 0.068750 0.116397 0.000260 0.000000 1.000000
0 117 0.083073 0.516194 0.069271 0.117409 -0.000260 0.000506 1.000000
0 118 0.083594 0.514676 0.069271 0.116397 0.000521 -0.001518 1.000000
0 119 0.084115 0.516194 0.069271 0.113360 0.000521 0.001518 1.000000
0 120 0.083594 0.516194 0.070312 0.113360 -0.000521 0.000000 1.000000
0 121 0.083594 0.516194 0.070312 0.113360 0.000000 0.000000 1.000000
0 122 0.083594 0.516194 0.070312 0.113360 0.000000 0.000000 1.000000
0 123 0.083594 0.517206 0.070312 0.113360 0.000000 0.001012 1.000000
0 124 0.084375 0.516700 0.070833 0.112348 0.000781 -0.000506 1.000000
0 125 0.084375 0.516700 0.070833 0.112348 0.000000 0.000000 1.000000
0 126 0.084896 0.516700 0.070833 0.112348 0.000521 0.000000 1.000000
0 127 0.085417 0.516700 0.070833 0.112348 0.000521 0.000000 1.000000
0 128 0.084635 0.519231 0.069271 0.107287 -0.000781 0.002530 1.000000
0 129 0.085156 0.518725 0.066146 0.108300 0.000521 -0.000506 1.000000
0 130 0.085677 0.519231 0.064062 0.109312 0.000521 0.000506 1.000000
0 131 0.086198 0.520243 0.063021 0.105263 0.000521 0.001012 1.000000
0 132 0.090104 0.523785 0.062500 0.100202 0.003906 0.003543 1.000000
0 133 0.089583 0.522773 0.061458 0.100202 -0.000521 -0.001012 1.000000
0 134 0.088281 0.523279 0.059896 0.101215 -0.001302 0.000506 1.000000
0 135 0.085677 0.522267 0.057813 0.101215 -0.002604 -0.001012 1.000000
0 136 0.085156 0.521761 0.058854 0.102227 -0.000521 -0.000506 1.000000
0 137 0.081771 0.509109 0.066667 0.137652 -0.003385 -0.012652 1.000000
0 138 0.078385 0.498482 0.079687 0.156883 -0.003385 -0.010628 1.000000
0 139 0.074219 0.496457 0.088021 0.164980 -0.004167 -0.002024 1.000000
0 140 0.070573 0.496964 0.094271 0.170040 -0.003646 0.000506 1.000000
0 141 0.070052 0.494939 0.096354 0.174089 -0.000521 -0.002024 1.000000
0 142 0.070312 0.495445 0.096875 0.175101 0.000260 0.000506 1.000000
0 143 0.070052 0.497470 0.097396 0.169028 -0.000260 0.002024 1.000000
0 144 0.070573 0.496964 0.097396 0.172065 0.000521 -0.000506 1.000000
0 145 0.070312 0.495951 0.097917 0.172065 -0.000260 -0.001012 1.000000
0 146 0.070833 0.493421 0.096875 0.177126 0.000521 -0.002530 1.000000
0 147 0.070833 0.496457 0.095833 0.171053 0.000000 0.003036 1.000000
0 148 0.070312 0.517713 0.093750 0.128543 -0.000521 0.021255 1.000000
0 149 0.070312 0.525304 0.092708 0.113360 0.000000 0.007591 1.000000
0 150 0.071094 0.527328 0.092188 0.109312 0.000781 0.002024 1.000000
0 151 0.071354 0.529352 0.091667 0.105263 0.000260 0.002024 1.000000
0 152 0.071354 0.530364 0.091667 0.103239 0.000000 0.001012 1.000000
0 153 0.070573 0.529352 0.091146 0.103239 -0.000781 -0.001012 1.000000
0 154 0.071615 0.534413 0.094271 0.095142 0.001042 0.005061 1.000000
0 155 0.072917 0.542510 0.095833 0.082996 0.001302 0.008097 1.000000
0 156 0.075260 0.548077 0.095312 0.071862 0.002344 0.005567 1.000000
0 157 0.078385 0.540992 0.091146 0.088057 0.003125 -0.007085 1.000000
0 158 0.088802 0.536943 0.075521 0.094130 0.010417 -0.004049 1.000000
0 159 0.089323 0.542004 0.075521 0.084008 0.000521 0.005061 1.000000
0 160 0.090104 0.547065 0.072917 0.073887 0.000781 0.005061 1.000000
0 161 0.090104 0.551619 0.072917 0.064777 0.000000 0.004555 1.000000
0 162 0.089583 0.550607 0.071875 0.066802 -0.000521 -0.001012 1.000000
0 163 0.089063 0.552126 0.070833 0.086032 -0.000521 0.001518 1.000000
0 164 0.088802 0.549089 0.069271 0.088057 -0.000260 -0.003036 1.000000
0 165 0.088021 0.547065 0.072917 0.092105 -0.000781 -0.002024 1.000000
0 166 0.086979 0.546053 0.081250 0.094130 -0.001042 -0.001012 1.000000
0 167 0.090365 0.545547 0.092188 0.095142 0.003385 -0.000506 1.000000
0 168 0.089063 0.544534 0.096875 0.101215 -0.001302 -0.001012 1.000000
0 169 0.085417 0.544028 0.093750 0.102227 -0.003646 -0.000506 1.000000
0 170 0.081250 0.544534 0.091667 0.105263 -0.004167 0.000506 1.000000
0 171 0.076823 0.543522 0.088021 0.109312 -0.004427 -0.001012 1.000000
0 172 0.072656 0.545040 0.083854 0.112348 -0.004167 0.001518 1.000000
0 173 0.068750 0.543522 0.082292 0.113360 -0.003906 -0.001518 1.000000
0 174 0.067969 0.543016 0.081771 0.114372 -0.000781 -0.000506 1.000000
0 175 0.066406 0.543522 0.081771 0.117409 -0.001563 0.000506 1.000000
0 176 0.066146 0.545040 0.080208 0.114372 -0.000260 0.001518 1.000000
0 177 0.063802 0.547065 0.076563 0.114372 -0.002344 0.002024 1.000000
0 178 0.062240 0.548077 0.071354 0.110324 -0.001563 0.001012 1.000000
0 179 0.060677 0.548583 0.068229 0.111336 -0.001563 0.000506 1.000000
0 180 0.060417 0.547571 0.066667 0.111336 -0.000260 -0.001012 1.000000
0 181 0.058333 0.544534 0.062500 0.117409 -0.002083 -0.003036 1.000000
0 182 0.056250 0.542510 0.059375 0.119433 -0.002083 -0.002024 1.000000
0 183 0.056771 0.538968 0.061458 0.128543 0.000521 -0.003543 1.000000
0 184 0.055729 0.531377 0.058333 0.135628 -0.001042 -0.007591 1.000000
0 185 0.055990 0.529352 0.058854 0.141700 0.000260 -0.002024 1.000000
0 186 0.056250 0.526822 0.059375 0.148785 0.000260 -0.002530 1.000000
0 187 0.055990 0.523279 0.061979 0.155870 -0.000260 -0.003543 1.000000
0 188 0.050781 0.519231 0.055729 0.165992 -0.005208 -0.004049 1.000000
0 189 0.050000 0.514676 0.056250 0.175101 -0.000781 -0.004555 1.000000
0 190 0.049740 0.512146 0.055729 0.180162 -0.000260 -0.002530 1.000000
0 191 0.050260 0.508603 0.055729 0.185223 0.000521 -0.003543 1.000000
0 192 0.051562 0.507085 0.055208 0.188259 0.001302 -0.001518 1.000000
0 193 0.050260 0.502530 0.050521 0.197368 -0.001302 -0.004555 1.000000
0 194 0.049479 0.495445 0.050000 0.205466 -0.000781 -0.007085 1.000000
0 195 0.050000 0.492409 0.050000 0.209514 0.000521 -0.003036 1.000000
0 196 0.050781 0.489372 0.049479 0.209514 0.000781 -0.003036 1.000000
0 197 0.053125 0.485830 0.052083 0.206478 0.002344 -0.003543 1.000000
0 198 0.055990 0.485830 0.055729 0.206478 0.002865 0.000000 1.000000
0 199 0.060156 0.489372 0.057813 0.191296 0.004167 0.003543 1.000000
0 200 0.062240 0.492409 0.058854 0.183198 0.002083 0.003036 1.000000
0 201 0.065104 0.497470 0.062500 0.175101 0.002865 0.005061 1.000000
0 202 0.066927 0.498482 0.065104 0.173077 0.001823 0.001012 1.000000
0 203 0.066667 0.506579 0.064583 0.189271 -0.000260 0.008097 1.000000
0 204 0.067969 0.503543 0.063021 0.191296 0.001302 -0.003036 1.000000
0 205 0.074740 0.502530 0.059896 0.193320 0.006771 -0.001012 1.000000
0 206 0.084635 0.501518 0.052604 0.195344 0.009896 -0.001012 1.000000
0 207 0.091146 0.496964 0.048958 0.186235 0.006510 -0.004555 1.000000
0 208 0.096875 0.495951 0.042708 0.188259 0.005729 -0.001012 1.000000
0 209 0.113802 0.489372 0.052604 0.185223 0.016927 -0.006579 1.000000
0 210 0.120313 0.489879 0.050000 0.184211 0.006510 0.000506 1.000000
0 211 0.122396 0.489879 0.045833 0.184211 0.002083 0.000000 1.000000
0 212 0.124479 0.488866 0.041667 0.186235 0.002083 -0.001012 1.000000
0 213 0.128125 0.485324 0.041667 0.193320 0.003646 -0.003543 1.000000
0 214 0.132812 0.478239 0.043750 0.201417 0.004687 -0.007085 1.000000
0 215 0.136719 0.469636 0.046354 0.192308 0.003906 -0.008603 1.000000
0 216 0.141146 0.468117 0.052083 0.193320 0.004427 -0.001518 1.000000
0 217 0.145573 0.468623 0.052604 0.192308 0.004427 0.000506 1.000000
0 218 0.147656 0.469636 0.056771 0.192308 0.002083 0.001012 1.000000
0 219 0.153385 0.476215 0.055729 0.187247 0.005729 0.006579 1.000000
0 220 0.155729 0.477733 0.052083 0.182186 0.002344 0.001518 1.000000
0 221 0.152604 0.478745 0.058333 0.182186 -0.003125 0.001012 1.000000
0 222 0.152344 0.477227 0.058854 0.183198 -0.000260 -0.001518 1.000000
0 223 0.152865 0.476215 0.058854 0.185223 0.000521 -0.001012 1.000000
0 224 0.152344 0.476721 0.058854 0.186235 -0.000521 0.000506 1.000000
0 225 0.152344 0.476215 0.058854 0.187247 0.000000 -0.000506 1.000000
0 226 0.152344 0.475709 0.058854 0.188259 0.000000 -0.000506 1.000000
0 227 0.152344 0.474696 0.058854 0.188259 0.000000 -0.001012 1.000000
0 228 0.152344 0.475202 0.058854 0.189271 0.000000 0.000506 1.000000
0 229 0.152865 0.475202 0.058854 0.189271 0.000521 0.000000 1.000000
0 230 0.152604 0.475202 0.058333 0.189271 -0.000260 0.000000 1.000000
0 231 0.152865 0.475202 0.057813 0.189271 0.000260 0.000000 1.000000
0 232 0.152865 0.475202 0.057813 0.189271 0.000000 0.000000 1.000000
0 233 0.153125 0.474696 0.057292 0.190283 0.000260 -0.000506 1.000000
0 234 0.153125 0.474696 0.057292 0.188259 0.000000 0.000000 1.000000
0 235 0.153125 0.474696 0.057292 0.188259 0.000000 0.000000 1.000000
0 236 0.153125 0.474696 0.057292 0.188259 0.000000 0.000000 1.000000
0 237 0.153125 0.474696 0.057292 0.188259 0.000000 0.000000 1.000000
0 238 0.152604 0.474696 0.058333 0.188259 -0.000521 0.000000 1.000000
0 239 0.152344 0.474696 0.058854 0.188259 -0.000260 0.000000 1.000000
0 240 0.152344 0.475202 0.058854 0.187247 0.000000 0.000506 1.000000
0 241 0.152344 0.476215 0.058854 0.187247 0.000000 0.001012 1.000000
0 242 0.152344 0.476215 0.058854 0.187247 0.000000 0.000000 1.000000
0 243 0.152344 0.476721 0.058854 0.186235 0.000000 0.000506 1.000000
0 244 0.152344 0.476721 0.058854 0.186235 0.000000 0.000000 1.000000
0 245 0.152344 0.472166 0.058854 0.195344 0.000000 -0.004555 1.000000
0 246 0.152344 0.464069 0.058854 0.213563 0.000000 -0.008097 1.000000
0 247 0.152344 0.457490 0.058854 0.226721 0.000000 -0.006579 1.000000
0 248 0.152344 0.455466 0.058854 0.228745 0.000000 -0.002024 1.000000
0 249 0.152344 0.456984 0.058854 0.227733 0.000000 0.001518 1.000000
0 250 0.152344 0.455972 0.058854 0.229757 0.000000 -0.001012 1.000000
0 251 0.152344 0.455972 0.058854 0.229757 0.000000 0.000000 1.000000
0 252 0.152344 0.455972 0.058854 0.229757 0.000000 0.000000 1.000000
0 253 0.152344 0.456478 0.058854 0.228745 0.000000 0.000506 1.000000
0 254 0.152865 0.459008 0.058854 0.223684 0.000521 0.002530 1.000000
0 255 0.152865 0.474190 0.058854 0.191296 0.000000 0.015182 1.000000
0 256 0.152865 0.476215 0.058854 0.189271 0.000000 0.002024 1.000000
0 257 0.152865 0.475202 0.058854 0.191296 0.000000 -0.001012 1.000000
0 258 0.152865 0.474696 0.058854 0.192308 0.000000 -0.000506 1.000000
0 259 0.152865 0.474696 0.058854 0.192308 0.000000 0.000000 1.000000
0 260 0.152865 0.474696 0.058854 0.192308 0.000000 0.000000 1.000000
0 261 0.151823 0.474696 0.059896 0.192308 -0.001042 0.000000 1.000000
0 262 0.152083 0.474696 0.059375 0.192308 0.000260 0.000000 1.000000
0 263 0.152344 0.473684 0.058854 0.192308 0.000260 -0.001012 1.000000
0 264 0.152344 0.473684 0.058854 0.192308 0.000000 0.000000 1.000000
0 265 0.152344 0.473178 0.058854 0.193320 0.000000 -0.000506 1.000000
0 266 0.152344 0.473178 0.058854 0.193320 0.000000 0.000000 1.000000
0 267 0.152344 0.472672 0.058854 0.192308 0.000000 -0.000506 1.000000
0 268 0.152344 0.473684 0.058854 0.192308 0.000000 0.001012 1.000000
0 269 0.152344 0.473178 0.058854 0.191296 0.000000 -0.000506 1.000000
0 270 0.152344 0.473178 0.058854 0.191296 0.000000 0.000000 1.000000
0 271 0.152344 0.473178 0.058854 0.193320 0.000000 0.000000 1.000000
0 272 0.152344 0.472672 0.058854 0.192308 0.000000 -0.000506 1.000000
0 273 0.152344 0.472672 0.058854 0.192308 0.000000 0.000000 1.000000
0 274 0.152344 0.473684 0.058854 0.192308 0.000000 0.001012 1.000000
0 275 0.152083 0.473684 0.058333 0.192308 -0.000260 0.000000 1.000000
0 276 0.152604 0.473178 0.058333 0.191296 0.000521 -0.000506 1.000000
0 277 0.152604 0.472672 0.058333 0.192308 0.000000 -0.000506 1.000000
0 278 0.152604 0.473684 0.058333 0.192308 0.000000 0.001012 1.000000
0 279 0.152604 0.473684 0.058333 0.192308 0.000000 0.000000 1.000000
0 280 0.152604 0.473684 0.058333 0.192308 0.000000 0.000000 1.000000
0 281 0.152865 0.473684 0.058854 0.192308 0.000260 0.000000 1.000000
0 282 0.152865 0.474190 0.058854 0.193320 0.000000 0.000506 1.000000
0 283 0.153125 0.474190 0.058333 0.193320 0.000260 0.000000 1.000000
0 284 0.153385 0.474190 0.057813 0.193320 0.000260 0.000000 1.000000
0 285 0.153385 0.474190 0.057813 0.193320 0.000000 0.000000 1.000000
0 286 0.153646 0.473684 0.058333 0.192308 0.000260 -0.000506 1.000000
0 287 0.153125 0.474190 0.058333 0.193320 -0.000521 0.000506 1.000000
0 288 0.153125 0.474190 0.058333 0.193320 0.000000 0.000000 1.000000
0 289 0.153125 0.474190 0.058333 0.193320 0.000000 0.000000 1.000000
0 290 0.153125 0.473684 0.058333 0.192308 0.000000 -0.000506 1.000000
0 291 0.153125 0.474190 0.058333 0.191296 0.000000 0.000506 1.000000
0 292 0.153125 0.473684 0.058333 0.192308 0.000000 -0.000506 1.000000
0 293 0.153125 0.473684 0.058333 0.192308 0.000000 0.000000 1.000000
0 294 0.153125 0.474696 0.058333 0.192308 0.000000 0.001012 1.000000
0 295 0.153125 0.474696 0.058333 0.192308 0.000000 0.000000 1.000000
0 296 0.153125 0.474190 0.058333 0.193320 0.000000 -0.000506 1.000000
0 297 0.152344 0.474190 0.059896 0.193320 -0.000781 0.000000 1.000000
0 298 0.152604 0.474190 0.059375 0.193320 0.000260 0.000000 1.000000
0 299 0.152604 0.475202 0.059375 0.189271 0.000000 0.001012 1.000000
0 300 0.152865 0.478745 0.058854 0.184211 0.000260 0.003543 1.000000
0 301 0.153385 0.480263 0.057813 0.179150 0.000521 0.001518 1.000000
0 302 0.152865 0.479757 0.058854 0.180162 -0.000521 -0.000506 1.000000
0 303 0.152865 0.476215 0.059896 0.187247 0.000000 -0.003543 1.000000
0 304 0.152344 0.473178 0.060937 0.191296 -0.000521 -0.003036 1.000000
0 305 0.148698 0.471154 0.070312 0.195344 -0.003646 -0.002024 1.000000
0 306 0.148438 0.468623 0.085417 0.196356 -0.000260 -0.002530 1.000000
0 307 0.148958 0.470648 0.102083 0.198381 0.000521 0.002024 1.000000
0 308 0.149479 0.471660 0.094792 0.196356 0.000521 0.001012 1.000000
0 309 0.150000 0.472672 0.093750 0.194332 0.000521 0.001012 1.000000
0 310 0.151562 0.473684 0.091667 0.192308 0.001563 0.001012 1.000000
0 311 0.151562 0.474190 0.085417 0.191296 0.000000 0.000506 1.000000
0 312 0.151042 0.475709 0.066667 0.188259 -0.000521 0.001518 1.000000
0 313 0.151823 0.477733 0.065104 0.186235 0.000781 0.002024 1.000000
0 314 0.151562 0.480263 0.066667 0.183198 -0.000260 0.002530 1.000000
0 315 0.151562 0.482794 0.067708 0.178138 0.000000 0.002530 1.000000
0 316 0.151302 0.485324 0.069271 0.173077 -0.000260 0.002530 1.000000
0 317 0.151823 0.488360 0.066146 0.169028 0.000521 0.003036 1.000000
0 318 0.151302 0.486842 0.067187 0.170040 -0.000521 -0.001518 1.000000
0 319 0.150781 0.485830 0.065104 0.174089 -0.000521 -0.001012 1.000000
0 320 0.147917 0.484818 0.064583 0.176113 -0.002865 -0.001012 1.000000
0 321 0.140625 0.482794 0.066667 0.180162 -0.007292 -0.002024 1.000000
0 322 0.133854 0.480263 0.039583 0.185223 -0.006771 -0.002530 1.000000
0 323 0.129688 0.479251 0.044792 0.185223 -0.004167 -0.001012 1.000000
0 324 0.129167 0.478239 0.045833 0.187247 -0.000521 -0.001012 1.000000
0 325 0.128646 0.477733 0.047917 0.188259 -0.000521 -0.000506 1.000000
0 326 0.129688 0.478745 0.048958 0.188259 0.001042 0.001012 1.000000
0 327 0.130990 0.478745 0.053646 0.188259 0.001302 0.000000 1.000000
0 328 0.136979 0.479251 0.059375 0.187247 0.005990 0.000506 1.000000
0 329 0.141146 0.480263 0.062500 0.185223 0.004167 0.001012 1.000000
0 330 0.150000 0.480263 0.073958 0.185223 0.008854 0.000000 1.000000
0 331 0.148177 0.481781 0.063021 0.182186 -0.001823 0.001518 1.000000
0 332 0.147656 0.485324 0.059896 0.175101 -0.000521 0.003543 1.000000
0 333 0.146615 0.486842 0.057813 0.174089 -0.001042 0.001518 1.000000
0 334 0.145833 0.486336 0.056250 0.175101 -0.000781 -0.000506 1.000000
0 335 0.146094 0.484818 0.056771 0.178138 0.000260 -0.001518 1.000000
0 336 0.147396 0.481781 0.058333 0.182186 0.001302 -0.003036 1.000000
0 337 0.141927 0.475202 0.065104 0.191296 -0.005469 -0.006579 1.000000
0 338 0.136198 0.472166 0.080729 0.197368 -0.005729 -0.003036 1.000000
0 339 0.134375 0.469636 0.089583 0.202429 -0.001823 -0.002530 1.000000
0 340 0.134375 0.467611 0.078125 0.208502 0.000000 -0.002024 1.000000
0 341 0.139063 0.467105 0.061458 0.209514 0.004687 -0.000506 1.000000
0 342 0.142448 0.468117 0.046354 0.209514 0.003385 0.001012 1.000000
0 343 0.139063 0.469636 0.059375 0.208502 -0.003385 0.001518 1.000000
0 344 0.140885 0.471660 0.067187 0.204453 0.001823 0.002024 1.000000
0 345 0.140104 0.474190 0.071875 0.201417 -0.000781 0.002530 1.000000
0 346 0.138021 0.476721 0.064583 0.196356 -0.002083 0.002530 1.000000
0 347 0.133073 0.481781 0.050521 0.188259 -0.004948 0.005061 1.000000
0 348 0.134635 0.494939 0.044271 0.184211 0.001563 0.013158 1.000000
0 349 0.129167 0.500000 0.043750 0.174089 -0.005469 0.005061 1.000000
0 350 0.122396 0.505061 0.054167 0.161943 -0.006771 0.005061 1.000000
0 351 0.116667 0.508097 0.062500 0.153846 -0.005729 0.003036 1.000000
0 352 0.108854 0.512652 0.061458 0.148785 -0.007812 0.004555 1.000000
0 353 0.107031 0.527328 0.064062 0.131579 -0.001823 0.014676 1.000000
0 354 0.112240 0.521761 0.066146 0.106275 0.005208 -0.005567 1.000000
0 355 0.111198 0.525304 0.056771 0.097166 -0.001042 0.003543 1.000000
0 356 0.108073 0.523785 0.055729 0.098178 -0.003125 -0.001518 1.000000
0 357 0.103125 0.528340 0.050000 0.111336 -0.004948 0.004555 1.000000
0 368 0.066406 0.518219 0.039062 0.133603 -0.003338 -0.000920 1.000000
0 369 0.066146 0.517206 0.040625 0.137652 -0.000260 -0.001012 1.000000
0 370 0.065365 0.512146 0.042188 0.147773 -0.000781 -0.005061 1.000000
0 371 0.061979 0.511640 0.037500 0.160931 -0.003385 -0.000506 1.000000
0 372 0.060156 0.502024 0.038021 0.155870 -0.001823 -0.009615 1.000000
0 373 0.058594 0.494433 0.045312 0.171053 -0.001563 -0.007591 1.000000
0 374 0.057813 0.490385 0.046875 0.177126 -0.000781 -0.004049 1.000000
0 375 0.058333 0.486842 0.046875 0.186235 0.000521 -0.003543 1.000000
0 376 0.057292 0.481781 0.048958 0.196356 -0.001042 -0.005061 1.000000
0 377 0.055990 0.475202 0.051562 0.201417 -0.001302 -0.006579 1.000000
0 378 0.065625 0.466599 0.054167 0.202429 0.009635 -0.008603 1.000000
0 379 0.065885 0.465587 0.054688 0.198381 0.000260 -0.001012 1.000000
0 380 0.065104 0.466093 0.056250 0.201417 -0.000781 0.000506 1.000000
0 381 0.063021 0.466599 0.056250 0.200405 -0.002083 0.000506 1.000000
0 382 0.064583 0.468117 0.057292 0.191296 0.001563 0.001518 1.000000
0 383 0.067448 0.471154 0.056771 0.185223 0.002865 0.003036 1.000000
0 384 0.073698 0.479251 0.048438 0.175101 0.006250 0.008097 1.000000
0 385 0.089063 0.479251 0.052083 0.175101 0.015365 0.000000 1.000000
0 386 0.094792 0.477227 0.047917 0.179150 0.005729 -0.002024 1.000000
0 387 0.094010 0.473178 0.043229 0.193320 -0.000781 -0.004049 1.000000
0 388 0.094271 0.467105 0.043750 0.205466 0.000260 -0.006073 1.000000
0 389 0.084896 0.443320 0.055208 0.253036 -0.009375 -0.023785 1.000000
0 390 0.077344 0.432692 0.060937 0.274291 -0.007552 -0.010628 1.000000
0 391 0.076042 0.425101 0.063542 0.271255 -0.001302 -0.007591 1.000000
0 392 0.078385 0.415992 0.066146 0.251012 0.002344 -0.009109 1.000000
0 393 0.085156 0.402834 0.065104 0.216599 0.006771 -0.013158 1.000000
0 394 0.092188 0.394231 0.065625 0.185223 0.007031 -0.008603 1.000000
0 395 0.089844 0.410425 0.060937 0.207490 -0.002344 0.016194 1.000000
0 396 0.091927 0.427126 0.067187 0.226721 0.002083 0.016700 1.000000
0 397 0.100260 0.445850 0.074479 0.235830 0.008333 0.018725 1.000000
0 398 0.107552 0.459008 0.077604 0.215587 0.007292 0.013158 1.000000
0 399 0.116927 0.478239 0.066146 0.173077 0.009375 0.019231 1.000000
0 400 0.120313 0.484312 0.057292 0.162955 0.003385 0.006073 1.000000
0 401 0.118750 0.490891 0.047917 0.149798 -0.001563 0.006579 1.000000
0 402 0.120573 0.494433 0.046354 0.142713 0.001823 0.003543 1.000000
0 403 0.123958 0.498988 0.044792 0.133603 0.003385 0.004555 1.000000
0 404 0.123698 0.508097 0.046354 0.115385 -0.000260 0.009109 1.000000
0 405 0.125781 0.513664 0.051562 0.114372 0.002083 0.005567 1.000000
0 406 0.130990 0.517206 0.060937 0.109312 0.005208 0.003543 1.000000
0 407 0.136198 0.520243 0.060937 0.103239 0.005208 0.003036 1.000000
0 408 0.138281 0.522267 0.055729 0.099190 0.002083 0.002024 1.000000
0 409 0.133073 0.522773 0.055729 0.098178 -0.005208 0.000506 1.000000
0 410 0.136719 0.525304 0.053646 0.105263 0.003646 0.002530 1.000000
0 411 0.140625 0.525304 0.052083 0.105263 0.003906 0.000000 1.000000
0 412 0.147656 0.526316 0.054688 0.103239 0.007031 0.001012 1.000000
0 413 0.152865 0.526316 0.058854 0.103239 0.005208 0.000000 1.000000
0 414 0.154688 0.525304 0.056250 0.105263 0.001823 -0.001012 1.000000
0 415 0.157552 0.525810 0.051562 0.106275 0.002865 0.000506 1.000000
0 416 0.167448 0.524798 0.059896 0.106275 0.009896 -0.001012 1.000000
0 417 0.178906 0.525304 0.066146 0.105263 0.011458 0.000506 1.000000
0 418 0.183854 0.525810 0.076042 0.106275 0.004948 0.000506 1.000000
0 419 0.189844 0.525810 0.085938 0.106275 0.005990 0.000000 1.000000
0 420 0.191406 0.524291 0.086979 0.109312 0.001563 -0.001518 1.000000
0 421 0.191146 0.520243 0.088542 0.115385 -0.000260 -0.004049 1.000000
0 422 0.189323 0.514170 0.095312 0.117409 -0.001823 -0.006073 1.000000
0 423 0.188802 0.510628 0.095312 0.124494 -0.000521 -0.003543 1.000000
0 424 0.183854 0.507591 0.106250 0.130567 -0.004948 -0.003036 1.000000
0 425 0.180469 0.487854 0.111979 0.172065 -0.003385 -0.019737 1.000000
0 426 0.181250 0.482287 0.109375 0.183198 0.000781 -0.005567 1.000000
0 427 0.186198 0.483300 0.098437 0.185223 0.004948 0.001012 1.000000
0 428 0.192969 0.482287 0.084896 0.187247 0.006771 -0.001012 1.000000
0 429 0.192969 0.483300 0.084896 0.185223 0.000000 0.001012 1.000000
0 430 0.191146 0.498482 0.090625 0.154858 -0.001823 0.015182 1.000000
0 431 0.191406 0.511134 0.089063 0.129555 0.000260 0.012652 1.000000
0 432 0.194010 0.513158 0.084896 0.125506 0.002604 0.002024 1.000000
0 433 0.198177 0.516700 0.075521 0.120445 0.004167 0.003543 1.000000
0 434 0.197396 0.522267 0.075000 0.109312 -0.000781 0.005567 1.000000
0 435 0.190625 0.537955 0.087500 0.081984 -0.006771 0.015688 1.000000
0 436 0.189583 0.546053 0.088542 0.069838 -0.001042 0.008097 1.000000
0 437 0.189062 0.547571 0.089583 0.066802 -0.000521 0.001518 1.000000
0 438 0.188281 0.549089 0.089063 0.063765 -0.000781 0.001518 1.000000
0 439 0.187240 0.552126 0.088021 0.055668 -0.001042 0.003036 1.000000
0 440 0.184896 0.552632 0.084375 0.054656 -0.002344 0.000506 1.000000
0 441 0.183073 0.552632 0.082812 0.054656 -0.001823 0.000000 1.000000
0 442 0.180729 0.553644 0.078125 0.054656 -0.002344 0.001012 1.000000
0 443 0.176302 0.552632 0.074479 0.054656 -0.004427 -0.001012 1.000000
0 444 0.170833 0.552126 0.065625 0.055668 -0.005469 -0.000506 1.000000
0 445 0.165104 0.549089 0.058333 0.063765 -0.005729 -0.003036 1.000000
0 446 0.161979 0.544534 0.051042 0.070850 -0.003125 -0.004555 1.000000
0 447 0.161198 0.541498 0.046354 0.076923 -0.000781 -0.003036 1.000000
0 448 0.163021 0.538462 0.050000 0.082996 0.001823 -0.003036 1.000000
0 449 0.160156 0.535931 0.060937 0.088057 -0.002865 -0.002530 1.000000
0 450 0.148958 0.533907 0.060417 0.094130 -0.011198 -0.002024 1.000000
0 451 0.145573 0.532895 0.050521 0.096154 -0.003385 -0.001012 1.000000
0 452 0.143229 0.532895 0.046875 0.100202 -0.002344 0.000000 1.000000
0 453 0.138021 0.531883 0.045833 0.102227 -0.005208 -0.001012 1.000000
0 454 0.133594 0.530364 0.044271 0.103239 -0.004427 -0.001518 1.000000
0 455 0.129948 0.528846 0.044271 0.108300 -0.003646 -0.001518 1.000000
0 456 0.125521 0.525304 0.052083 0.105263 -0.004427 -0.003543 1.000000
0 457 0.124479 0.526316 0.065625 0.109312 -0.001042 0.001012 1.000000
0 458 0.121094 0.526822 0.071354 0.112348 -0.003385 0.000506 1.000000
0 459 0.117188 0.527328 0.069792 0.113360 -0.003906 0.000506 1.000000
0 460 0.114844 0.523785 0.070312 0.108300 -0.002344 -0.003543 1.000000
0 461 0.114323 0.519231 0.066146 0.111336 -0.000521 -0.004555 1.000000
0 462 0.111458 0.517206 0.065625 0.115385 -0.002865 -0.002024 1.000000
0 463 0.109896 0.512146 0.063542 0.119433 -0.001563 -0.005061 1.000000
0 464 0.108073 0.507085 0.060937 0.123482 -0.001823 -0.005061 1.000000
0 465 0.107292 0.502024 0.062500 0.131579 -0.000781 -0.005061 1.000000
0 466 0.108594 0.494939 0.059896 0.147773 0.001302 -0.007085 1.000000
0 467 0.110156 0.491903 0.065104 0.153846 0.001563 -0.003036 1.000000
0 468 0.106510 0.489372 0.060937 0.158907 -0.003646 -0.002530 1.000000
0 469 0.105208 0.486842 0.058333 0.163968 -0.001302 -0.002530 1.000000
0 470 0.100781 0.485830 0.047396 0.168016 -0.004427 -0.001012 1.000000
0 471 0.090885 0.479757 0.034896 0.165992 -0.009896 -0.006073 1.000000
0 472 0.089323 0.479757 0.032813 0.165992 -0.001563 0.000000 1.000000
0 473 0.087240 0.479757 0.028646 0.165992 -0.002083 0.000000 1.000000
0 474 0.085677 0.481275 0.025521 0.169028 -0.001563 0.001518 1.000000
0 475 0.085417 0.489372 0.026042 0.185223 -0.000260 0.008097 1.000000
0 476 0.083333 0.492915 0.022917 0.192308 -0.002083 0.003543 1.000000
0 477 0.083854 0.491903 0.022917 0.194332 0.000521 -0.001012 1.000000
0 478 0.085156 0.491903 0.025521 0.194332 0.001302 0.000000 1.000000
0 479 0.085677 0.491903 0.026562 0.194332 0.000521 0.000000 1.000000
0 480 0.086979 0.490385 0.029167 0.195344 0.001302 -0.001518 1.000000
0 481 0.088021 0.489372 0.031250 0.199393 0.001042 -0.001012 1.000000
0 482 0.089583 0.489372 0.031250 0.199393 0.001563 0.000000 1.000000
0 483 0.090625 0.488866 0.033333 0.200405 0.001042 -0.000506 1.000000
0 484 0.091927 0.488866 0.034896 0.200405 0.001302 0.000000 1.000000
0 485 0.091146 0.488866 0.041667 0.200405 -0.000781 0.000000 1.000000
0 486 0.093229 0.488866 0.053125 0.200405 0.002083 0.000000 1.000000
0 487 0.095312 0.489372 0.058333 0.199393 0.002083 0.000506 1.000000
0 488 0.097396 0.491397 0.062500 0.195344 0.002083 0.002024 1.000000
0 489 0.099219 0.492915 0.065104 0.192308 0.001823 0.001518 1.000000
0 490 0.105729 0.492915 0.078125 0.192308 0.006510 0.000000 1.000000
0 491 0.114323 0.488866 0.085938 0.190283 0.008594 -0.004049 1.000000
0 492 0.117188 0.479251 0.090625 0.179150 0.002865 -0.009615 1.000000
0 493 0.119792 0.477227 0.090625 0.185223 0.002604 -0.002024 1.000000
0 494 0.121094 0.471660 0.093229 0.196356 0.001302 -0.005567 1.000000
0 495 0.123438 0.467611 0.097917 0.204453 0.002344 -0.004049 1.000000
0 496 0.128125 0.460020 0.101042 0.215587 0.004687 -0.007591 1.000000
0 497 0.130469 0.458502 0.101562 0.214575 0.002344 -0.001518 1.000000
0 498 0.132552 0.454453 0.101562 0.208502 0.002083 -0.004049 1.000000
0 499 0.134896 0.454453 0.100000 0.208502 0.002344 0.000000 1.000000
0 500 0.135937 0.457490 0.102083 0.204453 0.001042 0.003036 1.000000
0 501 0.139063 0.460020 0.102083 0.199393 0.003125 0.002530 1.000000
0 502 0.146354 0.466093 0.092708 0.187247 0.007292 0.006073 1.000000
0 503 0.151042 0.466093 0.084375 0.187247 0.004687 0.000000 1.000000
0 504 0.157292 0.465587 0.075000 0.190283 0.006250 -0.000506 1.000000
0 505 0.161719 0.465587 0.070312 0.190283 0.004427 0.000000 1.000000
0 506 0.161198 0.462045 0.071354 0.177126 -0.000521 -0.003543 1.000000
0 507 0.171875 0.467611 0.053125 0.172065 0.010677 0.005567 1.000000
0 508 0.173437 0.469130 0.052083 0.169028 0.001563 0.001518 1.000000
0 509 0.178906 0.468117 0.047396 0.167004 0.005469 -0.001012 1.000000
0 510 0.185417 0.467611 0.041667 0.165992 0.006510 -0.000506 1.000000
0 511 0.191146 0.460526 0.036458 0.161943 0.005729 -0.007085 1.000000
0 512 0.202604 0.463057 0.034375 0.175101 0.011458 0.002530 1.000000
0 513 0.204427 0.465587 0.033854 0.178138 0.001823 0.002530 1.000000
0 514 0.205469 0.469636 0.038021 0.178138 0.001042 0.004049 1.000000
0 515 0.207552 0.472166 0.040104 0.177126 0.002083 0.002530 1.000000
0 516 0.207813 0.472166 0.048958 0.177126 0.000260 0.000000 1.000000
0 517 0.205469 0.466093 0.043229 0.191296 -0.002344 -0.006073 1.000000
0 518 0.202865 0.461032 0.041146 0.195344 -0.002604 -0.005061 1.000000
0 519 0.204427 0.450405 0.040104 0.186235 0.001563 -0.010628 1.000000
0 520 0.207031 0.441296 0.039062 0.198381 0.002604 -0.009109 1.000000
0 521 0.210156 0.427126 0.040104 0.218623 0.003125 -0.014170 1.000000
0 522 0.209375 0.424089 0.042708 0.226721 -0.000781 -0.003036 1.000000
0 523 0.212500 0.428644 0.042708 0.229757 0.003125 0.004555 1.000000
0 524 0.216667 0.436235 0.046875 0.238866 0.004167 0.007591 1.000000
0 525 0.215625 0.447368 0.053125 0.253036 -0.001042 0.011134 1.000000
0 526 0.212760 0.455466 0.055729 0.248988 -0.002865 0.008097 1.000000
0 527 0.210417 0.490385 0.052083 0.205466 -0.002344 0.034919 1.000000
0 528 0.210677 0.491903 0.052604 0.202429 0.000260 0.001518 1.000000
0 529 0.211198 0.492915 0.047396 0.200405 0.000521 0.001012 1.000000
0 530 0.208854 0.492915 0.039583 0.200405 -0.002344 0.000000 1.000000
0 531 0.207552 0.491903 0.040104 0.202429 -0.001302 -0.001012 1.000000
0 532 0.203906 0.487348 0.042188 0.193320 -0.003646 -0.004555 1.000000
0 533 0.201042 0.489372 0.042708 0.189271 -0.002865 0.002024 1.000000
0 534 0.197656 0.492409 0.043229 0.183198 -0.003385 0.003036 1.000000
0 535 0.192448 0.500506 0.041146 0.169028 -0.005208 0.008097 1.000000
0 536 0.183594 0.503543 0.051562 0.150810 -0.008854 0.003036 1.000000
0 537 0.174219 0.513664 0.073438 0.130567 -0.009375 0.010121 1.000000
0 538 0.172135 0.517713 0.075521 0.128543 -0.002083 0.004049 1.000000
0 539 0.171354 0.518725 0.075000 0.128543 -0.000781 0.001012 1.000000
0 540 0.170573 0.516700 0.073438 0.132591 -0.000781 -0.002024 1.000000
0 541 0.170313 0.512146 0.072917 0.141700 -0.000260 -0.004555 1.000000
0 542 0.169792 0.506073 0.071875 0.151822 -0.000521 -0.006073 1.000000
0 543 0.163281 0.494433 0.058854 0.177126 -0.006510 -0.011640 1.000000
0 544 0.161979 0.489372 0.057292 0.187247 -0.001302 -0.005061 1.000000
0 545 0.151302 0.485324 0.033854 0.197368 -0.010677 -0.004049 1.000000
0 546 0.147396 0.481781 0.033333 0.204453 -0.003906 -0.003543 1.000000
0 547 0.145573 0.479251 0.033854 0.207490 -0.001823 -0.002530 1.000000
0 548 0.143229 0.477227 0.036458 0.203441 -0.002344 -0.002024 1.000000
0 549 0.137240 0.479757 0.048438 0.200405 -0.005990 0.002530 1.000000
0 550 0.132812 0.482794 0.056250 0.192308 -0.004427 0.003036 1.000000
0 551 0.128385 0.486336 0.064062 0.185223 -0.004427 0.003543 1.000000
0 552 0.124479 0.485830 0.069792 0.184211 -0.003906 -0.000506 1.000000
0 553 0.119010 0.491397 0.072396 0.173077 -0.005469 0.005567 1.000000
0 554 0.117448 0.501012 0.069271 0.163968 -0.001563 0.009615 1.000000
0 555 0.117708 0.507085 0.069792 0.149798 0.000260 0.006073 1.000000
0 556 0.118229 0.514170 0.071875 0.137652 0.000521 0.007085 1.000000
0 557 0.117188 0.516700 0.069792 0.130567 -0.001042 0.002530 1.000000
0 558 0.115885 0.516700 0.067187 0.130567 -0.001302 0.000000 1.000000
0 559 0.114323 0.516194 0.064062 0.131579 -0.001563 -0.000506 1.000000
0 560 0.115104 0.514170 0.065625 0.137652 0.000781 -0.002024 1.000000
0 561 0.114062 0.511134 0.063542 0.143725 -0.001042 -0.003036 1.000000
0 562 0.113281 0.507085 0.063021 0.151822 -0.000781 -0.004049 1.000000
0 563 0.110937 0.497976 0.064583 0.170040 -0.002344 -0.009109 1.000000
0 564 0.104948 0.495445 0.075521 0.177126 -0.005990 -0.002530 1.000000
0 565 0.102344 0.490891 0.080729 0.184211 -0.002604 -0.004555 1.000000
0 566 0.102083 0.489372 0.080208 0.189271 -0.000260 -0.001518 1.000000
0 567 0.104948 0.478239 0.074479 0.211538 0.002865 -0.011134 1.000000
0 568 0.110156 0.463563 0.064062 0.240891 0.005208 -0.014676 1.000000
0 569 0.109635 0.457996 0.061979 0.254049 -0.000521 -0.005567 1.000000
0 570 0.109375 0.461538 0.061458 0.244939 -0.000260 0.003543 1.000000
0 571 0.109635 0.466599 0.060937 0.236842 0.000260 0.005061 1.000000
0 572 0.110677 0.475709 0.058854 0.218623 0.001042 0.009109 1.000000
0 573 0.116146 0.487348 0.069792 0.189271 0.005469 0.011640 1.000000
0 574 0.116667 0.488360 0.070833 0.187247 0.000521 0.001012 1.000000
0 575 0.115104 0.489879 0.067708 0.184211 -0.001563 0.001518 1.000000
0 576 0.111979 0.489879 0.061458 0.184211 -0.003125 0.000000 1.000000
0 577 0.113281 0.490385 0.063021 0.185223 0.001302 0.000506 1.000000
0 578 0.116406 0.485830 0.057813 0.182186 0.003125 -0.004555 1.000000
0 579 0.118229 0.485830 0.054167 0.182186 0.001823 0.000000 1.000000
0 580 0.120313 0.483806 0.048958 0.184211 0.002083 -0.002024 1.000000
0 581 0.122135 0.484312 0.045312 0.185223 0.001823 0.000506 1.000000
0 582 0.123177 0.476215 0.046354 0.199393 0.001042 -0.008097 1.000000
0 583 0.125260 0.468117 0.046354 0.215587 0.002083 -0.008097 1.000000
0 584 0.125000 0.462551 0.050000 0.226721 -0.000260 -0.005567 1.000000
0 585 0.124740 0.461538 0.050521 0.228745 -0.000260 -0.001012 1.000000
0 586 0.124479 0.462045 0.050000 0.229757 -0.000260 0.000506 1.000000
0 587 0.126823 0.462551 0.052604 0.228745 0.002344 0.000506 1.000000
0 588 0.125781 0.461538 0.051562 0.228745 -0.001042 -0.001012 1.000000
0 589 0.126562 0.463563 0.054167 0.226721 0.000781 0.002024 1.000000
0 590 0.125781 0.469130 0.050521 0.215587 -0.000781 0.005567 1.000000
0 591 0.124479 0.473684 0.045833 0.208502 -0.001302 0.004555 1.000000
0 592 0.123698 0.481275 0.043229 0.205466 -0.000781 0.007591 1.000000
0 593 0.124219 0.489879 0.041146 0.190283 0.000521 0.008603 1.000000
0 594 0.122917 0.492409 0.042708 0.185223 -0.001302 0.002530 1.000000
0 595 0.122656 0.495445 0.041146 0.189271 -0.000260 0.003036 1.000000
0 596 0.121354 0.495951 0.042708 0.188259 -0.001302 0.000506 1.000000
0 597 0.118229 0.495951 0.041667 0.190283 -0.003125 0.000000 1.000000
0 598 0.115885 0.494433 0.041146 0.191296 -0.002344 -0.001518 1.000000
0 599 0.111458 0.495951 0.039583 0.192308 -0.004427 0.001518 1.000000
0 600 0.110156 0.492915 0.041146 0.186235 -0.001302 -0.003036 1.000000
0 601 0.108073 0.494939 0.049479 0.186235 -0.002083 0.002024 1.000000
0 602 0.108073 0.494939 0.053646 0.192308 0.000000 0.000000 1.000000
0 603 0.109375 0.492915 0.052083 0.198381 0.001302 -0.002024 1.000000
