0 1 0.769141 0.655556 0.027344 0.163889 1.000000
0 2 0.768750 0.655556 0.026562 0.163889 1.000000
0 3 0.768359 0.655556 0.025781 0.163889 1.000000
0 4 0.769141 0.655556 0.027344 0.163889 1.000000
0 5 0.768359 0.655556 0.025781 0.163889 1.000000
0 6 0.767578 0.656250 0.024219 0.165278 1.000000
0 7 0.767969 0.656250 0.025000 0.165278 1.000000
0 8 0.767969 0.656250 0.025000 0.165278 1.000000
0 9 0.767969 0.656250 0.025000 0.165278 1.000000
0 10 0.767969 0.656250 0.025000 0.165278 1.000000
0 11 0.767969 0.656250 0.025000 0.165278 1.000000
0 12 0.767578 0.656250 0.024219 0.165278 1.000000
0 13 0.767188 0.656250 0.023438 0.165278 1.000000
0 14 0.767188 0.656250 0.023438 0.165278 1.000000
0 15 0.767188 0.656944 0.023438 0.166667 1.000000
0 16 0.767188 0.656944 0.023438 0.166667 1.000000
0 17 0.766797 0.656944 0.022656 0.166667 1.000000
0 18 0.766797 0.656944 0.022656 0.166667 1.000000
0 19 0.766406 0.656944 0.021875 0.166667 1.000000
0 20 0.765625 0.656944 0.021875 0.166667 1.000000
0 21 0.765625 0.656944 0.021875 0.166667 1.000000
0 22 0.765234 0.656944 0.021094 0.166667 1.000000
0 23 0.764453 0.656944 0.021094 0.166667 1.000000
0 24 0.764453 0.656944 0.021094 0.166667 1.000000
0 25 0.764453 0.656944 0.021094 0.166667 1.000000
0 26 0.764453 0.656944 0.021094 0.166667 1.000000
0 27 0.764453 0.656944 0.021094 0.166667 1.000000
0 28 0.764453 0.656944 0.021094 0.166667 1.000000
0 29 0.764453 0.656944 0.021094 0.166667 1.000000
0 30 0.764062 0.656944 0.021875 0.166667 1.000000
0 31 0.763672 0.657639 0.021094 0.165278 1.000000
0 32 0.763672 0.657639 0.021094 0.165278 1.000000
0 33 0.763672 0.657639 0.021094 0.165278 1.000000
0 34 0.763281 0.657639 0.021875 0.165278 1.000000
0 35 0.763281 0.657639 0.021875 0.165278 1.000000
0 36 0.763281 0.657639 0.021875 0.165278 1.000000
0 37 0.763281 0.657639 0.021875 0.165278 1.000000
0 38 0.763281 0.658333 0.021875 0.166667 1.000000
0 39 0.763281 0.658333 0.021875 0.166667 1.000000
0 40 0.763281 0.658333 0.021875 0.166667 1.000000
0 41 0.762500 0.658333 0.021875 0.166667 1.000000
0 42 0.762500 0.658333 0.021875 0.166667 1.000000
0 43 0.762500 0.658333 0.021875 0.166667 1.000000
0 44 0.762500 0.658333 0.021875 0.166667 1.000000
0 45 0.762500 0.658333 0.021875 0.166667 1.000000
0 46 0.762500 0.658333 0.021875 0.166667 1.000000
0 47 0.762109 0.658333 0.022656 0.166667 1.000000
0 48 0.762109 0.658333 0.022656 0.166667 1.000000
0 49 0.762109 0.659028 0.022656 0.168056 1.000000
0 50 0.762109 0.659028 0.022656 0.168056 1.000000
0 51 0.762109 0.659028 0.022656 0.168056 1.000000
0 52 0.762109 0.659028 0.022656 0.168056 1.000000
0 53 0.762109 0.659028 0.022656 0.168056 1.000000
0 54 0.761719 0.659028 0.023438 0.168056 1.000000
0 55 0.761719 0.659028 0.023438 0.168056 1.000000
0 56 0.761719 0.659028 0.023438 0.168056 1.000000
0 57 0.761719 0.659028 0.021875 0.168056 1.000000
0 58 0.761719 0.659028 0.021875 0.168056 1.000000
0 59 0.761719 0.659722 0.021875 0.166667 1.000000
0 60 0.761719 0.659722 0.021875 0.166667 1.000000
0 61 0.761719 0.659722 0.021875 0.166667 1.000000
0 62 0.761719 0.659722 0.021875 0.166667 1.000000
0 63 0.761719 0.659722 0.021875 0.166667 1.000000
0 64 0.761719 0.659722 0.021875 0.166667 1.000000
0 65 0.761719 0.659722 0.021875 0.166667 1.000000
0 66 0.761719 0.659722 0.021875 0.166667 1.000000
0 67 0.762109 0.659722 0.022656 0.166667 1.000000
0 68 0.762109 0.659028 0.022656 0.165278 1.000000
0 69 0.762109 0.659028 0.022656 0.165278 1.000000
0 70 0.762109 0.659028 0.022656 0.165278 1.000000
0 71 0.761719 0.659028 0.021875 0.165278 1.000000
0 72 0.761719 0.659028 0.021875 0.165278 1.000000
0 73 0.761719 0.659028 0.021875 0.165278 1.000000
0 74 0.761719 0.659028 0.021875 0.165278 1.000000
0 75 0.761719 0.659028 0.021875 0.165278 1.000000
0 76 0.761328 0.659722 0.022656 0.163889 1.000000
0 77 0.761719 0.659722 0.023438 0.163889 1.000000
0 78 0.761719 0.659722 0.023438 0.163889 1.000000
0 79 0.761719 0.659722 0.025000 0.163889 1.000000
0 80 0.761719 0.659722 0.025000 0.163889 1.000000
0 81 0.760938 0.659722 0.025000 0.163889 1.000000
0 82 0.760547 0.659722 0.025781 0.163889 1.000000
0 83 0.760547 0.660417 0.025781 0.162500 1.000000
0 84 0.759766 0.660417 0.025781 0.162500 1.000000
0 85 0.758594 0.660417 0.026562 0.162500 1.000000
0 86 0.757812 0.660417 0.026562 0.162500 1.000000
0 87 0.757031 0.660417 0.026562 0.162500 1.000000
0 88 0.755859 0.660417 0.025781 0.162500 1.000000
0 89 0.754297 0.660417 0.027344 0.162500 1.000000
0 90 0.752344 0.660417 0.026562 0.162500 1.000000
0 91 0.750781 0.660417 0.026562 0.159722 1.000000
0 92 0.749219 0.660417 0.026562 0.159722 1.000000
0 93 0.747656 0.660417 0.026562 0.159722 1.000000
0 94 0.745703 0.660417 0.027344 0.159722 1.000000
0 95 0.743750 0.660417 0.028125 0.159722 1.000000
0 96 0.740625 0.660417 0.028125 0.159722 1.000000
0 97 0.737500 0.660417 0.028125 0.159722 1.000000
0 98 0.734375 0.660417 0.028125 0.159722 1.000000
0 99 0.730859 0.659028 0.030469 0.162500 1.000000
0 100 0.727734 0.659722 0.032031 0.161111 1.000000
0 101 0.724609 0.659722 0.032031 0.161111 1.000000
0 102 0.722266 0.659722 0.032031 0.161111 1.000000
0 103 0.718750 0.659722 0.032813 0.161111 1.000000
0 104 0.716016 0.659722 0.032031 0.161111 1.000000
0 105 0.713672 0.659722 0.032031 0.161111 1.000000
0 106 0.710938 0.659722 0.031250 0.161111 1.000000
0 107 0.708203 0.660417 0.030469 0.162500 1.000000
0 108 0.705078 0.660417 0.030469 0.162500 1.000000
0 109 0.702344 0.660417 0.029687 0.162500 1.000000
0 110 0.700000 0.661806 0.029687 0.165278 1.000000
0 111 0.696875 0.661806 0.029687 0.165278 1.000000
0 112 0.693359 0.661806 0.030469 0.165278 1.000000
0 113 0.691016 0.661806 0.030469 0.165278 1.000000
0 114 0.687891 0.662500 0.030469 0.163889 1.000000
0 115 0.684766 0.663194 0.032031 0.165278 1.000000
0 116 0.682031 0.663194 0.032813 0.165278 1.000000
0 117 0.678906 0.663194 0.032813 0.165278 1.000000
0 118 0.675000 0.663889 0.035937 0.166667 1.000000
0 119 0.671875 0.663889 0.035937 0.166667 1.000000
0 120 0.667969 0.665278 0.037500 0.166667 1.000000
0 121 0.663281 0.665278 0.039062 0.166667 1.000000
0 122 0.658984 0.665278 0.039844 0.166667 1.000000
0 123 0.653906 0.665278 0.037500 0.166667 1.000000
0 124 0.650000 0.666667 0.035937 0.169444 1.000000
0 125 0.644141 0.666667 0.035156 0.169444 1.000000
0 126 0.637891 0.667361 0.035156 0.170833 1.000000
0 127 0.631641 0.667361 0.033594 0.170833 1.000000
0 128 0.620313 0.667361 0.042188 0.170833 1.000000
0 129 0.612500 0.667361 0.040625 0.170833 1.000000
0 130 0.604297 0.668056 0.039844 0.172222 1.000000
0 131 0.592969 0.667361 0.037500 0.170833 1.000000
0 132 0.584375 0.666667 0.031250 0.169444 1.000000
0 133 0.574609 0.667361 0.027344 0.170833 1.000000
0 134 0.560937 0.668056 0.028125 0.172222 1.000000
0 135 0.547266 0.668750 0.028906 0.170833 1.000000
0 136 0.532813 0.668750 0.029687 0.170833 1.000000
0 137 0.514844 0.670139 0.031250 0.170833 1.000000
0 138 0.496875 0.670833 0.031250 0.172222 1.000000
0 139 0.477734 0.671528 0.032031 0.173611 1.000000
0 140 0.457031 0.672917 0.032813 0.173611 1.000000
0 141 0.435156 0.675000 0.034375 0.175000 1.000000
0 142 0.417187 0.675694 0.042188 0.176389 1.000000
0 143 0.395313 0.677083 0.040625 0.179167 1.000000
0 144 0.374609 0.681250 0.039844 0.179167 1.000000
0 145 0.353906 0.681250 0.042188 0.181944 1.000000
0 146 0.336328 0.682639 0.044531 0.181944 1.000000
0 147 0.316406 0.685417 0.040625 0.184722 1.000000
0 148 0.298828 0.685417 0.041406 0.184722 1.000000
0 149 0.282422 0.688889 0.039844 0.186111 1.000000
0 150 0.267969 0.691667 0.037500 0.186111 1.000000
0 151 0.253516 0.693056 0.042969 0.188889 1.000000
0 152 0.242188 0.695139 0.040625 0.190278 1.000000
0 153 0.236719 0.695833 0.037500 0.191667 1.000000
0 154 0.230078 0.696528 0.036719 0.193056 1.000000
0 155 0.223828 0.697222 0.035156 0.194444 1.000000
0 156 0.219141 0.698611 0.033594 0.197222 1.000000
0 157 0.216797 0.698611 0.032031 0.197222 1.000000
0 158 0.215234 0.699306 0.032031 0.198611 1.000000
0 159 0.214844 0.699306 0.032813 0.198611 1.000000
0 160 0.215625 0.699306 0.032813 0.198611 1.000000
0 161 0.217578 0.698611 0.033594 0.200000 1.000000
0 162 0.220312 0.697222 0.035937 0.197222 1.000000
0 163 0.224219 0.696528 0.035937 0.198611 1.000000
0 164 0.228906 0.695139 0.035937 0.198611 1.000000
0 165 0.234766 0.693750 0.035156 0.198611 1.000000
0 166 0.241797 0.691667 0.036719 0.197222 1.000000
0 167 0.248438 0.690278 0.037500 0.194444 1.000000
0 168 0.255859 0.688889 0.036719 0.194444 1.000000
0 169 0.263672 0.687500 0.039844 0.191667 1.000000
0 170 0.272266 0.687500 0.039844 0.191667 1.000000
0 171 0.279687 0.687500 0.035937 0.188889 1.000000
0 172 0.286719 0.688194 0.037500 0.190278 1.000000
0 173 0.294531 0.690278 0.037500 0.188889 1.000000
0 174 0.303125 0.690278 0.039062 0.186111 1.000000
0 175 0.311719 0.690972 0.037500 0.187500 1.000000
0 176 0.317578 0.692361 0.036719 0.187500 1.000000
0 177 0.321484 0.693750 0.038281 0.187500 1.000000
0 178 0.326953 0.693056 0.041406 0.186111 1.000000
0 179 0.332422 0.693750 0.041406 0.187500 1.000000
0 180 0.336719 0.693056 0.039062 0.188889 1.000000
0 181 0.341797 0.693056 0.036719 0.188889 1.000000
0 182 0.346094 0.693750 0.037500 0.190278 1.000000
0 183 0.351953 0.692361 0.036719 0.193056 1.000000
0 184 0.356641 0.690972 0.039844 0.193056 1.000000
0 185 0.358594 0.690278 0.043750 0.188889 1.000000
0 186 0.357422 0.690972 0.046094 0.190278 1.000000
0 187 0.357031 0.693056 0.048438 0.188889 1.000000
0 188 0.358594 0.695139 0.051562 0.190278 1.000000
0 189 0.361719 0.695833 0.051562 0.188889 1.000000
0 190 0.364844 0.698611 0.048438 0.188889 1.000000
0 191 0.367188 0.698611 0.048438 0.188889 1.000000
0 192 0.370312 0.698611 0.048438 0.188889 1.000000
0 193 0.373437 0.698611 0.050000 0.188889 1.000000
0 194 0.375781 0.697917 0.051562 0.190278 1.000000
0 195 0.378125 0.697222 0.053125 0.191667 1.000000
0 196 0.378125 0.697222 0.048438 0.191667 1.000000
0 197 0.380469 0.698611 0.050000 0.191667 1.000000
0 198 0.382031 0.699306 0.050000 0.190278 1.000000
0 199 0.384766 0.700694 0.052344 0.190278 1.000000
0 200 0.385547 0.702778 0.047656 0.188889 1.000000
0 201 0.386328 0.702778 0.047656 0.188889 1.000000
0 202 0.387109 0.700694 0.047656 0.184722 1.000000
0 203 0.388672 0.700694 0.046094 0.184722 1.000000
0 204 0.388672 0.699306 0.046094 0.184722 1.000000
0 205 0.389453 0.696528 0.049219 0.181944 1.000000
0 206 0.391406 0.695139 0.056250 0.181944 1.000000
0 207 0.392578 0.696528 0.061719 0.181944 1.000000
0 208 0.396875 0.697917 0.067187 0.179167 1.000000
0 209 0.400781 0.699306 0.068750 0.176389 1.000000
0 210 0.407031 0.700000 0.068750 0.169444 1.000000
0 211 0.414844 0.704167 0.068750 0.166667 1.000000
0 212 0.423438 0.704861 0.068750 0.162500 1.000000
0 213 0.435156 0.702083 0.071875 0.154167 1.000000
0 214 0.446094 0.702083 0.071875 0.154167 1.000000
0 215 0.457422 0.700694 0.067969 0.154167 1.000000
0 216 0.469141 0.699306 0.067969 0.154167 1.000000
0 217 0.480469 0.697917 0.065625 0.154167 1.000000
0 218 0.490234 0.698611 0.064844 0.155556 1.000000
0 219 0.499219 0.700694 0.060937 0.159722 1.000000
0 220 0.508984 0.704167 0.060156 0.163889 1.000000
0 221 0.517578 0.704167 0.061719 0.166667 1.000000
0 222 0.521875 0.704167 0.060937 0.166667 1.000000
0 223 0.525781 0.704167 0.059375 0.166667 1.000000
0 224 0.529687 0.702778 0.059375 0.166667 1.000000
0 225 0.532422 0.702083 0.057031 0.168056 1.000000
0 226 0.533594 0.700694 0.056250 0.170833 1.000000
0 227 0.534375 0.700694 0.054688 0.170833 1.000000
0 228 0.528906 0.700694 0.042188 0.170833 1.000000
0 229 0.528125 0.705556 0.039062 0.180556 1.000000
0 230 0.526563 0.707639 0.035937 0.184722 1.000000
0 231 0.525781 0.711806 0.034375 0.190278 1.000000
0 232 0.525781 0.713889 0.034375 0.188889 1.000000
0 233 0.525781 0.715278 0.034375 0.188889 1.000000
0 234 0.525000 0.715972 0.035937 0.187500 1.000000
0 235 0.524219 0.717361 0.035937 0.190278 1.000000
0 236 0.523438 0.717361 0.035937 0.190278 1.000000
0 237 0.523828 0.717361 0.033594 0.190278 1.000000
0 238 0.524609 0.717361 0.033594 0.190278 1.000000
0 239 0.525000 0.716667 0.035937 0.188889 1.000000
0 240 0.523438 0.716667 0.035937 0.188889 1.000000
0 241 0.522266 0.715278 0.038281 0.186111 1.000000
0 242 0.520703 0.715972 0.041406 0.184722 1.000000
0 243 0.517969 0.719444 0.043750 0.188889 1.000000
0 244 0.515625 0.720833 0.045312 0.191667 1.000000
0 245 0.516406 0.723611 0.048438 0.194444 1.000000
0 246 0.513281 0.723611 0.048438 0.194444 1.000000
