0 1 0.585547 0.596528 0.047656 0.145833 0.000000 0.000000 1.000000
0 2 0.592187 0.595833 0.046875 0.147222 0.006641 -0.000694 1.000000
0 3 0.599219 0.594444 0.048438 0.150000 0.007031 -0.001389 1.000000
0 4 0.607031 0.594444 0.046875 0.152778 0.007812 0.000000 1.000000
0 5 0.615625 0.592361 0.045312 0.154167 0.008594 -0.002083 1.000000
0 6 0.623437 0.590972 0.043750 0.159722 0.007812 -0.001389 1.000000
0 7 0.632422 0.589583 0.041406 0.159722 0.008984 -0.001389 1.000000
0 8 0.641406 0.587500 0.040625 0.163889 0.008984 -0.002083 1.000000
0 9 0.650000 0.588889 0.039062 0.163889 0.008594 0.001389 1.000000
0 10 0.658984 0.586111 0.038281 0.169444 0.008984 -0.002778 1.000000
0 11 0.667969 0.586111 0.035937 0.169444 0.008984 0.000000 1.000000
0 12 0.677734 0.587500 0.033594 0.169444 0.009766 0.001389 1.000000
0 13 0.687109 0.585417 0.032031 0.173611 0.009375 -0.002083 1.000000
0 14 0.694922 0.585417 0.033594 0.173611 0.007812 0.000000 1.000000
0 15 0.703906 0.585417 0.034375 0.173611 0.008984 0.000000 1.000000
0 16 0.712109 0.586806 0.033594 0.173611 0.008203 0.001389 1.000000
0 17 0.721484 0.588194 0.038281 0.173611 0.009375 0.001389 1.000000
0 18 0.730859 0.588194 0.044531 0.173611 0.009375 0.000000 1.000000
0 19 0.740234 0.588194 0.046094 0.173611 0.009375 0.000000 1.000000
0 20 0.750391 0.588194 0.050781 0.173611 0.010156 0.000000 1.000000
0 21 0.758594 0.589583 0.053125 0.173611 0.008203 0.001389 1.000000
0 22 0.766016 0.590972 0.055469 0.173611 0.007422 0.001389 1.000000
0 23 0.773047 0.590972 0.055469 0.173611 0.007031 0.000000 1.000000
0 24 0.778906 0.589583 0.056250 0.173611 0.005859 -0.001389 1.000000
0 25 0.785937 0.592361 0.056250 0.173611 0.007031 0.002778 1.000000
0 26 0.795312 0.592361 0.050000 0.176389 0.009375 0.000000 1.000000
0 27 0.805859 0.595139 0.044531 0.179167 0.010547 0.002778 1.000000
0 28 0.816797 0.596528 0.035156 0.179167 0.010937 0.001389 1.000000
0 29 0.823828 0.598611 0.030469 0.183333 0.007031 0.002083 1.000000
0 30 0.828516 0.600694 0.036719 0.187500 0.004687 0.002083 1.000000
0 31 0.834375 0.602778 0.048438 0.186111 0.005859 0.002083 1.000000
0 32 0.837891 0.604861 0.055469 0.187500 0.003516 0.002083 1.000000
0 33 0.842187 0.605556 0.062500 0.186111 0.004297 0.000694 1.000000
0 34 0.844141 0.606944 0.066406 0.188889 0.001953 0.001389 1.000000
0 35 0.846875 0.608333 0.064062 0.186111 0.002734 0.001389 1.000000
0 36 0.851953 0.608333 0.064844 0.186111 0.005078 0.000000 1.000000
0 37 0.857422 0.608333 0.064844 0.186111 0.005469 0.000000 1.000000
0 38 0.863672 0.608333 0.058594 0.186111 0.006250 0.000000 1.000000
0 39 0.871094 0.608333 0.051562 0.186111 0.007422 0.000000 1.000000
0 40 0.870313 0.609028 0.051562 0.187500 -0.000781 0.000694 1.000000
0 41 0.873828 0.609028 0.049219 0.187500 0.003516 0.000000 1.000000
0 42 0.878125 0.609028 0.050000 0.187500 0.004297 0.000000 1.000000
0 43 0.879297 0.609028 0.052344 0.187500 0.001172 0.000000 1.000000
0 44 0.881250 0.610417 0.057813 0.184722 0.001953 0.001389 1.000000
0 45 0.883203 0.612500 0.063281 0.183333 0.001953 0.002083 1.000000
0 46 0.882422 0.613194 0.064844 0.181944 -0.000781 0.000694 1.000000
0 47 0.882422 0.614583 0.064844 0.179167 0.000000 0.001389 1.000000
0 48 0.882031 0.613194 0.062500 0.179167 -0.000391 -0.001389 1.000000
0 49 0.882422 0.614583 0.061719 0.179167 0.000391 0.001389 1.000000
0 50 0.885156 0.614583 0.054688 0.181944 0.002734 0.000000 1.000000
0 51 0.887891 0.615972 0.046094 0.181944 0.002734 0.001389 1.000000
0 52 0.889844 0.616667 0.040625 0.186111 0.001953 0.000694 1.000000
0 53 0.889453 0.616667 0.039844 0.186111 -0.000391 0.000000 1.000000
0 54 0.888672 0.618056 0.038281 0.188889 -0.000781 0.001389 1.000000
0 55 0.890625 0.619444 0.042188 0.188889 0.001953 0.001389 1.000000
0 56 0.891016 0.621528 0.042969 0.190278 0.000391 0.002083 1.000000
0 57 0.891016 0.622222 0.042969 0.188889 0.000000 0.000694 1.000000
0 58 0.889844 0.622917 0.040625 0.187500 -0.001172 0.000694 1.000000
0 59 0.887891 0.623611 0.039844 0.186111 -0.001953 0.000694 1.000000
0 60 0.887891 0.623611 0.039844 0.186111 0.000000 0.000000 1.000000
0 61 0.886328 0.622917 0.039844 0.184722 -0.001563 -0.000694 1.000000
0 62 0.885938 0.623611 0.039062 0.183333 -0.000391 0.000694 1.000000
0 63 0.884375 0.623611 0.039062 0.183333 -0.001563 0.000000 1.000000
0 64 0.883594 0.623611 0.037500 0.183333 -0.000781 0.000000 1.000000
0 65 0.882031 0.623611 0.039062 0.183333 -0.001563 0.000000 1.000000
0 66 0.880469 0.623611 0.039062 0.183333 -0.001563 0.000000 1.000000
0 67 0.878906 0.623611 0.039062 0.183333 -0.001563 0.000000 1.000000
0 68 0.877344 0.624306 0.039062 0.179167 -0.001563 0.000694 1.000000
0 69 0.875781 0.624306 0.039062 0.179167 -0.001563 0.000000 1.000000
0 70 0.873828 0.625694 0.041406 0.176389 -0.001953 0.001389 1.000000
0 71 0.872266 0.625694 0.041406 0.176389 -0.001563 0.000000 1.000000
0 72 0.871484 0.626389 0.041406 0.175000 -0.000781 0.000694 1.000000
0 73 0.869922 0.627778 0.042969 0.172222 -0.001563 0.001389 1.000000
0 74 0.868359 0.629167 0.042969 0.169444 -0.001563 0.001389 1.000000
0 75 0.866406 0.629167 0.042188 0.166667 -0.001953 0.000000 1.000000
0 76 0.865625 0.629167 0.040625 0.166667 -0.000781 0.000000 1.000000
0 77 0.864062 0.629167 0.040625 0.166667 -0.001563 0.000000 1.000000
0 78 0.862500 0.627778 0.039062 0.169444 -0.001563 -0.001389 1.000000
0 79 0.860156 0.625000 0.039062 0.169444 -0.002344 -0.002778 1.000000
0 80 0.857031 0.622222 0.042188 0.175000 -0.003125 -0.002778 1.000000
0 81 0.855469 0.619444 0.042188 0.177778 -0.001563 -0.002778 1.000000
0 82 0.853125 0.615972 0.045312 0.176389 -0.002344 -0.003472 1.000000
0 83 0.852344 0.611806 0.045312 0.173611 -0.000781 -0.004167 1.000000
0 84 0.852344 0.605556 0.045312 0.172222 0.000000 -0.006250 1.000000
0 85 0.851562 0.600000 0.045312 0.166667 -0.000781 -0.005556 1.000000
0 86 0.851562 0.593750 0.045312 0.162500 0.000000 -0.006250 1.000000
0 87 0.852734 0.588889 0.042969 0.155556 0.001172 -0.004861 1.000000
0 88 0.852344 0.584722 0.042188 0.152778 -0.000391 -0.004167 1.000000
0 89 0.852344 0.584722 0.040625 0.152778 0.000000 0.000000 1.000000
0 90 0.851953 0.584722 0.039844 0.152778 -0.000391 0.000000 1.000000
0 91 0.851562 0.584722 0.037500 0.152778 -0.000391 0.000000 1.000000
0 92 0.850781 0.585417 0.037500 0.151389 -0.000781 0.000694 1.000000
0 93 0.850000 0.585417 0.037500 0.151389 -0.000781 0.000000 1.000000
0 94 0.849219 0.584722 0.039062 0.150000 -0.000781 -0.000694 1.000000
0 95 0.848047 0.583333 0.039844 0.147222 -0.001172 -0.001389 1.000000
0 96 0.847266 0.583333 0.041406 0.147222 -0.000781 0.000000 1.000000
0 97 0.846094 0.583333 0.045312 0.147222 -0.001172 0.000000 1.000000
0 98 0.844141 0.583333 0.049219 0.147222 -0.001953 0.000000 1.000000
0 99 0.843359 0.581944 0.050781 0.150000 -0.000781 -0.001389 1.000000
0 100 0.843359 0.581250 0.050781 0.151389 0.000000 -0.000694 1.000000
0 101 0.844141 0.579861 0.049219 0.154167 0.000781 -0.001389 1.000000
0 102 0.843359 0.579167 0.049219 0.155556 -0.000781 -0.000694 1.000000
0 103 0.844141 0.577778 0.047656 0.158333 0.000781 -0.001389 1.000000
0 104 0.844141 0.577778 0.047656 0.163889 0.000000 0.000000 1.000000
0 105 0.844531 0.576389 0.045312 0.166667 0.000391 -0.001389 1.000000
0 106 0.844922 0.576389 0.042969 0.166667 0.000391 0.000000 1.000000
0 107 0.845313 0.575694 0.040625 0.170833 0.000391 -0.000694 1.000000
0 108 0.846094 0.574306 0.039062 0.173611 0.000781 -0.001389 1.000000
0 109 0.847656 0.573611 0.039062 0.175000 0.001563 -0.000694 1.000000
0 110 0.848828 0.572917 0.036719 0.176389 0.001172 -0.000694 1.000000
0 111 0.848828 0.572917 0.036719 0.176389 0.000000 0.000000 1.000000
0 112 0.850000 0.572917 0.034375 0.176389 0.001172 0.000000 1.000000
0 113 0.850000 0.572222 0.034375 0.177778 0.000000 -0.000694 1.000000
0 114 0.849219 0.572222 0.032813 0.177778 -0.000781 0.000000 1.000000
0 115 0.848437 0.571528 0.031250 0.179167 -0.000781 -0.000694 1.000000
0 116 0.846094 0.571528 0.035937 0.179167 -0.002344 0.000000 1.000000
0 117 0.843359 0.571528 0.041406 0.179167 -0.002734 0.000000 1.000000
0 118 0.843359 0.572917 0.041406 0.179167 0.000000 0.001389 1.000000
0 119 0.842187 0.574306 0.040625 0.176389 -0.001172 0.001389 1.000000
0 120 0.841797 0.574306 0.039844 0.176389 -0.000391 0.000000 1.000000
0 121 0.841016 0.574306 0.038281 0.176389 -0.000781 0.000000 1.000000
0 122 0.840234 0.577778 0.036719 0.177778 -0.000781 0.003472 1.000000
0 123 0.839453 0.580556 0.035156 0.183333 -0.000781 0.002778 1.000000
0 124 0.838281 0.584722 0.032813 0.183333 -0.001172 0.004167 1.000000
0 125 0.835938 0.587500 0.034375 0.186111 -0.002344 0.002778 1.000000
0 126 0.834375 0.590278 0.034375 0.186111 -0.001563 0.002778 1.000000
0 127 0.833984 0.592361 0.033594 0.184722 -0.000391 0.002083 1.000000
0 128 0.833203 0.593750 0.033594 0.184722 -0.000781 0.001389 1.000000
0 129 0.833594 0.596528 0.034375 0.184722 0.000391 0.002778 1.000000
0 130 0.833594 0.597917 0.032813 0.181944 0.000000 0.001389 1.000000
0 131 0.834375 0.599306 0.031250 0.181944 0.000781 0.001389 1.000000
0 132 0.834766 0.597222 0.030469 0.180556 0.000391 -0.002083 1.000000
0 133 0.834766 0.597222 0.030469 0.180556 0.000000 0.000000 1.000000
0 134 0.834375 0.596528 0.029687 0.181944 -0.000391 -0.000694 1.000000
0 135 0.832812 0.595833 0.031250 0.183333 -0.001563 -0.000694 1.000000
0 136 0.832031 0.597917 0.032813 0.181944 -0.000781 0.002083 1.000000
0 137 0.830469 0.599306 0.035937 0.179167 -0.001563 0.001389 1.000000
0 138 0.828125 0.602778 0.042188 0.180556 -0.002344 0.003472 1.000000
0 139 0.828125 0.602778 0.042188 0.180556 0.000000 0.000000 1.000000
0 140 0.825000 0.606250 0.048438 0.181944 -0.003125 0.003472 1.000000
0 141 0.822656 0.612500 0.046875 0.172222 -0.002344 0.006250 1.000000
0 142 0.822266 0.613889 0.046094 0.169444 -0.000391 0.001389 1.000000
0 143 0.822266 0.617361 0.046094 0.162500 0.000000 0.003472 1.000000
0 144 0.823438 0.622917 0.048438 0.162500 0.001172 0.005556 1.000000
0 145 0.822656 0.629167 0.053125 0.172222 -0.000781 0.006250 1.000000
0 146 0.824219 0.636111 0.056250 0.177778 0.001563 0.006944 1.000000
0 147 0.825000 0.639583 0.057813 0.181944 0.000781 0.003472 1.000000
0 148 0.826172 0.644444 0.055469 0.183333 0.001172 0.004861 1.000000
0 149 0.827734 0.647222 0.055469 0.186111 0.001563 0.002778 1.000000
0 150 0.827734 0.647917 0.055469 0.184722 0.000000 0.000694 1.000000
0 151 0.828906 0.649306 0.053125 0.181944 0.001172 0.001389 1.000000
0 152 0.831641 0.650000 0.047656 0.180556 0.002734 0.000694 1.000000
0 153 0.833203 0.650694 0.044531 0.179167 0.001563 0.000694 1.000000
0 154 0.833203 0.651389 0.041406 0.180556 0.000000 0.000694 1.000000
0 155 0.833594 0.650000 0.040625 0.177778 0.000391 -0.001389 1.000000
0 156 0.835938 0.653472 0.042188 0.181944 0.002344 0.003472 1.000000
0 157 0.835547 0.657639 0.041406 0.184722 -0.000391 0.004167 1.000000
0 158 0.835547 0.664583 0.042969 0.190278 0.000000 0.006944 1.000000
0 159 0.835156 0.670139 0.042188 0.193056 -0.000391 0.005556 1.000000
0 160 0.833203 0.676389 0.041406 0.197222 -0.001953 0.006250 1.000000
0 161 0.832031 0.681944 0.039062 0.200000 -0.001172 0.005556 1.000000
0 162 0.831641 0.684722 0.041406 0.197222 -0.000391 0.002778 1.000000
0 163 0.830078 0.686111 0.044531 0.194444 -0.001563 0.001389 1.000000
0 164 0.828516 0.688194 0.047656 0.190278 -0.001563 0.002083 1.000000
0 165 0.826953 0.688889 0.050781 0.188889 -0.001563 0.000694 1.000000
0 166 0.826172 0.689583 0.052344 0.187500 -0.000781 0.000694 1.000000
0 167 0.825000 0.689583 0.054688 0.190278 -0.001172 0.000000 1.000000
0 168 0.824219 0.688194 0.054688 0.193056 -0.000781 -0.001389 1.000000
0 169 0.821094 0.686806 0.053125 0.193056 -0.003125 -0.001389 1.000000
0 170 0.816406 0.684028 0.048438 0.193056 -0.004687 -0.002778 1.000000
0 171 0.812500 0.680556 0.045312 0.191667 -0.003906 -0.003472 1.000000
0 172 0.808203 0.679861 0.039844 0.187500 -0.004297 -0.000694 1.000000
0 173 0.803516 0.679861 0.036719 0.187500 -0.004687 0.000000 1.000000
0 174 0.801562 0.682639 0.035937 0.190278 -0.001953 0.002778 1.000000
0 175 0.798438 0.684028 0.035937 0.187500 -0.003125 0.001389 1.000000
0 176 0.796484 0.686111 0.035156 0.186111 -0.001953 0.002083 1.000000
0 177 0.793750 0.687500 0.034375 0.183333 -0.002734 0.001389 1.000000
0 178 0.789062 0.687500 0.039062 0.183333 -0.004687 0.000000 1.000000
0 179 0.785547 0.687500 0.041406 0.183333 -0.003516 0.000000 1.000000
0 180 0.782422 0.684028 0.041406 0.184722 -0.003125 -0.003472 1.000000
0 181 0.781250 0.679861 0.040625 0.193056 -0.001172 -0.004167 1.000000
0 182 0.778906 0.677083 0.040625 0.195833 -0.002344 -0.002778 1.000000
0 183 0.776953 0.670139 0.039844 0.198611 -0.001953 -0.006944 1.000000
0 184 0.774609 0.664583 0.039844 0.198611 -0.002344 -0.005556 1.000000
0 185 0.772656 0.658333 0.040625 0.197222 -0.001953 -0.006250 1.000000
0 186 0.769531 0.650694 0.040625 0.193056 -0.003125 -0.007639 1.000000
0 187 0.767578 0.643750 0.044531 0.184722 -0.001953 -0.006944 1.000000
0 188 0.766406 0.637500 0.045312 0.177778 -0.001172 -0.006250 1.000000
0 189 0.764453 0.635417 0.049219 0.176389 -0.001953 -0.002083 1.000000
0 190 0.762891 0.632639 0.050781 0.176389 -0.001563 -0.002778 1.000000
0 191 0.760938 0.629167 0.054688 0.183333 -0.001953 -0.003472 1.000000
0 192 0.758984 0.625694 0.057031 0.181944 -0.001953 -0.003472 1.000000
0 193 0.758203 0.622917 0.057031 0.181944 -0.000781 -0.002778 1.000000
0 194 0.753906 0.618750 0.056250 0.181944 -0.004297 -0.004167 1.000000
0 195 0.749219 0.612500 0.053125 0.177778 -0.004687 -0.006250 1.000000
0 196 0.745313 0.606250 0.048438 0.173611 -0.003906 -0.006250 1.000000
0 197 0.740625 0.598611 0.043750 0.169444 -0.004687 -0.007639 1.000000
0 198 0.735547 0.596528 0.036719 0.170833 -0.005078 -0.002083 1.000000
0 199 0.731641 0.593750 0.036719 0.170833 -0.003906 -0.002778 1.000000
0 200 0.728516 0.589583 0.039844 0.165278 -0.003125 -0.004167 1.000000
0 201 0.724609 0.588194 0.041406 0.159722 -0.003906 -0.001389 1.000000
0 202 0.720313 0.588194 0.043750 0.159722 -0.004297 0.000000 1.000000
0 203 0.714063 0.586806 0.050000 0.162500 -0.006250 -0.001389 1.000000
0 204 0.710938 0.584028 0.054688 0.159722 -0.003125 -0.002778 1.000000
0 205 0.710938 0.581250 0.054688 0.159722 0.000000 -0.002778 1.000000
0 206 0.709766 0.578472 0.057031 0.159722 -0.001172 -0.002778 1.000000
0 207 0.708203 0.577083 0.057031 0.165278 -0.001563 -0.001389 1.000000
0 208 0.704688 0.574306 0.048438 0.165278 -0.003516 -0.002778 1.000000
0 209 0.703906 0.572917 0.043750 0.168056 -0.000781 -0.001389 1.000000
0 210 0.702734 0.572917 0.035156 0.168056 -0.001172 0.000000 1.000000
0 211 0.697266 0.572222 0.039844 0.169444 -0.005469 -0.000694 1.000000
0 212 0.689453 0.576389 0.050781 0.177778 -0.007812 0.004167 1.000000
0 213 0.683594 0.577083 0.056250 0.179167 -0.005859 0.000694 1.000000
0 214 0.682031 0.580556 0.057813 0.180556 -0.001563 0.003472 1.000000
0 215 0.682031 0.583333 0.056250 0.177778 0.000000 0.002778 1.000000
0 216 0.679688 0.584722 0.059375 0.175000 -0.002344 0.001389 1.000000
0 217 0.676562 0.583333 0.064062 0.177778 -0.003125 -0.001389 1.000000
0 218 0.674609 0.583333 0.063281 0.177778 -0.001953 0.000000 1.000000
0 219 0.673047 0.581944 0.063281 0.180556 -0.001563 -0.001389 1.000000
0 220 0.670312 0.579861 0.065625 0.181944 -0.002734 -0.002083 1.000000
0 221 0.670703 0.575694 0.057031 0.184722 0.000391 -0.004167 1.000000
0 222 0.669141 0.574306 0.055469 0.181944 -0.001563 -0.001389 1.000000
0 223 0.667188 0.570139 0.051562 0.181944 -0.001953 -0.004167 1.000000
0 224 0.665234 0.567361 0.052344 0.176389 -0.001953 -0.002778 1.000000
0 225 0.664453 0.563889 0.050781 0.172222 -0.000781 -0.003472 1.000000
0 226 0.662109 0.559722 0.050781 0.169444 -0.002344 -0.004167 1.000000
0 227 0.660547 0.557639 0.050781 0.170833 -0.001563 -0.002083 1.000000
0 228 0.660156 0.556944 0.048438 0.172222 -0.000391 -0.000694 1.000000
0 229 0.660156 0.556250 0.048438 0.176389 0.000000 -0.000694 1.000000
0 230 0.659375 0.554861 0.046875 0.173611 -0.000781 -0.001389 1.000000
0 231 0.658203 0.554167 0.046094 0.175000 -0.001172 -0.000694 1.000000
0 232 0.657422 0.555556 0.047656 0.177778 -0.000781 0.001389 1.000000
0 233 0.656250 0.555556 0.045312 0.177778 -0.001172 0.000000 1.000000
0 234 0.654687 0.554167 0.042188 0.175000 -0.001563 -0.001389 1.000000
0 235 0.654687 0.552083 0.040625 0.173611 0.000000 -0.002083 1.000000
0 236 0.655469 0.548611 0.037500 0.166667 0.000781 -0.003472 1.000000
0 237 0.653906 0.548611 0.040625 0.166667 -0.001563 0.000000 1.000000
0 238 0.653125 0.547222 0.040625 0.166667 -0.000781 -0.001389 1.000000
0 239 0.653125 0.543750 0.040625 0.165278 0.000000 -0.003472 1.000000
0 240 0.652734 0.541667 0.044531 0.163889 -0.000391 -0.002083 1.000000
0 241 0.653516 0.540278 0.044531 0.166667 0.000781 -0.001389 1.000000
0 242 0.652734 0.535417 0.044531 0.165278 -0.000781 -0.004861 1.000000
0 243 0.652344 0.531250 0.048438 0.165278 -0.000391 -0.004167 1.000000
0 244 0.652344 0.530556 0.048438 0.169444 0.000000 -0.000694 1.000000
0 245 0.651563 0.529167 0.046875 0.172222 -0.000781 -0.001389 1.000000
0 246 0.650391 0.527083 0.049219 0.176389 -0.001172 -0.002083 1.000000
0 247 0.649609 0.525694 0.049219 0.176389 -0.000781 -0.001389 1.000000
0 248 0.648047 0.520833 0.047656 0.183333 -0.001563 -0.004861 1.000000
0 249 0.647266 0.518750 0.047656 0.187500 -0.000781 -0.002083 1.000000
0 250 0.645703 0.515278 0.046094 0.188889 -0.001563 -0.003472 1.000000
0 251 0.644531 0.514583 0.045312 0.190278 -0.001172 -0.000694 1.000000
0 252 0.643750 0.511806 0.045312 0.193056 -0.000781 -0.002778 1.000000
0 253 0.642969 0.510417 0.045312 0.193056 -0.000781 -0.001389 1.000000
0 254 0.642969 0.507639 0.045312 0.187500 0.000000 -0.002778 1.000000
0 255 0.641406 0.504167 0.045312 0.186111 -0.001563 -0.003472 1.000000
0 256 0.640625 0.497222 0.043750 0.186111 -0.000781 -0.006944 1.000000
0 257 0.640625 0.493056 0.035937 0.191667 0.000000 -0.004167 1.000000
0 258 0.636328 0.492361 0.044531 0.187500 -0.004297 -0.000694 1.000000
0 259 0.635938 0.486111 0.043750 0.188889 -0.000391 -0.006250 1.000000
0 260 0.634766 0.486111 0.036719 0.177778 -0.001172 0.000000 1.000000
0 261 0.635547 0.486806 0.036719 0.176389 0.000781 0.000694 1.000000
0 262 0.635547 0.488889 0.038281 0.172222 0.000000 0.002083 1.000000
0 263 0.634375 0.493056 0.043750 0.161111 -0.001172 0.004167 1.000000
0 264 0.632812 0.494444 0.046875 0.152778 -0.001563 0.001389 1.000000
0 265 0.632422 0.499306 0.049219 0.143056 -0.000391 0.004861 1.000000
0 266 0.633203 0.502083 0.047656 0.137500 0.000781 0.002778 1.000000
0 267 0.634375 0.502083 0.043750 0.137500 0.001172 0.000000 1.000000
0 268 0.630469 0.501389 0.045312 0.138889 -0.003906 -0.000694 1.000000
0 269 0.632031 0.501389 0.042188 0.138889 0.001563 0.000000 1.000000
0 270 0.630469 0.500000 0.035937 0.141667 -0.001563 -0.001389 1.000000
0 271 0.630469 0.500000 0.035937 0.141667 0.000000 0.000000 1.000000
0 272 0.630469 0.497222 0.035937 0.147222 0.000000 -0.002778 1.000000
0 273 0.634375 0.493056 0.032813 0.152778 0.003906 -0.004167 1.000000
0 274 0.634375 0.490972 0.032813 0.156944 0.000000 -0.002083 1.000000
0 275 0.635156 0.490278 0.032813 0.158333 0.000781 -0.000694 1.000000
0 276 0.635938 0.488889 0.035937 0.158333 0.000781 -0.001389 1.000000
0 277 0.636719 0.487500 0.037500 0.158333 0.000781 -0.001389 1.000000
0 278 0.639844 0.486806 0.037500 0.159722 0.003125 -0.000694 1.000000
0 279 0.643750 0.485417 0.034375 0.159722 0.003906 -0.001389 1.000000
0 280 0.646484 0.485417 0.033594 0.159722 0.002734 0.000000 1.000000
0 281 0.649219 0.482639 0.034375 0.159722 0.002734 -0.002778 1.000000
0 282 0.651172 0.482639 0.035156 0.159722 0.001953 0.000000 1.000000
0 283 0.654687 0.484028 0.034375 0.156944 0.003516 0.001389 1.000000
0 284 0.657422 0.483333 0.039844 0.158333 0.002734 -0.000694 1.000000
0 285 0.662109 0.484722 0.046094 0.155556 0.004687 0.001389 1.000000
0 286 0.665625 0.484028 0.051562 0.154167 0.003516 -0.000694 1.000000
0 287 0.668750 0.485417 0.059375 0.151389 0.003125 0.001389 1.000000
0 288 0.669922 0.484722 0.061719 0.150000 0.001172 -0.000694 1.000000
0 289 0.670703 0.484028 0.063281 0.151389 0.000781 -0.000694 1.000000
0 290 0.672656 0.482639 0.060937 0.151389 0.001953 -0.001389 1.000000
0 291 0.675781 0.482639 0.056250 0.151389 0.003125 0.000000 1.000000
0 292 0.677734 0.482639 0.052344 0.151389 0.001953 0.000000 1.000000
0 293 0.682813 0.482639 0.050000 0.151389 0.005078 0.000000 1.000000
0 294 0.689453 0.481944 0.044531 0.152778 0.006641 -0.000694 1.000000
0 295 0.694531 0.481250 0.042188 0.154167 0.005078 -0.000694 1.000000
0 296 0.696875 0.481250 0.042188 0.154167 0.002344 0.000000 1.000000
0 297 0.700781 0.481250 0.042188 0.156944 0.003906 0.000000 1.000000
0 298 0.703906 0.484028 0.042188 0.156944 0.003125 0.002778 1.000000
0 299 0.706641 0.485417 0.041406 0.159722 0.002734 0.001389 1.000000
0 300 0.710547 0.487500 0.041406 0.155556 0.003906 0.002083 1.000000
0 301 0.714844 0.490278 0.045312 0.155556 0.004297 0.002778 1.000000
0 302 0.720703 0.493056 0.050781 0.152778 0.005859 0.002778 1.000000
0 303 0.723437 0.495139 0.054688 0.154167 0.002734 0.002083 1.000000
0 304 0.725000 0.497917 0.057813 0.154167 0.001563 0.002778 1.000000
0 305 0.725000 0.497917 0.057813 0.154167 0.000000 0.000000 1.000000
0 306 0.725391 0.497917 0.058594 0.156944 0.000391 0.000000 1.000000
0 307 0.725391 0.497917 0.058594 0.156944 0.000000 0.000000 1.000000
0 308 0.728906 0.496528 0.056250 0.159722 0.003516 -0.001389 1.000000
0 309 0.734375 0.495139 0.053125 0.159722 0.005469 -0.001389 1.000000
0 310 0.739453 0.494444 0.049219 0.161111 0.005078 -0.000694 1.000000
0 311 0.744531 0.493750 0.042188 0.162500 0.005078 -0.000694 1.000000
0 312 0.748047 0.492361 0.039844 0.165278 0.003516 -0.001389 1.000000
0 313 0.751172 0.492361 0.039844 0.165278 0.003125 0.000000 1.000000
0 314 0.754687 0.492361 0.037500 0.165278 0.003516 0.000000 1.000000
0 315 0.756641 0.495139 0.036719 0.168056 0.001953 0.002778 1.000000
0 316 0.760156 0.498611 0.037500 0.166667 0.003516 0.003472 1.000000
0 317 0.765625 0.500694 0.042188 0.165278 0.005469 0.002083 1.000000
0 318 0.769922 0.501389 0.046094 0.166667 0.004297 0.000694 1.000000
0 319 0.772266 0.503472 0.050781 0.165278 0.002344 0.002083 1.000000
0 320 0.773828 0.504167 0.053906 0.166667 0.001563 0.000694 1.000000
0 321 0.774609 0.504167 0.055469 0.166667 0.000781 0.000000 1.000000
0 322 0.775391 0.503472 0.057031 0.165278 0.000781 -0.000694 1.000000
0 323 0.775000 0.503472 0.056250 0.165278 -0.000391 0.000000 1.000000
0 324 0.776563 0.503472 0.056250 0.165278 0.001563 0.000000 1.000000
0 325 0.781250 0.503472 0.053125 0.165278 0.004687 0.000000 1.000000
0 326 0.787109 0.503472 0.049219 0.165278 0.005859 0.000000 1.000000
0 327 0.792969 0.503472 0.043750 0.165278 0.005859 0.000000 1.000000
0 328 0.796484 0.503472 0.041406 0.165278 0.003516 0.000000 1.000000
0 329 0.799609 0.503472 0.041406 0.165278 0.003125 0.000000 1.000000
0 330 0.803125 0.504861 0.042188 0.168056 0.003516 0.001389 1.000000
0 331 0.806250 0.509722 0.039062 0.169444 0.003125 0.004861 1.000000
0 332 0.810937 0.513889 0.040625 0.169444 0.004687 0.004167 1.000000
0 333 0.816406 0.517361 0.045312 0.170833 0.005469 0.003472 1.000000
0 334 0.822656 0.520139 0.050000 0.170833 0.006250 0.002778 1.000000
0 335 0.824609 0.522917 0.052344 0.170833 0.001953 0.002778 1.000000
0 336 0.826562 0.525000 0.056250 0.172222 0.001953 0.002083 1.000000
0 337 0.827734 0.526389 0.060156 0.172222 0.001172 0.001389 1.000000
0 338 0.829297 0.527778 0.061719 0.169444 0.001563 0.001389 1.000000
0 339 0.829297 0.528472 0.061719 0.168056 0.000000 0.000694 1.000000
0 340 0.831641 0.528472 0.057031 0.168056 0.002344 0.000000 1.000000
0 341 0.835547 0.528472 0.050781 0.168056 0.003906 0.000000 1.000000
0 342 0.840625 0.528472 0.045312 0.168056 0.005078 0.000000 1.000000
0 343 0.846875 0.528472 0.039062 0.168056 0.006250 0.000000 1.000000
0 344 0.852344 0.528472 0.034375 0.168056 0.005469 0.000000 1.000000
0 345 0.855859 0.527778 0.035156 0.169444 0.003516 -0.000694 1.000000
0 346 0.858203 0.527778 0.035156 0.169444 0.002344 0.000000 1.000000
0 347 0.861328 0.529861 0.035156 0.170833 0.003125 0.002083 1.000000
0 348 0.864453 0.532639 0.035156 0.173611 0.003125 0.002778 1.000000
0 349 0.867969 0.535417 0.037500 0.173611 0.003516 0.002778 1.000000
0 350 0.873437 0.536806 0.042188 0.173611 0.005469 0.001389 1.000000
0 351 0.877734 0.539583 0.044531 0.173611 0.004297 0.002778 1.000000
0 352 0.881641 0.540972 0.047656 0.176389 0.003906 0.001389 1.000000
0 353 0.885156 0.543056 0.048438 0.175000 0.003516 0.002083 1.000000
0 354 0.886328 0.543056 0.050781 0.175000 0.001172 0.000000 1.000000
0 355 0.887109 0.544444 0.049219 0.172222 0.000781 0.001389 1.000000
0 356 0.887109 0.544444 0.050781 0.172222 0.000000 0.000000 1.000000
0 357 0.888672 0.544444 0.049219 0.172222 0.001563 0.000000 1.000000
0 358 0.890234 0.545833 0.047656 0.172222 0.001563 0.001389 1.000000
0 359 0.893359 0.545833 0.041406 0.172222 0.003125 0.000000 1.000000
0 360 0.894922 0.545833 0.038281 0.172222 0.001563 0.000000 1.000000
0 361 0.896094 0.545833 0.035937 0.172222 0.001172 0.000000 1.000000
0 362 0.896875 0.545833 0.034375 0.172222 0.000781 0.000000 1.000000
0 363 0.896875 0.545833 0.032813 0.172222 0.000000 0.000000 1.000000
0 364 0.897266 0.545833 0.032031 0.172222 0.000391 0.000000 1.000000
0 365 0.898047 0.545833 0.033594 0.172222 0.000781 0.000000 1.000000
0 366 0.898047 0.545833 0.033594 0.172222 0.000000 0.000000 1.000000
0 367 0.899609 0.546528 0.033594 0.170833 0.001563 0.000694 1.000000
0 368 0.900000 0.546528 0.034375 0.170833 0.000391 0.000000 1.000000
0 369 0.900391 0.547222 0.035156 0.169444 0.000391 0.000694 1.000000
0 370 0.900391 0.547222 0.035156 0.169444 0.000000 0.000000 1.000000
0 371 0.900391 0.547222 0.035156 0.169444 0.000000 0.000000 1.000000
0 372 0.900391 0.547222 0.035156 0.169444 0.000000 0.000000 1.000000
0 373 0.900391 0.547222 0.035156 0.169444 0.000000 0.000000 1.000000
0 374 0.899609 0.547222 0.035156 0.166667 -0.000781 0.000000 1.000000
0 375 0.898828 0.547222 0.035156 0.166667 -0.000781 0.000000 1.000000
0 376 0.898047 0.547222 0.035156 0.166667 -0.000781 0.000000 1.000000
0 377 0.897656 0.547222 0.035937 0.166667 -0.000391 0.000000 1.000000
0 378 0.896875 0.547222 0.035937 0.166667 -0.000781 0.000000 1.000000
0 379 0.896094 0.547917 0.035937 0.165278 -0.000781 0.000694 1.000000
0 380 0.895703 0.547917 0.036719 0.165278 -0.000391 0.000000 1.000000
0 381 0.894922 0.549306 0.036719 0.162500 -0.000781 0.001389 1.000000
0 382 0.893750 0.549306 0.039062 0.162500 -0.001172 0.000000 1.000000
0 383 0.893359 0.550000 0.039844 0.161111 -0.000391 0.000694 1.000000
0 384 0.892969 0.550694 0.039062 0.159722 -0.000391 0.000694 1.000000
0 385 0.892188 0.552083 0.039062 0.159722 -0.000781 0.001389 1.000000
0 386 0.891406 0.555556 0.039062 0.163889 -0.000781 0.003472 1.000000
0 387 0.891406 0.558333 0.037500 0.166667 0.000000 0.002778 1.000000
0 388 0.891406 0.559722 0.037500 0.166667 0.000000 0.001389 1.000000
0 389 0.892188 0.563889 0.037500 0.166667 0.000781 0.004167 1.000000
0 390 0.892578 0.566667 0.039844 0.169444 0.000391 0.002778 1.000000
0 391 0.891406 0.568056 0.042188 0.172222 -0.001172 0.001389 1.000000
0 392 0.891406 0.568750 0.042188 0.170833 0.000000 0.000694 1.000000
0 393 0.892969 0.570139 0.042188 0.168056 0.001563 0.001389 1.000000
0 394 0.895703 0.570139 0.039844 0.165278 0.002734 0.000000 1.000000
0 395 0.896875 0.570833 0.039062 0.163889 0.001172 0.000694 1.000000
0 396 0.897266 0.576389 0.038281 0.169444 0.000391 0.005556 1.000000
0 397 0.898828 0.580556 0.038281 0.169444 0.001563 0.004167 1.000000
0 398 0.900000 0.586111 0.040625 0.175000 0.001172 0.005556 1.000000
0 399 0.900391 0.588889 0.038281 0.169444 0.000391 0.002778 1.000000
0 400 0.900391 0.593056 0.036719 0.166667 0.000000 0.004167 1.000000
0 401 0.899609 0.596528 0.036719 0.159722 -0.000781 0.003472 1.000000
0 402 0.899609 0.600000 0.036719 0.152778 0.000000 0.003472 1.000000
0 403 0.899609 0.600000 0.036719 0.152778 0.000000 0.000000 1.000000
0 404 0.898828 0.602083 0.038281 0.148611 -0.000781 0.002083 1.000000
0 405 0.896094 0.606250 0.045312 0.140278 -0.002734 0.004167 1.000000
0 406 0.895312 0.606944 0.046875 0.138889 -0.000781 0.000694 1.000000
0 407 0.894531 0.606250 0.046875 0.140278 -0.000781 -0.000694 1.000000
0 408 0.893750 0.604861 0.046875 0.143056 -0.000781 -0.001389 1.000000
0 409 0.893750 0.602083 0.046875 0.148611 0.000000 -0.002778 1.000000
0 410 0.892578 0.598611 0.044531 0.155556 -0.001172 -0.003472 1.000000
0 411 0.892188 0.595833 0.043750 0.161111 -0.000391 -0.002778 1.000000
0 412 0.892969 0.593056 0.043750 0.166667 0.000781 -0.002778 1.000000
0 413 0.893359 0.590972 0.046094 0.170833 0.000391 -0.002083 1.000000
0 414 0.892969 0.586806 0.048438 0.173611 -0.000391 -0.004167 1.000000
0 415 0.889453 0.584722 0.055469 0.172222 -0.003516 -0.002083 1.000000
0 416 0.885547 0.583333 0.063281 0.169444 -0.003906 -0.001389 1.000000
0 417 0.884766 0.580556 0.067969 0.163889 -0.000781 -0.002778 1.000000
0 418 0.883984 0.579167 0.071094 0.158333 -0.000781 -0.001389 1.000000
0 419 0.882422 0.580556 0.074219 0.161111 -0.001563 0.001389 1.000000
0 420 0.879687 0.580556 0.079687 0.161111 -0.002734 0.000000 1.000000
0 421 0.878125 0.579167 0.082812 0.163889 -0.001563 -0.001389 1.000000
0 422 0.876563 0.577778 0.082812 0.163889 -0.001563 -0.001389 1.000000
0 423 0.875000 0.576389 0.082812 0.166667 -0.001563 -0.001389 1.000000
0 424 0.870313 0.573611 0.082812 0.166667 -0.004687 -0.002778 1.000000
0 425 0.866406 0.571528 0.079687 0.168056 -0.003906 -0.002083 1.000000
0 426 0.861328 0.568056 0.075781 0.172222 -0.005078 -0.003472 1.000000
0 427 0.856250 0.565972 0.070312 0.170833 -0.005078 -0.002083 1.000000
0 428 0.851172 0.565278 0.064844 0.172222 -0.005078 -0.000694 1.000000
0 429 0.846094 0.564583 0.062500 0.173611 -0.005078 -0.000694 1.000000
0 430 0.841797 0.563194 0.057031 0.179167 -0.004297 -0.001389 1.000000
0 431 0.835938 0.563194 0.051562 0.179167 -0.005859 0.000000 1.000000
0 432 0.832422 0.563194 0.049219 0.179167 -0.003516 0.000000 1.000000
0 433 0.829297 0.562500 0.049219 0.180556 -0.003125 -0.000694 1.000000
0 434 0.828125 0.562500 0.051562 0.180556 -0.001172 0.000000 1.000000
0 435 0.826562 0.561806 0.054688 0.181944 -0.001563 -0.000694 1.000000
0 436 0.823828 0.561111 0.058594 0.180556 -0.002734 -0.000694 1.000000
0 437 0.823047 0.559722 0.060156 0.180556 -0.000781 -0.001389 1.000000
0 438 0.823047 0.559722 0.060156 0.180556 0.000000 0.000000 1.000000
0 439 0.821484 0.559722 0.060156 0.180556 -0.001563 0.000000 1.000000
0 440 0.819141 0.559028 0.060156 0.181944 -0.002344 -0.000694 1.000000
0 441 0.816016 0.556944 0.057031 0.177778 -0.003125 -0.002083 1.000000
0 442 0.808984 0.552778 0.060156 0.177778 -0.007031 -0.004167 1.000000
