0 1 0.862500 0.435417 0.068750 0.145833 0.000000 0.000000 1.000000
0 2 0.869922 0.447222 0.083594 0.166667 0.007422 0.011806 1.000000
0 3 0.868750 0.445833 0.081250 0.188889 -0.001172 -0.001389 1.000000
0 4 0.865625 0.434722 0.070312 0.225000 -0.003125 -0.011111 1.000000
0 5 0.864844 0.443750 0.057813 0.212500 -0.000781 0.009028 1.000000
0 6 0.870313 0.455556 0.059375 0.188889 0.005469 0.011806 1.000000
0 7 0.873437 0.468750 0.065625 0.162500 0.003125 0.013194 1.000000
0 8 0.880078 0.474306 0.063281 0.154167 0.006641 0.005556 1.000000
0 9 0.886328 0.482639 0.057031 0.154167 0.006250 0.008333 1.000000
0 10 0.890625 0.493056 0.054688 0.158333 0.004297 0.010417 1.000000
0 11 0.895703 0.508333 0.058594 0.166667 0.005078 0.015278 1.000000
0 12 0.901953 0.522222 0.060156 0.166667 0.006250 0.013889 1.000000
0 13 0.906641 0.528472 0.060156 0.154167 0.004687 0.006250 1.000000
0 14 0.913281 0.534722 0.057813 0.144444 0.006641 0.006250 1.000000
0 15 0.920703 0.540972 0.055469 0.137500 0.007422 0.006250 1.000000
0 16 0.928516 0.549306 0.055469 0.143056 0.007812 0.008333 1.000000
0 17 0.938281 0.555556 0.057813 0.147222 0.009766 0.006250 1.000000
0 18 0.950781 0.560417 0.067187 0.151389 0.012500 0.004861 1.000000
0 19 0.963281 0.568750 0.071875 0.159722 0.012500 0.008333 1.000000
0 20 0.967969 0.567361 0.064062 0.151389 0.004687 -0.001389 1.000000
0 21 0.973828 0.570139 0.052344 0.145833 0.005859 0.002778 1.000000
0 22 0.980078 0.570139 0.039844 0.137500 0.006250 0.000000 1.000000
0 23 0.985938 0.568750 0.028125 0.137500 0.005859 -0.001389 1.000000
0 34 0.991016 0.606250 0.017969 0.162500 0.000462 0.003409 1.000000
0 35 0.991016 0.606944 0.017969 0.161111 0.000000 0.000694 1.000000
0 36 0.989453 0.606944 0.021094 0.161111 -0.001563 0.000000 1.000000
0 37 0.987891 0.613194 0.024219 0.173611 -0.001563 0.006250 1.000000
0 38 0.985547 0.616667 0.028906 0.177778 -0.002344 0.003472 1.000000
0 39 0.983594 0.618750 0.032813 0.179167 -0.001953 0.002083 1.000000
0 40 0.983594 0.618750 0.032813 0.179167 0.000000 0.000000 1.000000
0 41 0.979688 0.619444 0.040625 0.177778 -0.003906 0.000694 1.000000
0 42 0.974609 0.620833 0.050781 0.175000 -0.005078 0.001389 1.000000
0 43 0.973047 0.620833 0.052344 0.175000 -0.001563 0.000000 1.000000
0 44 0.971484 0.620833 0.049219 0.175000 -0.001563 0.000000 1.000000
0 45 0.970703 0.619444 0.044531 0.177778 -0.000781 -0.001389 1.000000
0 46 0.968359 0.617361 0.041406 0.181944 -0.002344 -0.002083 1.000000
0 47 0.966406 0.614583 0.039062 0.184722 -0.001953 -0.002778 1.000000
0 48 0.963281 0.610417 0.040625 0.181944 -0.003125 -0.004167 1.000000
0 49 0.960547 0.606250 0.042969 0.179167 -0.002734 -0.004167 1.000000
0 50 0.957422 0.602083 0.041406 0.176389 -0.003125 -0.004167 1.000000
0 51 0.955078 0.595833 0.041406 0.166667 -0.002344 -0.006250 1.000000
0 52 0.953516 0.590278 0.041406 0.158333 -0.001563 -0.005556 1.000000
0 53 0.951172 0.584722 0.041406 0.150000 -0.002344 -0.005556 1.000000
0 54 0.948828 0.580556 0.041406 0.141667 -0.002344 -0.004167 1.000000
0 55 0.946484 0.579167 0.041406 0.138889 -0.002344 -0.001389 1.000000
0 56 0.943750 0.579861 0.040625 0.137500 -0.002734 0.000694 1.000000
0 57 0.941406 0.579861 0.040625 0.137500 -0.002344 0.000000 1.000000
0 58 0.937500 0.581250 0.043750 0.137500 -0.003906 0.001389 1.000000
0 59 0.935547 0.581250 0.042969 0.134722 -0.001953 0.000000 1.000000
0 60 0.932813 0.581250 0.043750 0.134722 -0.002734 0.000000 1.000000
0 61 0.929297 0.579861 0.046094 0.134722 -0.003516 -0.001389 1.000000
0 62 0.926953 0.579861 0.046094 0.134722 -0.002344 0.000000 1.000000
0 63 0.923828 0.579861 0.047656 0.134722 -0.003125 0.000000 1.000000
0 64 0.921094 0.578472 0.048438 0.137500 -0.002734 -0.001389 1.000000
0 65 0.918750 0.578472 0.050000 0.137500 -0.002344 0.000000 1.000000
0 66 0.916406 0.577778 0.050000 0.138889 -0.002344 -0.000694 1.000000
0 67 0.914062 0.576389 0.050000 0.141667 -0.002344 -0.001389 1.000000
0 68 0.911719 0.576389 0.050000 0.141667 -0.002344 0.000000 1.000000
0 69 0.910156 0.575000 0.050000 0.144444 -0.001563 -0.001389 1.000000
0 70 0.908594 0.574306 0.048438 0.143056 -0.001563 -0.000694 1.000000
0 71 0.907031 0.572917 0.048438 0.145833 -0.001563 -0.001389 1.000000
0 72 0.905859 0.572917 0.047656 0.145833 -0.001172 0.000000 1.000000
0 73 0.904687 0.572917 0.046875 0.145833 -0.001172 0.000000 1.000000
0 74 0.903125 0.572917 0.046875 0.145833 -0.001563 0.000000 1.000000
0 75 0.901953 0.572222 0.046094 0.147222 -0.001172 -0.000694 1.000000
0 76 0.901172 0.572222 0.046094 0.147222 -0.000781 0.000000 1.000000
0 77 0.900391 0.572222 0.044531 0.147222 -0.000781 0.000000 1.000000
0 78 0.899609 0.570833 0.044531 0.147222 -0.000781 -0.001389 1.000000
0 79 0.898047 0.570833 0.044531 0.147222 -0.001563 0.000000 1.000000
0 80 0.897266 0.569444 0.044531 0.150000 -0.000781 -0.001389 1.000000
0 81 0.897266 0.569444 0.042969 0.150000 0.000000 0.000000 1.000000
0 82 0.896484 0.568750 0.041406 0.151389 -0.000781 -0.000694 1.000000
0 83 0.894922 0.567361 0.041406 0.154167 -0.001563 -0.001389 1.000000
0 84 0.892969 0.565972 0.040625 0.156944 -0.001953 -0.001389 1.000000
0 85 0.891797 0.564583 0.039844 0.159722 -0.001172 -0.001389 1.000000
0 86 0.890234 0.561111 0.039844 0.163889 -0.001563 -0.003472 1.000000
0 87 0.888281 0.556944 0.039062 0.163889 -0.001953 -0.004167 1.000000
0 88 0.888281 0.553472 0.039062 0.162500 0.000000 -0.003472 1.000000
0 89 0.888281 0.548611 0.037500 0.161111 0.000000 -0.004861 1.000000
0 90 0.888281 0.545139 0.037500 0.156944 0.000000 -0.003472 1.000000
0 91 0.887109 0.540972 0.039844 0.154167 -0.001172 -0.004167 1.000000
0 92 0.886328 0.538194 0.039844 0.148611 -0.000781 -0.002778 1.000000
0 93 0.885547 0.536806 0.041406 0.145833 -0.000781 -0.001389 1.000000
0 94 0.885156 0.538194 0.045312 0.143056 -0.000391 0.001389 1.000000
0 95 0.883984 0.538194 0.047656 0.143056 -0.001172 0.000000 1.000000
0 96 0.883594 0.539583 0.048438 0.140278 -0.000391 0.001389 1.000000
0 97 0.883594 0.540278 0.048438 0.138889 0.000000 0.000694 1.000000
0 98 0.883594 0.540972 0.048438 0.134722 0.000000 0.000694 1.000000
0 99 0.882422 0.540972 0.050781 0.134722 -0.001172 0.000000 1.000000
0 100 0.882422 0.540972 0.050781 0.134722 0.000000 0.000000 1.000000
0 101 0.882422 0.540972 0.050781 0.134722 0.000000 0.000000 1.000000
0 102 0.882812 0.540278 0.051562 0.136111 0.000391 -0.000694 1.000000
0 103 0.882812 0.539583 0.051562 0.137500 0.000000 -0.000694 1.000000
0 104 0.883203 0.536806 0.052344 0.137500 0.000391 -0.002778 1.000000
0 105 0.885156 0.534028 0.056250 0.137500 0.001953 -0.002778 1.000000
0 106 0.887500 0.533333 0.057813 0.141667 0.002344 -0.000694 1.000000
0 107 0.889453 0.532639 0.061719 0.145833 0.001953 -0.000694 1.000000
0 108 0.890234 0.531944 0.063281 0.147222 0.000781 -0.000694 1.000000
0 109 0.890234 0.531250 0.063281 0.148611 0.000000 -0.000694 1.000000
0 110 0.891406 0.531944 0.060937 0.147222 0.001172 0.000694 1.000000
0 111 0.891406 0.531944 0.060937 0.147222 0.000000 0.000000 1.000000
0 112 0.890625 0.532639 0.062500 0.145833 -0.000781 0.000694 1.000000
0 113 0.890625 0.533333 0.062500 0.144444 0.000000 0.000694 1.000000
0 114 0.888281 0.534028 0.067187 0.143056 -0.002344 0.000694 1.000000
0 115 0.884375 0.534028 0.075000 0.143056 -0.003906 0.000000 1.000000
0 116 0.882812 0.532639 0.078125 0.145833 -0.001563 -0.001389 1.000000
0 117 0.881641 0.532639 0.080469 0.145833 -0.001172 0.000000 1.000000
0 118 0.881641 0.530556 0.080469 0.150000 0.000000 -0.002083 1.000000
0 119 0.880469 0.529167 0.079687 0.152778 -0.001172 -0.001389 1.000000
0 120 0.877734 0.528472 0.074219 0.154167 -0.002734 -0.000694 1.000000
0 121 0.873828 0.527778 0.069531 0.155556 -0.003906 -0.000694 1.000000
0 122 0.869141 0.527083 0.060156 0.156944 -0.004687 -0.000694 1.000000
0 123 0.864844 0.528472 0.051562 0.159722 -0.004297 0.001389 1.000000
0 124 0.860938 0.529167 0.043750 0.163889 -0.003906 0.000694 1.000000
0 125 0.856641 0.530556 0.035156 0.166667 -0.004297 0.001389 1.000000
0 126 0.856250 0.532639 0.035937 0.170833 -0.000391 0.002083 1.000000
0 127 0.855469 0.534722 0.037500 0.175000 -0.000781 0.002083 1.000000
0 128 0.853906 0.534722 0.037500 0.175000 -0.001563 0.000000 1.000000
0 129 0.851953 0.534722 0.036719 0.175000 -0.001953 0.000000 1.000000
0 130 0.848437 0.535417 0.039062 0.173611 -0.003516 0.000694 1.000000
0 131 0.844531 0.535417 0.040625 0.173611 -0.003906 0.000000 1.000000
0 132 0.841016 0.535417 0.039844 0.173611 -0.003516 0.000000 1.000000
0 133 0.836719 0.535417 0.037500 0.173611 -0.004297 0.000000 1.000000
0 134 0.831250 0.536111 0.042188 0.175000 -0.005469 0.000694 1.000000
0 135 0.828125 0.534722 0.051562 0.175000 -0.003125 -0.001389 1.000000
0 136 0.824609 0.534722 0.055469 0.175000 -0.003516 0.000000 1.000000
0 137 0.822656 0.535417 0.056250 0.176389 -0.001953 0.000694 1.000000
0 138 0.822656 0.536806 0.056250 0.173611 0.000000 0.001389 1.000000
0 139 0.822656 0.536806 0.056250 0.173611 0.000000 0.000000 1.000000
0 140 0.821875 0.536806 0.056250 0.173611 -0.000781 0.000000 1.000000
0 141 0.821094 0.535417 0.054688 0.170833 -0.000781 -0.001389 1.000000
0 142 0.820312 0.535417 0.053125 0.170833 -0.000781 0.000000 1.000000
0 143 0.819531 0.538194 0.051562 0.173611 -0.000781 0.002778 1.000000
0 144 0.819531 0.538889 0.051562 0.172222 0.000000 0.000694 1.000000
0 145 0.820312 0.540278 0.053125 0.169444 0.000781 0.001389 1.000000
0 146 0.819531 0.540972 0.051562 0.168056 -0.000781 0.000694 1.000000
0 147 0.819141 0.543056 0.050781 0.166667 -0.000391 0.002083 1.000000
0 148 0.819141 0.544444 0.050781 0.166667 0.000000 0.001389 1.000000
0 149 0.819141 0.547222 0.050781 0.166667 0.000000 0.002778 1.000000
0 150 0.818359 0.549306 0.049219 0.168056 -0.000781 0.002083 1.000000
0 151 0.819141 0.552083 0.049219 0.170833 0.000781 0.002778 1.000000
0 152 0.820703 0.553472 0.049219 0.168056 0.001563 0.001389 1.000000
0 153 0.822656 0.553472 0.046875 0.165278 0.001953 0.000000 1.000000
0 154 0.825000 0.554861 0.043750 0.165278 0.002344 0.001389 1.000000
0 155 0.828125 0.557639 0.040625 0.168056 0.003125 0.002778 1.000000
0 156 0.831250 0.555556 0.035937 0.163889 0.003125 -0.002083 1.000000
0 157 0.831250 0.550000 0.035937 0.152778 0.000000 -0.005556 1.000000
0 158 0.831641 0.551389 0.038281 0.158333 0.000391 0.001389 1.000000
0 159 0.831250 0.552778 0.040625 0.163889 -0.000391 0.001389 1.000000
0 160 0.831641 0.554167 0.038281 0.163889 0.000391 0.001389 1.000000
0 161 0.832812 0.553472 0.043750 0.168056 0.001172 -0.000694 1.000000
0 162 0.834766 0.553472 0.042969 0.168056 0.001953 0.000000 1.000000
0 163 0.837109 0.550694 0.041406 0.165278 0.002344 -0.002778 1.000000
0 164 0.840625 0.548611 0.039062 0.163889 0.003516 -0.002083 1.000000
0 165 0.846094 0.545833 0.042188 0.158333 0.005469 -0.002778 1.000000
0 166 0.849219 0.543750 0.048438 0.154167 0.003125 -0.002083 1.000000
0 167 0.851172 0.543056 0.057031 0.150000 0.001953 -0.000694 1.000000
0 168 0.852344 0.544444 0.062500 0.147222 0.001172 0.001389 1.000000
0 169 0.849609 0.545833 0.067969 0.144444 -0.002734 0.001389 1.000000
0 170 0.846875 0.547222 0.073438 0.141667 -0.002734 0.001389 1.000000
0 171 0.844141 0.547917 0.078906 0.140278 -0.002734 0.000694 1.000000
0 172 0.842187 0.547917 0.082812 0.140278 -0.001953 0.000000 1.000000
0 173 0.841797 0.546528 0.083594 0.143056 -0.000391 -0.001389 1.000000
0 174 0.841797 0.544444 0.082031 0.147222 0.000000 -0.002083 1.000000
0 175 0.840625 0.541667 0.081250 0.152778 -0.001172 -0.002778 1.000000
0 176 0.838672 0.538194 0.077344 0.154167 -0.001953 -0.003472 1.000000
0 177 0.833203 0.534028 0.069531 0.154167 -0.005469 -0.004167 1.000000
0 178 0.825391 0.532639 0.061719 0.156944 -0.007812 -0.001389 1.000000
0 179 0.815234 0.531250 0.052344 0.154167 -0.010156 -0.001389 1.000000
0 180 0.805859 0.532639 0.044531 0.154167 -0.009375 0.001389 1.000000
0 181 0.797266 0.532639 0.038281 0.154167 -0.008594 0.000000 1.000000
0 182 0.789844 0.534028 0.046875 0.154167 -0.007422 0.001389 1.000000
0 183 0.783594 0.534028 0.059375 0.154167 -0.006250 0.000000 1.000000
0 184 0.779297 0.532639 0.067969 0.156944 -0.004297 -0.001389 1.000000
0 185 0.775781 0.531944 0.073438 0.158333 -0.003516 -0.000694 1.000000
0 186 0.774219 0.529861 0.073438 0.162500 -0.001563 -0.002083 1.000000
0 187 0.770312 0.527083 0.073438 0.165278 -0.003906 -0.002778 1.000000
0 188 0.766406 0.524306 0.065625 0.162500 -0.003906 -0.002778 1.000000
0 189 0.761719 0.521528 0.056250 0.159722 -0.004687 -0.002778 1.000000
0 190 0.752734 0.518056 0.049219 0.158333 -0.008984 -0.003472 1.000000
0 191 0.747266 0.513889 0.044531 0.155556 -0.005469 -0.004167 1.000000
0 192 0.739844 0.511111 0.035937 0.152778 -0.007422 -0.002778 1.000000
0 193 0.732031 0.509028 0.039062 0.148611 -0.007812 -0.002083 1.000000
0 194 0.725000 0.506944 0.043750 0.144444 -0.007031 -0.002083 1.000000
0 195 0.720313 0.508333 0.043750 0.147222 -0.004687 0.001389 1.000000
0 196 0.717187 0.511111 0.042188 0.144444 -0.003125 0.002778 1.000000
0 197 0.709766 0.513194 0.047656 0.140278 -0.007422 0.002083 1.000000
0 198 0.703516 0.514583 0.052344 0.137500 -0.006250 0.001389 1.000000
0 199 0.698828 0.517361 0.052344 0.131944 -0.004687 0.002778 1.000000
0 200 0.695312 0.520139 0.051562 0.126389 -0.003516 0.002778 1.000000
0 201 0.690625 0.522222 0.053125 0.122222 -0.004687 0.002083 1.000000
0 202 0.684375 0.523611 0.057813 0.119444 -0.006250 0.001389 1.000000
0 203 0.680078 0.525000 0.057031 0.116667 -0.004297 0.001389 1.000000
0 204 0.678906 0.525000 0.054688 0.116667 -0.001172 0.000000 1.000000
0 205 0.678516 0.525000 0.053906 0.116667 -0.000391 0.000000 1.000000
0 206 0.677344 0.523611 0.051562 0.119444 -0.001172 -0.001389 1.000000
0 207 0.677344 0.523611 0.051562 0.119444 0.000000 0.000000 1.000000
0 208 0.677344 0.523611 0.051562 0.119444 0.000000 0.000000 1.000000
0 209 0.675781 0.524306 0.051562 0.118056 -0.001563 0.000694 1.000000
0 210 0.673828 0.527083 0.047656 0.123611 -0.001953 0.002778 1.000000
0 211 0.675781 0.529861 0.051562 0.120833 0.001953 0.002778 1.000000
0 212 0.672266 0.533333 0.047656 0.119444 -0.003516 0.003472 1.000000
0 213 0.669531 0.534722 0.046875 0.119444 -0.002734 0.001389 1.000000
0 214 0.671875 0.538194 0.053125 0.115278 0.002344 0.003472 1.000000
0 215 0.671875 0.540278 0.053125 0.111111 0.000000 0.002083 1.000000
0 216 0.671094 0.547222 0.054688 0.113889 -0.000781 0.006944 1.000000
0 217 0.668750 0.549306 0.059375 0.109722 -0.002344 0.002083 1.000000
0 218 0.667188 0.550000 0.062500 0.105556 -0.001563 0.000694 1.000000
0 219 0.666406 0.551389 0.064062 0.105556 -0.000781 0.001389 1.000000
0 220 0.666016 0.552083 0.064844 0.104167 -0.000391 0.000694 1.000000
0 221 0.665234 0.551389 0.064844 0.105556 -0.000781 -0.000694 1.000000
0 222 0.664844 0.551389 0.064062 0.105556 -0.000391 0.000000 1.000000
0 223 0.664062 0.550000 0.062500 0.111111 -0.000781 -0.001389 1.000000
0 224 0.663281 0.544444 0.060937 0.105556 -0.000781 -0.005556 1.000000
0 225 0.662891 0.543056 0.060156 0.108333 -0.000391 -0.001389 1.000000
0 226 0.662109 0.542361 0.060156 0.109722 -0.000781 -0.000694 1.000000
0 227 0.662891 0.540972 0.060156 0.112500 0.000781 -0.001389 1.000000
0 228 0.664453 0.536806 0.060156 0.115278 0.001563 -0.004167 1.000000
0 229 0.666016 0.532639 0.060156 0.109722 0.001563 -0.004167 1.000000
0 230 0.669531 0.531250 0.060937 0.112500 0.003516 -0.001389 1.000000
0 231 0.675391 0.529861 0.057031 0.112500 0.005859 -0.001389 1.000000
0 232 0.681250 0.528472 0.051562 0.115278 0.005859 -0.001389 1.000000
0 233 0.687891 0.527083 0.042969 0.120833 0.006641 -0.001389 1.000000
0 234 0.693359 0.525000 0.038281 0.125000 0.005469 -0.002083 1.000000
0 235 0.695703 0.522222 0.038281 0.130556 0.002344 -0.002778 1.000000
0 236 0.697266 0.520139 0.039844 0.134722 0.001563 -0.002083 1.000000
0 237 0.699609 0.519444 0.039844 0.138889 0.002344 -0.000694 1.000000
0 238 0.702734 0.517361 0.041406 0.143056 0.003125 -0.002083 1.000000
0 239 0.706250 0.516667 0.042188 0.144444 0.003516 -0.000694 1.000000
0 240 0.709375 0.516667 0.042188 0.144444 0.003125 0.000000 1.000000
0 241 0.712500 0.516667 0.042188 0.144444 0.003125 0.000000 1.000000
0 242 0.715625 0.516667 0.040625 0.147222 0.003125 0.000000 1.000000
0 243 0.718359 0.515972 0.038281 0.148611 0.002734 -0.000694 1.000000
0 244 0.723047 0.515972 0.039844 0.148611 0.004687 0.000000 1.000000
0 245 0.728906 0.515278 0.042188 0.152778 0.005859 -0.000694 1.000000
0 246 0.732812 0.515278 0.042188 0.152778 0.003906 0.000000 1.000000
0 247 0.733984 0.515278 0.041406 0.152778 0.001172 0.000000 1.000000
0 248 0.735938 0.513889 0.037500 0.155556 0.001953 -0.001389 1.000000
0 249 0.740625 0.513889 0.037500 0.155556 0.004687 0.000000 1.000000
0 250 0.745313 0.512500 0.034375 0.158333 0.004687 -0.001389 1.000000
0 251 0.748047 0.511806 0.033594 0.159722 0.002734 -0.000694 1.000000
0 252 0.751172 0.511806 0.033594 0.159722 0.003125 0.000000 1.000000
0 253 0.754297 0.514583 0.033594 0.162500 0.003125 0.002778 1.000000
0 254 0.757422 0.519444 0.033594 0.166667 0.003125 0.004861 1.000000
0 255 0.760156 0.525000 0.032813 0.169444 0.002734 0.005556 1.000000
0 256 0.764062 0.530556 0.035937 0.172222 0.003906 0.005556 1.000000
0 257 0.769531 0.535417 0.040625 0.173611 0.005469 0.004861 1.000000
0 258 0.773828 0.540972 0.044531 0.170833 0.004297 0.005556 1.000000
0 259 0.777344 0.545139 0.048438 0.170833 0.003516 0.004167 1.000000
0 260 0.780469 0.547222 0.048438 0.172222 0.003125 0.002083 1.000000
0 261 0.781250 0.547917 0.050000 0.170833 0.000781 0.000694 1.000000
0 262 0.782031 0.547917 0.048438 0.170833 0.000781 0.000000 1.000000
0 263 0.783203 0.547917 0.046094 0.170833 0.001172 0.000000 1.000000
0 264 0.783984 0.546528 0.042969 0.173611 0.000781 -0.001389 1.000000
0 265 0.785547 0.546528 0.039844 0.173611 0.001563 0.000000 1.000000
0 266 0.786328 0.545139 0.038281 0.176389 0.000781 -0.001389 1.000000
0 267 0.787109 0.545139 0.038281 0.176389 0.000781 0.000000 1.000000
0 268 0.787500 0.548611 0.037500 0.177778 0.000391 0.003472 1.000000
0 269 0.788281 0.554861 0.035937 0.181944 0.000781 0.006250 1.000000
0 270 0.789062 0.561806 0.037500 0.187500 0.000781 0.006944 1.000000
0 271 0.789062 0.561806 0.037500 0.187500 0.000000 0.000000 1.000000
0 272 0.790625 0.568750 0.039062 0.187500 0.001563 0.006944 1.000000
0 273 0.792188 0.581944 0.043750 0.180556 0.001563 0.013194 1.000000
0 274 0.792578 0.588889 0.044531 0.180556 0.000391 0.006944 1.000000
0 275 0.792578 0.593750 0.044531 0.179167 0.000000 0.004861 1.000000
0 276 0.791797 0.598611 0.044531 0.180556 -0.000781 0.004861 1.000000
0 277 0.789844 0.603472 0.043750 0.181944 -0.001953 0.004861 1.000000
0 278 0.787891 0.606250 0.041406 0.179167 -0.001953 0.002778 1.000000
0 279 0.784766 0.608333 0.036719 0.175000 -0.003125 0.002083 1.000000
0 280 0.782031 0.611111 0.034375 0.172222 -0.002734 0.002778 1.000000
0 281 0.781250 0.611806 0.034375 0.170833 -0.000781 0.000694 1.000000
0 282 0.780078 0.611806 0.036719 0.170833 -0.001172 0.000000 1.000000
0 283 0.778516 0.611806 0.039844 0.170833 -0.001563 0.000000 1.000000
0 284 0.775781 0.614583 0.045312 0.176389 -0.002734 0.002778 1.000000
0 285 0.771484 0.617361 0.052344 0.181944 -0.004297 0.002778 1.000000
0 286 0.767578 0.619444 0.053906 0.183333 -0.003906 0.002083 1.000000
0 287 0.765625 0.624306 0.051562 0.187500 -0.001953 0.004861 1.000000
0 288 0.762500 0.628472 0.048438 0.190278 -0.003125 0.004167 1.000000
0 289 0.760156 0.631944 0.043750 0.186111 -0.002344 0.003472 1.000000
0 290 0.756250 0.633333 0.035937 0.183333 -0.003906 0.001389 1.000000
0 291 0.752734 0.639583 0.032031 0.190278 -0.003516 0.006250 1.000000
0 292 0.749219 0.643750 0.034375 0.193056 -0.003516 0.004167 1.000000
0 293 0.746094 0.644444 0.035937 0.194444 -0.003125 0.000694 1.000000
0 294 0.744141 0.647222 0.035156 0.197222 -0.001953 0.002778 1.000000
0 295 0.742578 0.650694 0.035156 0.201389 -0.001563 0.003472 1.000000
0 296 0.740625 0.652778 0.035937 0.200000 -0.001953 0.002083 1.000000
0 297 0.737891 0.652778 0.036719 0.200000 -0.002734 0.000000 1.000000
0 298 0.735938 0.652083 0.037500 0.201389 -0.001953 -0.000694 1.000000
0 299 0.734375 0.652778 0.037500 0.200000 -0.001563 0.000694 1.000000
0 300 0.732031 0.653472 0.039062 0.198611 -0.002344 0.000694 1.000000
0 301 0.728125 0.656250 0.042188 0.201389 -0.003906 0.002778 1.000000
0 302 0.724609 0.661111 0.046094 0.200000 -0.003516 0.004861 1.000000
0 303 0.721484 0.666667 0.047656 0.200000 -0.003125 0.005556 1.000000
0 304 0.720313 0.673611 0.045312 0.200000 -0.001172 0.006944 1.000000
0 305 0.719531 0.677778 0.043750 0.197222 -0.000781 0.004167 1.000000
0 306 0.719141 0.680556 0.042969 0.191667 -0.000391 0.002778 1.000000
0 307 0.718750 0.682639 0.042188 0.187500 -0.000391 0.002083 1.000000
0 308 0.718750 0.682639 0.042188 0.187500 0.000000 0.000000 1.000000
0 309 0.720313 0.682639 0.040625 0.187500 0.001563 0.000000 1.000000
0 310 0.720313 0.681944 0.040625 0.188889 0.000000 -0.000694 1.000000
0 311 0.721094 0.680556 0.040625 0.191667 0.000781 -0.001389 1.000000
0 312 0.721875 0.680556 0.042188 0.191667 0.000781 0.000000 1.000000
0 313 0.722266 0.679167 0.042969 0.194444 0.000391 -0.001389 1.000000
0 314 0.722656 0.679167 0.043750 0.194444 0.000391 0.000000 1.000000
0 315 0.723437 0.679167 0.045312 0.194444 0.000781 0.000000 1.000000
0 316 0.725391 0.678472 0.049219 0.195833 0.001953 -0.000694 1.000000
0 317 0.727734 0.677778 0.053906 0.197222 0.002344 -0.000694 1.000000
0 318 0.728125 0.677778 0.057813 0.197222 0.000391 0.000000 1.000000
0 319 0.729297 0.677778 0.060156 0.197222 0.001172 0.000000 1.000000
0 320 0.730078 0.677083 0.061719 0.198611 0.000781 -0.000694 1.000000
0 321 0.730859 0.676389 0.063281 0.200000 0.000781 -0.000694 1.000000
0 322 0.731641 0.675000 0.063281 0.200000 0.000781 -0.001389 1.000000
0 323 0.733203 0.672917 0.060156 0.201389 0.001563 -0.002083 1.000000
0 324 0.735156 0.670139 0.054688 0.204167 0.001953 -0.002778 1.000000
0 325 0.740234 0.668750 0.049219 0.204167 0.005078 -0.001389 1.000000
0 326 0.746094 0.666667 0.043750 0.208333 0.005859 -0.002083 1.000000
0 327 0.752734 0.665278 0.036719 0.208333 0.006641 -0.001389 1.000000
0 328 0.756250 0.662500 0.034375 0.205556 0.003516 -0.002778 1.000000
0 329 0.758594 0.661111 0.042188 0.205556 0.002344 -0.001389 1.000000
0 330 0.761328 0.660417 0.047656 0.201389 0.002734 -0.000694 1.000000
0 331 0.764062 0.658333 0.057813 0.194444 0.002734 -0.002083 1.000000
0 332 0.767969 0.659028 0.065625 0.193056 0.003906 0.000694 1.000000
0 333 0.771094 0.661806 0.068750 0.193056 0.003125 0.002778 1.000000
0 334 0.773047 0.661806 0.069531 0.193056 0.001953 0.000000 1.000000
0 335 0.776172 0.661806 0.066406 0.193056 0.003125 0.000000 1.000000
0 336 0.778125 0.663194 0.062500 0.193056 0.001953 0.001389 1.000000
0 337 0.780078 0.663194 0.058594 0.193056 0.001953 0.000000 1.000000
0 338 0.783203 0.663194 0.052344 0.193056 0.003125 0.000000 1.000000
0 339 0.786328 0.661806 0.046094 0.195833 0.003125 -0.001389 1.000000
0 340 0.790625 0.661806 0.037500 0.195833 0.004297 0.000000 1.000000
0 341 0.792969 0.661806 0.034375 0.195833 0.002344 0.000000 1.000000
0 342 0.795312 0.661806 0.034375 0.195833 0.002344 0.000000 1.000000
0 343 0.798047 0.661806 0.036719 0.195833 0.002734 0.000000 1.000000
0 344 0.803125 0.661806 0.042188 0.195833 0.005078 0.000000 1.000000
0 345 0.807031 0.661806 0.046875 0.195833 0.003906 0.000000 1.000000
0 346 0.810547 0.661806 0.050781 0.195833 0.003516 0.000000 1.000000
0 347 0.814453 0.661806 0.052344 0.195833 0.003906 0.000000 1.000000
0 348 0.816797 0.662500 0.057031 0.194444 0.002344 0.000694 1.000000
0 349 0.817969 0.662500 0.059375 0.194444 0.001172 0.000000 1.000000
0 350 0.817969 0.662500 0.059375 0.194444 0.000000 0.000000 1.000000
0 351 0.818750 0.663194 0.060937 0.193056 0.000781 0.000694 1.000000
0 352 0.818750 0.663194 0.060937 0.193056 0.000000 0.000000 1.000000
0 353 0.818750 0.663889 0.060937 0.191667 0.000000 0.000694 1.000000
0 354 0.818750 0.663889 0.060937 0.191667 0.000000 0.000000 1.000000
0 355 0.819531 0.663889 0.060937 0.191667 0.000781 0.000000 1.000000
0 356 0.821484 0.663889 0.057031 0.191667 0.001953 0.000000 1.000000
0 357 0.823438 0.663889 0.053125 0.191667 0.001953 0.000000 1.000000
0 358 0.826562 0.665278 0.048438 0.194444 0.003125 0.001389 1.000000
0 359 0.829688 0.666667 0.045312 0.194444 0.003125 0.001389 1.000000
0 360 0.833594 0.667361 0.040625 0.198611 0.003906 0.000694 1.000000
0 361 0.835938 0.669444 0.039062 0.200000 0.002344 0.002083 1.000000
0 362 0.836328 0.671528 0.038281 0.204167 0.000391 0.002083 1.000000
0 363 0.837891 0.673611 0.038281 0.208333 0.001563 0.002083 1.000000
0 364 0.839453 0.676389 0.038281 0.208333 0.001563 0.002778 1.000000
0 365 0.842187 0.677083 0.042188 0.206944 0.002734 0.000694 1.000000
0 366 0.844531 0.678472 0.043750 0.204167 0.002344 0.001389 1.000000
0 367 0.847266 0.679861 0.046094 0.204167 0.002734 0.001389 1.000000
0 368 0.848828 0.685417 0.047656 0.209722 0.001563 0.005556 1.000000
0 369 0.851172 0.689583 0.049219 0.209722 0.002344 0.004167 1.000000
0 370 0.853906 0.694444 0.051562 0.211111 0.002734 0.004861 1.000000
0 371 0.856250 0.698611 0.056250 0.211111 0.002344 0.004167 1.000000
0 372 0.857812 0.702083 0.059375 0.209722 0.001563 0.003472 1.000000
0 373 0.859375 0.704861 0.060937 0.204167 0.001563 0.002778 1.000000
0 374 0.860938 0.706944 0.057813 0.200000 0.001563 0.002083 1.000000
0 375 0.860938 0.708333 0.057813 0.197222 0.000000 0.001389 1.000000
0 376 0.860156 0.707639 0.057813 0.195833 -0.000781 -0.000694 1.000000
0 377 0.858594 0.706250 0.057813 0.198611 -0.001563 -0.001389 1.000000
0 378 0.856641 0.703472 0.060156 0.204167 -0.001953 -0.002778 1.000000
0 379 0.854297 0.700694 0.060156 0.209722 -0.002344 -0.002778 1.000000
0 380 0.850781 0.698611 0.057813 0.211111 -0.003516 -0.002083 1.000000
0 381 0.846094 0.694444 0.056250 0.208333 -0.004687 -0.004167 1.000000
0 382 0.841406 0.690278 0.053125 0.205556 -0.004687 -0.004167 1.000000
0 383 0.834375 0.686111 0.046875 0.200000 -0.007031 -0.004167 1.000000
0 384 0.832422 0.681944 0.050781 0.194444 -0.001953 -0.004167 1.000000
0 385 0.829297 0.681250 0.052344 0.193056 -0.003125 -0.000694 1.000000
0 386 0.823828 0.679167 0.057031 0.186111 -0.005469 -0.002083 1.000000
0 387 0.818750 0.678472 0.062500 0.181944 -0.005078 -0.000694 1.000000
0 388 0.814453 0.678472 0.061719 0.181944 -0.004297 0.000000 1.000000
0 389 0.810937 0.679861 0.056250 0.179167 -0.003516 0.001389 1.000000
0 390 0.806641 0.679861 0.050781 0.179167 -0.004297 0.000000 1.000000
0 391 0.803125 0.679167 0.051562 0.177778 -0.003516 -0.000694 1.000000
0 392 0.801953 0.678472 0.049219 0.179167 -0.001172 -0.000694 1.000000
0 393 0.800781 0.677083 0.048438 0.179167 -0.001172 -0.001389 1.000000
0 394 0.800391 0.675000 0.044531 0.180556 -0.000391 -0.002083 1.000000
0 395 0.798438 0.673611 0.045312 0.180556 -0.001953 -0.001389 1.000000
0 396 0.796484 0.671528 0.047656 0.176389 -0.001953 -0.002083 1.000000
0 397 0.791406 0.669444 0.057813 0.175000 -0.005078 -0.002083 1.000000
0 398 0.787500 0.670139 0.065625 0.176389 -0.003906 0.000694 1.000000
0 399 0.785156 0.671528 0.070312 0.173611 -0.002344 0.001389 1.000000
0 400 0.785156 0.675000 0.070312 0.172222 0.000000 0.003472 1.000000
0 401 0.783984 0.677778 0.072656 0.169444 -0.001172 0.002778 1.000000
0 402 0.783984 0.679861 0.072656 0.165278 0.000000 0.002083 1.000000
0 403 0.783984 0.679861 0.072656 0.165278 0.000000 0.000000 1.000000
0 404 0.783203 0.680556 0.074219 0.161111 -0.000781 0.000694 1.000000
0 405 0.781641 0.682639 0.074219 0.156944 -0.001563 0.002083 1.000000
0 406 0.780859 0.682639 0.074219 0.156944 -0.000781 0.000000 1.000000
0 407 0.780859 0.682639 0.074219 0.156944 0.000000 0.000000 1.000000
0 408 0.780859 0.682639 0.074219 0.156944 0.000000 0.000000 1.000000
0 409 0.780859 0.682639 0.074219 0.156944 0.000000 0.000000 1.000000
0 410 0.780859 0.680556 0.074219 0.161111 0.000000 -0.002083 1.000000
0 411 0.780859 0.678472 0.074219 0.165278 0.000000 -0.002083 1.000000
0 412 0.780859 0.675694 0.074219 0.170833 0.000000 -0.002778 1.000000
0 413 0.780469 0.673611 0.071875 0.175000 -0.000391 -0.002083 1.000000
0 414 0.778516 0.670139 0.067969 0.181944 -0.001953 -0.003472 1.000000
0 415 0.777734 0.665278 0.066406 0.186111 -0.000781 -0.004861 1.000000
0 416 0.778125 0.661111 0.065625 0.191667 0.000391 -0.004167 1.000000
0 417 0.778516 0.656944 0.064844 0.194444 0.000391 -0.004167 1.000000
0 418 0.780859 0.652778 0.061719 0.197222 0.002344 -0.004167 1.000000
0 419 0.783594 0.650000 0.059375 0.197222 0.002734 -0.002778 1.000000
0 420 0.787109 0.645833 0.055469 0.200000 0.003516 -0.004167 1.000000
0 421 0.790234 0.642361 0.049219 0.201389 0.003125 -0.003472 1.000000
0 422 0.793359 0.639583 0.046094 0.201389 0.003125 -0.002778 1.000000
0 423 0.795703 0.634028 0.042969 0.201389 0.002344 -0.005556 1.000000
0 424 0.796484 0.630556 0.042969 0.200000 0.000781 -0.003472 1.000000
0 425 0.796484 0.625694 0.042969 0.198611 0.000000 -0.004861 1.000000
0 426 0.795703 0.622222 0.044531 0.197222 -0.000781 -0.003472 1.000000
0 427 0.795703 0.620833 0.044531 0.200000 0.000000 -0.001389 1.000000
0 428 0.794922 0.620139 0.044531 0.201389 -0.000781 -0.000694 1.000000
0 429 0.794922 0.618750 0.044531 0.204167 0.000000 -0.001389 1.000000
0 430 0.794141 0.618750 0.044531 0.204167 -0.000781 0.000000 1.000000
0 431 0.794141 0.618750 0.044531 0.204167 0.000000 0.000000 1.000000
0 432 0.793359 0.617361 0.044531 0.206944 -0.000781 -0.001389 1.000000
0 433 0.792578 0.615278 0.044531 0.205556 -0.000781 -0.002083 1.000000
0 434 0.792578 0.612500 0.042969 0.202778 0.000000 -0.002778 1.000000
0 435 0.791797 0.609722 0.042969 0.202778 -0.000781 -0.002778 1.000000
0 436 0.791016 0.605556 0.041406 0.200000 -0.000781 -0.004167 1.000000
0 437 0.790625 0.601389 0.040625 0.197222 -0.000391 -0.004167 1.000000
0 438 0.789844 0.597917 0.039062 0.195833 -0.000781 -0.003472 1.000000
0 439 0.788281 0.597917 0.039062 0.195833 -0.001563 0.000000 1.000000
0 440 0.787500 0.597222 0.039062 0.197222 -0.000781 -0.000694 1.000000
0 441 0.785937 0.596528 0.039062 0.198611 -0.001563 -0.000694 1.000000
0 442 0.784375 0.596528 0.039062 0.198611 -0.001563 0.000000 1.000000
