0 1 0.314583 0.605556 0.113542 0.487037 0.000000 0.000000 1.000000
0 2 0.320312 0.611111 0.139583 0.483333 0.005729 0.005556 1.000000
0 3 0.329167 0.614352 0.162500 0.478704 0.008854 0.003241 1.000000
0 4 0.331771 0.626852 0.166667 0.453704 0.002604 0.012500 1.000000
0 9 0.348958 0.619907 0.121875 0.471296 0.003438 -0.001389 1.000000
0 10 0.358854 0.615741 0.100000 0.479630 0.009896 -0.004167 1.000000
0 11 0.358854 0.603704 0.096875 0.472222 0.000000 -0.012037 1.000000
0 12 0.356510 0.605093 0.091146 0.484259 -0.002344 0.001389 1.000000
0 13 0.359115 0.605556 0.094271 0.488889 0.002604 0.000463 1.000000
0 14 0.358333 0.612500 0.095833 0.475000 -0.000781 0.006944 1.000000
0 15 0.358073 0.624537 0.088021 0.454630 -0.000260 0.012037 1.000000
0 16 0.357812 0.623611 0.085417 0.441667 -0.000260 -0.000926 1.000000
0 17 0.357031 0.625463 0.089063 0.441667 -0.000781 0.001852 1.000000
0 18 0.354948 0.632870 0.090104 0.432407 -0.002083 0.007407 1.000000
0 26 0.267188 0.616204 0.143750 0.467593 -0.010970 -0.002083 1.000000
0 27 0.261719 0.612500 0.141146 0.476852 -0.005469 -0.003704 1.000000
0 28 0.255729 0.612037 0.126042 0.479630 -0.005990 -0.000463 1.000000
0 29 0.254427 0.617130 0.121354 0.465741 -0.001302 0.005093 1.000000
0 30 0.254427 0.626389 0.118229 0.452778 0.000000 0.009259 1.000000
0 31 0.254167 0.632870 0.120833 0.445370 -0.000260 0.006481 1.000000
0 32 0.246354 0.632407 0.135417 0.446296 -0.007812 -0.000463 1.000000
0 33 0.245573 0.626389 0.129688 0.450926 -0.000781 -0.006019 1.000000
0 34 0.227083 0.619444 0.095833 0.457407 -0.018490 -0.006944 1.000000
0 35 0.223177 0.614352 0.111979 0.454630 -0.003906 -0.005093 1.000000
0 36 0.214844 0.612500 0.135937 0.450926 -0.008333 -0.001852 1.000000
0 37 0.209115 0.620833 0.155729 0.456481 -0.005729 0.008333 1.000000
0 38 0.203125 0.631944 0.159375 0.449074 -0.005990 0.011111 1.000000
0 39 0.191146 0.646296 0.155208 0.433333 -0.011979 0.014352 1.000000
0 40 0.184635 0.640741 0.143229 0.444444 -0.006510 -0.005556 1.000000
0 41 0.186198 0.635648 0.143229 0.454630 0.001563 -0.005093 1.000000
0 42 0.187240 0.628704 0.141146 0.461111 0.001042 -0.006944 1.000000
0 43 0.180990 0.623611 0.123438 0.463889 -0.006250 -0.005093 1.000000
0 44 0.173698 0.613426 0.129688 0.456481 -0.007292 -0.010185 1.000000
0 45 0.178646 0.611574 0.150000 0.443519 0.004948 -0.001852 1.000000
0 46 0.177865 0.620833 0.159896 0.445370 -0.000781 0.009259 1.000000
0 47 0.176042 0.628704 0.152083 0.435185 -0.001823 0.007870 1.000000
0 48 0.178385 0.630093 0.147396 0.425000 0.002344 0.001389 1.000000
0 49 0.184896 0.622685 0.135417 0.425000 0.006510 -0.007407 1.000000
0 50 0.190625 0.621296 0.132292 0.422222 0.005729 -0.001389 1.000000
0 51 0.194792 0.619444 0.141667 0.425926 0.004167 -0.001852 1.000000
0 52 0.201302 0.613889 0.149479 0.431481 0.006510 -0.005556 1.000000
0 53 0.208594 0.611111 0.155729 0.431481 0.007292 -0.002778 1.000000
0 54 0.221875 0.607407 0.164583 0.431481 0.013281 -0.003704 1.000000
0 55 0.224740 0.615278 0.164062 0.417593 0.002865 0.007870 1.000000
0 56 0.226823 0.625000 0.159896 0.396296 0.002083 0.009722 1.000000
0 57 0.232292 0.632407 0.166667 0.379630 0.005469 0.007407 1.000000
0 58 0.240885 0.625000 0.167187 0.385185 0.008594 -0.007407 1.000000
0 59 0.260417 0.602778 0.144792 0.427778 0.019531 -0.022222 1.000000
0 60 0.271875 0.588426 0.118750 0.456481 0.011458 -0.014352 1.000000
0 61 0.270833 0.575463 0.105208 0.471296 -0.001042 -0.012963 1.000000
0 62 0.272135 0.563889 0.101562 0.483333 0.001302 -0.011574 1.000000
0 63 0.279687 0.582407 0.096875 0.461111 0.007552 0.018519 1.000000
0 64 0.284115 0.612037 0.091146 0.400000 0.004427 0.029630 1.000000
0 65 0.282813 0.607407 0.094792 0.411111 -0.001302 -0.004630 1.000000
0 66 0.281250 0.597222 0.098958 0.429630 -0.001563 -0.010185 1.000000
0 67 0.280990 0.585185 0.101562 0.455556 -0.000260 -0.012037 1.000000
0 68 0.284896 0.572685 0.114583 0.471296 0.003906 -0.012500 1.000000
0 69 0.291406 0.528241 0.119271 0.456481 0.006510 -0.044444 1.000000
0 70 0.292187 0.497222 0.128125 0.412963 0.000781 -0.031019 1.000000
0 71 0.288281 0.476852 0.144271 0.388889 -0.003906 -0.020370 1.000000
0 72 0.288542 0.460185 0.154167 0.361111 0.000260 -0.016667 1.000000
0 73 0.289062 0.463426 0.158333 0.356481 0.000521 0.003241 1.000000
0 74 0.287760 0.485648 0.155729 0.378704 -0.001302 0.022222 1.000000
0 75 0.283594 0.543519 0.138021 0.424074 -0.004167 0.057870 1.000000
0 76 0.280208 0.568519 0.132292 0.433333 -0.003385 0.025000 1.000000
0 77 0.282292 0.590741 0.128125 0.446296 0.002083 0.022222 1.000000
0 78 0.282813 0.600463 0.128125 0.419444 0.000521 0.009722 1.000000
0 79 0.284115 0.617593 0.128646 0.381481 0.001302 0.017130 1.000000
0 80 0.282813 0.687963 0.129167 0.237037 -0.001302 0.070370 1.000000
0 81 0.282552 0.721759 0.130729 0.171296 -0.000260 0.033796 1.000000
0 82 0.283854 0.720370 0.123958 0.168519 0.001302 -0.001389 1.000000
0 83 0.285417 0.713426 0.126042 0.176852 0.001563 -0.006944 1.000000
0 84 0.286198 0.702778 0.127604 0.194444 0.000781 -0.010648 1.000000
0 85 0.276042 0.678241 0.138542 0.223148 -0.010156 -0.024537 1.000000
0 88 0.249740 0.606944 0.193229 0.350926 -0.008767 -0.023765 1.000000
0 89 0.241667 0.573611 0.209375 0.408333 -0.008073 -0.033333 1.000000
0 90 0.227604 0.550000 0.193750 0.455556 -0.014063 -0.023611 1.000000
0 91 0.217448 0.554167 0.174479 0.441667 -0.010156 0.004167 1.000000
0 92 0.207292 0.558796 0.155208 0.428704 -0.010156 0.004630 1.000000
0 93 0.195312 0.559722 0.132292 0.421296 -0.011979 0.000926 1.000000
0 94 0.191406 0.555556 0.123438 0.425926 -0.003906 -0.004167 1.000000
0 95 0.190104 0.548148 0.128125 0.431481 -0.001302 -0.007407 1.000000
0 96 0.188802 0.550000 0.135937 0.431481 -0.001302 0.001852 1.000000
0 97 0.192708 0.551852 0.148958 0.431481 0.003906 0.001852 1.000000
0 98 0.188281 0.553704 0.141146 0.424074 -0.004427 0.001852 1.000000
0 99 0.187760 0.556481 0.126562 0.414815 -0.000521 0.002778 1.000000
0 100 0.197396 0.562963 0.128125 0.398148 0.009635 0.006481 1.000000
0 101 0.202865 0.557870 0.138021 0.406481 0.005469 -0.005093 1.000000
0 102 0.214062 0.552778 0.154167 0.418519 0.011198 -0.005093 1.000000
0 103 0.221615 0.545370 0.148438 0.422222 0.007552 -0.007407 1.000000
0 104 0.236458 0.541667 0.129167 0.427778 0.014844 -0.003704 1.000000
0 105 0.253646 0.536111 0.109375 0.440741 0.017188 -0.005556 1.000000
0 106 0.271094 0.531481 0.090104 0.453704 0.017448 -0.004630 1.000000
0 107 0.277083 0.536111 0.079167 0.442593 0.005990 0.004630 1.000000
0 108 0.285417 0.540741 0.087500 0.431481 0.008333 0.004630 1.000000
0 109 0.288802 0.543981 0.094271 0.423148 0.003385 0.003241 1.000000
0 110 0.289583 0.542130 0.100000 0.426852 0.000781 -0.001852 1.000000
0 111 0.292708 0.538889 0.094792 0.435185 0.003125 -0.003241 1.000000
0 112 0.280208 0.541667 0.156250 0.431481 -0.012500 0.002778 1.000000
0 113 0.281771 0.550000 0.184375 0.411111 0.001563 0.008333 1.000000
0 114 0.286458 0.549074 0.194792 0.416667 0.004687 -0.000926 1.000000
0 115 0.286458 0.554630 0.168750 0.403704 0.000000 0.005556 1.000000
0 116 0.284115 0.554630 0.140104 0.401852 -0.002344 0.000000 1.000000
0 117 0.288021 0.557870 0.125000 0.395370 0.003906 0.003241 1.000000
0 118 0.290885 0.551389 0.107813 0.404630 0.002865 -0.006481 1.000000
0 119 0.292448 0.543981 0.109896 0.404630 0.001563 -0.007407 1.000000
0 120 0.292708 0.583333 0.132292 0.342593 0.000260 0.039352 1.000000
0 121 0.292708 0.613426 0.135417 0.289815 0.000000 0.030093 1.000000
0 122 0.292187 0.630093 0.137500 0.258333 -0.000521 0.016667 1.000000
0 123 0.293229 0.630556 0.134375 0.257407 0.001042 0.000463 1.000000
0 124 0.291927 0.626852 0.132812 0.262963 -0.001302 -0.003704 1.000000
0 125 0.291667 0.605093 0.133333 0.306481 -0.000260 -0.021759 1.000000
0 126 0.292448 0.592130 0.131771 0.326852 0.000781 -0.012963 1.000000
0 127 0.293750 0.578241 0.129167 0.349074 0.001302 -0.013889 1.000000
0 128 0.300260 0.564815 0.136979 0.375926 0.006510 -0.013426 1.000000
0 129 0.304427 0.552315 0.146354 0.400926 0.004167 -0.012500 1.000000
0 130 0.299219 0.534722 0.136979 0.434259 -0.005208 -0.017593 1.000000
0 131 0.295833 0.524074 0.130208 0.450000 -0.003385 -0.010648 1.000000
0 132 0.294010 0.519907 0.124479 0.450926 -0.001823 -0.004167 1.000000
0 133 0.294531 0.518056 0.125521 0.456481 0.000521 -0.001852 1.000000
0 134 0.291406 0.519444 0.132812 0.453704 -0.003125 0.001389 1.000000
0 135 0.294531 0.531481 0.125521 0.427778 0.003125 0.012037 1.000000
0 136 0.296094 0.533333 0.125521 0.420370 0.001563 0.001852 1.000000
0 137 0.298177 0.533333 0.131771 0.422222 0.002083 0.000000 1.000000
0 138 0.301302 0.528704 0.135937 0.427778 0.003125 -0.004630 1.000000
0 139 0.300521 0.527315 0.136458 0.426852 -0.000781 -0.001389 1.000000
0 140 0.297917 0.518056 0.131250 0.447222 -0.002604 -0.009259 1.000000
0 141 0.295833 0.514815 0.127083 0.455556 -0.002083 -0.003241 1.000000
0 142 0.296094 0.517130 0.127604 0.454630 0.000260 0.002315 1.000000
0 143 0.296094 0.516667 0.127604 0.450000 0.000000 -0.000463 1.000000
0 144 0.296354 0.522685 0.128125 0.434259 0.000260 0.006019 1.000000
0 145 0.296615 0.530556 0.128646 0.418519 0.000260 0.007870 1.000000
0 146 0.296354 0.530093 0.128125 0.421296 -0.000260 -0.000463 1.000000
0 147 0.296094 0.526852 0.127604 0.429630 -0.000260 -0.003241 1.000000
0 148 0.296354 0.522685 0.126042 0.436111 0.000260 -0.004167 1.000000
0 149 0.296615 0.521296 0.127604 0.440741 0.000260 -0.001389 1.000000
0 150 0.295573 0.516667 0.127604 0.448148 -0.001042 -0.004630 1.000000
0 151 0.296354 0.519444 0.127083 0.444444 0.000781 0.002778 1.000000
0 152 0.296094 0.521759 0.126562 0.437963 -0.000260 0.002315 1.000000
0 153 0.296354 0.523148 0.127083 0.437037 0.000260 0.001389 1.000000
0 154 0.296354 0.530556 0.127083 0.420370 0.000000 0.007407 1.000000
0 155 0.296615 0.530556 0.127604 0.422222 0.000260 0.000000 1.000000
0 156 0.296354 0.525463 0.127083 0.430556 -0.000260 -0.005093 1.000000
0 157 0.296354 0.524074 0.127083 0.435185 0.000000 -0.001389 1.000000
0 158 0.296354 0.520833 0.127083 0.439815 0.000000 -0.003241 1.000000
0 159 0.296615 0.521296 0.127604 0.444444 0.000260 0.000463 1.000000
0 160 0.297396 0.525000 0.127083 0.440741 0.000781 0.003704 1.000000
0 161 0.297656 0.532407 0.126562 0.429630 0.000260 0.007407 1.000000
0 162 0.297396 0.534259 0.127083 0.427778 -0.000260 0.001852 1.000000
0 163 0.297917 0.539352 0.127083 0.423148 0.000521 0.005093 1.000000
0 164 0.298438 0.541667 0.127083 0.416667 0.000521 0.002315 1.000000
0 165 0.295052 0.543981 0.114062 0.413889 -0.003385 0.002315 1.000000
0 166 0.294792 0.547685 0.108333 0.406481 -0.000260 0.003704 1.000000
0 167 0.295052 0.556019 0.105729 0.397222 0.000260 0.008333 1.000000
0 168 0.296094 0.564352 0.106771 0.378704 0.001042 0.008333 1.000000
0 169 0.294531 0.572685 0.110937 0.363889 -0.001563 0.008333 1.000000
0 170 0.288542 0.581481 0.134375 0.348148 -0.005990 0.008796 1.000000
0 171 0.287500 0.584259 0.132292 0.346296 -0.001042 0.002778 1.000000
0 172 0.289844 0.575463 0.127604 0.363889 0.002344 -0.008796 1.000000
0 173 0.299740 0.562500 0.117188 0.389815 0.009896 -0.012963 1.000000
0 174 0.296094 0.550926 0.107813 0.412963 -0.003646 -0.011574 1.000000
0 175 0.293490 0.526852 0.080729 0.433333 -0.002604 -0.024074 1.000000
0 176 0.294531 0.522222 0.068229 0.442593 0.001042 -0.004630 1.000000
0 177 0.297656 0.523148 0.075521 0.453704 0.003125 0.000926 1.000000
0 178 0.293750 0.522222 0.085417 0.464815 -0.003906 -0.000926 1.000000
0 179 0.291667 0.522222 0.098958 0.468519 -0.002083 0.000000 1.000000
0 180 0.291667 0.525926 0.093750 0.461111 0.000000 0.003704 1.000000
0 181 0.291406 0.536111 0.096354 0.444444 -0.000260 0.010185 1.000000
0 182 0.287240 0.547222 0.098437 0.424074 -0.004167 0.011111 1.000000
0 183 0.280990 0.544444 0.095312 0.424074 -0.006250 -0.002778 1.000000
0 184 0.275781 0.547685 0.081771 0.417593 -0.005208 0.003241 1.000000
0 185 0.261198 0.552778 0.113021 0.411111 -0.014583 0.005093 1.000000
0 186 0.254688 0.555093 0.128125 0.410185 -0.006510 0.002315 1.000000
0 187 0.251823 0.557407 0.132812 0.409259 -0.002865 0.002315 1.000000
0 188 0.249740 0.562500 0.133854 0.402778 -0.002083 0.005093 1.000000
0 189 0.245573 0.563889 0.128646 0.403704 -0.004167 0.001389 1.000000
0 190 0.230990 0.560648 0.097396 0.413889 -0.014583 -0.003241 1.000000
0 191 0.219010 0.558333 0.080729 0.416667 -0.011979 -0.002315 1.000000
0 192 0.205208 0.556944 0.068750 0.419444 -0.013802 -0.001389 1.000000
0 193 0.203906 0.557407 0.075521 0.420370 -0.001302 0.000463 1.000000
0 194 0.205990 0.556944 0.080729 0.421296 0.002083 -0.000463 1.000000
0 195 0.202083 0.563426 0.082292 0.425000 -0.003906 0.006481 1.000000
0 196 0.198437 0.562963 0.080208 0.424074 -0.003646 -0.000463 1.000000
0 197 0.196615 0.563889 0.081771 0.420370 -0.001823 0.000926 1.000000
0 198 0.194010 0.562963 0.080729 0.422222 -0.002604 -0.000926 1.000000
0 199 0.187240 0.560185 0.086979 0.431481 -0.006771 -0.002778 1.000000
0 200 0.168750 0.551852 0.129167 0.448148 -0.018490 -0.008333 1.000000
0 201 0.154688 0.545370 0.141667 0.461111 -0.014063 -0.006481 1.000000
0 202 0.149740 0.537500 0.149479 0.473148 -0.004948 -0.007870 1.000000
0 203 0.147656 0.550463 0.152604 0.447222 -0.002083 0.012963 1.000000
0 204 0.148177 0.581019 0.153646 0.386111 0.000521 0.030556 1.000000
0 205 0.144531 0.581481 0.159896 0.385185 -0.003646 0.000463 1.000000
0 206 0.138281 0.574537 0.161979 0.397222 -0.006250 -0.006944 1.000000
0 207 0.131250 0.562500 0.155208 0.417593 -0.007031 -0.012037 1.000000
0 208 0.129427 0.543519 0.151562 0.442593 -0.001823 -0.018981 1.000000
0 209 0.139063 0.511111 0.114583 0.483333 0.009635 -0.032407 1.000000
0 210 0.131510 0.454167 0.078646 0.532407 -0.007552 -0.056944 1.000000
0 211 0.127865 0.443981 0.095312 0.525000 -0.003646 -0.010185 1.000000
0 212 0.117708 0.452315 0.105208 0.493519 -0.010156 0.008333 1.000000
0 213 0.101042 0.460185 0.100000 0.474074 -0.016667 0.007870 1.000000
0 214 0.085938 0.463426 0.096875 0.463889 -0.015104 0.003241 1.000000
0 215 0.079167 0.462963 0.105208 0.461111 -0.006771 -0.000463 1.000000
0 216 0.075260 0.464815 0.108854 0.461111 -0.003906 0.001852 1.000000
0 217 0.071094 0.464815 0.123438 0.459259 -0.004167 0.000000 1.000000
0 218 0.071875 0.462963 0.143750 0.451852 0.000781 -0.001852 1.000000
0 219 0.076042 0.471296 0.152083 0.459259 0.004167 0.008333 1.000000
0 220 0.082552 0.484259 0.165104 0.431481 0.006510 0.012963 1.000000
0 221 0.082292 0.489815 0.164583 0.422222 -0.000260 0.005556 1.000000
0 222 0.082292 0.499537 0.164583 0.400926 0.000000 0.009722 1.000000
0 223 0.082031 0.500463 0.164062 0.397222 -0.000260 0.000926 1.000000
0 224 0.082031 0.489815 0.164062 0.420370 0.000000 -0.010648 1.000000
0 225 0.075781 0.468056 0.151562 0.458333 -0.006250 -0.021759 1.000000
0 226 0.066146 0.465278 0.132292 0.471296 -0.009635 -0.002778 1.000000
0 227 0.060156 0.449074 0.120313 0.498148 -0.005990 -0.016204 1.000000
0 228 0.057031 0.446296 0.114062 0.509259 -0.003125 -0.002778 1.000000
0 229 0.056771 0.454630 0.113542 0.520370 -0.000260 0.008333 1.000000
0 230 0.061198 0.474537 0.110937 0.499074 0.004427 0.019907 1.000000
0 231 0.064583 0.481944 0.106250 0.486111 0.003385 0.007407 1.000000
0 232 0.073698 0.489815 0.094271 0.472222 0.009115 0.007870 1.000000
0 233 0.078385 0.496296 0.092188 0.455556 0.004687 0.006481 1.000000
0 234 0.077865 0.495833 0.091146 0.454630 -0.000521 -0.000463 1.000000
0 235 0.071094 0.501852 0.081771 0.438889 -0.006771 0.006019 1.000000
0 236 0.069010 0.505093 0.078646 0.428704 -0.002083 0.003241 1.000000
0 237 0.075260 0.506019 0.072396 0.423148 0.006250 0.000926 1.000000
0 238 0.079687 0.502778 0.067708 0.425926 0.004427 -0.003241 1.000000
0 239 0.084115 0.500926 0.061979 0.425926 0.004427 -0.001852 1.000000
0 240 0.088542 0.500463 0.050000 0.423148 0.004427 -0.000463 1.000000
0 241 0.096875 0.506019 0.090625 0.408333 0.008333 0.005556 1.000000
0 242 0.102865 0.506944 0.110937 0.408333 0.005990 0.000926 1.000000
0 243 0.108854 0.518981 0.130208 0.386111 0.005990 0.012037 1.000000
0 244 0.120313 0.552315 0.157292 0.317593 0.011458 0.033333 1.000000
0 245 0.115104 0.581944 0.146875 0.260185 -0.005208 0.029630 1.000000
0 246 0.101823 0.582870 0.118229 0.256481 -0.013281 0.000926 1.000000
0 247 0.103125 0.580093 0.118750 0.262037 0.001302 -0.002778 1.000000
0 248 0.106510 0.575926 0.120313 0.266667 0.003385 -0.004167 1.000000
0 249 0.110156 0.566667 0.121354 0.285185 0.003646 -0.009259 1.000000
0 250 0.111198 0.553704 0.124479 0.300000 0.001042 -0.012963 1.000000
0 251 0.122917 0.536574 0.122917 0.336111 0.011719 -0.017130 1.000000
0 252 0.124219 0.527778 0.121354 0.351852 0.001302 -0.008796 1.000000
0 253 0.123958 0.521759 0.111458 0.371296 -0.000260 -0.006019 1.000000
0 254 0.121615 0.515741 0.104688 0.387037 -0.002344 -0.006019 1.000000
0 255 0.121094 0.511111 0.102604 0.398148 -0.000521 -0.004630 1.000000
0 256 0.124219 0.505093 0.086979 0.410185 0.003125 -0.006019 1.000000
0 257 0.128125 0.503704 0.079167 0.411111 0.003906 -0.001389 1.000000
0 258 0.132292 0.502315 0.081250 0.412037 0.004167 -0.001389 1.000000
0 259 0.139063 0.501852 0.088542 0.411111 0.006771 -0.000463 1.000000
0 260 0.150521 0.500926 0.109375 0.412963 0.011458 -0.000926 1.000000
0 261 0.165625 0.496759 0.138542 0.421296 0.015104 -0.004167 1.000000
0 262 0.178906 0.495370 0.159896 0.418519 0.013281 -0.001389 1.000000
0 263 0.187240 0.495833 0.167187 0.417593 0.008333 0.000463 1.000000
0 264 0.190625 0.497222 0.170833 0.416667 0.003385 0.001389 1.000000
0 265 0.193229 0.497222 0.166667 0.412963 0.002604 0.000000 1.000000
0 266 0.205469 0.497222 0.144271 0.412963 0.012240 0.000000 1.000000
0 267 0.211979 0.491667 0.133333 0.422222 0.006510 -0.005556 1.000000
0 268 0.214844 0.484722 0.128646 0.436111 0.002865 -0.006944 1.000000
0 269 0.214844 0.479630 0.131771 0.446296 0.000000 -0.005093 1.000000
0 270 0.216146 0.472222 0.135417 0.448148 0.001302 -0.007407 1.000000
0 271 0.228646 0.471759 0.148958 0.439815 0.012500 -0.000463 1.000000
0 272 0.235156 0.473148 0.155729 0.435185 0.006510 0.001389 1.000000
0 273 0.235677 0.485648 0.176563 0.436111 0.000521 0.012500 1.000000
0 274 0.238802 0.495833 0.184896 0.425000 0.003125 0.010185 1.000000
0 275 0.240885 0.502315 0.188021 0.408333 0.002083 0.006481 1.000000
0 276 0.242969 0.536111 0.192188 0.340741 0.002083 0.033796 1.000000
0 277 0.243490 0.548611 0.193229 0.313889 0.000521 0.012500 1.000000
0 278 0.243750 0.549537 0.191667 0.313889 0.000260 0.000926 1.000000
0 279 0.244271 0.543519 0.191667 0.320370 0.000521 -0.006019 1.000000
0 280 0.244531 0.538426 0.190104 0.330556 0.000260 -0.005093 1.000000
0 281 0.246615 0.517593 0.188021 0.364815 0.002083 -0.020833 1.000000
0 282 0.254688 0.506019 0.169792 0.387963 0.008073 -0.011574 1.000000
0 283 0.258073 0.499074 0.160938 0.407407 0.003385 -0.006944 1.000000
0 284 0.257292 0.493981 0.158333 0.415741 -0.000781 -0.005093 1.000000
0 285 0.252604 0.493519 0.164583 0.416667 -0.004687 -0.000463 1.000000
0 286 0.250521 0.487500 0.167708 0.428704 -0.002083 -0.006019 1.000000
0 287 0.250260 0.488889 0.168229 0.425926 -0.000260 0.001389 1.000000
0 288 0.253385 0.491667 0.160938 0.418519 0.003125 0.002778 1.000000
0 289 0.256510 0.489352 0.157812 0.423148 0.003125 -0.002315 1.000000
0 290 0.257552 0.485648 0.159896 0.428704 0.001042 -0.003704 1.000000
0 291 0.257292 0.485648 0.159375 0.426852 -0.000260 0.000000 1.000000
0 292 0.258333 0.488426 0.158333 0.421296 0.001042 0.002778 1.000000
0 293 0.258854 0.489815 0.158333 0.416667 0.000521 0.001389 1.000000
0 294 0.258594 0.491667 0.157812 0.412963 -0.000260 0.001852 1.000000
0 295 0.258073 0.493519 0.157812 0.409259 -0.000521 0.001852 1.000000
0 296 0.258073 0.497222 0.158854 0.400000 0.000000 0.003704 1.000000
0 297 0.258594 0.491204 0.157812 0.410185 0.000521 -0.006019 1.000000
0 298 0.257812 0.486574 0.156250 0.419444 -0.000781 -0.004630 1.000000
0 299 0.254688 0.482407 0.157292 0.429630 -0.003125 -0.004167 1.000000
0 300 0.252865 0.480093 0.153646 0.436111 -0.001823 -0.002315 1.000000
0 301 0.242188 0.478704 0.166667 0.437037 -0.010677 -0.001389 1.000000
0 302 0.241927 0.481481 0.166146 0.431481 -0.000260 0.002778 1.000000
0 303 0.241667 0.480556 0.166667 0.431481 -0.000260 -0.000926 1.000000
0 304 0.242969 0.481019 0.167187 0.428704 0.001302 0.000463 1.000000
0 305 0.245833 0.481481 0.158333 0.427778 0.002865 0.000463 1.000000
0 306 0.247396 0.478704 0.154167 0.431481 0.001563 -0.002778 1.000000
0 307 0.249479 0.475463 0.147917 0.436111 0.002083 -0.003241 1.000000
0 308 0.248177 0.473148 0.145313 0.438889 -0.001302 -0.002315 1.000000
0 309 0.248438 0.472685 0.145833 0.439815 0.000260 -0.000463 1.000000
0 310 0.248958 0.472222 0.146875 0.440741 0.000521 -0.000463 1.000000
0 311 0.248698 0.473148 0.146354 0.425926 -0.000260 0.000926 1.000000
0 312 0.249219 0.471296 0.147396 0.425926 0.000521 -0.001852 1.000000
0 313 0.250000 0.467130 0.143750 0.423148 0.000781 -0.004167 1.000000
0 314 0.252865 0.460185 0.139063 0.424074 0.002865 -0.006944 1.000000
0 315 0.259896 0.461111 0.128125 0.427778 0.007031 0.000926 1.000000
0 316 0.273958 0.468981 0.098958 0.400926 0.014063 0.007870 1.000000
0 317 0.271094 0.469444 0.105729 0.398148 -0.002865 0.000463 1.000000
0 318 0.267969 0.478704 0.111979 0.374074 -0.003125 0.009259 1.000000
0 319 0.267188 0.482407 0.113542 0.364815 -0.000781 0.003704 1.000000
0 320 0.267188 0.485648 0.114583 0.352778 0.000000 0.003241 1.000000
0 321 0.266406 0.498611 0.117188 0.321296 -0.000781 0.012963 1.000000
0 322 0.263542 0.507870 0.123958 0.302778 -0.002865 0.009259 1.000000
0 323 0.259896 0.519444 0.130208 0.279630 -0.003646 0.011574 1.000000
0 324 0.259635 0.519444 0.130729 0.277778 -0.000260 0.000000 1.000000
0 325 0.263021 0.518519 0.123958 0.277778 0.003385 -0.000926 1.000000
0 326 0.265625 0.517593 0.119792 0.279630 0.002604 -0.000926 1.000000
0 327 0.267188 0.519444 0.116667 0.277778 0.001563 0.001852 1.000000
0 328 0.267708 0.517593 0.115625 0.277778 0.000521 -0.001852 1.000000
0 329 0.269010 0.517593 0.114062 0.277778 0.001302 0.000000 1.000000
0 330 0.269271 0.516204 0.113542 0.278704 0.000260 -0.001389 1.000000
0 331 0.269010 0.516204 0.114062 0.278704 -0.000260 0.000000 1.000000
0 332 0.268490 0.516667 0.114062 0.279630 -0.000521 0.000463 1.000000
0 333 0.267188 0.516204 0.116667 0.278704 -0.001302 -0.000463 1.000000
0 334 0.266667 0.517593 0.117708 0.275926 -0.000521 0.001389 1.000000
0 335 0.266406 0.518981 0.119271 0.275000 -0.000260 0.001389 1.000000
0 336 0.265365 0.523611 0.121354 0.265741 -0.001042 0.004630 1.000000
0 337 0.265885 0.527778 0.121354 0.259259 0.000521 0.004167 1.000000
0 338 0.264583 0.529167 0.123958 0.254630 -0.001302 0.001389 1.000000
0 339 0.267969 0.528704 0.116146 0.259259 0.003385 -0.000463 1.000000
0 340 0.270052 0.516204 0.111979 0.282407 0.002083 -0.012500 1.000000
0 341 0.275521 0.475463 0.103125 0.365741 0.005469 -0.040741 1.000000
0 342 0.278385 0.453241 0.105729 0.402778 0.002865 -0.022222 1.000000
0 343 0.280990 0.425000 0.110937 0.451852 0.002604 -0.028241 1.000000
0 344 0.282292 0.405556 0.113542 0.490741 0.001302 -0.019444 1.000000
0 345 0.279427 0.399537 0.119271 0.510185 -0.002865 -0.006019 1.000000
0 346 0.277865 0.406019 0.123438 0.506481 -0.001563 0.006481 1.000000
0 347 0.277344 0.412037 0.125521 0.496296 -0.000521 0.006019 1.000000
0 348 0.277865 0.418056 0.124479 0.482407 0.000521 0.006019 1.000000
0 349 0.278385 0.418519 0.122396 0.479630 0.000521 0.000463 1.000000
0 350 0.278385 0.421296 0.122396 0.474074 0.000000 0.002778 1.000000
0 351 0.279167 0.434259 0.121875 0.453704 0.000781 0.012963 1.000000
0 352 0.278385 0.437037 0.121354 0.446296 -0.000781 0.002778 1.000000
0 353 0.278385 0.437500 0.122396 0.445370 0.000000 0.000463 1.000000
0 354 0.278125 0.436574 0.123958 0.445370 -0.000260 -0.000926 1.000000
0 355 0.278125 0.439815 0.123958 0.440741 0.000000 0.003241 1.000000
0 356 0.277344 0.443056 0.123438 0.432407 -0.000781 0.003241 1.000000
0 357 0.277344 0.443519 0.124479 0.429630 0.000000 0.000463 1.000000
0 358 0.277083 0.444907 0.121875 0.425000 -0.000260 0.001389 1.000000
0 359 0.275000 0.441204 0.127083 0.413889 -0.002083 -0.003704 1.000000
0 360 0.272396 0.456019 0.137500 0.395370 -0.002604 0.014815 1.000000
0 361 0.269010 0.516667 0.144271 0.288889 -0.003385 0.060648 1.000000
0 362 0.269531 0.531944 0.145313 0.258333 0.000521 0.015278 1.000000
0 363 0.269271 0.537963 0.144792 0.250000 -0.000260 0.006019 1.000000
0 364 0.269010 0.538889 0.145313 0.246296 -0.000260 0.000926 1.000000
0 365 0.269271 0.540741 0.144792 0.242593 0.000260 0.001852 1.000000
0 366 0.269271 0.536574 0.144792 0.249074 0.000000 -0.004167 1.000000
0 367 0.269792 0.530556 0.144792 0.261111 0.000521 -0.006019 1.000000
0 368 0.269531 0.522222 0.144271 0.277778 -0.000260 -0.008333 1.000000
0 369 0.269792 0.502315 0.143750 0.317593 0.000260 -0.019907 1.000000
0 370 0.269010 0.477778 0.145313 0.366667 -0.000781 -0.024537 1.000000
0 371 0.269271 0.412500 0.144792 0.497222 0.000260 -0.065278 1.000000
0 372 0.269271 0.412500 0.144792 0.497222 0.000000 0.000000 1.000000
0 373 0.267448 0.423148 0.140104 0.474074 -0.001823 0.010648 1.000000
0 374 0.265885 0.436574 0.136979 0.434259 -0.001563 0.013426 1.000000
0 375 0.264844 0.439815 0.139063 0.431481 -0.001042 0.003241 1.000000
0 376 0.264323 0.446296 0.141146 0.429630 -0.000521 0.006481 1.000000
0 377 0.264323 0.449074 0.141146 0.425926 0.000000 0.002778 1.000000
0 378 0.264844 0.450926 0.141146 0.422222 0.000521 0.001852 1.000000
0 379 0.264844 0.450000 0.141146 0.425926 0.000000 -0.000926 1.000000
0 380 0.264583 0.453241 0.141667 0.421296 -0.000260 0.003241 1.000000
0 381 0.264583 0.455093 0.141667 0.419444 0.000000 0.001852 1.000000
0 382 0.264323 0.450926 0.143229 0.425926 -0.000260 -0.004167 1.000000
0 383 0.263281 0.447222 0.143229 0.433333 -0.001042 -0.003704 1.000000
0 384 0.263021 0.443519 0.142708 0.440741 -0.000260 -0.003704 1.000000
0 385 0.261979 0.439352 0.143750 0.439815 -0.001042 -0.004167 1.000000
0 386 0.261458 0.442593 0.144792 0.438889 -0.000521 0.003241 1.000000
0 387 0.261458 0.445370 0.144792 0.437037 0.000000 0.002778 1.000000
0 388 0.261979 0.448148 0.144792 0.427778 0.000521 0.002778 1.000000
0 389 0.261719 0.446296 0.145313 0.431481 -0.000260 -0.001852 1.000000
0 390 0.261979 0.445370 0.144792 0.435185 0.000260 -0.000926 1.000000
0 391 0.261458 0.444444 0.142708 0.437037 -0.000521 -0.000926 1.000000
0 392 0.261198 0.446296 0.140104 0.435185 -0.000260 0.001852 1.000000
0 393 0.261198 0.447685 0.140104 0.432407 0.000000 0.001389 1.000000
0 394 0.261198 0.450926 0.141146 0.427778 0.000000 0.003241 1.000000
0 395 0.260937 0.455093 0.142708 0.413889 -0.000260 0.004167 1.000000
0 396 0.252083 0.463889 0.164583 0.394444 -0.008854 0.008796 1.000000
0 397 0.250000 0.475463 0.168750 0.380556 -0.002083 0.011574 1.000000
0 398 0.249479 0.492593 0.169792 0.348148 -0.000521 0.017130 1.000000
0 399 0.250521 0.515278 0.171875 0.302778 0.001042 0.022685 1.000000
0 400 0.250521 0.527778 0.170833 0.277778 0.000000 0.012500 1.000000
0 401 0.248177 0.511574 0.175521 0.310185 -0.002344 -0.016204 1.000000
0 402 0.241406 0.495833 0.183854 0.339815 -0.006771 -0.015741 1.000000
0 403 0.237500 0.476852 0.170833 0.377778 -0.003906 -0.018981 1.000000
0 404 0.234375 0.457870 0.150000 0.415741 -0.003125 -0.018981 1.000000
0 405 0.229427 0.441667 0.139063 0.446296 -0.004948 -0.016204 1.000000
0 406 0.227865 0.429167 0.135937 0.471296 -0.001563 -0.012500 1.000000
0 407 0.227865 0.418981 0.138021 0.489815 0.000000 -0.010185 1.000000
0 408 0.228125 0.423611 0.137500 0.482407 0.000260 0.004630 1.000000
0 409 0.228385 0.428241 0.138021 0.471296 0.000260 0.004630 1.000000
0 410 0.229687 0.446296 0.136458 0.431481 0.001302 0.018056 1.000000
0 411 0.230469 0.455556 0.135937 0.412963 0.000781 0.009259 1.000000
0 412 0.233594 0.450926 0.134896 0.420370 0.003125 -0.004630 1.000000
0 413 0.234375 0.446759 0.134375 0.426852 0.000781 -0.004167 1.000000
0 414 0.235417 0.448611 0.134375 0.423148 0.001042 0.001852 1.000000
0 415 0.234635 0.450000 0.134896 0.418519 -0.000781 0.001389 1.000000
0 416 0.235156 0.452315 0.134896 0.413889 0.000521 0.002315 1.000000
0 417 0.235417 0.452778 0.134375 0.411111 0.000260 0.000463 1.000000
0 418 0.235417 0.448148 0.134375 0.420370 0.000000 -0.004630 1.000000
0 419 0.234635 0.446296 0.135937 0.420370 -0.000781 -0.001852 1.000000
0 420 0.232031 0.446759 0.141146 0.419444 -0.002604 0.000463 1.000000
0 421 0.230469 0.443056 0.144271 0.425000 -0.001563 -0.003704 1.000000
0 422 0.228385 0.444444 0.143229 0.433333 -0.002083 0.001389 1.000000
0 423 0.226042 0.445370 0.138542 0.429630 -0.002344 0.000926 1.000000
0 424 0.225781 0.448611 0.136979 0.425000 -0.000260 0.003241 1.000000
0 425 0.226042 0.447685 0.137500 0.425000 0.000260 -0.000926 1.000000
0 426 0.226302 0.448611 0.138021 0.423148 0.000260 0.000926 1.000000
0 427 0.226562 0.451389 0.138542 0.417593 0.000260 0.002778 1.000000
0 428 0.226042 0.454167 0.138542 0.412037 -0.000521 0.002778 1.000000
0 429 0.226042 0.451389 0.137500 0.415741 0.000000 -0.002778 1.000000
0 430 0.226042 0.449537 0.137500 0.419444 0.000000 -0.001852 1.000000
0 431 0.227865 0.447685 0.141146 0.423148 0.001823 -0.001852 1.000000
0 432 0.232552 0.449074 0.191146 0.420370 0.004687 0.001389 1.000000
0 433 0.233594 0.451852 0.196354 0.412963 0.001042 0.002778 1.000000
0 434 0.234896 0.456019 0.196875 0.404630 0.001302 0.004167 1.000000
0 435 0.237500 0.460648 0.192708 0.397222 0.002604 0.004630 1.000000
0 436 0.240365 0.462037 0.184896 0.396296 0.002865 0.001389 1.000000
0 437 0.238542 0.471759 0.163542 0.376852 -0.001823 0.009722 1.000000
0 438 0.234375 0.493981 0.154167 0.332407 -0.004167 0.022222 1.000000
0 439 0.231510 0.505556 0.148438 0.307407 -0.002865 0.011574 1.000000
0 440 0.231250 0.512500 0.147917 0.293519 -0.000260 0.006944 1.000000
0 441 0.231250 0.515741 0.147917 0.287037 0.000000 0.003241 1.000000
0 442 0.231771 0.515278 0.148958 0.286111 0.000521 -0.000463 1.000000
0 443 0.231510 0.513426 0.149479 0.291667 -0.000260 -0.001852 1.000000
0 444 0.232813 0.510648 0.148958 0.297222 0.001302 -0.002778 1.000000
0 445 0.232552 0.507870 0.148438 0.302778 -0.000260 -0.002778 1.000000
0 446 0.232031 0.505556 0.147396 0.305556 -0.000521 -0.002315 1.000000
0 447 0.231771 0.504167 0.146875 0.308333 -0.000260 -0.001389 1.000000
0 448 0.232031 0.504167 0.147396 0.308333 0.000260 0.000000 1.000000
0 449 0.232552 0.503241 0.148438 0.308333 0.000521 -0.000926 1.000000
0 450 0.232292 0.504167 0.147917 0.308333 -0.000260 0.000926 1.000000
0 451 0.230990 0.497222 0.145313 0.320370 -0.001302 -0.006944 1.000000
0 452 0.229427 0.474537 0.139063 0.365741 -0.001563 -0.022685 1.000000
0 453 0.230469 0.458333 0.138021 0.398148 0.001042 -0.016204 1.000000
0 454 0.231250 0.442593 0.137500 0.429630 0.000781 -0.015741 1.000000
0 455 0.223698 0.448148 0.154688 0.418519 -0.007552 0.005556 1.000000
0 456 0.219531 0.465741 0.168229 0.383333 -0.004167 0.017593 1.000000
0 457 0.228906 0.462037 0.166146 0.388889 0.009375 -0.003704 1.000000
0 458 0.230729 0.461574 0.164583 0.389815 0.001823 -0.000463 1.000000
0 459 0.230990 0.467593 0.166146 0.379630 0.000260 0.006019 1.000000
0 460 0.229167 0.467593 0.169792 0.377778 -0.001823 0.000000 1.000000
0 461 0.228125 0.474074 0.167708 0.364815 -0.001042 0.006481 1.000000
0 462 0.224740 0.467593 0.148438 0.377778 -0.003385 -0.006481 1.000000
0 463 0.224219 0.461574 0.144271 0.386111 -0.000521 -0.006019 1.000000
0 464 0.218490 0.457870 0.128646 0.393519 -0.005729 -0.003704 1.000000
0 465 0.212760 0.452315 0.114062 0.404630 -0.005729 -0.005556 1.000000
0 466 0.206250 0.448148 0.108333 0.412963 -0.006510 -0.004167 1.000000
0 467 0.205729 0.445370 0.116667 0.416667 -0.000521 -0.002778 1.000000
0 468 0.193229 0.444444 0.144792 0.416667 -0.012500 -0.000926 1.000000
0 469 0.186979 0.447685 0.163542 0.410185 -0.006250 0.003241 1.000000
0 470 0.184635 0.450926 0.173437 0.403704 -0.002344 0.003241 1.000000
0 471 0.180990 0.462037 0.176563 0.388889 -0.003646 0.011111 1.000000
0 472 0.175521 0.468056 0.163542 0.378704 -0.005469 0.006019 1.000000
0 473 0.173177 0.468056 0.155729 0.376852 -0.002344 0.000000 1.000000
0 474 0.171875 0.466667 0.154167 0.379630 -0.001302 -0.001389 1.000000
0 475 0.170313 0.463889 0.153125 0.383333 -0.001563 -0.002778 1.000000
0 476 0.167187 0.458796 0.144792 0.391667 -0.003125 -0.005093 1.000000
0 477 0.140104 0.445833 0.098958 0.417593 -0.027083 -0.012963 1.000000
0 478 0.136979 0.439352 0.097917 0.421296 -0.003125 -0.006481 1.000000
0 479 0.125781 0.436574 0.089063 0.423148 -0.011198 -0.002778 1.000000
0 480 0.120313 0.432407 0.082292 0.429630 -0.005469 -0.004167 1.000000
0 481 0.117188 0.432870 0.084375 0.445370 -0.003125 0.000463 1.000000
0 482 0.112500 0.445370 0.089583 0.420370 -0.004687 0.012500 1.000000
0 483 0.114323 0.444907 0.082812 0.421296 0.001823 -0.000463 1.000000
0 484 0.114583 0.447222 0.081250 0.416667 0.000260 0.002315 1.000000
0 485 0.114062 0.449537 0.084375 0.412037 -0.000521 0.002315 1.000000
0 486 0.117969 0.451852 0.090104 0.403704 0.003906 0.002315 1.000000
0 487 0.120573 0.445370 0.096354 0.401852 0.002604 -0.006481 1.000000
0 488 0.120573 0.445370 0.092188 0.401852 0.000000 0.000000 1.000000
0 489 0.122656 0.448148 0.088021 0.396296 0.002083 0.002778 1.000000
0 490 0.124219 0.450463 0.075521 0.397222 0.001563 0.002315 1.000000
0 491 0.131771 0.455556 0.079167 0.387037 0.007552 0.005093 1.000000
0 492 0.139323 0.464352 0.080729 0.369444 0.007552 0.008796 1.000000
0 493 0.142708 0.467593 0.078125 0.361111 0.003385 0.003241 1.000000
0 494 0.145833 0.462963 0.070833 0.370370 0.003125 -0.004630 1.000000
0 495 0.143750 0.456019 0.072917 0.375000 -0.002083 -0.006944 1.000000
0 496 0.147656 0.450000 0.082812 0.379630 0.003906 -0.006019 1.000000
0 497 0.152083 0.443519 0.102083 0.392593 0.004427 -0.006481 1.000000
0 498 0.152604 0.441204 0.106250 0.393519 0.000521 -0.002315 1.000000
0 499 0.153906 0.440278 0.105729 0.397222 0.001302 -0.000926 1.000000
0 500 0.154167 0.438889 0.100000 0.398148 0.000260 -0.001389 1.000000
0 501 0.154688 0.440741 0.092708 0.394444 0.000521 0.001852 1.000000
0 502 0.156771 0.449074 0.086458 0.375926 0.002083 0.008333 1.000000
0 503 0.157292 0.455556 0.083333 0.361111 0.000521 0.006481 1.000000
0 504 0.157031 0.458796 0.079687 0.352778 -0.000260 0.003241 1.000000
0 505 0.157552 0.456944 0.061979 0.352778 0.000521 -0.001852 1.000000
0 506 0.160417 0.453241 0.058333 0.358333 0.002865 -0.003704 1.000000
0 507 0.163281 0.443981 0.065104 0.375000 0.002865 -0.009259 1.000000
0 508 0.165885 0.441667 0.070312 0.377778 0.002604 -0.002315 1.000000
0 509 0.168229 0.437037 0.086458 0.372222 0.002344 -0.004630 1.000000
0 510 0.169792 0.436111 0.101042 0.372222 0.001563 -0.000926 1.000000
0 511 0.170573 0.436574 0.107813 0.380556 0.000781 0.000463 1.000000
0 512 0.173698 0.438426 0.125521 0.382407 0.003125 0.001852 1.000000
0 513 0.173177 0.445370 0.121354 0.366667 -0.000521 0.006944 1.000000
0 514 0.172135 0.450926 0.119271 0.355556 -0.001042 0.005556 1.000000
0 515 0.170573 0.457407 0.122396 0.344444 -0.001563 0.006481 1.000000
0 516 0.166667 0.456481 0.129167 0.342593 -0.003906 -0.000926 1.000000
0 517 0.166667 0.456481 0.109375 0.348148 0.000000 0.000000 1.000000
0 518 0.170313 0.455556 0.115625 0.346296 0.003646 -0.000926 1.000000
0 519 0.171875 0.456019 0.119792 0.345370 0.001563 0.000463 1.000000
0 520 0.172917 0.454167 0.120833 0.347222 0.001042 -0.001852 1.000000
0 521 0.173437 0.450000 0.119792 0.353704 0.000521 -0.004167 1.000000
0 522 0.178906 0.442593 0.124479 0.366667 0.005469 -0.007407 1.000000
0 523 0.193229 0.437037 0.132292 0.379630 0.014323 -0.005556 1.000000
0 524 0.200000 0.440278 0.127083 0.376852 0.006771 0.003241 1.000000
0 525 0.202083 0.440741 0.130208 0.374074 0.002083 0.000463 1.000000
0 526 0.203906 0.442130 0.132812 0.371296 0.001823 0.001389 1.000000
0 527 0.207552 0.444444 0.134896 0.364815 0.003646 0.002315 1.000000
0 528 0.211979 0.443981 0.135417 0.367593 0.004427 -0.000463 1.000000
0 529 0.215885 0.444444 0.135937 0.368519 0.003906 0.000463 1.000000
0 530 0.220312 0.444907 0.139583 0.367593 0.004427 0.000463 1.000000
0 531 0.222656 0.444907 0.139063 0.367593 0.002344 0.000000 1.000000
0 532 0.225260 0.443519 0.139063 0.368519 0.002604 -0.001389 1.000000
0 533 0.227083 0.444907 0.139583 0.369444 0.001823 0.001389 1.000000
0 534 0.227604 0.443981 0.141667 0.369444 0.000521 -0.000926 1.000000
0 535 0.227344 0.444444 0.141146 0.368519 -0.000260 0.000463 1.000000
0 536 0.226823 0.444444 0.141146 0.368519 -0.000521 0.000000 1.000000
0 537 0.226042 0.444444 0.143750 0.374074 -0.000781 0.000000 1.000000
0 538 0.222135 0.443056 0.140104 0.376852 -0.003906 -0.001389 1.000000
0 539 0.217188 0.439352 0.131250 0.384259 -0.004948 -0.003704 1.000000
0 540 0.208594 0.433796 0.117188 0.393519 -0.008594 -0.005556 1.000000
0 541 0.215365 0.435185 0.122396 0.390741 0.006771 0.001389 1.000000
0 542 0.221615 0.443056 0.114062 0.380556 0.006250 0.007870 1.000000
0 543 0.222656 0.445370 0.115104 0.377778 0.001042 0.002315 1.000000
0 544 0.223958 0.448148 0.115625 0.372222 0.001302 0.002778 1.000000
0 545 0.225781 0.449537 0.116146 0.367593 0.001823 0.001389 1.000000
0 546 0.228125 0.450463 0.115625 0.367593 0.002344 0.000926 1.000000
0 547 0.234635 0.450000 0.116146 0.366667 0.006510 -0.000463 1.000000
0 548 0.236458 0.450463 0.116667 0.365741 0.001823 0.000463 1.000000
0 549 0.238802 0.450926 0.117188 0.364815 0.002344 0.000463 1.000000
0 550 0.240625 0.450926 0.117708 0.364815 0.001823 0.000000 1.000000
0 551 0.241146 0.450926 0.117708 0.366667 0.000521 0.000000 1.000000
0 552 0.242188 0.450000 0.118750 0.368519 0.001042 -0.000926 1.000000
0 553 0.242969 0.450000 0.118229 0.370370 0.000781 0.000000 1.000000
0 554 0.243229 0.450463 0.118750 0.371296 0.000260 0.000463 1.000000
0 555 0.244010 0.451389 0.119271 0.371296 0.000781 0.000926 1.000000
0 556 0.245573 0.450926 0.119271 0.372222 0.001563 -0.000463 1.000000
0 557 0.246875 0.451389 0.119792 0.375000 0.001302 0.000463 1.000000
0 558 0.247656 0.450000 0.120313 0.377778 0.000781 -0.001389 1.000000
0 559 0.248438 0.448148 0.120833 0.381481 0.000781 -0.001852 1.000000
0 560 0.248958 0.450463 0.120833 0.380556 0.000521 0.002315 1.000000
0 561 0.251042 0.450463 0.123958 0.382407 0.002083 0.000000 1.000000
0 562 0.253385 0.452778 0.123438 0.377778 0.002344 0.002315 1.000000
0 563 0.250781 0.450926 0.116146 0.383333 -0.002604 -0.001852 1.000000
0 564 0.253125 0.446759 0.116667 0.384259 0.002344 -0.004167 1.000000
0 565 0.258594 0.446296 0.104688 0.383333 0.005469 -0.000463 1.000000
0 579 0.547135 0.450926 0.071354 0.383333 0.020610 0.000331 1.000000
0 580 0.563802 0.450926 0.078646 0.385185 0.016667 0.000000 1.000000
0 581 0.585938 0.449074 0.102083 0.385185 0.022135 -0.001852 1.000000
0 582 0.622135 0.446296 0.123438 0.390741 0.036198 -0.002778 1.000000
0 583 0.655208 0.449074 0.143750 0.392593 0.033073 0.002778 1.000000
0 584 0.673698 0.449537 0.111979 0.393519 0.018490 0.000463 1.000000
0 585 0.682292 0.449074 0.097917 0.392593 0.008594 -0.000463 1.000000
0 586 0.701042 0.450000 0.109375 0.388889 0.018750 0.000926 1.000000
0 587 0.721354 0.447685 0.127083 0.391667 0.020313 -0.002315 1.000000
0 588 0.765104 0.448148 0.156250 0.394444 0.043750 0.000463 1.000000
0 589 0.770312 0.447222 0.161458 0.394444 0.005208 -0.000926 1.000000
0 590 0.772396 0.442130 0.160417 0.402778 0.002083 -0.005093 1.000000
0 591 0.773698 0.418981 0.157812 0.447222 0.001302 -0.023148 1.000000
0 592 0.773698 0.422685 0.157812 0.437963 0.000000 0.003704 1.000000
0 593 0.785417 0.417130 0.134375 0.449074 0.011719 -0.005556 1.000000
0 594 0.792448 0.420370 0.132812 0.440741 0.007031 0.003241 1.000000
0 595 0.795833 0.425463 0.138542 0.432407 0.003385 0.005093 1.000000
0 596 0.797396 0.436111 0.133333 0.416667 0.001563 0.010648 1.000000
0 597 0.794010 0.443519 0.136979 0.396296 -0.003385 0.007407 1.000000
0 598 0.790885 0.439352 0.127604 0.400926 -0.003125 -0.004167 1.000000
0 599 0.766406 0.438889 0.111979 0.405556 -0.024479 -0.000463 1.000000
0 600 0.763021 0.439352 0.120833 0.410185 -0.003385 0.000463 1.000000
0 601 0.760677 0.445370 0.126562 0.400000 -0.002344 0.006019 1.000000
0 602 0.763021 0.444444 0.120833 0.396296 0.002344 -0.000926 1.000000
0 603 0.767969 0.438889 0.109896 0.405556 0.004948 -0.005556 1.000000
0 604 0.770573 0.432870 0.107813 0.421296 0.002604 -0.006019 1.000000
0 605 0.771875 0.423148 0.107292 0.442593 0.001302 -0.009722 1.000000
0 606 0.770312 0.415741 0.109375 0.453704 -0.001563 -0.007407 1.000000
0 607 0.770312 0.411111 0.111458 0.466667 0.000000 -0.004630 1.000000
0 608 0.766406 0.425000 0.120313 0.435185 -0.003906 0.013889 1.000000
0 609 0.765625 0.437963 0.121875 0.409259 -0.000781 0.012963 1.000000
0 610 0.762240 0.448148 0.126562 0.387037 -0.003385 0.010185 1.000000
0 611 0.758854 0.448148 0.131250 0.388889 -0.003385 0.000000 1.000000
0 612 0.756510 0.451852 0.133854 0.387037 -0.002344 0.003704 1.000000
0 613 0.748177 0.454167 0.142187 0.380556 -0.008333 0.002315 1.000000
0 614 0.741146 0.454630 0.144792 0.377778 -0.007031 0.000463 1.000000
0 615 0.725000 0.454630 0.129167 0.375926 -0.016146 0.000000 1.000000
0 616 0.711979 0.452778 0.118750 0.377778 -0.013021 -0.001852 1.000000
0 617 0.705729 0.451852 0.118750 0.381481 -0.006250 -0.000926 1.000000
0 618 0.690365 0.451852 0.118229 0.387037 -0.015365 0.000000 1.000000
0 619 0.678125 0.453704 0.118750 0.390741 -0.012240 0.001852 1.000000
0 620 0.671354 0.454630 0.120833 0.387037 -0.006771 0.000926 1.000000
0 621 0.663021 0.455093 0.128125 0.386111 -0.008333 0.000463 1.000000
0 622 0.654948 0.455093 0.132812 0.384259 -0.008073 0.000000 1.000000
0 623 0.627604 0.452315 0.120833 0.397222 -0.027344 -0.002778 1.000000
0 624 0.622135 0.449074 0.123438 0.409259 -0.005469 -0.003241 1.000000
0 625 0.618750 0.445370 0.119792 0.412963 -0.003385 -0.003704 1.000000
0 626 0.613281 0.435185 0.107813 0.429630 -0.005469 -0.010185 1.000000
0 627 0.604427 0.430556 0.092188 0.444444 -0.008854 -0.004630 1.000000
0 628 0.575781 0.425926 0.072396 0.448148 -0.028646 -0.004630 1.000000
0 629 0.566406 0.423148 0.077604 0.440741 -0.009375 -0.002778 1.000000
0 630 0.563802 0.426852 0.077604 0.429630 -0.002604 0.003704 1.000000
0 631 0.556771 0.434259 0.086458 0.431481 -0.007031 0.007407 1.000000
0 632 0.551562 0.438889 0.083333 0.425926 -0.005208 0.004630 1.000000
0 633 0.547917 0.451389 0.078125 0.400926 -0.003646 0.012500 1.000000
0 634 0.540885 0.461574 0.084896 0.384259 -0.007031 0.010185 1.000000
0 635 0.538542 0.471759 0.085417 0.356481 -0.002344 0.010185 1.000000
0 636 0.539844 0.474537 0.074479 0.330556 0.001302 0.002778 1.000000
0 637 0.537760 0.488889 0.077604 0.322222 -0.002083 0.014352 1.000000
0 638 0.528646 0.502778 0.081250 0.294444 -0.009115 0.013889 1.000000
0 639 0.524479 0.507407 0.081250 0.287037 -0.004167 0.004630 1.000000
0 640 0.521354 0.508796 0.079167 0.284259 -0.003125 0.001389 1.000000
0 641 0.518490 0.506944 0.076563 0.284259 -0.002865 -0.001852 1.000000
0 642 0.515625 0.504167 0.073958 0.280556 -0.002865 -0.002778 1.000000
0 643 0.508333 0.501389 0.078125 0.278704 -0.007292 -0.002778 1.000000
0 644 0.505469 0.500926 0.077604 0.281481 -0.002865 -0.000463 1.000000
0 645 0.503385 0.499074 0.078646 0.279630 -0.002083 -0.001852 1.000000
0 646 0.501823 0.497685 0.076563 0.284259 -0.001563 -0.001389 1.000000
0 647 0.501302 0.492593 0.075521 0.290741 -0.000521 -0.005093 1.000000
0 648 0.496875 0.484722 0.087500 0.300926 -0.004427 -0.007870 1.000000
0 649 0.498698 0.479630 0.093229 0.307407 0.001823 -0.005093 1.000000
0 650 0.499740 0.478704 0.098437 0.311111 0.001042 -0.000926 1.000000
0 651 0.502604 0.474537 0.093750 0.319444 0.002865 -0.004167 1.000000
0 652 0.504948 0.468056 0.085938 0.328704 0.002344 -0.006481 1.000000
0 653 0.503906 0.460185 0.071354 0.346296 -0.001042 -0.007870 1.000000
0 654 0.503646 0.458333 0.067708 0.346296 -0.000260 -0.001852 1.000000
0 655 0.503906 0.456481 0.066146 0.346296 0.000260 -0.001852 1.000000
0 656 0.503385 0.456944 0.070312 0.349074 -0.000521 0.000463 1.000000
0 657 0.500521 0.453704 0.067708 0.355556 -0.002865 -0.003241 1.000000
0 658 0.498958 0.443981 0.070833 0.367593 -0.001563 -0.009722 1.000000
0 659 0.494792 0.437037 0.079167 0.366667 -0.004167 -0.006944 1.000000
0 660 0.491146 0.433796 0.083333 0.362037 -0.003646 -0.003241 1.000000
0 661 0.496094 0.434722 0.097396 0.363889 0.004948 0.000926 1.000000
0 662 0.497135 0.442593 0.105729 0.372222 0.001042 0.007870 1.000000
0 663 0.492708 0.447685 0.106250 0.358333 -0.004427 0.005093 1.000000
0 664 0.488021 0.448611 0.107292 0.354630 -0.004687 0.000926 1.000000
0 665 0.485156 0.445833 0.106771 0.362037 -0.002865 -0.002778 1.000000
0 666 0.482292 0.445370 0.106250 0.364815 -0.002865 -0.000463 1.000000
0 667 0.479427 0.445370 0.105729 0.364815 -0.002865 0.000000 1.000000
0 668 0.476562 0.445833 0.106250 0.363889 -0.002865 0.000463 1.000000
0 669 0.473177 0.444907 0.106771 0.362037 -0.003385 -0.000926 1.000000
0 670 0.471354 0.444907 0.105208 0.362037 -0.001823 0.000000 1.000000
0 671 0.469792 0.443981 0.105208 0.362037 -0.001563 -0.000926 1.000000
0 672 0.467969 0.444444 0.106771 0.361111 -0.001823 0.000463 1.000000
0 673 0.464323 0.445370 0.105729 0.361111 -0.003646 0.000926 1.000000
0 674 0.461979 0.445370 0.107292 0.362963 -0.002344 0.000000 1.000000
0 675 0.460938 0.443981 0.106250 0.360185 -0.001042 -0.001389 1.000000
0 676 0.459375 0.444907 0.106250 0.362037 -0.001563 0.000926 1.000000
0 677 0.457292 0.445370 0.106250 0.357407 -0.002083 0.000463 1.000000
0 678 0.455208 0.454167 0.106250 0.345370 -0.002083 0.008796 1.000000
0 679 0.453646 0.453704 0.105208 0.344444 -0.001563 -0.000463 1.000000
0 680 0.452083 0.450926 0.105208 0.348148 -0.001563 -0.002778 1.000000
0 681 0.451562 0.448611 0.107292 0.354630 -0.000521 -0.002315 1.000000
0 682 0.449479 0.444907 0.108333 0.362037 -0.002083 -0.003704 1.000000
0 683 0.444531 0.438426 0.121354 0.349074 -0.004948 -0.006481 1.000000
0 684 0.439583 0.441667 0.135417 0.342593 -0.004948 0.003241 1.000000
0 685 0.435417 0.451852 0.135417 0.342593 -0.004167 0.010185 1.000000
0 686 0.433854 0.457407 0.140625 0.331481 -0.001563 0.005556 1.000000
0 687 0.430990 0.465278 0.143229 0.325000 -0.002865 0.007870 1.000000
0 688 0.428125 0.476852 0.146875 0.300000 -0.002865 0.011574 1.000000
0 689 0.434635 0.477778 0.134896 0.300000 0.006510 0.000926 1.000000
0 690 0.435156 0.481019 0.132812 0.295370 0.000521 0.003241 1.000000
0 691 0.436198 0.483796 0.132812 0.291667 0.001042 0.002778 1.000000
0 692 0.435937 0.485648 0.132292 0.286111 -0.000260 0.001852 1.000000
0 693 0.436458 0.484722 0.133333 0.289815 0.000521 -0.000926 1.000000
0 694 0.435677 0.483333 0.133854 0.292593 -0.000781 -0.001389 1.000000
0 695 0.435417 0.483796 0.133333 0.291667 -0.000260 0.000463 1.000000
0 696 0.435156 0.485185 0.132812 0.290741 -0.000260 0.001389 1.000000
0 697 0.432292 0.487037 0.131250 0.287037 -0.002865 0.001852 1.000000
0 698 0.431510 0.493056 0.133854 0.275000 -0.000781 0.006019 1.000000
0 699 0.430469 0.493519 0.134896 0.275926 -0.001042 0.000463 1.000000
0 700 0.432031 0.488426 0.133854 0.284259 0.001563 -0.005093 1.000000
0 701 0.432292 0.485185 0.132292 0.290741 0.000260 -0.003241 1.000000
0 702 0.432031 0.483333 0.130729 0.296296 -0.000260 -0.001852 1.000000
0 703 0.434115 0.484722 0.130729 0.293519 0.002083 0.001389 1.000000
0 704 0.434896 0.485185 0.130208 0.290741 0.000781 0.000463 1.000000
0 705 0.435677 0.485648 0.128646 0.300926 0.000781 0.000463 1.000000
0 706 0.435677 0.485185 0.128646 0.303704 0.000000 -0.000463 1.000000
0 707 0.435417 0.483333 0.135417 0.307407 -0.000260 -0.001852 1.000000
0 708 0.434896 0.486574 0.136458 0.300926 -0.000521 0.003241 1.000000
0 709 0.434896 0.489352 0.168750 0.295370 0.000000 0.002778 1.000000
0 710 0.433073 0.493056 0.173437 0.289815 -0.001823 0.003704 1.000000
0 711 0.436458 0.493981 0.166667 0.287963 0.003385 0.000926 1.000000
0 712 0.427344 0.493981 0.154688 0.287963 -0.009115 0.000000 1.000000
0 713 0.434115 0.488426 0.128646 0.284259 0.006771 -0.005556 1.000000
0 714 0.433594 0.489815 0.127604 0.281481 -0.000521 0.001389 1.000000
0 715 0.435156 0.493519 0.127604 0.281481 0.001563 0.003704 1.000000
0 716 0.434635 0.492130 0.128646 0.284259 -0.000521 -0.001389 1.000000
0 717 0.434375 0.491667 0.129167 0.287037 -0.000260 -0.000463 1.000000
0 718 0.433594 0.487037 0.126562 0.296296 -0.000781 -0.004630 1.000000
0 719 0.434115 0.487500 0.133854 0.295370 0.000521 0.000463 1.000000
0 720 0.433854 0.490741 0.134375 0.290741 -0.000260 0.003241 1.000000
0 721 0.433333 0.492130 0.135417 0.287963 -0.000521 0.001389 1.000000
0 722 0.432552 0.489815 0.135937 0.292593 -0.000781 -0.002315 1.000000
0 723 0.432292 0.477315 0.136458 0.317593 -0.000260 -0.012500 1.000000
0 724 0.433073 0.468981 0.132812 0.323148 0.000781 -0.008333 1.000000
0 725 0.436719 0.465278 0.128646 0.330556 0.003646 -0.003704 1.000000
0 726 0.439323 0.462500 0.123438 0.336111 0.002604 -0.002778 1.000000
0 727 0.439844 0.461574 0.122396 0.339815 0.000521 -0.000926 1.000000
0 728 0.439583 0.457870 0.122917 0.347222 -0.000260 -0.003704 1.000000
0 729 0.439063 0.452778 0.122917 0.357407 -0.000521 -0.005093 1.000000
0 730 0.436719 0.449074 0.126562 0.366667 -0.002344 -0.003704 1.000000
0 731 0.442188 0.446296 0.120833 0.368519 0.005469 -0.002778 1.000000
0 732 0.444271 0.436574 0.117708 0.389815 0.002083 -0.009722 1.000000
0 733 0.442188 0.419444 0.117708 0.425926 -0.002083 -0.017130 1.000000
0 734 0.442188 0.423611 0.117708 0.419444 0.000000 0.004167 1.000000
0 735 0.443229 0.422685 0.116667 0.421296 0.001042 -0.000926 1.000000
0 736 0.443750 0.425000 0.115625 0.416667 0.000521 0.002315 1.000000
0 737 0.443750 0.426852 0.116667 0.411111 0.000000 0.001852 1.000000
0 738 0.444010 0.431481 0.116146 0.403704 0.000260 0.004630 1.000000
0 739 0.444271 0.456944 0.115625 0.350926 0.000260 0.025463 1.000000
0 740 0.445833 0.457407 0.113542 0.350000 0.001563 0.000463 1.000000
0 741 0.450781 0.455556 0.118229 0.353704 0.004948 -0.001852 1.000000
0 742 0.451562 0.442593 0.126042 0.381481 0.000781 -0.012963 1.000000
0 743 0.446354 0.436111 0.139583 0.392593 -0.005208 -0.006481 1.000000
0 744 0.445312 0.437500 0.132292 0.389815 -0.001042 0.001389 1.000000
0 745 0.445052 0.440741 0.123438 0.385185 -0.000260 0.003241 1.000000
0 746 0.447656 0.438889 0.119271 0.387037 0.002604 -0.001852 1.000000
0 747 0.446094 0.440278 0.111979 0.384259 -0.001563 0.001389 1.000000
0 748 0.445833 0.443519 0.112500 0.377778 -0.000260 0.003241 1.000000
0 749 0.445833 0.454167 0.112500 0.356481 0.000000 0.010648 1.000000
0 750 0.446094 0.450926 0.111979 0.362963 0.000260 -0.003241 1.000000
0 751 0.446094 0.455093 0.113021 0.354630 0.000000 0.004167 1.000000
0 752 0.446354 0.467593 0.112500 0.331481 0.000260 0.012500 1.000000
0 753 0.446094 0.467130 0.113021 0.332407 -0.000260 -0.000463 1.000000
0 754 0.447135 0.460648 0.110937 0.345370 0.001042 -0.006481 1.000000
0 755 0.448958 0.451852 0.107292 0.355556 0.001823 -0.008796 1.000000
0 756 0.454427 0.445833 0.104688 0.369444 0.005469 -0.006019 1.000000
0 757 0.460156 0.436111 0.102604 0.387037 0.005729 -0.009722 1.000000
0 758 0.461979 0.423611 0.100000 0.423148 0.001823 -0.012500 1.000000
0 759 0.454688 0.421296 0.120833 0.427778 -0.007292 -0.002315 1.000000
0 760 0.455729 0.426852 0.123958 0.414815 0.001042 0.005556 1.000000
0 761 0.458333 0.440278 0.121875 0.389815 0.002604 0.013426 1.000000
0 762 0.458854 0.448611 0.116667 0.373148 0.000521 0.008333 1.000000
0 763 0.460417 0.454630 0.112500 0.361111 0.001563 0.006019 1.000000
0 764 0.461979 0.449537 0.109375 0.367593 0.001563 -0.005093 1.000000
0 765 0.463281 0.446759 0.108854 0.373148 0.001302 -0.002778 1.000000
0 766 0.463542 0.445833 0.107292 0.375000 0.000260 -0.000926 1.000000
0 767 0.466146 0.447685 0.109375 0.375000 0.002604 0.001852 1.000000
0 768 0.466146 0.446759 0.112500 0.376852 0.000000 -0.000926 1.000000
0 769 0.469271 0.444907 0.105208 0.376852 0.003125 -0.001852 1.000000
0 770 0.468490 0.452778 0.103646 0.364815 -0.000781 0.007870 1.000000
0 771 0.467708 0.455093 0.102083 0.360185 -0.000781 0.002315 1.000000
0 772 0.464844 0.454630 0.096354 0.357407 -0.002865 -0.000463 1.000000
0 773 0.460677 0.454630 0.088021 0.355556 -0.004167 0.000000 1.000000
0 774 0.459115 0.451389 0.091146 0.360185 -0.001563 -0.003241 1.000000
0 775 0.460417 0.452778 0.089583 0.355556 0.001302 0.001389 1.000000
0 776 0.468490 0.450926 0.080729 0.362963 0.008073 -0.001852 1.000000
0 777 0.472656 0.448611 0.085938 0.367593 0.004167 -0.002315 1.000000
0 778 0.478646 0.447222 0.080208 0.372222 0.005990 -0.001389 1.000000
0 779 0.490365 0.443519 0.089063 0.374074 0.011719 -0.003704 1.000000
0 780 0.496354 0.445370 0.090625 0.372222 0.005990 0.001852 1.000000
0 781 0.500781 0.443056 0.093229 0.373148 0.004427 -0.002315 1.000000
0 782 0.496875 0.445370 0.107292 0.368519 -0.003906 0.002315 1.000000
0 783 0.500000 0.450000 0.105208 0.362963 0.003125 0.004630 1.000000
0 784 0.502604 0.454167 0.105208 0.360185 0.002604 0.004167 1.000000
0 785 0.504687 0.454630 0.095833 0.362963 0.002083 0.000463 1.000000
0 786 0.504427 0.454630 0.091146 0.364815 -0.000260 0.000000 1.000000
0 787 0.498958 0.454167 0.096875 0.352778 -0.005469 -0.000463 1.000000
0 788 0.489323 0.456944 0.114062 0.347222 -0.009635 0.002778 1.000000
0 789 0.472917 0.459722 0.144792 0.341667 -0.016406 0.002778 1.000000
0 790 0.456510 0.458796 0.175521 0.343519 -0.016406 -0.000926 1.000000
0 791 0.465365 0.457870 0.154688 0.350926 0.008854 -0.000926 1.000000
0 792 0.463542 0.449537 0.154167 0.369444 -0.001823 -0.008333 1.000000
0 793 0.459115 0.449074 0.148438 0.368519 -0.004427 -0.000463 1.000000
0 794 0.442188 0.450463 0.128125 0.363889 -0.016927 0.001389 1.000000
0 795 0.434115 0.450926 0.119271 0.362963 -0.008073 0.000463 1.000000
0 796 0.436719 0.450926 0.120313 0.361111 0.002604 0.000000 1.000000
0 797 0.435677 0.450463 0.121354 0.367593 -0.001042 -0.000463 1.000000
0 798 0.434896 0.450000 0.121875 0.366667 -0.000781 -0.000463 1.000000
0 799 0.435417 0.450000 0.128125 0.364815 0.000521 0.000000 1.000000
0 800 0.435156 0.448148 0.128646 0.366667 -0.000260 -0.001852 1.000000
0 801 0.429427 0.447222 0.119271 0.368519 -0.005729 -0.000926 1.000000
0 802 0.425000 0.448148 0.115625 0.366667 -0.004427 0.000926 1.000000
0 803 0.412240 0.448611 0.107813 0.363889 -0.012760 0.000463 1.000000
0 804 0.393229 0.448148 0.087500 0.362963 -0.019010 -0.000463 1.000000
0 805 0.391667 0.451852 0.086458 0.359259 -0.001563 0.003704 1.000000
0 806 0.389844 0.454630 0.084896 0.351852 -0.001823 0.002778 1.000000
0 807 0.387500 0.455556 0.082292 0.348148 -0.002344 0.000926 1.000000
0 808 0.389583 0.458333 0.080208 0.342593 0.002083 0.002778 1.000000
0 809 0.397396 0.454630 0.088542 0.351852 0.007812 -0.003704 1.000000
0 810 0.407292 0.452315 0.065625 0.356481 0.009896 -0.002315 1.000000
0 811 0.414844 0.446759 0.056771 0.367593 0.007552 -0.005556 1.000000
0 812 0.420052 0.442130 0.057813 0.378704 0.005208 -0.004630 1.000000
0 813 0.426302 0.434722 0.089063 0.376852 0.006250 -0.007407 1.000000
0 814 0.442969 0.431481 0.103646 0.383333 0.016667 -0.003241 1.000000
0 815 0.450000 0.436574 0.108333 0.391667 0.007031 0.005093 1.000000
0 816 0.438021 0.441204 0.132292 0.389815 -0.011979 0.004630 1.000000
0 817 0.438542 0.446759 0.132292 0.380556 0.000521 0.005556 1.000000
0 818 0.439063 0.451389 0.132292 0.369444 0.000521 0.004630 1.000000
0 819 0.438802 0.451389 0.131771 0.369444 -0.000260 0.000000 1.000000
0 820 0.439063 0.451852 0.132292 0.370370 0.000260 0.000463 1.000000
0 821 0.438802 0.451852 0.132812 0.370370 -0.000260 0.000000 1.000000
0 822 0.438281 0.453704 0.132812 0.366667 -0.000521 0.001852 1.000000
0 823 0.439063 0.454167 0.132292 0.365741 0.000781 0.000463 1.000000
0 824 0.439063 0.457407 0.131250 0.359259 0.000000 0.003241 1.000000
0 825 0.439063 0.459722 0.132292 0.350926 0.000000 0.002315 1.000000
0 826 0.436458 0.465278 0.137500 0.339815 -0.002604 0.005556 1.000000
0 827 0.435937 0.471296 0.138542 0.329630 -0.000521 0.006019 1.000000
0 828 0.435156 0.480556 0.139063 0.314815 -0.000781 0.009259 1.000000
0 829 0.436719 0.484259 0.140104 0.307407 0.001563 0.003704 1.000000
0 830 0.436719 0.487500 0.139063 0.299074 0.000000 0.003241 1.000000
0 831 0.436458 0.481019 0.139583 0.312037 -0.000260 -0.006481 1.000000
0 832 0.436458 0.475000 0.140625 0.324074 0.000000 -0.006019 1.000000
0 833 0.436719 0.465741 0.139063 0.342593 0.000260 -0.009259 1.000000
0 834 0.436719 0.484259 0.139063 0.305556 0.000000 0.018519 1.000000
0 835 0.436719 0.482870 0.139063 0.310185 0.000000 -0.001389 1.000000
0 836 0.436458 0.478241 0.138542 0.317593 -0.000260 -0.004630 1.000000
0 837 0.436979 0.477778 0.139583 0.320370 0.000521 -0.000463 1.000000
0 838 0.436979 0.476852 0.139583 0.316667 0.000000 -0.000926 1.000000
0 839 0.432812 0.476852 0.147917 0.312963 -0.004167 0.000000 1.000000
0 841 0.429427 0.469444 0.158854 0.327778 -0.001693 -0.003704 1.000000
0 842 0.427865 0.465278 0.158854 0.341667 -0.001563 -0.004167 1.000000
0 843 0.416146 0.462500 0.147917 0.352778 -0.011719 -0.002778 1.000000
0 844 0.394271 0.454167 0.130208 0.365741 -0.021875 -0.008333 1.000000
0 845 0.382292 0.451852 0.119792 0.372222 -0.011979 -0.002315 1.000000
0 846 0.373958 0.450463 0.112500 0.369444 -0.008333 -0.001389 1.000000
0 847 0.366667 0.454167 0.104167 0.365741 -0.007292 0.003704 1.000000
0 848 0.356771 0.458333 0.114583 0.359259 -0.009896 0.004167 1.000000
0 849 0.350000 0.470833 0.128125 0.339815 -0.006771 0.012500 1.000000
0 850 0.348438 0.486111 0.131250 0.314815 -0.001563 0.015278 1.000000
0 851 0.348438 0.495833 0.131250 0.295370 0.000000 0.009722 1.000000
0 852 0.348438 0.498148 0.131250 0.288889 0.000000 0.002315 1.000000
0 853 0.347396 0.490741 0.129167 0.301852 -0.001042 -0.007407 1.000000
0 854 0.325000 0.468056 0.094792 0.345370 -0.022396 -0.022685 1.000000
0 855 0.313021 0.456944 0.080208 0.367593 -0.011979 -0.011111 1.000000
0 856 0.301302 0.445833 0.077604 0.391667 -0.011719 -0.011111 1.000000
0 857 0.298698 0.439352 0.059896 0.408333 -0.002604 -0.006481 1.000000
0 858 0.295312 0.431481 0.075000 0.424074 -0.003385 -0.007870 1.000000
0 859 0.289062 0.424074 0.089583 0.438889 -0.006250 -0.007407 1.000000
0 860 0.286198 0.425463 0.081771 0.436111 -0.002865 0.001389 1.000000
0 861 0.285417 0.434722 0.076042 0.417593 -0.000781 0.009259 1.000000
0 862 0.285156 0.438889 0.070312 0.407407 -0.000260 0.004167 1.000000
0 863 0.283594 0.443981 0.070312 0.397222 -0.001563 0.005093 1.000000
0 864 0.265365 0.437500 0.067187 0.382407 -0.018229 -0.006481 1.000000
0 865 0.255729 0.441204 0.062500 0.378704 -0.009635 0.003704 1.000000
0 869 0.237760 0.470370 0.094271 0.350000 -0.004492 0.007292 1.000000
0 870 0.241667 0.468519 0.081250 0.355556 0.003906 -0.001852 1.000000
0 871 0.242188 0.462963 0.079167 0.368519 0.000521 -0.005556 1.000000
0 872 0.241406 0.451852 0.076563 0.385185 -0.000781 -0.011111 1.000000
0 873 0.246615 0.443519 0.088021 0.400000 0.005208 -0.008333 1.000000
0 874 0.249479 0.430093 0.077083 0.426852 0.002865 -0.013426 1.000000
0 875 0.250000 0.425926 0.076042 0.437037 0.000521 -0.004167 1.000000
0 876 0.251042 0.423148 0.077083 0.440741 0.001042 -0.002778 1.000000
0 877 0.252083 0.418981 0.077083 0.450926 0.001042 -0.004167 1.000000
0 878 0.252604 0.422685 0.077083 0.443519 0.000521 0.003704 1.000000
0 879 0.260937 0.428704 0.071875 0.437037 0.008333 0.006019 1.000000
0 880 0.264844 0.433796 0.078646 0.425000 0.003906 0.005093 1.000000
0 881 0.270052 0.443056 0.090104 0.408333 0.005208 0.009259 1.000000
0 882 0.275260 0.447685 0.100521 0.399074 0.005208 0.004630 1.000000
0 883 0.288802 0.451389 0.127604 0.389815 0.013542 0.003704 1.000000
0 884 0.301823 0.467593 0.151562 0.359259 0.013021 0.016204 1.000000
0 885 0.308073 0.467130 0.155729 0.360185 0.006250 -0.000463 1.000000
0 886 0.317969 0.463426 0.145313 0.367593 0.009896 -0.003704 1.000000
0 887 0.329688 0.462037 0.122917 0.368519 0.011719 -0.001389 1.000000
0 888 0.338281 0.457870 0.104688 0.378704 0.008594 -0.004167 1.000000
0 889 0.339062 0.456481 0.089583 0.381481 0.000781 -0.001389 1.000000
0 890 0.332031 0.449537 0.104688 0.393519 -0.007031 -0.006944 1.000000
0 891 0.325781 0.443056 0.109896 0.406481 -0.006250 -0.006481 1.000000
0 892 0.317969 0.437963 0.120313 0.411111 -0.007812 -0.005093 1.000000
0 893 0.308333 0.432870 0.127083 0.417593 -0.009635 -0.005093 1.000000
0 894 0.298438 0.454630 0.135417 0.398148 -0.009896 0.021759 1.000000
0 895 0.296094 0.462963 0.138021 0.383333 -0.002344 0.008333 1.000000
0 896 0.293490 0.470833 0.141146 0.369444 -0.002604 0.007870 1.000000
0 897 0.292187 0.468981 0.142708 0.369444 -0.001302 -0.001852 1.000000
0 898 0.290625 0.460648 0.143750 0.389815 -0.001563 -0.008333 1.000000
0 899 0.285156 0.446759 0.130729 0.419444 -0.005469 -0.013889 1.000000
0 900 0.278906 0.443519 0.119271 0.427778 -0.006250 -0.003241 1.000000
0 901 0.272396 0.440278 0.114583 0.428704 -0.006510 -0.003241 1.000000
0 902 0.263542 0.435648 0.111458 0.436111 -0.008854 -0.004630 1.000000
0 903 0.254167 0.432407 0.115625 0.440741 -0.009375 -0.003241 1.000000
0 904 0.248698 0.441204 0.123438 0.428704 -0.005469 0.008796 1.000000
0 905 0.247917 0.460648 0.126042 0.389815 -0.000781 0.019444 1.000000
0 906 0.247917 0.453704 0.126042 0.401852 0.000000 -0.006944 1.000000
0 907 0.247656 0.444907 0.123438 0.419444 -0.000260 -0.008796 1.000000
0 908 0.243229 0.440278 0.108333 0.425000 -0.004427 -0.004630 1.000000
0 909 0.248177 0.432870 0.117188 0.423148 0.004948 -0.007407 1.000000
0 910 0.251042 0.438426 0.151042 0.432407 0.002865 0.005556 1.000000
0 911 0.241927 0.438889 0.143229 0.431481 -0.009115 0.000463 1.000000
0 912 0.234375 0.443519 0.102083 0.431481 -0.007552 0.004630 1.000000
0 913 0.234115 0.449537 0.080729 0.419444 -0.000260 0.006019 1.000000
0 914 0.229687 0.456944 0.071875 0.400926 -0.004427 0.007407 1.000000
0 915 0.225260 0.452778 0.073438 0.403704 -0.004427 -0.004167 1.000000
0 916 0.224219 0.448148 0.090104 0.411111 -0.001042 -0.004630 1.000000
0 917 0.222656 0.443981 0.107813 0.419444 -0.001563 -0.004167 1.000000
0 918 0.216146 0.438889 0.126042 0.407407 -0.006510 -0.005093 1.000000
0 919 0.211458 0.437963 0.126042 0.427778 -0.004687 -0.000926 1.000000
0 920 0.196615 0.437963 0.094271 0.444444 -0.014844 0.000000 1.000000
0 921 0.195573 0.444444 0.081771 0.435185 -0.001042 0.006481 1.000000
0 922 0.195312 0.450926 0.077083 0.425926 -0.000260 0.006481 1.000000
0 923 0.194792 0.459722 0.076042 0.412037 -0.000521 0.008796 1.000000
0 924 0.203646 0.461111 0.093750 0.407407 0.008854 0.001389 1.000000
0 925 0.205729 0.446296 0.104167 0.435185 0.002083 -0.014815 1.000000
0 926 0.206771 0.441667 0.098958 0.442593 0.001042 -0.004630 1.000000
0 927 0.210417 0.437500 0.100000 0.450926 0.003646 -0.004167 1.000000
0 928 0.210417 0.427315 0.104167 0.454630 0.000000 -0.010185 1.000000
0 929 0.216146 0.422685 0.119792 0.462037 0.005729 -0.004630 1.000000
0 930 0.230990 0.437500 0.154688 0.458333 0.014844 0.014815 1.000000
0 931 0.232813 0.443981 0.163542 0.452778 0.001823 0.006481 1.000000
0 932 0.232813 0.447685 0.168750 0.441667 0.000000 0.003704 1.000000
0 933 0.229427 0.451852 0.164062 0.431481 -0.003385 0.004167 1.000000
0 934 0.218490 0.455556 0.151562 0.420370 -0.010937 0.003704 1.000000
0 935 0.211458 0.446759 0.109375 0.443519 -0.007031 -0.008796 1.000000
0 936 0.213802 0.440741 0.094271 0.440741 0.002344 -0.006019 1.000000
0 937 0.218750 0.435648 0.103125 0.436111 0.004948 -0.005093 1.000000
0 938 0.214323 0.436111 0.139063 0.440741 -0.004427 0.000463 1.000000
0 939 0.213542 0.438889 0.189583 0.453704 -0.000781 0.002778 1.000000
0 940 0.215104 0.441667 0.228125 0.451852 0.001563 0.002778 1.000000
0 941 0.219271 0.448611 0.221875 0.441667 0.004167 0.006944 1.000000
0 942 0.222396 0.454167 0.203125 0.428704 0.003125 0.005556 1.000000
0 943 0.227344 0.458333 0.178646 0.414815 0.004948 0.004167 1.000000
0 944 0.238542 0.456019 0.157292 0.417593 0.011198 -0.002315 1.000000
0 945 0.271615 0.449074 0.128646 0.422222 0.033073 -0.006944 1.000000
0 946 0.275521 0.452315 0.120833 0.421296 0.003906 0.003241 1.000000
0 947 0.275781 0.458796 0.114062 0.419444 0.000260 0.006481 1.000000
0 948 0.269271 0.462037 0.109375 0.412963 -0.006510 0.003241 1.000000
0 949 0.268490 0.468056 0.093229 0.400926 -0.000781 0.006019 1.000000
0 950 0.264844 0.462037 0.092188 0.412963 -0.003646 -0.006019 1.000000
0 951 0.259115 0.451389 0.101562 0.432407 -0.005729 -0.010648 1.000000
0 952 0.261458 0.442130 0.113542 0.443519 0.002344 -0.009259 1.000000
0 953 0.266146 0.433333 0.105208 0.455556 0.004687 -0.008796 1.000000
0 954 0.262500 0.412963 0.104167 0.488889 -0.003646 -0.020370 1.000000
0 955 0.263021 0.403704 0.084375 0.524074 0.000521 -0.009259 1.000000
0 956 0.269531 0.407407 0.111979 0.520370 0.006510 0.003704 1.000000
0 957 0.277344 0.411111 0.148438 0.511111 0.007812 0.003704 1.000000
0 958 0.265885 0.418056 0.149479 0.499074 -0.011458 0.006944 1.000000
0 959 0.261719 0.424537 0.116146 0.486111 -0.004167 0.006481 1.000000
0 960 0.263021 0.432407 0.106250 0.468519 0.001302 0.007870 1.000000
0 961 0.255469 0.428704 0.101562 0.474074 -0.007552 -0.003704 1.000000
0 962 0.248698 0.429630 0.103646 0.475926 -0.006771 0.000926 1.000000
0 963 0.246354 0.433796 0.107292 0.462037 -0.002344 0.004167 1.000000
0 964 0.254948 0.433333 0.089063 0.453704 0.008594 -0.000463 1.000000
0 965 0.252344 0.434259 0.088021 0.464815 -0.002604 0.000926 1.000000
0 966 0.249479 0.435648 0.085417 0.465741 -0.002865 0.001389 1.000000
0 967 0.251823 0.438889 0.089063 0.462963 0.002344 0.003241 1.000000
0 968 0.251563 0.447685 0.092708 0.441667 -0.000260 0.008796 1.000000
0 969 0.245833 0.464815 0.091667 0.405556 -0.005729 0.017130 1.000000
0 970 0.237500 0.464815 0.091667 0.403704 -0.008333 0.000000 1.000000
0 971 0.235156 0.458796 0.092188 0.413889 -0.002344 -0.006019 1.000000
0 972 0.234375 0.453704 0.094792 0.424074 -0.000781 -0.005093 1.000000
0 973 0.226823 0.445833 0.111979 0.430556 -0.007552 -0.007870 1.000000
0 974 0.221094 0.438426 0.131771 0.437963 -0.005729 -0.007407 1.000000
0 975 0.222396 0.437500 0.160417 0.458333 0.001302 -0.000926 1.000000
0 976 0.219792 0.446296 0.171875 0.444444 -0.002604 0.008796 1.000000
0 977 0.217969 0.453704 0.171354 0.429630 -0.001823 0.007407 1.000000
0 978 0.221875 0.460648 0.161458 0.413889 0.003906 0.006944 1.000000
0 979 0.218490 0.468519 0.154688 0.400000 -0.003385 0.007870 1.000000
0 980 0.215625 0.449074 0.142708 0.435185 -0.002865 -0.019444 1.000000
0 981 0.222135 0.440278 0.128646 0.447222 0.006510 -0.008796 1.000000
0 982 0.232813 0.428704 0.115625 0.457407 0.010677 -0.011574 1.000000
0 983 0.243490 0.422222 0.101562 0.468519 0.010677 -0.006481 1.000000
0 984 0.247135 0.420370 0.096354 0.481481 0.003646 -0.001852 1.000000
0 985 0.249479 0.421759 0.087500 0.480556 0.002344 0.001389 1.000000
0 986 0.254167 0.426389 0.083333 0.473148 0.004687 0.004630 1.000000
0 987 0.255729 0.429167 0.083333 0.460185 0.001563 0.002778 1.000000
0 988 0.258594 0.441667 0.084896 0.438889 0.002865 0.012500 1.000000
0 989 0.260677 0.438426 0.089063 0.437963 0.002083 -0.003241 1.000000
0 990 0.263802 0.442593 0.110937 0.437037 0.003125 0.004167 1.000000
0 991 0.266146 0.440741 0.108333 0.438889 0.002344 -0.001852 1.000000
0 992 0.277344 0.442130 0.113021 0.437963 0.011198 0.001389 1.000000
0 993 0.290104 0.441667 0.120833 0.431481 0.012760 -0.000463 1.000000
0 994 0.300521 0.446759 0.107292 0.430556 0.010417 0.005093 1.000000
0 995 0.300781 0.455556 0.108854 0.412963 0.000260 0.008796 1.000000
0 996 0.301823 0.455556 0.111979 0.412963 0.001042 0.000000 1.000000
0 997 0.300521 0.446759 0.103125 0.430556 -0.001302 -0.008796 1.000000
0 998 0.292448 0.437500 0.109896 0.436111 -0.008073 -0.009259 1.000000
0 999 0.297656 0.432870 0.138021 0.437963 0.005208 -0.004630 1.000000
0 1000 0.315104 0.439815 0.177083 0.444444 0.017448 0.006944 1.000000
0 1001 0.315365 0.442130 0.182812 0.441667 0.000260 0.002315 1.000000
0 1002 0.315885 0.442593 0.188021 0.437037 0.000521 0.000463 1.000000
0 1003 0.316146 0.443519 0.186458 0.438889 0.000260 0.000926 1.000000
0 1004 0.316406 0.442593 0.184896 0.440741 0.000260 -0.000926 1.000000
0 1005 0.315104 0.442593 0.179167 0.440741 -0.001302 0.000000 1.000000
0 1006 0.313802 0.443056 0.177604 0.437963 -0.001302 0.000463 1.000000
0 1007 0.313021 0.443519 0.177083 0.437037 -0.000781 0.000463 1.000000
0 1008 0.311979 0.445370 0.176042 0.437037 -0.001042 0.001852 1.000000
0 1009 0.312240 0.443519 0.176563 0.437037 0.000260 -0.001852 1.000000
0 1010 0.311979 0.443981 0.177083 0.437963 -0.000260 0.000463 1.000000
0 1011 0.311198 0.445833 0.176563 0.437963 -0.000781 0.001852 1.000000
0 1012 0.310677 0.444444 0.179688 0.437037 -0.000521 -0.001389 1.000000
0 1013 0.309896 0.444444 0.179167 0.435185 -0.000781 0.000000 1.000000
0 1014 0.309115 0.448148 0.182812 0.427778 -0.000781 0.003704 1.000000
0 1015 0.292969 0.452315 0.186979 0.421296 -0.016146 0.004167 1.000000
0 1016 0.286458 0.453241 0.177083 0.419444 -0.006510 0.000926 1.000000
0 1017 0.280729 0.452315 0.146875 0.419444 -0.005729 -0.000926 1.000000
0 1018 0.272656 0.449074 0.116146 0.416667 -0.008073 -0.003241 1.000000
0 1019 0.270052 0.445833 0.096354 0.413889 -0.002604 -0.003241 1.000000
0 1020 0.265885 0.456481 0.085938 0.407407 -0.004167 0.010648 1.000000
0 1021 0.260677 0.463426 0.083854 0.395370 -0.005208 0.006944 1.000000
0 1022 0.251823 0.469907 0.096354 0.380556 -0.008854 0.006481 1.000000
0 1023 0.245833 0.478241 0.093750 0.363889 -0.005990 0.008333 1.000000
0 1024 0.241927 0.481944 0.089063 0.356481 -0.003906 0.003704 1.000000
0 1025 0.234635 0.473611 0.077604 0.373148 -0.007292 -0.008333 1.000000
0 1026 0.232552 0.468519 0.086979 0.381481 -0.002083 -0.005093 1.000000
0 1027 0.231510 0.455093 0.104688 0.402778 -0.001042 -0.013426 1.000000
0 1028 0.227865 0.445833 0.108854 0.421296 -0.003646 -0.009259 1.000000
0 1029 0.225260 0.439815 0.121354 0.431481 -0.002604 -0.006019 1.000000
0 1030 0.218490 0.428704 0.118229 0.453704 -0.006771 -0.011111 1.000000
0 1031 0.212500 0.426852 0.111458 0.457407 -0.005990 -0.001852 1.000000
0 1032 0.207292 0.426389 0.105208 0.462037 -0.005208 -0.000463 1.000000
0 1033 0.201823 0.426389 0.106771 0.460185 -0.005469 0.000000 1.000000
0 1034 0.196875 0.431019 0.108333 0.450926 -0.004948 0.004630 1.000000
0 1035 0.186458 0.446759 0.104167 0.410185 -0.010417 0.015741 1.000000
0 1036 0.178385 0.451852 0.092188 0.407407 -0.008073 0.005093 1.000000
0 1037 0.176823 0.457870 0.091146 0.397222 -0.001563 0.006019 1.000000
0 1038 0.170573 0.462963 0.090104 0.387037 -0.006250 0.005093 1.000000
0 1039 0.167187 0.465741 0.091667 0.381481 -0.003385 0.002778 1.000000
0 1040 0.160156 0.472685 0.100521 0.362037 -0.007031 0.006944 1.000000
0 1041 0.157292 0.474537 0.096875 0.362037 -0.002865 0.001852 1.000000
0 1042 0.154167 0.479167 0.085417 0.354630 -0.003125 0.004630 1.000000
0 1043 0.154427 0.484259 0.081771 0.342593 0.000260 0.005093 1.000000
0 1044 0.152344 0.489815 0.084896 0.331481 -0.002083 0.005556 1.000000
0 1045 0.152865 0.478241 0.082812 0.350926 0.000521 -0.011574 1.000000
0 1046 0.152083 0.469444 0.083333 0.366667 -0.000781 -0.008796 1.000000
0 1047 0.152604 0.459259 0.082292 0.388889 0.000521 -0.010185 1.000000
0 1048 0.153385 0.452315 0.090104 0.402778 0.000781 -0.006944 1.000000
0 1049 0.154688 0.438889 0.105208 0.409259 0.001302 -0.013426 1.000000
0 1050 0.148177 0.438889 0.144271 0.429630 -0.006510 0.000000 1.000000
0 1051 0.145833 0.437500 0.158333 0.430556 -0.002344 -0.001389 1.000000
0 1052 0.144271 0.440278 0.164583 0.425000 -0.001563 0.002778 1.000000
0 1053 0.144792 0.445370 0.166667 0.414815 0.000521 0.005093 1.000000
0 1054 0.146094 0.452315 0.166146 0.400926 0.001302 0.006944 1.000000
0 1055 0.157812 0.457870 0.153125 0.391667 0.011719 0.005556 1.000000
0 1056 0.167969 0.457870 0.146354 0.391667 0.010156 0.000000 1.000000
0 1057 0.181771 0.460648 0.137500 0.386111 0.013802 0.002778 1.000000
0 1058 0.194792 0.462037 0.126042 0.381481 0.013021 0.001389 1.000000
0 1059 0.197396 0.466204 0.130208 0.375000 0.002604 0.004167 1.000000
0 1060 0.208594 0.479167 0.111979 0.360185 0.011198 0.012963 1.000000
0 1061 0.213021 0.482407 0.104167 0.355556 0.004427 0.003241 1.000000
0 1062 0.216146 0.484259 0.094792 0.350000 0.003125 0.001852 1.000000
0 1063 0.218229 0.486111 0.094792 0.342593 0.002083 0.001852 1.000000
0 1064 0.232813 0.494907 0.126042 0.326852 0.014583 0.008796 1.000000
0 1065 0.254688 0.493981 0.164583 0.328704 0.021875 -0.000926 1.000000
0 1066 0.260677 0.485648 0.168229 0.345370 0.005990 -0.008333 1.000000
0 1067 0.265365 0.475926 0.157812 0.364815 0.004687 -0.009722 1.000000
0 1068 0.280469 0.469907 0.138021 0.376852 0.015104 -0.006019 1.000000
0 1069 0.291146 0.460648 0.129167 0.393519 0.010677 -0.009259 1.000000
0 1070 0.302344 0.443056 0.107813 0.428704 0.011198 -0.017593 1.000000
0 1071 0.313021 0.439352 0.106250 0.436111 0.010677 -0.003704 1.000000
0 1072 0.330990 0.438426 0.120313 0.439815 0.017969 -0.000926 1.000000
0 1073 0.347135 0.436574 0.123438 0.443519 0.016146 -0.001852 1.000000
0 1074 0.355208 0.436111 0.138542 0.442593 0.008073 -0.000463 1.000000
0 1075 0.358594 0.441204 0.144271 0.432407 0.003385 0.005093 1.000000
0 1076 0.367188 0.450463 0.130208 0.413889 0.008594 0.009259 1.000000
0 1077 0.370573 0.454630 0.118229 0.403704 0.003385 0.004167 1.000000
0 1078 0.374740 0.462963 0.108854 0.387037 0.004167 0.008333 1.000000
0 1079 0.377083 0.465278 0.096875 0.382407 0.002344 0.002315 1.000000
0 1080 0.379948 0.468519 0.086979 0.375926 0.002865 0.003241 1.000000
0 1081 0.385937 0.454630 0.091667 0.401852 0.005990 -0.013889 1.000000
0 1082 0.387760 0.446296 0.096354 0.418519 0.001823 -0.008333 1.000000
0 1083 0.391146 0.439352 0.102083 0.432407 0.003385 -0.006944 1.000000
0 1084 0.393229 0.431944 0.104167 0.445370 0.002083 -0.007407 1.000000
0 1085 0.394010 0.429630 0.102604 0.450000 0.000781 -0.002315 1.000000
0 1086 0.391927 0.426852 0.101562 0.455556 -0.002083 -0.002778 1.000000
0 1087 0.392448 0.428704 0.110937 0.451852 0.000521 0.001852 1.000000
0 1088 0.387760 0.430556 0.125521 0.448148 -0.004687 0.001852 1.000000
0 1089 0.385677 0.437963 0.146354 0.424074 -0.002083 0.007407 1.000000
0 1090 0.394531 0.439815 0.173437 0.433333 0.008854 0.001852 1.000000
0 1091 0.397396 0.463426 0.186458 0.393519 0.002865 0.023611 1.000000
0 1092 0.397917 0.475926 0.186458 0.372222 0.000521 0.012500 1.000000
0 1093 0.397656 0.482407 0.185938 0.355556 -0.000260 0.006481 1.000000
0 1094 0.397656 0.497222 0.184896 0.322222 0.000000 0.014815 1.000000
0 1095 0.397135 0.499074 0.185938 0.318519 -0.000521 0.001852 1.000000
0 1096 0.396875 0.501389 0.186458 0.315741 -0.000260 0.002315 1.000000
0 1097 0.397135 0.502315 0.186979 0.313889 0.000260 0.000926 1.000000
0 1098 0.396615 0.501389 0.186979 0.317593 -0.000521 -0.000926 1.000000
0 1099 0.396615 0.502778 0.186979 0.314815 0.000000 0.001389 1.000000
0 1100 0.396094 0.501389 0.188021 0.313889 -0.000521 -0.001389 1.000000
0 1101 0.396094 0.500000 0.186979 0.316667 0.000000 -0.001389 1.000000
0 1102 0.395833 0.500463 0.186458 0.315741 -0.000260 0.000463 1.000000
0 1103 0.395833 0.500463 0.187500 0.317593 0.000000 0.000000 1.000000
0 1104 0.396875 0.499074 0.185417 0.320370 0.001042 -0.001389 1.000000
0 1105 0.395052 0.499537 0.185938 0.319444 -0.001823 0.000463 1.000000
0 1106 0.396094 0.499537 0.185938 0.319444 0.001042 0.000000 1.000000
0 1107 0.395313 0.498611 0.187500 0.323148 -0.000781 -0.000926 1.000000
0 1108 0.395052 0.499074 0.185938 0.322222 -0.000260 0.000463 1.000000
0 1109 0.395052 0.499074 0.185938 0.322222 0.000000 0.000000 1.000000
0 1110 0.395313 0.499537 0.186458 0.321296 0.000260 0.000463 1.000000
0 1111 0.395052 0.498611 0.184896 0.325000 -0.000260 -0.000926 1.000000
0 1112 0.395573 0.496759 0.186979 0.328704 0.000521 -0.001852 1.000000
0 1113 0.394531 0.495833 0.188021 0.330556 -0.001042 -0.000926 1.000000
0 1114 0.395052 0.493519 0.185938 0.329630 0.000521 -0.002315 1.000000
0 1115 0.394010 0.493056 0.186979 0.334259 -0.001042 -0.000463 1.000000
0 1116 0.394010 0.488889 0.186979 0.340741 0.000000 -0.004167 1.000000
0 1117 0.394271 0.486111 0.187500 0.348148 0.000260 -0.002778 1.000000
0 1118 0.394271 0.485648 0.187500 0.347222 0.000000 -0.000463 1.000000
0 1119 0.394531 0.486574 0.188021 0.347222 0.000260 0.000926 1.000000
0 1120 0.394531 0.487500 0.188021 0.345370 0.000000 0.000926 1.000000
0 1121 0.394010 0.487500 0.186979 0.345370 -0.000521 0.000000 1.000000
0 1122 0.394010 0.486574 0.186979 0.345370 0.000000 -0.000926 1.000000
0 1123 0.394010 0.487037 0.186979 0.346296 0.000000 0.000463 1.000000
0 1124 0.394010 0.486111 0.186979 0.346296 0.000000 -0.000926 1.000000
0 1125 0.394010 0.486574 0.186979 0.347222 0.000000 0.000463 1.000000
0 1126 0.392708 0.487500 0.186458 0.345370 -0.001302 0.000926 1.000000
0 1127 0.387240 0.487963 0.222396 0.344444 -0.005469 0.000463 1.000000
0 1128 0.386719 0.487500 0.226562 0.343519 -0.000521 -0.000463 1.000000
0 1129 0.385937 0.487963 0.231250 0.342593 -0.000781 0.000463 1.000000
0 1130 0.385677 0.487500 0.228646 0.343519 -0.000260 -0.000463 1.000000
0 1131 0.387240 0.487037 0.222396 0.344444 0.001563 -0.000463 1.000000
0 1132 0.386198 0.486574 0.198437 0.345370 -0.001042 -0.000463 1.000000
0 1133 0.388021 0.487037 0.194792 0.344444 0.001823 0.000463 1.000000
0 1134 0.389323 0.487963 0.191146 0.342593 0.001302 0.000926 1.000000
0 1135 0.391146 0.489352 0.187500 0.341667 0.001823 0.001389 1.000000
0 1136 0.391146 0.488426 0.187500 0.341667 0.000000 -0.000926 1.000000
0 1137 0.390885 0.487963 0.186979 0.342593 -0.000260 -0.000463 1.000000
0 1138 0.391406 0.488426 0.186979 0.343519 0.000521 0.000463 1.000000
0 1139 0.391146 0.487500 0.186458 0.343519 -0.000260 -0.000926 1.000000
0 1140 0.391146 0.487037 0.186458 0.344444 0.000000 -0.000463 1.000000
0 1141 0.391146 0.487037 0.186458 0.344444 0.000000 0.000000 1.000000
0 1142 0.391406 0.486574 0.186979 0.345370 0.000260 -0.000463 1.000000
0 1143 0.391406 0.486111 0.186979 0.346296 0.000000 -0.000463 1.000000
0 1144 0.390885 0.486111 0.186979 0.346296 -0.000521 0.000000 1.000000
0 1145 0.391146 0.485648 0.187500 0.347222 0.000260 -0.000463 1.000000
0 1146 0.391146 0.470833 0.187500 0.376852 0.000000 -0.014815 1.000000
0 1147 0.391146 0.464352 0.187500 0.389815 0.000000 -0.006481 1.000000
0 1148 0.391146 0.456019 0.187500 0.404630 0.000000 -0.008333 1.000000
0 1149 0.390625 0.452315 0.187500 0.412037 -0.000521 -0.003704 1.000000
0 1150 0.388542 0.448611 0.192708 0.419444 -0.002083 -0.003704 1.000000
0 1151 0.380990 0.446296 0.206771 0.424074 -0.007552 -0.002315 1.000000
0 1152 0.379688 0.453241 0.208333 0.410185 -0.001302 0.006944 1.000000
0 1153 0.391667 0.460185 0.197917 0.396296 0.011979 0.006944 1.000000
0 1154 0.397135 0.469444 0.202604 0.375926 0.005469 0.009259 1.000000
0 1155 0.399740 0.475000 0.207813 0.364815 0.002604 0.005556 1.000000
0 1156 0.401562 0.470833 0.209375 0.373148 0.001823 -0.004167 1.000000
0 1157 0.410417 0.467593 0.192708 0.377778 0.008854 -0.003241 1.000000
0 1158 0.413802 0.463889 0.188021 0.385185 0.003385 -0.003704 1.000000
0 1159 0.417448 0.461574 0.176563 0.389815 0.003646 -0.002315 1.000000
0 1160 0.427604 0.462963 0.159375 0.387037 0.010156 0.001389 1.000000
0 1161 0.455729 0.468519 0.131250 0.374074 0.028125 0.005556 1.000000
0 1162 0.468229 0.470833 0.114583 0.369444 0.012500 0.002315 1.000000
0 1163 0.463281 0.476389 0.124479 0.356481 -0.004948 0.005556 1.000000
0 1164 0.470313 0.482407 0.114583 0.344444 0.007031 0.006019 1.000000
0 1165 0.475521 0.491667 0.114583 0.325926 0.005208 0.009259 1.000000
0 1166 0.484375 0.515741 0.112500 0.283333 0.008854 0.024074 1.000000
0 1167 0.486979 0.525463 0.111458 0.262037 0.002604 0.009722 1.000000
0 1168 0.491927 0.535185 0.116146 0.242593 0.004948 0.009722 1.000000
0 1169 0.492969 0.537963 0.115104 0.237037 0.001042 0.002778 1.000000
0 1170 0.493229 0.541204 0.112500 0.230556 0.000260 0.003241 1.000000
0 1171 0.493229 0.541204 0.112500 0.228704 0.000000 0.000000 1.000000
0 1172 0.485677 0.538426 0.094271 0.236111 -0.007552 -0.002778 1.000000
0 1173 0.483594 0.531944 0.086979 0.249074 -0.002083 -0.006481 1.000000
0 1174 0.485417 0.523611 0.087500 0.263889 0.001823 -0.008333 1.000000
0 1175 0.486198 0.513889 0.086979 0.285185 0.000781 -0.009722 1.000000
0 1176 0.484115 0.486111 0.094271 0.329630 -0.002083 -0.027778 1.000000
0 1177 0.482552 0.470833 0.100521 0.358333 -0.001563 -0.015278 1.000000
0 1178 0.485677 0.458333 0.118229 0.385185 0.003125 -0.012500 1.000000
0 1179 0.484375 0.443519 0.140625 0.418519 -0.001302 -0.014815 1.000000
0 1180 0.482031 0.431019 0.154688 0.449074 -0.002344 -0.012500 1.000000
0 1181 0.482292 0.435648 0.154167 0.441667 0.000260 0.004630 1.000000
0 1182 0.483333 0.447685 0.155208 0.419444 0.001042 0.012037 1.000000
0 1183 0.484115 0.459722 0.152604 0.387963 0.000781 0.012037 1.000000
0 1184 0.485938 0.456019 0.150000 0.397222 0.001823 -0.003704 1.000000
0 1185 0.485417 0.453241 0.154167 0.402778 -0.000521 -0.002778 1.000000
0 1186 0.496354 0.440278 0.166667 0.428704 0.010937 -0.012963 1.000000
0 1187 0.491406 0.437037 0.153646 0.437037 -0.004948 -0.003241 1.000000
0 1188 0.489583 0.434722 0.153125 0.445370 -0.001823 -0.002315 1.000000
0 1189 0.487760 0.436574 0.149479 0.441667 -0.001823 0.001852 1.000000
0 1190 0.486979 0.435648 0.151042 0.439815 -0.000781 -0.000926 1.000000
0 1191 0.487240 0.443519 0.150521 0.424074 0.000260 0.007870 1.000000
0 1192 0.489323 0.441204 0.150521 0.428704 0.002083 -0.002315 1.000000
0 1193 0.493490 0.442130 0.152604 0.428704 0.004167 0.000926 1.000000
0 1194 0.495312 0.446759 0.148958 0.419444 0.001823 0.004630 1.000000
0 1195 0.495833 0.452778 0.151042 0.409259 0.000521 0.006019 1.000000
0 1196 0.494010 0.447685 0.151562 0.419444 -0.001823 -0.005093 1.000000
0 1197 0.493229 0.446296 0.151042 0.422222 -0.000781 -0.001389 1.000000
0 1198 0.488281 0.444907 0.153646 0.419444 -0.004948 -0.001389 1.000000
0 1199 0.482812 0.446759 0.163542 0.415741 -0.005469 0.001852 1.000000
0 1200 0.478906 0.450463 0.168229 0.413889 -0.003906 0.003704 1.000000
0 1201 0.477344 0.462037 0.168229 0.392593 -0.001563 0.011574 1.000000
0 1202 0.477865 0.467593 0.172396 0.381481 0.000521 0.005556 1.000000
0 1203 0.478906 0.496296 0.172396 0.325926 0.001042 0.028704 1.000000
