0 1 0.522656 0.586806 0.117188 0.637500 1.000000
0 2 0.517578 0.585417 0.116406 0.640278 1.000000
0 3 0.514453 0.581944 0.116406 0.647222 1.000000
0 4 0.511328 0.581250 0.114844 0.651389 1.000000
0 5 0.507812 0.577778 0.109375 0.655556 1.000000
0 6 0.508594 0.576389 0.110937 0.658333 1.000000
0 7 0.507031 0.575000 0.110937 0.661111 1.000000
0 8 0.498828 0.572222 0.097656 0.663889 1.000000
0 9 0.498047 0.570139 0.096094 0.659722 1.000000
0 10 0.496094 0.570139 0.095312 0.654167 1.000000
0 11 0.494922 0.569444 0.094531 0.655556 1.000000
0 12 0.493750 0.572222 0.093750 0.650000 1.000000
0 13 0.492578 0.572917 0.092969 0.648611 1.000000
0 14 0.490234 0.574306 0.091406 0.645833 1.000000
0 15 0.489453 0.573611 0.092969 0.647222 1.000000
0 16 0.486328 0.573611 0.092969 0.647222 1.000000
0 17 0.485938 0.572222 0.093750 0.647222 1.000000
0 18 0.484766 0.572917 0.094531 0.648611 1.000000
0 19 0.484766 0.571528 0.096094 0.648611 1.000000
0 20 0.483984 0.572222 0.094531 0.650000 1.000000
0 21 0.483984 0.572917 0.094531 0.651389 1.000000
0 22 0.482812 0.570833 0.093750 0.652778 1.000000
0 23 0.481641 0.571528 0.094531 0.656944 1.000000
0 24 0.481641 0.570139 0.094531 0.656944 1.000000
0 25 0.480859 0.570139 0.096094 0.659722 1.000000
0 26 0.480078 0.575694 0.097656 0.673611 1.000000
0 27 0.478906 0.588194 0.098437 0.693056 1.000000
0 28 0.478906 0.597222 0.100000 0.708333 1.000000
0 29 0.478906 0.593750 0.098437 0.706944 1.000000
0 30 0.477734 0.593750 0.100781 0.709722 1.000000
0 31 0.477344 0.591667 0.103125 0.713889 1.000000
0 32 0.475781 0.590278 0.106250 0.716667 1.000000
0 33 0.475781 0.588889 0.107813 0.719444 1.000000
0 34 0.474609 0.586806 0.108594 0.723611 1.000000
0 35 0.473828 0.584722 0.110156 0.725000 1.000000
0 36 0.473438 0.583333 0.110937 0.727778 1.000000
0 37 0.471875 0.583333 0.112500 0.730556 1.000000
0 38 0.471484 0.582639 0.114844 0.731944 1.000000
0 39 0.471094 0.581944 0.114062 0.733333 1.000000
0 40 0.469922 0.581250 0.114844 0.734722 1.000000
0 41 0.469531 0.579861 0.114062 0.737500 1.000000
0 42 0.467969 0.579167 0.112500 0.741667 1.000000
0 43 0.467187 0.577778 0.112500 0.741667 1.000000
0 44 0.467187 0.577083 0.114062 0.745833 1.000000
0 45 0.467578 0.575000 0.114844 0.747222 1.000000
0 46 0.469141 0.575694 0.117969 0.748611 1.000000
0 47 0.469141 0.575000 0.117969 0.750000 1.000000
0 48 0.469922 0.577778 0.116406 0.761111 1.000000
0 49 0.471094 0.590278 0.117188 0.780556 1.000000
0 50 0.465625 0.590972 0.134375 0.787500 1.000000
0 51 0.464062 0.591667 0.151562 0.788889 1.000000
0 52 0.465234 0.590278 0.158594 0.788889 1.000000
0 53 0.465625 0.590278 0.148438 0.791667 1.000000
0 54 0.467969 0.588194 0.128125 0.793056 1.000000
0 55 0.469922 0.588194 0.125781 0.793056 1.000000
0 56 0.473828 0.586806 0.124219 0.793056 1.000000
0 57 0.478906 0.586806 0.115625 0.793056 1.000000
0 58 0.481250 0.586806 0.112500 0.793056 1.000000
0 59 0.477344 0.586111 0.120313 0.794444 1.000000
0 60 0.483594 0.586111 0.110937 0.794444 1.000000
0 61 0.483594 0.585417 0.110937 0.795833 1.000000
0 62 0.481250 0.586111 0.123438 0.797222 1.000000
0 63 0.477734 0.585417 0.127344 0.798611 1.000000
0 64 0.478906 0.586111 0.128125 0.800000 1.000000
0 65 0.479687 0.585417 0.128125 0.801389 1.000000
0 66 0.481250 0.586111 0.126562 0.802778 1.000000
0 67 0.482422 0.584722 0.130469 0.800000 1.000000
0 68 0.483594 0.586111 0.132812 0.800000 1.000000
0 69 0.485156 0.584722 0.132812 0.800000 1.000000
0 70 0.486719 0.584722 0.132812 0.802778 1.000000
0 71 0.488672 0.584722 0.130469 0.805556 1.000000
0 72 0.490625 0.584028 0.126562 0.806944 1.000000
0 73 0.491406 0.581250 0.125000 0.806944 1.000000
0 74 0.495312 0.579861 0.115625 0.809722 1.000000
0 75 0.496094 0.581944 0.112500 0.816667 1.000000
0 76 0.497266 0.584722 0.110156 0.822222 1.000000
0 77 0.498047 0.583333 0.111719 0.822222 1.000000
0 78 0.499609 0.583333 0.111719 0.822222 1.000000
0 79 0.499609 0.582639 0.113281 0.823611 1.000000
0 80 0.498047 0.582639 0.119531 0.823611 1.000000
0 81 0.497656 0.582639 0.125000 0.823611 1.000000
0 82 0.494531 0.582639 0.131250 0.823611 1.000000
0 83 0.495312 0.582639 0.134375 0.823611 1.000000
0 84 0.500781 0.582639 0.121875 0.823611 1.000000
0 85 0.506641 0.584722 0.117969 0.822222 1.000000
0 86 0.510156 0.583333 0.132812 0.819444 1.000000
0 87 0.510547 0.584722 0.139844 0.822222 1.000000
0 88 0.507031 0.583333 0.150000 0.822222 1.000000
0 89 0.503906 0.583333 0.156250 0.822222 1.000000
0 90 0.498047 0.583333 0.160156 0.825000 1.000000
0 91 0.496094 0.581944 0.157812 0.825000 1.000000
0 92 0.493750 0.581250 0.150000 0.818056 1.000000
0 93 0.494922 0.582639 0.141406 0.812500 1.000000
0 94 0.498828 0.587500 0.116406 0.791667 1.000000
0 95 0.503516 0.591667 0.108594 0.783333 1.000000
0 96 0.502344 0.603472 0.109375 0.762500 1.000000
0 97 0.503125 0.606944 0.112500 0.752778 1.000000
0 98 0.494141 0.613194 0.147656 0.740278 1.000000
0 99 0.494141 0.615972 0.178906 0.737500 1.000000
0 100 0.497266 0.615972 0.239844 0.737500 1.000000
0 101 0.498828 0.614583 0.260156 0.740278 1.000000
0 102 0.507422 0.608333 0.280469 0.752778 1.000000
0 103 0.508203 0.605556 0.285156 0.755556 1.000000
0 104 0.513281 0.598611 0.293750 0.769444 1.000000
0 105 0.514844 0.596528 0.298438 0.776389 1.000000
0 106 0.516406 0.589583 0.301563 0.787500 1.000000
0 107 0.516797 0.586111 0.303906 0.794444 1.000000
0 108 0.516016 0.581944 0.303906 0.805556 1.000000
0 109 0.515625 0.580556 0.304688 0.811111 1.000000
0 110 0.515234 0.577083 0.303906 0.815278 1.000000
0 111 0.515234 0.576389 0.303906 0.816667 1.000000
0 112 0.512109 0.575000 0.296094 0.819444 1.000000
0 113 0.510547 0.575000 0.291406 0.819444 1.000000
0 114 0.506250 0.574306 0.273438 0.820833 1.000000
0 115 0.508203 0.573611 0.250781 0.822222 1.000000
0 116 0.508594 0.574306 0.223438 0.820833 1.000000
0 117 0.505469 0.575000 0.223438 0.819444 1.000000
0 118 0.505078 0.575694 0.222656 0.818056 1.000000
0 119 0.505859 0.575000 0.222656 0.816667 1.000000
0 120 0.505078 0.575000 0.214844 0.816667 1.000000
0 121 0.503516 0.575694 0.210156 0.815278 1.000000
0 122 0.500000 0.577778 0.201563 0.811111 1.000000
0 123 0.498047 0.579861 0.194531 0.806944 1.000000
0 124 0.495703 0.580556 0.192969 0.802778 1.000000
0 125 0.494922 0.581250 0.191406 0.798611 1.000000
0 126 0.493359 0.581944 0.192969 0.800000 1.000000
0 127 0.492578 0.580556 0.194531 0.800000 1.000000
0 128 0.491406 0.580556 0.195312 0.800000 1.000000
0 129 0.491797 0.580556 0.196094 0.800000 1.000000
0 130 0.491016 0.579167 0.194531 0.800000 1.000000
0 131 0.491406 0.579861 0.192188 0.801389 1.000000
0 132 0.489844 0.579861 0.184375 0.801389 1.000000
0 133 0.490234 0.579861 0.178906 0.801389 1.000000
0 134 0.491016 0.580556 0.157031 0.797222 1.000000
0 135 0.491797 0.581250 0.142969 0.798611 1.000000
0 136 0.495312 0.581250 0.117188 0.801389 1.000000
0 137 0.498047 0.579861 0.110156 0.804167 1.000000
0 138 0.501953 0.577778 0.116406 0.808333 1.000000
0 139 0.500000 0.578472 0.126562 0.809722 1.000000
0 140 0.501172 0.580556 0.142969 0.808333 1.000000
0 141 0.499609 0.579861 0.146094 0.804167 1.000000
0 142 0.498047 0.584722 0.144531 0.797222 1.000000
0 143 0.498047 0.584722 0.141406 0.791667 1.000000
0 144 0.497266 0.589583 0.132031 0.781944 1.000000
0 145 0.499609 0.592361 0.127344 0.776389 1.000000
0 146 0.501953 0.597222 0.127344 0.766667 1.000000
0 147 0.502734 0.599306 0.125781 0.765278 1.000000
0 148 0.500781 0.600000 0.129688 0.766667 1.000000
0 149 0.498828 0.597222 0.135156 0.766667 1.000000
0 150 0.507031 0.594444 0.187500 0.780556 1.000000
0 151 0.512109 0.588194 0.213281 0.784722 1.000000
0 152 0.521094 0.585417 0.259375 0.793056 1.000000
0 153 0.521094 0.585417 0.262500 0.795833 1.000000
0 154 0.518359 0.586806 0.216406 0.790278 1.000000
0 155 0.513672 0.591667 0.183594 0.786111 1.000000
0 156 0.502344 0.597917 0.110937 0.768056 1.000000
0 157 0.507031 0.602083 0.106250 0.762500 1.000000
0 158 0.512109 0.598611 0.113281 0.763889 1.000000
0 159 0.515234 0.595833 0.117969 0.772222 1.000000
0 160 0.519141 0.574306 0.127344 0.751389 1.000000
0 161 0.519922 0.570833 0.127344 0.733333 1.000000
0 162 0.515625 0.544444 0.120313 0.786111 1.000000
0 163 0.512891 0.534722 0.114844 0.808333 1.000000
0 164 0.510547 0.529861 0.114844 0.820833 1.000000
0 165 0.508984 0.531250 0.113281 0.818056 1.000000
0 166 0.508984 0.545833 0.117969 0.788889 1.000000
0 167 0.507031 0.562500 0.115625 0.752778 1.000000
0 168 0.504687 0.588889 0.112500 0.702778 1.000000
0 169 0.504687 0.594444 0.112500 0.688889 1.000000
0 170 0.503516 0.606944 0.111719 0.666667 1.000000
0 171 0.501953 0.610417 0.111719 0.659722 1.000000
0 172 0.500000 0.605556 0.117188 0.666667 1.000000
0 173 0.501172 0.597917 0.121094 0.670833 1.000000
0 174 0.499609 0.566667 0.125781 0.647222 1.000000
0 175 0.497656 0.550000 0.123438 0.672222 1.000000
0 176 0.494531 0.525694 0.115625 0.706944 1.000000
0 177 0.493750 0.524306 0.112500 0.709722 1.000000
0 178 0.493750 0.529167 0.109375 0.702778 1.000000
0 179 0.494531 0.532639 0.110937 0.693056 1.000000
0 180 0.496875 0.554167 0.114062 0.650000 1.000000
0 181 0.497266 0.570833 0.111719 0.613889 1.000000
0 182 0.494922 0.582639 0.110156 0.593056 1.000000
0 183 0.494922 0.586806 0.110156 0.584722 1.000000
0 184 0.497266 0.592361 0.108594 0.570833 1.000000
0 185 0.497266 0.592361 0.107031 0.573611 1.000000
0 186 0.498047 0.584028 0.107031 0.576389 1.000000
0 187 0.498437 0.577778 0.107813 0.569444 1.000000
0 188 0.498828 0.570833 0.108594 0.552778 1.000000
0 189 0.499219 0.561806 0.107813 0.570833 1.000000
0 190 0.498047 0.547222 0.103906 0.600000 1.000000
0 191 0.498437 0.544444 0.101562 0.605556 1.000000
0 192 0.498437 0.540278 0.100000 0.613889 1.000000
0 193 0.497266 0.540972 0.099219 0.612500 1.000000
0 194 0.497266 0.552778 0.099219 0.586111 1.000000
0 195 0.495312 0.570139 0.100000 0.548611 1.000000
0 196 0.494141 0.578472 0.094531 0.512500 1.000000
0 197 0.494141 0.577778 0.094531 0.500000 1.000000
0 198 0.494141 0.582639 0.096094 0.487500 1.000000
0 199 0.494922 0.583333 0.099219 0.486111 1.000000
0 200 0.494922 0.584028 0.100781 0.484722 1.000000
0 201 0.498047 0.582639 0.103906 0.484722 1.000000
0 202 0.501563 0.579861 0.106250 0.493056 1.000000
0 203 0.504687 0.575694 0.107813 0.501389 1.000000
0 204 0.507812 0.552083 0.104688 0.548611 1.000000
0 205 0.508594 0.525000 0.096875 0.586111 1.000000
0 206 0.510156 0.504861 0.087500 0.626389 1.000000
0 207 0.514453 0.511111 0.089844 0.619444 1.000000
0 208 0.520312 0.522917 0.092188 0.595833 1.000000
0 209 0.521484 0.527083 0.091406 0.587500 1.000000
0 210 0.523828 0.533333 0.088281 0.575000 1.000000
0 211 0.524219 0.534722 0.085938 0.572222 1.000000
0 212 0.527734 0.538889 0.086719 0.563889 1.000000
0 213 0.530078 0.543750 0.088281 0.554167 1.000000
0 214 0.535156 0.563889 0.090625 0.513889 1.000000
0 215 0.536328 0.563889 0.088281 0.513889 1.000000
0 216 0.538281 0.556250 0.082812 0.529167 1.000000
0 217 0.539062 0.559722 0.082812 0.522222 1.000000
0 218 0.544141 0.570833 0.080469 0.472222 1.000000
0 219 0.546094 0.568056 0.076563 0.461111 1.000000
0 220 0.546875 0.575694 0.065625 0.451389 1.000000
0 221 0.548438 0.576389 0.062500 0.444444 1.000000
0 222 0.556250 0.579167 0.068750 0.441667 1.000000
0 223 0.558203 0.579861 0.071094 0.443056 1.000000
0 224 0.566406 0.577083 0.075000 0.445833 1.000000
0 225 0.569531 0.577778 0.076563 0.447222 1.000000
0 226 0.570703 0.577778 0.072656 0.436111 1.000000
0 227 0.570703 0.578472 0.069531 0.429167 1.000000
0 228 0.571484 0.576389 0.069531 0.416667 1.000000
0 229 0.572266 0.576389 0.072656 0.416667 1.000000
0 230 0.575781 0.574306 0.075000 0.420833 1.000000
0 231 0.578516 0.571528 0.078906 0.426389 1.000000
0 232 0.580859 0.570139 0.094531 0.431944 1.000000
0 233 0.581250 0.568750 0.101562 0.431944 1.000000
0 234 0.583984 0.569444 0.107031 0.433333 1.000000
0 235 0.584375 0.568750 0.107813 0.431944 1.000000
0 236 0.586719 0.570139 0.101562 0.429167 1.000000
0 237 0.585547 0.572222 0.102344 0.427778 1.000000
0 238 0.585938 0.575000 0.100000 0.422222 1.000000
0 239 0.582422 0.576389 0.108594 0.419444 1.000000
0 240 0.582812 0.584028 0.104688 0.429167 1.000000
0 241 0.589844 0.584028 0.096875 0.426389 1.000000
0 242 0.598828 0.584722 0.082031 0.422222 1.000000
0 243 0.598437 0.586111 0.073438 0.422222 1.000000
0 244 0.597266 0.586111 0.071094 0.419444 1.000000
0 245 0.596875 0.586111 0.075000 0.419444 1.000000
0 246 0.595313 0.584722 0.085938 0.422222 1.000000
0 247 0.594141 0.583333 0.091406 0.425000 1.000000
0 248 0.595313 0.579861 0.104688 0.431944 1.000000
0 249 0.600000 0.577778 0.101562 0.436111 1.000000
0 250 0.601953 0.576389 0.100781 0.441667 1.000000
0 251 0.602734 0.572917 0.099219 0.443056 1.000000
0 252 0.603516 0.570833 0.086719 0.444444 1.000000
0 253 0.603516 0.570833 0.080469 0.444444 1.000000
0 254 0.608984 0.572917 0.074219 0.440278 1.000000
0 255 0.609375 0.575694 0.078125 0.437500 1.000000
0 256 0.608203 0.579861 0.085156 0.429167 1.000000
0 257 0.607031 0.579167 0.092188 0.430556 1.000000
0 258 0.597266 0.572917 0.107031 0.440278 1.000000
0 259 0.594141 0.573611 0.119531 0.441667 1.000000
0 260 0.595703 0.575000 0.124219 0.438889 1.000000
0 261 0.594531 0.577778 0.123438 0.430556 1.000000
0 262 0.593359 0.579167 0.122656 0.427778 1.000000
0 263 0.590625 0.579167 0.117188 0.427778 1.000000
0 264 0.587500 0.568056 0.112500 0.425000 1.000000
0 265 0.574219 0.572917 0.090625 0.437500 1.000000
0 266 0.572266 0.574306 0.100781 0.437500 1.000000
0 267 0.571484 0.577083 0.100781 0.431944 1.000000
0 268 0.571094 0.584028 0.101562 0.420833 1.000000
0 269 0.571094 0.584722 0.101562 0.419444 1.000000
0 270 0.570312 0.580556 0.103125 0.425000 1.000000
0 271 0.570312 0.578472 0.103125 0.431944 1.000000
0 272 0.569922 0.576389 0.103906 0.436111 1.000000
0 273 0.570312 0.577083 0.104688 0.434722 1.000000
0 274 0.570312 0.582639 0.104688 0.423611 1.000000
0 275 0.569922 0.584028 0.105469 0.420833 1.000000
0 276 0.569922 0.583333 0.105469 0.422222 1.000000
0 277 0.570312 0.581944 0.106250 0.425000 1.000000
0 278 0.569922 0.579861 0.107031 0.429167 1.000000
0 279 0.570703 0.579861 0.103906 0.429167 1.000000
0 280 0.571875 0.582639 0.104688 0.420833 1.000000
0 281 0.569531 0.583333 0.106250 0.419444 1.000000
0 282 0.570312 0.584028 0.103125 0.420833 1.000000
0 283 0.569922 0.582639 0.103906 0.423611 1.000000
0 284 0.568750 0.579861 0.104688 0.429167 1.000000
0 285 0.569922 0.579861 0.105469 0.429167 1.000000
0 286 0.569922 0.580556 0.103906 0.427778 1.000000
0 287 0.570312 0.581250 0.104688 0.426389 1.000000
0 288 0.570312 0.579861 0.104688 0.429167 1.000000
0 289 0.571094 0.577778 0.104688 0.430556 1.000000
0 290 0.571875 0.579167 0.106250 0.427778 1.000000
0 291 0.572266 0.580556 0.107031 0.425000 1.000000
0 292 0.572656 0.583333 0.107813 0.416667 1.000000
0 293 0.571875 0.585417 0.106250 0.415278 1.000000
0 294 0.572656 0.584722 0.107813 0.413889 1.000000
0 295 0.571875 0.585417 0.106250 0.415278 1.000000
0 296 0.572656 0.584722 0.106250 0.416667 1.000000
0 297 0.573047 0.584028 0.107031 0.415278 1.000000
0 298 0.572656 0.584722 0.106250 0.416667 1.000000
0 299 0.582812 0.584722 0.126562 0.416667 1.000000
0 300 0.582422 0.583333 0.125781 0.419444 1.000000
0 301 0.582031 0.582639 0.125000 0.418056 1.000000
0 302 0.582812 0.582639 0.126562 0.418056 1.000000
0 303 0.583203 0.584028 0.125781 0.418056 1.000000
0 304 0.581641 0.585417 0.122656 0.415278 1.000000
0 305 0.583203 0.584722 0.119531 0.413889 1.000000
0 306 0.582812 0.584722 0.118750 0.416667 1.000000
0 307 0.581641 0.584722 0.117969 0.416667 1.000000
0 308 0.581641 0.585417 0.117969 0.415278 1.000000
0 309 0.581250 0.582639 0.117188 0.406944 1.000000
0 310 0.584375 0.584722 0.123438 0.413889 1.000000
0 311 0.583594 0.583333 0.121875 0.416667 1.000000
0 312 0.585547 0.584028 0.125781 0.418056 1.000000
0 313 0.584375 0.580556 0.123438 0.425000 1.000000
0 314 0.583594 0.578472 0.121875 0.426389 1.000000
0 315 0.582812 0.581944 0.120313 0.422222 1.000000
0 316 0.581641 0.588194 0.117969 0.398611 1.000000
0 317 0.581250 0.593750 0.115625 0.395833 1.000000
0 318 0.578516 0.595833 0.110156 0.394444 1.000000
0 319 0.576562 0.595833 0.107813 0.394444 1.000000
0 320 0.578125 0.595833 0.110937 0.391667 1.000000
0 321 0.573047 0.597222 0.100781 0.388889 1.000000
0 322 0.573047 0.600000 0.100781 0.383333 1.000000
0 323 0.572656 0.600000 0.100000 0.383333 1.000000
0 324 0.572656 0.595833 0.100000 0.391667 1.000000
0 325 0.572656 0.593056 0.100000 0.397222 1.000000
0 326 0.571484 0.588889 0.100781 0.405556 1.000000
0 327 0.571094 0.586806 0.101562 0.409722 1.000000
0 328 0.570312 0.581250 0.103125 0.420833 1.000000
0 329 0.570312 0.578472 0.103125 0.426389 1.000000
0 330 0.568750 0.573611 0.100000 0.436111 1.000000
0 331 0.567578 0.572222 0.094531 0.436111 1.000000
0 332 0.567187 0.575000 0.093750 0.433333 1.000000
0 333 0.567187 0.577778 0.093750 0.427778 1.000000
0 334 0.567578 0.580556 0.092969 0.422222 1.000000
0 335 0.567578 0.579861 0.092969 0.423611 1.000000
0 336 0.568359 0.575000 0.091406 0.430556 1.000000
0 337 0.568750 0.575000 0.092188 0.433333 1.000000
0 338 0.569531 0.576389 0.090625 0.430556 1.000000
0 339 0.568750 0.579167 0.092188 0.425000 1.000000
0 340 0.568359 0.583333 0.092969 0.416667 1.000000
0 341 0.568750 0.583333 0.092188 0.416667 1.000000
0 342 0.571484 0.580556 0.096094 0.422222 1.000000
0 343 0.574609 0.579167 0.102344 0.425000 1.000000
0 344 0.577344 0.578472 0.095312 0.426389 1.000000
0 345 0.576562 0.579167 0.093750 0.422222 1.000000
0 346 0.575391 0.582639 0.091406 0.418056 1.000000
0 347 0.576953 0.581250 0.096094 0.418056 1.000000
0 348 0.576562 0.579861 0.096875 0.423611 1.000000
0 349 0.575391 0.578472 0.097656 0.426389 1.000000
0 350 0.576172 0.578472 0.099219 0.426389 1.000000
0 351 0.576172 0.579167 0.100781 0.422222 1.000000
0 352 0.571484 0.582639 0.089844 0.418056 1.000000
0 353 0.572656 0.581944 0.093750 0.419444 1.000000
0 354 0.574219 0.579167 0.096875 0.427778 1.000000
0 355 0.579297 0.576389 0.102344 0.430556 1.000000
0 356 0.579688 0.575000 0.103125 0.433333 1.000000
0 357 0.581641 0.575694 0.102344 0.429167 1.000000
0 358 0.582812 0.579167 0.101562 0.425000 1.000000
0 359 0.582812 0.578472 0.100000 0.426389 1.000000
0 360 0.584766 0.577083 0.102344 0.434722 1.000000
0 361 0.585547 0.575000 0.105469 0.436111 1.000000
0 362 0.588281 0.574306 0.114062 0.431944 1.000000
0 363 0.589453 0.576389 0.114844 0.430556 1.000000
0 364 0.591406 0.575694 0.110937 0.429167 1.000000
0 365 0.591406 0.575694 0.109375 0.429167 1.000000
0 366 0.592578 0.577083 0.107031 0.431944 1.000000
0 367 0.593359 0.575694 0.107031 0.429167 1.000000
0 368 0.594922 0.575694 0.107031 0.429167 1.000000
0 369 0.596094 0.575694 0.101562 0.429167 1.000000
0 370 0.598828 0.575694 0.100781 0.429167 1.000000
0 371 0.601172 0.575694 0.102344 0.429167 1.000000
0 372 0.605469 0.576389 0.107813 0.430556 1.000000
0 373 0.608594 0.577778 0.109375 0.430556 1.000000
0 374 0.609375 0.579167 0.107813 0.425000 1.000000
0 375 0.610156 0.581250 0.106250 0.420833 1.000000
0 376 0.612500 0.580556 0.106250 0.422222 1.000000
0 377 0.613281 0.579167 0.104688 0.425000 1.000000
0 378 0.618359 0.576389 0.102344 0.433333 1.000000
0 379 0.619141 0.575000 0.102344 0.433333 1.000000
0 380 0.619922 0.575694 0.103906 0.426389 1.000000
0 381 0.620703 0.576389 0.100781 0.422222 1.000000
0 382 0.624219 0.576389 0.096875 0.425000 1.000000
0 383 0.626953 0.575694 0.092969 0.426389 1.000000
0 384 0.629687 0.575000 0.096875 0.436111 1.000000
0 385 0.630859 0.575000 0.099219 0.438889 1.000000
0 386 0.633594 0.575694 0.104688 0.431944 1.000000
0 387 0.634375 0.577778 0.104688 0.425000 1.000000
0 388 0.634375 0.581250 0.104688 0.418056 1.000000
0 389 0.633984 0.581944 0.103906 0.419444 1.000000
0 390 0.634375 0.578472 0.103125 0.426389 1.000000
0 391 0.634766 0.576389 0.103906 0.430556 1.000000
0 392 0.635156 0.573611 0.103125 0.430556 1.000000
0 393 0.634766 0.575694 0.102344 0.431944 1.000000
0 394 0.640234 0.579167 0.091406 0.427778 1.000000
0 395 0.639844 0.579861 0.092188 0.426389 1.000000
0 396 0.640234 0.578472 0.096094 0.429167 1.000000
0 397 0.640234 0.578472 0.099219 0.431944 1.000000
0 398 0.639844 0.577778 0.101562 0.430556 1.000000
0 399 0.639062 0.579861 0.103125 0.429167 1.000000
0 400 0.637891 0.579861 0.100781 0.426389 1.000000
0 401 0.637109 0.579861 0.100781 0.429167 1.000000
0 402 0.637891 0.575000 0.094531 0.436111 1.000000
0 403 0.639062 0.573611 0.090625 0.438889 1.000000
0 404 0.638281 0.574306 0.084375 0.431944 1.000000
0 405 0.638281 0.575694 0.087500 0.429167 1.000000
0 406 0.641406 0.575694 0.087500 0.423611 1.000000
0 407 0.642969 0.576389 0.089063 0.425000 1.000000
0 408 0.642969 0.573611 0.092188 0.430556 1.000000
0 409 0.643359 0.572917 0.092969 0.431944 1.000000
0 410 0.642578 0.577083 0.091406 0.434722 1.000000
0 411 0.642188 0.579167 0.089063 0.430556 1.000000
0 412 0.640625 0.581250 0.082812 0.423611 1.000000
0 413 0.639062 0.581250 0.082812 0.423611 1.000000
0 414 0.639844 0.578472 0.085938 0.431944 1.000000
0 415 0.642578 0.577083 0.085156 0.434722 1.000000
0 416 0.644141 0.577083 0.086719 0.434722 1.000000
0 417 0.644922 0.577778 0.086719 0.430556 1.000000
0 418 0.645312 0.581250 0.087500 0.426389 1.000000
0 419 0.644922 0.580556 0.088281 0.427778 1.000000
0 420 0.644531 0.577083 0.089063 0.434722 1.000000
0 421 0.642969 0.574306 0.087500 0.437500 1.000000
0 422 0.644141 0.572917 0.080469 0.437500 1.000000
0 423 0.642578 0.574306 0.082031 0.434722 1.000000
0 424 0.641797 0.579167 0.078906 0.427778 1.000000
0 425 0.641797 0.577778 0.077344 0.427778 1.000000
0 426 0.641797 0.575694 0.082031 0.434722 1.000000
0 427 0.641406 0.574306 0.085938 0.437500 1.000000
0 428 0.642578 0.572917 0.089844 0.437500 1.000000
0 429 0.642578 0.574306 0.089844 0.434722 1.000000
0 430 0.644141 0.579167 0.086719 0.427778 1.000000
0 431 0.645312 0.579861 0.089063 0.426389 1.000000
0 432 0.646484 0.577083 0.092969 0.431944 1.000000
0 433 0.648047 0.575000 0.096094 0.436111 1.000000
0 434 0.651563 0.574306 0.098437 0.437500 1.000000
0 435 0.653125 0.577083 0.100000 0.434722 1.000000
0 436 0.655078 0.579861 0.100781 0.429167 1.000000
0 437 0.654687 0.578472 0.100000 0.429167 1.000000
0 438 0.652344 0.575694 0.100000 0.434722 1.000000
0 439 0.650391 0.574306 0.102344 0.437500 1.000000
0 440 0.648828 0.575000 0.102344 0.436111 1.000000
0 441 0.648828 0.577083 0.102344 0.431944 1.000000
0 442 0.647656 0.579861 0.101562 0.429167 1.000000
0 443 0.647656 0.578472 0.101562 0.429167 1.000000
0 444 0.648047 0.576389 0.102344 0.436111 1.000000
0 445 0.648047 0.574306 0.102344 0.437500 1.000000
0 446 0.648047 0.575000 0.102344 0.436111 1.000000
0 447 0.647656 0.576389 0.101562 0.433333 1.000000
0 448 0.645703 0.579861 0.099219 0.426389 1.000000
0 449 0.646094 0.579861 0.095312 0.426389 1.000000
0 450 0.644531 0.577083 0.093750 0.431944 1.000000
0 451 0.643750 0.575694 0.090625 0.434722 1.000000
0 452 0.639453 0.575694 0.083594 0.434722 1.000000
0 453 0.638281 0.577778 0.082812 0.430556 1.000000
0 454 0.639062 0.580556 0.084375 0.422222 1.000000
0 455 0.638281 0.582639 0.084375 0.420833 1.000000
0 456 0.637891 0.581250 0.085156 0.423611 1.000000
0 457 0.637891 0.579167 0.082031 0.427778 1.000000
0 458 0.634766 0.577083 0.072656 0.431944 1.000000
0 459 0.634375 0.576389 0.075000 0.430556 1.000000
0 460 0.634375 0.581944 0.078125 0.422222 1.000000
0 461 0.634375 0.584028 0.075000 0.418056 1.000000
0 462 0.637500 0.586111 0.076563 0.413889 1.000000
0 463 0.633203 0.584722 0.074219 0.413889 1.000000
0 464 0.634375 0.582639 0.075000 0.418056 1.000000
0 465 0.633594 0.581944 0.073438 0.422222 1.000000
0 466 0.632812 0.579861 0.078125 0.423611 1.000000
0 467 0.636328 0.579861 0.085156 0.423611 1.000000
0 468 0.639844 0.579861 0.090625 0.423611 1.000000
0 469 0.640234 0.579861 0.091406 0.423611 1.000000
0 470 0.639844 0.577083 0.085938 0.429167 1.000000
0 471 0.641016 0.575694 0.082031 0.431944 1.000000
0 472 0.640625 0.573611 0.075000 0.436111 1.000000
0 473 0.640234 0.575000 0.072656 0.436111 1.000000
0 474 0.640234 0.574306 0.071094 0.437500 1.000000
0 475 0.639453 0.573611 0.069531 0.438889 1.000000
0 476 0.639453 0.572917 0.071094 0.437500 1.000000
0 477 0.639844 0.574306 0.073438 0.434722 1.000000
0 478 0.641016 0.578472 0.072656 0.426389 1.000000
0 479 0.644531 0.580556 0.065625 0.422222 1.000000
0 480 0.641406 0.582639 0.076563 0.423611 1.000000
0 481 0.631641 0.582639 0.097656 0.423611 1.000000
0 482 0.615234 0.582639 0.130469 0.418056 1.000000
0 483 0.612891 0.584722 0.136719 0.416667 1.000000
0 484 0.612891 0.584722 0.133594 0.413889 1.000000
0 485 0.613281 0.584028 0.131250 0.415278 1.000000
0 486 0.617969 0.579167 0.118750 0.422222 1.000000
0 487 0.621094 0.578472 0.107813 0.426389 1.000000
0 488 0.635938 0.575694 0.071875 0.429167 1.000000
0 489 0.639844 0.577083 0.060937 0.429167 1.000000
0 490 0.641797 0.579861 0.050781 0.423611 1.000000
0 491 0.642188 0.580556 0.054688 0.422222 1.000000
0 492 0.644531 0.580556 0.070312 0.422222 1.000000
0 493 0.646484 0.579861 0.082031 0.420833 1.000000
0 494 0.663672 0.579167 0.117969 0.419444 1.000000
0 495 0.663672 0.581250 0.132031 0.415278 1.000000
0 496 0.665234 0.584722 0.133594 0.411111 1.000000
0 497 0.664844 0.584722 0.132812 0.411111 1.000000
0 498 0.660156 0.581250 0.123438 0.415278 1.000000
0 499 0.655078 0.579861 0.114844 0.418056 1.000000
0 500 0.643750 0.578472 0.093750 0.420833 1.000000
0 501 0.636328 0.579861 0.083594 0.418056 1.000000
0 502 0.628516 0.584722 0.067969 0.408333 1.000000
0 503 0.628516 0.587500 0.067969 0.405556 1.000000
0 504 0.633203 0.586806 0.075781 0.406944 1.000000
0 505 0.639453 0.586111 0.088281 0.411111 1.000000
0 506 0.653125 0.584722 0.118750 0.416667 1.000000
0 507 0.656641 0.585417 0.135156 0.418056 1.000000
0 508 0.662891 0.584722 0.146094 0.408333 1.000000
0 509 0.663281 0.584722 0.145313 0.408333 1.000000
0 510 0.660547 0.584722 0.138281 0.411111 1.000000
0 511 0.658594 0.584028 0.132812 0.412500 1.000000
0 512 0.651172 0.581944 0.116406 0.413889 1.000000
0 513 0.646094 0.580556 0.104688 0.413889 1.000000
0 514 0.632812 0.584028 0.076563 0.412500 1.000000
0 515 0.630859 0.586111 0.066406 0.411111 1.000000
0 516 0.633984 0.585417 0.071094 0.406944 1.000000
0 517 0.640625 0.583333 0.081250 0.408333 1.000000
0 518 0.656250 0.582639 0.109375 0.415278 1.000000
0 519 0.660547 0.583333 0.116406 0.416667 1.000000
0 520 0.664844 0.585417 0.125000 0.415278 1.000000
0 521 0.662891 0.584722 0.125781 0.413889 1.000000
0 522 0.662891 0.585417 0.124219 0.415278 1.000000
0 523 0.663672 0.584722 0.122656 0.416667 1.000000
0 524 0.658984 0.581250 0.110156 0.415278 1.000000
0 525 0.655469 0.580556 0.101562 0.413889 1.000000
0 526 0.645312 0.582639 0.079687 0.409722 1.000000
0 527 0.639844 0.584722 0.070312 0.405556 1.000000
0 528 0.636328 0.589583 0.063281 0.404167 1.000000
0 529 0.636719 0.589583 0.062500 0.404167 1.000000
0 530 0.647656 0.590278 0.082812 0.408333 1.000000
0 531 0.653906 0.588194 0.100000 0.409722 1.000000
0 532 0.665625 0.587500 0.125000 0.413889 1.000000
0 533 0.667188 0.586806 0.131250 0.412500 1.000000
0 534 0.670312 0.583333 0.134375 0.411111 1.000000
0 535 0.670312 0.581250 0.131250 0.412500 1.000000
0 536 0.664453 0.579861 0.116406 0.418056 1.000000
0 537 0.660547 0.577778 0.105469 0.419444 1.000000
0 538 0.648828 0.578472 0.080469 0.418056 1.000000
0 539 0.643750 0.583333 0.070312 0.416667 1.000000
0 540 0.641016 0.590278 0.067969 0.402778 1.000000
0 541 0.640234 0.593056 0.067969 0.397222 1.000000
0 542 0.641016 0.596528 0.069531 0.390278 1.000000
0 543 0.640625 0.597222 0.068750 0.386111 1.000000
0 544 0.643359 0.597222 0.069531 0.386111 1.000000
0 545 0.645312 0.597917 0.071875 0.387500 1.000000
0 546 0.646484 0.595833 0.075781 0.391667 1.000000
0 547 0.646094 0.595139 0.076563 0.393056 1.000000
0 548 0.644922 0.592361 0.074219 0.398611 1.000000
0 549 0.643359 0.590278 0.072656 0.402778 1.000000
0 550 0.642969 0.585417 0.073438 0.412500 1.000000
0 551 0.642188 0.582639 0.075000 0.418056 1.000000
0 552 0.641797 0.577778 0.072656 0.427778 1.000000
0 553 0.639844 0.575000 0.071875 0.430556 1.000000
0 554 0.640625 0.573611 0.076563 0.436111 1.000000
0 555 0.641406 0.575000 0.079687 0.436111 1.000000
0 556 0.642578 0.579167 0.082031 0.427778 1.000000
0 557 0.642188 0.581250 0.081250 0.423611 1.000000
0 558 0.640234 0.581250 0.078906 0.420833 1.000000
0 559 0.641406 0.580556 0.081250 0.422222 1.000000
0 560 0.642969 0.577083 0.082812 0.429167 1.000000
0 561 0.643750 0.576389 0.082812 0.430556 1.000000
0 562 0.648828 0.575694 0.091406 0.431944 1.000000
0 563 0.651563 0.576389 0.095312 0.433333 1.000000
0 564 0.659375 0.575694 0.087500 0.431944 1.000000
0 565 0.667578 0.573611 0.080469 0.427778 1.000000
0 566 0.676172 0.572222 0.074219 0.427778 1.000000
0 567 0.675781 0.575000 0.079687 0.430556 1.000000
0 568 0.680469 0.579861 0.093750 0.440278 1.000000
0 569 0.683594 0.579861 0.092188 0.440278 1.000000
0 570 0.691797 0.579861 0.078906 0.437500 1.000000
0 571 0.691016 0.580556 0.075781 0.438889 1.000000
0 581 0.667578 0.580556 0.072656 0.438889 1.000000
0 582 0.665234 0.578472 0.072656 0.440278 1.000000
0 583 0.662891 0.577083 0.072656 0.445833 1.000000
0 584 0.657031 0.576389 0.065625 0.452778 1.000000
0 585 0.655078 0.575694 0.067969 0.451389 1.000000
0 586 0.653125 0.577083 0.068750 0.451389 1.000000
0 587 0.648828 0.575694 0.064844 0.448611 1.000000
0 588 0.643750 0.576389 0.059375 0.450000 1.000000
0 589 0.641016 0.576389 0.058594 0.450000 1.000000
0 590 0.638281 0.575694 0.059375 0.451389 1.000000
0 591 0.636328 0.576389 0.060156 0.450000 1.000000
0 592 0.633984 0.578472 0.060156 0.445833 1.000000
0 593 0.630859 0.581944 0.063281 0.444444 1.000000
0 594 0.634766 0.582639 0.071094 0.440278 1.000000
0 595 0.632812 0.581250 0.073438 0.440278 1.000000
0 596 0.626563 0.576389 0.065625 0.450000 1.000000
0 597 0.623828 0.573611 0.060156 0.455556 1.000000
0 598 0.623047 0.570139 0.053906 0.451389 1.000000
0 599 0.623047 0.572222 0.066406 0.447222 1.000000
0 600 0.621094 0.577778 0.078125 0.438889 1.000000
0 601 0.621484 0.579167 0.078906 0.436111 1.000000
0 602 0.622656 0.578472 0.075000 0.434722 1.000000
0 603 0.624609 0.578472 0.066406 0.437500 1.000000
0 604 0.620703 0.577778 0.058594 0.438889 1.000000
0 605 0.619922 0.582639 0.058594 0.445833 1.000000
0 606 0.619922 0.582639 0.060156 0.445833 1.000000
0 607 0.619531 0.582639 0.060937 0.445833 1.000000
0 608 0.619141 0.582639 0.060156 0.445833 1.000000
0 609 0.618750 0.582639 0.060937 0.445833 1.000000
0 610 0.619141 0.582639 0.061719 0.445833 1.000000
0 611 0.619141 0.582639 0.061719 0.445833 1.000000
0 612 0.618750 0.582639 0.060937 0.445833 1.000000
0 613 0.619141 0.581944 0.061719 0.447222 1.000000
0 614 0.618750 0.580556 0.060937 0.447222 1.000000
0 615 0.619141 0.581250 0.061719 0.448611 1.000000
0 616 0.619141 0.580556 0.061719 0.447222 1.000000
0 617 0.619922 0.581250 0.061719 0.448611 1.000000
0 618 0.619531 0.580556 0.060937 0.450000 1.000000
0 619 0.619531 0.579861 0.060937 0.451389 1.000000
0 620 0.619531 0.579167 0.060937 0.452778 1.000000
0 621 0.619922 0.579167 0.060156 0.452778 1.000000
0 622 0.620313 0.579167 0.060937 0.452778 1.000000
0 623 0.619922 0.579861 0.060156 0.451389 1.000000
0 624 0.619141 0.575694 0.061719 0.437500 1.000000
0 625 0.620703 0.577083 0.064844 0.434722 1.000000
0 626 0.622656 0.579861 0.071875 0.429167 1.000000
0 627 0.624219 0.581944 0.073438 0.425000 1.000000
0 628 0.625391 0.592361 0.072656 0.434722 1.000000
0 629 0.625781 0.593750 0.071875 0.434722 1.000000
0 630 0.626953 0.595139 0.074219 0.434722 1.000000
0 631 0.628906 0.593750 0.076563 0.434722 1.000000
0 632 0.631250 0.592361 0.079687 0.437500 1.000000
0 633 0.632422 0.591667 0.080469 0.438889 1.000000
0 634 0.635547 0.595833 0.082031 0.452778 1.000000
0 635 0.637109 0.595139 0.080469 0.454167 1.000000
0 636 0.638672 0.592361 0.080469 0.456944 1.000000
0 637 0.639844 0.591667 0.081250 0.458333 1.000000
0 638 0.641016 0.590972 0.082031 0.462500 1.000000
0 639 0.642578 0.588889 0.082031 0.463889 1.000000
0 640 0.643359 0.597917 0.082031 0.490278 1.000000
0 641 0.643750 0.597917 0.082812 0.493056 1.000000
0 642 0.644922 0.595833 0.083594 0.494444 1.000000
0 643 0.645703 0.595139 0.083594 0.495833 1.000000
0 644 0.646484 0.593750 0.083594 0.498611 1.000000
0 645 0.646094 0.593056 0.082812 0.500000 1.000000
0 646 0.647266 0.593056 0.083594 0.500000 1.000000
0 647 0.647266 0.593750 0.083594 0.501389 1.000000
0 648 0.648438 0.595833 0.084375 0.494444 1.000000
0 649 0.648438 0.590972 0.084375 0.498611 1.000000
0 650 0.649219 0.588889 0.085938 0.497222 1.000000
0 651 0.649219 0.590278 0.085938 0.500000 1.000000
0 652 0.649219 0.591667 0.085938 0.502778 1.000000
0 653 0.648828 0.591667 0.085156 0.502778 1.000000
0 654 0.646875 0.591667 0.082812 0.502778 1.000000
0 655 0.646875 0.590972 0.082812 0.504167 1.000000
0 656 0.646094 0.590278 0.081250 0.505556 1.000000
0 657 0.645703 0.588889 0.080469 0.505556 1.000000
0 658 0.646094 0.590278 0.081250 0.505556 1.000000
0 659 0.646094 0.590278 0.081250 0.505556 1.000000
0 660 0.646094 0.590972 0.081250 0.506944 1.000000
0 661 0.646484 0.590972 0.082031 0.506944 1.000000
0 662 0.646484 0.589583 0.082031 0.506944 1.000000
0 663 0.647266 0.589583 0.082031 0.506944 1.000000
0 664 0.646484 0.590972 0.080469 0.506944 1.000000
0 665 0.646875 0.590972 0.081250 0.506944 1.000000
0 666 0.646875 0.589583 0.081250 0.509722 1.000000
0 667 0.646875 0.587500 0.081250 0.511111 1.000000
0 668 0.646875 0.585417 0.082812 0.515278 1.000000
0 669 0.646875 0.582639 0.082812 0.518056 1.000000
0 670 0.647266 0.581250 0.083594 0.520833 1.000000
0 671 0.646875 0.580556 0.084375 0.519444 1.000000
0 672 0.645703 0.581250 0.085156 0.515278 1.000000
0 673 0.645312 0.583333 0.087500 0.511111 1.000000
0 674 0.645703 0.590278 0.085156 0.497222 1.000000
0 675 0.646094 0.593056 0.085938 0.491667 1.000000
0 676 0.646875 0.599306 0.085938 0.481944 1.000000
0 677 0.647656 0.600694 0.085938 0.479167 1.000000
0 678 0.647656 0.602083 0.087500 0.476389 1.000000
0 679 0.647266 0.601389 0.086719 0.477778 1.000000
0 680 0.650391 0.598611 0.082031 0.483333 1.000000
0 681 0.649609 0.596528 0.080469 0.487500 1.000000
0 682 0.649219 0.590278 0.073438 0.500000 1.000000
0 683 0.649609 0.585417 0.069531 0.509722 1.000000
0 684 0.647656 0.575694 0.065625 0.529167 1.000000
0 685 0.647656 0.570833 0.064062 0.536111 1.000000
0 686 0.648047 0.568056 0.061719 0.544444 1.000000
0 687 0.649219 0.568056 0.060937 0.544444 1.000000
0 688 0.651172 0.570833 0.061719 0.538889 1.000000
0 689 0.650781 0.572917 0.062500 0.534722 1.000000
0 690 0.650781 0.572917 0.060937 0.534722 1.000000
0 691 0.650781 0.571528 0.060937 0.534722 1.000000
0 692 0.651172 0.572222 0.061719 0.536111 1.000000
0 693 0.651172 0.572222 0.063281 0.536111 1.000000
0 694 0.650781 0.572222 0.062500 0.536111 1.000000
0 695 0.651953 0.572222 0.064844 0.536111 1.000000
0 696 0.654687 0.574306 0.067187 0.531944 1.000000
0 697 0.655469 0.577778 0.068750 0.525000 1.000000
0 698 0.655078 0.587500 0.072656 0.508333 1.000000
0 699 0.653516 0.592361 0.078906 0.498611 1.000000
0 700 0.652344 0.600694 0.084375 0.481944 1.000000
0 701 0.652734 0.601389 0.086719 0.477778 1.000000
0 702 0.654297 0.600694 0.085156 0.476389 1.000000
0 703 0.650781 0.597917 0.092188 0.481944 1.000000
0 704 0.647266 0.597222 0.086719 0.488889 1.000000
0 705 0.648047 0.593056 0.078906 0.494444 1.000000
0 706 0.646484 0.588889 0.069531 0.508333 1.000000
0 707 0.644141 0.581944 0.066406 0.508333 1.000000
0 708 0.644141 0.579167 0.063281 0.527778 1.000000
0 709 0.642969 0.575694 0.062500 0.531944 1.000000
0 710 0.642969 0.575000 0.060937 0.527778 1.000000
0 711 0.641406 0.572917 0.060937 0.523611 1.000000
0 712 0.639844 0.576389 0.059375 0.516667 1.000000
0 713 0.640625 0.577778 0.062500 0.516667 1.000000
0 714 0.640625 0.577778 0.062500 0.516667 1.000000
0 715 0.641016 0.578472 0.060156 0.518056 1.000000
0 716 0.641797 0.578472 0.063281 0.512500 1.000000
0 717 0.644141 0.578472 0.064844 0.509722 1.000000
0 718 0.647656 0.577778 0.070312 0.505556 1.000000
0 719 0.648828 0.574306 0.072656 0.509722 1.000000
0 720 0.650000 0.569444 0.076563 0.519444 1.000000
0 721 0.649609 0.568056 0.075781 0.522222 1.000000
0 722 0.644922 0.570833 0.069531 0.516667 1.000000
0 723 0.643359 0.572917 0.064844 0.509722 1.000000
0 724 0.642578 0.577778 0.063281 0.505556 1.000000
0 725 0.641016 0.579167 0.066406 0.502778 1.000000
0 726 0.641406 0.577778 0.064062 0.502778 1.000000
0 727 0.640625 0.577778 0.065625 0.502778 1.000000
0 728 0.641797 0.577778 0.066406 0.502778 1.000000
0 729 0.644141 0.573611 0.064844 0.494444 1.000000
0 730 0.646875 0.573611 0.073438 0.494444 1.000000
0 731 0.647656 0.570833 0.076563 0.497222 1.000000
0 732 0.648828 0.569444 0.080469 0.502778 1.000000
0 733 0.647266 0.568056 0.078906 0.505556 1.000000
0 734 0.642969 0.570833 0.071875 0.505556 1.000000
0 735 0.641016 0.572222 0.067969 0.500000 1.000000
0 736 0.640234 0.575000 0.066406 0.497222 1.000000
0 737 0.640625 0.575000 0.067187 0.497222 1.000000
0 738 0.641406 0.571528 0.070312 0.501389 1.000000
0 739 0.642578 0.572222 0.072656 0.502778 1.000000
0 740 0.645312 0.571528 0.078125 0.501389 1.000000
0 741 0.646484 0.568750 0.082031 0.498611 1.000000
0 742 0.646875 0.569444 0.096875 0.500000 1.000000
0 743 0.644922 0.568750 0.124219 0.498611 1.000000
0 744 0.628906 0.568056 0.181250 0.500000 1.000000
0 745 0.627734 0.568056 0.186719 0.500000 1.000000
0 746 0.619531 0.569444 0.173437 0.500000 1.000000
0 747 0.611719 0.572222 0.165625 0.505556 1.000000
0 748 0.610938 0.574306 0.156250 0.504167 1.000000
0 749 0.612500 0.572222 0.151562 0.505556 1.000000
0 750 0.611719 0.570139 0.148438 0.509722 1.000000
0 751 0.611719 0.565278 0.148438 0.522222 1.000000
0 752 0.610938 0.563194 0.151562 0.523611 1.000000
0 753 0.609375 0.565278 0.151562 0.522222 1.000000
0 754 0.609766 0.573611 0.153906 0.505556 1.000000
0 755 0.609375 0.572222 0.153125 0.500000 1.000000
0 756 0.608203 0.568750 0.152344 0.498611 1.000000
0 757 0.606641 0.565278 0.149219 0.505556 1.000000
0 758 0.605859 0.572222 0.150781 0.505556 1.000000
0 759 0.603906 0.574306 0.151562 0.501389 1.000000
0 760 0.601953 0.573611 0.150781 0.500000 1.000000
0 761 0.600391 0.574306 0.150781 0.501389 1.000000
0 762 0.599219 0.572917 0.150000 0.504167 1.000000
0 763 0.598047 0.570139 0.149219 0.506944 1.000000
0 764 0.598828 0.575000 0.147656 0.497222 1.000000
0 765 0.601562 0.577083 0.142187 0.493056 1.000000
0 766 0.614062 0.580556 0.110937 0.486111 1.000000
0 767 0.615625 0.580556 0.104688 0.486111 1.000000
0 768 0.617188 0.575694 0.096875 0.495833 1.000000
0 769 0.619141 0.572222 0.089844 0.502778 1.000000
0 770 0.621094 0.567361 0.084375 0.506944 1.000000
0 771 0.621875 0.567361 0.093750 0.504167 1.000000
0 772 0.617188 0.572917 0.109375 0.493056 1.000000
0 773 0.617969 0.577778 0.109375 0.486111 1.000000
0 774 0.616406 0.577083 0.110937 0.484722 1.000000
0 775 0.617188 0.577083 0.109375 0.487500 1.000000
0 776 0.617188 0.575694 0.107813 0.490278 1.000000
0 777 0.617969 0.575694 0.106250 0.490278 1.000000
0 778 0.617969 0.574306 0.107813 0.490278 1.000000
0 779 0.618359 0.574306 0.107031 0.490278 1.000000
0 780 0.617578 0.575694 0.107031 0.490278 1.000000
0 781 0.618359 0.575000 0.107031 0.488889 1.000000
0 782 0.617578 0.575000 0.107031 0.488889 1.000000
0 783 0.617188 0.575000 0.107813 0.488889 1.000000
0 784 0.617969 0.575694 0.106250 0.490278 1.000000
0 785 0.617969 0.575694 0.107813 0.490278 1.000000
0 786 0.618750 0.576389 0.107813 0.488889 1.000000
0 787 0.617969 0.576389 0.107813 0.488889 1.000000
0 788 0.619141 0.576389 0.108594 0.488889 1.000000
0 789 0.619141 0.576389 0.113281 0.486111 1.000000
0 790 0.619531 0.577083 0.114062 0.484722 1.000000
0 791 0.619141 0.577778 0.114844 0.483333 1.000000
0 792 0.618359 0.578472 0.117969 0.481944 1.000000
0 793 0.617969 0.579167 0.117188 0.480556 1.000000
0 794 0.617969 0.579167 0.117188 0.480556 1.000000
0 795 0.617578 0.580556 0.117969 0.480556 1.000000
0 796 0.618750 0.580556 0.117188 0.480556 1.000000
0 797 0.619531 0.580556 0.115625 0.480556 1.000000
0 798 0.618359 0.579167 0.116406 0.477778 1.000000
0 799 0.617578 0.577778 0.119531 0.477778 1.000000
0 800 0.615625 0.577778 0.123438 0.477778 1.000000
0 801 0.614844 0.576389 0.123438 0.477778 1.000000
0 802 0.616016 0.577083 0.125781 0.479167 1.000000
0 803 0.617969 0.576389 0.126562 0.477778 1.000000
0 804 0.617188 0.577778 0.129688 0.475000 1.000000
0 805 0.616406 0.577778 0.132812 0.475000 1.000000
0 806 0.615234 0.577778 0.132031 0.475000 1.000000
0 807 0.614844 0.578472 0.129688 0.473611 1.000000
0 808 0.613281 0.577083 0.126562 0.473611 1.000000
0 809 0.612109 0.577778 0.125781 0.472222 1.000000
0 810 0.600781 0.577778 0.112500 0.475000 1.000000
0 811 0.594922 0.577083 0.110156 0.476389 1.000000
0 812 0.598828 0.570833 0.125781 0.466667 1.000000
0 813 0.591797 0.556944 0.121094 0.500000 1.000000
0 814 0.576953 0.550694 0.100781 0.520833 1.000000
0 815 0.565234 0.556944 0.086719 0.516667 1.000000
0 816 0.567578 0.561111 0.099219 0.513889 1.000000
0 818 0.546094 0.585417 0.075000 0.479167 1.000000
0 819 0.546875 0.577083 0.073438 0.487500 1.000000
0 820 0.544141 0.583333 0.092969 0.519444 1.000000
0 821 0.542969 0.577083 0.089063 0.512500 1.000000
0 822 0.542188 0.580556 0.100000 0.516667 1.000000
0 823 0.538281 0.580556 0.093750 0.516667 1.000000
0 824 0.527344 0.581250 0.095312 0.518056 1.000000
0 825 0.525000 0.580556 0.090625 0.516667 1.000000
0 826 0.522266 0.583333 0.086719 0.530556 1.000000
0 827 0.518750 0.584722 0.090625 0.541667 1.000000
0 828 0.516016 0.583333 0.089844 0.544444 1.000000
0 829 0.513281 0.583333 0.090625 0.547222 1.000000
0 830 0.510156 0.581250 0.090625 0.551389 1.000000
0 831 0.509766 0.580556 0.089844 0.552778 1.000000
0 832 0.508984 0.577083 0.088281 0.559722 1.000000
0 833 0.507031 0.575000 0.089063 0.561111 1.000000
0 834 0.507422 0.577083 0.086719 0.556944 1.000000
0 835 0.508594 0.575694 0.082812 0.559722 1.000000
0 836 0.505078 0.575694 0.080469 0.562500 1.000000
0 837 0.502734 0.577083 0.082031 0.562500 1.000000
0 838 0.501172 0.580556 0.083594 0.555556 1.000000
0 839 0.499609 0.584028 0.085156 0.551389 1.000000
0 840 0.502734 0.588889 0.094531 0.541667 1.000000
0 841 0.507031 0.588194 0.098437 0.543056 1.000000
0 842 0.523438 0.584028 0.121875 0.551389 1.000000
0 843 0.525781 0.584028 0.125000 0.565278 1.000000
0 844 0.528906 0.589583 0.123438 0.598611 1.000000
0 845 0.528125 0.592361 0.120313 0.604167 1.000000
0 846 0.529297 0.592361 0.119531 0.606944 1.000000
0 847 0.530469 0.591667 0.115625 0.608333 1.000000
0 848 0.537891 0.589583 0.122656 0.612500 1.000000
0 849 0.542578 0.589583 0.127344 0.612500 1.000000
0 850 0.551562 0.590278 0.139063 0.608333 1.000000
0 851 0.549219 0.591667 0.129688 0.608333 1.000000
0 852 0.543750 0.592361 0.117188 0.609722 1.000000
0 853 0.528516 0.589583 0.122656 0.612500 1.000000
0 854 0.515234 0.582639 0.149219 0.626389 1.000000
0 855 0.507812 0.585417 0.150000 0.645833 1.000000
0 856 0.508984 0.587500 0.161719 0.663889 1.000000
0 857 0.508203 0.586806 0.160156 0.665278 1.000000
0 858 0.507031 0.585417 0.146875 0.668056 1.000000
0 859 0.502344 0.583333 0.132812 0.672222 1.000000
0 860 0.492188 0.580556 0.107813 0.677778 1.000000
0 861 0.489844 0.581944 0.104688 0.677778 1.000000
0 862 0.490234 0.588194 0.103906 0.665278 1.000000
0 863 0.494141 0.590972 0.107031 0.659722 1.000000
0 864 0.491797 0.586806 0.127344 0.665278 1.000000
0 865 0.497656 0.581944 0.131250 0.677778 1.000000
0 866 0.504297 0.568750 0.135156 0.701389 1.000000
0 867 0.511328 0.565278 0.147656 0.702778 1.000000
0 868 0.521875 0.570139 0.168750 0.704167 1.000000
0 869 0.523047 0.572222 0.172656 0.697222 1.000000
0 870 0.519141 0.576389 0.167969 0.688889 1.000000
0 871 0.514844 0.577083 0.162500 0.684722 1.000000
0 872 0.504297 0.583333 0.142969 0.675000 1.000000
0 873 0.500781 0.586111 0.135937 0.669444 1.000000
0 874 0.492969 0.588194 0.118750 0.662500 1.000000
0 875 0.490625 0.587500 0.115625 0.666667 1.000000
0 876 0.496875 0.577083 0.125000 0.684722 1.000000
0 877 0.500000 0.573611 0.131250 0.694444 1.000000
0 878 0.506641 0.566667 0.144531 0.694444 1.000000
0 879 0.512109 0.565278 0.160156 0.694444 1.000000
0 880 0.513672 0.571528 0.160156 0.679167 1.000000
0 881 0.509766 0.576389 0.152344 0.672222 1.000000
0 882 0.494922 0.581944 0.133594 0.658333 1.000000
0 883 0.490625 0.582639 0.139063 0.656944 1.000000
0 884 0.489844 0.577083 0.154688 0.670833 1.000000
0 885 0.490234 0.571528 0.152344 0.679167 1.000000
0 886 0.494141 0.565972 0.157031 0.684722 1.000000
0 887 0.492969 0.569444 0.153125 0.688889 1.000000
0 888 0.469141 0.578472 0.174219 0.670833 1.000000
0 889 0.465625 0.584028 0.181250 0.656944 1.000000
0 890 0.468359 0.600000 0.185156 0.627778 1.000000
0 891 0.468750 0.605556 0.184375 0.616667 1.000000
0 892 0.469922 0.606944 0.183594 0.611111 1.000000
0 893 0.468750 0.604861 0.182812 0.615278 1.000000
0 894 0.469531 0.596528 0.182812 0.631944 1.000000
0 895 0.470703 0.591667 0.182031 0.641667 1.000000
0 896 0.475781 0.575694 0.171875 0.673611 1.000000
0 897 0.480469 0.566667 0.164062 0.691667 1.000000
0 898 0.489063 0.555556 0.143750 0.713889 1.000000
0 899 0.492578 0.555556 0.135156 0.713889 1.000000
0 900 0.494531 0.567361 0.129688 0.690278 1.000000
0 901 0.492188 0.571528 0.132812 0.679167 1.000000
0 902 0.486719 0.575694 0.134375 0.670833 1.000000
0 903 0.483203 0.575694 0.133594 0.670833 1.000000
0 904 0.480469 0.577778 0.145313 0.669444 1.000000
0 905 0.482031 0.577778 0.153125 0.669444 1.000000
0 906 0.494531 0.579861 0.192188 0.665278 1.000000
0 907 0.500781 0.579167 0.204687 0.666667 1.000000
0 908 0.510547 0.579167 0.228906 0.666667 1.000000
0 909 0.513281 0.579167 0.237500 0.666667 1.000000
0 910 0.512500 0.577083 0.248438 0.670833 1.000000
0 911 0.510156 0.575000 0.248438 0.675000 1.000000
0 912 0.500000 0.574306 0.220312 0.676389 1.000000
0 913 0.490625 0.567361 0.195312 0.690278 1.000000
0 914 0.477734 0.561806 0.161719 0.698611 1.000000
0 915 0.478125 0.571528 0.157812 0.679167 1.000000
0 916 0.478516 0.584722 0.157031 0.652778 1.000000
0 917 0.478125 0.581944 0.157812 0.658333 1.000000
0 918 0.478125 0.565972 0.159375 0.693056 1.000000
0 919 0.476953 0.557639 0.160156 0.706944 1.000000
0 920 0.476953 0.551389 0.166406 0.719444 1.000000
0 921 0.482031 0.557639 0.176563 0.709722 1.000000
0 922 0.494141 0.572917 0.200781 0.679167 1.000000
0 923 0.496875 0.572917 0.210938 0.679167 1.000000
0 924 0.498437 0.574306 0.212500 0.676389 1.000000
0 925 0.494531 0.576389 0.203125 0.675000 1.000000
0 926 0.479297 0.577083 0.171094 0.665278 1.000000
0 927 0.474609 0.577778 0.153906 0.663889 1.000000
0 928 0.476172 0.579167 0.149219 0.661111 1.000000
0 929 0.478516 0.579167 0.142969 0.661111 1.000000
0 930 0.478906 0.577083 0.139063 0.665278 1.000000
0 931 0.483203 0.577778 0.142969 0.666667 1.000000
0 932 0.490625 0.575694 0.142187 0.670833 1.000000
0 933 0.491406 0.571528 0.137500 0.676389 1.000000
0 934 0.494531 0.558333 0.128125 0.700000 1.000000
0 935 0.495312 0.548611 0.128125 0.719444 1.000000
0 936 0.494922 0.539583 0.146094 0.737500 1.000000
0 937 0.494531 0.559028 0.157812 0.701389 1.000000
0 938 0.498047 0.581944 0.150781 0.658333 1.000000
0 939 0.499609 0.584722 0.141406 0.652778 1.000000
0 940 0.501563 0.586806 0.123438 0.645833 1.000000
0 941 0.501172 0.586806 0.122656 0.645833 1.000000
0 942 0.502734 0.586111 0.130469 0.647222 1.000000
0 943 0.502344 0.583333 0.139063 0.650000 1.000000
0 944 0.504297 0.579861 0.164844 0.659722 1.000000
0 945 0.499609 0.577083 0.174219 0.665278 1.000000
0 946 0.498047 0.543056 0.152344 0.733333 1.000000
0 947 0.496875 0.534028 0.140625 0.751389 1.000000
0 948 0.498437 0.542361 0.131250 0.734722 1.000000
0 949 0.498828 0.554167 0.124219 0.711111 1.000000
0 950 0.497656 0.586806 0.112500 0.645833 1.000000
0 951 0.496875 0.593056 0.110937 0.630556 1.000000
0 952 0.495312 0.604861 0.107813 0.606944 1.000000
0 953 0.496094 0.607639 0.107813 0.601389 1.000000
0 954 0.494922 0.611111 0.105469 0.597222 1.000000
0 955 0.493359 0.609722 0.105469 0.600000 1.000000
0 956 0.489844 0.604167 0.109375 0.611111 1.000000
0 957 0.487500 0.600694 0.118750 0.618056 1.000000
0 958 0.483203 0.570833 0.127344 0.677778 1.000000
0 959 0.481250 0.556250 0.131250 0.706944 1.000000
0 960 0.476562 0.541667 0.142187 0.736111 1.000000
0 961 0.469531 0.540972 0.153125 0.731944 1.000000
0 962 0.457031 0.561111 0.175000 0.688889 1.000000
0 963 0.449219 0.572917 0.175000 0.659722 1.000000
0 964 0.432422 0.578472 0.166406 0.631944 1.000000
0 965 0.430469 0.579861 0.162500 0.629167 1.000000
0 966 0.428516 0.580556 0.158594 0.627778 1.000000
0 967 0.425391 0.578472 0.153906 0.629167 1.000000
0 968 0.424609 0.577778 0.138281 0.630556 1.000000
0 969 0.424219 0.576389 0.126562 0.633333 1.000000
0 970 0.426953 0.577083 0.108594 0.634722 1.000000
0 971 0.426172 0.573611 0.103906 0.630556 1.000000
0 972 0.426172 0.568056 0.097656 0.616667 1.000000
0 973 0.425781 0.568056 0.095312 0.613889 1.000000
0 974 0.419141 0.567361 0.100781 0.606944 1.000000
0 975 0.416797 0.568750 0.099219 0.601389 1.000000
0 976 0.416016 0.572222 0.096094 0.594444 1.000000
0 977 0.414062 0.573611 0.095312 0.594444 1.000000
0 978 0.410547 0.571528 0.092969 0.595833 1.000000
0 979 0.410938 0.568056 0.089063 0.594444 1.000000
0 980 0.411719 0.566667 0.089063 0.591667 1.000000
0 981 0.413281 0.566667 0.090625 0.586111 1.000000
0 982 0.412109 0.568750 0.089844 0.581944 1.000000
0 983 0.412500 0.567361 0.089063 0.581944 1.000000
0 984 0.414844 0.568056 0.098437 0.580556 1.000000
0 985 0.414062 0.570139 0.112500 0.573611 1.000000
0 986 0.417187 0.578472 0.134375 0.554167 1.000000
0 987 0.417187 0.583333 0.140625 0.544444 1.000000
0 988 0.417969 0.588889 0.143750 0.533333 1.000000
0 989 0.417578 0.588889 0.146094 0.533333 1.000000
0 990 0.419531 0.582639 0.140625 0.545833 1.000000
0 991 0.419141 0.573611 0.135156 0.563889 1.000000
0 992 0.420312 0.570833 0.118750 0.569444 1.000000
0 993 0.417187 0.568750 0.110937 0.573611 1.000000
0 994 0.414062 0.572222 0.106250 0.563889 1.000000
0 995 0.413672 0.577083 0.105469 0.559722 1.000000
0 996 0.414844 0.573611 0.107813 0.561111 1.000000
0 997 0.417969 0.571528 0.112500 0.568056 1.000000
0 998 0.418750 0.561111 0.117188 0.586111 1.000000
0 999 0.420703 0.559028 0.122656 0.590278 1.000000
0 1000 0.423828 0.555556 0.128906 0.597222 1.000000
0 1001 0.424219 0.559722 0.139063 0.591667 1.000000
0 1002 0.422656 0.572917 0.168750 0.565278 1.000000
0 1003 0.422656 0.579861 0.181250 0.548611 1.000000
0 1004 0.419531 0.593750 0.196875 0.523611 1.000000
0 1005 0.417187 0.593056 0.203125 0.525000 1.000000
0 1006 0.418359 0.588889 0.205469 0.530556 1.000000
0 1007 0.418359 0.587500 0.205469 0.536111 1.000000
0 1008 0.421484 0.583333 0.178906 0.541667 1.000000
0 1009 0.421094 0.581250 0.173437 0.545833 1.000000
0 1010 0.427344 0.586111 0.120313 0.563889 1.000000
0 1011 0.427734 0.586111 0.105469 0.563889 1.000000
0 1012 0.427344 0.586806 0.095312 0.565278 1.000000
0 1013 0.429297 0.585417 0.091406 0.565278 1.000000
0 1014 0.428516 0.584722 0.092969 0.569444 1.000000
0 1015 0.426953 0.583333 0.091406 0.572222 1.000000
0 1016 0.428906 0.580556 0.098437 0.575000 1.000000
0 1017 0.429297 0.580556 0.103906 0.577778 1.000000
0 1018 0.429297 0.579167 0.114844 0.580556 1.000000
0 1019 0.429688 0.577083 0.117188 0.581944 1.000000
0 1020 0.426563 0.575000 0.112500 0.586111 1.000000
0 1021 0.425781 0.572222 0.110937 0.588889 1.000000
0 1022 0.422266 0.570139 0.114844 0.590278 1.000000
0 1023 0.417969 0.571528 0.129688 0.590278 1.000000
0 1024 0.421484 0.572917 0.142969 0.587500 1.000000
0 1025 0.419922 0.573611 0.141406 0.588889 1.000000
0 1026 0.417969 0.572917 0.137500 0.587500 1.000000
0 1027 0.415625 0.572917 0.132812 0.587500 1.000000
0 1028 0.412891 0.576389 0.119531 0.580556 1.000000
0 1029 0.414062 0.578472 0.110937 0.576389 1.000000
0 1030 0.416406 0.577778 0.101562 0.577778 1.000000
0 1031 0.416016 0.574306 0.097656 0.581944 1.000000
0 1032 0.417969 0.565972 0.096875 0.598611 1.000000
0 1033 0.417187 0.565278 0.095312 0.600000 1.000000
0 1034 0.418750 0.562500 0.096875 0.588889 1.000000
0 1035 0.420312 0.564583 0.096875 0.579167 1.000000
0 1036 0.422266 0.576389 0.094531 0.558333 1.000000
0 1037 0.420312 0.581944 0.101562 0.547222 1.000000
0 1038 0.420312 0.588194 0.103125 0.531944 1.000000
0 1039 0.423438 0.590278 0.098437 0.530556 1.000000
0 1040 0.424219 0.589583 0.095312 0.531944 1.000000
0 1041 0.423047 0.588889 0.096094 0.533333 1.000000
0 1042 0.421875 0.585417 0.095312 0.537500 1.000000
0 1043 0.421484 0.583333 0.096094 0.541667 1.000000
0 1044 0.418359 0.579861 0.094531 0.545833 1.000000
0 1045 0.417578 0.579167 0.094531 0.550000 1.000000
0 1046 0.414844 0.577083 0.095312 0.556944 1.000000
0 1047 0.416406 0.575000 0.100000 0.561111 1.000000
0 1048 0.417187 0.574306 0.100000 0.565278 1.000000
0 1049 0.417969 0.571528 0.104688 0.565278 1.000000
0 1050 0.419531 0.571528 0.112500 0.568056 1.000000
0 1051 0.418750 0.571528 0.112500 0.568056 1.000000
0 1052 0.419922 0.570833 0.116406 0.566667 1.000000
0 1053 0.419531 0.572917 0.112500 0.565278 1.000000
0 1054 0.414062 0.576389 0.104688 0.558333 1.000000
0 1055 0.415625 0.580556 0.109375 0.555556 1.000000
0 1056 0.415234 0.581944 0.116406 0.547222 1.000000
0 1057 0.414844 0.580556 0.118750 0.547222 1.000000
0 1058 0.417187 0.565972 0.131250 0.534722 1.000000
0 1059 0.419531 0.568750 0.140625 0.545833 1.000000
0 1060 0.407813 0.556944 0.131250 0.608333 1.000000
0 1061 0.405078 0.546528 0.132031 0.629167 1.000000
0 1062 0.405078 0.540278 0.136719 0.641667 1.000000
0 1063 0.407813 0.544444 0.146875 0.636111 1.000000
0 1064 0.413672 0.553472 0.163281 0.615278 1.000000
0 1065 0.416016 0.559722 0.172656 0.602778 1.000000
0 1066 0.417969 0.573611 0.181250 0.575000 1.000000
0 1067 0.416016 0.579861 0.182031 0.565278 1.000000
0 1068 0.405469 0.580556 0.165625 0.563889 1.000000
0 1069 0.400781 0.579861 0.160938 0.565278 1.000000
0 1070 0.396484 0.578472 0.155469 0.568056 1.000000
0 1071 0.396094 0.578472 0.157812 0.568056 1.000000
0 1072 0.392188 0.577083 0.160938 0.570833 1.000000
0 1073 0.390625 0.575694 0.157812 0.573611 1.000000
0 1074 0.384375 0.572917 0.146875 0.579167 1.000000
0 1075 0.380469 0.572222 0.140625 0.580556 1.000000
0 1076 0.368359 0.571528 0.114844 0.579167 1.000000
0 1077 0.369922 0.574306 0.114844 0.576389 1.000000
0 1078 0.369141 0.576389 0.108594 0.572222 1.000000
0 1079 0.371094 0.576389 0.107813 0.572222 1.000000
0 1080 0.376172 0.575694 0.110156 0.576389 1.000000
0 1081 0.382812 0.575000 0.118750 0.575000 1.000000
0 1082 0.393750 0.577083 0.134375 0.570833 1.000000
0 1083 0.400391 0.577083 0.141406 0.568056 1.000000
0 1084 0.406641 0.578472 0.141406 0.568056 1.000000
0 1085 0.409375 0.578472 0.140625 0.568056 1.000000
0 1086 0.406250 0.574306 0.129688 0.573611 1.000000
0 1087 0.407813 0.570833 0.131250 0.575000 1.000000
0 1088 0.410547 0.572917 0.133594 0.576389 1.000000
0 1089 0.413672 0.574306 0.133594 0.573611 1.000000
0 1090 0.418750 0.576389 0.129688 0.569444 1.000000
0 1091 0.421094 0.576389 0.125000 0.569444 1.000000
0 1092 0.407422 0.577778 0.141406 0.566667 1.000000
0 1093 0.402734 0.577778 0.144531 0.563889 1.000000
0 1094 0.396094 0.581250 0.154688 0.559722 1.000000
0 1095 0.392578 0.581944 0.149219 0.558333 1.000000
0 1096 0.390234 0.581250 0.146094 0.559722 1.000000
0 1097 0.388672 0.579167 0.144531 0.563889 1.000000
0 1098 0.377734 0.574306 0.166406 0.573611 1.000000
0 1099 0.377734 0.573611 0.174219 0.577778 1.000000
0 1100 0.383594 0.570833 0.167187 0.577778 1.000000
0 1101 0.396484 0.573611 0.146094 0.577778 1.000000
0 1102 0.399609 0.575000 0.088281 0.572222 1.000000
0 1103 0.396875 0.575000 0.098437 0.575000 1.000000
0 1104 0.398047 0.572917 0.158594 0.579167 1.000000
0 1105 0.397266 0.573611 0.189844 0.577778 1.000000
0 1106 0.394531 0.579861 0.248438 0.562500 1.000000
0 1107 0.392188 0.583333 0.259375 0.552778 1.000000
0 1108 0.394141 0.589583 0.264844 0.537500 1.000000
0 1109 0.394531 0.590972 0.265625 0.537500 1.000000
0 1110 0.394922 0.584722 0.266406 0.550000 1.000000
0 1111 0.393750 0.579167 0.254688 0.561111 1.000000
0 1112 0.397656 0.574306 0.193750 0.573611 1.000000
0 1113 0.391406 0.572917 0.143750 0.573611 1.000000
0 1114 0.395703 0.575694 0.097656 0.565278 1.000000
0 1115 0.392969 0.577778 0.103125 0.561111 1.000000
0 1116 0.389453 0.576389 0.117969 0.563889 1.000000
0 1117 0.392969 0.574306 0.125000 0.568056 1.000000
0 1118 0.392969 0.572222 0.151562 0.572222 1.000000
0 1119 0.391797 0.574306 0.169531 0.568056 1.000000
0 1120 0.385547 0.578472 0.216406 0.556944 1.000000
0 1121 0.383594 0.578472 0.220312 0.556944 1.000000
0 1122 0.376953 0.575694 0.230469 0.559722 1.000000
0 1123 0.374609 0.575694 0.225781 0.559722 1.000000
0 1124 0.381250 0.579167 0.190625 0.555556 1.000000
0 1125 0.385547 0.581250 0.146094 0.551389 1.000000
0 1126 0.394531 0.579167 0.100000 0.558333 1.000000
0 1127 0.392188 0.574306 0.100000 0.568056 1.000000
0 1128 0.391406 0.563889 0.095312 0.586111 1.000000
0 1129 0.390625 0.557639 0.090625 0.584722 1.000000
0 1130 0.385156 0.554861 0.084375 0.584722 1.000000
0 1131 0.382031 0.563889 0.082812 0.586111 1.000000
0 1132 0.379297 0.575000 0.086719 0.563889 1.000000
0 1133 0.378516 0.580556 0.089844 0.552778 1.000000
0 1134 0.376563 0.587500 0.093750 0.538889 1.000000
0 1135 0.376953 0.588194 0.096094 0.537500 1.000000
0 1136 0.377734 0.587500 0.097656 0.538889 1.000000
0 1137 0.376953 0.586806 0.096094 0.540278 1.000000
0 1138 0.374609 0.584028 0.089844 0.545833 1.000000
0 1139 0.375000 0.582639 0.087500 0.548611 1.000000
0 1140 0.377734 0.579861 0.088281 0.554167 1.000000
0 1141 0.380078 0.578472 0.089844 0.556944 1.000000
0 1142 0.384375 0.575694 0.090625 0.562500 1.000000
0 1143 0.386328 0.575000 0.091406 0.563889 1.000000
0 1144 0.387500 0.573611 0.093750 0.566667 1.000000
0 1145 0.389844 0.571528 0.100000 0.568056 1.000000
0 1146 0.389844 0.572222 0.106250 0.569444 1.000000
0 1147 0.391406 0.570139 0.109375 0.570833 1.000000
0 1148 0.394922 0.571528 0.105469 0.570833 1.000000
0 1149 0.395313 0.572222 0.101562 0.566667 1.000000
0 1150 0.401953 0.578472 0.097656 0.556944 1.000000
0 1151 0.406250 0.581944 0.104688 0.550000 1.000000
0 1152 0.408203 0.586111 0.108594 0.538889 1.000000
0 1153 0.416406 0.588889 0.125000 0.536111 1.000000
0 1154 0.423438 0.591667 0.151562 0.536111 1.000000
0 1155 0.437891 0.586806 0.172656 0.531944 1.000000
0 1156 0.446484 0.574306 0.182031 0.565278 1.000000
0 1157 0.448437 0.565278 0.178125 0.577778 1.000000
0 1158 0.459375 0.572222 0.160938 0.558333 1.000000
0 1159 0.459766 0.566667 0.155469 0.563889 1.000000
0 1160 0.457813 0.575000 0.167187 0.536111 1.000000
0 1161 0.460547 0.574306 0.174219 0.531944 1.000000
0 1162 0.477344 0.571528 0.189062 0.529167 1.000000
0 1163 0.483984 0.570833 0.180469 0.530556 1.000000
0 1164 0.489063 0.568750 0.165625 0.531944 1.000000
0 1165 0.490234 0.567361 0.169531 0.531944 1.000000
0 1166 0.508594 0.556944 0.168750 0.530556 1.000000
0 1167 0.516406 0.595139 0.148438 0.640278 1.000000
0 1173 0.564453 0.575000 0.119531 0.544444 1.000000
0 1174 0.572656 0.574306 0.143750 0.548611 1.000000
0 1175 0.576172 0.574306 0.153906 0.551389 1.000000
0 1176 0.580859 0.576389 0.167969 0.555556 1.000000
0 1177 0.582031 0.577083 0.170313 0.554167 1.000000
0 1178 0.582422 0.582639 0.166406 0.543056 1.000000
0 1179 0.578906 0.586806 0.159375 0.534722 1.000000
0 1180 0.580859 0.594444 0.117969 0.516667 1.000000
0 1181 0.581641 0.598611 0.097656 0.511111 1.000000
0 1182 0.582031 0.601389 0.084375 0.505556 1.000000
0 1183 0.581250 0.600694 0.084375 0.506944 1.000000
0 1184 0.582031 0.597222 0.084375 0.513889 1.000000
0 1185 0.585938 0.594444 0.081250 0.519444 1.000000
0 1186 0.588672 0.587500 0.096094 0.530556 1.000000
0 1187 0.594531 0.584028 0.096875 0.537500 1.000000
0 1188 0.599609 0.575694 0.105469 0.554167 1.000000
0 1189 0.597656 0.572917 0.112500 0.562500 1.000000
0 1190 0.590234 0.568750 0.135156 0.568056 1.000000
0 1191 0.592187 0.568056 0.131250 0.566667 1.000000
0 1192 0.591016 0.572917 0.152344 0.559722 1.000000
0 1193 0.591406 0.574306 0.160938 0.556944 1.000000
0 1194 0.590234 0.572917 0.146094 0.556944 1.000000
0 1195 0.589844 0.575000 0.121875 0.552778 1.000000
0 1196 0.591406 0.575694 0.110937 0.554167 1.000000
0 1197 0.592969 0.575694 0.103125 0.554167 1.000000
0 1198 0.597266 0.572917 0.088281 0.559722 1.000000
0 1199 0.598437 0.570139 0.082812 0.565278 1.000000
0 1200 0.597266 0.569444 0.083594 0.563889 1.000000
0 1201 0.596094 0.577778 0.084375 0.547222 1.000000
0 1202 0.595313 0.586806 0.085938 0.531944 1.000000
0 1203 0.593750 0.595833 0.085938 0.516667 1.000000
