0 125 0.983203 0.590972 0.033594 0.301389 1.000000
0 126 0.981641 0.589583 0.036719 0.298611 1.000000
0 127 0.979297 0.589583 0.041406 0.298611 1.000000
0 128 0.975000 0.588889 0.045312 0.297222 1.000000
0 129 0.970313 0.588889 0.042188 0.297222 1.000000
0 130 0.961719 0.589583 0.045312 0.298611 1.000000
0 131 0.957031 0.586806 0.043750 0.293056 1.000000
0 132 0.951562 0.584028 0.043750 0.295833 1.000000
0 133 0.947266 0.582639 0.042969 0.295833 1.000000
0 134 0.943359 0.577778 0.042969 0.297222 1.000000
0 135 0.937891 0.572222 0.042969 0.302778 1.000000
0 136 0.929688 0.563889 0.043750 0.302778 1.000000
0 137 0.925391 0.560417 0.042969 0.301389 1.000000
0 138 0.919531 0.559722 0.045312 0.297222 1.000000
0 139 0.916406 0.559722 0.045312 0.297222 1.000000
0 140 0.911328 0.560417 0.042969 0.295833 1.000000
0 141 0.900781 0.562500 0.045312 0.291667 1.000000
0 142 0.895703 0.565278 0.046094 0.286111 1.000000
0 143 0.890625 0.565278 0.046875 0.286111 1.000000
0 144 0.886328 0.566667 0.049219 0.283333 1.000000
0 145 0.881641 0.565972 0.050781 0.284722 1.000000
0 146 0.872266 0.564583 0.050781 0.287500 1.000000
0 147 0.867188 0.562500 0.051562 0.291667 1.000000
0 148 0.862109 0.561806 0.052344 0.293056 1.000000
0 149 0.857031 0.554861 0.050000 0.290278 1.000000
0 150 0.852344 0.549306 0.046875 0.290278 1.000000
0 151 0.841797 0.537500 0.041406 0.291667 1.000000
0 152 0.835938 0.531944 0.040625 0.291667 1.000000
0 153 0.830469 0.527778 0.039062 0.291667 1.000000
0 154 0.824609 0.525000 0.038281 0.288889 1.000000
0 155 0.819531 0.522917 0.035937 0.287500 1.000000
0 156 0.809375 0.524306 0.035937 0.284722 1.000000
0 157 0.805078 0.526389 0.036719 0.280556 1.000000
0 158 0.799219 0.529861 0.039062 0.279167 1.000000
0 159 0.796094 0.532639 0.042188 0.273611 1.000000
0 160 0.793750 0.536806 0.040625 0.265278 1.000000
0 161 0.785156 0.538889 0.042188 0.261111 1.000000
0 162 0.782031 0.538889 0.045312 0.261111 1.000000
0 163 0.779297 0.538889 0.042969 0.261111 1.000000
0 164 0.776563 0.536806 0.040625 0.265278 1.000000
0 165 0.773828 0.534028 0.038281 0.270833 1.000000
0 166 0.767969 0.531250 0.037500 0.276389 1.000000
0 167 0.765234 0.529861 0.038281 0.279167 1.000000
0 168 0.762109 0.529861 0.038281 0.279167 1.000000
0 169 0.759766 0.529861 0.036719 0.279167 1.000000
0 170 0.757031 0.531250 0.039062 0.279167 1.000000
0 171 0.753125 0.538194 0.042188 0.279167 1.000000
0 172 0.750781 0.539583 0.043750 0.276389 1.000000
0 173 0.749219 0.539583 0.043750 0.276389 1.000000
0 174 0.746484 0.540278 0.042969 0.275000 1.000000
0 175 0.743750 0.540278 0.042188 0.275000 1.000000
0 176 0.738281 0.538889 0.043750 0.272222 1.000000
0 177 0.736719 0.537500 0.043750 0.275000 1.000000
0 178 0.735156 0.537500 0.043750 0.275000 1.000000
0 179 0.733594 0.537500 0.043750 0.275000 1.000000
0 180 0.734375 0.536111 0.039062 0.277778 1.000000
0 181 0.730859 0.534028 0.039844 0.276389 1.000000
0 182 0.729297 0.532639 0.039844 0.273611 1.000000
0 183 0.727734 0.529861 0.039844 0.273611 1.000000
0 184 0.726562 0.529861 0.040625 0.273611 1.000000
0 185 0.725000 0.527778 0.040625 0.272222 1.000000
0 186 0.722656 0.527083 0.048438 0.268056 1.000000
0 187 0.720703 0.527778 0.050781 0.263889 1.000000
0 188 0.719141 0.527083 0.050781 0.259722 1.000000
0 189 0.716797 0.527778 0.052344 0.258333 1.000000
0 190 0.716406 0.527778 0.054688 0.258333 1.000000
0 191 0.712891 0.532639 0.058594 0.265278 1.000000
0 192 0.710156 0.532639 0.057813 0.265278 1.000000
0 193 0.706641 0.533333 0.060156 0.263889 1.000000
0 194 0.702344 0.533333 0.067187 0.263889 1.000000
0 195 0.698438 0.533333 0.071875 0.263889 1.000000
0 196 0.691797 0.528472 0.082031 0.268056 1.000000
0 197 0.688281 0.527083 0.085938 0.268056 1.000000
0 198 0.683594 0.525000 0.089063 0.272222 1.000000
0 199 0.680078 0.522917 0.092969 0.273611 1.000000
0 200 0.675781 0.522222 0.098437 0.269444 1.000000
0 201 0.670312 0.522917 0.103125 0.268056 1.000000
0 202 0.668750 0.520139 0.106250 0.270833 1.000000
0 203 0.668359 0.515278 0.107031 0.277778 1.000000
0 204 0.668359 0.513194 0.107031 0.276389 1.000000
0 205 0.667578 0.511806 0.108594 0.279167 1.000000
0 206 0.665234 0.509028 0.103906 0.273611 1.000000
0 207 0.662109 0.509722 0.100781 0.266667 1.000000
0 208 0.657031 0.514583 0.093750 0.254167 1.000000
0 209 0.653516 0.514583 0.092969 0.254167 1.000000
0 210 0.651953 0.514583 0.092969 0.254167 1.000000
0 211 0.644531 0.516667 0.084375 0.244444 1.000000
0 212 0.642578 0.520833 0.077344 0.241667 1.000000
0 213 0.641797 0.525000 0.072656 0.233333 1.000000
0 214 0.642969 0.530556 0.071875 0.227778 1.000000
0 215 0.642578 0.536806 0.074219 0.229167 1.000000
0 216 0.643750 0.540278 0.075000 0.222222 1.000000
0 217 0.644141 0.542361 0.075781 0.218056 1.000000
0 218 0.646875 0.543750 0.078125 0.215278 1.000000
0 219 0.648438 0.547222 0.079687 0.208333 1.000000
0 220 0.649609 0.550000 0.078906 0.202778 1.000000
0 221 0.641016 0.566667 0.077344 0.213889 1.000000
0 222 0.642969 0.567361 0.073438 0.212500 1.000000
0 223 0.648438 0.569444 0.073438 0.211111 1.000000
0 224 0.648828 0.569444 0.080469 0.211111 1.000000
0 225 0.655859 0.568750 0.088281 0.212500 1.000000
0 226 0.652344 0.566667 0.078125 0.222222 1.000000
0 227 0.651172 0.563889 0.072656 0.227778 1.000000
0 228 0.650391 0.560417 0.071094 0.234722 1.000000
0 229 0.648438 0.556250 0.064062 0.240278 1.000000
0 230 0.647656 0.550694 0.060937 0.240278 1.000000
0 231 0.643359 0.541667 0.058594 0.236111 1.000000
0 232 0.639453 0.536806 0.055469 0.231944 1.000000
0 233 0.635938 0.534028 0.048438 0.226389 1.000000
0 234 0.635547 0.534028 0.050781 0.226389 1.000000
0 235 0.628906 0.532639 0.062500 0.226389 1.000000
0 236 0.622266 0.530556 0.080469 0.230556 1.000000
0 237 0.621484 0.529167 0.082031 0.233333 1.000000
0 238 0.622266 0.526389 0.080469 0.238889 1.000000
0 239 0.622656 0.522222 0.081250 0.247222 1.000000
0 240 0.621875 0.519444 0.079687 0.252778 1.000000
0 241 0.621484 0.507639 0.066406 0.240278 1.000000
0 242 0.622656 0.503472 0.056250 0.234722 1.000000
0 243 0.621875 0.496528 0.046875 0.231944 1.000000
0 244 0.620313 0.492361 0.040625 0.231944 1.000000
0 245 0.619922 0.488889 0.046094 0.238889 1.000000
0 246 0.617188 0.481944 0.051562 0.247222 1.000000
0 247 0.613281 0.479167 0.062500 0.250000 1.000000
0 248 0.611328 0.472222 0.066406 0.244444 1.000000
0 249 0.610156 0.468056 0.068750 0.236111 1.000000
0 250 0.611328 0.462500 0.066406 0.225000 1.000000
0 251 0.606250 0.462500 0.060937 0.225000 1.000000
0 252 0.601953 0.461111 0.061719 0.227778 1.000000
0 253 0.597656 0.459028 0.062500 0.231944 1.000000
0 254 0.595313 0.456944 0.065625 0.236111 1.000000
0 255 0.596094 0.455556 0.067187 0.238889 1.000000
0 256 0.600781 0.452083 0.068750 0.237500 1.000000
0 257 0.604297 0.449306 0.071094 0.231944 1.000000
0 258 0.607812 0.448611 0.070312 0.225000 1.000000
0 259 0.611719 0.447222 0.068750 0.222222 1.000000
0 260 0.612891 0.449306 0.069531 0.215278 1.000000
0 261 0.611328 0.456944 0.072656 0.216667 1.000000
0 262 0.611328 0.461111 0.072656 0.219444 1.000000
0 263 0.610156 0.459722 0.067187 0.219444 1.000000
0 264 0.608594 0.457639 0.062500 0.212500 1.000000
0 265 0.606250 0.455556 0.053125 0.213889 1.000000
0 266 0.601172 0.456944 0.044531 0.202778 1.000000
0 267 0.601562 0.458333 0.042188 0.205556 1.000000
0 268 0.600391 0.458333 0.041406 0.205556 1.000000
0 269 0.599609 0.459722 0.044531 0.202778 1.000000
0 270 0.600781 0.459722 0.046875 0.202778 1.000000
0 271 0.604688 0.459028 0.057813 0.204167 1.000000
0 272 0.601172 0.458333 0.063281 0.208333 1.000000
0 273 0.596875 0.457639 0.071875 0.209722 1.000000
0 274 0.594141 0.453472 0.075781 0.212500 1.000000
0 275 0.596875 0.451389 0.067187 0.208333 1.000000
0 276 0.592187 0.445139 0.054688 0.215278 1.000000
0 277 0.588281 0.440972 0.046875 0.215278 1.000000
0 278 0.587109 0.436111 0.047656 0.219444 1.000000
0 279 0.586719 0.435417 0.050000 0.218056 1.000000
0 280 0.587891 0.433333 0.055469 0.219444 1.000000
0 281 0.587500 0.431944 0.062500 0.216667 1.000000
0 282 0.587891 0.434028 0.066406 0.212500 1.000000
0 283 0.588672 0.434028 0.067969 0.209722 1.000000
0 284 0.589063 0.435417 0.068750 0.204167 1.000000
0 285 0.587500 0.438889 0.073438 0.200000 1.000000
0 286 0.583203 0.443750 0.075781 0.190278 1.000000
0 287 0.578516 0.446528 0.078906 0.193056 1.000000
0 288 0.575000 0.447917 0.078125 0.195833 1.000000
0 289 0.571875 0.448611 0.078125 0.197222 1.000000
0 290 0.568750 0.448611 0.078125 0.197222 1.000000
0 291 0.562500 0.452083 0.075000 0.195833 1.000000
0 292 0.561719 0.455556 0.076563 0.194444 1.000000
0 293 0.561328 0.463194 0.075781 0.193056 1.000000
0 294 0.565234 0.465972 0.061719 0.190278 1.000000
0 295 0.569531 0.468750 0.046875 0.190278 1.000000
0 296 0.574609 0.483333 0.055469 0.202778 1.000000
0 297 0.573828 0.485417 0.055469 0.212500 1.000000
0 298 0.573828 0.481250 0.053906 0.212500 1.000000
0 299 0.572266 0.484028 0.053906 0.218056 1.000000
0 300 0.573047 0.486111 0.053906 0.222222 1.000000
0 301 0.572266 0.485417 0.055469 0.231944 1.000000
0 302 0.567187 0.488194 0.048438 0.240278 1.000000
0 303 0.567187 0.490278 0.048438 0.238889 1.000000
0 304 0.565625 0.492361 0.045312 0.240278 1.000000
0 305 0.564844 0.495139 0.043750 0.245833 1.000000
0 306 0.564844 0.499306 0.048438 0.248611 1.000000
0 307 0.566016 0.513889 0.063281 0.252778 1.000000
0 308 0.568359 0.519444 0.066406 0.252778 1.000000
0 309 0.569141 0.523611 0.064844 0.247222 1.000000
0 310 0.566797 0.522917 0.066406 0.254167 1.000000
0 311 0.566016 0.525000 0.064844 0.255556 1.000000
0 312 0.561328 0.527083 0.072656 0.256944 1.000000
0 313 0.561719 0.529167 0.070312 0.258333 1.000000
0 314 0.560547 0.527083 0.064844 0.268056 1.000000
0 315 0.560156 0.520139 0.070312 0.270833 1.000000
0 316 0.560937 0.520139 0.068750 0.270833 1.000000
0 317 0.556250 0.520139 0.065625 0.276389 1.000000
0 318 0.555469 0.520139 0.068750 0.276389 1.000000
0 319 0.553125 0.520139 0.064062 0.276389 1.000000
0 320 0.549609 0.520139 0.067969 0.276389 1.000000
0 321 0.550781 0.518750 0.067187 0.276389 1.000000
0 322 0.546875 0.522222 0.071875 0.272222 1.000000
0 323 0.544922 0.522222 0.067969 0.272222 1.000000
0 324 0.544141 0.520139 0.067969 0.276389 1.000000
0 325 0.542969 0.520139 0.068750 0.276389 1.000000
0 326 0.541016 0.515972 0.069531 0.276389 1.000000
0 327 0.542578 0.514583 0.080469 0.273611 1.000000
0 329 0.544531 0.514583 0.090625 0.273611 1.000000
0 330 0.537109 0.509722 0.082031 0.255556 1.000000
0 331 0.539453 0.515278 0.089844 0.255556 1.000000
0 332 0.534375 0.511806 0.084375 0.243056 1.000000
0 333 0.532813 0.511806 0.081250 0.243056 1.000000
0 334 0.530859 0.509722 0.078906 0.247222 1.000000
0 335 0.531641 0.506944 0.083594 0.244444 1.000000
0 336 0.531641 0.502083 0.080469 0.245833 1.000000
0 337 0.532031 0.500694 0.081250 0.262500 1.000000
0 338 0.532422 0.499306 0.077344 0.268056 1.000000
0 339 0.532031 0.495139 0.075000 0.270833 1.000000
0 340 0.535937 0.500000 0.078125 0.277778 1.000000
0 341 0.537109 0.493750 0.089844 0.268056 1.000000
0 342 0.542969 0.484722 0.089063 0.286111 1.000000
0 343 0.544141 0.482639 0.088281 0.293056 1.000000
0 344 0.543750 0.479861 0.089063 0.298611 1.000000
0 345 0.544531 0.480556 0.087500 0.300000 1.000000
0 346 0.544922 0.480556 0.088281 0.300000 1.000000
0 347 0.546875 0.479167 0.089063 0.300000 1.000000
0 348 0.547266 0.480556 0.089844 0.302778 1.000000
0 349 0.547656 0.479861 0.090625 0.301389 1.000000
0 350 0.548438 0.479861 0.092188 0.301389 1.000000
0 351 0.548438 0.479861 0.092188 0.301389 1.000000
0 352 0.551562 0.478472 0.087500 0.298611 1.000000
0 353 0.551172 0.477778 0.086719 0.297222 1.000000
0 354 0.549219 0.475000 0.079687 0.291667 1.000000
0 355 0.547656 0.472222 0.073438 0.291667 1.000000
0 356 0.546875 0.468056 0.068750 0.288889 1.000000
0 357 0.552734 0.464583 0.071094 0.287500 1.000000
0 358 0.555469 0.463889 0.078125 0.288889 1.000000
0 359 0.557422 0.460417 0.075781 0.281944 1.000000
0 360 0.555469 0.456250 0.073438 0.279167 1.000000
0 361 0.552344 0.454167 0.064062 0.283333 1.000000
0 362 0.548047 0.451389 0.049219 0.283333 1.000000
0 363 0.551562 0.451389 0.053125 0.283333 1.000000
0 364 0.555859 0.452778 0.058594 0.280556 1.000000
0 365 0.561328 0.455556 0.066406 0.275000 1.000000
0 366 0.568750 0.464583 0.078125 0.262500 1.000000
0 367 0.580859 0.479167 0.089844 0.244444 1.000000
0 368 0.586719 0.484028 0.095312 0.234722 1.000000
0 369 0.588672 0.486111 0.092969 0.230556 1.000000
0 370 0.584375 0.488194 0.075000 0.226389 1.000000
0 371 0.583594 0.488194 0.067187 0.226389 1.000000
0 372 0.594531 0.490278 0.073438 0.216667 1.000000
0 373 0.598437 0.488889 0.075000 0.213889 1.000000
0 374 0.603125 0.490278 0.078125 0.211111 1.000000
0 375 0.606250 0.490278 0.078125 0.211111 1.000000
0 376 0.584375 0.487500 0.104688 0.211111 1.000000
0 377 0.559766 0.487500 0.136719 0.208333 1.000000
0 378 0.549609 0.484722 0.113281 0.208333 1.000000
0 379 0.548438 0.490972 0.107813 0.206944 1.000000
0 380 0.550000 0.490972 0.107813 0.206944 1.000000
0 381 0.550781 0.491667 0.109375 0.200000 1.000000
0 382 0.555469 0.490972 0.115625 0.195833 1.000000
0 383 0.558594 0.488889 0.128125 0.200000 1.000000
0 384 0.555859 0.484028 0.136719 0.204167 1.000000
0 385 0.552734 0.478472 0.144531 0.198611 1.000000
0 386 0.545703 0.475694 0.142969 0.198611 1.000000
0 387 0.525781 0.470139 0.132812 0.195833 1.000000
0 388 0.522266 0.468056 0.130469 0.188889 1.000000
0 389 0.523047 0.464583 0.138281 0.190278 1.000000
0 390 0.530469 0.462500 0.143750 0.188889 1.000000
0 391 0.533594 0.455556 0.148438 0.188889 1.000000
0 392 0.529297 0.454167 0.132031 0.200000 1.000000
0 393 0.525000 0.447917 0.118750 0.201389 1.000000
0 394 0.517969 0.447222 0.098437 0.197222 1.000000
0 395 0.508203 0.445833 0.083594 0.191667 1.000000
0 396 0.508594 0.444444 0.084375 0.191667 1.000000
0 397 0.513281 0.440278 0.112500 0.191667 1.000000
0 398 0.516406 0.446528 0.118750 0.201389 1.000000
0 399 0.514062 0.448611 0.123438 0.208333 1.000000
0 400 0.512109 0.443750 0.121094 0.206944 1.000000
0 401 0.507812 0.440972 0.114062 0.206944 1.000000
0 402 0.510938 0.436111 0.103125 0.211111 1.000000
0 403 0.513281 0.441667 0.112500 0.219444 1.000000
0 404 0.519141 0.445833 0.105469 0.225000 1.000000
0 405 0.521875 0.452778 0.095312 0.230556 1.000000
0 406 0.525391 0.453472 0.082031 0.223611 1.000000
0 407 0.544141 0.450000 0.097656 0.216667 1.000000
0 408 0.556641 0.448611 0.100781 0.213889 1.000000
0 409 0.559375 0.444444 0.115625 0.208333 1.000000
0 410 0.557422 0.436111 0.128906 0.200000 1.000000
0 411 0.560547 0.429861 0.122656 0.193056 1.000000
0 412 0.565234 0.428472 0.083594 0.176389 1.000000
0 413 0.563281 0.425694 0.067187 0.176389 1.000000
0 414 0.567969 0.425694 0.064062 0.181944 1.000000
0 415 0.571094 0.425694 0.060937 0.187500 1.000000
0 416 0.577344 0.427778 0.062500 0.191667 1.000000
0 417 0.585156 0.432639 0.071875 0.193056 1.000000
0 418 0.588672 0.439583 0.064844 0.201389 1.000000
0 419 0.588672 0.454167 0.061719 0.225000 1.000000
0 420 0.586719 0.445139 0.053125 0.206944 1.000000
0 421 0.586719 0.439583 0.050000 0.198611 1.000000
0 422 0.597266 0.438889 0.071094 0.197222 1.000000
0 423 0.598828 0.445139 0.088281 0.206944 1.000000
0 424 0.600781 0.450694 0.095312 0.218056 1.000000
0 425 0.601172 0.456250 0.094531 0.229167 1.000000
0 426 0.604688 0.455556 0.076563 0.225000 1.000000
0 427 0.612109 0.452778 0.052344 0.219444 1.000000
0 428 0.611719 0.448611 0.045312 0.219444 1.000000
0 429 0.613672 0.448611 0.039844 0.219444 1.000000
0 430 0.621875 0.446528 0.050000 0.223611 1.000000
0 431 0.626563 0.445833 0.059375 0.225000 1.000000
0 432 0.628906 0.453472 0.067187 0.234722 1.000000
0 433 0.634375 0.460417 0.078125 0.240278 1.000000
0 434 0.636719 0.461111 0.075000 0.233333 1.000000
0 435 0.639062 0.463194 0.070312 0.240278 1.000000
0 436 0.647266 0.467361 0.064844 0.248611 1.000000
0 437 0.664062 0.462500 0.062500 0.252778 1.000000
0 438 0.677344 0.462500 0.065625 0.255556 1.000000
0 439 0.690234 0.467361 0.069531 0.265278 1.000000
0 440 0.700781 0.473611 0.075000 0.277778 1.000000
0 441 0.707031 0.481250 0.087500 0.284722 1.000000
0 442 0.724219 0.493056 0.076563 0.288889 1.000000
0 443 0.734375 0.500000 0.081250 0.286111 1.000000
0 444 0.741406 0.502083 0.084375 0.281944 1.000000
0 445 0.753125 0.504861 0.095312 0.279167 1.000000
0 446 0.760156 0.507639 0.095312 0.284722 1.000000
0 447 0.768359 0.518056 0.089844 0.297222 1.000000
0 448 0.777344 0.526389 0.095312 0.305556 1.000000
0 449 0.782813 0.537500 0.096875 0.311111 1.000000
0 450 0.787109 0.547222 0.096094 0.316667 1.000000
0 451 0.789062 0.563194 0.085938 0.320833 1.000000
0 452 0.788281 0.575694 0.071875 0.309722 1.000000
0 453 0.796484 0.581250 0.085156 0.306944 1.000000
0 454 0.799609 0.583333 0.103906 0.305556 1.000000
0 455 0.803516 0.588194 0.111719 0.309722 1.000000
0 456 0.803125 0.595833 0.118750 0.313889 1.000000
0 457 0.798047 0.618056 0.128906 0.330556 1.000000
0 458 0.797266 0.624306 0.116406 0.329167 1.000000
0 459 0.790234 0.629861 0.107031 0.326389 1.000000
0 460 0.781641 0.634028 0.097656 0.323611 1.000000
0 461 0.778125 0.637500 0.096875 0.322222 1.000000
0 462 0.784375 0.643750 0.109375 0.320833 1.000000
0 463 0.786719 0.649306 0.117188 0.326389 1.000000
0 464 0.778516 0.658333 0.136719 0.330556 1.000000
0 465 0.771094 0.671528 0.139063 0.340278 1.000000
0 466 0.767578 0.677083 0.125781 0.334722 1.000000
0 467 0.766406 0.683333 0.100000 0.333333 1.000000
0 468 0.745703 0.689583 0.080469 0.329167 1.000000
0 469 0.745313 0.693056 0.092188 0.330556 1.000000
0 470 0.749219 0.695833 0.107813 0.330556 1.000000
0 471 0.750781 0.698611 0.120313 0.330556 1.000000
0 472 0.742969 0.702778 0.148438 0.327778 1.000000
0 473 0.721875 0.721528 0.145313 0.323611 1.000000
0 474 0.720313 0.727778 0.129688 0.316667 1.000000
0 475 0.716797 0.733333 0.107031 0.311111 1.000000
0 476 0.713672 0.737500 0.085156 0.308333 1.000000
0 477 0.710547 0.739583 0.066406 0.309722 1.000000
0 478 0.696875 0.749306 0.056250 0.318056 1.000000
0 479 0.689453 0.753472 0.069531 0.315278 1.000000
0 480 0.682422 0.759722 0.078906 0.316667 1.000000
0 481 0.673438 0.769444 0.087500 0.319444 1.000000
0 482 0.667969 0.776389 0.095312 0.313889 1.000000
0 483 0.670703 0.788889 0.078906 0.305556 1.000000
0 484 0.670312 0.794444 0.071875 0.305556 1.000000
0 485 0.666406 0.797222 0.075000 0.308333 1.000000
0 486 0.655859 0.802778 0.094531 0.308333 1.000000
0 487 0.650391 0.806944 0.105469 0.311111 1.000000
0 488 0.643750 0.821528 0.114062 0.312500 1.000000
0 489 0.641016 0.832639 0.113281 0.298611 1.000000
0 490 0.640234 0.840278 0.111719 0.294444 1.000000
0 491 0.644531 0.846528 0.100000 0.293056 1.000000
0 492 0.645312 0.850694 0.095312 0.295833 1.000000
0 493 0.644922 0.856250 0.097656 0.287500 1.000000
0 494 0.645703 0.856944 0.099219 0.286111 1.000000
0 495 0.648828 0.859722 0.099219 0.280556 1.000000
0 496 0.654687 0.861806 0.093750 0.276389 1.000000
0 497 0.660547 0.864583 0.086719 0.270833 1.000000
0 498 0.671484 0.865972 0.078906 0.268056 1.000000
0 499 0.676172 0.865278 0.075781 0.269444 1.000000
0 500 0.681250 0.863889 0.076563 0.272222 1.000000
0 501 0.685547 0.864583 0.078906 0.270833 1.000000
0 502 0.688281 0.865972 0.081250 0.268056 1.000000
0 503 0.696875 0.870833 0.081250 0.258333 1.000000
0 504 0.700391 0.875000 0.082031 0.250000 1.000000
0 505 0.704297 0.879861 0.083594 0.240278 1.000000
0 506 0.708594 0.882639 0.085938 0.234722 1.000000
0 507 0.714453 0.884722 0.088281 0.230556 1.000000
0 508 0.736328 0.886111 0.083594 0.227778 1.000000
0 509 0.743750 0.885417 0.092188 0.229167 1.000000
0 510 0.755469 0.886111 0.095312 0.227778 1.000000
0 511 0.761719 0.884722 0.098437 0.230556 1.000000
0 512 0.773828 0.886806 0.099219 0.226389 1.000000
0 513 0.793750 0.888889 0.117188 0.222222 1.000000
0 514 0.809766 0.887500 0.111719 0.225000 1.000000
0 515 0.821875 0.886111 0.107813 0.227778 1.000000
0 516 0.836328 0.875000 0.100781 0.250000 1.000000
0 517 0.846484 0.873611 0.102344 0.252778 1.000000
0 518 0.880078 0.872917 0.092969 0.254167 1.000000
0 519 0.894922 0.872917 0.078906 0.254167 1.000000
0 520 0.904297 0.872917 0.078906 0.254167 1.000000
0 521 0.912500 0.875000 0.082812 0.250000 1.000000
0 522 0.930859 0.875694 0.071094 0.248611 1.000000
0 523 0.949609 0.873611 0.089844 0.252778 1.000000
0 682 0.980859 0.572222 0.038281 0.300000 1.000000
0 683 0.978125 0.570139 0.043750 0.298611 1.000000
0 684 0.974219 0.565278 0.051562 0.294444 1.000000
0 685 0.972656 0.563889 0.054688 0.291667 1.000000
0 686 0.969922 0.563889 0.060156 0.297222 1.000000
0 687 0.967969 0.559722 0.062500 0.294444 1.000000
0 688 0.966016 0.557639 0.067969 0.290278 1.000000
0 689 0.958203 0.553472 0.077344 0.287500 1.000000
0 690 0.951562 0.547917 0.078125 0.281944 1.000000
0 691 0.945312 0.550000 0.076563 0.291667 1.000000
0 692 0.936719 0.547917 0.076563 0.290278 1.000000
0 693 0.928906 0.545139 0.076563 0.290278 1.000000
0 694 0.911719 0.531944 0.070312 0.277778 1.000000
0 695 0.903125 0.529861 0.065625 0.273611 1.000000
0 696 0.896484 0.528472 0.069531 0.270833 1.000000
0 697 0.890625 0.527083 0.071875 0.273611 1.000000
0 698 0.885156 0.525694 0.073438 0.276389 1.000000
0 699 0.872656 0.525694 0.079687 0.276389 1.000000
0 700 0.866406 0.525694 0.082812 0.276389 1.000000
0 701 0.857812 0.527083 0.082812 0.273611 1.000000
0 702 0.851172 0.526389 0.086719 0.272222 1.000000
0 703 0.844531 0.527083 0.090625 0.270833 1.000000
0 704 0.833984 0.527083 0.096094 0.268056 1.000000
0 705 0.819531 0.529167 0.079687 0.272222 1.000000
0 706 0.811328 0.529167 0.077344 0.272222 1.000000
0 707 0.805078 0.528472 0.074219 0.270833 1.000000
0 708 0.800000 0.527083 0.071875 0.270833 1.000000
0 709 0.793750 0.524306 0.060937 0.273611 1.000000
0 710 0.791016 0.524306 0.057031 0.273611 1.000000
0 711 0.787109 0.524306 0.052344 0.273611 1.000000
0 712 0.782813 0.523611 0.053125 0.272222 1.000000
0 713 0.778125 0.522917 0.051562 0.273611 1.000000
0 714 0.767969 0.520139 0.050000 0.273611 1.000000
0 715 0.764453 0.520139 0.052344 0.270833 1.000000
0 716 0.758984 0.519444 0.050781 0.272222 1.000000
0 717 0.755078 0.520139 0.052344 0.270833 1.000000
0 718 0.750781 0.519444 0.053125 0.269444 1.000000
0 719 0.741016 0.519444 0.053906 0.269444 1.000000
0 720 0.736328 0.520139 0.053906 0.268056 1.000000
0 721 0.731641 0.519444 0.053906 0.269444 1.000000
0 722 0.725781 0.520833 0.051562 0.266667 1.000000
0 723 0.719922 0.523611 0.049219 0.266667 1.000000
0 724 0.709375 0.531250 0.051562 0.262500 1.000000
0 725 0.703125 0.536806 0.050000 0.256944 1.000000
0 726 0.697656 0.542361 0.050000 0.251389 1.000000
0 727 0.691406 0.547222 0.048438 0.252778 1.000000
0 728 0.685156 0.554861 0.053125 0.251389 1.000000
0 729 0.673828 0.561111 0.057031 0.250000 1.000000
0 730 0.669922 0.565972 0.063281 0.248611 1.000000
0 731 0.668750 0.566667 0.075000 0.252778 1.000000
0 732 0.666406 0.568056 0.084375 0.255556 1.000000
0 733 0.665625 0.568750 0.093750 0.259722 1.000000
0 734 0.663672 0.569444 0.102344 0.269444 1.000000
0 735 0.665234 0.570833 0.110156 0.272222 1.000000
0 736 0.668750 0.571528 0.103125 0.276389 1.000000
0 737 0.673438 0.573611 0.103125 0.277778 1.000000
0 738 0.679297 0.577083 0.094531 0.279167 1.000000
0 739 0.689453 0.588194 0.094531 0.281944 1.000000
0 740 0.695703 0.595139 0.091406 0.284722 1.000000
0 741 0.698438 0.602083 0.095312 0.284722 1.000000
0 742 0.705469 0.606944 0.089063 0.280556 1.000000
0 743 0.708203 0.613889 0.094531 0.283333 1.000000
0 744 0.705859 0.619444 0.110156 0.294444 1.000000
0 745 0.703516 0.621528 0.114844 0.298611 1.000000
0 746 0.701562 0.620833 0.114062 0.300000 1.000000
0 747 0.700781 0.620833 0.106250 0.300000 1.000000
0 748 0.694531 0.621528 0.087500 0.298611 1.000000
0 749 0.701562 0.620139 0.073438 0.287500 1.000000
0 750 0.721875 0.625000 0.100000 0.291667 1.000000
0 751 0.729297 0.625694 0.100781 0.284722 1.000000
0 752 0.732422 0.629167 0.102344 0.277778 1.000000
0 753 0.727344 0.629167 0.117188 0.272222 1.000000
0 754 0.718750 0.630556 0.137500 0.275000 1.000000
0 755 0.716797 0.631250 0.141406 0.287500 1.000000
0 756 0.712500 0.631944 0.150000 0.291667 1.000000
0 757 0.707031 0.629167 0.150000 0.288889 1.000000
0 758 0.703125 0.627778 0.148438 0.286111 1.000000
0 759 0.690234 0.625694 0.135156 0.273611 1.000000
0 760 0.685547 0.625000 0.128906 0.269444 1.000000
0 761 0.682422 0.627778 0.128906 0.258333 1.000000
0 762 0.682031 0.627778 0.134375 0.252778 1.000000
0 763 0.683203 0.627778 0.141406 0.247222 1.000000
0 764 0.682031 0.622917 0.157812 0.245833 1.000000
0 765 0.682031 0.624306 0.164062 0.254167 1.000000
0 766 0.680859 0.628472 0.166406 0.265278 1.000000
0 767 0.679297 0.631250 0.164844 0.273611 1.000000
0 768 0.673828 0.633333 0.164844 0.277778 1.000000
0 769 0.662500 0.629167 0.151562 0.275000 1.000000
0 770 0.657422 0.626389 0.138281 0.275000 1.000000
0 771 0.650391 0.622917 0.124219 0.276389 1.000000
0 772 0.643359 0.619444 0.110156 0.277778 1.000000
0 773 0.638281 0.618056 0.098437 0.280556 1.000000
0 774 0.634766 0.611806 0.092969 0.287500 1.000000
0 775 0.630859 0.611111 0.088281 0.291667 1.000000
0 776 0.626953 0.613194 0.080469 0.290278 1.000000
0 777 0.622656 0.610417 0.075000 0.290278 1.000000
0 778 0.615625 0.607639 0.067187 0.290278 1.000000
0 779 0.612500 0.599306 0.057813 0.295833 1.000000
0 780 0.608594 0.595139 0.064062 0.301389 1.000000
0 781 0.604688 0.593056 0.065625 0.302778 1.000000
0 782 0.598828 0.588194 0.072656 0.298611 1.000000
0 783 0.590625 0.586806 0.079687 0.295833 1.000000
0 784 0.570312 0.591667 0.089063 0.300000 1.000000
0 785 0.569531 0.594444 0.095312 0.294444 1.000000
0 786 0.568359 0.595833 0.102344 0.291667 1.000000
0 787 0.568750 0.595833 0.100000 0.291667 1.000000
0 788 0.567969 0.594444 0.095312 0.288889 1.000000
0 789 0.565625 0.589583 0.082812 0.290278 1.000000
0 790 0.560156 0.586111 0.068750 0.291667 1.000000
0 791 0.553516 0.586111 0.052344 0.291667 1.000000
0 792 0.550781 0.584028 0.045312 0.295833 1.000000
0 793 0.548047 0.584722 0.039844 0.300000 1.000000
0 794 0.533203 0.588889 0.060156 0.302778 1.000000
0 795 0.526172 0.593056 0.066406 0.305556 1.000000
0 796 0.523047 0.597222 0.064844 0.300000 1.000000
0 797 0.521875 0.600000 0.062500 0.294444 1.000000
0 798 0.520703 0.602778 0.060156 0.294444 1.000000
0 799 0.521094 0.605556 0.056250 0.294444 1.000000
0 800 0.519922 0.609028 0.053906 0.298611 1.000000
0 801 0.519141 0.611111 0.052344 0.302778 1.000000
0 802 0.517578 0.611806 0.052344 0.306944 1.000000
0 803 0.517188 0.611806 0.051562 0.312500 1.000000
0 804 0.517969 0.614583 0.048438 0.312500 1.000000
0 805 0.518750 0.613889 0.046875 0.316667 1.000000
0 806 0.521094 0.613889 0.046875 0.316667 1.000000
0 807 0.521094 0.613889 0.046875 0.316667 1.000000
0 808 0.523438 0.611806 0.046875 0.318056 1.000000
0 809 0.525391 0.609722 0.046094 0.313889 1.000000
0 810 0.529297 0.606944 0.047656 0.311111 1.000000
0 811 0.531641 0.604861 0.049219 0.309722 1.000000
0 812 0.533594 0.602778 0.050000 0.305556 1.000000
0 813 0.537109 0.601389 0.053906 0.302778 1.000000
0 814 0.541406 0.600000 0.059375 0.300000 1.000000
0 815 0.548438 0.601389 0.067187 0.297222 1.000000
0 816 0.550781 0.604167 0.068750 0.297222 1.000000
0 817 0.552344 0.606944 0.068750 0.297222 1.000000
0 818 0.552344 0.609722 0.068750 0.297222 1.000000
0 819 0.553125 0.611806 0.067187 0.298611 1.000000
0 820 0.553125 0.618750 0.067187 0.298611 1.000000
0 821 0.554688 0.622222 0.064062 0.297222 1.000000
0 822 0.555859 0.625000 0.061719 0.297222 1.000000
0 823 0.557813 0.629167 0.057813 0.300000 1.000000
0 824 0.560156 0.630556 0.053125 0.302778 1.000000
0 825 0.564453 0.637500 0.052344 0.305556 1.000000
0 826 0.566406 0.640278 0.048438 0.305556 1.000000
0 827 0.569922 0.643056 0.046094 0.305556 1.000000
0 828 0.572266 0.646528 0.041406 0.309722 1.000000
0 829 0.572266 0.649306 0.041406 0.309722 1.000000
0 830 0.574219 0.655556 0.043750 0.313889 1.000000
0 831 0.573828 0.658333 0.046094 0.313889 1.000000
0 832 0.573047 0.661806 0.049219 0.312500 1.000000
0 833 0.572656 0.665278 0.056250 0.313889 1.000000
0 834 0.572266 0.668056 0.060156 0.313889 1.000000
0 835 0.570312 0.673611 0.065625 0.313889 1.000000
0 836 0.569922 0.677083 0.067969 0.315278 1.000000
0 837 0.567969 0.678472 0.067187 0.318056 1.000000
0 838 0.568750 0.681250 0.064062 0.318056 1.000000
0 839 0.568359 0.684028 0.061719 0.318056 1.000000
0 840 0.568750 0.687500 0.054688 0.316667 1.000000
0 841 0.567969 0.693056 0.053125 0.316667 1.000000
0 842 0.566016 0.700000 0.053906 0.319444 1.000000
0 843 0.564453 0.708333 0.053906 0.319444 1.000000
0 844 0.561719 0.713194 0.056250 0.312500 1.000000
0 845 0.557031 0.736111 0.059375 0.313889 1.000000
0 846 0.554297 0.747222 0.061719 0.313889 1.000000
0 847 0.552734 0.758333 0.061719 0.313889 1.000000
0 848 0.549609 0.768056 0.064844 0.316667 1.000000
0 849 0.547656 0.779167 0.067187 0.316667 1.000000
0 850 0.548828 0.792361 0.058594 0.323611 1.000000
0 851 0.546875 0.798611 0.059375 0.327778 1.000000
0 852 0.544141 0.802778 0.061719 0.330556 1.000000
0 853 0.543750 0.805556 0.059375 0.336111 1.000000
0 854 0.542188 0.809722 0.056250 0.338889 1.000000
0 855 0.544922 0.813889 0.055469 0.338889 1.000000
0 856 0.547656 0.815972 0.059375 0.340278 1.000000
0 857 0.550000 0.822917 0.060937 0.337500 1.000000
0 858 0.550781 0.825694 0.062500 0.337500 1.000000
0 859 0.551953 0.829861 0.063281 0.334722 1.000000
0 860 0.548828 0.836111 0.075781 0.327778 1.000000
0 861 0.545312 0.837500 0.076563 0.325000 1.000000
0 862 0.539844 0.838889 0.078125 0.322222 1.000000
0 863 0.535937 0.840972 0.076563 0.318056 1.000000
0 864 0.532813 0.839583 0.076563 0.320833 1.000000
0 865 0.524609 0.838194 0.072656 0.323611 1.000000
0 866 0.519922 0.837500 0.071094 0.325000 1.000000
0 867 0.515234 0.837500 0.072656 0.325000 1.000000
0 868 0.510547 0.837500 0.072656 0.325000 1.000000
0 869 0.504687 0.836806 0.075000 0.326389 1.000000
0 870 0.494922 0.839583 0.080469 0.320833 1.000000
0 871 0.491016 0.842361 0.082031 0.315278 1.000000
0 872 0.486719 0.845139 0.084375 0.309722 1.000000
0 873 0.480859 0.847917 0.089844 0.304167 1.000000
0 874 0.474609 0.850000 0.099219 0.300000 1.000000
0 875 0.462109 0.852778 0.114844 0.294444 1.000000
0 876 0.454688 0.854167 0.121875 0.291667 1.000000
0 877 0.447656 0.855556 0.128125 0.288889 1.000000
0 878 0.436719 0.854861 0.134375 0.290278 1.000000
0 879 0.427734 0.853472 0.136719 0.293056 1.000000
0 880 0.409375 0.846528 0.125000 0.306944 1.000000
0 881 0.404687 0.841667 0.107813 0.316667 1.000000
0 882 0.405859 0.837500 0.099219 0.325000 1.000000
0 883 0.402734 0.834722 0.091406 0.330556 1.000000
0 884 0.390625 0.832639 0.082812 0.334722 1.000000
0 885 0.372656 0.830556 0.071875 0.333333 1.000000
0 886 0.369141 0.831944 0.071094 0.336111 1.000000
0 887 0.366016 0.830556 0.069531 0.336111 1.000000
0 888 0.365625 0.829861 0.070312 0.340278 1.000000
0 889 0.362891 0.826389 0.082031 0.344444 1.000000
0 890 0.364063 0.805556 0.089063 0.350000 1.000000
0 891 0.366016 0.789583 0.092969 0.354167 1.000000
0 892 0.370312 0.772917 0.093750 0.359722 1.000000
0 893 0.380469 0.754167 0.085938 0.366667 1.000000
0 894 0.391016 0.738889 0.077344 0.375000 1.000000
0 895 0.407813 0.709028 0.068750 0.393056 1.000000
0 896 0.414453 0.693056 0.066406 0.391667 1.000000
0 897 0.421484 0.678472 0.064844 0.384722 1.000000
0 898 0.429688 0.663194 0.064062 0.379167 1.000000
0 899 0.435937 0.650694 0.064062 0.376389 1.000000
0 900 0.455078 0.630556 0.074219 0.372222 1.000000
0 901 0.460547 0.622917 0.078906 0.365278 1.000000
0 902 0.464453 0.615278 0.074219 0.361111 1.000000
0 903 0.472656 0.613194 0.076563 0.362500 1.000000
0 904 0.479687 0.611806 0.079687 0.359722 1.000000
0 905 0.491016 0.606250 0.086719 0.354167 1.000000
0 906 0.498047 0.602083 0.091406 0.351389 1.000000
0 907 0.502734 0.596528 0.096094 0.351389 1.000000
0 908 0.508594 0.590972 0.101562 0.354167 1.000000
0 909 0.512891 0.585417 0.103906 0.343056 1.000000
0 910 0.517188 0.565972 0.103125 0.318056 1.000000
0 911 0.520312 0.563889 0.100000 0.319444 1.000000
0 912 0.521875 0.559722 0.093750 0.319444 1.000000
0 913 0.522656 0.556944 0.085938 0.319444 1.000000
0 914 0.526563 0.551389 0.089063 0.327778 1.000000
0 915 0.534766 0.539583 0.100781 0.334722 1.000000
0 916 0.538281 0.534722 0.103125 0.336111 1.000000
0 917 0.539453 0.529167 0.105469 0.330556 1.000000
0 918 0.538672 0.520139 0.103906 0.318056 1.000000
0 919 0.533984 0.520139 0.102344 0.312500 1.000000
0 920 0.523047 0.519444 0.092969 0.308333 1.000000
0 921 0.527734 0.518056 0.092969 0.305556 1.000000
0 922 0.533984 0.516667 0.096094 0.311111 1.000000
0 923 0.538281 0.511806 0.103125 0.312500 1.000000
0 924 0.541406 0.509028 0.110937 0.315278 1.000000
0 925 0.544141 0.497222 0.113281 0.300000 1.000000
0 926 0.540625 0.488889 0.112500 0.286111 1.000000
0 927 0.537109 0.490278 0.107031 0.283333 1.000000
0 928 0.531250 0.490972 0.098437 0.281944 1.000000
0 929 0.525781 0.491667 0.089063 0.280556 1.000000
0 930 0.526563 0.486111 0.095312 0.280556 1.000000
0 931 0.529297 0.482639 0.102344 0.290278 1.000000
0 932 0.530469 0.478472 0.109375 0.293056 1.000000
0 933 0.528125 0.472917 0.109375 0.287500 1.000000
0 934 0.526563 0.459722 0.109375 0.272222 1.000000
0 935 0.519922 0.455556 0.097656 0.266667 1.000000
0 936 0.514062 0.454861 0.085938 0.268056 1.000000
0 937 0.508984 0.454167 0.074219 0.269444 1.000000
0 938 0.510547 0.450694 0.077344 0.270833 1.000000
0 939 0.514062 0.447222 0.089063 0.272222 1.000000
0 940 0.517578 0.438194 0.103906 0.276389 1.000000
0 941 0.518750 0.430556 0.107813 0.263889 1.000000
0 942 0.516406 0.425000 0.114062 0.261111 1.000000
0 943 0.516406 0.425000 0.107813 0.261111 1.000000
0 944 0.513672 0.425000 0.100781 0.258333 1.000000
0 945 0.504687 0.425000 0.079687 0.255556 1.000000
0 946 0.500781 0.422917 0.070312 0.259722 1.000000
0 947 0.505859 0.419444 0.082031 0.266667 1.000000
0 948 0.510156 0.415278 0.089063 0.272222 1.000000
0 949 0.513672 0.413194 0.091406 0.270833 1.000000
0 950 0.513281 0.398611 0.104688 0.258333 1.000000
0 951 0.513672 0.398611 0.103906 0.258333 1.000000
0 952 0.513281 0.399306 0.093750 0.256944 1.000000
0 953 0.514062 0.400694 0.076563 0.254167 1.000000
0 954 0.512500 0.400000 0.065625 0.255556 1.000000
0 955 0.517578 0.397222 0.069531 0.261111 1.000000
0 956 0.524219 0.393750 0.078125 0.268056 1.000000
0 957 0.528906 0.388194 0.084375 0.270833 1.000000
0 958 0.533203 0.380556 0.092969 0.263889 1.000000
0 959 0.535547 0.373611 0.103906 0.250000 1.000000
0 960 0.542578 0.378472 0.100781 0.251389 1.000000
0 961 0.546875 0.378472 0.084375 0.251389 1.000000
0 962 0.544141 0.378472 0.077344 0.251389 1.000000
0 963 0.541797 0.378472 0.071094 0.251389 1.000000
0 964 0.544531 0.378472 0.060937 0.251389 1.000000
0 965 0.553516 0.375000 0.067969 0.258333 1.000000
0 966 0.560156 0.365278 0.082812 0.263889 1.000000
0 967 0.559375 0.359028 0.093750 0.248611 1.000000
0 968 0.558203 0.356250 0.100781 0.243056 1.000000
0 969 0.557422 0.355556 0.099219 0.244444 1.000000
0 970 0.559375 0.354861 0.085938 0.245833 1.000000
0 971 0.553906 0.359028 0.056250 0.245833 1.000000
0 972 0.549609 0.359028 0.050781 0.245833 1.000000
0 973 0.554688 0.356250 0.060937 0.248611 1.000000
0 974 0.555078 0.352778 0.077344 0.255556 1.000000
0 975 0.557031 0.346528 0.085938 0.262500 1.000000
0 976 0.556641 0.335417 0.099219 0.240278 1.000000
0 977 0.555469 0.335417 0.103125 0.240278 1.000000
0 978 0.555469 0.336806 0.095312 0.243056 1.000000
0 979 0.555859 0.337500 0.078906 0.238889 1.000000
0 980 0.549609 0.338194 0.072656 0.237500 1.000000
0 981 0.542188 0.333333 0.073438 0.247222 1.000000
0 982 0.548828 0.330556 0.075781 0.252778 1.000000
0 983 0.551562 0.329167 0.078125 0.255556 1.000000
0 984 0.553516 0.323611 0.085156 0.244444 1.000000
0 985 0.549609 0.316667 0.099219 0.233333 1.000000
0 986 0.548047 0.316667 0.099219 0.233333 1.000000
0 987 0.550781 0.316667 0.082812 0.233333 1.000000
0 988 0.548828 0.316667 0.069531 0.233333 1.000000
0 989 0.541406 0.315972 0.064062 0.234722 1.000000
0 990 0.535156 0.313889 0.056250 0.238889 1.000000
0 991 0.538281 0.306944 0.075000 0.247222 1.000000
0 992 0.537891 0.304167 0.078906 0.244444 1.000000
0 993 0.536719 0.298611 0.084375 0.236111 1.000000
0 994 0.535547 0.298611 0.085156 0.236111 1.000000
0 995 0.524219 0.296528 0.100000 0.240278 1.000000
0 996 0.518750 0.293056 0.087500 0.236111 1.000000
0 997 0.512500 0.292361 0.075000 0.229167 1.000000
0 998 0.503125 0.289583 0.064062 0.229167 1.000000
0 999 0.496484 0.283333 0.057031 0.236111 1.000000
0 1000 0.490625 0.279861 0.057813 0.243056 1.000000
0 1001 0.481250 0.269444 0.064062 0.238889 1.000000
0 1002 0.479687 0.268750 0.070312 0.240278 1.000000
0 1003 0.476562 0.256250 0.079687 0.226389 1.000000
0 1004 0.479297 0.258333 0.074219 0.222222 1.000000
0 1005 0.476953 0.254861 0.075781 0.206944 1.000000
0 1006 0.467578 0.263194 0.082031 0.223611 1.000000
0 1007 0.467187 0.262500 0.067187 0.225000 1.000000
0 1008 0.459766 0.261111 0.066406 0.227778 1.000000
0 1009 0.454297 0.258333 0.060156 0.233333 1.000000
0 1010 0.457813 0.256250 0.062500 0.237500 1.000000
0 1011 0.465625 0.250000 0.059375 0.236111 1.000000
0 1012 0.464062 0.247222 0.071875 0.236111 1.000000
0 1013 0.461719 0.248611 0.079687 0.233333 1.000000
0 1014 0.460938 0.250000 0.082812 0.227778 1.000000
0 1015 0.458984 0.252778 0.074219 0.222222 1.000000
0 1016 0.464453 0.252083 0.055469 0.218056 1.000000
0 1017 0.462891 0.250000 0.052344 0.222222 1.000000
0 1018 0.460156 0.250000 0.042188 0.225000 1.000000
0 1019 0.456641 0.248611 0.047656 0.225000 1.000000
0 1020 0.458203 0.245833 0.055469 0.227778 1.000000
0 1021 0.457422 0.244444 0.072656 0.225000 1.000000
0 1022 0.453516 0.242361 0.082031 0.223611 1.000000
0 1023 0.451562 0.238194 0.084375 0.215278 1.000000
0 1024 0.450781 0.237500 0.076563 0.205556 1.000000
0 1025 0.451562 0.237500 0.068750 0.205556 1.000000
0 1026 0.449219 0.234722 0.050000 0.205556 1.000000
0 1027 0.444141 0.231250 0.047656 0.206944 1.000000
0 1028 0.441406 0.229167 0.042188 0.208333 1.000000
0 1029 0.444141 0.229167 0.044531 0.213889 1.000000
0 1030 0.445703 0.229167 0.044531 0.216667 1.000000
0 1031 0.435156 0.228472 0.071875 0.215278 1.000000
0 1032 0.432031 0.232639 0.073438 0.218056 1.000000
0 1033 0.433203 0.234722 0.072656 0.213889 1.000000
0 1034 0.428516 0.235417 0.060156 0.212500 1.000000
0 1035 0.428906 0.235417 0.053125 0.209722 1.000000
0 1036 0.430859 0.235417 0.042969 0.209722 1.000000
0 1037 0.432422 0.234028 0.039844 0.212500 1.000000
0 1038 0.432812 0.232639 0.037500 0.215278 1.000000
0 1039 0.432031 0.232639 0.040625 0.215278 1.000000
0 1040 0.426563 0.231944 0.051562 0.216667 1.000000
0 1041 0.421484 0.229861 0.057031 0.215278 1.000000
0 1042 0.419922 0.231250 0.060156 0.218056 1.000000
0 1043 0.421875 0.230556 0.060937 0.216667 1.000000
0 1044 0.423438 0.230556 0.060937 0.216667 1.000000
0 1045 0.427344 0.231250 0.056250 0.215278 1.000000
0 1046 0.429297 0.230556 0.050781 0.216667 1.000000
0 1047 0.429297 0.227778 0.047656 0.216667 1.000000
0 1048 0.428516 0.227083 0.046094 0.218056 1.000000
0 1049 0.427734 0.223611 0.042969 0.219444 1.000000
0 1050 0.426953 0.223611 0.041406 0.219444 1.000000
0 1051 0.425781 0.220833 0.039062 0.216667 1.000000
0 1052 0.426563 0.220139 0.039062 0.215278 1.000000
0 1053 0.426563 0.220139 0.039062 0.215278 1.000000
0 1054 0.426563 0.220139 0.039062 0.215278 1.000000
0 1055 0.426563 0.220139 0.039062 0.215278 1.000000
0 1056 0.426563 0.220139 0.039062 0.215278 1.000000
0 1057 0.426953 0.222222 0.039844 0.216667 1.000000
0 1058 0.426953 0.222222 0.039844 0.216667 1.000000
0 1059 0.428125 0.222222 0.042188 0.216667 1.000000
0 1060 0.428125 0.222222 0.042188 0.216667 1.000000
0 1061 0.431250 0.223611 0.042188 0.213889 1.000000
0 1062 0.432812 0.223611 0.042188 0.213889 1.000000
0 1063 0.432812 0.223611 0.042188 0.213889 1.000000
0 1064 0.436328 0.222222 0.041406 0.216667 1.000000
0 1065 0.436719 0.222222 0.040625 0.216667 1.000000
0 1066 0.439844 0.222222 0.037500 0.216667 1.000000
0 1067 0.441016 0.222222 0.036719 0.216667 1.000000
0 1068 0.444141 0.222222 0.033594 0.216667 1.000000
0 1069 0.446875 0.222917 0.035937 0.215278 1.000000
0 1070 0.450000 0.223611 0.035937 0.213889 1.000000
0 1071 0.456641 0.226389 0.036719 0.213889 1.000000
0 1072 0.459375 0.227778 0.034375 0.213889 1.000000
0 1073 0.463281 0.227778 0.034375 0.213889 1.000000
0 1074 0.464844 0.230556 0.034375 0.213889 1.000000
0 1075 0.467578 0.229167 0.035156 0.216667 1.000000
0 1076 0.469922 0.229167 0.033594 0.216667 1.000000
0 1077 0.472266 0.229167 0.035156 0.216667 1.000000
0 1078 0.472266 0.229167 0.035156 0.216667 1.000000
0 1079 0.474609 0.229167 0.035156 0.216667 1.000000
0 1080 0.474609 0.229167 0.035156 0.216667 1.000000
0 1081 0.478125 0.227083 0.035937 0.218056 1.000000
0 1082 0.479687 0.227083 0.035937 0.218056 1.000000
0 1083 0.481250 0.227083 0.035937 0.218056 1.000000
0 1084 0.482812 0.227083 0.035937 0.218056 1.000000
0 1085 0.486328 0.227083 0.036719 0.218056 1.000000
0 1086 0.491797 0.227083 0.039844 0.218056 1.000000
0 1087 0.498828 0.227083 0.046094 0.218056 1.000000
0 1088 0.503516 0.227778 0.047656 0.219444 1.000000
0 1089 0.508203 0.228472 0.050781 0.223611 1.000000
0 1090 0.512109 0.228472 0.050781 0.220833 1.000000
0 1091 0.519531 0.231250 0.051562 0.220833 1.000000
0 1092 0.522266 0.231944 0.053906 0.222222 1.000000
0 1093 0.523828 0.231250 0.057031 0.220833 1.000000
0 1094 0.527344 0.231944 0.056250 0.222222 1.000000
0 1095 0.528906 0.233333 0.056250 0.219444 1.000000
0 1096 0.536719 0.240972 0.070312 0.206944 1.000000
0 1097 0.539062 0.242361 0.075000 0.204167 1.000000
0 1098 0.540234 0.245833 0.075781 0.197222 1.000000
0 1099 0.539453 0.246528 0.074219 0.195833 1.000000
0 1100 0.539844 0.248611 0.073438 0.197222 1.000000
0 1101 0.544141 0.252083 0.083594 0.195833 1.000000
0 1102 0.547656 0.254861 0.090625 0.195833 1.000000
0 1103 0.553125 0.257639 0.096875 0.195833 1.000000
0 1104 0.561328 0.260417 0.083594 0.195833 1.000000
0 1105 0.567578 0.260417 0.075781 0.195833 1.000000
0 1106 0.580078 0.259028 0.063281 0.201389 1.000000
0 1107 0.582812 0.257639 0.065625 0.204167 1.000000
0 1108 0.586719 0.260417 0.065625 0.215278 1.000000
0 1109 0.592187 0.261111 0.064062 0.213889 1.000000
0 1110 0.594922 0.261111 0.061719 0.213889 1.000000
0 1111 0.605859 0.264583 0.061719 0.206944 1.000000
0 1112 0.611719 0.267361 0.051562 0.204167 1.000000
0 1113 0.616797 0.268750 0.050781 0.201389 1.000000
0 1114 0.625000 0.268056 0.043750 0.202778 1.000000
0 1115 0.627344 0.268056 0.048438 0.202778 1.000000
0 1116 0.636719 0.265972 0.064062 0.212500 1.000000
0 1117 0.642578 0.266667 0.072656 0.211111 1.000000
0 1118 0.650781 0.264583 0.078125 0.215278 1.000000
0 1119 0.657031 0.265972 0.078125 0.218056 1.000000
0 1120 0.667188 0.268056 0.073438 0.216667 1.000000
0 1121 0.676953 0.274306 0.077344 0.209722 1.000000
0 1122 0.690625 0.275694 0.068750 0.204167 1.000000
0 1123 0.698828 0.275000 0.057031 0.205556 1.000000
0 1124 0.710156 0.277083 0.053125 0.206944 1.000000
0 1125 0.716016 0.277778 0.060156 0.205556 1.000000
0 1126 0.721875 0.279167 0.054688 0.208333 1.000000
0 1127 0.728125 0.280556 0.057813 0.205556 1.000000
0 1128 0.740234 0.290278 0.067969 0.222222 1.000000
0 1129 0.750781 0.293750 0.060937 0.218056 1.000000
0 1130 0.752344 0.293750 0.060937 0.218056 1.000000
0 1131 0.771484 0.294444 0.050781 0.216667 1.000000
0 1132 0.781641 0.294444 0.036719 0.216667 1.000000
0 1133 0.791016 0.293750 0.041406 0.220833 1.000000
0 1134 0.795312 0.293750 0.050000 0.220833 1.000000
0 1135 0.799219 0.294444 0.054688 0.222222 1.000000
0 1136 0.806250 0.297222 0.059375 0.227778 1.000000
0 1137 0.819922 0.309028 0.071094 0.240278 1.000000
0 1138 0.825000 0.313194 0.075000 0.231944 1.000000
0 1139 0.830859 0.315278 0.064844 0.230556 1.000000
0 1140 0.837109 0.318056 0.063281 0.225000 1.000000
0 1141 0.842578 0.320833 0.050781 0.222222 1.000000
0 1142 0.848828 0.320139 0.039844 0.223611 1.000000
0 1143 0.853906 0.320139 0.043750 0.229167 1.000000
0 1144 0.855078 0.325000 0.042969 0.238889 1.000000
0 1145 0.859766 0.328472 0.049219 0.248611 1.000000
0 1146 0.867578 0.332639 0.049219 0.248611 1.000000
0 1147 0.874219 0.340278 0.048438 0.244444 1.000000
0 1148 0.872656 0.342361 0.048438 0.240278 1.000000
0 1149 0.874219 0.342361 0.048438 0.240278 1.000000
0 1150 0.875391 0.341667 0.049219 0.241667 1.000000
0 1151 0.877344 0.340278 0.045312 0.244444 1.000000
0 1152 0.880859 0.336806 0.046094 0.251389 1.000000
0 1153 0.880859 0.336806 0.046094 0.251389 1.000000
0 1154 0.882812 0.335417 0.050000 0.248611 1.000000
0 1155 0.883984 0.338889 0.055469 0.252778 1.000000
0 1156 0.885547 0.343056 0.057031 0.255556 1.000000
0 1157 0.885938 0.354861 0.059375 0.254167 1.000000
0 1158 0.887109 0.361111 0.061719 0.252778 1.000000
0 1159 0.887500 0.367361 0.060937 0.245833 1.000000
0 1160 0.886328 0.373611 0.058594 0.244444 1.000000
0 1161 0.885547 0.378472 0.057031 0.245833 1.000000
0 1162 0.885156 0.389583 0.056250 0.254167 1.000000
0 1163 0.887500 0.391667 0.059375 0.255556 1.000000
0 1164 0.887891 0.393750 0.060156 0.251389 1.000000
0 1165 0.890234 0.393056 0.064844 0.252778 1.000000
0 1166 0.890234 0.394444 0.064844 0.255556 1.000000
0 1167 0.888672 0.395833 0.064844 0.252778 1.000000
0 1168 0.887500 0.397222 0.062500 0.250000 1.000000
0 1169 0.885938 0.398611 0.062500 0.252778 1.000000
0 1170 0.878516 0.403472 0.052344 0.251389 1.000000
0 1171 0.877734 0.407639 0.055469 0.254167 1.000000
0 1172 0.875391 0.420833 0.066406 0.261111 1.000000
0 1173 0.875781 0.422917 0.068750 0.259722 1.000000
0 1174 0.873437 0.422917 0.067187 0.259722 1.000000
0 1175 0.869922 0.424306 0.071094 0.256944 1.000000
0 1176 0.865625 0.423611 0.067187 0.258333 1.000000
0 1177 0.857422 0.416667 0.067969 0.266667 1.000000
0 1178 0.853906 0.415278 0.070312 0.269444 1.000000
0 1179 0.849219 0.413194 0.070312 0.273611 1.000000
0 1180 0.847266 0.412500 0.071094 0.275000 1.000000
0 1181 0.845313 0.412500 0.070312 0.275000 1.000000
0 1182 0.843359 0.412500 0.069531 0.277778 1.000000
0 1183 0.844922 0.415972 0.067969 0.273611 1.000000
0 1184 0.844531 0.423611 0.065625 0.275000 1.000000
0 1185 0.845703 0.427083 0.066406 0.270833 1.000000
0 1186 0.843750 0.434722 0.064062 0.266667 1.000000
0 1187 0.837109 0.450694 0.057031 0.265278 1.000000
0 1188 0.832812 0.456944 0.059375 0.258333 1.000000
0 1189 0.831250 0.461111 0.057813 0.250000 1.000000
0 1190 0.830078 0.467361 0.053906 0.243056 1.000000
0 1191 0.830078 0.472222 0.050781 0.233333 1.000000
0 1192 0.825000 0.479167 0.056250 0.219444 1.000000
0 1193 0.819531 0.479861 0.064062 0.218056 1.000000
0 1194 0.817969 0.481944 0.067187 0.213889 1.000000
0 1195 0.817187 0.484028 0.064062 0.218056 1.000000
0 1196 0.817578 0.485417 0.060156 0.215278 1.000000
0 1197 0.815625 0.493750 0.065625 0.206944 1.000000
0 1198 0.814453 0.497222 0.067969 0.200000 1.000000
0 1199 0.812109 0.498611 0.072656 0.202778 1.000000
0 1200 0.807422 0.503472 0.080469 0.201389 1.000000
0 1201 0.805859 0.501389 0.083594 0.205556 1.000000
0 1202 0.798438 0.501389 0.098437 0.211111 1.000000
0 1203 0.791016 0.495833 0.107031 0.222222 1.000000
0 1204 0.783984 0.491667 0.107031 0.227778 1.000000
0 1205 0.777734 0.486111 0.103906 0.222222 1.000000
0 1206 0.773047 0.475694 0.105469 0.206944 1.000000
0 1207 0.756641 0.472917 0.091406 0.201389 1.000000
0 1208 0.752344 0.471528 0.092188 0.198611 1.000000
0 1209 0.750391 0.472222 0.099219 0.197222 1.000000
0 1210 0.744922 0.471528 0.099219 0.198611 1.000000
0 1211 0.735547 0.472917 0.094531 0.204167 1.000000
0 1212 0.715625 0.470833 0.073438 0.205556 1.000000
0 1213 0.704297 0.469444 0.061719 0.211111 1.000000
0 1214 0.698828 0.465972 0.049219 0.218056 1.000000
0 1215 0.696094 0.463889 0.051562 0.222222 1.000000
0 1216 0.690234 0.460417 0.060156 0.226389 1.000000
0 1217 0.683203 0.451389 0.058594 0.233333 1.000000
0 1218 0.674609 0.447222 0.063281 0.227778 1.000000
0 1219 0.667969 0.443056 0.057813 0.222222 1.000000
0 1220 0.661328 0.439583 0.050781 0.218056 1.000000
0 1221 0.653125 0.439583 0.057813 0.215278 1.000000
0 1222 0.644141 0.438194 0.078906 0.218056 1.000000
0 1223 0.643359 0.436806 0.085156 0.223611 1.000000
0 1224 0.641406 0.434028 0.087500 0.229167 1.000000
0 1225 0.636719 0.431944 0.089063 0.233333 1.000000
0 1226 0.630469 0.432639 0.089063 0.226389 1.000000
0 1227 0.608203 0.431250 0.075781 0.223611 1.000000
0 1228 0.598437 0.433333 0.078125 0.225000 1.000000
0 1229 0.587109 0.438889 0.078906 0.219444 1.000000
0 1230 0.580859 0.441667 0.077344 0.219444 1.000000
0 1231 0.568359 0.441667 0.074219 0.219444 1.000000
0 1232 0.565234 0.443750 0.082031 0.215278 1.000000
0 1233 0.555469 0.445833 0.090625 0.211111 1.000000
0 1234 0.544141 0.448611 0.097656 0.205556 1.000000
0 1235 0.534375 0.445139 0.096875 0.198611 1.000000
0 1236 0.520312 0.446528 0.073438 0.190278 1.000000
0 1237 0.496094 0.447222 0.048438 0.183333 1.000000
0 1238 0.486328 0.445139 0.050781 0.184722 1.000000
0 1239 0.477344 0.444444 0.059375 0.186111 1.000000
0 1240 0.467187 0.446528 0.070312 0.190278 1.000000
0 1241 0.453906 0.445833 0.090625 0.194444 1.000000
0 1242 0.430859 0.450000 0.099219 0.197222 1.000000
0 1243 0.419141 0.454167 0.091406 0.200000 1.000000
0 1244 0.410156 0.458333 0.081250 0.191667 1.000000
0 1245 0.391406 0.459028 0.062500 0.190278 1.000000
0 1246 0.380859 0.459722 0.058594 0.188889 1.000000
0 1247 0.363672 0.462500 0.052344 0.186111 1.000000
0 1248 0.356250 0.462500 0.060937 0.188889 1.000000
0 1249 0.343750 0.463889 0.078125 0.191667 1.000000
0 1250 0.332422 0.470833 0.091406 0.205556 1.000000
0 1251 0.321484 0.477778 0.094531 0.213889 1.000000
0 1252 0.307812 0.484722 0.079687 0.211111 1.000000
0 1253 0.293750 0.487500 0.067187 0.205556 1.000000
0 1254 0.286719 0.489583 0.064062 0.201389 1.000000
0 1255 0.281641 0.489583 0.060156 0.201389 1.000000
0 1256 0.276172 0.489583 0.055469 0.201389 1.000000
0 1257 0.253516 0.505556 0.061719 0.230556 1.000000
0 1258 0.244141 0.511111 0.061719 0.236111 1.000000
0 1259 0.233594 0.519444 0.065625 0.247222 1.000000
0 1260 0.227344 0.524306 0.064062 0.248611 1.000000
0 1261 0.221484 0.529167 0.058594 0.238889 1.000000
0 1262 0.214844 0.532639 0.054688 0.234722 1.000000
0 1263 0.208984 0.533333 0.060156 0.233333 1.000000
0 1264 0.201563 0.534028 0.068750 0.234722 1.000000
0 1265 0.195312 0.544444 0.078125 0.250000 1.000000
0 1266 0.189062 0.552778 0.087500 0.263889 1.000000
0 1267 0.185938 0.570833 0.096875 0.277778 1.000000
0 1268 0.185547 0.583333 0.097656 0.283333 1.000000
0 1269 0.181250 0.588194 0.089063 0.287500 1.000000
0 1270 0.182812 0.593056 0.085938 0.277778 1.000000
0 1271 0.183594 0.598611 0.081250 0.272222 1.000000
0 1272 0.189453 0.606250 0.069531 0.281944 1.000000
0 1273 0.190625 0.613889 0.064062 0.297222 1.000000
0 1274 0.191406 0.621528 0.059375 0.306944 1.000000
0 1275 0.195703 0.628472 0.064844 0.306944 1.000000
0 1276 0.200391 0.638194 0.069531 0.315278 1.000000
0 1277 0.203906 0.658333 0.082812 0.313889 1.000000
0 1278 0.206250 0.664583 0.085938 0.309722 1.000000
0 1279 0.209375 0.665972 0.087500 0.306944 1.000000
0 1280 0.213281 0.667361 0.089063 0.304167 1.000000
0 1281 0.217578 0.670139 0.088281 0.304167 1.000000
0 1282 0.229297 0.692361 0.080469 0.337500 1.000000
0 1283 0.236328 0.701389 0.075781 0.344444 1.000000
0 1284 0.240625 0.710417 0.073438 0.345833 1.000000
0 1285 0.243750 0.718750 0.073438 0.345833 1.000000
0 1286 0.246484 0.724306 0.072656 0.340278 1.000000
0 1287 0.255859 0.725694 0.069531 0.340278 1.000000
0 1288 0.260547 0.723611 0.069531 0.344444 1.000000
0 1289 0.265625 0.721528 0.068750 0.348611 1.000000
0 1290 0.269141 0.718750 0.069531 0.354167 1.000000
0 1291 0.273438 0.717361 0.067187 0.356944 1.000000
0 1292 0.285156 0.716667 0.065625 0.361111 1.000000
0 1293 0.290234 0.719444 0.060156 0.361111 1.000000
0 1294 0.298438 0.719444 0.059375 0.355556 1.000000
0 1295 0.303906 0.727083 0.064062 0.356944 1.000000
0 1296 0.310156 0.731944 0.067187 0.355556 1.000000
0 1297 0.321875 0.740972 0.071875 0.351389 1.000000
0 1298 0.325000 0.745833 0.076563 0.352778 1.000000
0 1299 0.329688 0.754861 0.079687 0.362500 1.000000
0 1300 0.336328 0.754861 0.078906 0.362500 1.000000
0 1301 0.342578 0.754861 0.078906 0.362500 1.000000
0 1302 0.346484 0.754861 0.077344 0.365278 1.000000
0 1303 0.350000 0.750694 0.073438 0.368056 1.000000
0 1304 0.350391 0.747917 0.075781 0.373611 1.000000
0 1305 0.349609 0.745833 0.075781 0.377778 1.000000
0 1306 0.350000 0.743750 0.078125 0.381944 1.000000
0 1307 0.349609 0.743750 0.080469 0.384722 1.000000
0 1308 0.348047 0.745139 0.085156 0.387500 1.000000
0 1309 0.346484 0.742361 0.088281 0.387500 1.000000
0 1310 0.346094 0.738889 0.089063 0.388889 1.000000
0 1311 0.345313 0.739583 0.090625 0.381944 1.000000
0 1312 0.345313 0.750694 0.090625 0.365278 1.000000
0 1313 0.358203 0.763194 0.113281 0.356944 1.000000
0 1314 0.362500 0.769444 0.125000 0.363889 1.000000
0 1315 0.366016 0.768056 0.130469 0.361111 1.000000
0 1316 0.367969 0.765972 0.128125 0.356944 1.000000
0 1317 0.367969 0.763889 0.128125 0.350000 1.000000
0 1318 0.372656 0.756944 0.129688 0.347222 1.000000
0 1319 0.383203 0.753472 0.144531 0.348611 1.000000
0 1320 0.397656 0.747917 0.162500 0.348611 1.000000
0 1321 0.401953 0.743750 0.174219 0.356944 1.000000
0 1322 0.397656 0.740278 0.157812 0.363889 1.000000
0 1323 0.401172 0.729167 0.132031 0.372222 1.000000
0 1324 0.396875 0.722917 0.120313 0.370833 1.000000
0 1325 0.393359 0.718750 0.099219 0.373611 1.000000
0 1326 0.385156 0.711806 0.085938 0.370833 1.000000
0 1327 0.378516 0.711111 0.074219 0.366667 1.000000
0 1328 0.366797 0.710417 0.063281 0.356944 1.000000
0 1329 0.362500 0.713194 0.062500 0.354167 1.000000
0 1330 0.357812 0.716667 0.065625 0.352778 1.000000
0 1331 0.354687 0.714583 0.070312 0.345833 1.000000
0 1332 0.348438 0.715972 0.073438 0.345833 1.000000
0 1333 0.342969 0.716667 0.076563 0.336111 1.000000
0 1334 0.339453 0.718750 0.071094 0.329167 1.000000
0 1335 0.339453 0.713889 0.071094 0.322222 1.000000
0 1336 0.339062 0.714583 0.068750 0.320833 1.000000
0 1337 0.340625 0.714583 0.068750 0.320833 1.000000
0 1338 0.341797 0.711111 0.066406 0.322222 1.000000
0 1339 0.341797 0.711111 0.066406 0.322222 1.000000
0 1340 0.342578 0.711111 0.066406 0.322222 1.000000
0 1341 0.342578 0.711111 0.066406 0.322222 1.000000
0 1342 0.342187 0.711111 0.065625 0.322222 1.000000
0 1343 0.335547 0.711111 0.077344 0.322222 1.000000
0 1344 0.333203 0.714583 0.082031 0.323611 1.000000
0 1345 0.330859 0.718056 0.089844 0.325000 1.000000
0 1346 0.330859 0.720833 0.089844 0.325000 1.000000
0 1347 0.330859 0.723611 0.089844 0.325000 1.000000
0 1348 0.332422 0.729167 0.089844 0.325000 1.000000
0 1349 0.332422 0.733333 0.092969 0.322222 1.000000
0 1350 0.331250 0.736111 0.090625 0.322222 1.000000
0 1351 0.332031 0.740972 0.092188 0.318056 1.000000
0 1352 0.332031 0.743750 0.092188 0.318056 1.000000
0 1353 0.335156 0.749306 0.092188 0.318056 1.000000
0 1354 0.334766 0.752083 0.089844 0.312500 1.000000
0 1355 0.336328 0.754861 0.089844 0.312500 1.000000
0 1356 0.337109 0.756944 0.088281 0.311111 1.000000
0 1357 0.338672 0.759722 0.088281 0.311111 1.000000
0 1358 0.338672 0.765972 0.085156 0.306944 1.000000
0 1359 0.337109 0.774306 0.082031 0.304167 1.000000
0 1360 0.335938 0.774306 0.079687 0.298611 1.000000
0 1361 0.337109 0.777083 0.078906 0.298611 1.000000
0 1362 0.337891 0.779861 0.074219 0.293056 1.000000
0 1363 0.333203 0.787500 0.074219 0.288889 1.000000
0 1364 0.333203 0.790278 0.074219 0.288889 1.000000
0 1365 0.333203 0.793056 0.074219 0.288889 1.000000
0 1366 0.337500 0.794444 0.073438 0.291667 1.000000
0 1367 0.337500 0.794444 0.073438 0.291667 1.000000
0 1368 0.339844 0.797222 0.081250 0.291667 1.000000
0 1369 0.341016 0.797222 0.078906 0.291667 1.000000
0 1370 0.344141 0.797222 0.080469 0.291667 1.000000
0 1371 0.347266 0.795833 0.077344 0.294444 1.000000
0 1372 0.349219 0.795833 0.073438 0.294444 1.000000
0 1373 0.356250 0.797222 0.067187 0.297222 1.000000
0 1374 0.360547 0.797222 0.063281 0.297222 1.000000
0 1375 0.363281 0.798611 0.060937 0.294444 1.000000
0 1376 0.364063 0.798611 0.065625 0.294444 1.000000
0 1377 0.364063 0.800694 0.068750 0.290278 1.000000
0 1378 0.364844 0.802778 0.073438 0.291667 1.000000
0 1379 0.364844 0.808333 0.078125 0.288889 1.000000
0 1380 0.364844 0.808333 0.078125 0.288889 1.000000
0 1381 0.364844 0.805556 0.081250 0.294444 1.000000
0 1382 0.366797 0.805556 0.078906 0.294444 1.000000
0 1383 0.373047 0.804861 0.069531 0.301389 1.000000
0 1384 0.376953 0.801389 0.066406 0.308333 1.000000
0 1385 0.381641 0.800694 0.058594 0.309722 1.000000
0 1386 0.385937 0.800000 0.054688 0.311111 1.000000
0 1387 0.387500 0.799306 0.059375 0.312500 1.000000
0 1388 0.389062 0.802083 0.068750 0.318056 1.000000
0 1389 0.397266 0.804167 0.086719 0.316667 1.000000
0 1390 0.401172 0.806250 0.096094 0.315278 1.000000
0 1391 0.401953 0.807639 0.102344 0.312500 1.000000
0 1392 0.401172 0.808333 0.100781 0.308333 1.000000
0 1393 0.403906 0.809722 0.093750 0.311111 1.000000
0 1394 0.406641 0.806944 0.089844 0.316667 1.000000
0 1395 0.410156 0.805556 0.085938 0.319444 1.000000
0 1396 0.415234 0.804167 0.083594 0.322222 1.000000
0 1397 0.420703 0.804167 0.074219 0.327778 1.000000
0 1398 0.429688 0.802778 0.065625 0.336111 1.000000
0 1399 0.431250 0.802778 0.068750 0.336111 1.000000
0 1400 0.431250 0.802778 0.068750 0.336111 1.000000
0 1401 0.431641 0.804861 0.072656 0.334722 1.000000
0 1402 0.431641 0.804861 0.072656 0.334722 1.000000
0 1403 0.429688 0.803472 0.076563 0.337500 1.000000
0 1404 0.428125 0.802778 0.076563 0.338889 1.000000
0 1405 0.426563 0.800000 0.076563 0.344444 1.000000
0 1406 0.425000 0.795833 0.073438 0.341667 1.000000
0 1407 0.423438 0.791667 0.070312 0.338889 1.000000
0 1408 0.415625 0.784028 0.068750 0.334722 1.000000
0 1409 0.414844 0.782639 0.065625 0.337500 1.000000
0 1410 0.412891 0.782639 0.066406 0.337500 1.000000
0 1411 0.414062 0.781250 0.073438 0.334722 1.000000
0 1412 0.414062 0.784028 0.084375 0.334722 1.000000
0 1413 0.409766 0.789583 0.100781 0.334722 1.000000
0 1414 0.405078 0.790972 0.103906 0.331944 1.000000
0 1415 0.400781 0.790972 0.106250 0.331944 1.000000
0 1416 0.394922 0.788889 0.105469 0.327778 1.000000
0 1417 0.391797 0.788889 0.105469 0.327778 1.000000
0 1418 0.388672 0.784028 0.110156 0.320833 1.000000
0 1419 0.388672 0.779861 0.110156 0.318056 1.000000
0 1420 0.389453 0.775694 0.105469 0.312500 1.000000
0 1421 0.390234 0.773611 0.100781 0.316667 1.000000
0 1422 0.389844 0.770833 0.095312 0.316667 1.000000
0 1423 0.393359 0.766667 0.075781 0.319444 1.000000
0 1424 0.391797 0.765278 0.072656 0.316667 1.000000
0 1425 0.388672 0.763889 0.078906 0.316667 1.000000
0 1426 0.385547 0.761111 0.085156 0.316667 1.000000
0 1427 0.382812 0.756250 0.087500 0.315278 1.000000
0 1428 0.378906 0.749306 0.089063 0.318056 1.000000
0 1429 0.379688 0.743750 0.089063 0.318056 1.000000
0 1430 0.381250 0.738194 0.084375 0.318056 1.000000
0 1431 0.383203 0.734028 0.077344 0.315278 1.000000
0 1432 0.383594 0.728472 0.073438 0.315278 1.000000
0 1433 0.382812 0.722222 0.065625 0.316667 1.000000
0 1434 0.378125 0.718750 0.067187 0.315278 1.000000
0 1435 0.376953 0.716667 0.075781 0.319444 1.000000
0 1436 0.376563 0.713194 0.084375 0.318056 1.000000
0 1437 0.373437 0.709028 0.085938 0.315278 1.000000
0 1438 0.369922 0.698611 0.086719 0.308333 1.000000
0 1439 0.373047 0.694444 0.086719 0.302778 1.000000
0 1440 0.376953 0.691667 0.089844 0.300000 1.000000
0 1441 0.381641 0.687500 0.091406 0.294444 1.000000
0 1442 0.386719 0.686111 0.087500 0.286111 1.000000
0 1443 0.383984 0.684028 0.097656 0.273611 1.000000
0 1444 0.382812 0.681944 0.101562 0.269444 1.000000
0 1445 0.381250 0.679167 0.101562 0.269444 1.000000
0 1446 0.381250 0.672222 0.104688 0.269444 1.000000
0 1447 0.378906 0.668056 0.109375 0.272222 1.000000
0 1448 0.375391 0.659028 0.105469 0.279167 1.000000
0 1449 0.376563 0.652778 0.096875 0.269444 1.000000
0 1450 0.380469 0.645139 0.090625 0.254167 1.000000
0 1451 0.387500 0.638889 0.079687 0.244444 1.000000
0 1452 0.390234 0.636806 0.075781 0.240278 1.000000
0 1453 0.392969 0.629167 0.112500 0.238889 1.000000
0 1454 0.389453 0.625000 0.119531 0.238889 1.000000
0 1455 0.386719 0.622222 0.123438 0.238889 1.000000
0 1456 0.382422 0.619444 0.122656 0.236111 1.000000
0 1457 0.380078 0.615972 0.116406 0.231944 1.000000
0 1458 0.383203 0.610417 0.100781 0.229167 1.000000
0 1459 0.385547 0.608333 0.089844 0.225000 1.000000
0 1460 0.391016 0.606944 0.082031 0.227778 1.000000
0 1461 0.387500 0.603472 0.087500 0.229167 1.000000
0 1462 0.378516 0.599306 0.097656 0.234722 1.000000
0 1463 0.370312 0.594444 0.106250 0.241667 1.000000
0 1464 0.366797 0.586806 0.105469 0.231944 1.000000
0 1465 0.366016 0.586806 0.107031 0.231944 1.000000
0 1466 0.366406 0.589583 0.098437 0.237500 1.000000
0 1467 0.369531 0.590278 0.089063 0.236111 1.000000
0 1468 0.376563 0.590972 0.082812 0.234722 1.000000
0 1469 0.379297 0.590278 0.082031 0.236111 1.000000
0 1470 0.371875 0.587500 0.093750 0.238889 1.000000
0 1471 0.367969 0.586806 0.101562 0.240278 1.000000
0 1472 0.363672 0.583333 0.105469 0.238889 1.000000
0 1473 0.363672 0.582639 0.113281 0.237500 1.000000
0 1474 0.358594 0.584028 0.100000 0.234722 1.000000
0 1475 0.358984 0.583333 0.086719 0.236111 1.000000
0 1476 0.364844 0.583333 0.079687 0.236111 1.000000
0 1477 0.367188 0.579861 0.068750 0.237500 1.000000
0 1478 0.357031 0.577083 0.075000 0.243056 1.000000
0 1479 0.340625 0.570139 0.093750 0.254167 1.000000
0 1480 0.334375 0.565278 0.096875 0.250000 1.000000
0 1481 0.332422 0.558333 0.110156 0.238889 1.000000
0 1482 0.328906 0.561806 0.115625 0.245833 1.000000
0 1483 0.324219 0.566667 0.110937 0.250000 1.000000
0 1484 0.319531 0.568056 0.079687 0.247222 1.000000
0 1485 0.321094 0.568056 0.071875 0.247222 1.000000
0 1486 0.319922 0.568056 0.072656 0.252778 1.000000
0 1487 0.310156 0.567361 0.079687 0.259722 1.000000
0 1488 0.303125 0.565278 0.090625 0.261111 1.000000
0 1489 0.290234 0.558333 0.105469 0.247222 1.000000
0 1490 0.289453 0.561806 0.114844 0.248611 1.000000
0 1491 0.285938 0.565278 0.117188 0.250000 1.000000
0 1492 0.279297 0.568750 0.110156 0.251389 1.000000
0 1493 0.273047 0.570139 0.089844 0.248611 1.000000
0 1494 0.275000 0.570833 0.067187 0.252778 1.000000
0 1495 0.273047 0.569444 0.063281 0.255556 1.000000
0 1496 0.265234 0.569444 0.069531 0.263889 1.000000
0 1497 0.259375 0.567361 0.082812 0.268056 1.000000
0 1498 0.252734 0.566667 0.088281 0.266667 1.000000
0 1499 0.252344 0.562500 0.115625 0.258333 1.000000
0 1500 0.253125 0.567361 0.118750 0.262500 1.000000
0 1501 0.250781 0.571528 0.118750 0.262500 1.000000
0 1502 0.246875 0.576389 0.100000 0.261111 1.000000
0 1503 0.246094 0.578472 0.081250 0.259722 1.000000
0 1504 0.254297 0.586111 0.060156 0.266667 1.000000
0 1505 0.254297 0.588194 0.066406 0.273611 1.000000
0 1506 0.250781 0.590278 0.079687 0.277778 1.000000
0 1507 0.250000 0.592361 0.087500 0.279167 1.000000
0 1508 0.251172 0.593750 0.102344 0.276389 1.000000
0 1509 0.258984 0.605556 0.121094 0.277778 1.000000
0 1510 0.259375 0.611806 0.114062 0.273611 1.000000
0 1511 0.258203 0.614583 0.096094 0.273611 1.000000
0 1512 0.258203 0.617361 0.078906 0.273611 1.000000
0 1513 0.264844 0.620833 0.070312 0.275000 1.000000
0 1514 0.270703 0.622222 0.071094 0.288889 1.000000
0 1515 0.266406 0.625000 0.081250 0.294444 1.000000
0 1516 0.263672 0.626389 0.085156 0.300000 1.000000
0 1517 0.266016 0.628472 0.099219 0.293056 1.000000
0 1518 0.267969 0.629861 0.109375 0.290278 1.000000
0 1519 0.272266 0.645139 0.103906 0.295833 1.000000
0 1520 0.273047 0.654861 0.089844 0.293056 1.000000
0 1521 0.282031 0.660417 0.081250 0.293056 1.000000
0 1522 0.288672 0.665972 0.072656 0.293056 1.000000
0 1523 0.294141 0.669444 0.060156 0.297222 1.000000
0 1524 0.291797 0.672222 0.083594 0.308333 1.000000
0 1525 0.292969 0.674306 0.095312 0.309722 1.000000
0 1526 0.298828 0.672917 0.110156 0.309722 1.000000
0 1527 0.304688 0.669444 0.121875 0.302778 1.000000
0 1528 0.309766 0.663889 0.124219 0.288889 1.000000
0 1529 0.315234 0.665972 0.107031 0.290278 1.000000
0 1530 0.319922 0.665972 0.089844 0.295833 1.000000
0 1531 0.330859 0.665972 0.083594 0.301389 1.000000
0 1532 0.342969 0.663889 0.076563 0.311111 1.000000
0 1533 0.353906 0.662500 0.067187 0.316667 1.000000
0 1534 0.364063 0.656944 0.068750 0.330556 1.000000
0 1535 0.369531 0.658333 0.073438 0.333333 1.000000
0 1536 0.378125 0.654861 0.089063 0.329167 1.000000
0 1537 0.385937 0.654861 0.098437 0.323611 1.000000
0 1538 0.392969 0.657639 0.101562 0.312500 1.000000
0 1539 0.403516 0.664583 0.089844 0.298611 1.000000
0 1540 0.411328 0.670139 0.077344 0.298611 1.000000
0 1541 0.419531 0.673611 0.073438 0.305556 1.000000
0 1542 0.426563 0.679861 0.064062 0.309722 1.000000
0 1543 0.433984 0.681944 0.055469 0.313889 1.000000
0 1544 0.441016 0.686806 0.063281 0.326389 1.000000
0 1545 0.443750 0.691667 0.073438 0.330556 1.000000
0 1546 0.450391 0.694444 0.091406 0.330556 1.000000
0 1547 0.455469 0.697917 0.103125 0.331944 1.000000
0 1548 0.458594 0.699306 0.106250 0.329167 1.000000
0 1549 0.459375 0.704861 0.098437 0.315278 1.000000
0 1550 0.458594 0.706250 0.087500 0.312500 1.000000
0 1551 0.461328 0.706250 0.077344 0.318056 1.000000
0 1552 0.464844 0.704861 0.070312 0.320833 1.000000
0 1553 0.468750 0.702083 0.065625 0.326389 1.000000
0 1554 0.464062 0.697917 0.067187 0.329167 1.000000
0 1555 0.460938 0.695139 0.065625 0.323611 1.000000
0 1556 0.458203 0.695833 0.067969 0.322222 1.000000
0 1557 0.458203 0.695833 0.071094 0.316667 1.000000
0 1558 0.456250 0.698611 0.073438 0.311111 1.000000
0 1559 0.457422 0.699306 0.078906 0.306944 1.000000
0 1560 0.460547 0.697917 0.088281 0.306944 1.000000
0 1561 0.464453 0.697917 0.092969 0.306944 1.000000
0 1562 0.466016 0.697917 0.097656 0.309722 1.000000
0 1563 0.466406 0.697222 0.098437 0.313889 1.000000
0 1564 0.464453 0.695833 0.092969 0.316667 1.000000
0 1565 0.462500 0.693056 0.092188 0.319444 1.000000
0 1566 0.460938 0.690278 0.092188 0.319444 1.000000
0 1567 0.459375 0.686806 0.092188 0.318056 1.000000
0 1568 0.458984 0.681944 0.086719 0.319444 1.000000
0 1569 0.459766 0.670139 0.077344 0.329167 1.000000
0 1570 0.460547 0.666667 0.072656 0.330556 1.000000
0 1571 0.460156 0.663889 0.071875 0.330556 1.000000
0 1572 0.458594 0.661111 0.071875 0.330556 1.000000
0 1573 0.458203 0.658333 0.069531 0.330556 1.000000
0 1574 0.456641 0.655556 0.069531 0.330556 1.000000
0 1575 0.456641 0.652778 0.069531 0.330556 1.000000
0 1576 0.456641 0.651389 0.069531 0.327778 1.000000
0 1577 0.456641 0.649306 0.069531 0.326389 1.000000
0 1578 0.455859 0.647222 0.069531 0.325000 1.000000
0 1579 0.456641 0.643750 0.067969 0.323611 1.000000
0 1580 0.456641 0.640972 0.067969 0.323611 1.000000
0 1581 0.455469 0.639583 0.070312 0.320833 1.000000
0 1582 0.453906 0.637500 0.073438 0.319444 1.000000
0 1583 0.452344 0.637500 0.076563 0.319444 1.000000
0 1584 0.455859 0.640278 0.083594 0.313889 1.000000
0 1585 0.457813 0.643056 0.087500 0.308333 1.000000
0 1586 0.458984 0.646528 0.091406 0.301389 1.000000
0 1587 0.457031 0.649306 0.095312 0.295833 1.000000
0 1588 0.454297 0.652083 0.100781 0.290278 1.000000
0 1589 0.445312 0.650000 0.118750 0.280556 1.000000
0 1590 0.437500 0.652083 0.134375 0.281944 1.000000
0 1591 0.427734 0.652778 0.146094 0.288889 1.000000
0 1592 0.416016 0.653472 0.153906 0.287500 1.000000
0 1593 0.407813 0.654167 0.154688 0.280556 1.000000
0 1594 0.389062 0.659722 0.132812 0.263889 1.000000
0 1595 0.376953 0.661111 0.121094 0.261111 1.000000
0 1596 0.367578 0.659722 0.116406 0.258333 1.000000
0 1597 0.362891 0.656944 0.128906 0.261111 1.000000
0 1598 0.357422 0.652778 0.139844 0.266667 1.000000
0 1599 0.346875 0.648611 0.151562 0.269444 1.000000
0 1600 0.344141 0.653472 0.146094 0.276389 1.000000
0 1601 0.342578 0.659028 0.135156 0.281944 1.000000
0 1602 0.336328 0.664583 0.128906 0.290278 1.000000
0 1603 0.328516 0.665278 0.114844 0.283333 1.000000
0 1604 0.311328 0.665278 0.089844 0.275000 1.000000
0 1605 0.314453 0.661111 0.103906 0.272222 1.000000
0 1606 0.316797 0.657639 0.111719 0.268056 1.000000
0 1607 0.320312 0.659722 0.118750 0.283333 1.000000
0 1608 0.321484 0.660417 0.117969 0.287500 1.000000
0 1609 0.323437 0.662500 0.118750 0.297222 1.000000
0 1610 0.324219 0.661111 0.112500 0.294444 1.000000
0 1611 0.321094 0.659028 0.100000 0.287500 1.000000
0 1612 0.315234 0.655556 0.085156 0.283333 1.000000
0 1613 0.314453 0.652083 0.078906 0.279167 1.000000
0 1614 0.321875 0.642361 0.101562 0.276389 1.000000
0 1615 0.321875 0.641667 0.110937 0.283333 1.000000
0 1616 0.320312 0.644444 0.115625 0.291667 1.000000
0 1617 0.316797 0.648611 0.116406 0.297222 1.000000
0 1618 0.312500 0.651389 0.112500 0.300000 1.000000
0 1619 0.299219 0.650694 0.098437 0.290278 1.000000
0 1620 0.291797 0.648611 0.089844 0.283333 1.000000
0 1621 0.292187 0.643750 0.096875 0.279167 1.000000
0 1622 0.296875 0.638194 0.104688 0.276389 1.000000
0 1623 0.302344 0.633333 0.107813 0.277778 1.000000
0 1624 0.306641 0.635417 0.111719 0.290278 1.000000
0 1625 0.303906 0.638194 0.115625 0.298611 1.000000
0 1626 0.302734 0.640972 0.107031 0.298611 1.000000
0 1627 0.300781 0.640278 0.095312 0.294444 1.000000
0 1628 0.294531 0.638194 0.082812 0.287500 1.000000
0 1629 0.288672 0.632639 0.086719 0.281944 1.000000
0 1630 0.292969 0.627778 0.100000 0.283333 1.000000
0 1631 0.294531 0.625000 0.109375 0.283333 1.000000
0 1632 0.294531 0.627778 0.117188 0.294444 1.000000
0 1633 0.290625 0.631250 0.131250 0.298611 1.000000
0 1634 0.290234 0.637500 0.130469 0.302778 1.000000
0 1635 0.285547 0.641667 0.099219 0.300000 1.000000
0 1636 0.276953 0.642361 0.096094 0.298611 1.000000
0 1637 0.269531 0.640972 0.089063 0.295833 1.000000
0 1638 0.277344 0.640972 0.104688 0.298611 1.000000
0 1639 0.282422 0.639583 0.114844 0.301389 1.000000
0 1640 0.288672 0.644444 0.119531 0.311111 1.000000
0 1641 0.285156 0.647917 0.129688 0.318056 1.000000
0 1642 0.284375 0.655556 0.128125 0.322222 1.000000
0 1643 0.286719 0.664583 0.110937 0.320833 1.000000
0 1644 0.284766 0.666667 0.096094 0.316667 1.000000
0 1645 0.279687 0.665972 0.082812 0.312500 1.000000
0 1646 0.283594 0.663889 0.106250 0.311111 1.000000
0 1647 0.289453 0.666667 0.116406 0.311111 1.000000
0 1648 0.291797 0.661806 0.124219 0.312500 1.000000
0 1649 0.288672 0.663889 0.142969 0.322222 1.000000
0 1650 0.284375 0.677778 0.145313 0.327778 1.000000
0 1651 0.287109 0.684028 0.127344 0.340278 1.000000
0 1652 0.285156 0.687500 0.095312 0.333333 1.000000
0 1653 0.277344 0.690972 0.078125 0.329167 1.000000
0 1654 0.264844 0.688889 0.070312 0.333333 1.000000
0 1655 0.271094 0.685417 0.117188 0.334722 1.000000
0 1656 0.270703 0.685417 0.127344 0.334722 1.000000
0 1657 0.266797 0.686111 0.139844 0.336111 1.000000
0 1658 0.258594 0.689583 0.160938 0.343056 1.000000
0 1659 0.255859 0.694444 0.157031 0.347222 1.000000
0 1660 0.259375 0.695833 0.101562 0.344444 1.000000
0 1661 0.251953 0.697222 0.089844 0.347222 1.000000
0 1662 0.247266 0.691667 0.077344 0.350000 1.000000
0 1663 0.260156 0.687500 0.100000 0.352778 1.000000
0 1664 0.268359 0.684722 0.097656 0.355556 1.000000
0 1665 0.270703 0.664583 0.138281 0.334722 1.000000
0 1666 0.275391 0.665278 0.139844 0.336111 1.000000
0 1667 0.279687 0.667361 0.128125 0.340278 1.000000
0 1668 0.283984 0.665972 0.105469 0.334722 1.000000
0 1669 0.285938 0.661806 0.095312 0.331944 1.000000
0 1670 0.297266 0.655556 0.083594 0.336111 1.000000
0 1671 0.302734 0.650694 0.077344 0.345833 1.000000
0 1672 0.307031 0.645139 0.087500 0.345833 1.000000
0 1673 0.308594 0.637500 0.104688 0.344444 1.000000
0 1674 0.313281 0.627083 0.112500 0.331944 1.000000
0 1675 0.321484 0.610417 0.107031 0.309722 1.000000
0 1676 0.323437 0.607639 0.093750 0.309722 1.000000
0 1677 0.319531 0.606250 0.089063 0.312500 1.000000
0 1678 0.319141 0.602778 0.086719 0.311111 1.000000
0 1679 0.320703 0.598611 0.083594 0.311111 1.000000
0 1680 0.326172 0.590972 0.082031 0.306944 1.000000
0 1681 0.328125 0.588889 0.084375 0.305556 1.000000
0 1682 0.327344 0.586806 0.084375 0.301389 1.000000
0 1683 0.323828 0.584722 0.088281 0.294444 1.000000
0 1684 0.318359 0.582639 0.099219 0.290278 1.000000
0 1685 0.310156 0.581250 0.120313 0.287500 1.000000
0 1686 0.311328 0.578472 0.122656 0.287500 1.000000
0 1687 0.314844 0.578472 0.117188 0.287500 1.000000
0 1688 0.320312 0.575694 0.110937 0.287500 1.000000
0 1689 0.326953 0.574306 0.103906 0.290278 1.000000
0 1690 0.339062 0.565278 0.092188 0.294444 1.000000
0 1691 0.344141 0.562500 0.092969 0.300000 1.000000
0 1692 0.348828 0.558333 0.092969 0.297222 1.000000
0 1693 0.353906 0.553472 0.093750 0.290278 1.000000
0 1694 0.360156 0.550694 0.092188 0.290278 1.000000
0 1695 0.365234 0.548611 0.099219 0.297222 1.000000
0 1696 0.370312 0.547222 0.107813 0.294444 1.000000
0 1697 0.374609 0.544444 0.114844 0.297222 1.000000
0 1698 0.382422 0.546528 0.121094 0.301389 1.000000
0 1699 0.388672 0.546528 0.127344 0.301389 1.000000
0 1700 0.406641 0.543750 0.128906 0.306944 1.000000
0 1701 0.409375 0.543056 0.129688 0.308333 1.000000
0 1702 0.412500 0.543056 0.129688 0.308333 1.000000
0 1703 0.416797 0.541667 0.127344 0.311111 1.000000
0 1704 0.417578 0.541667 0.111719 0.311111 1.000000
0 1705 0.419531 0.537500 0.100000 0.311111 1.000000
0 1706 0.419531 0.536111 0.092188 0.313889 1.000000
0 1707 0.419922 0.536111 0.085156 0.319444 1.000000
0 1708 0.419141 0.535417 0.074219 0.320833 1.000000
0 1709 0.430859 0.536111 0.052344 0.325000 1.000000
0 1710 0.430469 0.533333 0.062500 0.330556 1.000000
0 1711 0.432812 0.536806 0.075000 0.329167 1.000000
0 1712 0.436328 0.537500 0.078906 0.330556 1.000000
0 1713 0.439453 0.540278 0.078906 0.330556 1.000000
0 1714 0.444531 0.542361 0.076563 0.329167 1.000000
0 1715 0.450781 0.546528 0.065625 0.331944 1.000000
0 1716 0.453516 0.549306 0.060156 0.326389 1.000000
0 1717 0.453516 0.552083 0.053906 0.326389 1.000000
0 1718 0.453516 0.557639 0.044531 0.326389 1.000000
0 1719 0.453906 0.564583 0.034375 0.329167 1.000000
0 1720 0.453906 0.573611 0.043750 0.325000 1.000000
0 1721 0.455859 0.584722 0.046094 0.322222 1.000000
0 1722 0.457422 0.590972 0.044531 0.323611 1.000000
0 1723 0.461719 0.600000 0.046875 0.316667 1.000000
0 1724 0.464844 0.606944 0.043750 0.313889 1.000000
0 1725 0.463672 0.622222 0.044531 0.305556 1.000000
0 1726 0.464062 0.629861 0.045312 0.309722 1.000000
0 1727 0.466406 0.637500 0.046875 0.302778 1.000000
0 1728 0.467578 0.642361 0.046094 0.304167 1.000000
0 1729 0.467578 0.652778 0.049219 0.300000 1.000000
0 1730 0.468359 0.668750 0.064844 0.301389 1.000000
0 1731 0.467187 0.679861 0.070312 0.304167 1.000000
0 1732 0.466797 0.690972 0.075781 0.306944 1.000000
0 1733 0.466016 0.703472 0.080469 0.306944 1.000000
0 1734 0.466016 0.714583 0.083594 0.306944 1.000000
0 1735 0.466406 0.734722 0.081250 0.305556 1.000000
0 1736 0.466406 0.743056 0.076563 0.305556 1.000000
0 1737 0.467969 0.752778 0.070312 0.308333 1.000000
0 1738 0.467969 0.761111 0.067187 0.308333 1.000000
0 1739 0.470313 0.768056 0.064062 0.311111 1.000000
0 1740 0.469922 0.785417 0.052344 0.323611 1.000000
0 1741 0.469922 0.795139 0.052344 0.329167 1.000000
0 1742 0.471484 0.801389 0.055469 0.336111 1.000000
0 1743 0.472266 0.808333 0.057031 0.338889 1.000000
0 1744 0.471484 0.814583 0.064844 0.337500 1.000000
0 1745 0.475000 0.820139 0.064062 0.337500 1.000000
0 1746 0.475000 0.823611 0.064062 0.336111 1.000000
0 1747 0.474609 0.826389 0.063281 0.336111 1.000000
0 1748 0.473828 0.829167 0.061719 0.336111 1.000000
0 1749 0.475000 0.831944 0.057813 0.336111 1.000000
0 1750 0.475781 0.834722 0.056250 0.330556 1.000000
0 1751 0.475391 0.837500 0.055469 0.325000 1.000000
0 1752 0.475391 0.838889 0.055469 0.322222 1.000000
0 1753 0.475391 0.840278 0.055469 0.319444 1.000000
0 1754 0.475391 0.843056 0.055469 0.313889 1.000000
0 1755 0.473047 0.848611 0.060156 0.302778 1.000000
0 1756 0.471484 0.851389 0.060156 0.297222 1.000000
0 1757 0.473438 0.854861 0.056250 0.290278 1.000000
0 1758 0.473438 0.857639 0.056250 0.284722 1.000000
0 1759 0.471094 0.861111 0.060937 0.277778 1.000000
0 1760 0.475000 0.865278 0.060937 0.269444 1.000000
0 1761 0.478125 0.865972 0.060937 0.268056 1.000000
0 1762 0.479687 0.868750 0.060937 0.262500 1.000000
0 1763 0.481250 0.871528 0.064062 0.256944 1.000000
0 1764 0.482031 0.873611 0.065625 0.252778 1.000000
0 1765 0.487500 0.877778 0.071875 0.244444 1.000000
0 1766 0.490625 0.884028 0.078125 0.231944 1.000000
0 1767 0.494141 0.888889 0.082031 0.222222 1.000000
0 1768 0.500391 0.893750 0.085156 0.212500 1.000000
0 1769 0.505859 0.896528 0.086719 0.206944 1.000000
0 1770 0.516016 0.899306 0.091406 0.201389 1.000000
0 1771 0.525781 0.900694 0.098437 0.198611 1.000000
0 1772 0.532813 0.902778 0.095312 0.194444 1.000000
0 1773 0.537891 0.902778 0.100781 0.194444 1.000000
0 1774 0.540625 0.904167 0.100000 0.191667 1.000000
0 1775 0.557422 0.903472 0.092969 0.193056 1.000000
0 1776 0.567969 0.902778 0.087500 0.194444 1.000000
0 1777 0.576172 0.902083 0.086719 0.195833 1.000000
0 1778 0.580469 0.902778 0.095312 0.194444 1.000000
0 1779 0.595313 0.904167 0.082812 0.191667 1.000000
0 1780 0.606641 0.907639 0.086719 0.184722 1.000000
0 1781 0.620313 0.910417 0.073438 0.179167 1.000000
0 1782 0.632031 0.910417 0.070312 0.179167 1.000000
