0 1 0.138672 0.565278 0.016406 0.091667 0.000000 0.000000 1.000000
0 2 0.139063 0.565278 0.017188 0.091667 0.000391 0.000000 1.000000
0 3 0.139063 0.565278 0.017188 0.091667 0.000000 0.000000 1.000000
0 4 0.137891 0.566667 0.017969 0.088889 -0.001172 0.001389 1.000000
0 5 0.137109 0.568056 0.017969 0.088889 -0.000781 0.001389 1.000000
0 6 0.137500 0.568056 0.018750 0.086111 0.000391 0.000000 1.000000
0 7 0.137109 0.568056 0.017969 0.083333 -0.000391 0.000000 1.000000
0 8 0.137891 0.566667 0.019531 0.083333 0.000781 -0.001389 1.000000
0 9 0.139844 0.566667 0.025000 0.083333 0.001953 0.000000 1.000000
0 10 0.141016 0.565278 0.028906 0.086111 0.001172 -0.001389 1.000000
0 11 0.140625 0.566667 0.031250 0.088889 -0.000391 0.001389 1.000000
0 12 0.140625 0.567361 0.031250 0.090278 0.000000 0.000694 1.000000
0 13 0.140625 0.568056 0.028125 0.091667 0.000000 0.000694 1.000000
0 14 0.141406 0.568056 0.025000 0.091667 0.000781 0.000000 1.000000
0 15 0.139844 0.566667 0.023438 0.088889 -0.001563 -0.001389 1.000000
0 16 0.135937 0.563889 0.023438 0.088889 -0.003906 -0.002778 1.000000
0 17 0.132812 0.561111 0.025000 0.091667 -0.003125 -0.002778 1.000000
0 18 0.128906 0.556944 0.026562 0.091667 -0.003906 -0.004167 1.000000
0 19 0.126562 0.554167 0.025000 0.091667 -0.002344 -0.002778 1.000000
0 20 0.123438 0.551389 0.025000 0.091667 -0.003125 -0.002778 1.000000
0 21 0.118359 0.548611 0.024219 0.091667 -0.005078 -0.002778 1.000000
0 22 0.115234 0.545833 0.021094 0.091667 -0.003125 -0.002778 1.000000
0 23 0.112109 0.547222 0.021094 0.094444 -0.003125 0.001389 1.000000
0 24 0.111328 0.549306 0.021094 0.098611 -0.000781 0.002083 1.000000
0 25 0.109375 0.550694 0.023438 0.095833 -0.001953 0.001389 1.000000
0 26 0.107813 0.553472 0.025000 0.095833 -0.001563 0.002778 1.000000
0 27 0.105078 0.554861 0.027344 0.093056 -0.002734 0.001389 1.000000
0 28 0.102734 0.554167 0.027344 0.091667 -0.002344 -0.000694 1.000000
0 29 0.101562 0.554861 0.028125 0.093056 -0.001172 0.000694 1.000000
0 30 0.100000 0.554167 0.028125 0.094444 -0.001563 -0.000694 1.000000
0 31 0.099219 0.553472 0.028125 0.095833 -0.000781 -0.000694 1.000000
0 32 0.098828 0.552778 0.027344 0.094444 -0.000391 -0.000694 1.000000
0 33 0.099219 0.551389 0.026562 0.097222 0.000391 -0.001389 1.000000
0 34 0.100781 0.551389 0.029687 0.097222 0.001563 0.000000 1.000000
0 35 0.102344 0.551389 0.029687 0.097222 0.001563 0.000000 1.000000
0 36 0.103125 0.553472 0.028125 0.095833 0.000781 0.002083 1.000000
0 37 0.102734 0.554167 0.027344 0.097222 -0.000391 0.000694 1.000000
0 38 0.105469 0.555556 0.029687 0.097222 0.002734 0.001389 1.000000
0 39 0.106250 0.555556 0.029687 0.097222 0.000781 0.000000 1.000000
0 40 0.106641 0.554861 0.028906 0.098611 0.000391 -0.000694 1.000000
0 41 0.106250 0.555556 0.031250 0.100000 -0.000391 0.000694 1.000000
0 42 0.106250 0.552778 0.028125 0.094444 0.000000 -0.002778 1.000000
0 43 0.107031 0.550000 0.029687 0.088889 0.000781 -0.002778 1.000000
0 44 0.108594 0.550000 0.026562 0.083333 0.001563 0.000000 1.000000
0 45 0.114062 0.550694 0.028125 0.084722 0.005469 0.000694 1.000000
0 46 0.122656 0.554167 0.029687 0.080556 0.008594 0.003472 1.000000
0 47 0.128516 0.553472 0.033594 0.079167 0.005859 -0.000694 1.000000
0 48 0.128125 0.555556 0.031250 0.077778 -0.000391 0.002083 1.000000
0 49 0.128125 0.555556 0.028125 0.077778 0.000000 0.000000 1.000000
0 50 0.128125 0.556944 0.026562 0.080556 0.000000 0.001389 1.000000
0 51 0.129688 0.556944 0.025000 0.080556 0.001563 0.000000 1.000000
0 52 0.130078 0.557639 0.024219 0.081944 0.000391 0.000694 1.000000
0 53 0.130469 0.558333 0.023438 0.083333 0.000391 0.000694 1.000000
0 54 0.129297 0.559028 0.021094 0.084722 -0.001172 0.000694 1.000000
0 55 0.128125 0.560417 0.015625 0.084722 -0.001172 0.001389 1.000000
0 56 0.128906 0.562500 0.017188 0.086111 0.000781 0.002083 1.000000
0 57 0.128125 0.563194 0.015625 0.087500 -0.000781 0.000694 1.000000
0 58 0.127734 0.565972 0.014844 0.087500 -0.000391 0.002778 1.000000
0 59 0.126562 0.568056 0.015625 0.088889 -0.001172 0.002083 1.000000
0 60 0.126562 0.570139 0.015625 0.090278 0.000000 0.002083 1.000000
0 61 0.127344 0.575000 0.021875 0.094444 0.000781 0.004861 1.000000
0 62 0.125781 0.577778 0.023438 0.097222 -0.001563 0.002778 1.000000
0 63 0.125000 0.581944 0.026562 0.097222 -0.000781 0.004167 1.000000
0 64 0.125781 0.583333 0.032813 0.097222 0.000781 0.001389 1.000000
0 65 0.124609 0.585417 0.033594 0.095833 -0.001172 0.002083 1.000000
0 66 0.122266 0.587500 0.030469 0.097222 -0.002344 0.002083 1.000000
0 67 0.120703 0.589583 0.028906 0.098611 -0.001563 0.002083 1.000000
0 68 0.120313 0.590972 0.028125 0.098611 -0.000391 0.001389 1.000000
0 69 0.117969 0.594444 0.026562 0.100000 -0.002344 0.003472 1.000000
0 70 0.114062 0.595833 0.021875 0.100000 -0.003906 0.001389 1.000000
0 71 0.111328 0.598611 0.019531 0.097222 -0.002734 0.002778 1.000000
0 72 0.109375 0.599306 0.018750 0.095833 -0.001953 0.000694 1.000000
0 73 0.106250 0.601389 0.020313 0.094444 -0.003125 0.002083 1.000000
0 74 0.104688 0.604861 0.021875 0.095833 -0.001563 0.003472 1.000000
0 75 0.101953 0.606250 0.022656 0.098611 -0.002734 0.001389 1.000000
0 76 0.098828 0.608333 0.024219 0.100000 -0.003125 0.002083 1.000000
0 77 0.096094 0.609028 0.025000 0.101389 -0.002734 0.000694 1.000000
0 78 0.093750 0.609722 0.026562 0.100000 -0.002344 0.000694 1.000000
0 79 0.091797 0.611111 0.027344 0.100000 -0.001953 0.001389 1.000000
0 80 0.089063 0.613889 0.028125 0.100000 -0.002734 0.002778 1.000000
0 81 0.087500 0.615278 0.028125 0.097222 -0.001563 0.001389 1.000000
0 82 0.088281 0.618056 0.029687 0.097222 0.000781 0.002778 1.000000
0 83 0.087109 0.619444 0.027344 0.097222 -0.001172 0.001389 1.000000
0 84 0.085938 0.621528 0.025000 0.101389 -0.001172 0.002083 1.000000
0 85 0.083594 0.622917 0.025000 0.104167 -0.002344 0.001389 1.000000
0 86 0.081250 0.623611 0.026562 0.105556 -0.002344 0.000694 1.000000
0 87 0.079297 0.625000 0.027344 0.108333 -0.001953 0.001389 1.000000
0 88 0.077344 0.625694 0.028125 0.106944 -0.001953 0.000694 1.000000
0 89 0.076172 0.627083 0.027344 0.104167 -0.001172 0.001389 1.000000
0 90 0.073828 0.627778 0.027344 0.102778 -0.002344 0.000694 1.000000
0 91 0.072656 0.630556 0.025000 0.102778 -0.001172 0.002778 1.000000
0 92 0.072656 0.631944 0.021875 0.102778 0.000000 0.001389 1.000000
0 93 0.072656 0.633333 0.017188 0.105556 0.000000 0.001389 1.000000
0 94 0.072656 0.633333 0.018750 0.105556 0.000000 0.000000 1.000000
0 95 0.071484 0.634028 0.021094 0.109722 -0.001172 0.000694 1.000000
0 96 0.070312 0.633333 0.025000 0.111111 -0.001172 -0.000694 1.000000
0 97 0.071484 0.633333 0.028906 0.111111 0.001172 0.000000 1.000000
0 98 0.071484 0.634028 0.032031 0.109722 0.000000 0.000694 1.000000
0 99 0.071094 0.634028 0.032813 0.106944 -0.000391 0.000000 1.000000
0 100 0.069141 0.635417 0.028906 0.104167 -0.001953 0.001389 1.000000
0 101 0.070312 0.636806 0.026562 0.104167 0.001172 0.001389 1.000000
0 102 0.071094 0.637500 0.025000 0.105556 0.000781 0.000694 1.000000
0 103 0.072656 0.638889 0.021875 0.105556 0.001563 0.001389 1.000000
0 104 0.072656 0.638889 0.023438 0.108333 0.000000 0.000000 1.000000
0 105 0.071484 0.638194 0.022656 0.109722 -0.001172 -0.000694 1.000000
0 106 0.071484 0.638889 0.022656 0.111111 0.000000 0.000694 1.000000
0 107 0.070703 0.640278 0.024219 0.113889 -0.000781 0.001389 1.000000
0 108 0.070703 0.638889 0.024219 0.111111 0.000000 -0.001389 1.000000
0 109 0.069922 0.640278 0.024219 0.111111 -0.000781 0.001389 1.000000
0 110 0.068359 0.640278 0.021094 0.108333 -0.001563 0.000000 1.000000
0 111 0.067969 0.640972 0.020313 0.106944 -0.000391 0.000694 1.000000
0 112 0.067187 0.640278 0.017188 0.108333 -0.000781 -0.000694 1.000000
0 113 0.066406 0.640278 0.017188 0.108333 -0.000781 0.000000 1.000000
0 114 0.065234 0.640278 0.017969 0.108333 -0.001172 0.000000 1.000000
0 115 0.064062 0.639583 0.021875 0.109722 -0.001172 -0.000694 1.000000
0 116 0.063672 0.641667 0.028906 0.111111 -0.000391 0.002083 1.000000
0 117 0.062500 0.641667 0.032813 0.111111 -0.001172 0.000000 1.000000
0 118 0.059375 0.641667 0.034375 0.111111 -0.003125 0.000000 1.000000
0 119 0.056250 0.644444 0.034375 0.111111 -0.003125 0.002778 1.000000
0 120 0.054297 0.643750 0.032031 0.109722 -0.001953 -0.000694 1.000000
0 121 0.052344 0.643750 0.029687 0.109722 -0.001953 0.000000 1.000000
0 122 0.049219 0.641667 0.026562 0.105556 -0.003125 -0.002083 1.000000
0 123 0.048047 0.641667 0.021094 0.105556 -0.001172 0.000000 1.000000
0 124 0.047656 0.643056 0.020313 0.108333 -0.000391 0.001389 1.000000
0 125 0.046875 0.641667 0.020313 0.108333 -0.000781 -0.001389 1.000000
0 126 0.046875 0.642361 0.021875 0.109722 0.000000 0.000694 1.000000
0 127 0.045312 0.642361 0.023438 0.109722 -0.001563 0.000000 1.000000
0 128 0.044141 0.642361 0.025781 0.109722 -0.001172 0.000000 1.000000
0 129 0.044141 0.642361 0.028906 0.109722 0.000000 0.000000 1.000000
0 130 0.042578 0.642361 0.032031 0.109722 -0.001563 0.000000 1.000000
0 131 0.041406 0.643056 0.032813 0.111111 -0.001172 0.000694 1.000000
0 132 0.040234 0.643056 0.030469 0.111111 -0.001172 0.000000 1.000000
0 133 0.039844 0.643056 0.029687 0.111111 -0.000391 0.000000 1.000000
0 134 0.038281 0.639583 0.026562 0.106944 -0.001563 -0.003472 1.000000
0 135 0.039062 0.640278 0.025000 0.108333 0.000781 0.000694 1.000000
0 136 0.039844 0.638889 0.021875 0.108333 0.000781 -0.001389 1.000000
0 137 0.039062 0.638194 0.018750 0.106944 -0.000781 -0.000694 1.000000
0 138 0.039062 0.638194 0.018750 0.106944 0.000000 0.000000 1.000000
0 139 0.039062 0.637500 0.020313 0.108333 0.000000 -0.000694 1.000000
0 140 0.040234 0.637500 0.027344 0.108333 0.001172 0.000000 1.000000
0 141 0.040625 0.639583 0.032813 0.109722 0.000391 0.002083 1.000000
0 142 0.040234 0.640278 0.036719 0.111111 -0.000391 0.000694 1.000000
0 143 0.039453 0.640278 0.038281 0.108333 -0.000781 0.000000 1.000000
0 144 0.036719 0.640278 0.039062 0.108333 -0.002734 0.000000 1.000000
0 145 0.034375 0.640972 0.037500 0.109722 -0.002344 0.000694 1.000000
0 146 0.033203 0.641667 0.035156 0.108333 -0.001172 0.000694 1.000000
0 147 0.033203 0.640278 0.032031 0.105556 0.000000 -0.001389 1.000000
0 148 0.032422 0.640278 0.027344 0.105556 -0.000781 0.000000 1.000000
0 149 0.032031 0.640278 0.023438 0.108333 -0.000391 0.000000 1.000000
0 150 0.032031 0.640278 0.018750 0.108333 0.000000 0.000000 1.000000
0 151 0.032813 0.641667 0.017188 0.111111 0.000781 0.001389 1.000000
0 152 0.031641 0.641667 0.019531 0.111111 -0.001172 0.000000 1.000000
0 153 0.031641 0.641667 0.019531 0.111111 0.000000 0.000000 1.000000
0 154 0.030469 0.643056 0.023438 0.111111 -0.001172 0.001389 1.000000
0 155 0.030469 0.643750 0.026562 0.112500 0.000000 0.000694 1.000000
0 156 0.029297 0.645833 0.028906 0.111111 -0.001172 0.002083 1.000000
0 157 0.026562 0.645139 0.029687 0.112500 -0.002734 -0.000694 1.000000
0 158 0.024219 0.646528 0.031250 0.109722 -0.002344 0.001389 1.000000
0 159 0.022656 0.647222 0.029687 0.111111 -0.001563 0.000694 1.000000
0 160 0.020313 0.647222 0.029687 0.111111 -0.002344 0.000000 1.000000
0 161 0.017188 0.647917 0.028125 0.109722 -0.003125 0.000694 1.000000
0 162 0.014844 0.645833 0.023438 0.108333 -0.002344 -0.002083 1.000000
0 163 0.011328 0.645833 0.021094 0.108333 -0.003516 0.000000 1.000000
0 164 0.008594 0.645833 0.017188 0.108333 -0.002734 0.000000 1.000000
0 165 0.006641 0.646528 0.013281 0.109722 -0.001953 0.000694 1.000000
0 166 0.004687 0.645139 0.009375 0.106944 -0.001953 -0.001389 1.000000
0 388 0.015625 0.594444 0.031250 0.091667 0.000049 -0.000228 1.000000
0 389 0.029687 0.590278 0.043750 0.091667 0.014063 -0.004167 1.000000
0 390 0.045703 0.588889 0.042969 0.091667 0.016016 -0.001389 1.000000
0 391 0.063672 0.588194 0.039844 0.093056 0.017969 -0.000694 1.000000
0 392 0.081641 0.587500 0.035156 0.091667 0.017969 -0.000694 1.000000
0 393 0.095703 0.584722 0.035156 0.091667 0.014063 -0.002778 1.000000
0 394 0.108594 0.584722 0.029687 0.094444 0.012891 0.000000 1.000000
0 395 0.120313 0.581944 0.026562 0.097222 0.011719 -0.002778 1.000000
0 396 0.131250 0.580556 0.021875 0.097222 0.010937 -0.001389 1.000000
0 397 0.145703 0.579167 0.019531 0.097222 0.014453 -0.001389 1.000000
0 398 0.157812 0.577778 0.018750 0.094444 0.012109 -0.001389 1.000000
0 399 0.170313 0.577778 0.018750 0.094444 0.012500 0.000000 1.000000
0 400 0.182031 0.577083 0.021875 0.093056 0.011719 -0.000694 1.000000
0 401 0.192578 0.579167 0.022656 0.094444 0.010547 0.002083 1.000000
0 402 0.202734 0.578472 0.027344 0.090278 0.010156 -0.000694 1.000000
0 403 0.211328 0.580556 0.030469 0.088889 0.008594 0.002083 1.000000
0 404 0.221094 0.579167 0.034375 0.086111 0.009766 -0.001389 1.000000
0 405 0.231250 0.579167 0.034375 0.086111 0.010156 0.000000 1.000000
0 406 0.240625 0.577778 0.034375 0.088889 0.009375 -0.001389 1.000000
0 407 0.247656 0.577083 0.029687 0.087500 0.007031 -0.000694 1.000000
0 408 0.251172 0.575000 0.025781 0.088889 0.003516 -0.002083 1.000000
0 409 0.251563 0.572917 0.020313 0.090278 0.000391 -0.002083 1.000000
0 410 0.248828 0.571528 0.016406 0.093056 -0.002734 -0.001389 1.000000
0 411 0.245312 0.570833 0.015625 0.094444 -0.003516 -0.000694 1.000000
0 412 0.240625 0.570139 0.015625 0.093056 -0.004687 -0.000694 1.000000
0 413 0.233594 0.570139 0.018750 0.093056 -0.007031 0.000000 1.000000
0 414 0.225781 0.570833 0.020313 0.091667 -0.007812 0.000694 1.000000
0 415 0.216797 0.570833 0.024219 0.091667 -0.008984 0.000000 1.000000
0 416 0.207031 0.572917 0.025000 0.087500 -0.009766 0.002083 1.000000
0 417 0.196094 0.575000 0.026562 0.088889 -0.010937 0.002083 1.000000
0 418 0.185547 0.577083 0.028906 0.093056 -0.010547 0.002083 1.000000
0 419 0.174219 0.577778 0.032813 0.091667 -0.011328 0.000694 1.000000
0 420 0.163281 0.577083 0.031250 0.093056 -0.010937 -0.000694 1.000000
0 421 0.150000 0.577778 0.034375 0.094444 -0.013281 0.000694 1.000000
0 422 0.138281 0.576389 0.032813 0.094444 -0.011719 -0.001389 1.000000
0 423 0.125000 0.576389 0.026562 0.097222 -0.013281 0.000000 1.000000
0 424 0.110937 0.576389 0.021875 0.097222 -0.014063 0.000000 1.000000
0 425 0.098437 0.576389 0.021875 0.097222 -0.012500 0.000000 1.000000
0 426 0.083594 0.573611 0.020313 0.097222 -0.014844 -0.002778 1.000000
0 427 0.068359 0.573611 0.022656 0.100000 -0.015234 0.000000 1.000000
0 428 0.053516 0.575000 0.022656 0.100000 -0.014844 0.001389 1.000000
0 429 0.038281 0.576389 0.023438 0.097222 -0.015234 0.001389 1.000000
0 430 0.024219 0.576389 0.023438 0.097222 -0.014063 0.000000 1.000000
0 431 0.011328 0.576389 0.022656 0.097222 -0.012891 0.000000 1.000000
0 432 0.004297 0.576389 0.008594 0.097222 -0.007031 0.000000 1.000000
0 475 0.011328 0.593750 0.022656 0.098611 0.000164 0.000404 1.000000
0 476 0.021484 0.590972 0.030469 0.098611 0.010156 -0.002778 1.000000
0 477 0.035937 0.589583 0.032813 0.098611 0.014453 -0.001389 1.000000
0 478 0.047656 0.588194 0.032813 0.098611 0.011719 -0.001389 1.000000
0 479 0.060937 0.586111 0.035937 0.100000 0.013281 -0.002083 1.000000
0 480 0.071875 0.584722 0.028125 0.100000 0.010937 -0.001389 1.000000
0 481 0.085938 0.584722 0.031250 0.102778 0.014063 0.000000 1.000000
0 482 0.099609 0.583333 0.033594 0.100000 0.013672 -0.001389 1.000000
0 483 0.113281 0.583333 0.035937 0.102778 0.013672 0.000000 1.000000
0 484 0.126562 0.584028 0.037500 0.101389 0.013281 0.000694 1.000000
0 485 0.138281 0.583333 0.039062 0.100000 0.011719 -0.000694 1.000000
0 486 0.149219 0.582639 0.035937 0.098611 0.010937 -0.000694 1.000000
0 487 0.161328 0.582639 0.038281 0.098611 0.012109 0.000000 1.000000
0 488 0.173828 0.580556 0.036719 0.094444 0.012500 -0.002083 1.000000
0 489 0.182422 0.579167 0.033594 0.091667 0.008594 -0.001389 1.000000
0 490 0.192969 0.579861 0.028125 0.093056 0.010547 0.000694 1.000000
0 491 0.204687 0.578472 0.028125 0.090278 0.011719 -0.001389 1.000000
0 492 0.215234 0.577778 0.027344 0.091667 0.010547 -0.000694 1.000000
0 493 0.223438 0.577778 0.025000 0.091667 0.008203 0.000000 1.000000
0 494 0.233594 0.577778 0.023438 0.091667 0.010156 0.000000 1.000000
0 495 0.241406 0.577083 0.023438 0.093056 0.007812 -0.000694 1.000000
0 496 0.250000 0.577083 0.023438 0.090278 0.008594 0.000000 1.000000
0 497 0.255859 0.576389 0.028906 0.088889 0.005859 -0.000694 1.000000
0 498 0.261719 0.576389 0.032813 0.088889 0.005859 0.000000 1.000000
0 499 0.268359 0.576389 0.036719 0.083333 0.006641 0.000000 1.000000
0 500 0.274609 0.576389 0.036719 0.083333 0.006250 0.000000 1.000000
