0 1 0.556250 0.583333 0.028125 0.169444 0.000000 0.000000 1.000000
0 2 0.555469 0.584028 0.028125 0.168056 -0.000781 0.000694 1.000000
0 3 0.554688 0.584028 0.028125 0.168056 -0.000781 0.000000 1.000000
0 4 0.553906 0.583333 0.028125 0.169444 -0.000781 -0.000694 1.000000
0 5 0.552344 0.583333 0.028125 0.169444 -0.001563 0.000000 1.000000
0 6 0.550781 0.583333 0.028125 0.169444 -0.001563 0.000000 1.000000
0 7 0.549219 0.582639 0.028125 0.168056 -0.001563 -0.000694 1.000000
0 8 0.547656 0.582639 0.028125 0.168056 -0.001563 0.000000 1.000000
0 9 0.545312 0.582639 0.028125 0.168056 -0.002344 0.000000 1.000000
0 10 0.542969 0.583333 0.028125 0.169444 -0.002344 0.000694 1.000000
0 11 0.540234 0.583333 0.028906 0.169444 -0.002734 0.000000 1.000000
0 12 0.537891 0.582639 0.028906 0.168056 -0.002344 -0.000694 1.000000
0 13 0.534375 0.581944 0.026562 0.169444 -0.003516 -0.000694 1.000000
0 14 0.531250 0.581250 0.026562 0.168056 -0.003125 -0.000694 1.000000
0 15 0.528125 0.581250 0.026562 0.168056 -0.003125 0.000000 1.000000
0 16 0.525000 0.581944 0.026562 0.169444 -0.003125 0.000694 1.000000
0 17 0.521484 0.581944 0.027344 0.169444 -0.003516 0.000000 1.000000
0 18 0.517969 0.581944 0.026562 0.169444 -0.003516 0.000000 1.000000
0 19 0.514844 0.581944 0.026562 0.169444 -0.003125 0.000000 1.000000
0 20 0.511328 0.581944 0.025781 0.169444 -0.003516 0.000000 1.000000
0 21 0.507812 0.581944 0.025000 0.169444 -0.003516 0.000000 1.000000
0 22 0.503906 0.581944 0.025000 0.169444 -0.003906 0.000000 1.000000
0 23 0.500781 0.581944 0.025000 0.169444 -0.003125 0.000000 1.000000
0 24 0.498047 0.582639 0.024219 0.170833 -0.002734 0.000694 1.000000
0 25 0.494922 0.582639 0.025781 0.168056 -0.003125 0.000000 1.000000
0 26 0.492188 0.583333 0.026562 0.169444 -0.002734 0.000694 1.000000
0 27 0.489453 0.584028 0.027344 0.170833 -0.002734 0.000694 1.000000
0 28 0.487109 0.584722 0.027344 0.169444 -0.002344 0.000694 1.000000
0 29 0.483984 0.584722 0.027344 0.169444 -0.003125 0.000000 1.000000
0 30 0.481250 0.586111 0.028125 0.169444 -0.002734 0.001389 1.000000
0 31 0.478125 0.587500 0.028125 0.169444 -0.003125 0.001389 1.000000
0 32 0.474219 0.588194 0.028125 0.170833 -0.003906 0.000694 1.000000
0 33 0.469922 0.588889 0.027344 0.169444 -0.004297 0.000694 1.000000
0 34 0.466406 0.589583 0.028125 0.168056 -0.003516 0.000694 1.000000
0 35 0.461719 0.590278 0.026562 0.169444 -0.004687 0.000694 1.000000
0 36 0.457813 0.590972 0.026562 0.170833 -0.003906 0.000694 1.000000
0 37 0.453516 0.590278 0.027344 0.169444 -0.004297 -0.000694 1.000000
0 38 0.449219 0.590278 0.026562 0.169444 -0.004297 0.000000 1.000000
0 39 0.444531 0.591667 0.026562 0.169444 -0.004687 0.001389 1.000000
0 40 0.439453 0.591667 0.027344 0.169444 -0.005078 0.000000 1.000000
0 41 0.434375 0.591667 0.028125 0.169444 -0.005078 0.000000 1.000000
0 42 0.428516 0.593056 0.027344 0.169444 -0.005859 0.001389 1.000000
0 43 0.422656 0.594444 0.028125 0.169444 -0.005859 0.001389 1.000000
0 44 0.417187 0.595139 0.028125 0.170833 -0.005469 0.000694 1.000000
0 45 0.410938 0.595833 0.026562 0.169444 -0.006250 0.000694 1.000000
0 46 0.403906 0.597222 0.028125 0.169444 -0.007031 0.001389 1.000000
0 47 0.397266 0.598611 0.027344 0.169444 -0.006641 0.001389 1.000000
0 48 0.388672 0.601389 0.027344 0.169444 -0.008594 0.002778 1.000000
0 49 0.381250 0.602083 0.028125 0.168056 -0.007422 0.000694 1.000000
0 50 0.372656 0.605556 0.028125 0.169444 -0.008594 0.003472 1.000000
0 51 0.362891 0.608333 0.028906 0.169444 -0.009766 0.002778 1.000000
0 52 0.353125 0.610417 0.028125 0.170833 -0.009766 0.002083 1.000000
0 53 0.340625 0.613194 0.031250 0.170833 -0.012500 0.002778 1.000000
0 54 0.327734 0.616667 0.032031 0.169444 -0.012891 0.003472 1.000000
0 55 0.314453 0.620139 0.032031 0.170833 -0.013281 0.003472 1.000000
0 56 0.300391 0.622917 0.032031 0.168056 -0.014063 0.002778 1.000000
0 57 0.285156 0.625000 0.031250 0.172222 -0.015234 0.002083 1.000000
0 58 0.271875 0.627083 0.029687 0.170833 -0.013281 0.002083 1.000000
0 59 0.254297 0.629167 0.033594 0.172222 -0.017578 0.002083 1.000000
0 60 0.239453 0.631944 0.030469 0.169444 -0.014844 0.002778 1.000000
0 61 0.221875 0.633333 0.031250 0.172222 -0.017578 0.001389 1.000000
0 62 0.206250 0.634722 0.032813 0.172222 -0.015625 0.001389 1.000000
0 63 0.191797 0.635417 0.032031 0.173611 -0.014453 0.000694 1.000000
0 64 0.177734 0.637500 0.030469 0.172222 -0.014063 0.002083 1.000000
0 65 0.164453 0.638194 0.030469 0.173611 -0.013281 0.000694 1.000000
0 66 0.151172 0.640972 0.030469 0.173611 -0.013281 0.002778 1.000000
0 67 0.137891 0.642361 0.033594 0.173611 -0.013281 0.001389 1.000000
0 68 0.126953 0.644444 0.033594 0.175000 -0.010937 0.002083 1.000000
0 69 0.116406 0.645833 0.032813 0.175000 -0.010547 0.001389 1.000000
0 70 0.107031 0.647917 0.032813 0.173611 -0.009375 0.002083 1.000000
0 71 0.099219 0.649306 0.032813 0.176389 -0.007812 0.001389 1.000000
0 72 0.091797 0.650000 0.032031 0.175000 -0.007422 0.000694 1.000000
0 73 0.085547 0.650000 0.030469 0.175000 -0.006250 0.000000 1.000000
0 74 0.080469 0.650694 0.029687 0.176389 -0.005078 0.000694 1.000000
0 75 0.075000 0.652083 0.031250 0.176389 -0.005469 0.001389 1.000000
0 76 0.071484 0.652083 0.030469 0.176389 -0.003516 0.000000 1.000000
0 77 0.068359 0.653472 0.030469 0.176389 -0.003125 0.001389 1.000000
0 78 0.064844 0.654167 0.029687 0.177778 -0.003516 0.000694 1.000000
0 79 0.062109 0.654861 0.030469 0.176389 -0.002734 0.000694 1.000000
0 80 0.061328 0.655556 0.028906 0.175000 -0.000781 0.000694 1.000000
0 81 0.059766 0.654861 0.030469 0.176389 -0.001563 -0.000694 1.000000
0 82 0.059766 0.654861 0.030469 0.176389 0.000000 0.000000 1.000000
0 83 0.060156 0.654861 0.029687 0.176389 0.000391 0.000000 1.000000
0 84 0.060156 0.654861 0.029687 0.176389 0.000000 0.000000 1.000000
0 85 0.061719 0.654861 0.029687 0.176389 0.001563 0.000000 1.000000
0 86 0.064844 0.654861 0.029687 0.176389 0.003125 0.000000 1.000000
0 87 0.066797 0.654167 0.030469 0.175000 0.001953 -0.000694 1.000000
0 88 0.068359 0.654861 0.032031 0.173611 0.001563 0.000694 1.000000
0 89 0.070312 0.655556 0.032813 0.172222 0.001953 0.000694 1.000000
0 90 0.072656 0.656250 0.032813 0.170833 0.002344 0.000694 1.000000
0 91 0.076172 0.655556 0.035156 0.169444 0.003516 -0.000694 1.000000
0 92 0.079687 0.655556 0.037500 0.169444 0.003516 0.000000 1.000000
0 93 0.082422 0.654861 0.038281 0.168056 0.002734 -0.000694 1.000000
0 94 0.084375 0.653472 0.037500 0.168056 0.001953 -0.001389 1.000000
0 95 0.086328 0.653472 0.035156 0.165278 0.001953 0.000000 1.000000
0 96 0.087891 0.652778 0.033594 0.163889 0.001563 -0.000694 1.000000
0 97 0.091406 0.652778 0.034375 0.158333 0.003516 0.000000 1.000000
0 98 0.094531 0.652778 0.035937 0.158333 0.003125 0.000000 1.000000
0 99 0.097656 0.651389 0.039062 0.152778 0.003125 -0.001389 1.000000
0 100 0.101172 0.652083 0.039844 0.151389 0.003516 0.000694 1.000000
0 101 0.103906 0.652083 0.042188 0.148611 0.002734 0.000000 1.000000
0 102 0.106641 0.654167 0.042969 0.147222 0.002734 0.002083 1.000000
0 103 0.109375 0.654861 0.043750 0.143056 0.002734 0.000694 1.000000
0 104 0.111719 0.655556 0.043750 0.141667 0.002344 0.000694 1.000000
0 105 0.114453 0.656944 0.044531 0.138889 0.002734 0.001389 1.000000
0 106 0.117188 0.657639 0.045312 0.134722 0.002734 0.000694 1.000000
0 107 0.119922 0.657639 0.044531 0.131944 0.002734 0.000000 1.000000
0 108 0.121484 0.659722 0.046094 0.127778 0.001563 0.002083 1.000000
0 109 0.124609 0.659722 0.047656 0.125000 0.003125 0.000000 1.000000
0 110 0.127344 0.660417 0.046875 0.123611 0.002734 0.000694 1.000000
0 111 0.130859 0.661111 0.046094 0.119444 0.003516 0.000694 1.000000
0 112 0.133594 0.660417 0.046875 0.118056 0.002734 -0.000694 1.000000
0 113 0.137109 0.660417 0.046094 0.118056 0.003516 0.000000 1.000000
0 114 0.140625 0.659722 0.046875 0.119444 0.003516 -0.000694 1.000000
0 115 0.143750 0.657639 0.046875 0.118056 0.003125 -0.002083 1.000000
0 116 0.147266 0.656944 0.046094 0.119444 0.003516 -0.000694 1.000000
0 117 0.150000 0.655556 0.045312 0.119444 0.002734 -0.001389 1.000000
0 118 0.153125 0.654167 0.045312 0.122222 0.003125 -0.001389 1.000000
0 119 0.156250 0.653472 0.045312 0.120833 0.003125 -0.000694 1.000000
0 120 0.159375 0.652778 0.045312 0.122222 0.003125 -0.000694 1.000000
0 121 0.162891 0.652083 0.046094 0.123611 0.003516 -0.000694 1.000000
0 122 0.166016 0.650694 0.046094 0.123611 0.003125 -0.001389 1.000000
0 123 0.168750 0.650000 0.046875 0.125000 0.002734 -0.000694 1.000000
0 124 0.172656 0.649306 0.046875 0.126389 0.003906 -0.000694 1.000000
0 125 0.175781 0.649306 0.046875 0.126389 0.003125 0.000000 1.000000
0 126 0.179688 0.647917 0.046875 0.126389 0.003906 -0.001389 1.000000
0 127 0.183984 0.646528 0.047656 0.129167 0.004297 -0.001389 1.000000
0 128 0.188281 0.644444 0.046875 0.127778 0.004297 -0.002083 1.000000
0 129 0.193750 0.642361 0.046875 0.129167 0.005469 -0.002083 1.000000
0 130 0.199219 0.641667 0.046875 0.130556 0.005469 -0.000694 1.000000
0 131 0.204687 0.640972 0.046875 0.131944 0.005469 -0.000694 1.000000
0 132 0.210156 0.638889 0.045312 0.130556 0.005469 -0.002083 1.000000
0 133 0.214453 0.638194 0.041406 0.129167 0.004297 -0.000694 1.000000
0 134 0.221094 0.637500 0.040625 0.130556 0.006641 -0.000694 1.000000
0 135 0.225781 0.636806 0.042188 0.131944 0.004687 -0.000694 1.000000
0 136 0.231250 0.633333 0.043750 0.130556 0.005469 -0.003472 1.000000
0 137 0.235937 0.630556 0.045312 0.130556 0.004687 -0.002778 1.000000
0 138 0.243359 0.628472 0.046094 0.131944 0.007422 -0.002083 1.000000
0 139 0.250781 0.624306 0.048438 0.134722 0.007422 -0.004167 1.000000
0 140 0.256641 0.625000 0.044531 0.141667 0.005859 0.000694 1.000000
0 141 0.260547 0.623611 0.041406 0.141667 0.003906 -0.001389 1.000000
0 142 0.265234 0.623611 0.039844 0.141667 0.004687 0.000000 1.000000
0 143 0.270313 0.623611 0.039062 0.141667 0.005078 0.000000 1.000000
0 144 0.275781 0.625000 0.039062 0.141667 0.005469 0.001389 1.000000
0 145 0.280469 0.627083 0.039062 0.143056 0.004687 0.002083 1.000000
0 146 0.285938 0.625000 0.039062 0.136111 0.005469 -0.002083 1.000000
0 147 0.291016 0.622917 0.038281 0.131944 0.005078 -0.002083 1.000000
0 148 0.296875 0.622222 0.050000 0.136111 0.005859 -0.000694 1.000000
0 149 0.298438 0.621528 0.051562 0.140278 0.001563 -0.000694 1.000000
0 150 0.300781 0.611111 0.050000 0.133333 0.002344 -0.010417 1.000000
0 151 0.304297 0.605556 0.044531 0.133333 0.003516 -0.005556 1.000000
0 152 0.308203 0.597917 0.039844 0.131944 0.003906 -0.007639 1.000000
0 153 0.310156 0.593056 0.040625 0.133333 0.001953 -0.004861 1.000000
0 154 0.310937 0.586111 0.048438 0.127778 0.000781 -0.006944 1.000000
0 155 0.310156 0.581250 0.050000 0.129167 -0.000781 -0.004861 1.000000
0 156 0.309766 0.575694 0.052344 0.126389 -0.000391 -0.005556 1.000000
0 157 0.309375 0.572222 0.054688 0.122222 -0.000391 -0.003472 1.000000
0 158 0.309766 0.571528 0.057031 0.123611 0.000391 -0.000694 1.000000
0 159 0.310156 0.574306 0.057813 0.126389 0.000391 0.002778 1.000000
0 160 0.310156 0.577778 0.057813 0.127778 0.000000 0.003472 1.000000
0 161 0.310156 0.579167 0.057813 0.125000 0.000000 0.001389 1.000000
0 162 0.312500 0.580556 0.059375 0.122222 0.002344 0.001389 1.000000
0 163 0.314063 0.581250 0.059375 0.123611 0.001563 0.000694 1.000000
0 164 0.316406 0.579167 0.060937 0.127778 0.002344 -0.002083 1.000000
0 165 0.318750 0.575694 0.060937 0.134722 0.002344 -0.003472 1.000000
0 166 0.321484 0.572222 0.060156 0.141667 0.002734 -0.003472 1.000000
0 167 0.325000 0.567361 0.059375 0.151389 0.003516 -0.004861 1.000000
0 168 0.330078 0.558333 0.063281 0.166667 0.005078 -0.009028 1.000000
0 169 0.333984 0.557639 0.058594 0.165278 0.003906 -0.000694 1.000000
0 170 0.342187 0.543750 0.062500 0.184722 0.008203 -0.013889 1.000000
0 171 0.349219 0.540972 0.064062 0.179167 0.007031 -0.002778 1.000000
0 172 0.356641 0.540972 0.063281 0.170833 0.007422 0.000000 1.000000
0 173 0.364453 0.540972 0.061719 0.165278 0.007812 0.000000 1.000000
0 174 0.371484 0.544444 0.058594 0.161111 0.007031 0.003472 1.000000
0 175 0.378906 0.543750 0.054688 0.162500 0.007422 -0.000694 1.000000
0 176 0.384766 0.544444 0.055469 0.161111 0.005859 0.000694 1.000000
0 177 0.386719 0.542361 0.051562 0.159722 0.001953 -0.002083 1.000000
0 178 0.387500 0.539583 0.046875 0.159722 0.000781 -0.002778 1.000000
0 179 0.387109 0.537500 0.042969 0.155556 -0.000391 -0.002083 1.000000
0 180 0.385547 0.536111 0.039844 0.152778 -0.001563 -0.001389 1.000000
0 181 0.384766 0.535417 0.038281 0.148611 -0.000781 -0.000694 1.000000
0 182 0.383594 0.537500 0.037500 0.144444 -0.001172 0.002083 1.000000
0 183 0.381250 0.539583 0.039062 0.140278 -0.002344 0.002083 1.000000
0 184 0.378516 0.542361 0.044531 0.137500 -0.002734 0.002778 1.000000
0 185 0.376172 0.544444 0.049219 0.130556 -0.002344 0.002083 1.000000
0 186 0.373828 0.545139 0.052344 0.129167 -0.002344 0.000694 1.000000
0 187 0.369531 0.545139 0.054688 0.129167 -0.004297 0.000000 1.000000
0 188 0.364453 0.545139 0.053906 0.129167 -0.005078 0.000000 1.000000
0 189 0.359375 0.544444 0.054688 0.130556 -0.005078 -0.000694 1.000000
0 190 0.355078 0.544444 0.053906 0.133333 -0.004297 0.000000 1.000000
0 191 0.350391 0.542361 0.053906 0.137500 -0.004687 -0.002083 1.000000
0 192 0.346094 0.541667 0.053125 0.141667 -0.004297 -0.000694 1.000000
0 193 0.341797 0.539583 0.050781 0.145833 -0.004297 -0.002083 1.000000
0 194 0.339453 0.538194 0.047656 0.148611 -0.002344 -0.001389 1.000000
0 195 0.337109 0.537500 0.044531 0.150000 -0.002344 -0.000694 1.000000
0 196 0.334375 0.538889 0.039062 0.152778 -0.002734 0.001389 1.000000
0 197 0.332422 0.541667 0.035156 0.152778 -0.001953 0.002778 1.000000
0 198 0.325391 0.546528 0.038281 0.156944 -0.007031 0.004861 1.000000
0 199 0.319922 0.550694 0.041406 0.154167 -0.005469 0.004167 1.000000
0 200 0.312891 0.554167 0.044531 0.152778 -0.007031 0.003472 1.000000
0 201 0.308984 0.555556 0.050781 0.150000 -0.003906 0.001389 1.000000
0 202 0.305078 0.556944 0.053906 0.150000 -0.003906 0.001389 1.000000
0 203 0.300391 0.557639 0.052344 0.151389 -0.004687 0.000694 1.000000
0 204 0.296875 0.558333 0.048438 0.152778 -0.003516 0.000694 1.000000
0 205 0.292969 0.558333 0.042188 0.155556 -0.003906 0.000000 1.000000
0 206 0.291016 0.557639 0.038281 0.156944 -0.001953 -0.000694 1.000000
0 207 0.288672 0.556250 0.033594 0.162500 -0.002344 -0.001389 1.000000
0 208 0.288281 0.555556 0.029687 0.163889 -0.000391 -0.000694 1.000000
0 209 0.287500 0.554861 0.025000 0.165278 -0.000781 -0.000694 1.000000
0 210 0.286328 0.556944 0.024219 0.166667 -0.001172 0.002083 1.000000
0 211 0.285156 0.558333 0.031250 0.163889 -0.001172 0.001389 1.000000
0 212 0.283984 0.559722 0.041406 0.161111 -0.001172 0.001389 1.000000
0 213 0.283203 0.561111 0.050781 0.158333 -0.000781 0.001389 1.000000
0 214 0.280859 0.562500 0.057031 0.158333 -0.002344 0.001389 1.000000
0 215 0.277734 0.562500 0.060156 0.158333 -0.003125 0.000000 1.000000
0 216 0.277734 0.562500 0.060156 0.158333 0.000000 0.000000 1.000000
0 217 0.274219 0.562500 0.057813 0.158333 -0.003516 0.000000 1.000000
0 218 0.269141 0.559722 0.047656 0.161111 -0.005078 -0.002778 1.000000
0 219 0.266797 0.557639 0.042969 0.159722 -0.002344 -0.002083 1.000000
0 220 0.265234 0.555556 0.036719 0.163889 -0.001563 -0.002083 1.000000
0 221 0.263672 0.554861 0.028906 0.165278 -0.001563 -0.000694 1.000000
0 222 0.262891 0.556250 0.024219 0.168056 -0.000781 0.001389 1.000000
0 223 0.261719 0.556944 0.025000 0.166667 -0.001172 0.000694 1.000000
0 224 0.261328 0.559028 0.028906 0.165278 -0.000391 0.002083 1.000000
0 225 0.260937 0.560417 0.039062 0.162500 -0.000391 0.001389 1.000000
0 226 0.261328 0.563194 0.047656 0.159722 0.000391 0.002778 1.000000
0 227 0.260156 0.565278 0.054688 0.158333 -0.001172 0.002083 1.000000
0 228 0.257812 0.566667 0.059375 0.155556 -0.002344 0.001389 1.000000
0 229 0.253516 0.566667 0.061719 0.155556 -0.004297 0.000000 1.000000
0 230 0.250781 0.568056 0.060937 0.155556 -0.002734 0.001389 1.000000
0 231 0.248438 0.567361 0.056250 0.154167 -0.002344 -0.000694 1.000000
0 232 0.245703 0.568056 0.050781 0.152778 -0.002734 0.000694 1.000000
0 233 0.243750 0.568056 0.045312 0.152778 -0.001953 0.000000 1.000000
0 234 0.241016 0.568056 0.038281 0.155556 -0.002734 0.000000 1.000000
0 235 0.239453 0.568056 0.030469 0.158333 -0.001563 0.000000 1.000000
0 236 0.239453 0.568056 0.028906 0.158333 0.000000 0.000000 1.000000
0 237 0.237500 0.568056 0.031250 0.158333 -0.001953 0.000000 1.000000
0 238 0.233203 0.568056 0.035156 0.158333 -0.004297 0.000000 1.000000
0 239 0.229297 0.569444 0.039844 0.161111 -0.003906 0.001389 1.000000
0 240 0.226562 0.570139 0.045312 0.159722 -0.002734 0.000694 1.000000
0 241 0.220312 0.570833 0.046875 0.161111 -0.006250 0.000694 1.000000
0 242 0.214844 0.571528 0.046875 0.159722 -0.005469 0.000694 1.000000
0 243 0.210156 0.571528 0.042188 0.159722 -0.004687 0.000000 1.000000
0 244 0.205078 0.570139 0.038281 0.154167 -0.005078 -0.001389 1.000000
0 245 0.201172 0.570139 0.030469 0.154167 -0.003906 0.000000 1.000000
0 246 0.197656 0.570139 0.028125 0.154167 -0.003516 0.000000 1.000000
0 247 0.193750 0.570139 0.029687 0.154167 -0.003906 0.000000 1.000000
0 248 0.190625 0.570139 0.032813 0.154167 -0.003125 0.000000 1.000000
0 249 0.188672 0.570139 0.036719 0.154167 -0.001953 0.000000 1.000000
0 250 0.183203 0.570833 0.036719 0.155556 -0.005469 0.000694 1.000000
0 251 0.178516 0.570139 0.033594 0.156944 -0.004687 -0.000694 1.000000
0 252 0.173828 0.570833 0.030469 0.158333 -0.004687 0.000694 1.000000
0 253 0.170313 0.570833 0.029687 0.158333 -0.003516 0.000000 1.000000
0 254 0.167187 0.572917 0.029687 0.159722 -0.003125 0.002083 1.000000
0 255 0.164844 0.574306 0.031250 0.156944 -0.002344 0.001389 1.000000
0 256 0.164062 0.577778 0.032813 0.155556 -0.000781 0.003472 1.000000
0 257 0.163281 0.581250 0.035937 0.154167 -0.000781 0.003472 1.000000
0 258 0.163672 0.584028 0.039844 0.151389 0.000391 0.002778 1.000000
0 259 0.163672 0.586111 0.042969 0.150000 0.000000 0.002083 1.000000
0 260 0.162891 0.587500 0.042969 0.150000 -0.000781 0.001389 1.000000
0 261 0.160938 0.588194 0.043750 0.148611 -0.001953 0.000694 1.000000
0 262 0.159375 0.588889 0.042188 0.150000 -0.001563 0.000694 1.000000
0 263 0.157422 0.588889 0.041406 0.150000 -0.001953 0.000000 1.000000
0 264 0.155078 0.588194 0.039844 0.151389 -0.002344 -0.000694 1.000000
0 265 0.152734 0.586806 0.041406 0.154167 -0.002344 -0.001389 1.000000
0 266 0.150391 0.585417 0.041406 0.156944 -0.002344 -0.001389 1.000000
0 267 0.147656 0.584028 0.042188 0.159722 -0.002734 -0.001389 1.000000
0 268 0.143750 0.585417 0.042188 0.162500 -0.003906 0.001389 1.000000
0 269 0.138281 0.587500 0.040625 0.163889 -0.005469 0.002083 1.000000
0 270 0.132031 0.589583 0.035937 0.165278 -0.006250 0.002083 1.000000
0 271 0.128125 0.593750 0.035937 0.165278 -0.003906 0.004167 1.000000
0 272 0.125781 0.597222 0.037500 0.163889 -0.002344 0.003472 1.000000
0 273 0.123047 0.599306 0.038281 0.162500 -0.002734 0.002083 1.000000
0 274 0.119922 0.602083 0.041406 0.165278 -0.003125 0.002778 1.000000
0 275 0.116016 0.603472 0.044531 0.165278 -0.003906 0.001389 1.000000
0 276 0.113281 0.604861 0.046875 0.165278 -0.002734 0.001389 1.000000
0 277 0.109766 0.606250 0.049219 0.165278 -0.003516 0.001389 1.000000
0 278 0.102734 0.606944 0.050781 0.163889 -0.007031 0.000694 1.000000
0 279 0.094531 0.606944 0.046875 0.163889 -0.008203 0.000000 1.000000
0 280 0.085547 0.607639 0.041406 0.162500 -0.008984 0.000694 1.000000
0 281 0.079297 0.607639 0.038281 0.162500 -0.006250 0.000000 1.000000
0 282 0.076172 0.608333 0.041406 0.163889 -0.003125 0.000694 1.000000
0 283 0.071094 0.611111 0.039062 0.166667 -0.005078 0.002778 1.000000
0 284 0.064062 0.613889 0.032813 0.166667 -0.007031 0.002778 1.000000
0 285 0.061719 0.616667 0.032813 0.163889 -0.002344 0.002778 1.000000
0 286 0.060937 0.620833 0.035937 0.166667 -0.000781 0.004167 1.000000
0 287 0.059766 0.623611 0.044531 0.166667 -0.001172 0.002778 1.000000
0 288 0.058984 0.625000 0.052344 0.169444 -0.000781 0.001389 1.000000
0 289 0.059766 0.625000 0.055469 0.169444 0.000781 0.000000 1.000000
0 290 0.060937 0.626389 0.053125 0.166667 0.001172 0.001389 1.000000
0 291 0.058203 0.625000 0.050781 0.166667 -0.002734 -0.001389 1.000000
0 292 0.053906 0.625000 0.045312 0.166667 -0.004297 0.000000 1.000000
0 293 0.050781 0.624306 0.039062 0.165278 -0.003125 -0.000694 1.000000
0 294 0.051562 0.623611 0.043750 0.163889 0.000781 -0.000694 1.000000
0 295 0.050781 0.625000 0.040625 0.163889 -0.000781 0.001389 1.000000
0 296 0.048438 0.627778 0.032813 0.163889 -0.002344 0.002778 1.000000
0 297 0.048828 0.627083 0.032031 0.159722 0.000391 -0.000694 1.000000
0 298 0.050781 0.631944 0.035937 0.163889 0.001953 0.004861 1.000000
0 299 0.051562 0.633333 0.048438 0.163889 0.000781 0.001389 1.000000
0 300 0.053516 0.634028 0.057031 0.165278 0.001953 0.000694 1.000000
0 301 0.057813 0.634028 0.060937 0.165278 0.004297 0.000000 1.000000
0 302 0.060937 0.633333 0.054688 0.163889 0.003125 -0.000694 1.000000
0 303 0.058984 0.632639 0.049219 0.162500 -0.001953 -0.000694 1.000000
0 304 0.055078 0.632639 0.041406 0.159722 -0.003906 0.000000 1.000000
0 305 0.053516 0.631250 0.041406 0.159722 -0.001563 -0.001389 1.000000
0 306 0.054297 0.631944 0.042969 0.158333 0.000781 0.000694 1.000000
0 307 0.052734 0.633333 0.039844 0.155556 -0.001563 0.001389 1.000000
0 308 0.051953 0.635417 0.035156 0.156944 -0.000781 0.002083 1.000000
0 309 0.051953 0.634722 0.035156 0.155556 0.000000 -0.000694 1.000000
0 310 0.051172 0.636111 0.039844 0.158333 -0.000781 0.001389 1.000000
0 311 0.051953 0.636806 0.050781 0.159722 0.000781 0.000694 1.000000
0 312 0.052734 0.636806 0.058594 0.162500 0.000781 0.000000 1.000000
0 313 0.053516 0.637500 0.058594 0.161111 0.000781 0.000694 1.000000
0 314 0.054297 0.636806 0.049219 0.162500 0.000781 -0.000694 1.000000
0 315 0.052344 0.635417 0.040625 0.162500 -0.001953 -0.001389 1.000000
0 316 0.051953 0.634028 0.039844 0.162500 -0.000391 -0.001389 1.000000
0 317 0.051562 0.631944 0.040625 0.161111 -0.000391 -0.002083 1.000000
0 318 0.051172 0.631944 0.041406 0.161111 -0.000391 0.000000 1.000000
0 319 0.048047 0.633333 0.047656 0.163889 -0.003125 0.001389 1.000000
0 320 0.044922 0.634722 0.053906 0.163889 -0.003125 0.001389 1.000000
0 321 0.042969 0.634722 0.057813 0.161111 -0.001953 0.000000 1.000000
0 322 0.042188 0.634722 0.059375 0.158333 -0.000781 0.000000 1.000000
0 323 0.043750 0.634722 0.065625 0.155556 0.001563 0.000000 1.000000
0 324 0.045312 0.634028 0.068750 0.154167 0.001563 -0.000694 1.000000
0 325 0.049609 0.632639 0.067969 0.154167 0.004297 -0.001389 1.000000
0 326 0.053516 0.629861 0.064844 0.154167 0.003906 -0.002778 1.000000
0 327 0.056641 0.627083 0.057031 0.156944 0.003125 -0.002778 1.000000
0 328 0.057813 0.623611 0.048438 0.158333 0.001172 -0.003472 1.000000
0 329 0.062891 0.622222 0.041406 0.163889 0.005078 -0.001389 1.000000
0 330 0.068359 0.620139 0.038281 0.162500 0.005469 -0.002083 1.000000
0 331 0.070312 0.618750 0.042188 0.162500 0.001953 -0.001389 1.000000
0 332 0.072266 0.616667 0.047656 0.161111 0.001953 -0.002083 1.000000
0 333 0.074609 0.615972 0.052344 0.159722 0.002344 -0.000694 1.000000
0 334 0.076563 0.615278 0.056250 0.155556 0.001953 -0.000694 1.000000
0 335 0.080469 0.615972 0.057813 0.151389 0.003906 0.000694 1.000000
0 336 0.084766 0.616667 0.060156 0.150000 0.004297 0.000694 1.000000
0 337 0.090234 0.619444 0.061719 0.150000 0.005469 0.002778 1.000000
0 338 0.095703 0.618750 0.064844 0.145833 0.005469 -0.000694 1.000000
0 339 0.100781 0.618056 0.067187 0.141667 0.005078 -0.000694 1.000000
0 340 0.107813 0.616667 0.068750 0.141667 0.007031 -0.001389 1.000000
0 341 0.113281 0.613889 0.065625 0.144444 0.005469 -0.002778 1.000000
0 342 0.116406 0.611111 0.057813 0.147222 0.003125 -0.002778 1.000000
0 343 0.121875 0.609028 0.054688 0.151389 0.005469 -0.002083 1.000000
0 344 0.129297 0.606944 0.052344 0.150000 0.007422 -0.002083 1.000000
0 345 0.136328 0.605556 0.049219 0.150000 0.007031 -0.001389 1.000000
0 346 0.141016 0.605556 0.050781 0.147222 0.004687 0.000000 1.000000
0 347 0.144922 0.608333 0.057031 0.150000 0.003906 0.002778 1.000000
0 348 0.144922 0.608333 0.057031 0.150000 0.000000 0.000000 1.000000
0 349 0.148438 0.610417 0.060937 0.145833 0.003516 0.002083 1.000000
0 350 0.160938 0.615278 0.064062 0.138889 0.012500 0.004861 1.000000
0 351 0.169531 0.615278 0.064062 0.138889 0.008594 0.000000 1.000000
0 352 0.179688 0.615278 0.062500 0.138889 0.010156 0.000000 1.000000
0 353 0.192969 0.614583 0.054688 0.137500 0.013281 -0.000694 1.000000
0 354 0.205469 0.613194 0.048438 0.137500 0.012500 -0.001389 1.000000
0 355 0.213281 0.610417 0.050000 0.143056 0.007812 -0.002778 1.000000
0 356 0.221094 0.608333 0.053125 0.147222 0.007812 -0.002083 1.000000
0 357 0.229687 0.602083 0.054688 0.154167 0.008594 -0.006250 1.000000
0 358 0.239844 0.597222 0.053125 0.161111 0.010156 -0.004861 1.000000
0 359 0.249609 0.588889 0.052344 0.152778 0.009766 -0.008333 1.000000
0 360 0.262891 0.583333 0.055469 0.144444 0.013281 -0.005556 1.000000
0 361 0.278125 0.584028 0.056250 0.148611 0.015234 0.000694 1.000000
0 362 0.290625 0.582639 0.065625 0.148611 0.012500 -0.001389 1.000000
0 363 0.297656 0.584028 0.071875 0.148611 0.007031 0.001389 1.000000
0 364 0.303125 0.584028 0.075000 0.151389 0.005469 0.000000 1.000000
0 365 0.307422 0.584722 0.074219 0.150000 0.004297 0.000694 1.000000
0 366 0.311719 0.579861 0.068750 0.143056 0.004297 -0.004861 1.000000
0 367 0.317969 0.579861 0.062500 0.143056 0.006250 0.000000 1.000000
0 368 0.323828 0.579861 0.050781 0.145833 0.005859 0.000000 1.000000
0 369 0.332031 0.577778 0.045312 0.144444 0.008203 -0.002083 1.000000
0 370 0.335547 0.577778 0.046094 0.147222 0.003516 0.000000 1.000000
0 371 0.337109 0.575694 0.049219 0.151389 0.001563 -0.002083 1.000000
0 372 0.341797 0.572222 0.053906 0.152778 0.004687 -0.003472 1.000000
0 373 0.346484 0.566667 0.055469 0.144444 0.004687 -0.005556 1.000000
0 374 0.348438 0.563889 0.046875 0.141667 0.001953 -0.002778 1.000000
0 375 0.353125 0.562500 0.040625 0.141667 0.004687 -0.001389 1.000000
0 376 0.360156 0.563194 0.031250 0.145833 0.007031 0.000694 1.000000
0 377 0.360547 0.561111 0.033594 0.144444 0.000391 -0.002083 1.000000
0 378 0.364453 0.560417 0.039844 0.143056 0.003906 -0.000694 1.000000
0 379 0.367188 0.559722 0.042188 0.138889 0.002734 -0.000694 1.000000
0 380 0.367969 0.560417 0.039062 0.137500 0.000781 0.000694 1.000000
0 381 0.364844 0.561111 0.034375 0.136111 -0.003125 0.000694 1.000000
0 382 0.362500 0.563194 0.034375 0.134722 -0.002344 0.002083 1.000000
0 383 0.364844 0.563889 0.042188 0.133333 0.002344 0.000694 1.000000
0 384 0.364844 0.566667 0.045312 0.133333 0.000000 0.002778 1.000000
0 385 0.360938 0.572917 0.042188 0.134722 -0.003906 0.006250 1.000000
0 386 0.355859 0.576389 0.039844 0.136111 -0.005078 0.003472 1.000000
0 387 0.351562 0.579861 0.039062 0.134722 -0.004297 0.003472 1.000000
0 388 0.350391 0.582639 0.044531 0.131944 -0.001172 0.002778 1.000000
0 389 0.347266 0.584722 0.046094 0.136111 -0.003125 0.002083 1.000000
0 390 0.342187 0.586111 0.043750 0.138889 -0.005078 0.001389 1.000000
0 391 0.337109 0.586111 0.042969 0.138889 -0.005078 0.000000 1.000000
0 392 0.331250 0.585417 0.042188 0.143056 -0.005859 -0.000694 1.000000
0 393 0.325781 0.583333 0.042188 0.147222 -0.005469 -0.002083 1.000000
0 394 0.320312 0.582639 0.042188 0.151389 -0.005469 -0.000694 1.000000
0 395 0.314453 0.581944 0.042969 0.152778 -0.005859 -0.000694 1.000000
0 396 0.307812 0.581944 0.042188 0.155556 -0.006641 0.000000 1.000000
0 397 0.300000 0.583333 0.037500 0.158333 -0.007812 0.001389 1.000000
0 398 0.292578 0.586111 0.033594 0.161111 -0.007422 0.002778 1.000000
0 399 0.287891 0.589583 0.033594 0.162500 -0.004687 0.003472 1.000000
0 400 0.283203 0.591667 0.035156 0.163889 -0.004687 0.002083 1.000000
0 401 0.278906 0.594444 0.037500 0.163889 -0.004297 0.002778 1.000000
0 402 0.273828 0.597917 0.039844 0.162500 -0.005078 0.003472 1.000000
0 403 0.268359 0.600000 0.038281 0.161111 -0.005469 0.002083 1.000000
0 404 0.262500 0.602083 0.037500 0.159722 -0.005859 0.002083 1.000000
0 405 0.255469 0.603472 0.032813 0.159722 -0.007031 0.001389 1.000000
0 406 0.247266 0.604167 0.039844 0.158333 -0.008203 0.000694 1.000000
0 407 0.242969 0.604861 0.039062 0.156944 -0.004297 0.000694 1.000000
0 408 0.237500 0.607639 0.040625 0.154167 -0.005469 0.002778 1.000000
0 409 0.232813 0.609722 0.042188 0.155556 -0.004687 0.002083 1.000000
0 410 0.229687 0.613194 0.040625 0.156944 -0.003125 0.003472 1.000000
0 411 0.226172 0.615278 0.039844 0.161111 -0.003516 0.002083 1.000000
0 412 0.222266 0.616667 0.039844 0.161111 -0.003906 0.001389 1.000000
0 413 0.219531 0.622222 0.039062 0.169444 -0.002734 0.005556 1.000000
0 414 0.216797 0.625000 0.044531 0.169444 -0.002734 0.002778 1.000000
0 415 0.215625 0.626389 0.050000 0.169444 -0.001172 0.001389 1.000000
0 416 0.213672 0.627083 0.055469 0.168056 -0.001953 0.000694 1.000000
0 417 0.211719 0.627778 0.057813 0.169444 -0.001953 0.000694 1.000000
0 418 0.208984 0.627083 0.058594 0.170833 -0.002734 -0.000694 1.000000
0 419 0.207031 0.627083 0.054688 0.170833 -0.001953 0.000000 1.000000
0 420 0.204687 0.626389 0.051562 0.172222 -0.002344 -0.000694 1.000000
0 421 0.201953 0.626389 0.049219 0.172222 -0.002734 0.000000 1.000000
0 422 0.200781 0.627778 0.046875 0.169444 -0.001172 0.001389 1.000000
0 423 0.200000 0.629861 0.040625 0.168056 -0.000781 0.002083 1.000000
0 424 0.200000 0.629167 0.034375 0.166667 0.000000 -0.000694 1.000000
0 425 0.198047 0.629167 0.030469 0.166667 -0.001953 0.000000 1.000000
0 426 0.195703 0.629167 0.035156 0.166667 -0.002344 0.000000 1.000000
0 427 0.193750 0.627778 0.039062 0.169444 -0.001953 -0.001389 1.000000
0 428 0.193750 0.626389 0.046875 0.166667 0.000000 -0.001389 1.000000
0 429 0.194141 0.626389 0.052344 0.169444 0.000391 0.000000 1.000000
0 430 0.192578 0.627083 0.055469 0.170833 -0.001563 0.000694 1.000000
0 431 0.189844 0.625694 0.057813 0.170833 -0.002734 -0.001389 1.000000
0 432 0.185938 0.624306 0.056250 0.168056 -0.003906 -0.001389 1.000000
0 433 0.183203 0.622222 0.050781 0.163889 -0.002734 -0.002083 1.000000
0 434 0.181641 0.620139 0.047656 0.159722 -0.001563 -0.002083 1.000000
0 435 0.179688 0.619444 0.040625 0.158333 -0.001953 -0.000694 1.000000
0 436 0.176953 0.618750 0.033594 0.159722 -0.002734 -0.000694 1.000000
0 437 0.176563 0.618056 0.028125 0.161111 -0.000391 -0.000694 1.000000
0 438 0.175391 0.617361 0.033594 0.162500 -0.001172 -0.000694 1.000000
0 439 0.175000 0.616667 0.040625 0.163889 -0.000391 -0.000694 1.000000
0 440 0.171094 0.616667 0.039062 0.163889 -0.003906 0.000000 1.000000
0 441 0.166406 0.618056 0.042188 0.166667 -0.004687 0.001389 1.000000
0 442 0.161328 0.618056 0.044531 0.166667 -0.005078 0.000000 1.000000
0 443 0.157812 0.618056 0.043750 0.169444 -0.003516 0.000000 1.000000
0 444 0.153516 0.615972 0.041406 0.170833 -0.004297 -0.002083 1.000000
0 445 0.150000 0.613889 0.039062 0.169444 -0.003516 -0.002083 1.000000
0 446 0.146484 0.609722 0.035156 0.169444 -0.003516 -0.004167 1.000000
0 447 0.142969 0.606944 0.035937 0.169444 -0.003516 -0.002778 1.000000
0 448 0.138672 0.604861 0.035156 0.170833 -0.004297 -0.002083 1.000000
0 449 0.136328 0.602778 0.033594 0.172222 -0.002344 -0.002083 1.000000
0 450 0.135547 0.602083 0.035156 0.168056 -0.000781 -0.000694 1.000000
0 451 0.139453 0.602083 0.042969 0.165278 0.003906 0.000000 1.000000
0 452 0.143359 0.602778 0.047656 0.161111 0.003906 0.000694 1.000000
0 453 0.146094 0.604167 0.051562 0.158333 0.002734 0.001389 1.000000
0 454 0.146875 0.608333 0.053125 0.158333 0.000781 0.004167 1.000000
0 455 0.147656 0.608333 0.053125 0.155556 0.000781 0.000000 1.000000
0 456 0.150000 0.608333 0.053125 0.155556 0.002344 0.000000 1.000000
0 457 0.153906 0.608333 0.053125 0.155556 0.003906 0.000000 1.000000
0 458 0.158594 0.606250 0.053125 0.156944 0.004687 -0.002083 1.000000
0 459 0.164453 0.603472 0.052344 0.159722 0.005859 -0.002778 1.000000
0 460 0.170703 0.600694 0.052344 0.162500 0.006250 -0.002778 1.000000
0 461 0.178516 0.597917 0.052344 0.162500 0.007812 -0.002778 1.000000
0 462 0.186719 0.596528 0.050000 0.165278 0.008203 -0.001389 1.000000
0 463 0.196484 0.595833 0.047656 0.163889 0.009766 -0.000694 1.000000
0 464 0.205859 0.595139 0.046094 0.165278 0.009375 -0.000694 1.000000
0 465 0.215625 0.593750 0.043750 0.165278 0.009766 -0.001389 1.000000
