0 1 0.975781 0.740278 0.046875 0.205556 0.000000 0.000000 1.000000
0 2 0.975781 0.740972 0.045312 0.204167 0.000000 0.000694 1.000000
0 3 0.975000 0.740972 0.045312 0.204167 -0.000781 0.000000 1.000000
0 4 0.973437 0.739583 0.045312 0.204167 -0.001563 -0.001389 1.000000
0 5 0.971875 0.739583 0.045312 0.204167 -0.001563 0.000000 1.000000
0 6 0.970313 0.738889 0.045312 0.202778 -0.001563 -0.000694 1.000000
0 7 0.968359 0.738889 0.046094 0.202778 -0.001953 0.000000 1.000000
0 8 0.966016 0.738889 0.046094 0.202778 -0.002344 0.000000 1.000000
0 9 0.963672 0.738194 0.046094 0.204167 -0.002344 -0.000694 1.000000
0 10 0.960938 0.736806 0.045312 0.204167 -0.002734 -0.001389 1.000000
0 11 0.957812 0.736111 0.045312 0.202778 -0.003125 -0.000694 1.000000
0 12 0.954688 0.736111 0.045312 0.202778 -0.003125 0.000000 1.000000
0 13 0.951562 0.736111 0.045312 0.202778 -0.003125 0.000000 1.000000
0 14 0.948438 0.734028 0.045312 0.204167 -0.003125 -0.002083 1.000000
0 15 0.944922 0.733333 0.044531 0.202778 -0.003516 -0.000694 1.000000
0 16 0.941406 0.733333 0.043750 0.202778 -0.003516 0.000000 1.000000
0 17 0.937500 0.733333 0.045312 0.202778 -0.003906 0.000000 1.000000
0 18 0.933594 0.732639 0.043750 0.204167 -0.003906 -0.000694 1.000000
0 19 0.930469 0.731250 0.043750 0.204167 -0.003125 -0.001389 1.000000
0 20 0.926953 0.730556 0.042969 0.202778 -0.003516 -0.000694 1.000000
0 21 0.922266 0.730556 0.044531 0.202778 -0.004687 0.000000 1.000000
0 22 0.918359 0.729861 0.044531 0.201389 -0.003906 -0.000694 1.000000
0 23 0.915234 0.729167 0.042969 0.200000 -0.003125 -0.000694 1.000000
0 24 0.912109 0.728472 0.041406 0.201389 -0.003125 -0.000694 1.000000
0 25 0.908984 0.728472 0.041406 0.201389 -0.003125 0.000000 1.000000
0 26 0.904687 0.727778 0.043750 0.200000 -0.004297 -0.000694 1.000000
0 27 0.901563 0.727778 0.043750 0.200000 -0.003125 0.000000 1.000000
0 28 0.898047 0.727778 0.042969 0.200000 -0.003516 0.000000 1.000000
0 29 0.894922 0.727778 0.042969 0.200000 -0.003125 0.000000 1.000000
0 30 0.891406 0.727778 0.042188 0.200000 -0.003516 0.000000 1.000000
0 31 0.887891 0.727778 0.041406 0.200000 -0.003516 0.000000 1.000000
0 32 0.883594 0.728472 0.042188 0.198611 -0.004297 0.000694 1.000000
0 33 0.880078 0.729861 0.041406 0.198611 -0.003516 0.001389 1.000000
0 34 0.875391 0.728472 0.041406 0.198611 -0.004687 -0.001389 1.000000
0 35 0.871484 0.729167 0.041406 0.200000 -0.003906 0.000694 1.000000
0 36 0.866797 0.729167 0.041406 0.200000 -0.004687 0.000000 1.000000
0 37 0.862109 0.728472 0.041406 0.198611 -0.004687 -0.000694 1.000000
0 38 0.857812 0.727083 0.040625 0.198611 -0.004297 -0.001389 1.000000
0 39 0.853125 0.725694 0.040625 0.198611 -0.004687 -0.001389 1.000000
0 40 0.847266 0.726389 0.041406 0.200000 -0.005859 0.000694 1.000000
0 41 0.842187 0.726389 0.040625 0.200000 -0.005078 0.000000 1.000000
0 42 0.836328 0.726389 0.041406 0.200000 -0.005859 0.000000 1.000000
0 43 0.830859 0.726389 0.041406 0.200000 -0.005469 0.000000 1.000000
0 44 0.824609 0.726389 0.039844 0.200000 -0.006250 0.000000 1.000000
0 45 0.817578 0.726389 0.041406 0.200000 -0.007031 0.000000 1.000000
0 46 0.809766 0.726389 0.039844 0.200000 -0.007812 0.000000 1.000000
0 47 0.801953 0.727083 0.038281 0.198611 -0.007812 0.000694 1.000000
0 48 0.793750 0.728472 0.039062 0.198611 -0.008203 0.001389 1.000000
0 49 0.785937 0.728472 0.039062 0.198611 -0.007812 0.000000 1.000000
0 50 0.778125 0.729861 0.039062 0.198611 -0.007812 0.001389 1.000000
0 51 0.767969 0.729861 0.037500 0.195833 -0.010156 0.000000 1.000000
0 52 0.756250 0.731250 0.035937 0.195833 -0.011719 0.001389 1.000000
0 53 0.744922 0.730556 0.036719 0.197222 -0.011328 -0.000694 1.000000
0 54 0.732422 0.730556 0.036719 0.197222 -0.012500 0.000000 1.000000
0 55 0.717969 0.731944 0.039062 0.200000 -0.014453 0.001389 1.000000
0 56 0.702734 0.733333 0.038281 0.194444 -0.015234 0.001389 1.000000
0 57 0.688672 0.734028 0.038281 0.193056 -0.014063 0.000694 1.000000
0 58 0.673047 0.733333 0.039844 0.188889 -0.015625 -0.000694 1.000000
0 59 0.656250 0.734722 0.042188 0.188889 -0.016797 0.001389 1.000000
0 60 0.642188 0.734722 0.042188 0.188889 -0.014063 0.000000 1.000000
0 61 0.626953 0.733333 0.044531 0.191667 -0.015234 -0.001389 1.000000
0 62 0.612891 0.730556 0.044531 0.191667 -0.014063 -0.002778 1.000000
0 63 0.598828 0.728472 0.044531 0.195833 -0.014063 -0.002083 1.000000
0 64 0.585938 0.723611 0.045312 0.194444 -0.012891 -0.004861 1.000000
0 65 0.575000 0.720833 0.043750 0.194444 -0.010937 -0.002778 1.000000
0 66 0.564063 0.718750 0.043750 0.190278 -0.010937 -0.002083 1.000000
0 67 0.555078 0.718750 0.044531 0.190278 -0.008984 0.000000 1.000000
0 68 0.546484 0.720833 0.047656 0.188889 -0.008594 0.002083 1.000000
0 69 0.539062 0.722917 0.053125 0.187500 -0.007422 0.002083 1.000000
0 70 0.533594 0.722222 0.059375 0.186111 -0.005469 -0.000694 1.000000
0 71 0.529297 0.720833 0.061719 0.188889 -0.004297 -0.001389 1.000000
0 72 0.522656 0.718056 0.060937 0.188889 -0.006641 -0.002778 1.000000
0 73 0.516797 0.713889 0.058594 0.191667 -0.005859 -0.004167 1.000000
0 74 0.514453 0.708333 0.053906 0.188889 -0.002344 -0.005556 1.000000
0 75 0.512891 0.702778 0.047656 0.183333 -0.001563 -0.005556 1.000000
0 76 0.513672 0.697917 0.042969 0.179167 0.000781 -0.004861 1.000000
0 77 0.512891 0.695139 0.041406 0.181944 -0.000781 -0.002778 1.000000
0 78 0.510547 0.691667 0.042969 0.186111 -0.002344 -0.003472 1.000000
0 79 0.508594 0.688194 0.043750 0.190278 -0.001953 -0.003472 1.000000
0 80 0.507812 0.684722 0.043750 0.194444 -0.000781 -0.003472 1.000000
0 81 0.507812 0.679167 0.043750 0.188889 0.000000 -0.005556 1.000000
0 82 0.509375 0.672917 0.043750 0.181944 0.001563 -0.006250 1.000000
0 83 0.510938 0.667361 0.043750 0.173611 0.001563 -0.005556 1.000000
0 84 0.510938 0.665972 0.043750 0.173611 0.000000 -0.001389 1.000000
0 85 0.514062 0.659028 0.043750 0.168056 0.003125 -0.006944 1.000000
0 86 0.519922 0.650000 0.041406 0.175000 0.005859 -0.009028 1.000000
0 87 0.523438 0.645139 0.039062 0.176389 0.003516 -0.004861 1.000000
0 88 0.526563 0.640278 0.037500 0.175000 0.003125 -0.004861 1.000000
0 89 0.529297 0.635417 0.038281 0.173611 0.002734 -0.004861 1.000000
0 90 0.533594 0.631944 0.040625 0.169444 0.004297 -0.003472 1.000000
0 91 0.536328 0.629167 0.044531 0.166667 0.002734 -0.002778 1.000000
0 92 0.541016 0.629861 0.046094 0.165278 0.004687 0.000694 1.000000
0 93 0.545312 0.630556 0.046875 0.163889 0.004297 0.000694 1.000000
0 94 0.550000 0.630556 0.046875 0.163889 0.004687 0.000000 1.000000
0 95 0.553125 0.629167 0.048438 0.163889 0.003125 -0.001389 1.000000
0 96 0.557422 0.627778 0.049219 0.166667 0.004297 -0.001389 1.000000
0 97 0.561328 0.625000 0.049219 0.166667 0.003906 -0.002778 1.000000
0 98 0.565234 0.622222 0.049219 0.166667 0.003906 -0.002778 1.000000
0 99 0.569141 0.616667 0.049219 0.166667 0.003906 -0.005556 1.000000
0 100 0.575000 0.609028 0.045312 0.165278 0.005859 -0.007639 1.000000
0 101 0.580469 0.604861 0.043750 0.165278 0.005469 -0.004167 1.000000
0 102 0.586719 0.600694 0.042188 0.165278 0.006250 -0.004167 1.000000
0 103 0.591016 0.599306 0.042969 0.165278 0.004297 -0.001389 1.000000
0 104 0.595313 0.598611 0.046875 0.166667 0.004297 -0.000694 1.000000
0 105 0.598047 0.600000 0.052344 0.166667 0.002734 0.001389 1.000000
0 106 0.600781 0.597222 0.057813 0.161111 0.002734 -0.002778 1.000000
0 107 0.603906 0.592361 0.059375 0.151389 0.003125 -0.004861 1.000000
0 108 0.605469 0.588194 0.059375 0.151389 0.001563 -0.004167 1.000000
0 109 0.605859 0.586111 0.061719 0.152778 0.000391 -0.002083 1.000000
0 110 0.607422 0.578472 0.058594 0.148611 0.001563 -0.007639 1.000000
0 111 0.608984 0.578472 0.049219 0.151389 0.001563 0.000000 1.000000
0 112 0.606250 0.579167 0.046875 0.155556 -0.002734 0.000694 1.000000
0 113 0.605078 0.577778 0.053906 0.152778 -0.001172 -0.001389 1.000000
0 114 0.603906 0.575694 0.059375 0.156944 -0.001172 -0.002083 1.000000
0 115 0.603906 0.571528 0.054688 0.154167 0.000000 -0.004167 1.000000
0 116 0.604297 0.565972 0.046094 0.145833 0.000391 -0.005556 1.000000
0 117 0.603516 0.563194 0.041406 0.140278 -0.000781 -0.002778 1.000000
0 118 0.602734 0.562500 0.052344 0.138889 -0.000781 -0.000694 1.000000
0 119 0.600781 0.562500 0.056250 0.138889 -0.001953 0.000000 1.000000
0 120 0.595703 0.561806 0.072656 0.140278 -0.005078 -0.000694 1.000000
0 121 0.592969 0.560417 0.079687 0.140278 -0.002734 -0.001389 1.000000
0 122 0.590625 0.559722 0.078125 0.138889 -0.002344 -0.000694 1.000000
0 123 0.588672 0.556944 0.072656 0.133333 -0.001953 -0.002778 1.000000
0 124 0.585156 0.552778 0.062500 0.127778 -0.003516 -0.004167 1.000000
0 125 0.580078 0.556944 0.046094 0.136111 -0.005078 0.004167 1.000000
0 126 0.575781 0.551389 0.032813 0.133333 -0.004297 -0.005556 1.000000
0 127 0.573438 0.548611 0.039062 0.138889 -0.002344 -0.002778 1.000000
0 128 0.574219 0.543056 0.037500 0.144444 0.000781 -0.005556 1.000000
0 129 0.574219 0.536806 0.039062 0.159722 0.000000 -0.006250 1.000000
0 130 0.576172 0.522917 0.041406 0.165278 0.001953 -0.013889 1.000000
0 131 0.578906 0.520833 0.042188 0.161111 0.002734 -0.002083 1.000000
0 132 0.580859 0.516667 0.041406 0.152778 0.001953 -0.004167 1.000000
0 133 0.586328 0.513194 0.044531 0.156944 0.005469 -0.003472 1.000000
0 134 0.592578 0.507639 0.047656 0.156944 0.006250 -0.005556 1.000000
0 135 0.596484 0.504167 0.046094 0.155556 0.003906 -0.003472 1.000000
0 136 0.601562 0.502083 0.043750 0.151389 0.005078 -0.002083 1.000000
0 137 0.605469 0.502083 0.042188 0.151389 0.003906 0.000000 1.000000
0 138 0.609375 0.503472 0.042188 0.151389 0.003906 0.001389 1.000000
0 139 0.613281 0.504861 0.042188 0.151389 0.003906 0.001389 1.000000
0 140 0.617969 0.506944 0.043750 0.150000 0.004687 0.002083 1.000000
0 141 0.620313 0.509722 0.046875 0.150000 0.002344 0.002778 1.000000
0 142 0.624219 0.515972 0.048438 0.151389 0.003906 0.006250 1.000000
0 143 0.628125 0.525000 0.050000 0.158333 0.003906 0.009028 1.000000
0 144 0.631250 0.528472 0.050000 0.151389 0.003125 0.003472 1.000000
0 145 0.635938 0.532639 0.050000 0.140278 0.004687 0.004167 1.000000
0 146 0.640625 0.532639 0.045312 0.134722 0.004687 0.000000 1.000000
0 147 0.643750 0.532639 0.037500 0.134722 0.003125 0.000000 1.000000
0 148 0.649219 0.531944 0.035937 0.133333 0.005469 -0.000694 1.000000
0 149 0.654687 0.531944 0.034375 0.138889 0.005469 0.000000 1.000000
0 150 0.661719 0.531250 0.035937 0.145833 0.007031 -0.000694 1.000000
0 151 0.667188 0.529167 0.035937 0.150000 0.005469 -0.002083 1.000000
0 152 0.672656 0.528472 0.035937 0.154167 0.005469 -0.000694 1.000000
0 153 0.677344 0.527083 0.035937 0.154167 0.004687 -0.001389 1.000000
0 154 0.682031 0.528472 0.035937 0.154167 0.004687 0.001389 1.000000
0 155 0.685937 0.529167 0.035937 0.152778 0.003906 0.000694 1.000000
0 156 0.689844 0.529861 0.035937 0.148611 0.003906 0.000694 1.000000
0 157 0.693750 0.529861 0.035937 0.143056 0.003906 0.000000 1.000000
0 158 0.696875 0.534722 0.037500 0.147222 0.003125 0.004861 1.000000
0 159 0.700391 0.539583 0.036719 0.154167 0.003516 0.004861 1.000000
0 160 0.703516 0.543750 0.036719 0.159722 0.003125 0.004167 1.000000
0 161 0.706250 0.547222 0.035937 0.163889 0.002734 0.003472 1.000000
0 162 0.708203 0.552778 0.033594 0.169444 0.001953 0.005556 1.000000
0 163 0.709766 0.554861 0.033594 0.168056 0.001563 0.002083 1.000000
0 164 0.711719 0.557639 0.032813 0.168056 0.001953 0.002778 1.000000
0 165 0.714844 0.557639 0.031250 0.165278 0.003125 0.000000 1.000000
0 166 0.717969 0.559028 0.031250 0.165278 0.003125 0.001389 1.000000
0 167 0.722656 0.559028 0.029687 0.165278 0.004687 0.000000 1.000000
0 168 0.726953 0.561111 0.030469 0.169444 0.004297 0.002083 1.000000
0 169 0.731641 0.562500 0.030469 0.177778 0.004687 0.001389 1.000000
0 170 0.736328 0.567361 0.032031 0.181944 0.004687 0.004861 1.000000
0 171 0.741406 0.572222 0.034375 0.186111 0.005078 0.004861 1.000000
0 172 0.746094 0.577778 0.035937 0.186111 0.004687 0.005556 1.000000
0 173 0.751563 0.581944 0.039062 0.183333 0.005469 0.004167 1.000000
0 174 0.756250 0.585417 0.039062 0.179167 0.004687 0.003472 1.000000
0 175 0.760547 0.588194 0.038281 0.176389 0.004297 0.002778 1.000000
0 176 0.764453 0.589583 0.033594 0.176389 0.003906 0.001389 1.000000
0 177 0.767578 0.590278 0.033594 0.177778 0.003125 0.000694 1.000000
0 178 0.769922 0.588889 0.032031 0.177778 0.002344 -0.001389 1.000000
0 179 0.770312 0.587500 0.031250 0.180556 0.000391 -0.001389 1.000000
0 180 0.768750 0.588889 0.031250 0.180556 -0.001563 0.001389 1.000000
0 181 0.767578 0.588194 0.032031 0.181944 -0.001172 -0.000694 1.000000
0 182 0.765625 0.587500 0.031250 0.183333 -0.001953 -0.000694 1.000000
0 183 0.762109 0.587500 0.030469 0.183333 -0.003516 0.000000 1.000000
0 184 0.757031 0.586806 0.032813 0.181944 -0.005078 -0.000694 1.000000
0 185 0.751563 0.585417 0.034375 0.181944 -0.005469 -0.001389 1.000000
0 186 0.746484 0.584028 0.033594 0.181944 -0.005078 -0.001389 1.000000
0 187 0.741016 0.581250 0.033594 0.181944 -0.005469 -0.002778 1.000000
0 188 0.735547 0.578472 0.033594 0.181944 -0.005469 -0.002778 1.000000
0 189 0.730859 0.576389 0.035156 0.180556 -0.004687 -0.002083 1.000000
0 190 0.724219 0.571528 0.035937 0.179167 -0.006641 -0.004861 1.000000
0 191 0.717187 0.569444 0.035937 0.177778 -0.007031 -0.002083 1.000000
0 192 0.709375 0.565972 0.035937 0.173611 -0.007812 -0.003472 1.000000
0 193 0.702344 0.563194 0.035937 0.173611 -0.007031 -0.002778 1.000000
0 194 0.694922 0.561806 0.036719 0.173611 -0.007422 -0.001389 1.000000
0 195 0.687891 0.558333 0.035156 0.169444 -0.007031 -0.003472 1.000000
0 196 0.680859 0.557639 0.035156 0.168056 -0.007031 -0.000694 1.000000
0 197 0.673047 0.558333 0.035156 0.169444 -0.007812 0.000694 1.000000
0 198 0.664844 0.557639 0.035937 0.168056 -0.008203 -0.000694 1.000000
0 199 0.656250 0.556944 0.034375 0.166667 -0.008594 -0.000694 1.000000
0 200 0.649219 0.561806 0.034375 0.176389 -0.007031 0.004861 1.000000
0 201 0.642188 0.562500 0.034375 0.177778 -0.007031 0.000694 1.000000
0 202 0.635938 0.562500 0.034375 0.177778 -0.006250 0.000000 1.000000
0 203 0.628125 0.560417 0.034375 0.179167 -0.007812 -0.002083 1.000000
0 204 0.621875 0.559722 0.034375 0.180556 -0.006250 -0.000694 1.000000
0 205 0.615625 0.561806 0.034375 0.176389 -0.006250 0.002083 1.000000
0 206 0.608984 0.562500 0.033594 0.177778 -0.006641 0.000694 1.000000
0 207 0.603125 0.561806 0.034375 0.176389 -0.005859 -0.000694 1.000000
0 208 0.597656 0.563194 0.034375 0.173611 -0.005469 0.001389 1.000000
0 209 0.592187 0.561806 0.034375 0.173611 -0.005469 -0.001389 1.000000
0 210 0.588281 0.559028 0.031250 0.170833 -0.003906 -0.002778 1.000000
0 211 0.583984 0.558333 0.033594 0.166667 -0.004297 -0.000694 1.000000
0 212 0.580078 0.557639 0.030469 0.162500 -0.003906 -0.000694 1.000000
0 213 0.574609 0.561111 0.030469 0.166667 -0.005469 0.003472 1.000000
0 214 0.570312 0.563194 0.028125 0.168056 -0.004297 0.002083 1.000000
0 215 0.565625 0.562500 0.028125 0.169444 -0.004687 -0.000694 1.000000
0 216 0.565234 0.563194 0.028906 0.168056 -0.000391 0.000694 1.000000
0 217 0.560156 0.560417 0.029687 0.168056 -0.005078 -0.002778 1.000000
0 218 0.550000 0.554167 0.029687 0.163889 -0.010156 -0.006250 1.000000
0 219 0.544922 0.550694 0.028906 0.162500 -0.005078 -0.003472 1.000000
0 220 0.539453 0.547917 0.028906 0.162500 -0.005469 -0.002778 1.000000
0 221 0.534766 0.545139 0.028906 0.159722 -0.004687 -0.002778 1.000000
0 222 0.529687 0.543056 0.029687 0.158333 -0.005078 -0.002083 1.000000
0 223 0.524609 0.543750 0.028906 0.159722 -0.005078 0.000694 1.000000
0 224 0.519141 0.542361 0.030469 0.159722 -0.005469 -0.001389 1.000000
0 225 0.514453 0.543056 0.030469 0.161111 -0.004687 0.000694 1.000000
0 226 0.509766 0.541667 0.030469 0.161111 -0.004687 -0.001389 1.000000
0 227 0.505078 0.540972 0.030469 0.162500 -0.004687 -0.000694 1.000000
0 228 0.500000 0.540278 0.029687 0.158333 -0.005078 -0.000694 1.000000
0 229 0.495703 0.539583 0.032031 0.159722 -0.004297 -0.000694 1.000000
0 230 0.492578 0.537500 0.027344 0.155556 -0.003125 -0.002083 1.000000
0 231 0.487109 0.536806 0.028906 0.156944 -0.005469 -0.000694 1.000000
0 232 0.482812 0.536806 0.028125 0.156944 -0.004297 0.000000 1.000000
0 233 0.476172 0.537500 0.030469 0.155556 -0.006641 0.000694 1.000000
0 234 0.470313 0.536806 0.026562 0.156944 -0.005859 -0.000694 1.000000
0 235 0.462891 0.536111 0.028906 0.158333 -0.007422 -0.000694 1.000000
0 236 0.457813 0.536111 0.031250 0.161111 -0.005078 0.000000 1.000000
0 237 0.450781 0.534722 0.031250 0.158333 -0.007031 -0.001389 1.000000
0 238 0.443750 0.531250 0.031250 0.148611 -0.007031 -0.003472 1.000000
0 239 0.435156 0.529167 0.031250 0.144444 -0.008594 -0.002083 1.000000
0 240 0.427344 0.529861 0.031250 0.137500 -0.007812 0.000694 1.000000
0 241 0.420312 0.531250 0.031250 0.137500 -0.007031 0.001389 1.000000
0 242 0.413672 0.534028 0.030469 0.140278 -0.006641 0.002778 1.000000
0 243 0.407422 0.532639 0.028906 0.143056 -0.006250 -0.001389 1.000000
0 244 0.396875 0.531250 0.035937 0.145833 -0.010547 -0.001389 1.000000
0 245 0.390234 0.528472 0.036719 0.154167 -0.006641 -0.002778 1.000000
0 246 0.383203 0.516667 0.036719 0.169444 -0.007031 -0.011806 1.000000
0 247 0.373828 0.505556 0.035156 0.175000 -0.009375 -0.011111 1.000000
0 248 0.367188 0.495833 0.037500 0.183333 -0.006641 -0.009722 1.000000
0 249 0.360156 0.486806 0.039062 0.184722 -0.007031 -0.009028 1.000000
0 250 0.351562 0.482639 0.037500 0.184722 -0.008594 -0.004167 1.000000
0 251 0.342969 0.479861 0.042188 0.187500 -0.008594 -0.002778 1.000000
0 252 0.334375 0.473611 0.046875 0.177778 -0.008594 -0.006250 1.000000
0 253 0.328906 0.472917 0.051562 0.184722 -0.005469 -0.000694 1.000000
0 254 0.324609 0.481250 0.052344 0.187500 -0.004297 0.008333 1.000000
0 255 0.322266 0.480556 0.055469 0.191667 -0.002344 -0.000694 1.000000
0 256 0.322266 0.481944 0.050781 0.194444 0.000000 0.001389 1.000000
0 257 0.319531 0.489583 0.053125 0.184722 -0.002734 0.007639 1.000000
0 258 0.318750 0.493750 0.048438 0.187500 -0.000781 0.004167 1.000000
0 259 0.317578 0.506944 0.047656 0.180556 -0.001172 0.013194 1.000000
0 260 0.312891 0.508333 0.050781 0.188889 -0.004687 0.001389 1.000000
0 261 0.309766 0.518056 0.050781 0.175000 -0.003125 0.009722 1.000000
0 262 0.306641 0.521528 0.049219 0.165278 -0.003125 0.003472 1.000000
0 263 0.303125 0.523611 0.045312 0.163889 -0.003516 0.002083 1.000000
0 264 0.298438 0.528472 0.042188 0.154167 -0.004687 0.004861 1.000000
0 265 0.292969 0.521528 0.035937 0.165278 -0.005469 -0.006944 1.000000
0 266 0.292187 0.518056 0.035937 0.175000 -0.000781 -0.003472 1.000000
0 267 0.291016 0.516667 0.035156 0.177778 -0.001172 -0.001389 1.000000
0 268 0.291797 0.515278 0.030469 0.177778 0.000781 -0.001389 1.000000
0 269 0.291406 0.513889 0.031250 0.183333 -0.000391 -0.001389 1.000000
0 270 0.290234 0.511806 0.032031 0.179167 -0.001172 -0.002083 1.000000
0 271 0.290625 0.512500 0.035937 0.180556 0.000391 0.000694 1.000000
0 272 0.289062 0.513194 0.040625 0.176389 -0.001563 0.000694 1.000000
0 273 0.289062 0.515278 0.040625 0.169444 0.000000 0.002083 1.000000
0 274 0.287109 0.518056 0.039844 0.161111 -0.001953 0.002778 1.000000
0 275 0.286328 0.523611 0.039844 0.155556 -0.000781 0.005556 1.000000
0 276 0.285938 0.525000 0.042188 0.152778 -0.000391 0.001389 1.000000
0 277 0.285938 0.527778 0.042188 0.152778 0.000000 0.002778 1.000000
0 278 0.286719 0.530556 0.042188 0.150000 0.000781 0.002778 1.000000
0 279 0.286328 0.532639 0.041406 0.145833 -0.000391 0.002083 1.000000
0 280 0.287109 0.534028 0.041406 0.143056 0.000781 0.001389 1.000000
0 281 0.287500 0.534722 0.043750 0.144444 0.000391 0.000694 1.000000
0 282 0.289453 0.536111 0.047656 0.147222 0.001953 0.001389 1.000000
0 283 0.290625 0.536806 0.048438 0.145833 0.001172 0.000694 1.000000
0 284 0.292187 0.537500 0.046875 0.144444 0.001563 0.000694 1.000000
0 285 0.295703 0.538889 0.044531 0.141667 0.003516 0.001389 1.000000
0 286 0.298828 0.538194 0.044531 0.134722 0.003125 -0.000694 1.000000
0 287 0.300391 0.540278 0.052344 0.133333 0.001563 0.002083 1.000000
0 288 0.302734 0.545833 0.057031 0.138889 0.002344 0.005556 1.000000
0 289 0.308594 0.549306 0.064062 0.143056 0.005859 0.003472 1.000000
0 290 0.314844 0.552778 0.070312 0.147222 0.006250 0.003472 1.000000
0 291 0.320312 0.554861 0.068750 0.151389 0.005469 0.002083 1.000000
0 292 0.326172 0.557639 0.066406 0.154167 0.005859 0.002778 1.000000
0 293 0.334766 0.559028 0.063281 0.154167 0.008594 0.001389 1.000000
0 294 0.341406 0.560417 0.059375 0.148611 0.006641 0.001389 1.000000
0 295 0.344922 0.559722 0.053906 0.152778 0.003516 -0.000694 1.000000
0 296 0.347656 0.559722 0.046875 0.152778 0.002734 0.000000 1.000000
0 297 0.352344 0.565972 0.045312 0.162500 0.004687 0.006250 1.000000
0 298 0.360156 0.572917 0.053125 0.168056 0.007812 0.006944 1.000000
0 299 0.366406 0.577778 0.053125 0.169444 0.006250 0.004861 1.000000
0 300 0.374219 0.580556 0.051562 0.169444 0.007812 0.002778 1.000000
0 301 0.381641 0.580556 0.049219 0.163889 0.007422 0.000000 1.000000
0 302 0.389844 0.581944 0.043750 0.161111 0.008203 0.001389 1.000000
0 303 0.400000 0.582639 0.035937 0.162500 0.010156 0.000694 1.000000
0 304 0.408984 0.584722 0.035156 0.166667 0.008984 0.002083 1.000000
0 305 0.416797 0.589583 0.033594 0.173611 0.007812 0.004861 1.000000
0 306 0.427734 0.594444 0.041406 0.177778 0.010937 0.004861 1.000000
0 307 0.435937 0.600000 0.040625 0.180556 0.008203 0.005556 1.000000
0 308 0.441797 0.603472 0.041406 0.176389 0.005859 0.003472 1.000000
0 309 0.446484 0.606250 0.042969 0.170833 0.004687 0.002778 1.000000
0 310 0.450781 0.609028 0.045312 0.168056 0.004297 0.002778 1.000000
0 311 0.455469 0.613194 0.048438 0.170833 0.004687 0.004167 1.000000
0 312 0.460156 0.615278 0.048438 0.172222 0.004687 0.002083 1.000000
0 313 0.464844 0.618750 0.051562 0.176389 0.004687 0.003472 1.000000
0 314 0.468359 0.620833 0.052344 0.177778 0.003516 0.002083 1.000000
0 315 0.473438 0.620833 0.050000 0.177778 0.005078 0.000000 1.000000
0 316 0.478516 0.620139 0.052344 0.179167 0.005078 -0.000694 1.000000
0 317 0.485156 0.618750 0.051562 0.176389 0.006641 -0.001389 1.000000
0 318 0.492188 0.617361 0.046875 0.173611 0.007031 -0.001389 1.000000
0 319 0.495312 0.618750 0.046875 0.173611 0.003125 0.001389 1.000000
0 320 0.498047 0.620139 0.046094 0.168056 0.002734 0.001389 1.000000
0 321 0.498828 0.622222 0.041406 0.166667 0.000781 0.002083 1.000000
0 322 0.498828 0.625694 0.035156 0.168056 0.000000 0.003472 1.000000
0 323 0.502344 0.629167 0.031250 0.172222 0.003516 0.003472 1.000000
0 324 0.505859 0.630556 0.030469 0.172222 0.003516 0.001389 1.000000
0 325 0.507031 0.628472 0.037500 0.173611 0.001172 -0.002083 1.000000
0 326 0.510547 0.622917 0.036719 0.181944 0.003516 -0.005556 1.000000
0 327 0.514062 0.616667 0.037500 0.197222 0.003516 -0.006250 1.000000
0 328 0.519531 0.605556 0.039062 0.213889 0.005469 -0.011111 1.000000
0 329 0.525391 0.597917 0.052344 0.215278 0.005859 -0.007639 1.000000
0 330 0.533203 0.594444 0.063281 0.216667 0.007812 -0.003472 1.000000
0 331 0.542578 0.593750 0.078906 0.209722 0.009375 -0.000694 1.000000
0 332 0.547656 0.596528 0.075000 0.193056 0.005078 0.002778 1.000000
0 333 0.558984 0.593056 0.085156 0.191667 0.011328 -0.003472 1.000000
0 334 0.566406 0.590972 0.075000 0.190278 0.007422 -0.002083 1.000000
0 335 0.572656 0.593056 0.062500 0.191667 0.006250 0.002083 1.000000
0 336 0.576562 0.594444 0.053125 0.188889 0.003906 0.001389 1.000000
0 337 0.581641 0.597917 0.047656 0.190278 0.005078 0.003472 1.000000
0 338 0.587500 0.603472 0.042188 0.187500 0.005859 0.005556 1.000000
0 339 0.592969 0.610417 0.040625 0.187500 0.005469 0.006944 1.000000
0 340 0.600781 0.620833 0.032813 0.183333 0.007812 0.010417 1.000000
0 341 0.605859 0.633333 0.035156 0.194444 0.005078 0.012500 1.000000
0 342 0.610938 0.640278 0.037500 0.186111 0.005078 0.006944 1.000000
0 343 0.616016 0.645139 0.039844 0.181944 0.005078 0.004861 1.000000
0 344 0.624219 0.647222 0.042188 0.177778 0.008203 0.002083 1.000000
0 345 0.631641 0.647917 0.041406 0.176389 0.007422 0.000694 1.000000
0 346 0.636719 0.647222 0.043750 0.175000 0.005078 -0.000694 1.000000
0 347 0.644922 0.647222 0.046094 0.175000 0.008203 0.000000 1.000000
0 348 0.644922 0.647222 0.044531 0.175000 0.000000 0.000000 1.000000
0 349 0.655859 0.647222 0.055469 0.175000 0.010937 0.000000 1.000000
0 350 0.673828 0.647222 0.067969 0.175000 0.017969 0.000000 1.000000
0 351 0.681250 0.647222 0.068750 0.175000 0.007422 0.000000 1.000000
0 352 0.687891 0.645833 0.071094 0.177778 0.006641 -0.001389 1.000000
0 353 0.694922 0.644444 0.072656 0.177778 0.007031 -0.001389 1.000000
0 354 0.702344 0.643056 0.075000 0.175000 0.007422 -0.001389 1.000000
0 355 0.708594 0.641667 0.076563 0.175000 0.006250 -0.001389 1.000000
0 356 0.717578 0.640278 0.071094 0.177778 0.008984 -0.001389 1.000000
0 357 0.726562 0.638194 0.064062 0.181944 0.008984 -0.002083 1.000000
0 358 0.735938 0.635417 0.056250 0.184722 0.009375 -0.002778 1.000000
0 359 0.744531 0.630556 0.051562 0.186111 0.008594 -0.004861 1.000000
0 360 0.750781 0.628472 0.048438 0.187500 0.006250 -0.002083 1.000000
0 361 0.756250 0.627083 0.046875 0.187500 0.005469 -0.001389 1.000000
0 362 0.761719 0.625694 0.045312 0.184722 0.005469 -0.001389 1.000000
0 363 0.764844 0.627083 0.045312 0.184722 0.003125 0.001389 1.000000
0 364 0.771094 0.628472 0.048438 0.184722 0.006250 0.001389 1.000000
0 365 0.773047 0.628472 0.047656 0.179167 0.001953 0.000000 1.000000
0 366 0.773828 0.629861 0.047656 0.173611 0.000781 0.001389 1.000000
0 367 0.773047 0.629167 0.047656 0.169444 -0.000781 -0.000694 1.000000
0 368 0.772266 0.627083 0.047656 0.165278 -0.000781 -0.002083 1.000000
0 369 0.768750 0.625694 0.050000 0.165278 -0.003516 -0.001389 1.000000
0 370 0.763281 0.621528 0.054688 0.165278 -0.005469 -0.004167 1.000000
0 371 0.759375 0.618056 0.056250 0.163889 -0.003906 -0.003472 1.000000
0 372 0.757031 0.615278 0.060937 0.163889 -0.002344 -0.002778 1.000000
0 373 0.752734 0.612500 0.060156 0.163889 -0.004297 -0.002778 1.000000
0 374 0.747266 0.611111 0.057031 0.161111 -0.005469 -0.001389 1.000000
0 375 0.740234 0.608333 0.058594 0.158333 -0.007031 -0.002778 1.000000
0 376 0.734375 0.607639 0.056250 0.159722 -0.005859 -0.000694 1.000000
0 377 0.725781 0.606250 0.051562 0.159722 -0.008594 -0.001389 1.000000
0 378 0.716797 0.606250 0.044531 0.162500 -0.008984 0.000000 1.000000
0 379 0.707031 0.604167 0.039062 0.163889 -0.009766 -0.002083 1.000000
0 380 0.696875 0.602778 0.035937 0.166667 -0.010156 -0.001389 1.000000
0 381 0.689063 0.601389 0.035937 0.169444 -0.007812 -0.001389 1.000000
0 382 0.681250 0.598611 0.035937 0.172222 -0.007812 -0.002778 1.000000
0 383 0.673438 0.597222 0.035937 0.172222 -0.007812 -0.001389 1.000000
0 384 0.664453 0.595833 0.035156 0.177778 -0.008984 -0.001389 1.000000
0 385 0.655469 0.593056 0.035937 0.175000 -0.008984 -0.002778 1.000000
0 386 0.646875 0.591667 0.032813 0.175000 -0.008594 -0.001389 1.000000
0 387 0.637109 0.585417 0.033594 0.165278 -0.009766 -0.006250 1.000000
0 388 0.626563 0.584722 0.035937 0.166667 -0.010547 -0.000694 1.000000
0 389 0.617969 0.584722 0.035937 0.169444 -0.008594 0.000000 1.000000
0 390 0.609375 0.584028 0.034375 0.170833 -0.008594 -0.000694 1.000000
0 391 0.602344 0.583333 0.034375 0.169444 -0.007031 -0.000694 1.000000
0 392 0.592969 0.581944 0.035937 0.172222 -0.009375 -0.001389 1.000000
0 393 0.586328 0.581944 0.036719 0.172222 -0.006641 0.000000 1.000000
0 394 0.580078 0.579167 0.036719 0.166667 -0.006250 -0.002778 1.000000
0 395 0.575000 0.577778 0.035937 0.166667 -0.005078 -0.001389 1.000000
0 396 0.569141 0.577083 0.035156 0.168056 -0.005859 -0.000694 1.000000
0 397 0.563281 0.578472 0.032813 0.168056 -0.005859 0.001389 1.000000
0 398 0.556250 0.577778 0.034375 0.169444 -0.007031 -0.000694 1.000000
0 399 0.551172 0.576389 0.033594 0.169444 -0.005078 -0.001389 1.000000
0 400 0.544531 0.576389 0.032813 0.169444 -0.006641 0.000000 1.000000
0 401 0.539844 0.576389 0.032813 0.169444 -0.004687 0.000000 1.000000
0 402 0.535156 0.577083 0.032813 0.170833 -0.004687 0.000694 1.000000
0 403 0.530469 0.577083 0.032813 0.170833 -0.004687 0.000000 1.000000
0 404 0.526172 0.577083 0.030469 0.170833 -0.004297 0.000000 1.000000
0 405 0.522266 0.577083 0.030469 0.170833 -0.003906 0.000000 1.000000
0 406 0.517969 0.575694 0.029687 0.173611 -0.004297 -0.001389 1.000000
0 407 0.514453 0.575694 0.028906 0.176389 -0.003516 0.000000 1.000000
0 408 0.510938 0.572917 0.028125 0.176389 -0.003516 -0.002778 1.000000
0 409 0.508594 0.570833 0.031250 0.175000 -0.002344 -0.002083 1.000000
0 410 0.505469 0.568750 0.031250 0.170833 -0.003125 -0.002083 1.000000
0 411 0.502344 0.567361 0.032813 0.168056 -0.003125 -0.001389 1.000000
0 412 0.499219 0.566667 0.032813 0.169444 -0.003125 -0.000694 1.000000
0 413 0.496875 0.565278 0.029687 0.166667 -0.002344 -0.001389 1.000000
0 414 0.494141 0.563194 0.032031 0.162500 -0.002734 -0.002083 1.000000
0 415 0.489844 0.554861 0.031250 0.148611 -0.004297 -0.008333 1.000000
0 416 0.485938 0.550000 0.031250 0.144444 -0.003906 -0.004861 1.000000
0 417 0.482031 0.546528 0.028125 0.145833 -0.003906 -0.003472 1.000000
0 418 0.478125 0.544444 0.026562 0.147222 -0.003906 -0.002083 1.000000
0 419 0.474609 0.541667 0.025781 0.144444 -0.003516 -0.002778 1.000000
0 420 0.470703 0.539583 0.025781 0.143056 -0.003906 -0.002083 1.000000
0 421 0.466797 0.538194 0.025781 0.143056 -0.003906 -0.001389 1.000000
0 422 0.462891 0.535417 0.025781 0.143056 -0.003906 -0.002778 1.000000
0 423 0.458984 0.532639 0.025781 0.143056 -0.003906 -0.002778 1.000000
0 424 0.454688 0.530556 0.029687 0.147222 -0.004297 -0.002083 1.000000
0 425 0.451172 0.528472 0.036719 0.148611 -0.003516 -0.002083 1.000000
0 426 0.449609 0.525694 0.042969 0.148611 -0.001563 -0.002778 1.000000
0 427 0.446484 0.528472 0.050781 0.159722 -0.003125 0.002778 1.000000
0 428 0.442578 0.522917 0.050781 0.154167 -0.003906 -0.005556 1.000000
0 429 0.439844 0.518056 0.053125 0.147222 -0.002734 -0.004861 1.000000
0 430 0.436328 0.513194 0.050781 0.143056 -0.003516 -0.004861 1.000000
0 431 0.432422 0.507639 0.049219 0.134722 -0.003906 -0.005556 1.000000
0 432 0.424219 0.503472 0.042188 0.129167 -0.008203 -0.004167 1.000000
0 433 0.417969 0.504167 0.039062 0.127778 -0.006250 0.000694 1.000000
0 434 0.412109 0.504167 0.033594 0.127778 -0.005859 0.000000 1.000000
0 435 0.403906 0.504167 0.034375 0.127778 -0.008203 0.000000 1.000000
0 436 0.397656 0.502778 0.028125 0.122222 -0.006250 -0.001389 1.000000
0 437 0.392969 0.502778 0.028125 0.122222 -0.004687 0.000000 1.000000
0 438 0.385156 0.499306 0.034375 0.129167 -0.007812 -0.003472 1.000000
0 439 0.377734 0.492361 0.036719 0.129167 -0.007422 -0.006944 1.000000
0 440 0.369531 0.485417 0.034375 0.143056 -0.008203 -0.006944 1.000000
0 441 0.364063 0.474306 0.034375 0.159722 -0.005469 -0.011111 1.000000
0 442 0.358594 0.468750 0.032813 0.176389 -0.005469 -0.005556 1.000000
0 443 0.351562 0.459722 0.029687 0.177778 -0.007031 -0.009028 1.000000
0 444 0.346484 0.452778 0.030469 0.172222 -0.005078 -0.006944 1.000000
0 445 0.341797 0.449306 0.032031 0.173611 -0.004687 -0.003472 1.000000
0 446 0.339062 0.452083 0.035937 0.173611 -0.002734 0.002778 1.000000
0 447 0.333594 0.452083 0.037500 0.179167 -0.005469 0.000000 1.000000
0 448 0.328125 0.451389 0.040625 0.180556 -0.005469 -0.000694 1.000000
0 449 0.325391 0.451389 0.041406 0.180556 -0.002734 0.000000 1.000000
0 450 0.322266 0.454861 0.044531 0.187500 -0.003125 0.003472 1.000000
0 451 0.321484 0.458333 0.046094 0.186111 -0.000781 0.003472 1.000000
0 452 0.320703 0.463194 0.046094 0.181944 -0.000781 0.004861 1.000000
0 453 0.321875 0.468056 0.045312 0.183333 0.001172 0.004861 1.000000
0 454 0.323828 0.473611 0.042969 0.183333 0.001953 0.005556 1.000000
0 455 0.326172 0.476389 0.042969 0.188889 0.002344 0.002778 1.000000
0 456 0.328516 0.485417 0.042969 0.190278 0.002344 0.009028 1.000000
0 457 0.331250 0.489583 0.042188 0.179167 0.002734 0.004167 1.000000
0 458 0.334375 0.490972 0.039062 0.170833 0.003125 0.001389 1.000000
0 459 0.338672 0.492361 0.036719 0.165278 0.004297 0.001389 1.000000
0 460 0.343750 0.494444 0.037500 0.158333 0.005078 0.002083 1.000000
0 461 0.351172 0.493056 0.036719 0.158333 0.007422 -0.001389 1.000000
0 462 0.358984 0.493056 0.036719 0.161111 0.007812 0.000000 1.000000
0 463 0.366797 0.491667 0.035156 0.161111 0.007812 -0.001389 1.000000
0 464 0.376953 0.493750 0.035156 0.162500 0.010156 0.002083 1.000000
0 465 0.386328 0.492361 0.035156 0.162500 0.009375 -0.001389 1.000000
