0 1 0.839844 0.604167 0.028125 0.172222 1.000000
0 2 0.839844 0.604167 0.028125 0.172222 1.000000
0 3 0.838281 0.603472 0.028125 0.170833 1.000000
0 4 0.836719 0.602778 0.028125 0.169444 1.000000
0 5 0.835156 0.601389 0.028125 0.169444 1.000000
0 6 0.833594 0.601389 0.028125 0.169444 1.000000
0 7 0.832031 0.601389 0.028125 0.169444 1.000000
0 8 0.830469 0.598611 0.028125 0.169444 1.000000
0 9 0.827344 0.595833 0.028125 0.169444 1.000000
0 10 0.825000 0.593750 0.026562 0.168056 1.000000
0 11 0.822656 0.593750 0.026562 0.170833 1.000000
0 12 0.818750 0.590972 0.026562 0.170833 1.000000
0 13 0.814453 0.587500 0.027344 0.169444 1.000000
0 14 0.810547 0.584722 0.027344 0.169444 1.000000
0 15 0.807422 0.581944 0.027344 0.169444 1.000000
0 16 0.807422 0.581944 0.027344 0.169444 1.000000
0 17 0.803125 0.580556 0.026562 0.169444 1.000000
0 18 0.793750 0.579167 0.026562 0.169444 1.000000
0 19 0.789062 0.579167 0.026562 0.169444 1.000000
0 20 0.783594 0.579167 0.026562 0.169444 1.000000
0 21 0.778125 0.577778 0.026562 0.166667 1.000000
0 22 0.773438 0.578472 0.026562 0.168056 1.000000
0 23 0.767969 0.579861 0.026562 0.168056 1.000000
0 24 0.761719 0.579167 0.026562 0.166667 1.000000
0 25 0.757031 0.579167 0.026562 0.166667 1.000000
0 26 0.751563 0.579167 0.026562 0.166667 1.000000
0 27 0.746875 0.579167 0.026562 0.166667 1.000000
0 28 0.741406 0.580556 0.026562 0.166667 1.000000
0 29 0.735156 0.579861 0.026562 0.165278 1.000000
0 30 0.730469 0.579861 0.026562 0.165278 1.000000
0 31 0.724219 0.581250 0.026562 0.165278 1.000000
0 32 0.718750 0.579861 0.026562 0.165278 1.000000
0 33 0.714063 0.581250 0.026562 0.162500 1.000000
0 34 0.708594 0.581250 0.026562 0.165278 1.000000
0 35 0.703906 0.581250 0.026562 0.165278 1.000000
0 36 0.697656 0.581250 0.026562 0.165278 1.000000
0 37 0.692187 0.581250 0.026562 0.165278 1.000000
0 38 0.686719 0.581250 0.026562 0.165278 1.000000
0 39 0.680469 0.581250 0.026562 0.165278 1.000000
0 40 0.674219 0.581250 0.026562 0.165278 1.000000
0 41 0.667969 0.581250 0.026562 0.165278 1.000000
0 42 0.660547 0.581250 0.025781 0.162500 1.000000
0 43 0.654297 0.581250 0.025781 0.162500 1.000000
0 44 0.647266 0.580556 0.024219 0.163889 1.000000
0 45 0.639844 0.580556 0.021875 0.163889 1.000000
0 46 0.631250 0.580556 0.025000 0.163889 1.000000
0 47 0.623047 0.580556 0.024219 0.163889 1.000000
0 48 0.612891 0.580556 0.024219 0.163889 1.000000
0 49 0.603906 0.580556 0.021875 0.163889 1.000000
0 50 0.590234 0.580556 0.022656 0.163889 1.000000
0 51 0.579297 0.581250 0.024219 0.162500 1.000000
0 52 0.569141 0.581250 0.022656 0.162500 1.000000
0 53 0.555859 0.581250 0.022656 0.162500 1.000000
0 54 0.542969 0.581250 0.021875 0.162500 1.000000
0 55 0.530078 0.584722 0.022656 0.161111 1.000000
0 56 0.515625 0.585417 0.021875 0.162500 1.000000
0 57 0.502344 0.585417 0.021875 0.162500 1.000000
0 58 0.487891 0.588194 0.022656 0.162500 1.000000
0 59 0.475000 0.589583 0.021875 0.159722 1.000000
0 60 0.459766 0.592361 0.021094 0.159722 1.000000
0 61 0.448047 0.593056 0.021094 0.161111 1.000000
0 62 0.436719 0.595139 0.020313 0.159722 1.000000
0 63 0.423438 0.597222 0.018750 0.161111 1.000000
0 64 0.414844 0.598611 0.017188 0.163889 1.000000
0 65 0.403125 0.600000 0.020313 0.161111 1.000000
0 66 0.394531 0.602083 0.018750 0.159722 1.000000
0 67 0.387109 0.602778 0.019531 0.158333 1.000000
0 68 0.379297 0.604167 0.017969 0.161111 1.000000
0 69 0.374609 0.604167 0.017969 0.161111 1.000000
0 70 0.367969 0.604167 0.017188 0.161111 1.000000
0 71 0.364063 0.604167 0.017188 0.161111 1.000000
0 72 0.361719 0.603472 0.018750 0.162500 1.000000
0 73 0.360938 0.602778 0.020313 0.163889 1.000000
0 74 0.361719 0.602778 0.021875 0.163889 1.000000
0 75 0.362891 0.602778 0.024219 0.163889 1.000000
0 76 0.363281 0.602778 0.025000 0.163889 1.000000
0 77 0.363281 0.602083 0.025000 0.162500 1.000000
0 78 0.363281 0.602778 0.021875 0.163889 1.000000
0 79 0.363672 0.602778 0.019531 0.163889 1.000000
0 80 0.365234 0.602778 0.019531 0.163889 1.000000
0 81 0.369922 0.602778 0.017969 0.163889 1.000000
0 82 0.373437 0.602778 0.018750 0.163889 1.000000
0 83 0.377344 0.602778 0.020313 0.163889 1.000000
0 84 0.384375 0.604861 0.021875 0.165278 1.000000
0 85 0.391406 0.606944 0.025000 0.166667 1.000000
0 86 0.396875 0.605556 0.029687 0.163889 1.000000
0 87 0.402734 0.606944 0.028906 0.166667 1.000000
0 88 0.408203 0.605556 0.028906 0.163889 1.000000
0 89 0.414453 0.605556 0.030469 0.163889 1.000000
0 90 0.419141 0.604861 0.030469 0.162500 1.000000
0 91 0.424609 0.605556 0.030469 0.163889 1.000000
0 92 0.429297 0.605556 0.033594 0.163889 1.000000
0 93 0.432812 0.607639 0.029687 0.168056 1.000000
0 94 0.439844 0.609028 0.031250 0.165278 1.000000
0 95 0.444141 0.609028 0.033594 0.165278 1.000000
0 96 0.447266 0.609028 0.033594 0.165278 1.000000
0 97 0.454297 0.609722 0.036719 0.166667 1.000000
0 98 0.457422 0.609028 0.032031 0.165278 1.000000
0 99 0.460547 0.609028 0.032031 0.165278 1.000000
0 100 0.463672 0.609028 0.032031 0.165278 1.000000
0 101 0.467578 0.609028 0.033594 0.165278 1.000000
0 102 0.471875 0.609028 0.032813 0.165278 1.000000
0 103 0.475000 0.609722 0.032813 0.166667 1.000000
0 104 0.478125 0.610417 0.032813 0.165278 1.000000
0 105 0.481250 0.610417 0.032813 0.165278 1.000000
0 106 0.484375 0.611806 0.032813 0.162500 1.000000
0 107 0.487500 0.611806 0.032813 0.162500 1.000000
0 108 0.490625 0.611806 0.032813 0.162500 1.000000
0 109 0.493750 0.611806 0.032813 0.162500 1.000000
0 110 0.497656 0.611806 0.034375 0.162500 1.000000
0 111 0.500781 0.613889 0.034375 0.158333 1.000000
0 112 0.504687 0.615278 0.032813 0.155556 1.000000
0 113 0.509375 0.617361 0.032813 0.151389 1.000000
0 114 0.513672 0.620139 0.030469 0.151389 1.000000
0 115 0.519141 0.620833 0.028906 0.152778 1.000000
0 116 0.524609 0.620833 0.027344 0.152778 1.000000
0 117 0.529687 0.621528 0.028125 0.148611 1.000000
0 118 0.536328 0.622917 0.027344 0.145833 1.000000
0 119 0.543750 0.623611 0.028125 0.147222 1.000000
0 120 0.550391 0.622917 0.028906 0.145833 1.000000
0 121 0.558203 0.623611 0.030469 0.144444 1.000000
0 122 0.564063 0.621528 0.028125 0.143056 1.000000
0 123 0.572266 0.618750 0.028906 0.151389 1.000000
0 124 0.576562 0.607639 0.021875 0.170833 1.000000
0 125 0.585156 0.596528 0.023438 0.190278 1.000000
0 126 0.591016 0.588889 0.021094 0.211111 1.000000
0 127 0.596094 0.575000 0.018750 0.219444 1.000000
0 128 0.601953 0.567361 0.021094 0.223611 1.000000
0 129 0.608594 0.555556 0.025000 0.211111 1.000000
0 130 0.614844 0.554167 0.023438 0.213889 1.000000
0 131 0.622266 0.552083 0.028906 0.218056 1.000000
0 132 0.629687 0.542361 0.034375 0.198611 1.000000
0 133 0.634375 0.545833 0.034375 0.194444 1.000000
0 134 0.639062 0.551389 0.034375 0.183333 1.000000
0 135 0.644531 0.549306 0.035937 0.162500 1.000000
0 136 0.644141 0.554167 0.028906 0.158333 1.000000
0 137 0.649609 0.556250 0.033594 0.156944 1.000000
0 138 0.651172 0.559028 0.030469 0.156944 1.000000
0 139 0.650781 0.564583 0.028125 0.151389 1.000000
0 140 0.653125 0.570139 0.029687 0.148611 1.000000
0 141 0.653516 0.572222 0.030469 0.144444 1.000000
0 142 0.653516 0.572222 0.030469 0.136111 1.000000
0 143 0.652734 0.572222 0.028906 0.130556 1.000000
0 144 0.650391 0.570833 0.030469 0.133333 1.000000
0 145 0.646484 0.570139 0.036719 0.137500 1.000000
0 146 0.647266 0.569444 0.032031 0.138889 1.000000
0 147 0.644531 0.569444 0.034375 0.138889 1.000000
0 148 0.644531 0.569444 0.034375 0.138889 1.000000
0 149 0.640625 0.569444 0.035937 0.138889 1.000000
0 150 0.626563 0.576389 0.045312 0.141667 1.000000
0 151 0.621094 0.578472 0.045312 0.140278 1.000000
0 152 0.617188 0.577778 0.046875 0.138889 1.000000
0 153 0.612891 0.579861 0.047656 0.137500 1.000000
0 154 0.608594 0.577778 0.048438 0.133333 1.000000
0 155 0.604688 0.577778 0.045312 0.133333 1.000000
0 156 0.600000 0.579861 0.046875 0.137500 1.000000
0 157 0.597266 0.578472 0.042969 0.134722 1.000000
0 158 0.594141 0.578472 0.046094 0.134722 1.000000
0 159 0.589453 0.576389 0.046094 0.138889 1.000000
0 160 0.583984 0.575000 0.044531 0.141667 1.000000
0 161 0.580859 0.572917 0.041406 0.145833 1.000000
0 162 0.575781 0.571528 0.039062 0.148611 1.000000
0 163 0.571875 0.572222 0.037500 0.150000 1.000000
0 164 0.565625 0.571528 0.035937 0.156944 1.000000
0 165 0.561328 0.572222 0.033594 0.155556 1.000000
0 166 0.555078 0.573611 0.030469 0.158333 1.000000
0 167 0.551953 0.574306 0.030469 0.156944 1.000000
0 168 0.547266 0.575000 0.030469 0.152778 1.000000
0 169 0.542969 0.575694 0.031250 0.154167 1.000000
0 170 0.537109 0.576389 0.032031 0.155556 1.000000
0 171 0.533203 0.576389 0.030469 0.152778 1.000000
0 172 0.526172 0.577778 0.032031 0.150000 1.000000
0 173 0.521484 0.580556 0.032031 0.150000 1.000000
0 174 0.513672 0.581250 0.030469 0.148611 1.000000
0 175 0.508203 0.581944 0.030469 0.147222 1.000000
0 176 0.503516 0.581944 0.033594 0.147222 1.000000
0 177 0.498047 0.584028 0.033594 0.143056 1.000000
0 178 0.492969 0.584028 0.034375 0.143056 1.000000
0 179 0.489063 0.584028 0.032813 0.143056 1.000000
0 180 0.482031 0.586111 0.040625 0.138889 1.000000
0 181 0.474219 0.586111 0.043750 0.138889 1.000000
0 182 0.467187 0.587500 0.046875 0.141667 1.000000
0 183 0.461719 0.591667 0.046875 0.144444 1.000000
0 184 0.455859 0.591667 0.046094 0.144444 1.000000
0 185 0.450781 0.593056 0.042188 0.144444 1.000000
0 186 0.447656 0.593750 0.042188 0.143056 1.000000
0 187 0.443359 0.595139 0.044531 0.145833 1.000000
0 188 0.440234 0.595139 0.044531 0.145833 1.000000
0 189 0.435937 0.598611 0.050000 0.144444 1.000000
0 190 0.432031 0.600694 0.051562 0.145833 1.000000
0 191 0.426953 0.603472 0.052344 0.148611 1.000000
0 192 0.420703 0.606944 0.049219 0.147222 1.000000
0 193 0.418359 0.609028 0.050781 0.145833 1.000000
0 194 0.412891 0.611111 0.052344 0.141667 1.000000
0 195 0.409766 0.613194 0.052344 0.137500 1.000000
0 196 0.405078 0.613194 0.052344 0.137500 1.000000
0 197 0.399609 0.613889 0.050781 0.136111 1.000000
0 198 0.394922 0.613889 0.050781 0.136111 1.000000
0 199 0.391406 0.616667 0.050000 0.130556 1.000000
0 200 0.385937 0.617361 0.050000 0.129167 1.000000
0 201 0.382031 0.618056 0.051562 0.127778 1.000000
0 202 0.377734 0.619444 0.050781 0.125000 1.000000
0 203 0.373437 0.618750 0.050000 0.126389 1.000000
0 204 0.368750 0.618750 0.050000 0.126389 1.000000
0 205 0.361719 0.619444 0.050000 0.125000 1.000000
0 206 0.358594 0.622917 0.051562 0.126389 1.000000
0 207 0.353516 0.622917 0.052344 0.126389 1.000000
0 208 0.348438 0.622917 0.053125 0.126389 1.000000
0 209 0.343750 0.622917 0.053125 0.126389 1.000000
0 210 0.337891 0.622917 0.050781 0.126389 1.000000
0 211 0.334375 0.622917 0.053125 0.126389 1.000000
0 212 0.326953 0.622917 0.047656 0.126389 1.000000
0 213 0.322266 0.625000 0.052344 0.130556 1.000000
0 214 0.317188 0.623611 0.051562 0.133333 1.000000
0 215 0.315234 0.623611 0.050781 0.133333 1.000000
0 216 0.310937 0.618750 0.051562 0.129167 1.000000
0 217 0.306641 0.620833 0.053906 0.133333 1.000000
0 218 0.306250 0.616667 0.051562 0.133333 1.000000
0 219 0.304688 0.615278 0.051562 0.130556 1.000000
0 220 0.308203 0.616667 0.039844 0.138889 1.000000
0 221 0.308203 0.616667 0.039844 0.138889 1.000000
0 222 0.309375 0.616667 0.042188 0.138889 1.000000
0 223 0.312500 0.616667 0.039062 0.138889 1.000000
0 224 0.317578 0.616667 0.032031 0.138889 1.000000
0 225 0.321094 0.616667 0.032813 0.138889 1.000000
0 226 0.324609 0.616667 0.032031 0.138889 1.000000
0 227 0.329688 0.614583 0.031250 0.140278 1.000000
0 228 0.332813 0.613889 0.031250 0.136111 1.000000
0 229 0.338672 0.612500 0.030469 0.138889 1.000000
0 230 0.343359 0.612500 0.027344 0.138889 1.000000
0 231 0.346484 0.611806 0.027344 0.140278 1.000000
0 232 0.352734 0.610417 0.025781 0.143056 1.000000
0 233 0.360547 0.609722 0.030469 0.144444 1.000000
0 234 0.366797 0.613194 0.030469 0.151389 1.000000
0 235 0.371094 0.613889 0.025000 0.158333 1.000000
0 236 0.377344 0.612500 0.028125 0.155556 1.000000
0 237 0.380078 0.611806 0.024219 0.159722 1.000000
0 238 0.385937 0.610417 0.026562 0.159722 1.000000
0 239 0.391016 0.610417 0.027344 0.159722 1.000000
0 240 0.394922 0.609722 0.028906 0.161111 1.000000
0 241 0.400391 0.610417 0.027344 0.165278 1.000000
0 242 0.404297 0.609028 0.028906 0.162500 1.000000
0 243 0.408203 0.608333 0.030469 0.161111 1.000000
0 244 0.412891 0.606250 0.027344 0.156944 1.000000
0 245 0.416406 0.606250 0.026562 0.156944 1.000000
0 246 0.420312 0.597917 0.028125 0.140278 1.000000
0 247 0.420312 0.597917 0.028125 0.140278 1.000000
0 248 0.425000 0.606944 0.025000 0.163889 1.000000
0 249 0.430859 0.604861 0.039844 0.165278 1.000000
0 250 0.437109 0.602778 0.046094 0.161111 1.000000
0 251 0.443359 0.602083 0.052344 0.151389 1.000000
0 252 0.446094 0.604861 0.051562 0.145833 1.000000
0 253 0.449609 0.606944 0.053906 0.147222 1.000000
0 254 0.451562 0.609028 0.056250 0.143056 1.000000
0 255 0.454688 0.610417 0.056250 0.137500 1.000000
0 256 0.457813 0.608333 0.056250 0.133333 1.000000
0 257 0.460938 0.609722 0.056250 0.133333 1.000000
0 258 0.463672 0.608333 0.058594 0.133333 1.000000
0 259 0.463281 0.605556 0.059375 0.136111 1.000000
0 260 0.455859 0.603472 0.066406 0.140278 1.000000
0 261 0.452344 0.602083 0.064062 0.143056 1.000000
0 262 0.450000 0.600000 0.060937 0.147222 1.000000
0 263 0.446875 0.598611 0.051562 0.155556 1.000000
0 264 0.448828 0.597222 0.055469 0.155556 1.000000
0 265 0.450391 0.597222 0.055469 0.155556 1.000000
0 266 0.449609 0.593750 0.052344 0.148611 1.000000
0 267 0.448047 0.600000 0.047656 0.158333 1.000000
0 268 0.441797 0.601389 0.030469 0.155556 1.000000
0 269 0.440625 0.604861 0.028125 0.154167 1.000000
0 270 0.435547 0.606250 0.039844 0.151389 1.000000
0 271 0.432422 0.605556 0.049219 0.147222 1.000000
0 272 0.430859 0.605556 0.057031 0.147222 1.000000
