0 18 0.989844 0.693750 0.020313 0.165278 1.000000
0 19 0.986328 0.693056 0.025781 0.163889 1.000000
0 20 0.983594 0.692361 0.032813 0.162500 1.000000
0 21 0.981641 0.692361 0.036719 0.165278 1.000000
0 22 0.978516 0.705556 0.042969 0.191667 1.000000
0 23 0.974219 0.702778 0.051562 0.186111 1.000000
0 24 0.969141 0.702083 0.057031 0.187500 1.000000
0 25 0.962891 0.701389 0.058594 0.186111 1.000000
0 26 0.955469 0.700000 0.057813 0.186111 1.000000
0 27 0.948828 0.699306 0.058594 0.184722 1.000000
0 28 0.941406 0.697917 0.057813 0.184722 1.000000
0 29 0.935156 0.697222 0.057813 0.183333 1.000000
0 30 0.928906 0.695833 0.057813 0.180556 1.000000
0 31 0.922266 0.694444 0.055469 0.183333 1.000000
0 32 0.915625 0.692361 0.054688 0.179167 1.000000
0 33 0.908203 0.691667 0.052344 0.177778 1.000000
0 34 0.901953 0.690972 0.049219 0.179167 1.000000
0 35 0.894922 0.690278 0.047656 0.177778 1.000000
0 36 0.887891 0.689583 0.044531 0.176389 1.000000
0 37 0.881250 0.688889 0.040625 0.175000 1.000000
0 38 0.874609 0.688194 0.041406 0.173611 1.000000
0 39 0.869141 0.688194 0.039844 0.173611 1.000000
0 40 0.862891 0.686111 0.039844 0.175000 1.000000
0 41 0.855859 0.685417 0.039844 0.173611 1.000000
0 42 0.850000 0.686111 0.037500 0.175000 1.000000
0 43 0.843359 0.685417 0.038281 0.173611 1.000000
0 44 0.835156 0.685417 0.039062 0.176389 1.000000
0 45 0.827344 0.686111 0.040625 0.175000 1.000000
0 46 0.819141 0.685417 0.038281 0.176389 1.000000
0 47 0.810156 0.686806 0.039062 0.173611 1.000000
0 48 0.800781 0.686806 0.040625 0.173611 1.000000
0 49 0.791406 0.684028 0.040625 0.170833 1.000000
0 50 0.780859 0.686806 0.039844 0.168056 1.000000
0 51 0.769922 0.685417 0.041406 0.168056 1.000000
0 52 0.758984 0.685417 0.041406 0.168056 1.000000
0 53 0.748828 0.685417 0.049219 0.168056 1.000000
0 54 0.739844 0.684028 0.051562 0.165278 1.000000
0 55 0.728125 0.686111 0.054688 0.161111 1.000000
0 56 0.718750 0.686806 0.057813 0.159722 1.000000
0 57 0.708203 0.685417 0.061719 0.159722 1.000000
0 58 0.695703 0.684722 0.064844 0.161111 1.000000
0 59 0.683203 0.685417 0.069531 0.162500 1.000000
0 60 0.671094 0.686111 0.068750 0.163889 1.000000
0 61 0.656250 0.686111 0.071875 0.163889 1.000000
0 62 0.646875 0.687500 0.068750 0.166667 1.000000
0 63 0.633984 0.685417 0.069531 0.170833 1.000000
0 64 0.624609 0.685417 0.067969 0.170833 1.000000
0 65 0.617188 0.685417 0.064062 0.170833 1.000000
0 66 0.609766 0.685417 0.060156 0.170833 1.000000
0 67 0.602344 0.684028 0.059375 0.173611 1.000000
0 68 0.594922 0.684028 0.060156 0.173611 1.000000
0 69 0.589063 0.682639 0.057813 0.176389 1.000000
0 70 0.585156 0.682639 0.059375 0.176389 1.000000
0 71 0.580859 0.682639 0.057031 0.176389 1.000000
0 72 0.576953 0.681250 0.058594 0.179167 1.000000
0 73 0.576953 0.679861 0.058594 0.176389 1.000000
0 74 0.576953 0.679861 0.057031 0.176389 1.000000
0 75 0.576953 0.679861 0.058594 0.176389 1.000000
0 76 0.576172 0.678472 0.060156 0.168056 1.000000
0 77 0.575391 0.683333 0.063281 0.169444 1.000000
0 78 0.576172 0.684722 0.064844 0.172222 1.000000
0 79 0.576953 0.683333 0.066406 0.172222 1.000000
0 80 0.579688 0.683333 0.067187 0.172222 1.000000
0 81 0.582031 0.681944 0.067187 0.169444 1.000000
0 82 0.585156 0.681250 0.067187 0.168056 1.000000
0 83 0.588281 0.681250 0.067187 0.173611 1.000000
0 84 0.588672 0.680556 0.060156 0.175000 1.000000
0 85 0.587891 0.679167 0.055469 0.177778 1.000000
0 86 0.587109 0.679167 0.044531 0.177778 1.000000
0 87 0.586328 0.677778 0.036719 0.180556 1.000000
0 88 0.585938 0.677778 0.032813 0.180556 1.000000
0 89 0.587500 0.677778 0.032813 0.180556 1.000000
0 90 0.590234 0.681250 0.033594 0.179167 1.000000
0 91 0.593750 0.681944 0.039062 0.180556 1.000000
0 92 0.593359 0.684028 0.049219 0.184722 1.000000
0 93 0.593359 0.686111 0.060156 0.183333 1.000000
0 94 0.594141 0.686111 0.066406 0.183333 1.000000
0 95 0.595703 0.689583 0.069531 0.181944 1.000000
0 96 0.597266 0.691667 0.069531 0.186111 1.000000
0 97 0.599219 0.697222 0.067187 0.183333 1.000000
0 98 0.600000 0.697917 0.059375 0.181944 1.000000
0 99 0.598047 0.700000 0.055469 0.177778 1.000000
0 100 0.597266 0.699306 0.044531 0.170833 1.000000
0 101 0.591797 0.700694 0.044531 0.168056 1.000000
0 102 0.591016 0.699306 0.057031 0.170833 1.000000
0 103 0.594922 0.699306 0.071094 0.170833 1.000000
0 104 0.594922 0.695833 0.072656 0.177778 1.000000
0 105 0.599609 0.693056 0.058594 0.183333 1.000000
0 106 0.593750 0.684028 0.059375 0.195833 1.000000
0 107 0.593359 0.672917 0.055469 0.190278 1.000000
0 108 0.597656 0.670833 0.050000 0.169444 1.000000
0 109 0.598828 0.664583 0.052344 0.156944 1.000000
0 110 0.598437 0.658333 0.053125 0.155556 1.000000
0 111 0.592187 0.654861 0.053125 0.162500 1.000000
0 112 0.587500 0.654167 0.040625 0.166667 1.000000
0 113 0.590234 0.650000 0.038281 0.166667 1.000000
0 114 0.593750 0.645833 0.034375 0.175000 1.000000
0 115 0.598828 0.629167 0.035156 0.202778 1.000000
0 116 0.601953 0.618750 0.038281 0.218056 1.000000
0 117 0.609375 0.601389 0.040625 0.216667 1.000000
0 118 0.614453 0.586806 0.044531 0.218056 1.000000
0 119 0.617969 0.581250 0.054688 0.201389 1.000000
0 120 0.619922 0.573611 0.064844 0.177778 1.000000
0 121 0.623828 0.572222 0.066406 0.158333 1.000000
0 122 0.630469 0.569444 0.062500 0.169444 1.000000
0 123 0.642188 0.561806 0.062500 0.179167 1.000000
0 124 0.648047 0.552778 0.053906 0.180556 1.000000
0 125 0.650781 0.552778 0.056250 0.180556 1.000000
0 126 0.656250 0.533333 0.053125 0.197222 1.000000
0 127 0.662109 0.529861 0.047656 0.204167 1.000000
0 128 0.668750 0.540972 0.046875 0.176389 1.000000
0 129 0.672656 0.545139 0.053125 0.162500 1.000000
0 130 0.679688 0.544444 0.051562 0.161111 1.000000
0 131 0.683984 0.550000 0.053906 0.158333 1.000000
0 132 0.689453 0.559028 0.052344 0.159722 1.000000
0 133 0.693750 0.565278 0.053125 0.161111 1.000000
0 134 0.698047 0.577778 0.049219 0.163889 1.000000
0 135 0.701562 0.581944 0.045312 0.161111 1.000000
0 136 0.702734 0.583333 0.039844 0.155556 1.000000
0 137 0.707031 0.584722 0.046875 0.158333 1.000000
0 138 0.710938 0.583333 0.042188 0.158333 1.000000
0 139 0.713281 0.581250 0.039062 0.156944 1.000000
0 140 0.714453 0.579167 0.036719 0.158333 1.000000
0 141 0.715234 0.576389 0.036719 0.158333 1.000000
0 142 0.716797 0.573611 0.039844 0.158333 1.000000
0 143 0.717969 0.568056 0.042188 0.152778 1.000000
0 144 0.718359 0.563889 0.046094 0.150000 1.000000
0 145 0.717578 0.559722 0.047656 0.147222 1.000000
0 146 0.716016 0.556250 0.042969 0.148611 1.000000
0 147 0.716406 0.556944 0.039062 0.150000 1.000000
0 148 0.716406 0.556944 0.039062 0.150000 1.000000
0 149 0.716406 0.554167 0.034375 0.152778 1.000000
0 150 0.710547 0.552778 0.035156 0.150000 1.000000
0 151 0.708203 0.552778 0.036719 0.150000 1.000000
0 152 0.705469 0.552083 0.035937 0.145833 1.000000
0 153 0.701172 0.552083 0.033594 0.137500 1.000000
0 154 0.698047 0.552778 0.032031 0.138889 1.000000
0 155 0.692969 0.553472 0.031250 0.137500 1.000000
0 156 0.689844 0.552083 0.031250 0.140278 1.000000
0 157 0.685937 0.550694 0.029687 0.143056 1.000000
0 158 0.681641 0.549306 0.027344 0.145833 1.000000
0 159 0.678516 0.549306 0.027344 0.148611 1.000000
0 160 0.674609 0.547917 0.024219 0.151389 1.000000
0 161 0.668750 0.547917 0.028125 0.151389 1.000000
0 162 0.662500 0.547917 0.026562 0.151389 1.000000
0 163 0.659375 0.547917 0.026562 0.151389 1.000000
0 164 0.651953 0.547917 0.027344 0.151389 1.000000
0 165 0.645703 0.551389 0.027344 0.152778 1.000000
0 166 0.642578 0.555556 0.027344 0.152778 1.000000
0 167 0.637500 0.558333 0.031250 0.155556 1.000000
0 168 0.632031 0.561806 0.031250 0.156944 1.000000
0 169 0.627734 0.563194 0.030469 0.156944 1.000000
0 170 0.621875 0.566667 0.031250 0.161111 1.000000
0 171 0.617188 0.566667 0.031250 0.158333 1.000000
0 172 0.611719 0.568056 0.034375 0.158333 1.000000
0 173 0.605078 0.568750 0.035156 0.156944 1.000000
0 174 0.598437 0.569444 0.034375 0.158333 1.000000
0 175 0.591406 0.570833 0.031250 0.155556 1.000000
0 176 0.584375 0.569444 0.031250 0.158333 1.000000
0 177 0.578516 0.570833 0.028906 0.155556 1.000000
0 178 0.572656 0.573611 0.029687 0.155556 1.000000
0 179 0.567969 0.575694 0.029687 0.154167 1.000000
0 180 0.562109 0.583333 0.030469 0.166667 1.000000
0 181 0.557031 0.588194 0.029687 0.165278 1.000000
0 182 0.551953 0.590278 0.028906 0.163889 1.000000
0 183 0.547266 0.590972 0.028906 0.162500 1.000000
0 184 0.542188 0.592361 0.029687 0.159722 1.000000
0 185 0.538672 0.594444 0.028906 0.155556 1.000000
0 186 0.534375 0.595833 0.026562 0.152778 1.000000
0 187 0.527734 0.597222 0.030469 0.144444 1.000000
0 188 0.522656 0.597222 0.029687 0.138889 1.000000
0 189 0.519141 0.602083 0.032031 0.145833 1.000000
0 190 0.513672 0.610417 0.033594 0.154167 1.000000
0 191 0.509766 0.612500 0.035156 0.158333 1.000000
0 192 0.505078 0.613889 0.038281 0.161111 1.000000
0 193 0.501953 0.617361 0.038281 0.159722 1.000000
0 194 0.498047 0.621528 0.036719 0.162500 1.000000
0 195 0.492969 0.627083 0.032813 0.165278 1.000000
0 196 0.485938 0.622917 0.034375 0.156944 1.000000
0 197 0.478906 0.628472 0.032813 0.154167 1.000000
0 198 0.475781 0.631944 0.032813 0.161111 1.000000
0 199 0.472656 0.631944 0.032813 0.161111 1.000000
0 200 0.467578 0.629861 0.033594 0.165278 1.000000
0 201 0.462891 0.625000 0.035156 0.175000 1.000000
0 202 0.459766 0.611806 0.030469 0.195833 1.000000
0 203 0.452344 0.594444 0.034375 0.225000 1.000000
0 204 0.448047 0.586111 0.036719 0.225000 1.000000
0 205 0.442578 0.579861 0.041406 0.223611 1.000000
0 206 0.433594 0.577083 0.043750 0.218056 1.000000
0 207 0.424609 0.577083 0.041406 0.218056 1.000000
0 208 0.421484 0.577083 0.041406 0.218056 1.000000
0 209 0.416406 0.573611 0.037500 0.211111 1.000000
0 210 0.411719 0.573611 0.040625 0.211111 1.000000
0 211 0.408984 0.572222 0.047656 0.208333 1.000000
0 212 0.407031 0.571528 0.053125 0.206944 1.000000
0 213 0.406250 0.571528 0.057813 0.206944 1.000000
0 214 0.405078 0.582639 0.061719 0.229167 1.000000
0 215 0.406250 0.581944 0.060937 0.205556 1.000000
0 216 0.403906 0.591667 0.064062 0.208333 1.000000
0 217 0.399219 0.601389 0.067187 0.208333 1.000000
0 218 0.398828 0.615972 0.064844 0.206944 1.000000
0 219 0.397656 0.636111 0.064062 0.169444 1.000000
0 220 0.395313 0.638194 0.064062 0.162500 1.000000
0 221 0.392969 0.637500 0.056250 0.169444 1.000000
0 222 0.392578 0.642361 0.053906 0.162500 1.000000
0 223 0.394141 0.640278 0.055469 0.158333 1.000000
0 224 0.396875 0.639583 0.057813 0.156944 1.000000
0 225 0.398828 0.638889 0.060156 0.163889 1.000000
0 226 0.405859 0.638194 0.058594 0.162500 1.000000
0 227 0.410156 0.637500 0.060937 0.161111 1.000000
0 228 0.418359 0.639583 0.050781 0.165278 1.000000
0 229 0.427734 0.639583 0.041406 0.165278 1.000000
0 230 0.437891 0.641667 0.041406 0.169444 1.000000
0 231 0.448828 0.643056 0.046094 0.166667 1.000000
0 232 0.460547 0.643750 0.046094 0.162500 1.000000
0 233 0.469531 0.642361 0.046875 0.162500 1.000000
0 234 0.478125 0.642361 0.050000 0.162500 1.000000
0 235 0.485938 0.642361 0.046875 0.162500 1.000000
0 236 0.492188 0.649306 0.046875 0.176389 1.000000
0 237 0.500000 0.650000 0.050000 0.177778 1.000000
0 238 0.508203 0.652083 0.047656 0.176389 1.000000
0 239 0.514453 0.653472 0.044531 0.176389 1.000000
0 240 0.520703 0.653472 0.042969 0.173611 1.000000
0 241 0.526172 0.651389 0.038281 0.180556 1.000000
0 242 0.529297 0.650000 0.038281 0.177778 1.000000
0 243 0.536719 0.649306 0.035937 0.176389 1.000000
0 244 0.542969 0.650694 0.037500 0.173611 1.000000
0 245 0.552344 0.650694 0.040625 0.170833 1.000000
0 246 0.560937 0.652083 0.043750 0.168056 1.000000
0 247 0.559766 0.652778 0.044531 0.166667 1.000000
0 248 0.567578 0.653472 0.049219 0.168056 1.000000
0 249 0.580078 0.659722 0.061719 0.163889 1.000000
0 250 0.584375 0.661806 0.064062 0.165278 1.000000
0 251 0.588281 0.664583 0.068750 0.168056 1.000000
0 252 0.593359 0.667361 0.064844 0.168056 1.000000
0 253 0.596094 0.667361 0.065625 0.168056 1.000000
0 254 0.601172 0.667361 0.061719 0.168056 1.000000
0 255 0.607812 0.666667 0.060937 0.172222 1.000000
0 256 0.612500 0.668056 0.057813 0.169444 1.000000
0 257 0.621484 0.668750 0.055469 0.168056 1.000000
0 258 0.630078 0.668056 0.052344 0.169444 1.000000
0 259 0.637500 0.668056 0.051562 0.169444 1.000000
0 260 0.639844 0.669444 0.046875 0.166667 1.000000
0 261 0.641797 0.668750 0.052344 0.168056 1.000000
0 262 0.655078 0.670139 0.030469 0.168056 1.000000
0 263 0.661328 0.670139 0.030469 0.168056 1.000000
0 264 0.667188 0.669444 0.043750 0.163889 1.000000
0 265 0.679297 0.670833 0.042969 0.163889 1.000000
0 266 0.680469 0.671528 0.054688 0.165278 1.000000
0 267 0.685156 0.673611 0.059375 0.163889 1.000000
0 268 0.689063 0.675694 0.060937 0.168056 1.000000
0 269 0.692187 0.675694 0.060937 0.168056 1.000000
0 270 0.697656 0.675694 0.062500 0.170833 1.000000
0 271 0.702734 0.675694 0.060156 0.170833 1.000000
0 272 0.707422 0.677083 0.058594 0.170833 1.000000
