0 1 0.805859 0.616667 0.024219 0.172222 1.000000
0 2 0.805859 0.616667 0.024219 0.172222 1.000000
0 3 0.804297 0.616667 0.024219 0.172222 1.000000
0 4 0.803516 0.616667 0.024219 0.172222 1.000000
0 5 0.801953 0.613889 0.024219 0.172222 1.000000
0 6 0.800391 0.613889 0.024219 0.172222 1.000000
0 7 0.798047 0.612500 0.024219 0.172222 1.000000
0 8 0.796484 0.612500 0.024219 0.172222 1.000000
0 9 0.793359 0.609722 0.024219 0.172222 1.000000
0 10 0.791016 0.606944 0.024219 0.172222 1.000000
0 11 0.787891 0.604167 0.024219 0.172222 1.000000
0 12 0.784766 0.602778 0.024219 0.175000 1.000000
0 13 0.781641 0.600000 0.024219 0.175000 1.000000
0 14 0.777734 0.597222 0.024219 0.175000 1.000000
0 15 0.773047 0.595833 0.024219 0.169444 1.000000
0 16 0.773047 0.595833 0.024219 0.169444 1.000000
0 17 0.768359 0.593056 0.024219 0.169444 1.000000
0 18 0.759766 0.591667 0.024219 0.169444 1.000000
0 19 0.755078 0.591667 0.024219 0.169444 1.000000
0 20 0.749609 0.591667 0.024219 0.169444 1.000000
0 21 0.744922 0.591667 0.024219 0.169444 1.000000
0 22 0.739453 0.593056 0.024219 0.169444 1.000000
0 23 0.733984 0.593056 0.024219 0.169444 1.000000
0 24 0.728516 0.593056 0.024219 0.169444 1.000000
0 25 0.723047 0.593056 0.024219 0.169444 1.000000
0 26 0.717578 0.593056 0.024219 0.169444 1.000000
0 27 0.712109 0.593056 0.024219 0.169444 1.000000
0 28 0.706641 0.593056 0.024219 0.169444 1.000000
0 29 0.701172 0.593056 0.024219 0.169444 1.000000
0 30 0.696484 0.594444 0.022656 0.169444 1.000000
0 31 0.691016 0.594444 0.022656 0.169444 1.000000
0 32 0.685547 0.594444 0.022656 0.169444 1.000000
0 33 0.680078 0.595833 0.022656 0.169444 1.000000
0 34 0.675391 0.595833 0.022656 0.169444 1.000000
0 35 0.669922 0.595833 0.022656 0.169444 1.000000
0 36 0.665234 0.595833 0.022656 0.169444 1.000000
0 37 0.659766 0.595833 0.022656 0.169444 1.000000
0 38 0.654297 0.595833 0.022656 0.169444 1.000000
0 39 0.648047 0.595833 0.022656 0.169444 1.000000
0 40 0.641797 0.595833 0.022656 0.169444 1.000000
0 41 0.635547 0.594444 0.022656 0.169444 1.000000
0 42 0.631641 0.595833 0.025781 0.169444 1.000000
0 43 0.624609 0.595139 0.027344 0.168056 1.000000
0 44 0.618359 0.595139 0.030469 0.168056 1.000000
0 45 0.611328 0.593750 0.030469 0.168056 1.000000
0 46 0.603125 0.593750 0.032813 0.168056 1.000000
0 47 0.595313 0.593750 0.035937 0.168056 1.000000
0 48 0.585156 0.595139 0.035937 0.168056 1.000000
0 49 0.575000 0.595139 0.035937 0.168056 1.000000
0 50 0.564063 0.593750 0.034375 0.168056 1.000000
0 51 0.553516 0.593750 0.033594 0.168056 1.000000
0 52 0.541016 0.593750 0.033594 0.170833 1.000000
0 53 0.528516 0.593750 0.033594 0.170833 1.000000
0 54 0.515234 0.592361 0.033594 0.170833 1.000000
0 55 0.501172 0.588889 0.033594 0.169444 1.000000
0 56 0.487109 0.586111 0.033594 0.166667 1.000000
0 57 0.473828 0.583333 0.033594 0.166667 1.000000
0 58 0.457422 0.582639 0.032031 0.165278 1.000000
0 59 0.441406 0.582639 0.029687 0.162500 1.000000
0 60 0.427734 0.585417 0.032031 0.162500 1.000000
0 61 0.414453 0.588194 0.030469 0.165278 1.000000
0 62 0.402734 0.590972 0.030469 0.162500 1.000000
0 63 0.390625 0.593750 0.032813 0.159722 1.000000
0 64 0.380078 0.596528 0.032031 0.159722 1.000000
0 65 0.370703 0.597222 0.030469 0.163889 1.000000
0 66 0.362891 0.597222 0.033594 0.163889 1.000000
0 67 0.354297 0.597222 0.035156 0.163889 1.000000
0 68 0.348828 0.597222 0.033594 0.163889 1.000000
0 69 0.344141 0.593056 0.033594 0.161111 1.000000
0 70 0.341016 0.593056 0.030469 0.161111 1.000000
0 71 0.340234 0.586806 0.028906 0.159722 1.000000
0 72 0.339453 0.584722 0.027344 0.155556 1.000000
0 73 0.339453 0.579861 0.027344 0.154167 1.000000
0 74 0.339453 0.577778 0.027344 0.150000 1.000000
0 75 0.339844 0.576389 0.026562 0.147222 1.000000
0 76 0.341406 0.576389 0.026562 0.147222 1.000000
0 77 0.342969 0.576389 0.026562 0.147222 1.000000
0 78 0.345313 0.575000 0.028125 0.144444 1.000000
0 79 0.348438 0.574306 0.028125 0.143056 1.000000
0 80 0.352344 0.572917 0.028125 0.143056 1.000000
0 81 0.357422 0.572917 0.025781 0.143056 1.000000
0 82 0.362109 0.572917 0.025781 0.143056 1.000000
0 83 0.366797 0.572917 0.025781 0.143056 1.000000
0 84 0.371484 0.570139 0.024219 0.143056 1.000000
0 85 0.376953 0.570139 0.024219 0.143056 1.000000
0 86 0.383203 0.568750 0.024219 0.143056 1.000000
0 87 0.387891 0.568750 0.024219 0.143056 1.000000
0 88 0.393359 0.568750 0.025781 0.143056 1.000000
0 89 0.399609 0.568750 0.025781 0.143056 1.000000
0 90 0.405078 0.568750 0.025781 0.143056 1.000000
0 91 0.410547 0.567361 0.027344 0.145833 1.000000
0 92 0.416016 0.567361 0.027344 0.145833 1.000000
0 93 0.421484 0.567361 0.027344 0.145833 1.000000
0 94 0.426953 0.567361 0.027344 0.145833 1.000000
0 95 0.431641 0.568056 0.025781 0.147222 1.000000
0 96 0.436328 0.569444 0.027344 0.147222 1.000000
0 97 0.440625 0.569444 0.026562 0.147222 1.000000
0 98 0.444141 0.569444 0.025781 0.147222 1.000000
0 99 0.448828 0.568056 0.025781 0.150000 1.000000
0 100 0.452344 0.568056 0.025000 0.150000 1.000000
0 101 0.456250 0.566667 0.025000 0.152778 1.000000
0 102 0.460156 0.563889 0.025000 0.152778 1.000000
0 103 0.463281 0.563889 0.025000 0.152778 1.000000
0 104 0.466797 0.562500 0.025781 0.155556 1.000000
0 105 0.469531 0.562500 0.026562 0.155556 1.000000
0 106 0.472656 0.562500 0.026562 0.155556 1.000000
0 107 0.475781 0.562500 0.026562 0.155556 1.000000
0 108 0.478906 0.563889 0.026562 0.152778 1.000000
0 109 0.481250 0.563889 0.026562 0.152778 1.000000
0 110 0.484375 0.563889 0.026562 0.152778 1.000000
0 111 0.487500 0.563889 0.026562 0.152778 1.000000
0 112 0.491406 0.563194 0.029687 0.151389 1.000000
0 113 0.494922 0.562500 0.028906 0.150000 1.000000
0 114 0.500000 0.559028 0.029687 0.148611 1.000000
0 115 0.506250 0.556250 0.029687 0.148611 1.000000
0 116 0.512891 0.550694 0.027344 0.137500 1.000000
0 117 0.521094 0.538194 0.029687 0.118056 1.000000
0 118 0.528125 0.545833 0.028125 0.133333 1.000000
0 119 0.537891 0.544444 0.028906 0.130556 1.000000
0 120 0.545703 0.545139 0.028906 0.131944 1.000000
0 121 0.552734 0.542361 0.027344 0.131944 1.000000
0 122 0.558984 0.540278 0.027344 0.136111 1.000000
0 123 0.566797 0.536806 0.027344 0.143056 1.000000
0 124 0.572266 0.529167 0.022656 0.152778 1.000000
0 125 0.579297 0.517361 0.027344 0.154167 1.000000
0 126 0.585547 0.507639 0.027344 0.140278 1.000000
0 127 0.591797 0.506250 0.027344 0.137500 1.000000
0 128 0.598437 0.506250 0.026562 0.137500 1.000000
0 129 0.604688 0.506250 0.029687 0.137500 1.000000
0 130 0.613281 0.518750 0.032813 0.156944 1.000000
0 131 0.619922 0.518750 0.036719 0.156944 1.000000
0 132 0.625000 0.523611 0.037500 0.150000 1.000000
0 133 0.630078 0.518750 0.035156 0.131944 1.000000
0 134 0.635938 0.511806 0.040625 0.109722 1.000000
0 135 0.642188 0.511111 0.040625 0.102778 1.000000
0 136 0.645312 0.511806 0.040625 0.090278 1.000000
0 137 0.646875 0.520833 0.039062 0.091667 1.000000
0 138 0.648047 0.528472 0.039844 0.095833 1.000000
0 139 0.651172 0.535417 0.038281 0.095833 1.000000
0 140 0.651563 0.537500 0.034375 0.091667 1.000000
0 141 0.652734 0.543056 0.032031 0.091667 1.000000
0 142 0.652734 0.554167 0.032031 0.113889 1.000000
0 143 0.653516 0.563889 0.033594 0.127778 1.000000
0 144 0.651172 0.568750 0.038281 0.131944 1.000000
0 145 0.648438 0.568750 0.040625 0.131944 1.000000
0 146 0.642578 0.569444 0.049219 0.130556 1.000000
0 147 0.638281 0.569444 0.054688 0.130556 1.000000
0 148 0.638672 0.569444 0.057031 0.130556 1.000000
0 149 0.634766 0.569444 0.058594 0.130556 1.000000
0 150 0.626953 0.563889 0.058594 0.136111 1.000000
0 151 0.622266 0.561111 0.058594 0.136111 1.000000
0 152 0.616016 0.560417 0.053906 0.137500 1.000000
0 153 0.606641 0.555556 0.050781 0.127778 1.000000
0 154 0.592187 0.553472 0.040625 0.120833 1.000000
0 155 0.584375 0.553472 0.045312 0.118056 1.000000
0 156 0.579688 0.553472 0.045312 0.118056 1.000000
0 157 0.573438 0.552778 0.048438 0.116667 1.000000
0 158 0.568750 0.552778 0.048438 0.119444 1.000000
0 159 0.564453 0.551389 0.049219 0.122222 1.000000
0 160 0.557031 0.548611 0.042188 0.127778 1.000000
0 161 0.548438 0.545833 0.035937 0.130556 1.000000
0 162 0.542188 0.543056 0.035937 0.133333 1.000000
0 163 0.532422 0.540278 0.028906 0.133333 1.000000
0 164 0.526953 0.534722 0.027344 0.133333 1.000000
0 165 0.521484 0.530556 0.025781 0.130556 1.000000
0 166 0.514844 0.526389 0.029687 0.127778 1.000000
0 167 0.509375 0.525000 0.031250 0.130556 1.000000
0 168 0.503906 0.523611 0.035937 0.133333 1.000000
0 169 0.496484 0.522222 0.041406 0.136111 1.000000
0 170 0.490234 0.521528 0.044531 0.137500 1.000000
0 171 0.484375 0.521528 0.043750 0.137500 1.000000
0 172 0.477734 0.520139 0.042969 0.134722 1.000000
0 173 0.469922 0.517361 0.042969 0.131944 1.000000
0 174 0.462109 0.515278 0.041406 0.127778 1.000000
0 175 0.453906 0.511111 0.037500 0.125000 1.000000
0 176 0.448047 0.507639 0.035156 0.123611 1.000000
0 177 0.442578 0.507639 0.033594 0.123611 1.000000
0 178 0.437109 0.506250 0.032031 0.126389 1.000000
0 179 0.432422 0.506250 0.032031 0.126389 1.000000
0 180 0.427734 0.507639 0.032031 0.123611 1.000000
0 181 0.423047 0.506250 0.032031 0.120833 1.000000
0 182 0.417187 0.505556 0.034375 0.116667 1.000000
0 183 0.412109 0.506944 0.033594 0.113889 1.000000
0 184 0.407031 0.506944 0.032813 0.113889 1.000000
0 185 0.402344 0.506944 0.032813 0.113889 1.000000
0 186 0.397656 0.506944 0.032813 0.113889 1.000000
0 187 0.392188 0.506944 0.031250 0.113889 1.000000
0 188 0.387500 0.506944 0.031250 0.116667 1.000000
0 189 0.382031 0.506944 0.031250 0.116667 1.000000
0 190 0.376953 0.506944 0.030469 0.116667 1.000000
0 191 0.372266 0.508333 0.030469 0.113889 1.000000
0 192 0.366016 0.511806 0.030469 0.118056 1.000000
0 193 0.362109 0.514583 0.028906 0.123611 1.000000
0 194 0.357422 0.517361 0.028906 0.123611 1.000000
0 195 0.351953 0.521528 0.028906 0.123611 1.000000
0 196 0.348438 0.522917 0.029687 0.126389 1.000000
0 197 0.343750 0.526389 0.028125 0.127778 1.000000
0 198 0.338281 0.527778 0.028125 0.125000 1.000000
0 199 0.335156 0.529167 0.028125 0.122222 1.000000
0 200 0.330469 0.530556 0.028125 0.125000 1.000000
0 201 0.325781 0.532639 0.028125 0.120833 1.000000
0 202 0.321875 0.532639 0.029687 0.120833 1.000000
0 203 0.317188 0.535417 0.029687 0.120833 1.000000
0 204 0.312500 0.537500 0.029687 0.122222 1.000000
0 205 0.307812 0.540972 0.031250 0.126389 1.000000
0 206 0.302734 0.543056 0.032031 0.130556 1.000000
0 207 0.297656 0.544444 0.031250 0.133333 1.000000
0 208 0.292969 0.544444 0.031250 0.133333 1.000000
0 209 0.287500 0.544444 0.031250 0.133333 1.000000
0 210 0.282031 0.544444 0.031250 0.133333 1.000000
0 211 0.277344 0.544444 0.031250 0.133333 1.000000
0 212 0.272656 0.544444 0.031250 0.133333 1.000000
0 213 0.267969 0.543056 0.031250 0.133333 1.000000
0 214 0.263281 0.544444 0.031250 0.141667 1.000000
0 215 0.260937 0.546528 0.029687 0.140278 1.000000
0 216 0.259766 0.546528 0.035156 0.140278 1.000000
0 217 0.258594 0.546528 0.039062 0.140278 1.000000
0 218 0.257422 0.547917 0.041406 0.143056 1.000000
0 219 0.255859 0.547917 0.042969 0.143056 1.000000
0 220 0.256250 0.547917 0.046875 0.143056 1.000000
0 221 0.258203 0.547917 0.050781 0.143056 1.000000
0 222 0.259375 0.547917 0.050000 0.143056 1.000000
0 223 0.260156 0.547917 0.048438 0.143056 1.000000
0 224 0.262891 0.548611 0.047656 0.141667 1.000000
0 225 0.265625 0.548611 0.046875 0.141667 1.000000
0 226 0.271094 0.548611 0.042188 0.141667 1.000000
0 227 0.276953 0.547222 0.038281 0.141667 1.000000
0 228 0.285156 0.545833 0.032813 0.141667 1.000000
0 229 0.292578 0.545139 0.028906 0.143056 1.000000
0 230 0.301563 0.546528 0.026562 0.145833 1.000000
0 231 0.307812 0.548611 0.026562 0.150000 1.000000
0 232 0.315625 0.548611 0.025000 0.150000 1.000000
0 233 0.322656 0.550000 0.025000 0.150000 1.000000
0 234 0.332031 0.552083 0.034375 0.145833 1.000000
0 235 0.337500 0.553472 0.034375 0.148611 1.000000
0 236 0.342969 0.553472 0.034375 0.148611 1.000000
0 237 0.349219 0.553472 0.032813 0.148611 1.000000
0 238 0.355078 0.553472 0.030469 0.148611 1.000000
0 239 0.362500 0.553472 0.025000 0.148611 1.000000
0 240 0.369531 0.553472 0.025000 0.148611 1.000000
0 241 0.378516 0.550694 0.022656 0.148611 1.000000
0 242 0.383984 0.552083 0.022656 0.151389 1.000000
0 243 0.391016 0.552083 0.024219 0.151389 1.000000
0 244 0.396484 0.552083 0.028906 0.151389 1.000000
0 245 0.401953 0.552778 0.030469 0.150000 1.000000
0 246 0.405078 0.552778 0.030469 0.150000 1.000000
0 247 0.405078 0.552778 0.030469 0.150000 1.000000
0 248 0.410156 0.556944 0.028125 0.147222 1.000000
0 249 0.429297 0.555556 0.038281 0.133333 1.000000
0 250 0.432422 0.556944 0.038281 0.130556 1.000000
0 251 0.435547 0.555556 0.038281 0.127778 1.000000
0 252 0.439453 0.555556 0.036719 0.127778 1.000000
0 253 0.442578 0.553472 0.041406 0.131944 1.000000
0 254 0.443750 0.552083 0.045312 0.134722 1.000000
0 255 0.444922 0.550000 0.047656 0.138889 1.000000
0 256 0.441406 0.550000 0.042188 0.147222 1.000000
0 257 0.442188 0.545833 0.042188 0.147222 1.000000
0 258 0.442578 0.543750 0.044531 0.151389 1.000000
0 259 0.444141 0.546528 0.047656 0.156944 1.000000
0 260 0.445703 0.546528 0.047656 0.156944 1.000000
0 261 0.446094 0.547917 0.050000 0.159722 1.000000
0 262 0.447656 0.552083 0.050000 0.159722 1.000000
0 263 0.448047 0.552083 0.047656 0.159722 1.000000
0 264 0.447656 0.556250 0.046875 0.159722 1.000000
0 265 0.446094 0.557639 0.046875 0.156944 1.000000
0 266 0.446484 0.557639 0.050781 0.154167 1.000000
0 267 0.448828 0.560417 0.052344 0.154167 1.000000
0 268 0.450000 0.561806 0.053125 0.156944 1.000000
0 269 0.449219 0.561111 0.054688 0.158333 1.000000
0 270 0.448437 0.561111 0.054688 0.158333 1.000000
0 271 0.446094 0.559722 0.054688 0.158333 1.000000
0 272 0.444531 0.559722 0.051562 0.158333 1.000000
