0 1 0.371875 0.499537 0.095833 0.175000 0.000000 0.000000 1.000000
0 2 0.372917 0.498148 0.096875 0.174074 0.001042 -0.001389 1.000000
0 3 0.371615 0.500926 0.091146 0.170370 -0.001302 0.002778 1.000000
0 4 0.371615 0.503704 0.089063 0.164815 0.000000 0.002778 1.000000
0 5 0.372135 0.506944 0.086979 0.158333 0.000521 0.003241 1.000000
0 6 0.372917 0.506944 0.083333 0.158333 0.000781 0.000000 1.000000
0 7 0.377604 0.509259 0.075000 0.153704 0.004687 0.002315 1.000000
0 8 0.376563 0.514815 0.075000 0.144444 -0.001042 0.005556 1.000000
0 9 0.376563 0.516204 0.076042 0.143519 0.000000 0.001389 1.000000
0 10 0.376823 0.515278 0.075521 0.143519 0.000260 -0.000926 1.000000
0 11 0.376042 0.514815 0.076042 0.144444 -0.000781 -0.000463 1.000000
0 12 0.376823 0.512500 0.076563 0.149074 0.000781 -0.002315 1.000000
0 13 0.376823 0.509722 0.076563 0.158333 0.000000 -0.002778 1.000000
0 14 0.376042 0.492130 0.077083 0.193519 -0.000781 -0.017593 1.000000
0 15 0.377083 0.481944 0.077083 0.213889 0.001042 -0.010185 1.000000
0 16 0.372656 0.456019 0.084896 0.262037 -0.004427 -0.025926 1.000000
0 17 0.372917 0.449537 0.084375 0.276852 0.000260 -0.006481 1.000000
0 18 0.371875 0.451852 0.086458 0.268519 -0.001042 0.002315 1.000000
0 19 0.371615 0.463889 0.086979 0.244444 -0.000260 0.012037 1.000000
0 20 0.371094 0.455556 0.088021 0.261111 -0.000521 -0.008333 1.000000
0 21 0.371354 0.454630 0.087500 0.261111 0.000260 -0.000926 1.000000
0 22 0.370312 0.452778 0.087500 0.264815 -0.001042 -0.001852 1.000000
0 23 0.369792 0.446759 0.087500 0.276852 -0.000521 -0.006019 1.000000
0 24 0.364063 0.441667 0.086458 0.288889 -0.005729 -0.005093 1.000000
0 25 0.364844 0.441204 0.083854 0.289815 0.000781 -0.000463 1.000000
0 26 0.363802 0.439815 0.077604 0.290741 -0.001042 -0.001389 1.000000
0 27 0.363542 0.439815 0.076042 0.290741 -0.000260 0.000000 1.000000
0 28 0.363281 0.438889 0.074479 0.292593 -0.000260 -0.000926 1.000000
0 29 0.361979 0.440741 0.073958 0.290741 -0.001302 0.001852 1.000000
0 30 0.358073 0.442593 0.069271 0.283333 -0.003906 0.001852 1.000000
0 31 0.354427 0.442130 0.073438 0.284259 -0.003646 -0.000463 1.000000
0 32 0.351302 0.438426 0.071354 0.289815 -0.003125 -0.003704 1.000000
0 33 0.355729 0.440278 0.068750 0.284259 0.004427 0.001852 1.000000
0 34 0.365885 0.442593 0.057813 0.277778 0.010156 0.002315 1.000000
0 35 0.365625 0.443056 0.057292 0.278704 -0.000260 0.000463 1.000000
0 36 0.359115 0.443056 0.066146 0.278704 -0.006510 0.000000 1.000000
0 37 0.361979 0.442593 0.067708 0.277778 0.002865 -0.000463 1.000000
0 38 0.367448 0.443519 0.053646 0.275926 0.005469 0.000926 1.000000
0 39 0.368750 0.442593 0.062500 0.277778 0.001302 -0.000926 1.000000
0 40 0.371875 0.443519 0.066667 0.275926 0.003125 0.000926 1.000000
0 41 0.370833 0.443056 0.065625 0.275000 -0.001042 -0.000463 1.000000
0 42 0.365365 0.439352 0.055729 0.278704 -0.005469 -0.003704 1.000000
0 43 0.363021 0.437037 0.063542 0.283333 -0.002344 -0.002315 1.000000
0 44 0.358073 0.433333 0.074479 0.290741 -0.004948 -0.003704 1.000000
0 45 0.356771 0.431944 0.077083 0.291667 -0.001302 -0.001389 1.000000
0 46 0.357812 0.430556 0.082292 0.281481 0.001042 -0.001389 1.000000
0 47 0.355729 0.435185 0.086458 0.281481 -0.002083 0.004630 1.000000
0 48 0.352083 0.438889 0.083333 0.283333 -0.003646 0.003704 1.000000
0 49 0.351302 0.439815 0.082812 0.281481 -0.000781 0.000926 1.000000
0 50 0.350521 0.448148 0.082292 0.264815 -0.000781 0.008333 1.000000
0 51 0.350521 0.448611 0.083333 0.263889 0.000000 0.000463 1.000000
0 52 0.350521 0.448611 0.082292 0.260185 0.000000 0.000000 1.000000
0 53 0.350521 0.450000 0.080208 0.255556 0.000000 0.001389 1.000000
0 54 0.350000 0.447685 0.080208 0.256481 -0.000521 -0.002315 1.000000
0 55 0.349219 0.446759 0.079687 0.258333 -0.000781 -0.000926 1.000000
0 56 0.349740 0.445370 0.081771 0.261111 0.000521 -0.001389 1.000000
0 57 0.348958 0.445370 0.081250 0.261111 -0.000781 0.000000 1.000000
0 58 0.347135 0.444907 0.080729 0.262037 -0.001823 -0.000463 1.000000
0 59 0.345573 0.445370 0.081771 0.261111 -0.001563 0.000463 1.000000
0 60 0.342708 0.443519 0.086458 0.264815 -0.002865 -0.001852 1.000000
0 61 0.342969 0.443519 0.084896 0.264815 0.000260 0.000000 1.000000
0 62 0.342969 0.443981 0.086979 0.263889 0.000000 0.000463 1.000000
0 63 0.343750 0.446296 0.084375 0.262963 0.000781 0.002315 1.000000
0 64 0.345573 0.447222 0.081771 0.259259 0.001823 0.000926 1.000000
0 65 0.342969 0.447222 0.085938 0.259259 -0.002604 0.000000 1.000000
0 66 0.347656 0.448148 0.077604 0.259259 0.004687 0.000926 1.000000
0 67 0.347917 0.447222 0.078125 0.259259 0.000260 -0.000926 1.000000
0 68 0.347396 0.447222 0.078125 0.259259 -0.000521 0.000000 1.000000
0 69 0.347656 0.447222 0.078646 0.259259 0.000260 0.000000 1.000000
0 70 0.347396 0.446296 0.078125 0.259259 -0.000260 -0.000926 1.000000
0 71 0.346875 0.445370 0.078125 0.261111 -0.000521 -0.000926 1.000000
0 72 0.346094 0.446296 0.076563 0.259259 -0.000781 0.000926 1.000000
0 73 0.346094 0.446296 0.076563 0.259259 0.000000 0.000000 1.000000
0 74 0.345052 0.445833 0.076563 0.260185 -0.001042 -0.000463 1.000000
0 75 0.345833 0.445833 0.075000 0.260185 0.000781 0.000000 1.000000
0 76 0.346094 0.444907 0.077604 0.262037 0.000260 -0.000926 1.000000
0 77 0.347656 0.443056 0.079687 0.265741 0.001563 -0.001852 1.000000
0 78 0.348958 0.441667 0.077083 0.266667 0.001302 -0.001389 1.000000
0 79 0.347396 0.440741 0.080208 0.268519 -0.001563 -0.000926 1.000000
0 80 0.340625 0.438889 0.109375 0.272222 -0.006771 -0.001852 1.000000
0 81 0.336458 0.437963 0.127083 0.274074 -0.004167 -0.000926 1.000000
0 82 0.340625 0.435648 0.126042 0.276852 0.004167 -0.002315 1.000000
0 83 0.337760 0.435185 0.110937 0.279630 -0.002865 -0.000463 1.000000
0 84 0.344271 0.431944 0.081250 0.271296 0.006510 -0.003241 1.000000
0 85 0.343229 0.431944 0.072917 0.269444 -0.001042 0.000000 1.000000
0 86 0.348698 0.434259 0.066146 0.264815 0.005469 0.002315 1.000000
0 87 0.348177 0.434722 0.061979 0.263889 -0.000521 0.000463 1.000000
0 88 0.346354 0.433333 0.058333 0.268519 -0.001823 -0.001389 1.000000
0 89 0.345573 0.432407 0.058854 0.270370 -0.000781 -0.000926 1.000000
0 90 0.341667 0.425463 0.066667 0.282407 -0.003906 -0.006944 1.000000
0 91 0.340625 0.423611 0.066667 0.286111 -0.001042 -0.001852 1.000000
0 92 0.343750 0.418056 0.058333 0.287963 0.003125 -0.005556 1.000000
0 93 0.340625 0.418056 0.061458 0.287963 -0.003125 0.000000 1.000000
0 94 0.335938 0.420370 0.058333 0.281481 -0.004687 0.002315 1.000000
0 95 0.333854 0.422685 0.057292 0.278704 -0.002083 0.002315 1.000000
0 96 0.332292 0.428241 0.054167 0.265741 -0.001563 0.005556 1.000000
0 97 0.331510 0.428704 0.053646 0.264815 -0.000781 0.000463 1.000000
0 98 0.333333 0.426852 0.057292 0.270370 0.001823 -0.001852 1.000000
0 99 0.334115 0.425000 0.057813 0.274074 0.000781 -0.001852 1.000000
0 100 0.340625 0.422685 0.059375 0.278704 0.006510 -0.002315 1.000000
0 101 0.344271 0.421296 0.057292 0.279630 0.003646 -0.001389 1.000000
0 102 0.344271 0.421296 0.035417 0.279630 0.000000 0.000000 1.000000
0 103 0.347135 0.421759 0.041146 0.278704 0.002865 0.000463 1.000000
0 104 0.351562 0.421759 0.048958 0.278704 0.004427 0.000000 1.000000
0 105 0.358073 0.421759 0.055729 0.278704 0.006510 0.000000 1.000000
0 106 0.364063 0.421759 0.065625 0.278704 0.005990 0.000000 1.000000
0 107 0.364583 0.424537 0.072917 0.275000 0.000521 0.002778 1.000000
0 108 0.365885 0.425000 0.076563 0.275926 0.001302 0.000463 1.000000
0 109 0.366406 0.425463 0.076563 0.276852 0.000521 0.000463 1.000000
0 110 0.369531 0.426389 0.079687 0.275000 0.003125 0.000926 1.000000
0 111 0.370833 0.426389 0.077083 0.273148 0.001302 0.000000 1.000000
0 112 0.371354 0.425926 0.075000 0.270370 0.000521 -0.000463 1.000000
0 113 0.371615 0.425926 0.074479 0.270370 0.000260 0.000000 1.000000
0 114 0.370052 0.426389 0.074479 0.269444 -0.001563 0.000463 1.000000
0 115 0.370833 0.426852 0.075000 0.268519 0.000781 0.000463 1.000000
0 116 0.369792 0.427778 0.075000 0.268519 -0.001042 0.000926 1.000000
0 117 0.370833 0.429630 0.071875 0.266667 0.001042 0.001852 1.000000
0 118 0.376042 0.433333 0.063542 0.261111 0.005208 0.003704 1.000000
0 119 0.378385 0.436111 0.059896 0.255556 0.002344 0.002778 1.000000
0 120 0.381510 0.439815 0.053646 0.250000 0.003125 0.003704 1.000000
0 121 0.382292 0.443981 0.054167 0.241667 0.000781 0.004167 1.000000
0 122 0.380990 0.448611 0.055729 0.228704 -0.001302 0.004630 1.000000
0 123 0.380208 0.451852 0.055208 0.218519 -0.000781 0.003241 1.000000
0 124 0.378906 0.454167 0.050521 0.212037 -0.001302 0.002315 1.000000
0 125 0.379427 0.454630 0.047396 0.209259 0.000521 0.000463 1.000000
0 126 0.376823 0.455093 0.047396 0.204630 -0.002604 0.000463 1.000000
0 127 0.374479 0.455556 0.050000 0.203704 -0.002344 0.000463 1.000000
0 128 0.372135 0.457870 0.050521 0.199074 -0.002344 0.002315 1.000000
0 129 0.371354 0.458796 0.053125 0.195370 -0.000781 0.000926 1.000000
0 130 0.369010 0.460648 0.052604 0.193519 -0.002344 0.001852 1.000000
0 131 0.367708 0.444907 0.054167 0.226852 -0.001302 -0.015741 1.000000
0 132 0.367188 0.418056 0.053125 0.275000 -0.000521 -0.026852 1.000000
0 133 0.366667 0.406944 0.053125 0.287963 -0.000521 -0.011111 1.000000
0 134 0.363802 0.386111 0.052604 0.294444 -0.002865 -0.020833 1.000000
0 135 0.362240 0.379167 0.052604 0.293519 -0.001563 -0.006944 1.000000
0 136 0.358073 0.378704 0.057813 0.300000 -0.004167 -0.000463 1.000000
0 137 0.357812 0.379167 0.057292 0.300926 -0.000260 0.000463 1.000000
0 138 0.354687 0.380556 0.061458 0.300000 -0.003125 0.001389 1.000000
0 139 0.354687 0.381481 0.061458 0.300000 0.000000 0.000926 1.000000
0 140 0.354427 0.384722 0.065104 0.295370 -0.000260 0.003241 1.000000
0 141 0.353385 0.387500 0.063021 0.291667 -0.001042 0.002778 1.000000
0 142 0.354167 0.392130 0.067708 0.284259 0.000781 0.004630 1.000000
0 143 0.354687 0.394907 0.068750 0.278704 0.000521 0.002778 1.000000
0 144 0.354167 0.401852 0.072917 0.268519 -0.000521 0.006944 1.000000
0 145 0.352865 0.404630 0.074479 0.262963 -0.001302 0.002778 1.000000
0 146 0.349740 0.410648 0.076563 0.254630 -0.003125 0.006019 1.000000
0 147 0.347656 0.414352 0.074479 0.249074 -0.002083 0.003704 1.000000
0 148 0.343750 0.415741 0.070833 0.248148 -0.003906 0.001389 1.000000
0 149 0.343229 0.416204 0.070833 0.250926 -0.000521 0.000463 1.000000
0 150 0.342448 0.410648 0.072396 0.262037 -0.000781 -0.005556 1.000000
0 151 0.341406 0.407870 0.075521 0.267593 -0.001042 -0.002778 1.000000
0 152 0.322656 0.412500 0.110937 0.260185 -0.018750 0.004630 1.000000
0 153 0.314063 0.419907 0.125000 0.245370 -0.008594 0.007407 1.000000
0 154 0.310156 0.453241 0.138021 0.178704 -0.003906 0.033333 1.000000
0 155 0.307552 0.459722 0.132812 0.165741 -0.002604 0.006481 1.000000
0 156 0.315104 0.461574 0.115625 0.154630 0.007552 0.001852 1.000000
0 157 0.320833 0.464815 0.101042 0.168519 0.005729 0.003241 1.000000
0 158 0.325000 0.476389 0.098958 0.193519 0.004167 0.011574 1.000000
0 159 0.322135 0.476852 0.096354 0.194444 -0.002865 0.000463 1.000000
0 160 0.315365 0.461574 0.080729 0.223148 -0.006771 -0.015278 1.000000
0 161 0.308333 0.463889 0.067708 0.218519 -0.007031 0.002315 1.000000
0 162 0.304167 0.458333 0.061458 0.227778 -0.004167 -0.005556 1.000000
0 163 0.303646 0.453704 0.059375 0.235185 -0.000521 -0.004630 1.000000
0 164 0.302604 0.448148 0.057292 0.242593 -0.001042 -0.005556 1.000000
0 165 0.304948 0.447222 0.061979 0.244444 0.002344 -0.000926 1.000000
0 166 0.309896 0.447222 0.071875 0.246296 0.004948 0.000000 1.000000
0 167 0.309896 0.449537 0.070833 0.245370 0.000000 0.002315 1.000000
0 168 0.308594 0.449074 0.068229 0.244444 -0.001302 -0.000463 1.000000
0 169 0.307552 0.449074 0.066146 0.242593 -0.001042 0.000000 1.000000
0 170 0.308333 0.450463 0.066667 0.237963 0.000781 0.001389 1.000000
0 171 0.306771 0.451852 0.065625 0.237037 -0.001563 0.001389 1.000000
0 172 0.305729 0.453241 0.063542 0.232407 -0.001042 0.001389 1.000000
0 173 0.304167 0.454630 0.060417 0.231481 -0.001563 0.001389 1.000000
0 174 0.303125 0.451389 0.060417 0.234259 -0.001042 -0.003241 1.000000
0 175 0.302083 0.449537 0.058333 0.239815 -0.001042 -0.001852 1.000000
0 176 0.299219 0.445833 0.050521 0.241667 -0.002865 -0.003704 1.000000
0 177 0.298958 0.443981 0.050000 0.243519 -0.000260 -0.001852 1.000000
0 178 0.293229 0.443056 0.063542 0.243519 -0.005729 -0.000926 1.000000
0 179 0.293229 0.441204 0.063542 0.245370 0.000000 -0.001852 1.000000
0 180 0.293490 0.441667 0.064062 0.244444 0.000260 0.000463 1.000000
0 181 0.293490 0.441204 0.064062 0.245370 0.000000 -0.000463 1.000000
0 182 0.293750 0.439815 0.064583 0.244444 0.000260 -0.001389 1.000000
0 183 0.294010 0.438426 0.065104 0.245370 0.000260 -0.001389 1.000000
0 184 0.294271 0.437963 0.064583 0.246296 0.000260 -0.000463 1.000000
0 185 0.294010 0.437500 0.064062 0.245370 -0.000260 -0.000463 1.000000
0 186 0.293750 0.436574 0.064583 0.245370 -0.000260 -0.000926 1.000000
0 187 0.293750 0.436111 0.063542 0.244444 0.000000 -0.000463 1.000000
0 188 0.294271 0.434259 0.064583 0.244444 0.000521 -0.001852 1.000000
0 189 0.293750 0.435185 0.064583 0.244444 -0.000521 0.000926 1.000000
0 190 0.293490 0.433796 0.065104 0.243519 -0.000260 -0.001389 1.000000
0 191 0.293490 0.433796 0.065104 0.243519 0.000000 0.000000 1.000000
0 192 0.292969 0.432870 0.066146 0.241667 -0.000521 -0.000926 1.000000
0 193 0.292708 0.433333 0.065625 0.242593 -0.000260 0.000463 1.000000
0 194 0.291406 0.434722 0.065104 0.237963 -0.001302 0.001389 1.000000
0 195 0.292187 0.437500 0.066667 0.232407 0.000781 0.002778 1.000000
0 196 0.289583 0.447685 0.067708 0.213889 -0.002604 0.010185 1.000000
0 197 0.289583 0.454167 0.070833 0.200926 0.000000 0.006481 1.000000
0 198 0.289062 0.464815 0.070833 0.177778 -0.000521 0.010648 1.000000
0 199 0.289062 0.468519 0.070833 0.170370 0.000000 0.003704 1.000000
0 200 0.289062 0.475463 0.071875 0.154630 0.000000 0.006944 1.000000
0 201 0.288021 0.477778 0.071875 0.150000 -0.001042 0.002315 1.000000
0 202 0.288281 0.478704 0.071354 0.148148 0.000260 0.000926 1.000000
0 203 0.288542 0.478704 0.072917 0.148148 0.000260 0.000000 1.000000
0 204 0.289323 0.477315 0.072396 0.149074 0.000781 -0.001389 1.000000
0 205 0.289062 0.477315 0.072917 0.149074 -0.000260 0.000000 1.000000
0 206 0.288542 0.475926 0.072917 0.150000 -0.000521 -0.001389 1.000000
0 207 0.289844 0.475926 0.073438 0.150000 0.001302 0.000000 1.000000
0 208 0.288542 0.475000 0.072917 0.150000 -0.001302 -0.000926 1.000000
0 209 0.288281 0.475000 0.072396 0.150000 -0.000260 0.000000 1.000000
0 210 0.288542 0.474074 0.072917 0.150000 0.000260 -0.000926 1.000000
0 211 0.288281 0.474074 0.072396 0.150000 -0.000260 0.000000 1.000000
0 212 0.289323 0.472685 0.071354 0.149074 0.001042 -0.001389 1.000000
0 213 0.289062 0.473148 0.071875 0.148148 -0.000260 0.000463 1.000000
0 214 0.288281 0.471296 0.070312 0.151852 -0.000781 -0.001852 1.000000
0 215 0.289323 0.470370 0.070312 0.153704 0.001042 -0.000926 1.000000
0 216 0.289583 0.466667 0.070833 0.161111 0.000260 -0.003704 1.000000
0 217 0.289323 0.464815 0.070312 0.164815 -0.000260 -0.001852 1.000000
0 218 0.290104 0.462500 0.071875 0.169444 0.000781 -0.002315 1.000000
0 219 0.286458 0.462037 0.076042 0.170370 -0.003646 -0.000463 1.000000
0 220 0.278385 0.463426 0.076563 0.162037 -0.008073 0.001389 1.000000
0 221 0.270313 0.462500 0.077083 0.162037 -0.008073 -0.000926 1.000000
0 222 0.259635 0.467593 0.070312 0.172222 -0.010677 0.005093 1.000000
0 223 0.258333 0.469907 0.070833 0.173148 -0.001302 0.002315 1.000000
0 224 0.258333 0.480556 0.071875 0.153704 0.000000 0.010648 1.000000
0 225 0.259115 0.488426 0.072396 0.137963 0.000781 0.007870 1.000000
0 226 0.259375 0.491667 0.072917 0.135185 0.000260 0.003241 1.000000
0 227 0.259375 0.491204 0.071875 0.134259 0.000000 -0.000463 1.000000
0 228 0.260677 0.492130 0.072396 0.134259 0.001302 0.000926 1.000000
0 229 0.260677 0.493056 0.072396 0.132407 0.000000 0.000926 1.000000
0 230 0.261198 0.493519 0.072396 0.131481 0.000521 0.000463 1.000000
0 231 0.262240 0.493056 0.072396 0.132407 0.001042 -0.000463 1.000000
0 232 0.262240 0.493519 0.072396 0.131481 0.000000 0.000463 1.000000
0 233 0.262760 0.491667 0.072396 0.131481 0.000521 -0.001852 1.000000
0 234 0.262240 0.491204 0.072396 0.132407 -0.000521 -0.000463 1.000000
0 235 0.262760 0.490741 0.072396 0.131481 0.000521 -0.000463 1.000000
0 236 0.263021 0.490741 0.072917 0.131481 0.000260 0.000000 1.000000
0 237 0.262500 0.491204 0.072917 0.130556 -0.000521 0.000463 1.000000
0 238 0.261719 0.492593 0.073438 0.131481 -0.000781 0.001389 1.000000
0 239 0.260677 0.491204 0.073438 0.132407 -0.001042 -0.001389 1.000000
0 240 0.259635 0.491204 0.073438 0.134259 -0.001042 0.000000 1.000000
0 241 0.258854 0.491204 0.073958 0.134259 -0.000781 0.000000 1.000000
0 242 0.257292 0.491204 0.073958 0.132407 -0.001563 0.000000 1.000000
0 243 0.257292 0.491204 0.073958 0.134259 0.000000 0.000000 1.000000
0 244 0.256771 0.490278 0.075000 0.134259 -0.000521 -0.000926 1.000000
0 245 0.255729 0.491204 0.075000 0.134259 -0.001042 0.000926 1.000000
0 246 0.254948 0.492593 0.075521 0.135185 -0.000781 0.001389 1.000000
0 247 0.255208 0.493519 0.076042 0.135185 0.000260 0.000926 1.000000
0 248 0.255208 0.491667 0.076042 0.137037 0.000000 -0.001852 1.000000
0 249 0.254688 0.491667 0.076042 0.137037 -0.000521 0.000000 1.000000
0 250 0.254427 0.491204 0.076563 0.137963 -0.000260 -0.000463 1.000000
0 251 0.254948 0.491204 0.076563 0.137963 0.000521 0.000000 1.000000
0 252 0.255469 0.489815 0.076563 0.138889 0.000521 -0.001389 1.000000
0 253 0.255990 0.490278 0.076563 0.139815 0.000521 0.000463 1.000000
0 254 0.256250 0.488889 0.077083 0.138889 0.000260 -0.001389 1.000000
0 255 0.256771 0.488426 0.077083 0.139815 0.000521 -0.000463 1.000000
0 256 0.258073 0.487037 0.078646 0.140741 0.001302 -0.001389 1.000000
0 257 0.257552 0.488426 0.078646 0.143519 -0.000521 0.001389 1.000000
0 258 0.259635 0.484722 0.078646 0.143519 0.002083 -0.003704 1.000000
0 259 0.259635 0.485185 0.078646 0.142593 0.000000 0.000463 1.000000
0 260 0.262240 0.484259 0.080729 0.142593 0.002604 -0.000926 1.000000
0 261 0.262240 0.481944 0.078646 0.145370 0.000000 -0.002315 1.000000
0 262 0.262760 0.480093 0.076563 0.149074 0.000521 -0.001852 1.000000
0 263 0.262500 0.479167 0.073958 0.149074 -0.000260 -0.000926 1.000000
0 264 0.263021 0.475000 0.070833 0.157407 0.000521 -0.004167 1.000000
0 265 0.260937 0.465278 0.072917 0.175000 -0.002083 -0.009722 1.000000
0 266 0.257812 0.451852 0.078125 0.201852 -0.003125 -0.013426 1.000000
0 267 0.255469 0.446759 0.079687 0.212037 -0.002344 -0.005093 1.000000
0 268 0.251042 0.438426 0.087500 0.226852 -0.004427 -0.008333 1.000000
0 269 0.248698 0.437963 0.090104 0.227778 -0.002344 -0.000463 1.000000
0 270 0.244531 0.437037 0.096354 0.233333 -0.004167 -0.000926 1.000000
0 271 0.242448 0.440278 0.098437 0.234259 -0.002083 0.003241 1.000000
0 272 0.240365 0.442130 0.100521 0.234259 -0.002083 0.001852 1.000000
0 273 0.239583 0.440278 0.095833 0.228704 -0.000781 -0.001852 1.000000
0 274 0.241146 0.439352 0.093750 0.232407 0.001563 -0.000926 1.000000
0 275 0.237760 0.437500 0.097396 0.236111 -0.003385 -0.001852 1.000000
0 276 0.236979 0.432407 0.100000 0.246296 -0.000781 -0.005093 1.000000
0 277 0.240104 0.432407 0.093750 0.250000 0.003125 0.000000 1.000000
0 278 0.235156 0.430556 0.088021 0.251852 -0.004948 -0.001852 1.000000
0 279 0.228385 0.429630 0.084896 0.253704 -0.006771 -0.000926 1.000000
0 280 0.212760 0.421759 0.058854 0.241667 -0.015625 -0.007870 1.000000
0 281 0.211198 0.415278 0.055729 0.239815 -0.001563 -0.006481 1.000000
0 282 0.204948 0.417593 0.061979 0.255556 -0.006250 0.002315 1.000000
0 283 0.199740 0.424074 0.066146 0.264815 -0.005208 0.006481 1.000000
0 284 0.197396 0.425926 0.065625 0.262963 -0.002344 0.001852 1.000000
0 285 0.195052 0.426389 0.066146 0.262037 -0.002344 0.000463 1.000000
0 286 0.181510 0.431019 0.078646 0.250926 -0.013542 0.004630 1.000000
0 287 0.181250 0.431481 0.112500 0.250000 -0.000260 0.000463 1.000000
0 288 0.161458 0.431019 0.113542 0.254630 -0.019792 -0.000463 1.000000
0 289 0.159375 0.437963 0.111458 0.262963 -0.002083 0.006944 1.000000
0 290 0.158594 0.440278 0.106771 0.258333 -0.000781 0.002315 1.000000
0 291 0.157552 0.441204 0.099479 0.256481 -0.001042 0.000926 1.000000
0 292 0.157031 0.445370 0.089063 0.253704 -0.000521 0.004167 1.000000
0 293 0.157292 0.446296 0.081250 0.251852 0.000260 0.000926 1.000000
0 294 0.163021 0.448148 0.077083 0.251852 0.005729 0.001852 1.000000
0 295 0.164583 0.449537 0.076042 0.250926 0.001563 0.001389 1.000000
0 296 0.169531 0.451389 0.072396 0.260185 0.004948 0.001852 1.000000
0 297 0.166406 0.448611 0.071354 0.269444 -0.003125 -0.002778 1.000000
0 298 0.157031 0.447685 0.080729 0.275000 -0.009375 -0.000926 1.000000
0 299 0.158333 0.449537 0.084375 0.275000 0.001302 0.001852 1.000000
0 300 0.161979 0.451389 0.080208 0.275000 0.003646 0.001852 1.000000
0 301 0.159375 0.451852 0.070833 0.274074 -0.002604 0.000463 1.000000
0 302 0.165104 0.450463 0.071875 0.275000 0.005729 -0.001389 1.000000
0 303 0.166667 0.452315 0.073958 0.275000 0.001563 0.001852 1.000000
0 304 0.172396 0.455556 0.078125 0.268519 0.005729 0.003241 1.000000
0 305 0.171094 0.457870 0.082812 0.265741 -0.001302 0.002315 1.000000
0 306 0.174219 0.468056 0.085938 0.247222 0.003125 0.010185 1.000000
0 307 0.176823 0.472222 0.086979 0.240741 0.002604 0.004167 1.000000
0 308 0.179948 0.477778 0.086979 0.231481 0.003125 0.005556 1.000000
0 309 0.181771 0.479167 0.087500 0.226852 0.001823 0.001389 1.000000
0 310 0.184635 0.479167 0.088021 0.228704 0.002865 0.000000 1.000000
0 311 0.185677 0.474074 0.086979 0.237037 0.001042 -0.005093 1.000000
0 312 0.187760 0.465278 0.088021 0.252778 0.002083 -0.008796 1.000000
0 313 0.184115 0.460648 0.085938 0.263889 -0.003646 -0.004630 1.000000
0 314 0.177344 0.450000 0.078646 0.268519 -0.006771 -0.010648 1.000000
0 315 0.172656 0.444907 0.080729 0.265741 -0.004687 -0.005093 1.000000
0 316 0.168750 0.450926 0.088542 0.275926 -0.003906 0.006019 1.000000
0 317 0.167969 0.452778 0.082812 0.274074 -0.000781 0.001852 1.000000
0 318 0.174219 0.456481 0.069271 0.270370 0.006250 0.003704 1.000000
0 319 0.182552 0.455556 0.065104 0.270370 0.008333 -0.000926 1.000000
0 320 0.189062 0.455556 0.058333 0.270370 0.006510 0.000000 1.000000
0 321 0.190365 0.455093 0.051562 0.273148 0.001302 -0.000463 1.000000
0 322 0.189062 0.454167 0.064583 0.280556 -0.001302 -0.000926 1.000000
0 323 0.194271 0.452778 0.066667 0.283333 0.005208 -0.001389 1.000000
0 324 0.198958 0.452778 0.064583 0.283333 0.004687 0.000000 1.000000
0 325 0.200521 0.455556 0.064583 0.279630 0.001563 0.002778 1.000000
0 326 0.201823 0.460648 0.064062 0.271296 0.001302 0.005093 1.000000
0 327 0.201823 0.462500 0.065104 0.263889 0.000000 0.001852 1.000000
0 328 0.194271 0.461111 0.088542 0.266667 -0.007552 -0.001389 1.000000
0 329 0.192188 0.463426 0.094792 0.258333 -0.002083 0.002315 1.000000
0 330 0.194531 0.464815 0.094271 0.255556 0.002344 0.001389 1.000000
0 331 0.195312 0.465741 0.089583 0.255556 0.000781 0.000926 1.000000
0 332 0.194792 0.461111 0.086458 0.264815 -0.000521 -0.004630 1.000000
0 333 0.192188 0.457870 0.083333 0.271296 -0.002604 -0.003241 1.000000
0 334 0.186979 0.451389 0.075000 0.282407 -0.005208 -0.006481 1.000000
0 335 0.183073 0.450000 0.074479 0.287037 -0.003906 -0.001389 1.000000
0 336 0.177865 0.444444 0.074479 0.275926 -0.005208 -0.005556 1.000000
0 337 0.178125 0.432870 0.077083 0.300926 0.000260 -0.011574 1.000000
0 338 0.186458 0.417593 0.071875 0.331481 0.008333 -0.015278 1.000000
0 339 0.189062 0.420833 0.076042 0.325000 0.002604 0.003241 1.000000
0 340 0.200000 0.448148 0.101042 0.270370 0.010937 0.027315 1.000000
0 341 0.199219 0.447685 0.098437 0.271296 -0.000781 -0.000463 1.000000
0 342 0.188021 0.450000 0.079167 0.266667 -0.011198 0.002315 1.000000
0 343 0.186979 0.450000 0.080208 0.266667 -0.001042 0.000000 1.000000
0 344 0.180990 0.450000 0.089063 0.264815 -0.005990 0.000000 1.000000
0 345 0.183073 0.450463 0.084896 0.265741 0.002083 0.000463 1.000000
0 346 0.186719 0.452315 0.075521 0.262037 0.003646 0.001852 1.000000
0 347 0.185156 0.453241 0.071354 0.260185 -0.001563 0.000926 1.000000
0 348 0.181250 0.462500 0.065625 0.249074 -0.003906 0.009259 1.000000
0 349 0.180208 0.470370 0.066667 0.238889 -0.001042 0.007870 1.000000
0 350 0.179948 0.478704 0.065104 0.224074 -0.000260 0.008333 1.000000
0 351 0.178385 0.488889 0.068229 0.201852 -0.001563 0.010185 1.000000
0 352 0.177604 0.500000 0.066667 0.177778 -0.000781 0.011111 1.000000
0 353 0.179427 0.512037 0.064062 0.175926 0.001823 0.012037 1.000000
0 354 0.182812 0.517130 0.056250 0.171296 0.003385 0.005093 1.000000
0 355 0.180469 0.516204 0.053646 0.175000 -0.002344 -0.000926 1.000000
0 356 0.180990 0.510185 0.050521 0.188889 0.000521 -0.006019 1.000000
0 357 0.179427 0.505093 0.051562 0.197222 -0.001563 -0.005093 1.000000
0 358 0.178906 0.500463 0.056771 0.204630 -0.000521 -0.004630 1.000000
0 359 0.179167 0.500463 0.058333 0.206481 0.000260 0.000000 1.000000
0 360 0.175521 0.500926 0.059375 0.207407 -0.003646 0.000463 1.000000
0 361 0.172396 0.501389 0.060417 0.208333 -0.003125 0.000463 1.000000
0 362 0.168229 0.499074 0.064583 0.209259 -0.004167 -0.002315 1.000000
0 363 0.166146 0.500000 0.069792 0.209259 -0.002083 0.000926 1.000000
0 364 0.167969 0.500000 0.084896 0.209259 0.001823 0.000000 1.000000
0 365 0.170313 0.500000 0.089583 0.209259 0.002344 0.000000 1.000000
0 366 0.172656 0.500463 0.088021 0.208333 0.002344 0.000463 1.000000
0 367 0.177083 0.500926 0.080208 0.209259 0.004427 0.000463 1.000000
0 368 0.178906 0.505556 0.067187 0.196296 0.001823 0.004630 1.000000
0 369 0.177344 0.511574 0.060937 0.195370 -0.001563 0.006019 1.000000
0 370 0.177344 0.511574 0.055729 0.199074 0.000000 0.000000 1.000000
0 371 0.177344 0.512963 0.055729 0.201852 0.000000 0.001389 1.000000
0 372 0.176563 0.508333 0.061458 0.209259 -0.000781 -0.004630 1.000000
0 373 0.178906 0.506481 0.061979 0.214815 0.002344 -0.001852 1.000000
0 374 0.177865 0.503704 0.082812 0.220370 -0.001042 -0.002778 1.000000
0 375 0.177344 0.504167 0.086979 0.219444 -0.000521 0.000463 1.000000
0 376 0.179948 0.505556 0.085938 0.216667 0.002604 0.001389 1.000000
0 377 0.181250 0.503704 0.085417 0.222222 0.001302 -0.001852 1.000000
0 378 0.183073 0.502315 0.084896 0.215741 0.001823 -0.001389 1.000000
0 379 0.185938 0.505556 0.085417 0.212963 0.002865 0.003241 1.000000
0 380 0.190365 0.506944 0.083854 0.210185 0.004427 0.001389 1.000000
0 381 0.194531 0.508333 0.078646 0.207407 0.004167 0.001389 1.000000
0 382 0.198437 0.510648 0.073958 0.206481 0.003906 0.002315 1.000000
0 383 0.201302 0.509722 0.069271 0.206481 0.002865 -0.000926 1.000000
0 384 0.205469 0.509722 0.065104 0.210185 0.004167 0.000000 1.000000
0 385 0.205729 0.506944 0.067708 0.213889 0.000260 -0.002778 1.000000
0 386 0.205729 0.501852 0.068750 0.222222 0.000000 -0.005093 1.000000
0 387 0.204687 0.498148 0.067708 0.231481 -0.001042 -0.003704 1.000000
0 388 0.201563 0.488889 0.066667 0.248148 -0.003125 -0.009259 1.000000
0 389 0.202344 0.483796 0.067187 0.258333 0.000781 -0.005093 1.000000
0 390 0.205469 0.476852 0.061979 0.270370 0.003125 -0.006944 1.000000
0 391 0.207552 0.475000 0.055729 0.272222 0.002083 -0.001852 1.000000
0 392 0.215365 0.472222 0.052604 0.274074 0.007812 -0.002778 1.000000
0 393 0.218750 0.473611 0.059375 0.271296 0.003385 0.001389 1.000000
0 394 0.218750 0.476389 0.064583 0.269444 0.000000 0.002778 1.000000
0 395 0.220573 0.474537 0.065104 0.269444 0.001823 -0.001852 1.000000
0 396 0.226302 0.472685 0.069271 0.275000 0.005729 -0.001852 1.000000
0 397 0.229167 0.472685 0.073958 0.273148 0.002865 0.000000 1.000000
0 398 0.232031 0.473148 0.081771 0.272222 0.002865 0.000463 1.000000
0 399 0.232292 0.475463 0.081250 0.267593 0.000260 0.002315 1.000000
0 400 0.233333 0.480556 0.072917 0.257407 0.001042 0.005093 1.000000
0 401 0.236198 0.479630 0.071354 0.255556 0.002865 -0.000926 1.000000
0 402 0.245312 0.482870 0.089583 0.252778 0.009115 0.003241 1.000000
0 403 0.249219 0.481481 0.101562 0.253704 0.003906 -0.001389 1.000000
0 404 0.251042 0.479630 0.111458 0.257407 0.001823 -0.001852 1.000000
0 405 0.250521 0.476852 0.114583 0.259259 -0.000521 -0.002778 1.000000
0 406 0.248698 0.474074 0.110937 0.259259 -0.001823 -0.002778 1.000000
0 407 0.249479 0.473148 0.107292 0.261111 0.000781 -0.000926 1.000000
0 408 0.257031 0.471296 0.090104 0.262963 0.007552 -0.001852 1.000000
0 409 0.262500 0.471759 0.077083 0.263889 0.005469 0.000463 1.000000
0 410 0.277604 0.469444 0.057292 0.266667 0.015104 -0.002315 1.000000
0 411 0.285938 0.469444 0.050000 0.266667 0.008333 0.000000 1.000000
0 412 0.299219 0.470370 0.061979 0.264815 0.013281 0.000926 1.000000
0 413 0.302604 0.470370 0.062500 0.262963 0.003385 0.000000 1.000000
0 414 0.317188 0.469444 0.082292 0.264815 0.014583 -0.000926 1.000000
0 415 0.316927 0.468519 0.082812 0.264815 -0.000260 -0.000926 1.000000
0 416 0.317969 0.468056 0.078646 0.265741 0.001042 -0.000463 1.000000
0 417 0.319531 0.467130 0.071354 0.258333 0.001563 -0.000926 1.000000
0 418 0.325521 0.466204 0.050000 0.256481 0.005990 -0.000926 1.000000
0 419 0.325781 0.465741 0.046354 0.259259 0.000260 -0.000463 1.000000
0 420 0.327344 0.465741 0.051562 0.259259 0.001563 0.000000 1.000000
0 421 0.328385 0.464815 0.055729 0.262963 0.001042 -0.000926 1.000000
0 422 0.326823 0.468056 0.057813 0.271296 -0.001563 0.003241 1.000000
0 423 0.322396 0.469444 0.055208 0.270370 -0.004427 0.001389 1.000000
0 424 0.317188 0.469907 0.055208 0.267593 -0.005208 0.000463 1.000000
0 425 0.315625 0.470833 0.056250 0.263889 -0.001563 0.000926 1.000000
0 426 0.317448 0.469907 0.056771 0.263889 0.001823 -0.000926 1.000000
0 427 0.321615 0.467593 0.061979 0.262963 0.004167 -0.002315 1.000000
0 428 0.326042 0.467130 0.064583 0.260185 0.004427 -0.000463 1.000000
0 429 0.333073 0.464352 0.075521 0.252778 0.007031 -0.002778 1.000000
0 430 0.342969 0.465741 0.094271 0.251852 0.009896 0.001389 1.000000
0 431 0.348698 0.468519 0.093229 0.246296 0.005729 0.002778 1.000000
0 432 0.341146 0.477315 0.127083 0.252778 -0.007552 0.008796 1.000000
0 433 0.340365 0.476389 0.131771 0.249074 -0.000781 -0.000926 1.000000
0 434 0.336719 0.473148 0.134896 0.251852 -0.003646 -0.003241 1.000000
0 435 0.340365 0.468981 0.126562 0.260185 0.003646 -0.004167 1.000000
0 436 0.351042 0.447222 0.104167 0.303704 0.010677 -0.021759 1.000000
0 437 0.355208 0.442130 0.094792 0.310185 0.004167 -0.005093 1.000000
0 438 0.362500 0.439352 0.084375 0.306481 0.007292 -0.002778 1.000000
0 439 0.365885 0.437500 0.080729 0.308333 0.003385 -0.001852 1.000000
0 440 0.363802 0.436574 0.086979 0.304630 -0.002083 -0.000926 1.000000
0 441 0.366667 0.439352 0.084375 0.299074 0.002865 0.002778 1.000000
0 442 0.369531 0.432407 0.076563 0.311111 0.002865 -0.006944 1.000000
0 443 0.365104 0.433796 0.087500 0.306481 -0.004427 0.001389 1.000000
0 444 0.361979 0.435185 0.091667 0.301852 -0.003125 0.001389 1.000000
0 445 0.360156 0.436111 0.097396 0.298148 -0.001823 0.000926 1.000000
0 446 0.357552 0.442593 0.097396 0.287037 -0.002604 0.006481 1.000000
0 447 0.360677 0.444907 0.091146 0.284259 0.003125 0.002315 1.000000
0 448 0.366146 0.449074 0.080208 0.277778 0.005469 0.004167 1.000000
0 449 0.369792 0.452315 0.072917 0.271296 0.003646 0.003241 1.000000
0 450 0.366406 0.456019 0.072396 0.260185 -0.003385 0.003704 1.000000
0 451 0.364844 0.449074 0.071354 0.270370 -0.001563 -0.006944 1.000000
0 452 0.363281 0.443056 0.075521 0.280556 -0.001563 -0.006019 1.000000
0 453 0.363281 0.439815 0.076563 0.283333 0.000000 -0.003241 1.000000
0 454 0.363802 0.440741 0.076563 0.285185 0.000521 0.000926 1.000000
0 455 0.360677 0.442130 0.079687 0.282407 -0.003125 0.001389 1.000000
0 456 0.362760 0.441667 0.081771 0.283333 0.002083 -0.000463 1.000000
0 457 0.363281 0.439815 0.081771 0.288889 0.000521 -0.001852 1.000000
0 458 0.355729 0.457870 0.071875 0.252778 -0.007552 0.018056 1.000000
0 459 0.351562 0.452315 0.065625 0.263889 -0.004167 -0.005556 1.000000
0 460 0.352344 0.448148 0.065104 0.272222 0.000781 -0.004167 1.000000
0 461 0.351042 0.447685 0.066667 0.275000 -0.001302 -0.000463 1.000000
0 462 0.351042 0.448148 0.067708 0.275926 0.000000 0.000463 1.000000
0 463 0.351302 0.448148 0.068229 0.275926 0.000260 0.000000 1.000000
0 464 0.351042 0.454630 0.071875 0.264815 -0.000260 0.006481 1.000000
0 465 0.350260 0.453704 0.079687 0.266667 -0.000781 -0.000926 1.000000
0 466 0.349740 0.461574 0.081771 0.252778 -0.000521 0.007870 1.000000
0 467 0.350260 0.461574 0.081771 0.252778 0.000521 0.000000 1.000000
0 468 0.350260 0.455093 0.080729 0.265741 0.000000 -0.006481 1.000000
0 469 0.350781 0.453241 0.079687 0.271296 0.000521 -0.001852 1.000000
0 470 0.351562 0.449074 0.073958 0.277778 0.000781 -0.004167 1.000000
0 471 0.350260 0.442130 0.068229 0.287963 -0.001302 -0.006944 1.000000
0 472 0.355208 0.434722 0.061458 0.302778 0.004948 -0.007407 1.000000
0 473 0.353646 0.437037 0.063542 0.300000 -0.001563 0.002315 1.000000
0 474 0.347135 0.445833 0.077604 0.280556 -0.006510 0.008796 1.000000
0 475 0.348958 0.451852 0.079167 0.270370 0.001823 0.006019 1.000000
0 476 0.351042 0.453704 0.072917 0.270370 0.002083 0.001852 1.000000
0 477 0.351042 0.455556 0.071875 0.270370 0.000000 0.001852 1.000000
0 478 0.351302 0.455556 0.072396 0.264815 0.000260 0.000000 1.000000
0 479 0.352604 0.456481 0.070833 0.262963 0.001302 0.000926 1.000000
0 480 0.353125 0.456944 0.070833 0.263889 0.000521 0.000463 1.000000
0 481 0.354167 0.456481 0.069792 0.264815 0.001042 -0.000463 1.000000
0 482 0.353385 0.456481 0.070312 0.262963 -0.000781 0.000000 1.000000
0 483 0.354167 0.456481 0.070833 0.262963 0.000781 0.000000 1.000000
0 484 0.353906 0.458796 0.071354 0.260185 -0.000260 0.002315 1.000000
0 485 0.353646 0.459259 0.072917 0.259259 -0.000260 0.000463 1.000000
0 486 0.350521 0.457407 0.079167 0.259259 -0.003125 -0.001852 1.000000
0 487 0.349740 0.457870 0.080729 0.258333 -0.000781 0.000463 1.000000
0 488 0.351042 0.460185 0.079167 0.251852 0.001302 0.002315 1.000000
0 489 0.348698 0.461574 0.084896 0.250926 -0.002344 0.001389 1.000000
0 490 0.351562 0.470833 0.079167 0.230556 0.002865 0.009259 1.000000
0 491 0.352083 0.476852 0.079167 0.216667 0.000521 0.006019 1.000000
0 492 0.352083 0.492593 0.080208 0.185185 0.000000 0.015741 1.000000
0 493 0.353906 0.501389 0.078646 0.165741 0.001823 0.008796 1.000000
0 494 0.356250 0.506481 0.080208 0.155556 0.002344 0.005093 1.000000
0 495 0.357812 0.506481 0.078125 0.155556 0.001563 0.000000 1.000000
0 496 0.359635 0.501852 0.076563 0.166667 0.001823 -0.004630 1.000000
0 497 0.362500 0.500000 0.075000 0.170370 0.002865 -0.001852 1.000000
0 498 0.365625 0.495833 0.075000 0.176852 0.003125 -0.004167 1.000000
0 499 0.368229 0.494444 0.073958 0.181481 0.002604 -0.001389 1.000000
0 500 0.372135 0.493056 0.081771 0.176852 0.003906 -0.001389 1.000000
0 501 0.375521 0.493519 0.083333 0.175926 0.003385 0.000463 1.000000
0 502 0.381250 0.500000 0.080208 0.166667 0.005729 0.006481 1.000000
0 503 0.383594 0.501852 0.077604 0.161111 0.002344 0.001852 1.000000
0 504 0.382812 0.505556 0.078125 0.153704 -0.000781 0.003704 1.000000
0 505 0.383073 0.506019 0.077604 0.156481 0.000260 0.000463 1.000000
0 506 0.386458 0.498611 0.077083 0.171296 0.003385 -0.007407 1.000000
0 507 0.388281 0.495370 0.078646 0.179630 0.001823 -0.003241 1.000000
0 508 0.390104 0.491667 0.077083 0.187037 0.001823 -0.003704 1.000000
0 509 0.389323 0.490741 0.074479 0.188889 -0.000781 -0.000926 1.000000
0 510 0.384375 0.494907 0.078125 0.187963 -0.004948 0.004167 1.000000
0 511 0.378125 0.497222 0.087500 0.187037 -0.006250 0.002315 1.000000
0 512 0.376042 0.500000 0.091667 0.185185 -0.002083 0.002778 1.000000
0 513 0.375260 0.500463 0.091146 0.184259 -0.000781 0.000463 1.000000
0 514 0.374740 0.500926 0.092188 0.185185 -0.000521 0.000463 1.000000
0 515 0.374479 0.499537 0.093750 0.184259 -0.000260 -0.001389 1.000000
0 516 0.374740 0.500000 0.093229 0.185185 0.000260 0.000463 1.000000
0 517 0.375000 0.499537 0.092708 0.186111 0.000260 -0.000463 1.000000
0 518 0.374740 0.500000 0.093229 0.187037 -0.000260 0.000463 1.000000
0 519 0.374219 0.499537 0.093229 0.187963 -0.000521 -0.000463 1.000000
0 520 0.374219 0.500000 0.093229 0.188889 0.000000 0.000463 1.000000
0 521 0.373437 0.500000 0.092708 0.188889 -0.000781 0.000000 1.000000
0 522 0.373698 0.500000 0.093229 0.188889 0.000260 0.000000 1.000000
0 523 0.373437 0.500463 0.092708 0.189815 -0.000260 0.000463 1.000000
0 524 0.373958 0.500463 0.091667 0.189815 0.000521 0.000000 1.000000
0 525 0.373698 0.501389 0.092188 0.189815 -0.000260 0.000926 1.000000
0 526 0.374219 0.502315 0.093229 0.189815 0.000521 0.000926 1.000000
0 527 0.374219 0.502778 0.092188 0.190741 0.000000 0.000463 1.000000
0 528 0.373437 0.503241 0.091667 0.189815 -0.000781 0.000463 1.000000
0 529 0.373437 0.503241 0.092708 0.187963 0.000000 0.000000 1.000000
0 530 0.373958 0.500463 0.093750 0.186111 0.000521 -0.002778 1.000000
0 531 0.373177 0.495833 0.093229 0.182407 -0.000781 -0.004630 1.000000
0 532 0.376042 0.493981 0.092708 0.187963 0.002865 -0.001852 1.000000
0 533 0.377344 0.490741 0.092188 0.192593 0.001302 -0.003241 1.000000
0 534 0.383333 0.486574 0.084375 0.200926 0.005990 -0.004167 1.000000
0 535 0.382292 0.483333 0.089583 0.205556 -0.001042 -0.003241 1.000000
0 536 0.389323 0.481944 0.077604 0.208333 0.007031 -0.001389 1.000000
0 537 0.392708 0.481019 0.068750 0.208333 0.003385 -0.000926 1.000000
0 538 0.400781 0.483333 0.065104 0.207407 0.008073 0.002315 1.000000
0 539 0.407552 0.483333 0.064062 0.209259 0.006771 0.000000 1.000000
0 540 0.414323 0.481944 0.049479 0.210185 0.006771 -0.001389 1.000000
0 541 0.414844 0.479630 0.047396 0.212963 0.000521 -0.002315 1.000000
0 542 0.411719 0.475926 0.043229 0.222222 -0.003125 -0.003704 1.000000
0 543 0.415885 0.473611 0.053646 0.226852 0.004167 -0.002315 1.000000
0 544 0.419531 0.468519 0.066146 0.225926 0.003646 -0.005093 1.000000
0 545 0.426302 0.465278 0.067187 0.225000 0.006771 -0.003241 1.000000
0 546 0.433333 0.460185 0.050000 0.224074 0.007031 -0.005093 1.000000
0 547 0.438802 0.455556 0.048438 0.222222 0.005469 -0.004630 1.000000
0 548 0.445833 0.454630 0.060417 0.227778 0.007031 -0.000926 1.000000
0 549 0.448437 0.453241 0.064583 0.232407 0.002604 -0.001389 1.000000
0 550 0.453125 0.450000 0.072917 0.235185 0.004687 -0.003241 1.000000
0 551 0.452865 0.446296 0.073438 0.242593 -0.000260 -0.003704 1.000000
0 552 0.451302 0.440741 0.075521 0.246296 -0.001563 -0.005556 1.000000
0 553 0.451302 0.440278 0.078646 0.247222 0.000000 -0.000463 1.000000
0 554 0.454688 0.437037 0.076042 0.242593 0.003385 -0.003241 1.000000
0 555 0.454688 0.433333 0.077083 0.238889 0.000000 -0.003704 1.000000
0 556 0.459896 0.431944 0.085417 0.234259 0.005208 -0.001389 1.000000
0 557 0.464062 0.431944 0.088542 0.228704 0.004167 0.000000 1.000000
0 558 0.477083 0.434722 0.085417 0.215741 0.013021 0.002778 1.000000
0 559 0.482812 0.429630 0.086458 0.205556 0.005729 -0.005093 1.000000
0 560 0.493229 0.428241 0.093750 0.210185 0.010417 -0.001389 1.000000
0 561 0.495573 0.427778 0.096354 0.216667 0.002344 -0.000463 1.000000
0 562 0.502344 0.417593 0.095312 0.229630 0.006771 -0.010185 1.000000
0 563 0.502865 0.409722 0.094271 0.245370 0.000521 -0.007870 1.000000
0 564 0.497135 0.403704 0.105729 0.272222 -0.005729 -0.006019 1.000000
0 565 0.503125 0.402315 0.103125 0.269444 0.005990 -0.001389 1.000000
0 566 0.510417 0.404630 0.092708 0.262963 0.007292 0.002315 1.000000
0 567 0.512760 0.406944 0.089063 0.258333 0.002344 0.002315 1.000000
0 568 0.515885 0.409722 0.084896 0.254630 0.003125 0.002778 1.000000
0 569 0.517448 0.407407 0.083854 0.257407 0.001563 -0.002315 1.000000
0 570 0.523438 0.406944 0.071875 0.250926 0.005990 -0.000463 1.000000
0 571 0.525781 0.406944 0.065104 0.249074 0.002344 0.000000 1.000000
0 572 0.527344 0.409722 0.063021 0.243519 0.001563 0.002778 1.000000
0 573 0.523438 0.412500 0.070833 0.241667 -0.003906 0.002778 1.000000
0 574 0.519010 0.414352 0.084896 0.234259 -0.004427 0.001852 1.000000
0 575 0.526823 0.414352 0.084896 0.236111 0.007812 0.000000 1.000000
0 576 0.534896 0.413426 0.061458 0.239815 0.008073 -0.000926 1.000000
0 577 0.535156 0.410648 0.049479 0.243519 0.000260 -0.002778 1.000000
0 578 0.542969 0.406019 0.048438 0.250926 0.007812 -0.004630 1.000000
0 579 0.541667 0.400000 0.062500 0.242593 -0.001302 -0.006019 1.000000
0 580 0.543490 0.397685 0.081771 0.230556 0.001823 -0.002315 1.000000
0 581 0.554167 0.398148 0.098958 0.229630 0.010677 0.000463 1.000000
0 582 0.546094 0.393981 0.113021 0.247222 -0.008073 -0.004167 1.000000
0 583 0.546354 0.406019 0.117708 0.230556 0.000260 0.012037 1.000000
0 584 0.548438 0.405556 0.104167 0.229630 0.002083 -0.000463 1.000000
0 585 0.548958 0.405093 0.092708 0.226852 0.000521 -0.000463 1.000000
0 586 0.551823 0.407870 0.079687 0.225000 0.002865 0.002778 1.000000
0 587 0.551562 0.409722 0.081250 0.225000 -0.000260 0.001852 1.000000
0 588 0.551562 0.411111 0.084375 0.222222 0.000000 0.001389 1.000000
0 589 0.550781 0.412037 0.088021 0.225926 -0.000781 0.000926 1.000000
0 590 0.548958 0.412963 0.091667 0.235185 -0.001823 0.000926 1.000000
0 591 0.549219 0.412500 0.093229 0.236111 0.000260 -0.000463 1.000000
0 592 0.549740 0.414352 0.076563 0.236111 0.000521 0.001852 1.000000
0 593 0.545573 0.413426 0.072396 0.239815 -0.004167 -0.000926 1.000000
0 594 0.540625 0.408333 0.064583 0.250000 -0.004948 -0.005093 1.000000
0 595 0.536979 0.405556 0.059375 0.255556 -0.003646 -0.002778 1.000000
0 596 0.538021 0.398611 0.062500 0.273148 0.001042 -0.006944 1.000000
0 597 0.538281 0.395370 0.065104 0.281481 0.000260 -0.003241 1.000000
0 598 0.537500 0.396296 0.071875 0.296296 -0.000781 0.000926 1.000000
0 599 0.535937 0.396296 0.076042 0.296296 -0.001563 0.000000 1.000000
0 600 0.537760 0.393981 0.072396 0.300926 0.001823 -0.002315 1.000000
0 601 0.538021 0.393981 0.065625 0.302778 0.000260 0.000000 1.000000
0 602 0.538281 0.398148 0.049479 0.294444 0.000260 0.004167 1.000000
0 603 0.538021 0.415741 0.040625 0.264815 -0.000260 0.017593 1.000000
