0 1 0.509375 0.613889 0.113542 0.201852 0.000000 0.000000 1.000000
0 2 0.509115 0.610185 0.114062 0.209259 -0.000260 -0.003704 1.000000
0 3 0.508854 0.606481 0.114583 0.214815 -0.000260 -0.003704 1.000000
0 4 0.509375 0.605093 0.113542 0.221296 0.000521 -0.001389 1.000000
0 5 0.510677 0.603241 0.111979 0.225000 0.001302 -0.001852 1.000000
0 6 0.511979 0.602315 0.108333 0.226852 0.001302 -0.000926 1.000000
0 7 0.516146 0.605093 0.101042 0.219444 0.004167 0.002778 1.000000
0 8 0.518229 0.610648 0.088542 0.202778 0.002083 0.005556 1.000000
0 9 0.518750 0.623611 0.085417 0.195370 0.000521 0.012963 1.000000
0 10 0.518490 0.634259 0.083854 0.177778 -0.000260 0.010648 1.000000
0 11 0.517969 0.637500 0.083854 0.173148 -0.000521 0.003241 1.000000
0 12 0.518750 0.639352 0.083333 0.169444 0.000781 0.001852 1.000000
0 13 0.518229 0.639352 0.083333 0.171296 -0.000521 0.000000 1.000000
0 14 0.517969 0.636111 0.083854 0.175926 -0.000260 -0.003241 1.000000
0 15 0.518490 0.634259 0.083854 0.179630 0.000521 -0.001852 1.000000
0 16 0.514844 0.632407 0.104688 0.185185 -0.003646 -0.001852 1.000000
0 17 0.514583 0.631481 0.119792 0.188889 -0.000260 -0.000926 1.000000
0 18 0.515885 0.628704 0.127604 0.185185 0.001302 -0.002778 1.000000
0 19 0.517969 0.630093 0.121354 0.182407 0.002083 0.001389 1.000000
0 20 0.515885 0.633796 0.100521 0.175000 -0.002083 0.003704 1.000000
0 21 0.517188 0.636574 0.072917 0.171296 0.001302 0.002778 1.000000
0 22 0.516146 0.638426 0.050000 0.165741 -0.001042 0.001852 1.000000
0 23 0.516927 0.639815 0.049479 0.161111 0.000781 0.001389 1.000000
0 24 0.515365 0.640278 0.051562 0.160185 -0.001563 0.000463 1.000000
0 25 0.514062 0.631481 0.054167 0.175926 -0.001302 -0.008796 1.000000
0 26 0.513021 0.619444 0.076042 0.200000 -0.001042 -0.012037 1.000000
0 27 0.513281 0.618056 0.080729 0.202778 0.000260 -0.001389 1.000000
0 28 0.514323 0.617130 0.088021 0.206481 0.001042 -0.000926 1.000000
0 29 0.513281 0.618981 0.090104 0.202778 -0.001042 0.001852 1.000000
0 30 0.515365 0.635185 0.108854 0.192593 0.002083 0.016204 1.000000
0 31 0.511719 0.641204 0.094271 0.182407 -0.003646 0.006019 1.000000
0 32 0.513802 0.643519 0.090104 0.177778 0.002083 0.002315 1.000000
0 33 0.513542 0.644907 0.091667 0.176852 -0.000260 0.001389 1.000000
0 34 0.513802 0.647222 0.092188 0.174074 0.000260 0.002315 1.000000
0 35 0.513802 0.647222 0.092188 0.174074 0.000000 0.000000 1.000000
0 36 0.511719 0.641667 0.108854 0.183333 -0.002083 -0.005556 1.000000
0 37 0.512240 0.640741 0.133854 0.188889 0.000521 -0.000926 1.000000
0 38 0.516927 0.632407 0.127604 0.205556 0.004687 -0.008333 1.000000
0 39 0.516927 0.629167 0.107813 0.208333 0.000000 -0.003241 1.000000
0 40 0.514062 0.626389 0.093750 0.212037 -0.002865 -0.002778 1.000000
0 41 0.514062 0.629630 0.083333 0.205556 0.000000 0.003241 1.000000
0 42 0.511198 0.627315 0.088021 0.204630 -0.002865 -0.002315 1.000000
0 43 0.510938 0.628241 0.092708 0.199074 -0.000260 0.000926 1.000000
0 44 0.509375 0.632407 0.096875 0.190741 -0.001563 0.004167 1.000000
0 45 0.509115 0.635185 0.097396 0.183333 -0.000260 0.002778 1.000000
0 46 0.508594 0.637037 0.101562 0.179630 -0.000521 0.001852 1.000000
0 47 0.508073 0.637500 0.102604 0.178704 -0.000521 0.000463 1.000000
0 48 0.507552 0.636574 0.099479 0.182407 -0.000521 -0.000926 1.000000
0 49 0.506771 0.633333 0.097917 0.187037 -0.000781 -0.003241 1.000000
0 50 0.505729 0.613426 0.091667 0.223148 -0.001042 -0.019907 1.000000
0 51 0.505208 0.600463 0.087500 0.249074 -0.000521 -0.012963 1.000000
0 52 0.503385 0.579630 0.079687 0.288889 -0.001823 -0.020833 1.000000
0 53 0.505469 0.590741 0.082812 0.266667 0.002083 0.011111 1.000000
0 54 0.506250 0.606944 0.116667 0.236111 0.000781 0.016204 1.000000
0 55 0.511979 0.623611 0.144792 0.202778 0.005729 0.016667 1.000000
0 56 0.504948 0.625000 0.146354 0.198148 -0.007031 0.001389 1.000000
0 57 0.492708 0.625000 0.118750 0.198148 -0.012240 0.000000 1.000000
0 58 0.492969 0.626852 0.104688 0.196296 0.000260 0.001852 1.000000
0 59 0.496094 0.626852 0.109896 0.196296 0.003125 0.000000 1.000000
0 60 0.495052 0.631944 0.081771 0.187963 -0.001042 0.005093 1.000000
0 61 0.497656 0.636111 0.075521 0.179630 0.002604 0.004167 1.000000
0 62 0.498698 0.661111 0.076563 0.155556 0.001042 0.025000 1.000000
0 63 0.498958 0.661111 0.078125 0.157407 0.000260 0.000000 1.000000
0 64 0.498958 0.659722 0.078125 0.158333 0.000000 -0.001389 1.000000
0 65 0.497917 0.663889 0.076042 0.150000 -0.001042 0.004167 1.000000
0 66 0.498177 0.674537 0.075521 0.125000 0.000260 0.010648 1.000000
0 67 0.498437 0.671296 0.076042 0.131481 0.000260 -0.003241 1.000000
0 68 0.498958 0.662500 0.078125 0.150926 0.000521 -0.008796 1.000000
0 69 0.501042 0.659259 0.083333 0.157407 0.002083 -0.003241 1.000000
0 70 0.502083 0.653704 0.093750 0.166667 0.001042 -0.005556 1.000000
0 71 0.502344 0.652315 0.092188 0.171296 0.000260 -0.001389 1.000000
0 72 0.502865 0.650463 0.091146 0.173148 0.000521 -0.001852 1.000000
0 73 0.502865 0.649537 0.092188 0.175000 0.000000 -0.000926 1.000000
0 74 0.502604 0.645370 0.092708 0.175926 -0.000260 -0.004167 1.000000
0 75 0.502083 0.642130 0.092708 0.175000 -0.000521 -0.003241 1.000000
0 76 0.501302 0.629167 0.094271 0.176852 -0.000781 -0.012963 1.000000
0 77 0.504687 0.623148 0.101042 0.185185 0.003385 -0.006019 1.000000
0 78 0.511719 0.604630 0.114062 0.224074 0.007031 -0.018519 1.000000
0 79 0.515885 0.595370 0.108854 0.244444 0.004167 -0.009259 1.000000
0 80 0.529167 0.581019 0.095833 0.269444 0.013281 -0.014352 1.000000
0 81 0.541406 0.575000 0.086979 0.281481 0.012240 -0.006019 1.000000
0 82 0.553385 0.566204 0.124479 0.295370 0.011979 -0.008796 1.000000
0 83 0.558073 0.564352 0.150521 0.300926 0.004687 -0.001852 1.000000
0 84 0.569792 0.557407 0.152083 0.294444 0.011719 -0.006944 1.000000
0 85 0.572396 0.554167 0.112500 0.287963 0.002604 -0.003241 1.000000
0 86 0.583333 0.555556 0.079167 0.285185 0.010937 0.001389 1.000000
0 87 0.594010 0.552315 0.079687 0.291667 0.010677 -0.003241 1.000000
0 88 0.601562 0.555093 0.087500 0.286111 0.007552 0.002778 1.000000
0 89 0.602344 0.555556 0.089063 0.287037 0.000781 0.000463 1.000000
0 90 0.605469 0.552315 0.080729 0.291667 0.003125 -0.003241 1.000000
0 91 0.606250 0.547685 0.077083 0.297222 0.000781 -0.004630 1.000000
0 92 0.612500 0.542130 0.071875 0.300926 0.006250 -0.005556 1.000000
0 93 0.616667 0.534722 0.066667 0.289815 0.004167 -0.007407 1.000000
0 94 0.628385 0.519444 0.084896 0.266667 0.011719 -0.015278 1.000000
0 95 0.633333 0.522685 0.092708 0.273148 0.004948 0.003241 1.000000
0 96 0.637760 0.541204 0.100521 0.287963 0.004427 0.018519 1.000000
0 97 0.638021 0.540741 0.101042 0.283333 0.000260 -0.000463 1.000000
0 98 0.639062 0.544907 0.103125 0.278704 0.001042 0.004167 1.000000
0 99 0.639844 0.544444 0.101562 0.277778 0.000781 -0.000463 1.000000
0 100 0.642448 0.545833 0.102604 0.273148 0.002604 0.001389 1.000000
0 101 0.642448 0.544907 0.104688 0.271296 0.000000 -0.000926 1.000000
0 102 0.646875 0.546296 0.098958 0.270370 0.004427 0.001389 1.000000
0 103 0.648438 0.545833 0.100000 0.271296 0.001563 -0.000463 1.000000
0 104 0.646094 0.546296 0.098437 0.272222 -0.002344 0.000463 1.000000
0 105 0.645312 0.545833 0.091667 0.271296 -0.000781 -0.000463 1.000000
0 106 0.626042 0.543519 0.077083 0.272222 -0.019271 -0.002315 1.000000
0 107 0.615625 0.543056 0.067708 0.275000 -0.010417 -0.000463 1.000000
0 108 0.600521 0.543981 0.069792 0.276852 -0.015104 0.000926 1.000000
0 109 0.597917 0.542593 0.071875 0.275926 -0.002604 -0.001389 1.000000
0 110 0.593750 0.542593 0.076042 0.281481 -0.004167 0.000000 1.000000
0 111 0.592187 0.540741 0.073958 0.281481 -0.001563 -0.001852 1.000000
0 112 0.592187 0.539815 0.073958 0.281481 0.000000 -0.000926 1.000000
0 113 0.592708 0.536574 0.070833 0.276852 0.000521 -0.003241 1.000000
0 114 0.592708 0.533333 0.076042 0.270370 0.000000 -0.003241 1.000000
0 115 0.598177 0.532407 0.086979 0.270370 0.005469 -0.000926 1.000000
0 116 0.601823 0.532870 0.096354 0.273148 0.003646 0.000463 1.000000
0 117 0.602083 0.534722 0.095833 0.273148 0.000260 0.001852 1.000000
0 118 0.601562 0.534259 0.096875 0.270370 -0.000521 -0.000463 1.000000
0 119 0.600521 0.536111 0.097917 0.272222 -0.001042 0.001852 1.000000
0 120 0.599740 0.537037 0.096354 0.270370 -0.000781 0.000926 1.000000
0 121 0.598958 0.536574 0.095833 0.271296 -0.000781 -0.000463 1.000000
0 122 0.595833 0.536574 0.094792 0.269444 -0.003125 0.000000 1.000000
0 123 0.595313 0.537500 0.095833 0.269444 -0.000521 0.000926 1.000000
0 124 0.594531 0.536111 0.094271 0.268519 -0.000781 -0.001389 1.000000
0 125 0.594531 0.536111 0.094271 0.266667 0.000000 0.000000 1.000000
0 126 0.591406 0.536574 0.095312 0.265741 -0.003125 0.000463 1.000000
0 127 0.590885 0.537500 0.095312 0.262037 -0.000521 0.000926 1.000000
0 128 0.589323 0.537037 0.094271 0.262963 -0.001563 -0.000463 1.000000
0 129 0.589063 0.538889 0.095833 0.262963 -0.000260 0.001852 1.000000
0 130 0.588021 0.540278 0.094792 0.263889 -0.001042 0.001389 1.000000
0 131 0.587240 0.540741 0.094271 0.262963 -0.000781 0.000463 1.000000
0 132 0.585417 0.540278 0.093750 0.262037 -0.001823 -0.000463 1.000000
0 133 0.584896 0.542593 0.093750 0.262963 -0.000521 0.002315 1.000000
0 134 0.583333 0.543056 0.093750 0.262037 -0.001563 0.000463 1.000000
0 135 0.582031 0.542130 0.093229 0.262037 -0.001302 -0.000926 1.000000
0 136 0.580729 0.543519 0.093750 0.262963 -0.001302 0.001389 1.000000
0 137 0.579948 0.543981 0.094271 0.262037 -0.000781 0.000463 1.000000
0 138 0.577344 0.544444 0.096354 0.262963 -0.002604 0.000463 1.000000
0 139 0.576823 0.545370 0.095312 0.261111 -0.000521 0.000926 1.000000
0 140 0.575260 0.545833 0.095312 0.262037 -0.001563 0.000463 1.000000
0 141 0.574479 0.546759 0.095833 0.262037 -0.000781 0.000926 1.000000
0 142 0.574219 0.548148 0.095312 0.262963 -0.000260 0.001389 1.000000
0 143 0.572656 0.548148 0.095312 0.262963 -0.001563 0.000000 1.000000
0 144 0.572656 0.547685 0.095312 0.262037 0.000000 -0.000463 1.000000
0 145 0.571875 0.550000 0.094792 0.261111 -0.000781 0.002315 1.000000
0 146 0.570833 0.550463 0.094792 0.262037 -0.001042 0.000463 1.000000
0 147 0.569792 0.550463 0.094792 0.263889 -0.001042 0.000000 1.000000
0 148 0.569271 0.550926 0.095833 0.262963 -0.000521 0.000463 1.000000
0 149 0.568229 0.553241 0.095833 0.262037 -0.001042 0.002315 1.000000
0 150 0.567969 0.554630 0.096354 0.262963 -0.000260 0.001389 1.000000
0 151 0.567448 0.554167 0.095312 0.262037 -0.000521 -0.000463 1.000000
0 152 0.566667 0.554630 0.095833 0.262963 -0.000781 0.000463 1.000000
0 153 0.566146 0.556481 0.095833 0.262963 -0.000521 0.001852 1.000000
0 154 0.566146 0.556944 0.095833 0.262037 0.000000 0.000463 1.000000
0 155 0.565625 0.556944 0.095833 0.262037 -0.000521 0.000000 1.000000
0 156 0.565365 0.556481 0.095312 0.261111 -0.000260 -0.000463 1.000000
0 157 0.565365 0.557407 0.095312 0.261111 0.000000 0.000926 1.000000
0 158 0.564844 0.557407 0.095312 0.261111 -0.000521 0.000000 1.000000
0 159 0.565104 0.556944 0.094792 0.262037 0.000260 -0.000463 1.000000
0 160 0.565104 0.557407 0.094792 0.262963 0.000000 0.000463 1.000000
0 161 0.564844 0.557407 0.094271 0.264815 -0.000260 0.000000 1.000000
0 162 0.565625 0.556481 0.092708 0.266667 0.000781 -0.000926 1.000000
0 163 0.565885 0.556944 0.091146 0.267593 0.000260 0.000463 1.000000
0 164 0.566406 0.556944 0.089063 0.267593 0.000521 0.000000 1.000000
0 165 0.566146 0.557407 0.086458 0.268519 -0.000260 0.000463 1.000000
0 166 0.565625 0.556481 0.085417 0.268519 -0.000521 -0.000926 1.000000
0 167 0.565104 0.556944 0.084375 0.269444 -0.000521 0.000463 1.000000
0 168 0.565365 0.555556 0.084896 0.272222 0.000260 -0.001389 1.000000
0 169 0.565625 0.555093 0.084375 0.271296 0.000260 -0.000463 1.000000
0 170 0.566406 0.555093 0.084896 0.271296 0.000781 0.000000 1.000000
0 171 0.566146 0.554167 0.084375 0.271296 -0.000260 -0.000926 1.000000
0 172 0.566667 0.553241 0.084375 0.271296 0.000521 -0.000926 1.000000
0 173 0.567187 0.553241 0.084375 0.271296 0.000521 0.000000 1.000000
0 174 0.568490 0.553241 0.080729 0.271296 0.001302 0.000000 1.000000
0 175 0.566927 0.553241 0.084896 0.271296 -0.001563 0.000000 1.000000
0 176 0.566146 0.556481 0.084375 0.264815 -0.000781 0.003241 1.000000
0 177 0.563281 0.558796 0.082812 0.260185 -0.002865 0.002315 1.000000
0 178 0.565365 0.560185 0.081771 0.257407 0.002083 0.001389 1.000000
0 179 0.567969 0.558333 0.080729 0.259259 0.002604 -0.001852 1.000000
0 180 0.569271 0.553241 0.081250 0.260185 0.001302 -0.005093 1.000000
0 181 0.571875 0.551852 0.078125 0.262963 0.002604 -0.001389 1.000000
0 182 0.590365 0.548148 0.053646 0.262963 0.018490 -0.003704 1.000000
0 183 0.593490 0.544444 0.054688 0.259259 0.003125 -0.003704 1.000000
0 184 0.605208 0.542130 0.069792 0.262037 0.011719 -0.002315 1.000000
0 185 0.617188 0.539815 0.068750 0.266667 0.011979 -0.002315 1.000000
0 186 0.622656 0.540278 0.078646 0.267593 0.005469 0.000463 1.000000
0 187 0.622135 0.540741 0.084896 0.266667 -0.000521 0.000463 1.000000
0 188 0.623958 0.538426 0.085417 0.267593 0.001823 -0.002315 1.000000
0 189 0.622917 0.537037 0.085417 0.270370 -0.001042 -0.001389 1.000000
0 190 0.625000 0.534722 0.081250 0.271296 0.002083 -0.002315 1.000000
0 191 0.627344 0.533333 0.079687 0.274074 0.002344 -0.001389 1.000000
0 192 0.627604 0.531481 0.077083 0.275926 0.000260 -0.001852 1.000000
0 193 0.626563 0.531019 0.077083 0.276852 -0.001042 -0.000463 1.000000
0 194 0.625521 0.531944 0.081250 0.273148 -0.001042 0.000926 1.000000
0 195 0.624479 0.532870 0.085417 0.267593 -0.001042 0.000926 1.000000
0 196 0.625000 0.537963 0.091667 0.253704 0.000521 0.005093 1.000000
0 197 0.625781 0.552315 0.091146 0.239815 0.000781 0.014352 1.000000
0 198 0.623437 0.566204 0.095833 0.212037 -0.002344 0.013889 1.000000
0 199 0.623177 0.571759 0.096354 0.199074 -0.000260 0.005556 1.000000
0 200 0.623437 0.577315 0.096875 0.187963 0.000260 0.005556 1.000000
0 201 0.623958 0.578241 0.096875 0.184259 0.000521 0.000926 1.000000
0 202 0.624740 0.579167 0.099479 0.182407 0.000781 0.000926 1.000000
0 203 0.625000 0.578704 0.100000 0.181481 0.000260 -0.000463 1.000000
0 204 0.625781 0.577315 0.100521 0.182407 0.000781 -0.001389 1.000000
0 205 0.625781 0.576852 0.100521 0.183333 0.000000 -0.000463 1.000000
0 206 0.626042 0.574074 0.100000 0.187037 0.000260 -0.002778 1.000000
0 207 0.626042 0.573148 0.100000 0.188889 0.000000 -0.000926 1.000000
0 208 0.625781 0.567593 0.100521 0.198148 -0.000260 -0.005556 1.000000
0 209 0.624740 0.566204 0.099479 0.200926 -0.001042 -0.001389 1.000000
0 210 0.625781 0.558333 0.098437 0.214815 0.001042 -0.007870 1.000000
0 211 0.625521 0.554167 0.096875 0.223148 -0.000260 -0.004167 1.000000
0 212 0.627344 0.541667 0.092188 0.242593 0.001823 -0.012500 1.000000
0 213 0.628385 0.535185 0.090104 0.253704 0.001042 -0.006481 1.000000
0 214 0.641667 0.523611 0.103125 0.267593 0.013281 -0.011574 1.000000
0 215 0.644792 0.520370 0.103125 0.272222 0.003125 -0.003241 1.000000
0 216 0.649219 0.515741 0.101562 0.262963 0.004427 -0.004630 1.000000
0 217 0.653906 0.510185 0.108854 0.255556 0.004687 -0.005556 1.000000
0 218 0.653906 0.517593 0.104688 0.242593 0.000000 0.007407 1.000000
0 219 0.654167 0.520833 0.105208 0.276852 0.000260 0.003241 1.000000
0 220 0.652344 0.528241 0.101562 0.260185 -0.001823 0.007407 1.000000
0 221 0.657031 0.525463 0.106771 0.267593 0.004687 -0.002778 1.000000
0 222 0.659375 0.520833 0.096875 0.282407 0.002344 -0.004630 1.000000
0 223 0.653125 0.520833 0.071875 0.287963 -0.006250 0.000000 1.000000
0 224 0.652344 0.518056 0.055729 0.273148 -0.000781 -0.002778 1.000000
0 225 0.652604 0.520370 0.050000 0.274074 0.000260 0.002315 1.000000
0 226 0.652604 0.521296 0.052083 0.274074 0.000000 0.000926 1.000000
0 227 0.656771 0.518981 0.058333 0.275000 0.004167 -0.002315 1.000000
0 228 0.653906 0.519444 0.076563 0.275926 -0.002865 0.000463 1.000000
0 229 0.651042 0.519444 0.084375 0.275926 -0.002865 0.000000 1.000000
0 230 0.644531 0.522222 0.066146 0.270370 -0.006510 0.002778 1.000000
0 231 0.645573 0.523148 0.065104 0.272222 0.001042 0.000926 1.000000
0 232 0.644271 0.522222 0.068750 0.272222 -0.001302 -0.000926 1.000000
0 233 0.642448 0.521296 0.072396 0.274074 -0.001823 -0.000926 1.000000
0 234 0.639583 0.519907 0.078125 0.271296 -0.002865 -0.001389 1.000000
0 235 0.638021 0.518981 0.082292 0.269444 -0.001563 -0.000926 1.000000
0 236 0.641406 0.521759 0.097396 0.269444 0.003385 0.002778 1.000000
0 237 0.646094 0.519444 0.106771 0.272222 0.004687 -0.002315 1.000000
0 238 0.657813 0.513426 0.098958 0.287963 0.011719 -0.006019 1.000000
0 239 0.652344 0.506944 0.107813 0.300926 -0.005469 -0.006481 1.000000
0 240 0.647656 0.502778 0.099479 0.312963 -0.004687 -0.004167 1.000000
0 241 0.641406 0.510648 0.091146 0.297222 -0.006250 0.007870 1.000000
0 242 0.635677 0.516204 0.079687 0.284259 -0.005729 0.005556 1.000000
0 243 0.634635 0.516667 0.073438 0.283333 -0.001042 0.000463 1.000000
0 244 0.624219 0.520370 0.059896 0.274074 -0.010417 0.003704 1.000000
0 245 0.618229 0.525463 0.072917 0.267593 -0.005990 0.005093 1.000000
0 246 0.609635 0.532870 0.092188 0.254630 -0.008594 0.007407 1.000000
0 247 0.607031 0.535185 0.098437 0.251852 -0.002604 0.002315 1.000000
0 248 0.604948 0.541667 0.106771 0.268519 -0.002083 0.006481 1.000000
0 249 0.603125 0.539815 0.112500 0.274074 -0.001823 -0.001852 1.000000
0 250 0.591406 0.534259 0.120313 0.283333 -0.011719 -0.005556 1.000000
0 251 0.584375 0.532870 0.111458 0.287963 -0.007031 -0.001389 1.000000
0 252 0.569531 0.526852 0.092188 0.275926 -0.014844 -0.006019 1.000000
0 253 0.570052 0.527315 0.092188 0.271296 0.000521 0.000463 1.000000
0 254 0.571354 0.535648 0.086458 0.282407 0.001302 0.008333 1.000000
0 255 0.573438 0.534259 0.085417 0.283333 0.002083 -0.001389 1.000000
0 256 0.573698 0.528241 0.077604 0.284259 0.000260 -0.006019 1.000000
0 257 0.575521 0.525463 0.068750 0.280556 0.001823 -0.002778 1.000000
0 258 0.569792 0.519907 0.067708 0.263889 -0.005729 -0.005556 1.000000
0 259 0.559896 0.526389 0.078125 0.269444 -0.009896 0.006481 1.000000
0 260 0.558594 0.533796 0.096354 0.275000 -0.001302 0.007407 1.000000
0 261 0.559896 0.535648 0.096875 0.271296 0.001302 0.001852 1.000000
0 262 0.561719 0.536111 0.097396 0.270370 0.001823 0.000463 1.000000
0 263 0.563542 0.534722 0.097917 0.273148 0.001823 -0.001389 1.000000
0 264 0.560937 0.532407 0.097917 0.281481 -0.002604 -0.002315 1.000000
0 265 0.555208 0.526389 0.094792 0.286111 -0.005729 -0.006019 1.000000
0 266 0.544792 0.528241 0.085417 0.273148 -0.010417 0.001852 1.000000
0 267 0.535417 0.530093 0.082292 0.258333 -0.009375 0.001852 1.000000
0 268 0.525781 0.549074 0.082812 0.268519 -0.009635 0.018981 1.000000
0 269 0.522917 0.550926 0.088542 0.264815 -0.002865 0.001852 1.000000
0 270 0.525521 0.551852 0.087500 0.262963 0.002604 0.000926 1.000000
0 271 0.525781 0.551852 0.088021 0.264815 0.000260 0.000000 1.000000
0 272 0.529687 0.548611 0.087500 0.269444 0.003906 -0.003241 1.000000
0 273 0.533594 0.547222 0.088021 0.272222 0.003906 -0.001389 1.000000
0 274 0.539583 0.541204 0.094792 0.282407 0.005990 -0.006019 1.000000
0 275 0.546094 0.538889 0.096354 0.283333 0.006510 -0.002315 1.000000
0 276 0.556250 0.536111 0.083333 0.288889 0.010156 -0.002778 1.000000
0 277 0.553906 0.536111 0.078646 0.290741 -0.002344 0.000000 1.000000
0 278 0.545573 0.536574 0.064062 0.291667 -0.008333 0.000463 1.000000
0 279 0.545312 0.536111 0.064583 0.292593 -0.000260 -0.000463 1.000000
0 280 0.547135 0.530556 0.053646 0.303704 0.001823 -0.005556 1.000000
0 281 0.547396 0.527778 0.050000 0.305556 0.000260 -0.002778 1.000000
0 282 0.554948 0.523611 0.059896 0.304630 0.007552 -0.004167 1.000000
0 283 0.551042 0.525926 0.056250 0.309259 -0.003906 0.002315 1.000000
0 284 0.550260 0.526389 0.061979 0.299074 -0.000781 0.000463 1.000000
0 285 0.549479 0.529167 0.065625 0.293519 -0.000781 0.002778 1.000000
0 286 0.547656 0.537037 0.083854 0.290741 -0.001823 0.007870 1.000000
0 287 0.543750 0.543056 0.095833 0.297222 -0.003906 0.006019 1.000000
0 288 0.546615 0.543981 0.100521 0.295370 0.002865 0.000926 1.000000
0 289 0.549740 0.544907 0.100521 0.295370 0.003125 0.000926 1.000000
0 290 0.551823 0.543519 0.095312 0.298148 0.002083 -0.001389 1.000000
0 291 0.552604 0.541667 0.088542 0.301852 0.000781 -0.001852 1.000000
0 292 0.554688 0.542593 0.082292 0.305556 0.002083 0.000926 1.000000
0 293 0.557292 0.543519 0.083333 0.301852 0.002604 0.000926 1.000000
0 294 0.563281 0.548148 0.089063 0.296296 0.005990 0.004630 1.000000
0 295 0.566146 0.552315 0.092708 0.291667 0.002865 0.004167 1.000000
0 296 0.573698 0.559259 0.098437 0.285185 0.007552 0.006944 1.000000
0 297 0.580729 0.559722 0.107292 0.284259 0.007031 0.000463 1.000000
0 298 0.583594 0.558333 0.104688 0.288889 0.002865 -0.001389 1.000000
0 299 0.585938 0.557870 0.105208 0.295370 0.002344 -0.000463 1.000000
0 300 0.593750 0.552778 0.102083 0.307407 0.007812 -0.005093 1.000000
0 301 0.599740 0.549074 0.097396 0.314815 0.005990 -0.003704 1.000000
0 302 0.607812 0.546296 0.091667 0.324074 0.008073 -0.002778 1.000000
0 303 0.611458 0.547222 0.090625 0.325926 0.003646 0.000926 1.000000
0 304 0.617708 0.549074 0.089583 0.324074 0.006250 0.001852 1.000000
0 305 0.620833 0.550000 0.090625 0.324074 0.003125 0.000926 1.000000
0 306 0.624740 0.552778 0.092188 0.316667 0.003906 0.002778 1.000000
0 307 0.626563 0.552778 0.092708 0.316667 0.001823 0.000000 1.000000
0 308 0.624219 0.556944 0.102604 0.310185 -0.002344 0.004167 1.000000
0 309 0.623437 0.560185 0.105208 0.303704 -0.000781 0.003241 1.000000
0 310 0.624219 0.569907 0.110937 0.276852 0.000781 0.009722 1.000000
0 311 0.623437 0.575000 0.113542 0.275926 -0.000781 0.005093 1.000000
0 312 0.625521 0.577315 0.116667 0.273148 0.002083 0.002315 1.000000
0 313 0.625781 0.574537 0.116146 0.280556 0.000260 -0.002778 1.000000
0 314 0.616406 0.566667 0.095312 0.292593 -0.009375 -0.007870 1.000000
0 315 0.609896 0.562963 0.080208 0.300000 -0.006510 -0.003704 1.000000
0 316 0.601823 0.559259 0.080729 0.292593 -0.008073 -0.003704 1.000000
0 317 0.594531 0.560185 0.089063 0.294444 -0.007292 0.000926 1.000000
0 318 0.591927 0.565741 0.092188 0.290741 -0.002604 0.005556 1.000000
0 319 0.591406 0.566667 0.088021 0.290741 -0.000521 0.000926 1.000000
0 320 0.599740 0.565278 0.068229 0.297222 0.008333 -0.001389 1.000000
0 321 0.601042 0.564352 0.068750 0.299074 0.001302 -0.000926 1.000000
0 322 0.602083 0.562963 0.060417 0.303704 0.001042 -0.001389 1.000000
0 323 0.611458 0.563889 0.045833 0.307407 0.009375 0.000926 1.000000
0 324 0.611719 0.564352 0.048438 0.308333 0.000260 0.000463 1.000000
0 325 0.614062 0.568519 0.055208 0.300000 0.002344 0.004167 1.000000
0 326 0.614583 0.572685 0.063542 0.293519 0.000521 0.004167 1.000000
0 327 0.613281 0.573611 0.067187 0.291667 -0.001302 0.000926 1.000000
0 328 0.618490 0.570370 0.063021 0.292593 0.005208 -0.003241 1.000000
0 329 0.619792 0.569907 0.063542 0.293519 0.001302 -0.000463 1.000000
0 330 0.622656 0.568519 0.068229 0.296296 0.002865 -0.001389 1.000000
0 331 0.622656 0.568056 0.066146 0.299074 0.000000 -0.000463 1.000000
0 332 0.616667 0.564352 0.058333 0.306481 -0.005990 -0.003704 1.000000
0 333 0.614062 0.562500 0.060417 0.312037 -0.002604 -0.001852 1.000000
0 334 0.608594 0.556944 0.063021 0.313889 -0.005469 -0.005556 1.000000
0 335 0.609635 0.557870 0.064062 0.313889 0.001042 0.000926 1.000000
0 336 0.614323 0.561111 0.058854 0.307407 0.004687 0.003241 1.000000
0 337 0.619792 0.550926 0.051042 0.327778 0.005469 -0.010185 1.000000
0 338 0.614844 0.537963 0.059896 0.353704 -0.004948 -0.012963 1.000000
0 339 0.616406 0.535185 0.070312 0.359259 0.001563 -0.002778 1.000000
0 340 0.628646 0.541204 0.095833 0.349074 0.012240 0.006019 1.000000
0 341 0.632812 0.547685 0.103125 0.336111 0.004167 0.006481 1.000000
0 342 0.643229 0.564352 0.116667 0.300926 0.010417 0.016667 1.000000
0 343 0.641667 0.564815 0.103125 0.300000 -0.001563 0.000463 1.000000
0 344 0.641406 0.566667 0.099479 0.296296 -0.000260 0.001852 1.000000
0 345 0.643750 0.570833 0.101042 0.293519 0.002344 0.004167 1.000000
0 346 0.646094 0.572222 0.102604 0.296296 0.002344 0.001389 1.000000
0 347 0.644792 0.572685 0.108333 0.297222 -0.001302 0.000463 1.000000
0 348 0.647656 0.572685 0.099479 0.299074 0.002865 0.000000 1.000000
0 349 0.647135 0.572685 0.099479 0.297222 -0.000521 0.000000 1.000000
0 350 0.645312 0.574537 0.092708 0.289815 -0.001823 0.001852 1.000000
0 351 0.643750 0.577778 0.091667 0.279630 -0.001563 0.003241 1.000000
0 352 0.643750 0.583796 0.086458 0.249074 0.000000 0.006019 1.000000
0 353 0.644792 0.594444 0.082292 0.227778 0.001042 0.010648 1.000000
0 354 0.648958 0.609722 0.078125 0.200926 0.004167 0.015278 1.000000
0 355 0.649479 0.627315 0.076042 0.202778 0.000521 0.017593 1.000000
0 356 0.647917 0.645833 0.077083 0.171296 -0.001563 0.018519 1.000000
0 357 0.648698 0.648148 0.077604 0.164815 0.000781 0.002315 1.000000
0 358 0.648698 0.645833 0.073438 0.165741 0.000000 -0.002315 1.000000
0 359 0.649479 0.643056 0.075000 0.171296 0.000781 -0.002778 1.000000
0 360 0.653646 0.629630 0.081250 0.198148 0.004167 -0.013426 1.000000
0 361 0.654427 0.623148 0.082812 0.209259 0.000781 -0.006481 1.000000
0 362 0.654167 0.618519 0.082292 0.218519 -0.000260 -0.004630 1.000000
0 363 0.653125 0.618056 0.081250 0.223148 -0.001042 -0.000463 1.000000
0 364 0.652344 0.616204 0.079687 0.226852 -0.000781 -0.001852 1.000000
0 365 0.653125 0.614815 0.079167 0.227778 0.000781 -0.001389 1.000000
0 366 0.651042 0.614815 0.079167 0.229630 -0.002083 0.000000 1.000000
0 367 0.650781 0.615278 0.080729 0.230556 -0.000260 0.000463 1.000000
0 368 0.653385 0.615741 0.089063 0.229630 0.002604 0.000463 1.000000
0 369 0.654687 0.617130 0.090625 0.225000 0.001302 0.001389 1.000000
0 370 0.657292 0.621296 0.098958 0.216667 0.002604 0.004167 1.000000
0 371 0.657552 0.628241 0.100521 0.208333 0.000260 0.006944 1.000000
0 372 0.655990 0.634722 0.102604 0.197222 -0.001563 0.006481 1.000000
0 373 0.657813 0.630556 0.104167 0.207407 0.001823 -0.004167 1.000000
0 374 0.663281 0.626389 0.103646 0.217593 0.005469 -0.004167 1.000000
0 375 0.667188 0.626389 0.100000 0.215741 0.003906 0.000000 1.000000
0 376 0.676042 0.621759 0.087500 0.228704 0.008854 -0.004630 1.000000
0 377 0.679427 0.620833 0.084896 0.232407 0.003385 -0.000926 1.000000
0 378 0.683594 0.613889 0.089063 0.246296 0.004167 -0.006944 1.000000
0 379 0.685937 0.609722 0.088542 0.258333 0.002344 -0.004167 1.000000
0 380 0.689063 0.607407 0.096875 0.262963 0.003125 -0.002315 1.000000
0 381 0.691667 0.609722 0.104167 0.256481 0.002604 0.002315 1.000000
0 382 0.693229 0.622222 0.109375 0.233333 0.001563 0.012500 1.000000
0 383 0.692708 0.621759 0.110417 0.232407 -0.000521 -0.000463 1.000000
0 384 0.690365 0.624537 0.114062 0.225000 -0.002344 0.002778 1.000000
0 385 0.689583 0.625926 0.114583 0.224074 -0.000781 0.001389 1.000000
0 386 0.687760 0.625000 0.117188 0.225926 -0.001823 -0.000926 1.000000
0 387 0.687760 0.619907 0.119271 0.236111 0.000000 -0.005093 1.000000
0 388 0.688802 0.615278 0.123438 0.245370 0.001042 -0.004630 1.000000
0 389 0.689844 0.607407 0.124479 0.259259 0.001042 -0.007870 1.000000
0 390 0.695573 0.597222 0.117188 0.275926 0.005729 -0.010185 1.000000
0 391 0.697656 0.592130 0.109896 0.284259 0.002083 -0.005093 1.000000
0 392 0.708073 0.587500 0.081771 0.293519 0.010417 -0.004630 1.000000
0 393 0.717448 0.586111 0.069271 0.294444 0.009375 -0.001389 1.000000
0 394 0.727865 0.590741 0.065104 0.283333 0.010417 0.004630 1.000000
0 395 0.730990 0.592130 0.070312 0.278704 0.003125 0.001389 1.000000
0 396 0.739583 0.583333 0.082292 0.292593 0.008594 -0.008796 1.000000
0 397 0.740625 0.579167 0.082292 0.299074 0.001042 -0.004167 1.000000
0 398 0.742188 0.573611 0.082292 0.310185 0.001563 -0.005556 1.000000
0 399 0.743229 0.573611 0.089583 0.310185 0.001042 0.000000 1.000000
0 400 0.743229 0.577315 0.087500 0.306481 0.000000 0.003704 1.000000
0 401 0.745052 0.577778 0.082812 0.307407 0.001823 0.000463 1.000000
0 402 0.744531 0.576852 0.079687 0.311111 -0.000521 -0.000926 1.000000
0 403 0.743490 0.574537 0.079687 0.313889 -0.001042 -0.002315 1.000000
0 404 0.740365 0.574074 0.081771 0.316667 -0.003125 -0.000463 1.000000
0 405 0.736979 0.576852 0.083333 0.311111 -0.003385 0.002778 1.000000
0 406 0.733333 0.580556 0.080208 0.303704 -0.003646 0.003704 1.000000
0 407 0.730729 0.580556 0.075000 0.300000 -0.002604 0.000000 1.000000
0 408 0.726823 0.579167 0.063021 0.297222 -0.003906 -0.001389 1.000000
0 409 0.727083 0.580093 0.062500 0.297222 0.000260 0.000926 1.000000
0 410 0.718750 0.568519 0.071875 0.277778 -0.008333 -0.011574 1.000000
0 411 0.719531 0.568519 0.070312 0.277778 0.000781 0.000000 1.000000
0 412 0.720833 0.566204 0.066667 0.282407 0.001302 -0.002315 1.000000
0 413 0.718750 0.564815 0.064583 0.285185 -0.002083 -0.001389 1.000000
0 414 0.719531 0.560185 0.061979 0.290741 0.000781 -0.004630 1.000000
0 415 0.718229 0.556481 0.061458 0.294444 -0.001302 -0.003704 1.000000
0 416 0.714844 0.554167 0.056771 0.295370 -0.003385 -0.002315 1.000000
0 417 0.710156 0.554167 0.054688 0.295370 -0.004687 0.000000 1.000000
0 418 0.700521 0.548148 0.060417 0.288889 -0.009635 -0.006019 1.000000
0 419 0.696615 0.545833 0.059896 0.291667 -0.003906 -0.002315 1.000000
0 420 0.685417 0.535185 0.059375 0.279630 -0.011198 -0.010648 1.000000
0 421 0.678646 0.528241 0.059375 0.275000 -0.006771 -0.006944 1.000000
0 422 0.663542 0.524537 0.060417 0.280556 -0.015104 -0.003704 1.000000
0 423 0.656250 0.524074 0.062500 0.281481 -0.007292 -0.000463 1.000000
0 424 0.642708 0.522685 0.068750 0.280556 -0.013542 -0.001389 1.000000
0 425 0.635677 0.521296 0.071354 0.279630 -0.007031 -0.001389 1.000000
0 426 0.623958 0.519907 0.065625 0.263889 -0.011719 -0.001389 1.000000
0 427 0.615885 0.524537 0.063021 0.250926 -0.008073 0.004630 1.000000
0 428 0.606771 0.533796 0.058333 0.230556 -0.009115 0.009259 1.000000
0 429 0.603646 0.537037 0.057292 0.222222 -0.003125 0.003241 1.000000
0 430 0.594010 0.513426 0.063021 0.265741 -0.009635 -0.023611 1.000000
0 431 0.591146 0.522685 0.062500 0.247222 -0.002865 0.009259 1.000000
0 432 0.583594 0.539352 0.059896 0.237963 -0.007552 0.016667 1.000000
0 433 0.581510 0.535648 0.058854 0.245370 -0.002083 -0.003704 1.000000
0 434 0.579427 0.522222 0.058854 0.262963 -0.002083 -0.013426 1.000000
0 435 0.578125 0.515278 0.057292 0.271296 -0.001302 -0.006944 1.000000
0 436 0.575000 0.502315 0.055208 0.286111 -0.003125 -0.012963 1.000000
0 437 0.573698 0.500926 0.053646 0.294444 -0.001302 -0.001389 1.000000
0 438 0.570312 0.490741 0.056250 0.290741 -0.003385 -0.010185 1.000000
0 439 0.569531 0.489815 0.067187 0.283333 -0.000781 -0.000926 1.000000
0 440 0.569010 0.495833 0.090104 0.269444 -0.000521 0.006019 1.000000
0 441 0.569531 0.503241 0.098437 0.262037 0.000521 0.007407 1.000000
0 442 0.567448 0.523148 0.103646 0.240741 -0.002083 0.019907 1.000000
0 443 0.566146 0.534722 0.105208 0.215741 -0.001302 0.011574 1.000000
0 444 0.564583 0.544907 0.107292 0.197222 -0.001563 0.010185 1.000000
0 445 0.563281 0.548148 0.106771 0.187037 -0.001302 0.003241 1.000000
0 446 0.560417 0.566204 0.106250 0.154630 -0.002865 0.018056 1.000000
0 447 0.559115 0.568519 0.106771 0.150000 -0.001302 0.002315 1.000000
0 448 0.556771 0.570833 0.106250 0.147222 -0.002344 0.002315 1.000000
0 449 0.554948 0.570370 0.106771 0.144444 -0.001823 -0.000463 1.000000
0 450 0.551302 0.569444 0.105729 0.142593 -0.003646 -0.000926 1.000000
0 451 0.549740 0.568981 0.106771 0.141667 -0.001563 -0.000463 1.000000
0 452 0.546875 0.568519 0.106250 0.140741 -0.002865 -0.000463 1.000000
0 453 0.545312 0.567130 0.106250 0.139815 -0.001563 -0.001389 1.000000
0 454 0.544271 0.568056 0.106250 0.139815 -0.001042 0.000926 1.000000
0 455 0.542448 0.568519 0.105729 0.138889 -0.001823 0.000463 1.000000
0 456 0.541927 0.570370 0.105729 0.138889 -0.000521 0.001852 1.000000
0 457 0.541667 0.568981 0.106250 0.139815 -0.000260 -0.001389 1.000000
0 458 0.540104 0.569444 0.106250 0.140741 -0.001563 0.000463 1.000000
0 459 0.540365 0.569907 0.105729 0.139815 0.000260 0.000463 1.000000
0 460 0.540625 0.570370 0.106250 0.138889 0.000260 0.000463 1.000000
0 461 0.540104 0.570370 0.106250 0.138889 -0.000521 0.000000 1.000000
0 462 0.539844 0.571296 0.105729 0.138889 -0.000260 0.000926 1.000000
0 463 0.539062 0.570370 0.106250 0.138889 -0.000781 -0.000926 1.000000
0 464 0.537760 0.571296 0.107813 0.137037 -0.001302 0.000926 1.000000
0 465 0.537500 0.571296 0.108333 0.135185 -0.000260 0.000000 1.000000
0 466 0.536198 0.572685 0.111979 0.136111 -0.001302 0.001389 1.000000
0 467 0.535937 0.572222 0.113542 0.137037 -0.000260 -0.000463 1.000000
0 468 0.534115 0.572685 0.115104 0.136111 -0.001823 0.000463 1.000000
0 469 0.534375 0.572685 0.115625 0.136111 0.000260 0.000000 1.000000
0 470 0.533594 0.573148 0.116146 0.135185 -0.000781 0.000463 1.000000
0 471 0.533333 0.572222 0.116667 0.135185 -0.000260 -0.000926 1.000000
0 472 0.534115 0.573148 0.117188 0.135185 0.000781 0.000926 1.000000
0 473 0.534115 0.573611 0.116146 0.134259 0.000000 0.000463 1.000000
0 474 0.533333 0.574074 0.116667 0.133333 -0.000781 0.000463 1.000000
0 475 0.534115 0.574074 0.116146 0.133333 0.000781 0.000000 1.000000
0 476 0.534635 0.573611 0.116146 0.132407 0.000521 -0.000463 1.000000
0 477 0.533594 0.574537 0.117188 0.132407 -0.001042 0.000926 1.000000
0 478 0.534375 0.573148 0.116667 0.131481 0.000781 -0.001389 1.000000
0 479 0.534375 0.574537 0.116667 0.132407 0.000000 0.001389 1.000000
0 480 0.534635 0.574537 0.116146 0.132407 0.000260 0.000000 1.000000
0 481 0.535417 0.574537 0.116667 0.132407 0.000781 0.000000 1.000000
0 482 0.535937 0.574074 0.116667 0.133333 0.000521 -0.000463 1.000000
0 483 0.535417 0.574074 0.116667 0.133333 -0.000521 0.000000 1.000000
0 484 0.536719 0.572222 0.116146 0.133333 0.001302 -0.001852 1.000000
0 485 0.536719 0.572685 0.116146 0.134259 0.000000 0.000463 1.000000
0 486 0.536198 0.571296 0.115104 0.133333 -0.000521 -0.001389 1.000000
0 487 0.535677 0.571296 0.113021 0.133333 -0.000521 0.000000 1.000000
0 488 0.536458 0.570370 0.109375 0.133333 0.000781 -0.000926 1.000000
0 489 0.536458 0.570833 0.109375 0.134259 0.000000 0.000463 1.000000
0 490 0.536719 0.569907 0.109896 0.136111 0.000260 -0.000926 1.000000
0 491 0.537240 0.567593 0.109896 0.137037 0.000521 -0.002315 1.000000
0 492 0.537760 0.564352 0.110937 0.147222 0.000521 -0.003241 1.000000
0 493 0.538802 0.560185 0.110937 0.153704 0.001042 -0.004167 1.000000
0 494 0.539323 0.550926 0.113021 0.172222 0.000521 -0.009259 1.000000
0 495 0.540104 0.539815 0.114583 0.196296 0.000781 -0.011111 1.000000
0 496 0.540365 0.518981 0.115104 0.236111 0.000260 -0.020833 1.000000
0 497 0.539844 0.513426 0.113021 0.249074 -0.000521 -0.005556 1.000000
0 498 0.534635 0.503241 0.103646 0.267593 -0.005208 -0.010185 1.000000
0 499 0.532813 0.502315 0.097917 0.269444 -0.001823 -0.000926 1.000000
0 500 0.530208 0.500926 0.091667 0.275926 -0.002604 -0.001389 1.000000
0 501 0.530208 0.505093 0.090625 0.276852 0.000000 0.004167 1.000000
0 502 0.530208 0.502315 0.090625 0.280556 0.000000 -0.002778 1.000000
0 503 0.530469 0.502778 0.090104 0.281481 0.000260 0.000463 1.000000
0 504 0.529948 0.512500 0.093229 0.262037 -0.000521 0.009722 1.000000
0 505 0.527083 0.512963 0.097917 0.262963 -0.002865 0.000463 1.000000
0 506 0.519531 0.512500 0.099479 0.263889 -0.007552 -0.000463 1.000000
0 507 0.515365 0.509722 0.097396 0.267593 -0.004167 -0.002778 1.000000
0 508 0.505729 0.504167 0.079167 0.280556 -0.009635 -0.005556 1.000000
0 509 0.498958 0.496296 0.066667 0.296296 -0.006771 -0.007870 1.000000
0 510 0.493750 0.482407 0.061458 0.318519 -0.005208 -0.013889 1.000000
0 511 0.486458 0.485648 0.068750 0.332407 -0.007292 0.003241 1.000000
0 512 0.476823 0.497685 0.086979 0.315741 -0.009635 0.012037 1.000000
0 513 0.476042 0.497685 0.094792 0.315741 -0.000781 0.000000 1.000000
0 514 0.475260 0.505093 0.097396 0.300926 -0.000781 0.007407 1.000000
0 515 0.475000 0.506481 0.097917 0.300000 -0.000260 0.001389 1.000000
0 516 0.473958 0.505093 0.097917 0.300926 -0.001042 -0.001389 1.000000
0 517 0.472917 0.505093 0.095833 0.300926 -0.001042 0.000000 1.000000
0 518 0.473698 0.502315 0.098437 0.308333 0.000781 -0.002778 1.000000
0 519 0.473698 0.500463 0.097396 0.306481 0.000000 -0.001852 1.000000
0 520 0.473177 0.502778 0.097396 0.303704 -0.000521 0.002315 1.000000
0 521 0.471354 0.503241 0.093750 0.299074 -0.001823 0.000463 1.000000
0 522 0.469010 0.508333 0.091146 0.290741 -0.002344 0.005093 1.000000
0 523 0.465365 0.510648 0.084896 0.284259 -0.003646 0.002315 1.000000
0 524 0.456510 0.513426 0.068229 0.278704 -0.008854 0.002778 1.000000
0 525 0.456250 0.513889 0.069792 0.277778 -0.000260 0.000463 1.000000
0 526 0.455469 0.520833 0.088021 0.269444 -0.000781 0.006944 1.000000
0 527 0.457292 0.522685 0.086458 0.265741 0.001823 0.001852 1.000000
0 528 0.458073 0.527315 0.084896 0.256481 0.000781 0.004630 1.000000
0 529 0.458073 0.529630 0.084896 0.255556 0.000000 0.002315 1.000000
0 530 0.458333 0.524074 0.083333 0.266667 0.000260 -0.005556 1.000000
0 531 0.457292 0.521296 0.082292 0.274074 -0.001042 -0.002778 1.000000
0 532 0.452865 0.514352 0.083854 0.282407 -0.004427 -0.006944 1.000000
0 533 0.449740 0.512963 0.081771 0.287037 -0.003125 -0.001389 1.000000
0 534 0.452344 0.513889 0.066146 0.285185 0.002604 0.000926 1.000000
0 535 0.451042 0.515278 0.064583 0.284259 -0.001302 0.001389 1.000000
0 536 0.449740 0.516667 0.063021 0.283333 -0.001302 0.001389 1.000000
0 537 0.449219 0.515741 0.063021 0.283333 -0.000521 -0.000926 1.000000
0 538 0.451562 0.517130 0.061458 0.280556 0.002344 0.001389 1.000000
0 539 0.452865 0.517130 0.058854 0.280556 0.001302 0.000000 1.000000
0 540 0.452865 0.518056 0.058854 0.278704 0.000000 0.000926 1.000000
0 541 0.453906 0.519444 0.055729 0.275926 0.001042 0.001389 1.000000
0 542 0.454688 0.521296 0.056250 0.274074 0.000781 0.001852 1.000000
0 543 0.451042 0.521759 0.065625 0.273148 -0.003646 0.000463 1.000000
0 544 0.451562 0.518056 0.067708 0.265741 0.000521 -0.003704 1.000000
0 545 0.453125 0.517130 0.067708 0.263889 0.001563 -0.000926 1.000000
0 546 0.453646 0.511111 0.059375 0.259259 0.000521 -0.006019 1.000000
0 547 0.452865 0.507407 0.054688 0.266667 -0.000781 -0.003704 1.000000
0 548 0.451562 0.504630 0.051042 0.268519 -0.001302 -0.002778 1.000000
0 549 0.450260 0.505556 0.047396 0.264815 -0.001302 0.000926 1.000000
0 550 0.453125 0.506019 0.052083 0.265741 0.002865 0.000463 1.000000
0 551 0.452344 0.507407 0.053646 0.262963 -0.000781 0.001389 1.000000
0 552 0.452865 0.508796 0.054688 0.260185 0.000521 0.001389 1.000000
0 553 0.454427 0.502778 0.054688 0.257407 0.001563 -0.006019 1.000000
0 554 0.452865 0.496759 0.069271 0.262037 -0.001563 -0.006019 1.000000
0 555 0.451823 0.495833 0.080729 0.265741 -0.001042 -0.000926 1.000000
0 556 0.449479 0.489815 0.092708 0.250000 -0.002344 -0.006019 1.000000
0 557 0.452083 0.485185 0.095833 0.235185 0.002604 -0.004630 1.000000
0 558 0.450260 0.489352 0.089063 0.228704 -0.001823 0.004167 1.000000
0 559 0.449740 0.502315 0.082812 0.249074 -0.000521 0.012963 1.000000
0 560 0.452865 0.508333 0.080729 0.250000 0.003125 0.006019 1.000000
0 561 0.452604 0.508333 0.081250 0.250000 -0.000260 0.000000 1.000000
0 562 0.452865 0.506019 0.080729 0.252778 0.000260 -0.002315 1.000000
0 563 0.452344 0.502778 0.080729 0.257407 -0.000521 -0.003241 1.000000
0 564 0.452344 0.490278 0.080729 0.282407 0.000000 -0.012500 1.000000
0 565 0.451823 0.482870 0.080729 0.297222 -0.000521 -0.007407 1.000000
0 566 0.451823 0.481481 0.080729 0.298148 0.000000 -0.001389 1.000000
0 567 0.449219 0.483333 0.081771 0.296296 -0.002604 0.001852 1.000000
0 568 0.448437 0.495370 0.081250 0.277778 -0.000781 0.012037 1.000000
0 569 0.447656 0.497685 0.079687 0.273148 -0.000781 0.002315 1.000000
0 570 0.448177 0.505093 0.079687 0.260185 0.000521 0.007407 1.000000
0 571 0.449740 0.506944 0.075521 0.256481 0.001563 0.001852 1.000000
0 572 0.452083 0.510185 0.070833 0.251852 0.002344 0.003241 1.000000
0 573 0.452083 0.512037 0.071875 0.246296 0.000000 0.001852 1.000000
0 574 0.450781 0.516204 0.073438 0.239815 -0.001302 0.004167 1.000000
0 575 0.449219 0.515741 0.075521 0.238889 -0.001563 -0.000463 1.000000
0 576 0.432812 0.515278 0.108333 0.241667 -0.016406 -0.000463 1.000000
0 577 0.425260 0.524537 0.122396 0.252778 -0.007552 0.009259 1.000000
0 578 0.421875 0.532870 0.136458 0.254630 -0.003385 0.008333 1.000000
0 579 0.418229 0.533333 0.136458 0.253704 -0.003646 0.000463 1.000000
0 580 0.416667 0.531944 0.098958 0.262037 -0.001563 -0.001389 1.000000
0 581 0.420312 0.531481 0.078125 0.264815 0.003646 -0.000463 1.000000
0 582 0.421615 0.530556 0.068229 0.266667 0.001302 -0.000926 1.000000
0 583 0.420312 0.530556 0.068750 0.270370 -0.001302 0.000000 1.000000
0 584 0.415365 0.539815 0.083854 0.281481 -0.004948 0.009259 1.000000
0 585 0.413281 0.546759 0.107813 0.280556 -0.002083 0.006944 1.000000
0 586 0.409115 0.551389 0.124479 0.275000 -0.004167 0.004630 1.000000
0 587 0.406510 0.550000 0.120313 0.277778 -0.002604 -0.001389 1.000000
0 588 0.402083 0.552315 0.104167 0.275000 -0.004427 0.002315 1.000000
0 589 0.402865 0.554630 0.100521 0.272222 0.000781 0.002315 1.000000
0 590 0.405208 0.559722 0.094792 0.262037 0.002344 0.005093 1.000000
0 591 0.404948 0.560648 0.092188 0.260185 -0.000260 0.000926 1.000000
0 592 0.400781 0.561111 0.100521 0.266667 -0.004167 0.000463 1.000000
0 593 0.396615 0.566204 0.107813 0.280556 -0.004167 0.005093 1.000000
0 594 0.398958 0.572222 0.098958 0.279630 0.002344 0.006019 1.000000
0 595 0.402344 0.565741 0.089063 0.298148 0.003385 -0.006481 1.000000
0 596 0.397396 0.559722 0.082292 0.312037 -0.004948 -0.006019 1.000000
0 597 0.396875 0.557407 0.081250 0.312963 -0.000521 -0.002315 1.000000
0 598 0.397656 0.559722 0.080729 0.310185 0.000781 0.002315 1.000000
0 599 0.398177 0.560648 0.081771 0.310185 0.000521 0.000926 1.000000
0 600 0.399479 0.572685 0.084375 0.289815 0.001302 0.012037 1.000000
0 601 0.402865 0.576389 0.092188 0.284259 0.003385 0.003704 1.000000
0 602 0.402865 0.576852 0.093229 0.298148 0.000000 0.000463 1.000000
0 603 0.402604 0.571296 0.093750 0.312963 -0.000260 -0.005556 1.000000
