0 1 0.891146 0.477778 0.106250 0.224074 0.000000 0.000000 1.000000
0 2 0.892188 0.476389 0.103125 0.217593 0.001042 -0.001389 1.000000
0 3 0.891927 0.476389 0.099479 0.210185 -0.000260 0.000000 1.000000
0 4 0.890365 0.478704 0.094271 0.203704 -0.001563 0.002315 1.000000
0 5 0.888021 0.484722 0.091667 0.197222 -0.002344 0.006019 1.000000
0 6 0.883854 0.492130 0.085417 0.202778 -0.004167 0.007407 1.000000
0 7 0.882552 0.495833 0.082812 0.215741 -0.001302 0.003704 1.000000
0 8 0.880990 0.505556 0.083854 0.200000 -0.001563 0.009722 1.000000
0 9 0.880990 0.510185 0.083854 0.185185 0.000000 0.004630 1.000000
0 10 0.881510 0.525463 0.083854 0.156481 0.000521 0.015278 1.000000
0 11 0.880990 0.526852 0.083854 0.155556 -0.000521 0.001389 1.000000
0 12 0.881510 0.521296 0.082812 0.166667 0.000521 -0.005556 1.000000
0 13 0.881250 0.516667 0.083333 0.175926 -0.000260 -0.004630 1.000000
0 14 0.880469 0.506019 0.082812 0.197222 -0.000781 -0.010648 1.000000
0 15 0.880990 0.498148 0.082812 0.211111 0.000521 -0.007870 1.000000
0 16 0.871615 0.487500 0.070312 0.226852 -0.009375 -0.010648 1.000000
0 17 0.868750 0.482407 0.069792 0.231481 -0.002865 -0.005093 1.000000
0 18 0.865625 0.479167 0.071875 0.258333 -0.003125 -0.003241 1.000000
0 19 0.866667 0.477778 0.066667 0.261111 0.001042 -0.001389 1.000000
0 20 0.864323 0.474537 0.064062 0.265741 -0.002344 -0.003241 1.000000
0 21 0.863021 0.475000 0.065625 0.266667 -0.001302 0.000463 1.000000
0 22 0.857812 0.465278 0.086458 0.265741 -0.005208 -0.009722 1.000000
0 23 0.857292 0.467593 0.095833 0.272222 -0.000521 0.002315 1.000000
0 24 0.864583 0.471296 0.083333 0.285185 0.007292 0.003704 1.000000
0 25 0.869010 0.469444 0.074479 0.285185 0.004427 -0.001852 1.000000
0 26 0.869271 0.469444 0.075000 0.285185 0.000260 0.000000 1.000000
0 27 0.869271 0.469444 0.073958 0.283333 0.000000 0.000000 1.000000
0 28 0.870052 0.469907 0.075521 0.282407 0.000781 0.000463 1.000000
0 29 0.870313 0.467593 0.076042 0.287037 0.000260 -0.002315 1.000000
0 30 0.861458 0.460185 0.095833 0.300000 -0.008854 -0.007407 1.000000
0 31 0.860677 0.462037 0.098437 0.296296 -0.000781 0.001852 1.000000
0 32 0.861198 0.470833 0.099479 0.276852 0.000521 0.008796 1.000000
0 33 0.860417 0.473611 0.102083 0.271296 -0.000781 0.002778 1.000000
0 34 0.861458 0.473148 0.100000 0.272222 0.001042 -0.000463 1.000000
0 35 0.863542 0.472685 0.095833 0.273148 0.002083 -0.000463 1.000000
0 36 0.867448 0.465278 0.088021 0.287963 0.003906 -0.007407 1.000000
0 37 0.869792 0.462963 0.085417 0.292593 0.002344 -0.002315 1.000000
0 38 0.866667 0.457870 0.090625 0.302778 -0.003125 -0.005093 1.000000
0 39 0.862760 0.456481 0.095312 0.305556 -0.003906 -0.001389 1.000000
0 40 0.859375 0.456019 0.092708 0.302778 -0.003385 -0.000463 1.000000
0 41 0.858854 0.456019 0.090625 0.302778 -0.000521 0.000000 1.000000
0 42 0.855729 0.456019 0.088542 0.300926 -0.003125 0.000000 1.000000
0 43 0.855729 0.454630 0.088542 0.303704 0.000000 -0.001389 1.000000
0 44 0.858854 0.451389 0.079167 0.304630 0.003125 -0.003241 1.000000
0 45 0.862240 0.451852 0.073438 0.309259 0.003385 0.000463 1.000000
0 46 0.864583 0.459259 0.073958 0.312963 0.002344 0.007407 1.000000
0 47 0.867448 0.462037 0.081771 0.305556 0.002865 0.002778 1.000000
0 48 0.874740 0.462037 0.086979 0.307407 0.007292 0.000000 1.000000
0 49 0.876042 0.460648 0.089583 0.310185 0.001302 -0.001389 1.000000
0 50 0.880990 0.461111 0.084896 0.311111 0.004948 0.000463 1.000000
0 51 0.882292 0.465278 0.082292 0.312037 0.001302 0.004167 1.000000
0 52 0.887500 0.475463 0.086458 0.287963 0.005208 0.010185 1.000000
0 53 0.891406 0.477315 0.093229 0.284259 0.003906 0.001852 1.000000
0 54 0.885677 0.476852 0.082812 0.283333 -0.005729 -0.000463 1.000000
0 55 0.880208 0.477778 0.072917 0.281481 -0.005469 0.000926 1.000000
0 56 0.878385 0.476389 0.068229 0.284259 -0.001823 -0.001389 1.000000
0 57 0.882812 0.477778 0.078125 0.281481 0.004427 0.001389 1.000000
0 58 0.888802 0.478704 0.088021 0.279630 0.005990 0.000926 1.000000
0 59 0.887500 0.478704 0.093750 0.279630 -0.001302 0.000000 1.000000
0 60 0.879687 0.480556 0.107292 0.275926 -0.007812 0.001852 1.000000
0 61 0.878906 0.481019 0.108854 0.275000 -0.000781 0.000463 1.000000
0 62 0.879687 0.478704 0.107292 0.261111 0.000781 -0.002315 1.000000
0 63 0.880729 0.480093 0.105208 0.258333 0.001042 0.001389 1.000000
0 64 0.884635 0.483796 0.096354 0.262037 0.003906 0.003704 1.000000
0 65 0.883333 0.483796 0.098958 0.263889 -0.001302 0.000000 1.000000
0 66 0.883594 0.482870 0.099479 0.263889 0.000260 -0.000926 1.000000
0 67 0.883594 0.482870 0.099479 0.263889 0.000000 0.000000 1.000000
0 68 0.883073 0.483796 0.100521 0.263889 -0.000521 0.000926 1.000000
0 69 0.883333 0.477315 0.100000 0.275000 0.000260 -0.006481 1.000000
0 70 0.882812 0.468981 0.100000 0.291667 -0.000521 -0.008333 1.000000
0 71 0.883073 0.469444 0.099479 0.290741 0.000260 0.000463 1.000000
0 72 0.882812 0.478704 0.098958 0.270370 -0.000260 0.009259 1.000000
0 73 0.882812 0.477778 0.098958 0.272222 0.000000 -0.000926 1.000000
0 74 0.882812 0.477778 0.100000 0.272222 0.000000 0.000000 1.000000
0 75 0.882552 0.477778 0.099479 0.272222 -0.000260 0.000000 1.000000
0 76 0.882292 0.476389 0.098958 0.273148 -0.000260 -0.001389 1.000000
0 77 0.882812 0.475463 0.100000 0.275000 0.000521 -0.000926 1.000000
0 78 0.882292 0.468519 0.101042 0.287037 -0.000521 -0.006944 1.000000
0 79 0.880729 0.466667 0.103125 0.283333 -0.001563 -0.001852 1.000000
0 80 0.873958 0.477778 0.139583 0.259259 -0.006771 0.011111 1.000000
0 81 0.871354 0.478241 0.134375 0.258333 -0.002604 0.000463 1.000000
0 82 0.869271 0.477315 0.127083 0.260185 -0.002083 -0.000926 1.000000
0 83 0.869792 0.477315 0.122917 0.260185 0.000521 0.000000 1.000000
0 84 0.858854 0.475463 0.112500 0.262037 -0.010937 -0.001852 1.000000
0 85 0.851562 0.473148 0.100000 0.268519 -0.007292 -0.002315 1.000000
0 86 0.843750 0.470370 0.079167 0.272222 -0.007812 -0.002778 1.000000
0 87 0.836458 0.468519 0.063542 0.274074 -0.007292 -0.001852 1.000000
0 88 0.820312 0.464815 0.054167 0.281481 -0.016146 -0.003704 1.000000
0 89 0.814583 0.464815 0.055208 0.281481 -0.005729 0.000000 1.000000
0 90 0.805469 0.455093 0.055729 0.282407 -0.009115 -0.009722 1.000000
0 91 0.800521 0.449537 0.055208 0.282407 -0.004948 -0.005556 1.000000
0 92 0.794271 0.447685 0.054167 0.289815 -0.006250 -0.001852 1.000000
0 93 0.787500 0.440278 0.058333 0.287963 -0.006771 -0.007407 1.000000
0 94 0.777344 0.434259 0.064062 0.277778 -0.010156 -0.006019 1.000000
0 95 0.772917 0.433333 0.065625 0.277778 -0.004427 -0.000926 1.000000
0 96 0.765365 0.442593 0.069271 0.285185 -0.007552 0.009259 1.000000
0 97 0.764583 0.445833 0.070833 0.278704 -0.000781 0.003241 1.000000
0 98 0.763802 0.450463 0.069271 0.273148 -0.000781 0.004630 1.000000
0 99 0.761979 0.446296 0.066667 0.277778 -0.001823 -0.004167 1.000000
0 100 0.763542 0.441667 0.067708 0.287037 0.001563 -0.004630 1.000000
0 101 0.763542 0.437963 0.069792 0.292593 0.000000 -0.003704 1.000000
0 102 0.761979 0.436111 0.075000 0.288889 -0.001563 -0.001852 1.000000
0 103 0.761198 0.433796 0.074479 0.289815 -0.000781 -0.002315 1.000000
0 104 0.755990 0.428704 0.083854 0.307407 -0.005208 -0.005093 1.000000
0 105 0.751302 0.430093 0.094271 0.302778 -0.004687 0.001389 1.000000
0 106 0.745313 0.442130 0.097917 0.280556 -0.005990 0.012037 1.000000
0 107 0.746094 0.445833 0.094271 0.275000 0.000781 0.003704 1.000000
0 108 0.750521 0.446296 0.089583 0.275926 0.004427 0.000463 1.000000
0 109 0.751823 0.444444 0.082812 0.275926 0.001302 -0.001852 1.000000
0 110 0.754687 0.446296 0.080208 0.272222 0.002865 0.001852 1.000000
0 111 0.752083 0.446759 0.079167 0.269444 -0.002604 0.000463 1.000000
0 112 0.743490 0.451852 0.064062 0.261111 -0.008594 0.005093 1.000000
0 113 0.739844 0.456019 0.058854 0.254630 -0.003646 0.004167 1.000000
0 114 0.734375 0.458796 0.053125 0.250926 -0.005469 0.002778 1.000000
0 115 0.735677 0.459259 0.054688 0.250000 0.001302 0.000463 1.000000
0 116 0.736719 0.458796 0.053646 0.250926 0.001042 -0.000463 1.000000
0 117 0.734375 0.459722 0.045833 0.250926 -0.002344 0.000926 1.000000
0 118 0.734375 0.457407 0.043750 0.253704 0.000000 -0.002315 1.000000
0 119 0.733594 0.457407 0.043229 0.253704 -0.000781 0.000000 1.000000
0 120 0.734375 0.453241 0.042708 0.256481 0.000781 -0.004167 1.000000
0 121 0.734635 0.452315 0.044271 0.258333 0.000260 -0.000926 1.000000
0 122 0.737760 0.448611 0.054688 0.262037 0.003125 -0.003704 1.000000
0 123 0.737240 0.448611 0.054688 0.262037 -0.000521 0.000000 1.000000
0 124 0.735677 0.447222 0.051562 0.262963 -0.001563 -0.001389 1.000000
0 125 0.734115 0.448148 0.047396 0.262963 -0.001563 0.000926 1.000000
0 126 0.729688 0.449074 0.042708 0.261111 -0.004427 0.000926 1.000000
0 127 0.727083 0.450000 0.045833 0.259259 -0.002604 0.000926 1.000000
0 128 0.721875 0.455093 0.052083 0.249074 -0.005208 0.005093 1.000000
0 129 0.719010 0.459259 0.055729 0.242593 -0.002865 0.004167 1.000000
0 130 0.717708 0.467593 0.064583 0.227778 -0.001302 0.008333 1.000000
0 131 0.717187 0.468981 0.071875 0.225000 -0.000521 0.001389 1.000000
0 132 0.714583 0.477778 0.078125 0.207407 -0.002604 0.008796 1.000000
0 133 0.713542 0.482870 0.078125 0.200926 -0.001042 0.005093 1.000000
0 134 0.710156 0.487500 0.079687 0.191667 -0.003385 0.004630 1.000000
0 135 0.707031 0.489352 0.075521 0.187963 -0.003125 0.001852 1.000000
0 136 0.707031 0.494907 0.076563 0.180556 0.000000 0.005556 1.000000
0 137 0.707031 0.497685 0.077604 0.173148 0.000000 0.002778 1.000000
0 138 0.705469 0.501389 0.080729 0.165741 -0.001563 0.003704 1.000000
0 139 0.706510 0.503241 0.081771 0.162037 0.001042 0.001852 1.000000
0 140 0.706250 0.508796 0.084375 0.154630 -0.000260 0.005556 1.000000
0 141 0.704948 0.513426 0.084896 0.149074 -0.001302 0.004630 1.000000
0 142 0.704688 0.518981 0.086458 0.139815 -0.000260 0.005556 1.000000
0 143 0.704167 0.521296 0.087500 0.135185 -0.000521 0.002315 1.000000
0 144 0.703906 0.525463 0.090104 0.125000 -0.000260 0.004167 1.000000
0 145 0.702865 0.530556 0.091146 0.116667 -0.001042 0.005093 1.000000
0 146 0.701302 0.534722 0.093229 0.108333 -0.001563 0.004167 1.000000
0 147 0.699479 0.537037 0.095833 0.107407 -0.001823 0.002315 1.000000
0 148 0.695052 0.539352 0.098437 0.102778 -0.004427 0.002315 1.000000
0 149 0.693229 0.543056 0.096875 0.097222 -0.001823 0.003704 1.000000
0 150 0.687500 0.546759 0.100000 0.097222 -0.005729 0.003704 1.000000
0 151 0.684115 0.549537 0.098437 0.097222 -0.003385 0.002778 1.000000
0 152 0.677865 0.547222 0.098437 0.101852 -0.006250 -0.002315 1.000000
0 153 0.676302 0.548611 0.099479 0.102778 -0.001563 0.001389 1.000000
0 154 0.672396 0.550926 0.105208 0.100000 -0.003906 0.002315 1.000000
0 155 0.671094 0.552315 0.108854 0.097222 -0.001302 0.001389 1.000000
0 156 0.667188 0.556944 0.112500 0.087963 -0.003906 0.004630 1.000000
0 157 0.664844 0.557407 0.114062 0.088889 -0.002344 0.000463 1.000000
0 158 0.660156 0.556019 0.114062 0.091667 -0.004687 -0.001389 1.000000
0 159 0.658854 0.553704 0.113542 0.096296 -0.001302 -0.002315 1.000000
0 160 0.655729 0.550463 0.112500 0.102778 -0.003125 -0.003241 1.000000
0 161 0.652865 0.551852 0.107813 0.101852 -0.002865 0.001389 1.000000
0 162 0.645052 0.536574 0.092188 0.130556 -0.007812 -0.015278 1.000000
0 163 0.643490 0.531944 0.088021 0.141667 -0.001563 -0.004630 1.000000
0 164 0.643229 0.528704 0.087500 0.148148 -0.000260 -0.003241 1.000000
0 165 0.643229 0.530556 0.087500 0.146296 0.000000 0.001852 1.000000
0 166 0.642448 0.537037 0.089063 0.133333 -0.000781 0.006481 1.000000
0 167 0.640885 0.543519 0.094271 0.122222 -0.001563 0.006481 1.000000
0 168 0.636979 0.553241 0.095833 0.099074 -0.003906 0.009722 1.000000
0 169 0.634115 0.556019 0.095312 0.095370 -0.002865 0.002778 1.000000
0 170 0.634115 0.556019 0.099479 0.093519 0.000000 0.000000 1.000000
0 171 0.633854 0.553704 0.100000 0.096296 -0.000260 -0.002315 1.000000
0 172 0.633333 0.541204 0.097917 0.119444 -0.000521 -0.012500 1.000000
0 173 0.633594 0.531944 0.093229 0.139815 0.000260 -0.009259 1.000000
0 174 0.636719 0.509722 0.083854 0.184259 0.003125 -0.022222 1.000000
0 175 0.635938 0.501389 0.081250 0.200926 -0.000781 -0.008333 1.000000
0 176 0.641667 0.493981 0.093750 0.213889 0.005729 -0.007407 1.000000
0 177 0.647396 0.499537 0.105208 0.204630 0.005729 0.005556 1.000000
0 178 0.655990 0.522685 0.119271 0.154630 0.008594 0.023148 1.000000
0 179 0.654427 0.525463 0.114062 0.145370 -0.001563 0.002778 1.000000
0 180 0.650000 0.535648 0.092708 0.125000 -0.004427 0.010185 1.000000
0 181 0.650781 0.535648 0.095312 0.125000 0.000781 0.000000 1.000000
0 182 0.653125 0.527315 0.102083 0.130556 0.002344 -0.008333 1.000000
0 183 0.653646 0.526852 0.100000 0.133333 0.000521 -0.000463 1.000000
0 184 0.660677 0.512963 0.092188 0.153704 0.007031 -0.013889 1.000000
0 185 0.661979 0.507870 0.085417 0.163889 0.001302 -0.005093 1.000000
0 186 0.667448 0.495833 0.068229 0.184259 0.005469 -0.012037 1.000000
0 187 0.669010 0.490741 0.059896 0.194444 0.001563 -0.005093 1.000000
0 188 0.672135 0.484259 0.056771 0.203704 0.003125 -0.006481 1.000000
0 189 0.672135 0.480556 0.059896 0.211111 0.000000 -0.003704 1.000000
0 190 0.669792 0.473611 0.057292 0.223148 -0.002344 -0.006944 1.000000
0 191 0.663802 0.472222 0.063021 0.227778 -0.005990 -0.001389 1.000000
0 192 0.664062 0.468981 0.061458 0.230556 0.000260 -0.003241 1.000000
0 193 0.664323 0.471296 0.065104 0.225926 0.000260 0.002315 1.000000
0 194 0.663802 0.468981 0.077604 0.213889 -0.000521 -0.002315 1.000000
0 195 0.658073 0.472685 0.092188 0.204630 -0.005729 0.003704 1.000000
0 196 0.655729 0.482870 0.104167 0.187963 -0.002344 0.010185 1.000000
0 197 0.656510 0.488426 0.106771 0.180556 0.000781 0.005556 1.000000
0 198 0.654948 0.494907 0.108854 0.169444 -0.001563 0.006481 1.000000
0 199 0.655208 0.495833 0.107292 0.162037 0.000260 0.000926 1.000000
0 200 0.657292 0.498148 0.101042 0.159259 0.002083 0.002315 1.000000
0 201 0.656510 0.498611 0.101562 0.156481 -0.000781 0.000463 1.000000
0 202 0.656510 0.499074 0.102604 0.157407 0.000000 0.000463 1.000000
0 203 0.655729 0.498611 0.103125 0.156481 -0.000781 -0.000463 1.000000
0 204 0.654167 0.497685 0.106250 0.158333 -0.001563 -0.000926 1.000000
0 205 0.653646 0.497685 0.106250 0.160185 -0.000521 0.000000 1.000000
0 206 0.652865 0.494907 0.105729 0.160185 -0.000781 -0.002778 1.000000
0 207 0.652344 0.494907 0.104688 0.162037 -0.000521 0.000000 1.000000
0 208 0.651042 0.491667 0.103125 0.166667 -0.001302 -0.003241 1.000000
0 209 0.650521 0.491667 0.102083 0.168519 -0.000521 0.000000 1.000000
0 210 0.649219 0.487500 0.099479 0.173148 -0.001302 -0.004167 1.000000
0 211 0.647135 0.484259 0.096354 0.179630 -0.002083 -0.003241 1.000000
0 212 0.645573 0.472685 0.094271 0.199074 -0.001563 -0.011574 1.000000
0 213 0.645312 0.469444 0.092708 0.205556 -0.000260 -0.003241 1.000000
0 214 0.645052 0.462500 0.091146 0.219444 -0.000260 -0.006944 1.000000
0 215 0.645573 0.461574 0.088021 0.219444 0.000521 -0.000926 1.000000
0 216 0.646875 0.460185 0.082292 0.214815 0.001302 -0.001389 1.000000
0 217 0.647396 0.460185 0.079167 0.205556 0.000521 0.000000 1.000000
0 218 0.647656 0.468519 0.079687 0.198148 0.000260 0.008333 1.000000
0 219 0.647396 0.476852 0.079167 0.187037 -0.000260 0.008333 1.000000
0 228 0.652344 0.505093 0.077604 0.137963 0.000550 0.003138 1.000000
0 229 0.654427 0.504630 0.078646 0.140741 0.002083 -0.000463 1.000000
0 230 0.653646 0.502315 0.080208 0.145370 -0.000781 -0.002315 1.000000
0 231 0.654427 0.496759 0.080729 0.156481 0.000781 -0.005556 1.000000
0 232 0.654427 0.488426 0.080729 0.171296 0.000000 -0.008333 1.000000
0 233 0.654687 0.480556 0.081250 0.185185 0.000260 -0.007870 1.000000
0 234 0.647656 0.468981 0.090104 0.208333 -0.007031 -0.011574 1.000000
0 235 0.645312 0.456944 0.091667 0.213889 -0.002344 -0.012037 1.000000
0 236 0.638802 0.434722 0.088021 0.243519 -0.006510 -0.022222 1.000000
0 237 0.637760 0.436111 0.082812 0.218519 -0.001042 0.001389 1.000000
0 238 0.651563 0.432870 0.088542 0.226852 0.013802 -0.003241 1.000000
0 239 0.657552 0.418981 0.092188 0.256481 0.005990 -0.013889 1.000000
0 240 0.656771 0.424074 0.085417 0.251852 -0.000781 0.005093 1.000000
0 241 0.652344 0.429167 0.077604 0.260185 -0.004427 0.005093 1.000000
0 242 0.643750 0.440741 0.056250 0.248148 -0.008594 0.011574 1.000000
0 243 0.640885 0.439352 0.058854 0.243519 -0.002865 -0.001389 1.000000
0 244 0.633333 0.445370 0.062500 0.246296 -0.007552 0.006019 1.000000
0 245 0.627604 0.446296 0.081250 0.237037 -0.005729 0.000926 1.000000
0 246 0.621094 0.452778 0.094271 0.224074 -0.006510 0.006481 1.000000
0 247 0.619792 0.461111 0.094792 0.220370 -0.001302 0.008333 1.000000
0 248 0.619010 0.469444 0.104688 0.218519 -0.000781 0.008333 1.000000
0 249 0.617969 0.468056 0.103646 0.219444 -0.001042 -0.001389 1.000000
0 250 0.620573 0.461111 0.105729 0.233333 0.002604 -0.006944 1.000000
0 251 0.622135 0.457407 0.101562 0.244444 0.001563 -0.003704 1.000000
0 252 0.623698 0.444907 0.078646 0.260185 0.001563 -0.012500 1.000000
0 253 0.631510 0.448148 0.069271 0.272222 0.007812 0.003241 1.000000
0 254 0.638542 0.444444 0.071875 0.274074 0.007031 -0.003704 1.000000
0 255 0.641406 0.443981 0.069271 0.271296 0.002865 -0.000463 1.000000
0 256 0.638802 0.444907 0.068229 0.276852 -0.002604 0.000926 1.000000
0 257 0.636719 0.437963 0.068229 0.264815 -0.002083 -0.006944 1.000000
0 258 0.633854 0.435648 0.073958 0.250926 -0.002865 -0.002315 1.000000
0 259 0.637760 0.444444 0.088021 0.261111 0.003906 0.008796 1.000000
0 260 0.643490 0.448148 0.100521 0.259259 0.005729 0.003704 1.000000
0 261 0.645573 0.450000 0.099479 0.253704 0.002083 0.001852 1.000000
0 262 0.647396 0.449074 0.100000 0.250000 0.001823 -0.000926 1.000000
0 263 0.649219 0.450926 0.100521 0.250000 0.001823 0.001852 1.000000
0 264 0.653646 0.450463 0.100000 0.254630 0.004427 -0.000463 1.000000
0 265 0.654687 0.444907 0.101042 0.258333 0.001042 -0.005556 1.000000
0 266 0.657031 0.442593 0.099479 0.261111 0.002344 -0.002315 1.000000
0 267 0.655729 0.439815 0.094792 0.257407 -0.001302 -0.002778 1.000000
0 268 0.646875 0.438426 0.075000 0.252778 -0.008854 -0.001389 1.000000
0 269 0.647135 0.445833 0.077604 0.262037 0.000260 0.007407 1.000000
0 270 0.650260 0.448148 0.081771 0.261111 0.003125 0.002315 1.000000
0 271 0.654427 0.449074 0.076563 0.259259 0.004167 0.000926 1.000000
0 272 0.660417 0.449074 0.075000 0.257407 0.005990 0.000000 1.000000
0 273 0.661979 0.447222 0.071875 0.261111 0.001563 -0.001852 1.000000
0 274 0.670833 0.441204 0.059375 0.269444 0.008854 -0.006019 1.000000
0 275 0.676302 0.439815 0.063021 0.272222 0.005469 -0.001389 1.000000
0 276 0.678646 0.435185 0.068750 0.279630 0.002344 -0.004630 1.000000
0 277 0.677344 0.429167 0.065104 0.269444 -0.001302 -0.006019 1.000000
0 278 0.683333 0.428704 0.061458 0.270370 0.005990 -0.000463 1.000000
0 279 0.686979 0.428704 0.061458 0.275926 0.003646 0.000000 1.000000
0 280 0.691406 0.426852 0.060937 0.279630 0.004427 -0.001852 1.000000
0 281 0.697656 0.425463 0.068229 0.278704 0.006250 -0.001389 1.000000
0 282 0.698958 0.425000 0.068750 0.272222 0.001302 -0.000463 1.000000
0 283 0.696354 0.426852 0.059375 0.268519 -0.002604 0.001852 1.000000
0 284 0.703125 0.427315 0.059375 0.265741 0.006771 0.000463 1.000000
0 285 0.705469 0.428241 0.063021 0.265741 0.002344 0.000926 1.000000
0 286 0.704427 0.428704 0.078646 0.266667 -0.001042 0.000463 1.000000
0 287 0.701562 0.431944 0.086458 0.269444 -0.002865 0.003241 1.000000
0 288 0.705990 0.437037 0.090104 0.275926 0.004427 0.005093 1.000000
0 289 0.708854 0.437037 0.089583 0.275926 0.002865 0.000000 1.000000
0 290 0.716406 0.436111 0.093229 0.277778 0.007552 -0.000926 1.000000
0 291 0.721354 0.435648 0.093750 0.278704 0.004948 -0.000463 1.000000
0 292 0.729948 0.440278 0.097396 0.273148 0.008594 0.004630 1.000000
0 293 0.734375 0.443056 0.098958 0.269444 0.004427 0.002778 1.000000
0 294 0.743490 0.447222 0.101562 0.264815 0.009115 0.004167 1.000000
0 295 0.748437 0.448611 0.102083 0.262037 0.004948 0.001389 1.000000
0 296 0.756510 0.448611 0.105729 0.263889 0.008073 0.000000 1.000000
0 297 0.760417 0.448148 0.104167 0.266667 0.003906 -0.000463 1.000000
0 298 0.763802 0.447685 0.108854 0.275000 0.003385 -0.000463 1.000000
0 299 0.765625 0.446759 0.110417 0.280556 0.001823 -0.000926 1.000000
0 300 0.768750 0.447685 0.117708 0.278704 0.003125 0.000926 1.000000
0 301 0.770573 0.448148 0.120313 0.279630 0.001823 0.000463 1.000000
0 302 0.776042 0.447222 0.123958 0.279630 0.005469 -0.000926 1.000000
0 303 0.780469 0.446296 0.120313 0.279630 0.004427 -0.000926 1.000000
0 304 0.791927 0.449537 0.108854 0.276852 0.011458 0.003241 1.000000
0 305 0.797135 0.450926 0.105729 0.274074 0.005208 0.001389 1.000000
0 306 0.801302 0.456944 0.105729 0.260185 0.004167 0.006019 1.000000
0 307 0.803385 0.462963 0.106771 0.250000 0.002083 0.006019 1.000000
0 308 0.807031 0.470370 0.105729 0.242593 0.003646 0.007407 1.000000
0 309 0.807552 0.470833 0.106771 0.236111 0.000521 0.000463 1.000000
0 310 0.810677 0.472222 0.107813 0.235185 0.003125 0.001389 1.000000
0 311 0.811719 0.470370 0.107813 0.238889 0.001042 -0.001852 1.000000
0 312 0.814583 0.463889 0.105208 0.251852 0.002865 -0.006481 1.000000
0 313 0.815104 0.460648 0.106250 0.260185 0.000521 -0.003241 1.000000
0 314 0.816406 0.455093 0.104688 0.271296 0.001302 -0.005556 1.000000
0 315 0.814844 0.452778 0.102604 0.274074 -0.001563 -0.002315 1.000000
0 316 0.804688 0.452315 0.106250 0.282407 -0.010156 -0.000463 1.000000
0 317 0.802344 0.458333 0.100521 0.283333 -0.002344 0.006019 1.000000
0 318 0.796615 0.460185 0.081771 0.281481 -0.005729 0.001852 1.000000
0 319 0.805469 0.461111 0.068229 0.281481 0.008854 0.000926 1.000000
0 320 0.806250 0.462037 0.069792 0.279630 0.000781 0.000926 1.000000
0 321 0.807552 0.462963 0.065104 0.281481 0.001302 0.000926 1.000000
0 322 0.811979 0.462500 0.061458 0.282407 0.004427 -0.000463 1.000000
0 323 0.815104 0.461111 0.060417 0.287037 0.003125 -0.001389 1.000000
0 324 0.815885 0.460648 0.063021 0.289815 0.000781 -0.000463 1.000000
0 325 0.820052 0.461111 0.057813 0.288889 0.004167 0.000463 1.000000
0 326 0.829427 0.463889 0.052604 0.283333 0.009375 0.002778 1.000000
0 327 0.834375 0.463889 0.056250 0.279630 0.004948 0.000000 1.000000
0 328 0.829427 0.466204 0.055729 0.282407 -0.004948 0.002315 1.000000
0 329 0.833594 0.462037 0.048438 0.288889 0.004167 -0.004167 1.000000
0 330 0.829427 0.464815 0.058854 0.283333 -0.004167 0.002778 1.000000
0 331 0.823177 0.464352 0.073438 0.282407 -0.006250 -0.000463 1.000000
0 332 0.820052 0.462500 0.083854 0.287963 -0.003125 -0.001852 1.000000
0 333 0.829688 0.457407 0.065625 0.300000 0.009635 -0.005093 1.000000
0 334 0.841927 0.427778 0.050521 0.346296 0.012240 -0.029630 1.000000
0 335 0.844010 0.422222 0.050521 0.333333 0.002083 -0.005556 1.000000
0 336 0.852865 0.429167 0.073438 0.312037 0.008854 0.006944 1.000000
0 337 0.856510 0.436574 0.082812 0.295370 0.003646 0.007407 1.000000
0 338 0.863021 0.448148 0.098958 0.272222 0.006510 0.011574 1.000000
0 339 0.866146 0.447685 0.104167 0.273148 0.003125 -0.000463 1.000000
0 340 0.870313 0.446296 0.108333 0.277778 0.004167 -0.001389 1.000000
0 341 0.870833 0.444444 0.109375 0.281481 0.000521 -0.001852 1.000000
0 342 0.868750 0.441204 0.101042 0.286111 -0.002083 -0.003241 1.000000
0 343 0.865365 0.442130 0.093229 0.284259 -0.003385 0.000926 1.000000
0 344 0.863802 0.444907 0.083854 0.280556 -0.001563 0.002778 1.000000
0 345 0.863802 0.444444 0.083854 0.279630 0.000000 -0.000463 1.000000
0 346 0.863802 0.445833 0.083854 0.278704 0.000000 0.001389 1.000000
0 347 0.862240 0.446759 0.082812 0.276852 -0.001563 0.000926 1.000000
0 348 0.863542 0.447685 0.075000 0.265741 0.001302 0.000926 1.000000
0 349 0.862500 0.450000 0.078125 0.248148 -0.001042 0.002315 1.000000
0 350 0.863281 0.456481 0.081771 0.220370 0.000781 0.006481 1.000000
0 351 0.863542 0.464352 0.083333 0.217593 0.000260 0.007870 1.000000
0 352 0.862760 0.476389 0.084896 0.195370 -0.000781 0.012037 1.000000
0 353 0.861979 0.482407 0.086458 0.183333 -0.000781 0.006019 1.000000
0 354 0.863802 0.501852 0.083854 0.170370 0.001823 0.019444 1.000000
0 355 0.863802 0.505093 0.077604 0.160185 0.000000 0.003241 1.000000
0 356 0.859375 0.504630 0.065625 0.164815 -0.004427 -0.000463 1.000000
0 357 0.857292 0.500926 0.061458 0.174074 -0.002083 -0.003704 1.000000
0 358 0.852083 0.487037 0.054167 0.196296 -0.005208 -0.013889 1.000000
0 359 0.851823 0.481481 0.055729 0.207407 -0.000260 -0.005556 1.000000
0 360 0.850000 0.479630 0.058333 0.214815 -0.001823 -0.001852 1.000000
0 361 0.847135 0.481019 0.059896 0.215741 -0.002865 0.001389 1.000000
0 362 0.845052 0.481019 0.067187 0.215741 -0.002083 0.000000 1.000000
0 363 0.844792 0.481019 0.072917 0.215741 -0.000260 0.000000 1.000000
0 364 0.846354 0.481019 0.084375 0.217593 0.001563 0.000000 1.000000
0 365 0.850000 0.481019 0.089583 0.219444 0.003646 0.000000 1.000000
0 366 0.855990 0.480093 0.091146 0.219444 0.005990 -0.000926 1.000000
0 367 0.859635 0.481019 0.089063 0.217593 0.003646 0.000926 1.000000
0 368 0.866667 0.482407 0.081250 0.216667 0.007031 0.001389 1.000000
0 369 0.866667 0.484259 0.083333 0.214815 0.000000 0.001852 1.000000
0 370 0.869010 0.488889 0.086979 0.207407 0.002344 0.004630 1.000000
0 371 0.870573 0.491204 0.088021 0.206481 0.001563 0.002315 1.000000
0 372 0.873698 0.488889 0.090104 0.211111 0.003125 -0.002315 1.000000
0 373 0.876302 0.488889 0.089063 0.212963 0.002604 0.000000 1.000000
0 374 0.878125 0.487037 0.088542 0.222222 0.001823 -0.001852 1.000000
0 375 0.878646 0.487037 0.089583 0.225926 0.000521 0.000000 1.000000
0 376 0.879167 0.486574 0.090625 0.225000 0.000521 -0.000463 1.000000
0 377 0.880208 0.485185 0.091667 0.224074 0.001042 -0.001389 1.000000
0 378 0.882812 0.487963 0.092708 0.224074 0.002604 0.002778 1.000000
0 379 0.884115 0.489352 0.091146 0.223148 0.001302 0.001389 1.000000
0 380 0.889062 0.490278 0.083333 0.221296 0.004948 0.000926 1.000000
0 381 0.889323 0.492593 0.086979 0.216667 0.000260 0.002315 1.000000
0 382 0.893229 0.494907 0.096875 0.210185 0.003906 0.002315 1.000000
0 383 0.892448 0.497222 0.098437 0.207407 -0.000781 0.002315 1.000000
0 384 0.890104 0.496759 0.101042 0.206481 -0.002344 -0.000463 1.000000
0 385 0.888281 0.495370 0.103646 0.209259 -0.001823 -0.001389 1.000000
0 386 0.887500 0.493056 0.104167 0.213889 -0.000781 -0.002315 1.000000
0 387 0.887240 0.490741 0.102604 0.216667 -0.000260 -0.002315 1.000000
0 388 0.893229 0.484722 0.090625 0.228704 0.005990 -0.006019 1.000000
0 389 0.892448 0.480093 0.091146 0.236111 -0.000781 -0.004630 1.000000
0 390 0.892969 0.474537 0.090104 0.247222 0.000521 -0.005556 1.000000
0 391 0.899740 0.471296 0.077604 0.253704 0.006771 -0.003241 1.000000
0 392 0.905729 0.466667 0.062500 0.261111 0.005990 -0.004630 1.000000
0 393 0.906510 0.464815 0.058854 0.259259 0.000781 -0.001852 1.000000
0 394 0.907031 0.466204 0.065104 0.258333 0.000521 0.001389 1.000000
0 395 0.912760 0.465278 0.075521 0.260185 0.005729 -0.000926 1.000000
0 396 0.915104 0.458796 0.081250 0.265741 0.002344 -0.006481 1.000000
0 397 0.915104 0.455093 0.084375 0.275000 0.000000 -0.003704 1.000000
0 398 0.913542 0.449074 0.078125 0.281481 -0.001563 -0.006019 1.000000
0 399 0.911979 0.451389 0.073958 0.286111 -0.001563 0.002315 1.000000
0 400 0.911719 0.459722 0.066146 0.287963 -0.000260 0.008333 1.000000
0 401 0.910677 0.461574 0.066146 0.286111 -0.001042 0.001852 1.000000
0 402 0.908594 0.462037 0.064062 0.288889 -0.002083 0.000463 1.000000
0 403 0.908594 0.461111 0.061979 0.285185 0.000000 -0.000926 1.000000
0 404 0.907813 0.461111 0.059375 0.281481 -0.000781 0.000000 1.000000
0 405 0.907292 0.462037 0.057292 0.274074 -0.000521 0.000926 1.000000
0 406 0.902604 0.460185 0.056250 0.264815 -0.004687 -0.001852 1.000000
0 407 0.900521 0.461574 0.057292 0.265741 -0.002083 0.001389 1.000000
0 408 0.895312 0.468981 0.054167 0.282407 -0.005208 0.007407 1.000000
0 409 0.895573 0.470833 0.050521 0.282407 0.000260 0.001852 1.000000
0 410 0.902083 0.470370 0.048958 0.281481 0.006510 -0.000463 1.000000
0 411 0.905469 0.470833 0.048438 0.280556 0.003385 0.000463 1.000000
0 412 0.911719 0.472222 0.052604 0.279630 0.006250 0.001389 1.000000
0 413 0.914062 0.474074 0.052083 0.279630 0.002344 0.001852 1.000000
0 414 0.914583 0.472685 0.068750 0.275000 0.000521 -0.001389 1.000000
0 415 0.917969 0.475926 0.069271 0.272222 0.003385 0.003241 1.000000
0 416 0.922656 0.477315 0.074479 0.267593 0.004687 0.001389 1.000000
0 417 0.926302 0.481944 0.080729 0.271296 0.003646 0.004630 1.000000
0 418 0.921615 0.484722 0.075521 0.262037 -0.004687 0.002778 1.000000
0 419 0.919271 0.485648 0.072917 0.258333 -0.002344 0.000926 1.000000
0 420 0.915104 0.487037 0.063542 0.251852 -0.004167 0.001389 1.000000
0 421 0.905208 0.490278 0.073958 0.256481 -0.009896 0.003241 1.000000
0 422 0.902865 0.493981 0.070312 0.249074 -0.002344 0.003704 1.000000
0 423 0.900781 0.497222 0.070312 0.248148 -0.002083 0.003241 1.000000
0 424 0.889844 0.497685 0.069271 0.245370 -0.010937 0.000463 1.000000
0 425 0.882812 0.498611 0.066667 0.243519 -0.007031 0.000926 1.000000
0 426 0.868490 0.498611 0.065104 0.241667 -0.014323 0.000000 1.000000
0 427 0.866927 0.498611 0.065104 0.239815 -0.001563 0.000000 1.000000
0 428 0.862240 0.502315 0.066146 0.252778 -0.004687 0.003704 1.000000
0 429 0.861458 0.497222 0.068750 0.251852 -0.000781 -0.005093 1.000000
0 430 0.859375 0.490741 0.071875 0.250000 -0.002083 -0.006481 1.000000
0 431 0.861198 0.487963 0.077604 0.248148 0.001823 -0.002778 1.000000
0 432 0.858073 0.495833 0.108854 0.267593 -0.003125 0.007870 1.000000
0 433 0.861198 0.494907 0.121354 0.271296 0.003125 -0.000926 1.000000
0 434 0.860417 0.490741 0.126042 0.275926 -0.000781 -0.004167 1.000000
0 435 0.856250 0.487963 0.120833 0.279630 -0.004167 -0.002778 1.000000
0 436 0.844531 0.479167 0.095312 0.286111 -0.011719 -0.008796 1.000000
0 437 0.837240 0.475463 0.093229 0.291667 -0.007292 -0.003704 1.000000
0 438 0.832292 0.473148 0.105208 0.307407 -0.004948 -0.002315 1.000000
0 439 0.828646 0.471296 0.109375 0.305556 -0.003646 -0.001852 1.000000
0 440 0.824219 0.477315 0.111979 0.293519 -0.004427 0.006019 1.000000
0 441 0.823698 0.482870 0.109896 0.289815 -0.000521 0.005556 1.000000
0 442 0.815365 0.493519 0.119271 0.288889 -0.008333 0.010648 1.000000
0 443 0.812240 0.500926 0.126562 0.275926 -0.003125 0.007407 1.000000
0 444 0.808854 0.503704 0.125000 0.266667 -0.003385 0.002778 1.000000
0 445 0.807552 0.505093 0.124479 0.263889 -0.001302 0.001389 1.000000
0 446 0.803906 0.506944 0.124479 0.258333 -0.003646 0.001852 1.000000
0 447 0.803125 0.508796 0.125000 0.258333 -0.000781 0.001852 1.000000
0 448 0.802344 0.508333 0.126562 0.257407 -0.000781 -0.000463 1.000000
0 449 0.801042 0.508333 0.126042 0.257407 -0.001302 0.000000 1.000000
0 450 0.796875 0.506944 0.123958 0.256481 -0.004167 -0.001389 1.000000
0 451 0.795052 0.506019 0.122396 0.256481 -0.001823 -0.000926 1.000000
0 452 0.791927 0.504630 0.121354 0.255556 -0.003125 -0.001389 1.000000
0 453 0.790885 0.504167 0.120313 0.254630 -0.001042 -0.000463 1.000000
0 454 0.789583 0.504167 0.119792 0.254630 -0.001302 0.000000 1.000000
0 455 0.789323 0.503241 0.118229 0.254630 -0.000260 -0.000926 1.000000
0 456 0.787240 0.504630 0.119271 0.253704 -0.002083 0.001389 1.000000
0 457 0.788021 0.503241 0.119792 0.252778 0.000781 -0.001389 1.000000
0 458 0.785677 0.505093 0.124479 0.250926 -0.002344 0.001852 1.000000
0 459 0.787240 0.504630 0.121354 0.251852 0.001563 -0.000463 1.000000
0 460 0.790885 0.506481 0.116146 0.250000 0.003646 0.001852 1.000000
0 461 0.790365 0.507407 0.117188 0.248148 -0.000521 0.000926 1.000000
0 462 0.787500 0.509259 0.120833 0.246296 -0.002865 0.001852 1.000000
0 463 0.786719 0.508333 0.123438 0.246296 -0.000781 -0.000926 1.000000
0 464 0.784635 0.509259 0.126562 0.246296 -0.002083 0.000926 1.000000
0 465 0.787500 0.509722 0.120833 0.245370 0.002865 0.000463 1.000000
0 466 0.789323 0.510185 0.117188 0.246296 0.001823 0.000463 1.000000
0 467 0.789323 0.509722 0.117188 0.247222 0.000000 -0.000463 1.000000
0 468 0.787760 0.510185 0.118229 0.246296 -0.001563 0.000463 1.000000
0 469 0.786719 0.509722 0.119271 0.247222 -0.001042 -0.000463 1.000000
0 470 0.786458 0.508796 0.117708 0.245370 -0.000260 -0.000926 1.000000
0 471 0.786979 0.508333 0.116667 0.246296 0.000521 -0.000463 1.000000
0 472 0.787500 0.508333 0.110417 0.246296 0.000521 0.000000 1.000000
0 473 0.786458 0.509722 0.107292 0.243519 -0.001042 0.001389 1.000000
0 474 0.788021 0.516667 0.103125 0.229630 0.001563 0.006944 1.000000
0 475 0.789062 0.523611 0.102083 0.219444 0.001042 0.006944 1.000000
0 476 0.790104 0.544444 0.103125 0.177778 0.001042 0.020833 1.000000
0 477 0.788802 0.542593 0.102604 0.183333 -0.001302 -0.001852 1.000000
0 478 0.789844 0.560185 0.102604 0.146296 0.001042 0.017593 1.000000
0 479 0.789844 0.563426 0.102604 0.141667 0.000000 0.003241 1.000000
0 480 0.790104 0.567130 0.103125 0.136111 0.000260 0.003704 1.000000
0 481 0.790104 0.568056 0.103125 0.134259 0.000000 0.000926 1.000000
0 482 0.791146 0.567130 0.103125 0.136111 0.001042 -0.000926 1.000000
0 483 0.790625 0.566204 0.103125 0.136111 -0.000521 -0.000926 1.000000
0 484 0.791406 0.565278 0.103646 0.136111 0.000781 -0.000926 1.000000
0 485 0.791667 0.565741 0.103125 0.135185 0.000260 0.000463 1.000000
0 486 0.791406 0.563889 0.102604 0.133333 -0.000260 -0.001852 1.000000
0 487 0.790885 0.565741 0.102604 0.133333 -0.000521 0.001852 1.000000
0 488 0.790885 0.563426 0.102604 0.136111 0.000000 -0.002315 1.000000
0 489 0.791146 0.563426 0.103125 0.136111 0.000260 0.000000 1.000000
0 490 0.792448 0.561574 0.105729 0.139815 0.001302 -0.001852 1.000000
0 491 0.793750 0.561111 0.107292 0.138889 0.001302 -0.000463 1.000000
0 492 0.794010 0.551389 0.108854 0.158333 0.000260 -0.009722 1.000000
0 493 0.793750 0.549537 0.109375 0.162037 -0.000260 -0.001852 1.000000
0 494 0.796875 0.543056 0.112500 0.173148 0.003125 -0.006481 1.000000
0 495 0.799740 0.540741 0.108854 0.177778 0.002865 -0.002315 1.000000
0 496 0.811198 0.535648 0.094271 0.176852 0.011458 -0.005093 1.000000
0 497 0.816146 0.536574 0.088542 0.178704 0.004948 0.000926 1.000000
0 498 0.827865 0.535185 0.099479 0.170370 0.011719 -0.001389 1.000000
0 499 0.831250 0.533333 0.102083 0.181481 0.003385 -0.001852 1.000000
0 500 0.832812 0.533333 0.100000 0.179630 0.001563 0.000000 1.000000
0 501 0.833333 0.535185 0.098958 0.175926 0.000521 0.001852 1.000000
0 502 0.836458 0.540278 0.092708 0.163889 0.003125 0.005093 1.000000
0 503 0.836719 0.543981 0.091146 0.158333 0.000260 0.003704 1.000000
0 504 0.839063 0.540278 0.088542 0.165741 0.002344 -0.003704 1.000000
0 505 0.839063 0.536111 0.088542 0.174074 0.000000 -0.004167 1.000000
0 506 0.838281 0.531944 0.089063 0.182407 -0.000781 -0.004167 1.000000
0 507 0.836979 0.525463 0.090625 0.193519 -0.001302 -0.006481 1.000000
0 508 0.836719 0.519444 0.091146 0.211111 -0.000260 -0.006019 1.000000
0 509 0.836719 0.518519 0.091146 0.211111 0.000000 -0.000926 1.000000
0 510 0.837500 0.522222 0.089583 0.205556 0.000781 0.003704 1.000000
0 511 0.843229 0.525926 0.096875 0.205556 0.005729 0.003704 1.000000
0 512 0.845313 0.530093 0.096875 0.202778 0.002083 0.004167 1.000000
0 513 0.845313 0.529630 0.096875 0.201852 0.000000 -0.000463 1.000000
0 514 0.846354 0.530556 0.100000 0.203704 0.001042 0.000926 1.000000
0 515 0.847656 0.528704 0.100521 0.203704 0.001302 -0.001852 1.000000
0 516 0.848177 0.528241 0.101562 0.204630 0.000521 -0.000463 1.000000
0 517 0.848177 0.528241 0.101562 0.204630 0.000000 0.000000 1.000000
0 518 0.848698 0.529167 0.101562 0.202778 0.000521 0.000926 1.000000
0 519 0.848698 0.528241 0.101562 0.204630 0.000000 -0.000926 1.000000
0 520 0.848698 0.528241 0.102604 0.200926 0.000000 0.000000 1.000000
0 521 0.848958 0.528704 0.103125 0.200000 0.000260 0.000463 1.000000
0 522 0.849219 0.528241 0.103646 0.199074 0.000260 -0.000463 1.000000
0 523 0.849219 0.528241 0.103646 0.199074 0.000000 0.000000 1.000000
0 524 0.849740 0.529167 0.103646 0.199074 0.000521 0.000926 1.000000
0 525 0.849740 0.529167 0.105729 0.197222 0.000000 0.000000 1.000000
0 526 0.851042 0.530556 0.107292 0.196296 0.001302 0.001389 1.000000
0 527 0.850781 0.531019 0.107813 0.195370 -0.000260 0.000463 1.000000
0 528 0.851302 0.531019 0.108854 0.193519 0.000521 0.000000 1.000000
0 529 0.851302 0.530556 0.109896 0.192593 0.000000 -0.000463 1.000000
0 530 0.851302 0.530093 0.109896 0.186111 0.000000 -0.000463 1.000000
0 531 0.850260 0.529630 0.108854 0.185185 -0.001042 -0.000463 1.000000
0 532 0.847396 0.531019 0.105208 0.184259 -0.002865 0.001389 1.000000
0 533 0.844531 0.531019 0.101562 0.184259 -0.002865 0.000000 1.000000
0 534 0.838802 0.533333 0.093229 0.181481 -0.005729 0.002315 1.000000
0 535 0.837760 0.535185 0.090104 0.179630 -0.001042 0.001852 1.000000
0 536 0.840885 0.536574 0.075521 0.176852 0.003125 0.001389 1.000000
0 537 0.843229 0.537500 0.069792 0.176852 0.002344 0.000926 1.000000
0 538 0.848177 0.537037 0.059896 0.177778 0.004948 -0.000463 1.000000
0 539 0.847656 0.536574 0.059896 0.178704 -0.000521 -0.000463 1.000000
0 540 0.846094 0.533796 0.059896 0.176852 -0.001563 -0.002778 1.000000
0 541 0.846354 0.532407 0.060417 0.177778 0.000260 -0.001389 1.000000
0 542 0.847135 0.530093 0.061979 0.180556 0.000781 -0.002315 1.000000
0 543 0.844792 0.525463 0.057292 0.178704 -0.002344 -0.004630 1.000000
0 544 0.838542 0.521296 0.052083 0.181481 -0.006250 -0.004167 1.000000
0 545 0.839583 0.518519 0.051042 0.185185 0.001042 -0.002778 1.000000
0 546 0.835677 0.513426 0.054688 0.197222 -0.003906 -0.005093 1.000000
0 547 0.835156 0.510185 0.058854 0.203704 -0.000521 -0.003241 1.000000
0 548 0.835417 0.500926 0.069792 0.222222 0.000260 -0.009259 1.000000
0 549 0.836719 0.496296 0.077604 0.227778 0.001302 -0.004630 1.000000
0 550 0.836198 0.483796 0.095312 0.239815 -0.000521 -0.012500 1.000000
0 551 0.835417 0.479630 0.103125 0.242593 -0.000781 -0.004167 1.000000
0 552 0.835677 0.468519 0.109896 0.244444 0.000260 -0.011111 1.000000
0 553 0.835417 0.463426 0.108333 0.245370 -0.000260 -0.005093 1.000000
0 554 0.833854 0.457407 0.098958 0.251852 -0.001563 -0.006019 1.000000
0 555 0.835417 0.451852 0.093750 0.250000 0.001563 -0.005556 1.000000
0 556 0.833073 0.442593 0.082812 0.238889 -0.002344 -0.009259 1.000000
0 557 0.831510 0.448611 0.078646 0.250926 -0.001563 0.006019 1.000000
0 558 0.832292 0.451852 0.086458 0.250000 0.000781 0.003241 1.000000
0 559 0.832552 0.450463 0.085938 0.249074 0.000260 -0.001389 1.000000
0 560 0.832552 0.448611 0.085938 0.252778 0.000000 -0.001852 1.000000
0 561 0.832552 0.444444 0.085938 0.261111 0.000000 -0.004167 1.000000
0 562 0.832552 0.431944 0.085938 0.284259 0.000000 -0.012500 1.000000
0 563 0.832552 0.427315 0.085938 0.295370 0.000000 -0.004630 1.000000
0 564 0.831771 0.422685 0.087500 0.302778 -0.000781 -0.004630 1.000000
0 565 0.832031 0.423148 0.086979 0.301852 0.000260 0.000463 1.000000
0 566 0.832031 0.431481 0.086979 0.287037 0.000000 0.008333 1.000000
0 567 0.833073 0.441204 0.089063 0.265741 0.001042 0.009722 1.000000
0 568 0.836198 0.446296 0.095312 0.257407 0.003125 0.005093 1.000000
0 569 0.835938 0.444907 0.095833 0.258333 -0.000260 -0.001389 1.000000
0 570 0.836719 0.436111 0.094271 0.277778 0.000781 -0.008796 1.000000
0 571 0.836458 0.449074 0.094792 0.251852 -0.000260 0.012963 1.000000
0 572 0.839323 0.448611 0.089063 0.243519 0.002865 -0.000463 1.000000
0 573 0.840625 0.449074 0.086458 0.242593 0.001302 0.000463 1.000000
0 574 0.848177 0.448611 0.113021 0.243519 0.007552 -0.000463 1.000000
0 575 0.849740 0.449537 0.115104 0.243519 0.001563 0.000926 1.000000
0 576 0.848958 0.457407 0.125000 0.251852 -0.000781 0.007870 1.000000
0 577 0.843750 0.459722 0.125000 0.249074 -0.005208 0.002315 1.000000
0 578 0.838802 0.458333 0.116146 0.253704 -0.004948 -0.001389 1.000000
0 579 0.841406 0.458796 0.094271 0.254630 0.002604 0.000463 1.000000
0 580 0.847396 0.459722 0.096875 0.254630 0.005990 0.000926 1.000000
0 581 0.850000 0.461574 0.102083 0.254630 0.002604 0.001852 1.000000
0 582 0.854427 0.462963 0.110937 0.253704 0.004427 0.001389 1.000000
0 583 0.857812 0.464352 0.119792 0.254630 0.003385 0.001389 1.000000
0 584 0.866667 0.458333 0.134375 0.272222 0.008854 -0.006019 1.000000
0 585 0.867448 0.457407 0.132812 0.277778 0.000781 -0.000926 1.000000
0 586 0.876042 0.460185 0.105208 0.275926 0.008594 0.002778 1.000000
0 587 0.874479 0.460185 0.088542 0.275926 -0.001563 0.000000 1.000000
0 588 0.872135 0.468519 0.094271 0.261111 -0.002344 0.008333 1.000000
0 589 0.870052 0.471759 0.096354 0.258333 -0.002083 0.003241 1.000000
0 590 0.867448 0.470370 0.101562 0.257407 -0.002604 -0.001389 1.000000
0 591 0.867188 0.470370 0.101042 0.261111 -0.000260 0.000000 1.000000
0 592 0.869531 0.470370 0.096354 0.262963 0.002344 0.000000 1.000000
0 593 0.872917 0.479167 0.088542 0.276852 0.003385 0.008796 1.000000
0 594 0.878125 0.480556 0.073958 0.274074 0.005208 0.001389 1.000000
0 595 0.877865 0.474537 0.073438 0.289815 -0.000260 -0.006019 1.000000
0 596 0.874740 0.466667 0.068229 0.303704 -0.003125 -0.007870 1.000000
0 597 0.875521 0.467593 0.071875 0.303704 0.000781 0.000926 1.000000
0 598 0.878385 0.468519 0.076563 0.303704 0.002865 0.000926 1.000000
0 599 0.879167 0.469444 0.079167 0.303704 0.000781 0.000926 1.000000
0 600 0.881771 0.470833 0.085417 0.302778 0.002604 0.001389 1.000000
0 601 0.883854 0.472222 0.090625 0.305556 0.002083 0.001389 1.000000
0 602 0.886719 0.466667 0.094271 0.311111 0.002865 -0.005556 1.000000
0 603 0.886719 0.473148 0.093229 0.298148 0.000000 0.006481 1.000000
