0 22 0.991406 0.438889 0.017188 0.094444 0.000000 0.000000 1.000000
0 23 0.989453 0.440278 0.021094 0.094444 -0.001953 0.001389 1.000000
0 24 0.985938 0.440278 0.021875 0.094444 -0.003516 0.000000 1.000000
0 25 0.985938 0.440278 0.021875 0.094444 0.000000 0.000000 1.000000
0 26 0.980078 0.442361 0.016406 0.095833 -0.005859 0.002083 1.000000
0 27 0.974609 0.442361 0.017969 0.095833 -0.005469 0.000000 1.000000
0 28 0.970703 0.443750 0.019531 0.095833 -0.003906 0.001389 1.000000
0 29 0.969531 0.443750 0.020313 0.093056 -0.001172 0.000000 1.000000
0 30 0.969531 0.443750 0.020313 0.093056 0.000000 0.000000 1.000000
0 31 0.963281 0.442361 0.026562 0.093056 -0.006250 -0.001389 1.000000
0 32 0.960938 0.443056 0.028125 0.097222 -0.002344 0.000694 1.000000
0 33 0.958594 0.440278 0.025000 0.097222 -0.002344 -0.002778 1.000000
0 34 0.957812 0.440278 0.021875 0.097222 -0.000781 0.000000 1.000000
0 35 0.957812 0.440278 0.021875 0.097222 0.000000 0.000000 1.000000
0 36 0.957422 0.438194 0.022656 0.098611 -0.000391 -0.002083 1.000000
0 37 0.957422 0.439583 0.021094 0.101389 0.000000 0.001389 1.000000
0 38 0.957422 0.439583 0.021094 0.101389 0.000000 0.000000 1.000000
0 39 0.957422 0.438889 0.021094 0.100000 0.000000 -0.000694 1.000000
0 40 0.957422 0.438889 0.021094 0.100000 0.000000 0.000000 1.000000
0 41 0.959375 0.438889 0.025000 0.100000 0.001953 0.000000 1.000000
0 42 0.960938 0.438889 0.021875 0.100000 0.001563 0.000000 1.000000
0 43 0.963281 0.438889 0.020313 0.100000 0.002344 0.000000 1.000000
0 44 0.967187 0.436111 0.021875 0.100000 0.003906 -0.002778 1.000000
0 45 0.967187 0.436111 0.021875 0.100000 0.000000 0.000000 1.000000
0 46 0.976562 0.434722 0.021875 0.102778 0.009375 -0.001389 1.000000
0 47 0.982812 0.430556 0.020313 0.105556 0.006250 -0.004167 1.000000
0 48 0.988281 0.430556 0.020313 0.111111 0.005469 0.000000 1.000000
0 49 0.990625 0.429167 0.018750 0.113889 0.002344 -0.001389 1.000000
0 50 0.990625 0.429167 0.018750 0.113889 0.000000 0.000000 1.000000
0 144 0.988672 0.474306 0.022656 0.095833 -0.000021 0.000480 1.000000
0 145 0.988672 0.474306 0.022656 0.095833 0.000000 0.000000 1.000000
0 146 0.983203 0.481944 0.033594 0.119444 -0.005469 0.007639 1.000000
0 147 0.970703 0.476389 0.041406 0.116667 -0.012500 -0.005556 1.000000
0 148 0.958594 0.477778 0.045312 0.127778 -0.012109 0.001389 1.000000
0 149 0.947656 0.479167 0.045312 0.130556 -0.010937 0.001389 1.000000
0 150 0.947656 0.479167 0.045312 0.130556 0.000000 0.000000 1.000000
0 151 0.928906 0.471528 0.037500 0.120833 -0.018750 -0.007639 1.000000
0 152 0.921094 0.468750 0.032813 0.120833 -0.007812 -0.002778 1.000000
0 153 0.907031 0.465972 0.039062 0.120833 -0.014063 -0.002778 1.000000
0 154 0.895703 0.466667 0.042969 0.125000 -0.011328 0.000694 1.000000
0 155 0.895703 0.466667 0.042969 0.125000 0.000000 0.000000 1.000000
0 156 0.876172 0.464583 0.049219 0.129167 -0.019531 -0.002083 1.000000
0 157 0.868750 0.464583 0.045312 0.126389 -0.007422 0.000000 1.000000
0 158 0.860938 0.462500 0.039062 0.127778 -0.007812 -0.002083 1.000000
0 159 0.856641 0.457639 0.038281 0.123611 -0.004297 -0.004861 1.000000
0 160 0.856641 0.457639 0.038281 0.123611 0.000000 0.000000 1.000000
0 161 0.832422 0.451389 0.039844 0.122222 -0.024219 -0.006250 1.000000
0 162 0.822266 0.454861 0.041406 0.131944 -0.010156 0.003472 1.000000
0 163 0.816016 0.454861 0.039844 0.131944 -0.006250 0.000000 1.000000
0 164 0.810937 0.453472 0.034375 0.129167 -0.005078 -0.001389 1.000000
0 165 0.810937 0.453472 0.034375 0.129167 0.000000 0.000000 1.000000
0 166 0.799219 0.448611 0.026562 0.125000 -0.011719 -0.004861 1.000000
0 167 0.789453 0.447222 0.033594 0.127778 -0.009766 -0.001389 1.000000
0 168 0.784766 0.446528 0.039844 0.131944 -0.004687 -0.000694 1.000000
0 169 0.779687 0.446528 0.043750 0.131944 -0.005078 0.000000 1.000000
0 170 0.779687 0.446528 0.043750 0.131944 0.000000 0.000000 1.000000
0 171 0.773438 0.447917 0.037500 0.129167 -0.006250 0.001389 1.000000
0 172 0.775000 0.446528 0.031250 0.129167 0.001563 -0.001389 1.000000
0 173 0.775781 0.443056 0.029687 0.125000 0.000781 -0.003472 1.000000
0 174 0.777344 0.444444 0.029687 0.130556 0.001563 0.001389 1.000000
0 175 0.777344 0.444444 0.029687 0.130556 0.000000 0.000000 1.000000
0 176 0.783203 0.444444 0.035156 0.130556 0.005859 0.000000 1.000000
0 177 0.790625 0.447222 0.032813 0.130556 0.007422 0.002778 1.000000
0 178 0.799219 0.448611 0.032813 0.130556 0.008594 0.001389 1.000000
0 179 0.808203 0.451389 0.033594 0.130556 0.008984 0.002778 1.000000
0 180 0.808203 0.451389 0.033594 0.130556 0.000000 0.000000 1.000000
0 181 0.818750 0.449306 0.029687 0.129167 0.010547 -0.002083 1.000000
0 182 0.826562 0.449306 0.037500 0.129167 0.007812 0.000000 1.000000
0 183 0.835938 0.451389 0.042188 0.127778 0.009375 0.002083 1.000000
0 184 0.844531 0.455556 0.045312 0.127778 0.008594 0.004167 1.000000
0 185 0.844531 0.455556 0.045312 0.127778 0.000000 0.000000 1.000000
0 186 0.866016 0.460417 0.033594 0.123611 0.021484 0.004861 1.000000
0 187 0.881250 0.460417 0.031250 0.120833 0.015234 0.000000 1.000000
0 188 0.892969 0.461806 0.031250 0.126389 0.011719 0.001389 1.000000
0 189 0.903906 0.462500 0.029687 0.127778 0.010937 0.000694 1.000000
0 190 0.903906 0.462500 0.029687 0.127778 0.000000 0.000000 1.000000
0 191 0.930469 0.468056 0.035937 0.133333 0.026562 0.005556 1.000000
0 192 0.942969 0.468750 0.032813 0.131944 0.012500 0.000694 1.000000
0 193 0.953125 0.470139 0.028125 0.129167 0.010156 0.001389 1.000000
0 194 0.967578 0.470139 0.030469 0.129167 0.014453 0.000000 1.000000
0 195 0.967578 0.470139 0.030469 0.129167 0.000000 0.000000 1.000000
0 196 0.989844 0.469444 0.020313 0.125000 0.022266 -0.000694 1.000000
0 327 0.991406 0.514583 0.017188 0.129167 0.000012 0.000345 1.000000
0 328 0.986719 0.514583 0.026562 0.129167 -0.004687 0.000000 1.000000
0 329 0.982812 0.516667 0.034375 0.127778 -0.003906 0.002083 1.000000
0 330 0.982812 0.516667 0.034375 0.127778 0.000000 0.000000 1.000000
0 331 0.964063 0.519444 0.031250 0.127778 -0.018750 0.002778 1.000000
0 332 0.953516 0.519444 0.028906 0.127778 -0.010547 0.000000 1.000000
0 333 0.944531 0.519444 0.023438 0.130556 -0.008984 0.000000 1.000000
0 334 0.936719 0.520139 0.023438 0.134722 -0.007812 0.000694 1.000000
0 335 0.936719 0.520139 0.023438 0.134722 0.000000 0.000000 1.000000
0 336 0.922656 0.522917 0.023438 0.134722 -0.014063 0.002778 1.000000
0 337 0.915625 0.524306 0.021875 0.134722 -0.007031 0.001389 1.000000
0 338 0.907031 0.526389 0.023438 0.133333 -0.008594 0.002083 1.000000
0 339 0.900781 0.525000 0.025000 0.133333 -0.006250 -0.001389 1.000000
0 340 0.900781 0.525000 0.025000 0.133333 0.000000 0.000000 1.000000
0 341 0.889062 0.523611 0.029687 0.130556 -0.011719 -0.001389 1.000000
0 342 0.882422 0.522222 0.032031 0.130556 -0.006641 -0.001389 1.000000
0 343 0.876563 0.522917 0.032813 0.129167 -0.005859 0.000694 1.000000
0 344 0.871484 0.523611 0.033594 0.127778 -0.005078 0.000694 1.000000
0 345 0.871484 0.523611 0.033594 0.127778 0.000000 0.000000 1.000000
0 346 0.864062 0.525000 0.031250 0.122222 -0.007422 0.001389 1.000000
0 347 0.858594 0.527778 0.029687 0.122222 -0.005469 0.002778 1.000000
0 348 0.852344 0.527778 0.029687 0.122222 -0.006250 0.000000 1.000000
0 349 0.846875 0.529167 0.025000 0.125000 -0.005469 0.001389 1.000000
0 350 0.846875 0.529167 0.025000 0.125000 0.000000 0.000000 1.000000
0 351 0.841016 0.527778 0.021094 0.125000 -0.005859 -0.001389 1.000000
0 352 0.836328 0.529167 0.022656 0.127778 -0.004687 0.001389 1.000000
0 353 0.833203 0.528472 0.022656 0.126389 -0.003125 -0.000694 1.000000
0 354 0.830469 0.527083 0.021875 0.126389 -0.002734 -0.001389 1.000000
0 355 0.830469 0.527083 0.021875 0.126389 0.000000 0.000000 1.000000
0 356 0.825391 0.522917 0.019531 0.129167 -0.005078 -0.004167 1.000000
0 357 0.822656 0.522917 0.020313 0.129167 -0.002734 0.000000 1.000000
0 358 0.819922 0.522917 0.021094 0.129167 -0.002734 0.000000 1.000000
0 359 0.818750 0.520833 0.021875 0.125000 -0.001172 -0.002083 1.000000
0 360 0.818750 0.520833 0.021875 0.125000 0.000000 0.000000 1.000000
0 361 0.817187 0.525000 0.026562 0.122222 -0.001563 0.004167 1.000000
0 362 0.814844 0.526389 0.028125 0.122222 -0.002344 0.001389 1.000000
0 363 0.812500 0.527778 0.026562 0.122222 -0.002344 0.001389 1.000000
0 364 0.810156 0.527778 0.026562 0.122222 -0.002344 0.000000 1.000000
0 365 0.810156 0.527778 0.026562 0.122222 0.000000 0.000000 1.000000
0 366 0.807813 0.527083 0.031250 0.120833 -0.002344 -0.000694 1.000000
0 367 0.807813 0.526389 0.031250 0.119444 0.000000 -0.000694 1.000000
0 368 0.810156 0.526389 0.029687 0.122222 0.002344 0.000000 1.000000
0 369 0.813281 0.525694 0.028125 0.123611 0.003125 -0.000694 1.000000
0 370 0.813281 0.525694 0.028125 0.123611 0.000000 0.000000 1.000000
0 371 0.817187 0.523611 0.028125 0.127778 0.003906 -0.002083 1.000000
0 372 0.819141 0.522222 0.025781 0.127778 0.001953 -0.001389 1.000000
0 373 0.821094 0.522222 0.026562 0.127778 0.001953 0.000000 1.000000
0 374 0.825000 0.522222 0.029687 0.122222 0.003906 0.000000 1.000000
0 375 0.825000 0.522222 0.029687 0.122222 0.000000 0.000000 1.000000
0 376 0.833203 0.527083 0.033594 0.115278 0.008203 0.004861 1.000000
0 377 0.836719 0.527778 0.035937 0.111111 0.003516 0.000694 1.000000
0 378 0.839063 0.528472 0.040625 0.112500 0.002344 0.000694 1.000000
0 379 0.841016 0.527083 0.041406 0.112500 0.001953 -0.001389 1.000000
0 380 0.841016 0.527083 0.041406 0.112500 0.000000 0.000000 1.000000
0 381 0.843750 0.522917 0.039062 0.112500 0.002734 -0.004167 1.000000
0 382 0.846484 0.519444 0.035156 0.113889 0.002734 -0.003472 1.000000
0 383 0.851953 0.517361 0.030469 0.118056 0.005469 -0.002083 1.000000
0 384 0.858594 0.513889 0.023438 0.122222 0.006641 -0.003472 1.000000
0 385 0.858594 0.513889 0.023438 0.122222 0.000000 0.000000 1.000000
0 386 0.867969 0.513194 0.032813 0.123611 0.009375 -0.000694 1.000000
0 387 0.872656 0.510417 0.037500 0.120833 0.004687 -0.002778 1.000000
0 388 0.876953 0.511806 0.038281 0.123611 0.004297 0.001389 1.000000
0 389 0.881641 0.511806 0.038281 0.123611 0.004687 0.000000 1.000000
0 390 0.881641 0.511806 0.038281 0.123611 0.000000 0.000000 1.000000
0 391 0.889844 0.514583 0.039062 0.123611 0.008203 0.002778 1.000000
0 392 0.894141 0.511111 0.039844 0.119444 0.004297 -0.003472 1.000000
0 393 0.896875 0.509028 0.037500 0.118056 0.002734 -0.002083 1.000000
0 394 0.901953 0.507639 0.035156 0.118056 0.005078 -0.001389 1.000000
0 395 0.901953 0.507639 0.035156 0.118056 0.000000 0.000000 1.000000
0 396 0.914062 0.502083 0.020313 0.118056 0.012109 -0.005556 1.000000
0 397 0.918359 0.499306 0.019531 0.120833 0.004297 -0.002778 1.000000
0 398 0.923828 0.499306 0.019531 0.123611 0.005469 0.000000 1.000000
0 399 0.929688 0.497222 0.021875 0.122222 0.005859 -0.002083 1.000000
0 400 0.929688 0.497222 0.021875 0.122222 0.000000 0.000000 1.000000
0 401 0.943359 0.495833 0.030469 0.122222 0.013672 -0.001389 1.000000
0 402 0.950000 0.494444 0.034375 0.122222 0.006641 -0.001389 1.000000
0 403 0.955078 0.493056 0.036719 0.119444 0.005078 -0.001389 1.000000
0 404 0.960156 0.491667 0.035937 0.122222 0.005078 -0.001389 1.000000
0 405 0.960156 0.491667 0.035937 0.122222 0.000000 0.000000 1.000000
0 406 0.971094 0.491667 0.035937 0.122222 0.010937 0.000000 1.000000
0 407 0.976562 0.491667 0.029687 0.122222 0.005469 0.000000 1.000000
0 408 0.982812 0.492361 0.025000 0.123611 0.006250 0.000694 1.000000
0 409 0.987109 0.494444 0.021094 0.125000 0.004297 0.002083 1.000000
0 410 0.986328 0.494444 0.021094 0.125000 -0.000781 0.000000 1.000000
0 411 0.989062 0.495833 0.017188 0.125000 0.002734 0.001389 1.000000
0 412 0.989453 0.497222 0.021094 0.125000 0.000391 0.001389 1.000000
0 413 0.989062 0.500000 0.021875 0.125000 -0.000391 0.002778 1.000000
0 414 0.989453 0.502778 0.021094 0.125000 0.000391 0.002778 1.000000
0 415 0.989453 0.502778 0.021094 0.125000 0.000000 0.000000 1.000000
0 416 0.988281 0.505556 0.023438 0.122222 -0.001172 0.002778 1.000000
0 417 0.987500 0.505556 0.025000 0.122222 -0.000781 0.000000 1.000000
0 418 0.987500 0.508333 0.025000 0.122222 0.000000 0.002778 1.000000
0 419 0.985938 0.507639 0.028125 0.120833 -0.001563 -0.000694 1.000000
0 420 0.985938 0.507639 0.028125 0.120833 0.000000 0.000000 1.000000
0 421 0.985547 0.507639 0.028906 0.120833 -0.000391 0.000000 1.000000
0 422 0.984375 0.509722 0.028125 0.119444 -0.001172 0.002083 1.000000
0 423 0.984766 0.509722 0.025781 0.119444 0.000391 0.000000 1.000000
0 424 0.985938 0.511111 0.026562 0.116667 0.001172 0.001389 1.000000
0 425 0.985938 0.511111 0.026562 0.116667 0.000000 0.000000 1.000000
0 426 0.983203 0.515278 0.033594 0.113889 -0.002734 0.004167 1.000000
0 427 0.981250 0.515278 0.037500 0.113889 -0.001953 0.000000 1.000000
0 428 0.978906 0.515278 0.042188 0.113889 -0.002344 0.000000 1.000000
0 429 0.969141 0.515278 0.039844 0.113889 -0.009766 0.000000 1.000000
0 430 0.969141 0.515278 0.039844 0.113889 0.000000 0.000000 1.000000
0 431 0.954297 0.513194 0.033594 0.118056 -0.014844 -0.002083 1.000000
0 432 0.948438 0.513889 0.026562 0.125000 -0.005859 0.000694 1.000000
0 433 0.942969 0.513889 0.021875 0.125000 -0.005469 0.000000 1.000000
0 434 0.933594 0.513194 0.020313 0.120833 -0.009375 -0.000694 1.000000
0 435 0.933594 0.513194 0.020313 0.120833 0.000000 0.000000 1.000000
0 436 0.917188 0.518056 0.034375 0.122222 -0.016406 0.004861 1.000000
0 437 0.909375 0.518056 0.032813 0.119444 -0.007812 0.000000 1.000000
0 438 0.900000 0.520833 0.034375 0.119444 -0.009375 0.002778 1.000000
0 439 0.892969 0.520833 0.037500 0.119444 -0.007031 0.000000 1.000000
0 440 0.892969 0.520833 0.037500 0.119444 0.000000 0.000000 1.000000
0 441 0.880469 0.520833 0.037500 0.119444 -0.012500 0.000000 1.000000
0 442 0.873047 0.519444 0.038281 0.119444 -0.007422 -0.001389 1.000000
0 443 0.867578 0.515278 0.038281 0.119444 -0.005469 -0.004167 1.000000
0 444 0.862500 0.512500 0.034375 0.119444 -0.005078 -0.002778 1.000000
0 445 0.862500 0.512500 0.034375 0.119444 0.000000 0.000000 1.000000
0 446 0.853516 0.513889 0.032031 0.119444 -0.008984 0.001389 1.000000
0 447 0.851172 0.513889 0.032031 0.119444 -0.002344 0.000000 1.000000
0 448 0.849219 0.518056 0.034375 0.122222 -0.001953 0.004167 1.000000
0 449 0.847656 0.519444 0.035937 0.122222 -0.001563 0.001389 1.000000
0 450 0.847656 0.519444 0.035937 0.122222 0.000000 0.000000 1.000000
0 451 0.842969 0.522222 0.039062 0.122222 -0.004687 0.002778 1.000000
0 452 0.840625 0.522222 0.040625 0.122222 -0.002344 0.000000 1.000000
0 453 0.837891 0.524306 0.039844 0.118056 -0.002734 0.002083 1.000000
0 454 0.837500 0.526389 0.037500 0.122222 -0.000391 0.002083 1.000000
0 455 0.837500 0.526389 0.037500 0.122222 0.000000 0.000000 1.000000
0 456 0.839063 0.522222 0.028125 0.122222 0.001563 -0.004167 1.000000
0 457 0.842969 0.522222 0.023438 0.122222 0.003906 0.000000 1.000000
0 458 0.844531 0.520833 0.023438 0.125000 0.001563 -0.001389 1.000000
0 459 0.846094 0.520833 0.023438 0.125000 0.001563 0.000000 1.000000
0 460 0.846094 0.520833 0.023438 0.125000 0.000000 0.000000 1.000000
0 461 0.848047 0.525000 0.027344 0.127778 0.001953 0.004167 1.000000
0 462 0.849609 0.527778 0.033594 0.127778 0.001563 0.002778 1.000000
0 463 0.851562 0.530556 0.037500 0.127778 0.001953 0.002778 1.000000
0 464 0.851562 0.532639 0.040625 0.123611 0.000000 0.002083 1.000000
0 465 0.851562 0.532639 0.040625 0.123611 0.000000 0.000000 1.000000
0 466 0.853125 0.533333 0.043750 0.122222 0.001563 0.000694 1.000000
0 467 0.854297 0.533333 0.042969 0.119444 0.001172 0.000000 1.000000
0 468 0.857422 0.531944 0.036719 0.119444 0.003125 -0.001389 1.000000
0 469 0.859375 0.531944 0.034375 0.119444 0.001953 0.000000 1.000000
0 470 0.859375 0.531944 0.034375 0.119444 0.000000 0.000000 1.000000
0 471 0.861719 0.531944 0.029687 0.119444 0.002344 0.000000 1.000000
0 472 0.860547 0.534028 0.030469 0.123611 -0.001172 0.002083 1.000000
0 473 0.862109 0.534028 0.030469 0.123611 0.001563 0.000000 1.000000
0 474 0.864062 0.534028 0.028125 0.123611 0.001953 0.000000 1.000000
0 475 0.864062 0.534028 0.028125 0.123611 0.000000 0.000000 1.000000
0 476 0.867188 0.533333 0.025000 0.122222 0.003125 -0.000694 1.000000
0 477 0.869531 0.532639 0.023438 0.123611 0.002344 -0.000694 1.000000
0 478 0.871094 0.534028 0.021875 0.123611 0.001563 0.001389 1.000000
0 479 0.871875 0.534028 0.021875 0.123611 0.000781 0.000000 1.000000
0 480 0.871875 0.534028 0.021875 0.123611 0.000000 0.000000 1.000000
0 481 0.872656 0.536806 0.026562 0.123611 0.000781 0.002778 1.000000
0 482 0.874219 0.538194 0.026562 0.123611 0.001563 0.001389 1.000000
0 483 0.876563 0.539583 0.028125 0.123611 0.002344 0.001389 1.000000
0 484 0.880078 0.538889 0.028906 0.122222 0.003516 -0.000694 1.000000
0 485 0.880078 0.538889 0.028906 0.122222 0.000000 0.000000 1.000000
0 486 0.887109 0.540278 0.030469 0.125000 0.007031 0.001389 1.000000
0 487 0.890234 0.540278 0.032031 0.125000 0.003125 0.000000 1.000000
0 488 0.893750 0.542361 0.031250 0.123611 0.003516 0.002083 1.000000
0 489 0.897656 0.542361 0.032813 0.123611 0.003906 0.000000 1.000000
0 490 0.897656 0.542361 0.032813 0.123611 0.000000 0.000000 1.000000
0 491 0.905469 0.540278 0.029687 0.119444 0.007812 -0.002083 1.000000
0 492 0.908203 0.543056 0.028906 0.122222 0.002734 0.002778 1.000000
0 493 0.912109 0.544444 0.030469 0.122222 0.003906 0.001389 1.000000
0 494 0.915234 0.547222 0.030469 0.122222 0.003125 0.002778 1.000000
0 495 0.915234 0.547222 0.030469 0.122222 0.000000 0.000000 1.000000
0 496 0.922266 0.550694 0.030469 0.120833 0.007031 0.003472 1.000000
0 497 0.924609 0.552083 0.030469 0.120833 0.002344 0.001389 1.000000
0 498 0.926562 0.553472 0.029687 0.123611 0.001953 0.001389 1.000000
0 499 0.928125 0.555556 0.028125 0.122222 0.001563 0.002083 1.000000
0 500 0.928125 0.555556 0.028125 0.122222 0.000000 0.000000 1.000000
0 501 0.930469 0.554167 0.023438 0.119444 0.002344 -0.001389 1.000000
0 502 0.933203 0.555556 0.022656 0.122222 0.002734 0.001389 1.000000
0 503 0.935156 0.556944 0.023438 0.122222 0.001953 0.001389 1.000000
0 504 0.937500 0.558333 0.025000 0.119444 0.002344 0.001389 1.000000
0 505 0.937500 0.558333 0.025000 0.119444 0.000000 0.000000 1.000000
0 506 0.940625 0.559722 0.028125 0.119444 0.003125 0.001389 1.000000
0 507 0.943359 0.559722 0.030469 0.119444 0.002734 0.000000 1.000000
0 508 0.946875 0.561111 0.031250 0.122222 0.003516 0.001389 1.000000
0 509 0.948438 0.561806 0.032813 0.123611 0.001563 0.000694 1.000000
0 510 0.948438 0.561806 0.032813 0.123611 0.000000 0.000000 1.000000
0 511 0.950000 0.558333 0.028125 0.119444 0.001563 -0.003472 1.000000
0 512 0.950781 0.558333 0.026562 0.119444 0.000781 0.000000 1.000000
0 513 0.951172 0.557639 0.024219 0.120833 0.000391 -0.000694 1.000000
0 514 0.950781 0.556944 0.021875 0.119444 -0.000391 -0.000694 1.000000
0 515 0.950781 0.556944 0.021875 0.119444 0.000000 0.000000 1.000000
0 516 0.954688 0.561806 0.031250 0.118056 0.003906 0.004861 1.000000
0 517 0.957422 0.563194 0.033594 0.115278 0.002734 0.001389 1.000000
0 518 0.959375 0.563194 0.035937 0.115278 0.001953 0.000000 1.000000
0 519 0.964063 0.563889 0.037500 0.116667 0.004687 0.000694 1.000000
0 520 0.964063 0.563889 0.037500 0.116667 0.000000 0.000000 1.000000
0 521 0.967578 0.565278 0.033594 0.116667 0.003516 0.001389 1.000000
0 522 0.966797 0.564583 0.033594 0.112500 -0.000781 -0.000694 1.000000
0 523 0.966406 0.565278 0.032813 0.113889 -0.000391 0.000694 1.000000
0 524 0.970703 0.566667 0.036719 0.116667 0.004297 0.001389 1.000000
0 525 0.970703 0.566667 0.036719 0.116667 0.000000 0.000000 1.000000
0 526 0.978516 0.565278 0.041406 0.116667 0.007812 -0.001389 1.000000
0 527 0.981250 0.565278 0.037500 0.116667 0.002734 0.000000 1.000000
0 528 0.982422 0.565278 0.035156 0.113889 0.001172 0.000000 1.000000
0 529 0.983594 0.568056 0.032813 0.113889 0.001172 0.002778 1.000000
0 530 0.983594 0.568056 0.032813 0.113889 0.000000 0.000000 1.000000
0 531 0.984766 0.568056 0.030469 0.113889 0.001172 0.000000 1.000000
0 532 0.984766 0.568056 0.030469 0.116667 0.000000 0.000000 1.000000
0 533 0.985938 0.566667 0.028125 0.116667 0.001172 -0.001389 1.000000
0 534 0.987500 0.566667 0.025000 0.119444 0.001563 0.000000 1.000000
0 535 0.987500 0.566667 0.025000 0.119444 0.000000 0.000000 1.000000
0 536 0.989062 0.568750 0.021875 0.120833 0.001563 0.002083 1.000000
0 537 0.989453 0.570139 0.021094 0.118056 0.000391 0.001389 1.000000
0 538 0.989062 0.570833 0.021875 0.119444 -0.000391 0.000694 1.000000
0 539 0.987500 0.572222 0.025000 0.122222 -0.001563 0.001389 1.000000
0 540 0.987500 0.572222 0.025000 0.122222 0.000000 0.000000 1.000000
0 541 0.987500 0.572222 0.025000 0.122222 0.000000 0.000000 1.000000
0 542 0.985156 0.572222 0.029687 0.122222 -0.002344 0.000000 1.000000
0 543 0.988281 0.572222 0.023438 0.122222 0.003125 0.000000 1.000000
0 544 0.985938 0.572917 0.028125 0.120833 -0.002344 0.000694 1.000000
0 545 0.985938 0.572917 0.028125 0.120833 0.000000 0.000000 1.000000
0 546 0.986328 0.577083 0.027344 0.120833 0.000391 0.004167 1.000000
0 547 0.985547 0.579861 0.028906 0.120833 -0.000781 0.002778 1.000000
0 548 0.985156 0.578472 0.029687 0.123611 -0.000391 -0.001389 1.000000
0 549 0.985156 0.579167 0.029687 0.125000 0.000000 0.000694 1.000000
0 550 0.985156 0.579167 0.029687 0.125000 0.000000 0.000000 1.000000
0 551 0.981250 0.577778 0.037500 0.122222 -0.003906 -0.001389 1.000000
0 552 0.982812 0.577778 0.034375 0.122222 0.001563 0.000000 1.000000
0 553 0.980859 0.579861 0.030469 0.120833 -0.001953 0.002083 1.000000
0 554 0.975391 0.579167 0.025781 0.122222 -0.005469 -0.000694 1.000000
0 555 0.975391 0.579167 0.025781 0.122222 0.000000 0.000000 1.000000
0 556 0.964453 0.581250 0.030469 0.123611 -0.010937 0.002083 1.000000
0 557 0.960938 0.580556 0.034375 0.125000 -0.003516 -0.000694 1.000000
0 558 0.953125 0.579167 0.042188 0.125000 -0.007812 -0.001389 1.000000
0 559 0.947656 0.577778 0.046875 0.122222 -0.005469 -0.001389 1.000000
0 560 0.947656 0.577778 0.046875 0.122222 0.000000 0.000000 1.000000
0 561 0.939063 0.579167 0.034375 0.122222 -0.008594 0.001389 1.000000
0 562 0.930469 0.579167 0.029687 0.122222 -0.008594 0.000000 1.000000
0 563 0.919141 0.577778 0.030469 0.122222 -0.011328 -0.001389 1.000000
0 564 0.915625 0.573611 0.031250 0.122222 -0.003516 -0.004167 1.000000
0 565 0.915625 0.573611 0.031250 0.122222 0.000000 0.000000 1.000000
0 566 0.903125 0.569444 0.040625 0.127778 -0.012500 -0.004167 1.000000
0 567 0.895312 0.565278 0.042188 0.125000 -0.007812 -0.004167 1.000000
0 568 0.891406 0.563889 0.035937 0.122222 -0.003906 -0.001389 1.000000
0 569 0.881250 0.563889 0.031250 0.122222 -0.010156 0.000000 1.000000
0 570 0.881250 0.563889 0.031250 0.122222 0.000000 0.000000 1.000000
0 571 0.860156 0.558333 0.021875 0.125000 -0.021094 -0.005556 1.000000
0 572 0.856250 0.554861 0.031250 0.123611 -0.003906 -0.003472 1.000000
0 573 0.850000 0.552083 0.032813 0.126389 -0.006250 -0.002778 1.000000
0 574 0.842578 0.550694 0.041406 0.126389 -0.007422 -0.001389 1.000000
0 575 0.842578 0.550694 0.041406 0.126389 0.000000 0.000000 1.000000
0 576 0.828906 0.549306 0.048438 0.120833 -0.013672 -0.001389 1.000000
0 577 0.824609 0.548611 0.042969 0.122222 -0.004297 -0.000694 1.000000
0 578 0.819531 0.548611 0.035937 0.122222 -0.005078 0.000000 1.000000
0 579 0.811328 0.546528 0.035156 0.123611 -0.008203 -0.002083 1.000000
0 580 0.811328 0.546528 0.035156 0.123611 0.000000 0.000000 1.000000
0 581 0.798438 0.545833 0.025000 0.125000 -0.012891 -0.000694 1.000000
0 582 0.794141 0.543750 0.028906 0.126389 -0.004297 -0.002083 1.000000
0 583 0.786328 0.544444 0.038281 0.127778 -0.007812 0.000694 1.000000
0 584 0.779687 0.543750 0.043750 0.120833 -0.006641 -0.000694 1.000000
0 585 0.779687 0.543750 0.043750 0.120833 0.000000 0.000000 1.000000
0 586 0.775781 0.545139 0.042188 0.112500 -0.003906 0.001389 1.000000
0 587 0.771484 0.545139 0.036719 0.112500 -0.004297 0.000000 1.000000
0 588 0.767578 0.545139 0.028906 0.112500 -0.003906 0.000000 1.000000
0 589 0.766406 0.547222 0.026562 0.116667 -0.001172 0.002083 1.000000
0 590 0.766406 0.547222 0.026562 0.116667 0.000000 0.000000 1.000000
0 591 0.760547 0.547917 0.030469 0.118056 -0.005859 0.000694 1.000000
0 592 0.759375 0.551389 0.029687 0.119444 -0.001172 0.003472 1.000000
0 593 0.758594 0.550694 0.026562 0.118056 -0.000781 -0.000694 1.000000
0 594 0.757812 0.550000 0.026562 0.119444 -0.000781 -0.000694 1.000000
0 595 0.757812 0.550000 0.026562 0.119444 0.000000 0.000000 1.000000
0 596 0.757812 0.548611 0.026562 0.122222 0.000000 -0.001389 1.000000
0 597 0.759766 0.547917 0.028906 0.123611 0.001953 -0.000694 1.000000
0 598 0.759766 0.547917 0.028906 0.123611 0.000000 0.000000 1.000000
0 599 0.759766 0.547917 0.028906 0.123611 0.000000 0.000000 1.000000
0 600 0.759766 0.547917 0.028906 0.123611 0.000000 0.000000 1.000000
0 601 0.759766 0.547917 0.028906 0.123611 0.000000 0.000000 1.000000
0 602 0.759766 0.547917 0.028906 0.123611 0.000000 0.000000 1.000000
0 603 0.760156 0.548611 0.029687 0.122222 0.000391 0.000694 1.000000
0 604 0.760547 0.548611 0.030469 0.122222 0.000391 0.000000 1.000000
0 605 0.760547 0.548611 0.030469 0.122222 0.000000 0.000000 1.000000
0 606 0.765625 0.549306 0.034375 0.123611 0.005078 0.000694 1.000000
0 607 0.768359 0.549306 0.033594 0.123611 0.002734 0.000000 1.000000
0 608 0.771484 0.550000 0.033594 0.122222 0.003125 0.000694 1.000000
0 609 0.775000 0.550000 0.034375 0.122222 0.003516 0.000000 1.000000
0 610 0.775000 0.550000 0.034375 0.122222 0.000000 0.000000 1.000000
0 611 0.784375 0.550000 0.034375 0.122222 0.009375 0.000000 1.000000
0 612 0.788281 0.551389 0.034375 0.125000 0.003906 0.001389 1.000000
0 613 0.794531 0.552778 0.031250 0.125000 0.006250 0.001389 1.000000
0 614 0.800000 0.552778 0.031250 0.125000 0.005469 0.000000 1.000000
0 615 0.800000 0.552778 0.031250 0.125000 0.000000 0.000000 1.000000
0 616 0.811719 0.556944 0.028125 0.127778 0.011719 0.004167 1.000000
0 617 0.816406 0.558333 0.028125 0.127778 0.004687 0.001389 1.000000
0 618 0.820312 0.559028 0.028125 0.126389 0.003906 0.000694 1.000000
0 619 0.824219 0.559722 0.029687 0.125000 0.003906 0.000694 1.000000
0 620 0.824219 0.559722 0.029687 0.125000 0.000000 0.000000 1.000000
0 621 0.833203 0.561111 0.028906 0.125000 0.008984 0.001389 1.000000
0 622 0.837891 0.561111 0.028906 0.125000 0.004687 0.000000 1.000000
0 623 0.842187 0.562500 0.028125 0.127778 0.004297 0.001389 1.000000
0 624 0.845703 0.563889 0.027344 0.127778 0.003516 0.001389 1.000000
0 625 0.845703 0.563889 0.027344 0.127778 0.000000 0.000000 1.000000
0 626 0.850781 0.565278 0.025000 0.125000 0.005078 0.001389 1.000000
0 627 0.854688 0.565278 0.025000 0.125000 0.003906 0.000000 1.000000
0 628 0.858984 0.568056 0.024219 0.125000 0.004297 0.002778 1.000000
0 629 0.862109 0.568056 0.025781 0.125000 0.003125 0.000000 1.000000
0 630 0.862109 0.568056 0.025781 0.125000 0.000000 0.000000 1.000000
0 631 0.870313 0.570833 0.028125 0.125000 0.008203 0.002778 1.000000
0 632 0.873828 0.573611 0.028906 0.125000 0.003516 0.002778 1.000000
0 633 0.876563 0.573611 0.031250 0.125000 0.002734 0.000000 1.000000
0 634 0.879687 0.573611 0.031250 0.125000 0.003125 0.000000 1.000000
0 635 0.879687 0.573611 0.031250 0.125000 0.000000 0.000000 1.000000
0 636 0.885938 0.574306 0.031250 0.129167 0.006250 0.000694 1.000000
0 637 0.888672 0.573611 0.030469 0.127778 0.002734 -0.000694 1.000000
0 638 0.890234 0.573611 0.028906 0.127778 0.001563 0.000000 1.000000
0 639 0.893750 0.572222 0.026562 0.127778 0.003516 -0.001389 1.000000
0 640 0.893750 0.572222 0.026562 0.127778 0.000000 0.000000 1.000000
0 641 0.900781 0.573611 0.023438 0.127778 0.007031 0.001389 1.000000
0 642 0.903906 0.575000 0.025000 0.127778 0.003125 0.001389 1.000000
0 643 0.906250 0.575000 0.028125 0.127778 0.002344 0.000000 1.000000
0 644 0.907422 0.577778 0.030469 0.127778 0.001172 0.002778 1.000000
0 645 0.907422 0.577778 0.030469 0.127778 0.000000 0.000000 1.000000
0 646 0.916797 0.579167 0.030469 0.127778 0.009375 0.001389 1.000000
0 647 0.921484 0.579167 0.033594 0.127778 0.004687 0.000000 1.000000
0 648 0.925391 0.579167 0.033594 0.127778 0.003906 0.000000 1.000000
0 649 0.933594 0.579167 0.026562 0.127778 0.008203 0.000000 1.000000
0 650 0.933594 0.579167 0.026562 0.127778 0.000000 0.000000 1.000000
0 651 0.939844 0.579167 0.021875 0.127778 0.006250 0.000000 1.000000
0 652 0.942969 0.579167 0.020313 0.130556 0.003125 0.000000 1.000000
0 653 0.946484 0.579861 0.024219 0.131944 0.003516 0.000694 1.000000
0 654 0.949609 0.579861 0.027344 0.131944 0.003125 0.000000 1.000000
0 655 0.949609 0.579861 0.027344 0.131944 0.000000 0.000000 1.000000
0 656 0.956641 0.582639 0.033594 0.131944 0.007031 0.002778 1.000000
0 657 0.958203 0.584028 0.036719 0.131944 0.001563 0.001389 1.000000
0 658 0.959375 0.584028 0.037500 0.131944 0.001172 0.000000 1.000000
0 659 0.960938 0.585417 0.039062 0.131944 0.001563 0.001389 1.000000
0 660 0.960938 0.585417 0.039062 0.131944 0.000000 0.000000 1.000000
0 661 0.960938 0.585417 0.040625 0.131944 0.000000 0.000000 1.000000
0 662 0.961328 0.584722 0.038281 0.130556 0.000391 -0.000694 1.000000
0 663 0.960938 0.583333 0.035937 0.130556 -0.000391 -0.001389 1.000000
0 664 0.960156 0.581944 0.031250 0.133333 -0.000781 -0.001389 1.000000
0 665 0.960156 0.581944 0.031250 0.133333 0.000000 0.000000 1.000000
0 666 0.958984 0.580556 0.027344 0.133333 -0.001172 -0.001389 1.000000
0 667 0.956250 0.580556 0.029687 0.133333 -0.002734 0.000000 1.000000
0 668 0.954688 0.580556 0.029687 0.133333 -0.001563 0.000000 1.000000
0 669 0.952344 0.580556 0.029687 0.133333 -0.002344 0.000000 1.000000
0 670 0.952344 0.580556 0.029687 0.133333 0.000000 0.000000 1.000000
0 671 0.950781 0.580556 0.026562 0.133333 -0.001563 0.000000 1.000000
0 672 0.950391 0.580556 0.025781 0.133333 -0.000391 0.000000 1.000000
0 673 0.950000 0.580556 0.025000 0.133333 -0.000391 0.000000 1.000000
0 674 0.948047 0.579167 0.024219 0.133333 -0.001953 -0.001389 1.000000
0 675 0.947656 0.580556 0.023438 0.133333 -0.000391 0.001389 1.000000
0 676 0.945312 0.579167 0.025000 0.130556 -0.002344 -0.001389 1.000000
0 677 0.942969 0.577778 0.026562 0.133333 -0.002344 -0.001389 1.000000
0 678 0.941406 0.577778 0.028125 0.133333 -0.001563 0.000000 1.000000
0 679 0.939844 0.577778 0.031250 0.133333 -0.001563 0.000000 1.000000
0 680 0.939844 0.577778 0.031250 0.133333 0.000000 0.000000 1.000000
0 681 0.934375 0.576389 0.037500 0.130556 -0.005469 -0.001389 1.000000
0 682 0.930469 0.576389 0.040625 0.130556 -0.003906 0.000000 1.000000
0 683 0.926172 0.576389 0.039844 0.130556 -0.004297 0.000000 1.000000
0 684 0.920703 0.576389 0.039844 0.130556 -0.005469 0.000000 1.000000
0 685 0.920703 0.576389 0.039844 0.130556 0.000000 0.000000 1.000000
0 686 0.911328 0.575000 0.039844 0.133333 -0.009375 -0.001389 1.000000
0 687 0.906250 0.574306 0.037500 0.129167 -0.005078 -0.000694 1.000000
0 688 0.900000 0.571528 0.032813 0.126389 -0.006250 -0.002778 1.000000
0 689 0.894922 0.570139 0.032031 0.129167 -0.005078 -0.001389 1.000000
0 690 0.895312 0.570139 0.032813 0.129167 0.000391 0.000000 1.000000
0 691 0.884375 0.570139 0.028125 0.129167 -0.010937 0.000000 1.000000
0 692 0.878125 0.568750 0.028125 0.129167 -0.006250 -0.001389 1.000000
0 693 0.871875 0.568750 0.028125 0.129167 -0.006250 0.000000 1.000000
0 694 0.866406 0.568056 0.029687 0.127778 -0.005469 -0.000694 1.000000
0 695 0.866406 0.568056 0.029687 0.127778 0.000000 0.000000 1.000000
0 696 0.857422 0.567361 0.028906 0.129167 -0.008984 -0.000694 1.000000
0 697 0.852734 0.567361 0.030469 0.129167 -0.004687 0.000000 1.000000
0 698 0.848047 0.567361 0.030469 0.129167 -0.004687 0.000000 1.000000
0 699 0.844141 0.565972 0.030469 0.129167 -0.003906 -0.001389 1.000000
0 700 0.844141 0.565972 0.030469 0.129167 0.000000 0.000000 1.000000
0 701 0.837500 0.563889 0.031250 0.127778 -0.006641 -0.002083 1.000000
0 702 0.835938 0.563889 0.031250 0.127778 -0.001563 0.000000 1.000000
0 703 0.833594 0.561806 0.031250 0.126389 -0.002344 -0.002083 1.000000
0 704 0.832031 0.561111 0.034375 0.125000 -0.001563 -0.000694 1.000000
0 705 0.832031 0.561111 0.034375 0.125000 0.000000 0.000000 1.000000
0 706 0.827734 0.561111 0.036719 0.125000 -0.004297 0.000000 1.000000
0 707 0.826562 0.559722 0.037500 0.125000 -0.001172 -0.001389 1.000000
0 708 0.823047 0.559722 0.039844 0.125000 -0.003516 0.000000 1.000000
0 709 0.821875 0.559028 0.040625 0.126389 -0.001172 -0.000694 1.000000
0 710 0.821875 0.559028 0.040625 0.126389 0.000000 0.000000 1.000000
0 711 0.820312 0.555556 0.034375 0.125000 -0.001563 -0.003472 1.000000
0 712 0.819141 0.555556 0.030469 0.127778 -0.001172 0.000000 1.000000
0 713 0.819531 0.555556 0.026562 0.127778 0.000391 0.000000 1.000000
0 714 0.817969 0.554167 0.025000 0.127778 -0.001563 -0.001389 1.000000
0 715 0.817969 0.554167 0.025000 0.127778 0.000000 0.000000 1.000000
0 716 0.816797 0.553472 0.022656 0.126389 -0.001172 -0.000694 1.000000
0 717 0.816797 0.552083 0.022656 0.126389 0.000000 -0.001389 1.000000
0 718 0.816797 0.552083 0.025781 0.126389 0.000000 0.000000 1.000000
0 719 0.816406 0.552083 0.026562 0.126389 -0.000391 0.000000 1.000000
0 720 0.816406 0.552083 0.026562 0.126389 0.000000 0.000000 1.000000
0 721 0.816406 0.552083 0.026562 0.126389 0.000000 0.000000 1.000000
0 722 0.817969 0.552083 0.026562 0.126389 0.001563 0.000000 1.000000
0 723 0.821094 0.552083 0.026562 0.126389 0.003125 0.000000 1.000000
0 724 0.824219 0.552083 0.023438 0.126389 0.003125 0.000000 1.000000
0 725 0.824219 0.552083 0.023438 0.126389 0.000000 0.000000 1.000000
0 726 0.829688 0.549306 0.020313 0.126389 0.005469 -0.002778 1.000000
0 727 0.830859 0.549306 0.022656 0.126389 0.001172 0.000000 1.000000
0 728 0.832812 0.549306 0.025000 0.126389 0.001953 0.000000 1.000000
0 729 0.836328 0.549306 0.028906 0.126389 0.003516 0.000000 1.000000
0 730 0.836328 0.549306 0.028906 0.126389 0.000000 0.000000 1.000000
0 731 0.840625 0.550694 0.039062 0.120833 0.004297 0.001389 1.000000
0 732 0.841406 0.551389 0.039062 0.119444 0.000781 0.000694 1.000000
0 733 0.842969 0.551389 0.040625 0.119444 0.001563 0.000000 1.000000
0 734 0.844922 0.551389 0.038281 0.119444 0.001953 0.000000 1.000000
0 735 0.844922 0.551389 0.038281 0.119444 0.000000 0.000000 1.000000
0 736 0.848828 0.547222 0.033594 0.122222 0.003906 -0.004167 1.000000
0 737 0.850781 0.547222 0.029687 0.122222 0.001953 0.000000 1.000000
0 738 0.852344 0.546528 0.026562 0.126389 0.001563 -0.000694 1.000000
0 739 0.855859 0.546528 0.028906 0.126389 0.003516 0.000000 1.000000
0 740 0.855859 0.546528 0.028906 0.126389 0.000000 0.000000 1.000000
0 741 0.867188 0.549306 0.034375 0.120833 0.011328 0.002778 1.000000
0 742 0.873047 0.552083 0.036719 0.120833 0.005859 0.002778 1.000000
0 743 0.881250 0.552083 0.039062 0.115278 0.008203 0.000000 1.000000
0 744 0.886719 0.554167 0.039062 0.108333 0.005469 0.002083 1.000000
0 745 0.886719 0.554167 0.039062 0.108333 0.000000 0.000000 1.000000
0 746 0.899609 0.554167 0.042969 0.108333 0.012891 0.000000 1.000000
0 747 0.906250 0.553472 0.043750 0.112500 0.006641 -0.000694 1.000000
0 748 0.911719 0.552778 0.045312 0.111111 0.005469 -0.000694 1.000000
0 749 0.918750 0.551389 0.045312 0.108333 0.007031 -0.001389 1.000000
0 750 0.918750 0.551389 0.045312 0.108333 0.000000 0.000000 1.000000
0 751 0.929688 0.551389 0.043750 0.108333 0.010937 0.000000 1.000000
0 752 0.933594 0.552778 0.042188 0.105556 0.003906 0.001389 1.000000
0 753 0.937109 0.552778 0.039844 0.105556 0.003516 0.000000 1.000000
0 754 0.945312 0.552778 0.037500 0.105556 0.008203 0.000000 1.000000
0 755 0.945312 0.552778 0.037500 0.105556 0.000000 0.000000 1.000000
0 756 0.958594 0.547917 0.043750 0.106944 0.013281 -0.004861 1.000000
0 757 0.965625 0.547222 0.043750 0.108333 0.007031 -0.000694 1.000000
0 758 0.972266 0.548611 0.038281 0.111111 0.006641 0.001389 1.000000
0 759 0.979297 0.547222 0.041406 0.111111 0.007031 -0.001389 1.000000
0 760 0.979297 0.547222 0.041406 0.111111 0.000000 0.000000 1.000000
0 761 0.985938 0.545139 0.028125 0.112500 0.006641 -0.002083 1.000000
0 762 0.987891 0.543750 0.024219 0.112500 0.001953 -0.001389 1.000000
0 763 0.991406 0.540972 0.017188 0.112500 0.003516 -0.002778 1.000000
0 764 0.994141 0.536806 0.011719 0.112500 0.002734 -0.004167 1.000000
0 765 0.994141 0.536806 0.011719 0.112500 0.000000 0.000000 1.000000
0 791 0.987891 0.500694 0.024219 0.126389 -0.000240 -0.001389 1.000000
0 792 0.985156 0.497917 0.029687 0.126389 -0.002734 -0.002778 1.000000
0 793 0.983203 0.495833 0.033594 0.130556 -0.001953 -0.002083 1.000000
0 794 0.979297 0.495833 0.033594 0.133333 -0.003906 0.000000 1.000000
0 795 0.979297 0.495833 0.033594 0.133333 0.000000 0.000000 1.000000
0 796 0.973437 0.491667 0.031250 0.133333 -0.005859 -0.004167 1.000000
0 797 0.967578 0.491667 0.032031 0.133333 -0.005859 0.000000 1.000000
0 798 0.963672 0.491667 0.032031 0.133333 -0.003906 0.000000 1.000000
0 799 0.959766 0.497222 0.032031 0.136111 -0.003906 0.005556 1.000000
0 800 0.959766 0.497222 0.032031 0.136111 0.000000 0.000000 1.000000
0 801 0.953125 0.501389 0.032813 0.127778 -0.006641 0.004167 1.000000
0 802 0.950781 0.504167 0.032813 0.122222 -0.002344 0.002778 1.000000
0 803 0.952344 0.511111 0.029687 0.127778 0.001563 0.006944 1.000000
0 804 0.953906 0.512500 0.021875 0.125000 0.001563 0.001389 1.000000
0 805 0.953906 0.512500 0.021875 0.125000 0.000000 0.000000 1.000000
0 806 0.957031 0.513194 0.031250 0.120833 0.003125 0.000694 1.000000
0 807 0.956641 0.511111 0.038281 0.122222 -0.000391 -0.002083 1.000000
0 808 0.959375 0.509722 0.042188 0.125000 0.002734 -0.001389 1.000000
0 809 0.962500 0.511111 0.043750 0.122222 0.003125 0.001389 1.000000
0 810 0.962500 0.511111 0.043750 0.122222 0.000000 0.000000 1.000000
0 811 0.965234 0.511111 0.038281 0.122222 0.002734 0.000000 1.000000
0 812 0.962109 0.515278 0.041406 0.125000 -0.003125 0.004167 1.000000
0 813 0.962500 0.516667 0.032813 0.122222 0.000391 0.001389 1.000000
0 814 0.962891 0.518056 0.030469 0.119444 0.000391 0.001389 1.000000
0 815 0.962891 0.518056 0.030469 0.119444 0.000000 0.000000 1.000000
0 816 0.969141 0.518750 0.047656 0.118056 0.006250 0.000694 1.000000
0 817 0.973047 0.518750 0.049219 0.118056 0.003906 0.000000 1.000000
0 818 0.974609 0.518750 0.050781 0.118056 0.001563 0.000000 1.000000
0 819 0.976953 0.517361 0.046094 0.118056 0.002344 -0.001389 1.000000
0 820 0.976953 0.517361 0.046094 0.118056 0.000000 0.000000 1.000000
0 821 0.973437 0.520139 0.037500 0.115278 -0.003516 0.002778 1.000000
0 822 0.968359 0.520139 0.038281 0.115278 -0.005078 0.000000 1.000000
0 823 0.969922 0.518750 0.046094 0.115278 0.001563 -0.001389 1.000000
0 824 0.972266 0.519444 0.046094 0.119444 0.002344 0.000694 1.000000
0 825 0.972266 0.519444 0.046094 0.119444 0.000000 0.000000 1.000000
0 826 0.973437 0.515972 0.043750 0.115278 0.001172 -0.003472 1.000000
0 827 0.971875 0.515972 0.039062 0.115278 -0.001563 0.000000 1.000000
0 828 0.967969 0.517361 0.031250 0.115278 -0.003906 0.001389 1.000000
0 829 0.966016 0.516667 0.032031 0.116667 -0.001953 -0.000694 1.000000
0 830 0.966016 0.516667 0.032031 0.116667 0.000000 0.000000 1.000000
0 831 0.969922 0.513889 0.042969 0.116667 0.003906 -0.002778 1.000000
0 832 0.966406 0.513889 0.051562 0.116667 -0.003516 0.000000 1.000000
0 833 0.967969 0.515278 0.045312 0.116667 0.001563 0.001389 1.000000
0 834 0.969141 0.514583 0.038281 0.115278 0.001172 -0.000694 1.000000
0 835 0.969141 0.514583 0.038281 0.115278 0.000000 0.000000 1.000000
0 836 0.958984 0.513194 0.036719 0.115278 -0.010156 -0.001389 1.000000
0 837 0.960547 0.513889 0.039844 0.119444 0.001563 0.000694 1.000000
0 838 0.961719 0.512500 0.042188 0.119444 0.001172 -0.001389 1.000000
0 839 0.961328 0.507639 0.039844 0.115278 -0.000391 -0.004861 1.000000
0 840 0.961328 0.507639 0.039844 0.115278 0.000000 0.000000 1.000000
0 841 0.958984 0.506944 0.025781 0.116667 -0.002344 -0.000694 1.000000
0 842 0.957812 0.505556 0.028125 0.116667 -0.001172 -0.001389 1.000000
0 843 0.962500 0.504167 0.032813 0.116667 0.004687 -0.001389 1.000000
0 844 0.962109 0.500694 0.044531 0.115278 -0.000391 -0.003472 1.000000
0 845 0.962109 0.500694 0.044531 0.115278 0.000000 0.000000 1.000000
0 846 0.964063 0.499306 0.037500 0.115278 0.001953 -0.001389 1.000000
0 847 0.961719 0.499306 0.032813 0.115278 -0.002344 0.000000 1.000000
0 848 0.956641 0.498611 0.030469 0.116667 -0.005078 -0.000694 1.000000
0 849 0.955078 0.496528 0.036719 0.118056 -0.001563 -0.002083 1.000000
0 850 0.955078 0.496528 0.036719 0.118056 0.000000 0.000000 1.000000
0 851 0.953906 0.490972 0.035937 0.115278 -0.001172 -0.005556 1.000000
0 852 0.951562 0.489583 0.034375 0.115278 -0.002344 -0.001389 1.000000
0 853 0.947266 0.489583 0.022656 0.115278 -0.004297 0.000000 1.000000
0 854 0.943750 0.490278 0.021875 0.119444 -0.003516 0.000694 1.000000
0 855 0.943750 0.490278 0.021875 0.119444 0.000000 0.000000 1.000000
0 856 0.942187 0.487500 0.040625 0.119444 -0.001563 -0.002778 1.000000
0 857 0.939844 0.483333 0.040625 0.119444 -0.002344 -0.004167 1.000000
0 858 0.937500 0.481944 0.040625 0.108333 -0.002344 -0.001389 1.000000
0 859 0.932813 0.480556 0.032813 0.108333 -0.004687 -0.001389 1.000000
0 860 0.932813 0.480556 0.032813 0.108333 0.000000 0.000000 1.000000
0 861 0.925391 0.481944 0.033594 0.119444 -0.007422 0.001389 1.000000
0 862 0.924219 0.479861 0.031250 0.123611 -0.001172 -0.002083 1.000000
0 863 0.914844 0.475000 0.031250 0.119444 -0.009375 -0.004861 1.000000
0 864 0.917188 0.471528 0.034375 0.115278 0.002344 -0.003472 1.000000
0 865 0.917188 0.471528 0.034375 0.115278 0.000000 0.000000 1.000000
0 866 0.921094 0.471528 0.032813 0.115278 0.003906 0.000000 1.000000
0 867 0.928516 0.467361 0.030469 0.123611 0.007422 -0.004167 1.000000
0 868 0.927344 0.465278 0.021875 0.125000 -0.001172 -0.002083 1.000000
0 869 0.932813 0.461111 0.031250 0.125000 0.005469 -0.004167 1.000000
0 870 0.932813 0.461111 0.031250 0.125000 0.000000 0.000000 1.000000
0 871 0.935937 0.454167 0.040625 0.119444 0.003125 -0.006944 1.000000
0 872 0.933984 0.453472 0.044531 0.118056 -0.001953 -0.000694 1.000000
0 873 0.933203 0.453472 0.042969 0.118056 -0.000781 0.000000 1.000000
0 874 0.932813 0.453472 0.034375 0.118056 -0.000391 0.000000 1.000000
0 875 0.932813 0.453472 0.034375 0.118056 0.000000 0.000000 1.000000
0 876 0.923047 0.451389 0.030469 0.125000 -0.009766 -0.002083 1.000000
0 877 0.923438 0.446528 0.031250 0.126389 0.000391 -0.004861 1.000000
0 878 0.919141 0.446528 0.038281 0.126389 -0.004297 0.000000 1.000000
0 879 0.919531 0.440972 0.039062 0.120833 0.000391 -0.005556 1.000000
0 880 0.919531 0.440972 0.039062 0.120833 0.000000 0.000000 1.000000
0 881 0.914844 0.440972 0.034375 0.120833 -0.004687 0.000000 1.000000
0 882 0.910937 0.438194 0.031250 0.120833 -0.003906 -0.002778 1.000000
0 883 0.907031 0.437500 0.025000 0.122222 -0.003906 -0.000694 1.000000
0 884 0.907031 0.434722 0.025000 0.125000 0.000000 -0.002778 1.000000
0 885 0.907031 0.434722 0.025000 0.125000 0.000000 0.000000 1.000000
0 886 0.904297 0.428472 0.035156 0.123611 -0.002734 -0.006250 1.000000
0 887 0.901563 0.425000 0.040625 0.116667 -0.002734 -0.003472 1.000000
0 888 0.899219 0.425000 0.042188 0.116667 -0.002344 0.000000 1.000000
0 889 0.900000 0.425000 0.034375 0.116667 0.000781 0.000000 1.000000
0 890 0.900000 0.425000 0.034375 0.116667 0.000000 0.000000 1.000000
0 891 0.892969 0.420833 0.028125 0.116667 -0.007031 -0.004167 1.000000
0 892 0.889062 0.418056 0.025000 0.119444 -0.003906 -0.002778 1.000000
