0 1 0.518359 0.502778 0.200781 0.291667 1.000000
0 2 0.520312 0.496528 0.201563 0.306944 1.000000
0 3 0.521875 0.485417 0.195312 0.326389 1.000000
0 4 0.519531 0.481250 0.167187 0.345833 1.000000
0 5 0.515625 0.475694 0.135937 0.356944 1.000000
0 6 0.522266 0.472917 0.127344 0.362500 1.000000
0 7 0.530859 0.475000 0.125781 0.372222 1.000000
0 8 0.539453 0.479861 0.133594 0.376389 1.000000
0 9 0.534766 0.487500 0.133594 0.383333 1.000000
0 10 0.530078 0.497222 0.133594 0.377778 1.000000
0 11 0.546094 0.502778 0.170313 0.375000 1.000000
0 12 0.541406 0.509028 0.156250 0.370833 1.000000
0 13 0.547266 0.513194 0.164844 0.370833 1.000000
0 14 0.543359 0.525694 0.150781 0.362500 1.000000
0 15 0.540625 0.536806 0.139063 0.351389 1.000000
0 16 0.567969 0.558333 0.104688 0.322222 1.000000
0 17 0.573438 0.566667 0.085938 0.308333 1.000000
0 18 0.583984 0.557639 0.107031 0.331944 1.000000
0 19 0.597266 0.555556 0.138281 0.338889 1.000000
0 20 0.600391 0.527083 0.142969 0.395833 1.000000
0 21 0.605859 0.492361 0.153906 0.451389 1.000000
0 22 0.602734 0.476389 0.155469 0.463889 1.000000
0 23 0.598437 0.477778 0.156250 0.458333 1.000000
0 24 0.594531 0.481944 0.156250 0.461111 1.000000
0 25 0.593359 0.486806 0.150781 0.462500 1.000000
0 26 0.592969 0.490972 0.143750 0.462500 1.000000
0 27 0.617969 0.493750 0.176563 0.462500 1.000000
0 28 0.641797 0.491667 0.152344 0.447222 1.000000
0 29 0.653516 0.513194 0.125781 0.376389 1.000000
0 30 0.655469 0.527083 0.096875 0.359722 1.000000
0 31 0.649609 0.520139 0.086719 0.373611 1.000000
0 32 0.644922 0.545139 0.080469 0.343056 1.000000
0 33 0.639453 0.550694 0.086719 0.326389 1.000000
0 34 0.637500 0.550694 0.100000 0.343056 1.000000
0 35 0.642188 0.540972 0.110937 0.359722 1.000000
0 36 0.651953 0.529167 0.100781 0.344444 1.000000
0 37 0.655469 0.531944 0.095312 0.358333 1.000000
0 38 0.655859 0.534028 0.092969 0.365278 1.000000
0 39 0.653906 0.536111 0.095312 0.358333 1.000000
0 40 0.651172 0.547222 0.088281 0.352778 1.000000
0 41 0.644922 0.548611 0.082031 0.347222 1.000000
0 42 0.644141 0.547222 0.067969 0.350000 1.000000
0 43 0.639844 0.543750 0.067187 0.345833 1.000000
0 44 0.646484 0.541667 0.071094 0.330556 1.000000
0 45 0.652734 0.549306 0.077344 0.331944 1.000000
0 46 0.653516 0.555556 0.083594 0.333333 1.000000
0 47 0.644531 0.561111 0.089063 0.325000 1.000000
0 48 0.629687 0.551389 0.089063 0.336111 1.000000
0 49 0.625391 0.543750 0.086719 0.345833 1.000000
0 50 0.630859 0.538194 0.075781 0.348611 1.000000
0 51 0.639844 0.535417 0.051562 0.354167 1.000000
0 52 0.650781 0.540278 0.065625 0.355556 1.000000
0 53 0.649219 0.540972 0.084375 0.351389 1.000000
0 54 0.646484 0.540972 0.096094 0.351389 1.000000
0 55 0.647266 0.540278 0.099219 0.352778 1.000000
0 56 0.657813 0.536806 0.096875 0.348611 1.000000
0 57 0.672266 0.541667 0.102344 0.350000 1.000000
0 58 0.679688 0.545833 0.095312 0.341667 1.000000
0 59 0.678906 0.552778 0.095312 0.336111 1.000000
0 60 0.685156 0.553472 0.081250 0.337500 1.000000
0 61 0.692969 0.539583 0.062500 0.362500 1.000000
0 62 0.700391 0.531250 0.071094 0.379167 1.000000
0 63 0.723437 0.523611 0.112500 0.388889 1.000000
0 64 0.742969 0.535417 0.143750 0.354167 1.000000
0 65 0.741797 0.538194 0.133594 0.351389 1.000000
0 66 0.735938 0.529861 0.110937 0.379167 1.000000
0 67 0.741016 0.524306 0.111719 0.395833 1.000000
0 68 0.744531 0.522222 0.107813 0.400000 1.000000
0 69 0.746484 0.527083 0.108594 0.384722 1.000000
0 70 0.758594 0.532639 0.129688 0.368056 1.000000
0 71 0.765625 0.525694 0.140625 0.368056 1.000000
0 72 0.753516 0.518056 0.150781 0.363889 1.000000
0 73 0.741406 0.519444 0.134375 0.361111 1.000000
0 74 0.732422 0.525000 0.111719 0.355556 1.000000
0 75 0.732422 0.534722 0.091406 0.347222 1.000000
0 76 0.736328 0.556250 0.058594 0.340278 1.000000
0 77 0.734766 0.549306 0.053906 0.348611 1.000000
0 78 0.734766 0.535417 0.057031 0.365278 1.000000
0 79 0.736719 0.517361 0.065625 0.368056 1.000000
0 80 0.744922 0.456944 0.107031 0.397222 1.000000
0 81 0.728125 0.437500 0.137500 0.377778 1.000000
0 82 0.719531 0.425000 0.142187 0.341667 1.000000
0 83 0.716406 0.412500 0.139063 0.319444 1.000000
0 84 0.718359 0.416667 0.141406 0.333333 1.000000
0 85 0.719531 0.433333 0.146875 0.355556 1.000000
0 86 0.723047 0.459028 0.152344 0.370833 1.000000
0 87 0.725781 0.485417 0.154688 0.370833 1.000000
0 88 0.728125 0.520833 0.145313 0.375000 1.000000
0 89 0.729297 0.536806 0.136719 0.370833 1.000000
0 90 0.729688 0.547917 0.125000 0.351389 1.000000
0 91 0.726172 0.554167 0.111719 0.341667 1.000000
0 92 0.703516 0.540972 0.086719 0.354167 1.000000
0 93 0.695703 0.530556 0.092969 0.350000 1.000000
0 94 0.693359 0.527083 0.091406 0.356944 1.000000
0 95 0.694922 0.525694 0.071094 0.362500 1.000000
0 96 0.687891 0.531250 0.066406 0.365278 1.000000
0 97 0.682422 0.538889 0.075781 0.369444 1.000000
0 98 0.671094 0.544444 0.082812 0.366667 1.000000
0 99 0.655469 0.547917 0.092188 0.368056 1.000000
0 100 0.657813 0.543056 0.084375 0.377778 1.000000
0 101 0.658594 0.538889 0.089063 0.386111 1.000000
0 102 0.652344 0.534028 0.092188 0.390278 1.000000
0 103 0.642188 0.525000 0.084375 0.388889 1.000000
0 104 0.627734 0.525694 0.082031 0.404167 1.000000
0 105 0.616406 0.534722 0.078125 0.408333 1.000000
0 106 0.603516 0.538194 0.074219 0.404167 1.000000
0 107 0.591797 0.542361 0.072656 0.401389 1.000000
0 108 0.567969 0.534028 0.103125 0.412500 1.000000
0 109 0.548438 0.525000 0.103125 0.413889 1.000000
0 110 0.531641 0.522917 0.114844 0.420833 1.000000
0 111 0.518359 0.531250 0.117969 0.443056 1.000000
0 112 0.502344 0.541667 0.104688 0.461111 1.000000
0 113 0.494141 0.540972 0.103906 0.462500 1.000000
0 114 0.482422 0.535417 0.100781 0.473611 1.000000
0 115 0.467578 0.531250 0.091406 0.481944 1.000000
0 116 0.444141 0.525000 0.096094 0.486111 1.000000
0 117 0.421875 0.525694 0.112500 0.487500 1.000000
0 118 0.403906 0.538889 0.098437 0.502778 1.000000
0 119 0.394141 0.545139 0.092969 0.504167 1.000000
0 120 0.370703 0.552083 0.113281 0.504167 1.000000
0 121 0.369922 0.540278 0.113281 0.522222 1.000000
0 122 0.369141 0.528472 0.108594 0.540278 1.000000
0 123 0.400000 0.513889 0.173437 0.541667 1.000000
0 124 0.402344 0.484722 0.193750 0.613889 1.000000
0 125 0.392188 0.477083 0.185938 0.659722 1.000000
0 126 0.373047 0.475000 0.161719 0.666667 1.000000
0 127 0.344922 0.476389 0.107031 0.672222 1.000000
0 128 0.312109 0.474306 0.075781 0.684722 1.000000
0 129 0.306641 0.486111 0.082031 0.655556 1.000000
0 130 0.296875 0.502083 0.101562 0.609722 1.000000
0 131 0.278906 0.506250 0.117188 0.581944 1.000000
0 132 0.232422 0.506250 0.102344 0.601389 1.000000
0 133 0.220703 0.525694 0.107031 0.615278 1.000000
0 134 0.212500 0.538889 0.110937 0.608333 1.000000
0 135 0.202344 0.551389 0.109375 0.597222 1.000000
0 136 0.200000 0.542361 0.156250 0.598611 1.000000
0 137 0.200000 0.529861 0.187500 0.593056 1.000000
0 138 0.191797 0.520833 0.213281 0.594444 1.000000
0 139 0.177344 0.516667 0.229687 0.594444 1.000000
0 140 0.152344 0.523611 0.234375 0.605556 1.000000
0 141 0.150391 0.536111 0.219531 0.611111 1.000000
0 142 0.120703 0.545139 0.241406 0.598611 1.000000
0 143 0.101562 0.552778 0.203125 0.577778 1.000000
0 144 0.091016 0.558333 0.182031 0.550000 1.000000
0 145 0.094141 0.550000 0.178906 0.552778 1.000000
0 146 0.091406 0.522917 0.156250 0.595833 1.000000
0 147 0.082812 0.485417 0.114062 0.662500 1.000000
0 148 0.057422 0.465278 0.114844 0.658333 1.000000
0 149 0.066797 0.459722 0.121094 0.650000 1.000000
0 150 0.063281 0.461111 0.104688 0.630556 1.000000
0 151 0.052734 0.467361 0.094531 0.626389 1.000000
0 152 0.050000 0.488194 0.100000 0.615278 1.000000
0 153 0.048828 0.499306 0.097656 0.587500 1.000000
0 154 0.056250 0.502778 0.112500 0.577778 1.000000
0 155 0.071875 0.506250 0.134375 0.559722 1.000000
0 156 0.101562 0.514583 0.148438 0.498611 1.000000
0 157 0.101953 0.520139 0.127344 0.479167 1.000000
0 158 0.096484 0.515278 0.107031 0.480556 1.000000
0 159 0.094141 0.504861 0.113281 0.487500 1.000000
0 160 0.109375 0.493056 0.085938 0.480556 1.000000
0 161 0.116797 0.486111 0.088281 0.458333 1.000000
0 162 0.128906 0.488194 0.103125 0.431944 1.000000
0 163 0.137891 0.502778 0.111719 0.411111 1.000000
0 164 0.138281 0.525694 0.087500 0.393056 1.000000
0 165 0.132422 0.532639 0.089844 0.379167 1.000000
0 166 0.133203 0.536111 0.092969 0.369444 1.000000
0 167 0.136328 0.534722 0.086719 0.372222 1.000000
0 168 0.137891 0.528472 0.075781 0.384722 1.000000
0 169 0.151172 0.512500 0.055469 0.372222 1.000000
0 170 0.157812 0.507639 0.068750 0.362500 1.000000
0 171 0.156641 0.506250 0.086719 0.345833 1.000000
0 172 0.138281 0.523611 0.128125 0.355556 1.000000
0 173 0.127734 0.527083 0.141406 0.348611 1.000000
0 174 0.125000 0.531944 0.128125 0.347222 1.000000
0 175 0.125781 0.531944 0.112500 0.344444 1.000000
0 176 0.135156 0.522917 0.095312 0.351389 1.000000
0 177 0.140625 0.515278 0.087500 0.361111 1.000000
0 178 0.150391 0.506250 0.099219 0.354167 1.000000
0 179 0.156641 0.509028 0.110156 0.354167 1.000000
0 180 0.151172 0.515278 0.108594 0.347222 1.000000
0 181 0.149609 0.518750 0.108594 0.340278 1.000000
0 182 0.146094 0.518750 0.101562 0.340278 1.000000
0 183 0.141406 0.514583 0.084375 0.345833 1.000000
0 184 0.155469 0.499306 0.078125 0.354167 1.000000
0 185 0.160938 0.477778 0.079687 0.377778 1.000000
0 186 0.154688 0.472222 0.082812 0.400000 1.000000
0 187 0.148047 0.472917 0.080469 0.406944 1.000000
0 188 0.142969 0.481944 0.084375 0.405556 1.000000
0 189 0.142187 0.487500 0.087500 0.397222 1.000000
0 190 0.142187 0.481944 0.090625 0.405556 1.000000
0 191 0.142187 0.469444 0.092188 0.430556 1.000000
0 192 0.141797 0.462500 0.094531 0.416667 1.000000
0 193 0.131641 0.470833 0.088281 0.402778 1.000000
0 194 0.122656 0.484028 0.082812 0.376389 1.000000
0 195 0.112891 0.491667 0.077344 0.361111 1.000000
0 196 0.094531 0.503472 0.081250 0.354167 1.000000
0 197 0.095703 0.508333 0.075781 0.344444 1.000000
0 198 0.092969 0.514583 0.076563 0.334722 1.000000
0 199 0.092578 0.517361 0.077344 0.331944 1.000000
0 200 0.098828 0.506944 0.072656 0.350000 1.000000
0 201 0.105859 0.500000 0.075781 0.355556 1.000000
0 202 0.114062 0.492361 0.073438 0.356944 1.000000
0 203 0.120313 0.488194 0.071875 0.362500 1.000000
0 204 0.120703 0.493750 0.078906 0.362500 1.000000
0 205 0.123047 0.498611 0.083594 0.363889 1.000000
0 206 0.128516 0.505556 0.094531 0.350000 1.000000
0 207 0.134375 0.513194 0.112500 0.337500 1.000000
0 208 0.143359 0.523611 0.136719 0.322222 1.000000
0 209 0.155469 0.522222 0.157812 0.319444 1.000000
0 210 0.166016 0.518750 0.166406 0.326389 1.000000
0 211 0.170313 0.511806 0.156250 0.337500 1.000000
0 212 0.173437 0.463194 0.120313 0.420833 1.000000
0 213 0.173437 0.441667 0.095312 0.447222 1.000000
0 214 0.172266 0.427778 0.082031 0.458333 1.000000
0 215 0.175000 0.422222 0.073438 0.466667 1.000000
0 216 0.189453 0.420833 0.061719 0.469444 1.000000
0 217 0.198828 0.423611 0.061719 0.466667 1.000000
0 218 0.210547 0.429861 0.064844 0.462500 1.000000
0 219 0.221094 0.443750 0.068750 0.448611 1.000000
0 220 0.232422 0.491667 0.074219 0.383333 1.000000
0 221 0.242188 0.520833 0.082812 0.330556 1.000000
0 222 0.249219 0.529167 0.089063 0.313889 1.000000
0 223 0.235937 0.531250 0.057813 0.309722 1.000000
0 224 0.219141 0.530556 0.138281 0.316667 1.000000
0 225 0.212109 0.521528 0.128906 0.334722 1.000000
0 226 0.205078 0.495139 0.117969 0.390278 1.000000
0 227 0.200391 0.471528 0.100781 0.415278 1.000000
0 228 0.199219 0.456944 0.090625 0.358333 1.000000
0 229 0.195312 0.438889 0.106250 0.322222 1.000000
0 230 0.192578 0.420833 0.119531 0.272222 1.000000
0 231 0.185938 0.406250 0.135937 0.209722 1.000000
0 232 0.181641 0.397917 0.132031 0.123611 1.000000
0 233 0.180859 0.402778 0.124219 0.130556 1.000000
0 234 0.176953 0.420139 0.119531 0.176389 1.000000
0 235 0.170703 0.436806 0.111719 0.220833 1.000000
0 236 0.169922 0.495833 0.127344 0.302778 1.000000
0 237 0.171094 0.527778 0.137500 0.322222 1.000000
0 238 0.174609 0.551389 0.138281 0.313889 1.000000
0 239 0.174609 0.570139 0.150781 0.279167 1.000000
0 240 0.171875 0.611111 0.173437 0.200000 1.000000
0 241 0.177734 0.630556 0.186719 0.169444 1.000000
0 242 0.178125 0.638889 0.195312 0.147222 1.000000
0 243 0.178906 0.646528 0.203125 0.134722 1.000000
0 244 0.184375 0.653472 0.200000 0.120833 1.000000
0 245 0.183984 0.655556 0.202344 0.119444 1.000000
0 246 0.182812 0.656250 0.203125 0.115278 1.000000
0 247 0.181250 0.659028 0.203125 0.115278 1.000000
0 248 0.180469 0.659722 0.203125 0.113889 1.000000
0 249 0.177734 0.656250 0.203906 0.118056 1.000000
0 250 0.176953 0.652083 0.203906 0.126389 1.000000
0 251 0.175391 0.649306 0.202344 0.131944 1.000000
0 252 0.173828 0.640278 0.196094 0.150000 1.000000
0 253 0.171875 0.639583 0.196875 0.154167 1.000000
0 254 0.171875 0.641667 0.198437 0.150000 1.000000
0 255 0.171875 0.634028 0.196875 0.162500 1.000000
0 256 0.175000 0.611111 0.176563 0.211111 1.000000
0 257 0.175391 0.602778 0.161719 0.222222 1.000000
0 258 0.178516 0.597917 0.144531 0.234722 1.000000
0 259 0.182031 0.593056 0.142187 0.227778 1.000000
0 260 0.172266 0.587500 0.172656 0.186111 1.000000
0 261 0.168750 0.593056 0.182812 0.169444 1.000000
0 262 0.166016 0.606944 0.186719 0.175000 1.000000
0 263 0.165625 0.618056 0.193750 0.166667 1.000000
0 264 0.166016 0.643056 0.203906 0.147222 1.000000
0 265 0.162500 0.650694 0.206250 0.131944 1.000000
0 266 0.157422 0.657639 0.202344 0.120833 1.000000
0 267 0.156641 0.662500 0.205469 0.108333 1.000000
0 268 0.162500 0.660417 0.215625 0.115278 1.000000
0 269 0.163672 0.661806 0.216406 0.112500 1.000000
0 270 0.160547 0.663889 0.213281 0.108333 1.000000
0 271 0.157031 0.660417 0.209375 0.112500 1.000000
0 272 0.153125 0.657639 0.201563 0.123611 1.000000
0 273 0.152734 0.657639 0.197656 0.123611 1.000000
0 274 0.154297 0.651389 0.196094 0.136111 1.000000
0 275 0.155859 0.645833 0.194531 0.147222 1.000000
0 276 0.169141 0.638194 0.167969 0.162500 1.000000
0 277 0.178125 0.639583 0.145313 0.159722 1.000000
0 278 0.179297 0.641667 0.139844 0.161111 1.000000
0 279 0.181641 0.640278 0.142969 0.161111 1.000000
0 280 0.179297 0.629167 0.141406 0.180556 1.000000
0 281 0.175391 0.626389 0.138281 0.191667 1.000000
0 282 0.177344 0.621528 0.139063 0.198611 1.000000
0 283 0.187109 0.620833 0.133594 0.202778 1.000000
0 284 0.230078 0.627083 0.072656 0.201389 1.000000
0 285 0.236328 0.627778 0.077344 0.197222 1.000000
0 286 0.252734 0.629861 0.110156 0.195833 1.000000
0 287 0.268359 0.630556 0.139844 0.191667 1.000000
0 288 0.281250 0.637500 0.164062 0.180556 1.000000
0 289 0.283984 0.637500 0.158594 0.180556 1.000000
0 290 0.287500 0.638889 0.140625 0.191667 1.000000
0 291 0.299609 0.640278 0.117969 0.188889 1.000000
0 292 0.330078 0.645139 0.086719 0.181944 1.000000
0 293 0.337891 0.644444 0.091406 0.186111 1.000000
0 294 0.347266 0.643056 0.110156 0.186111 1.000000
0 295 0.356641 0.643056 0.130469 0.188889 1.000000
0 296 0.370703 0.650000 0.163281 0.175000 1.000000
0 297 0.374609 0.649306 0.177344 0.154167 1.000000
0 298 0.378516 0.643750 0.183594 0.165278 1.000000
0 299 0.382031 0.642361 0.181250 0.176389 1.000000
0 300 0.388672 0.639583 0.166406 0.201389 1.000000
0 301 0.394922 0.639583 0.152344 0.206944 1.000000
0 302 0.400391 0.639583 0.144531 0.206944 1.000000
0 303 0.408203 0.644444 0.135156 0.200000 1.000000
0 304 0.433984 0.628472 0.125781 0.234722 1.000000
0 305 0.450000 0.621528 0.117188 0.245833 1.000000
0 306 0.465625 0.617361 0.104688 0.259722 1.000000
0 307 0.478516 0.613889 0.100781 0.272222 1.000000
0 308 0.497266 0.612500 0.107031 0.269444 1.000000
0 309 0.517188 0.624306 0.132812 0.245833 1.000000
0 310 0.542188 0.654861 0.162500 0.193056 1.000000
0 311 0.557031 0.676389 0.164062 0.150000 1.000000
0 312 0.585547 0.654861 0.149219 0.198611 1.000000
0 313 0.598828 0.653472 0.138281 0.212500 1.000000
0 314 0.601172 0.654167 0.122656 0.213889 1.000000
0 315 0.604688 0.655556 0.112500 0.213889 1.000000
0 316 0.612500 0.655556 0.095312 0.213889 1.000000
0 317 0.617578 0.659028 0.102344 0.212500 1.000000
0 318 0.620703 0.660417 0.113281 0.206944 1.000000
0 319 0.632812 0.664583 0.139063 0.204167 1.000000
0 320 0.655859 0.666667 0.186719 0.200000 1.000000
0 321 0.664844 0.667361 0.207813 0.201389 1.000000
0 322 0.673828 0.665972 0.227344 0.206944 1.000000
0 323 0.681250 0.664583 0.234375 0.209722 1.000000
0 324 0.691797 0.661806 0.235156 0.212500 1.000000
0 325 0.698438 0.662500 0.234375 0.216667 1.000000
0 326 0.702344 0.664583 0.232813 0.218056 1.000000
0 327 0.705078 0.665972 0.238281 0.215278 1.000000
0 328 0.706641 0.667361 0.241406 0.206944 1.000000
0 329 0.705859 0.668750 0.242969 0.204167 1.000000
0 330 0.704688 0.669444 0.242188 0.200000 1.000000
0 331 0.705078 0.669444 0.239844 0.202778 1.000000
0 332 0.705078 0.668750 0.236719 0.204167 1.000000
0 333 0.703906 0.668750 0.237500 0.206944 1.000000
0 334 0.703906 0.667361 0.235937 0.212500 1.000000
0 335 0.705859 0.666667 0.236719 0.213889 1.000000
0 336 0.711719 0.668750 0.231250 0.209722 1.000000
0 337 0.716016 0.668750 0.225781 0.206944 1.000000
0 338 0.717187 0.667361 0.226562 0.206944 1.000000
0 339 0.718750 0.664583 0.226562 0.212500 1.000000
0 340 0.715625 0.661806 0.218750 0.218056 1.000000
0 341 0.717187 0.661806 0.223438 0.220833 1.000000
0 342 0.716016 0.661806 0.222656 0.220833 1.000000
0 343 0.708984 0.663889 0.227344 0.216667 1.000000
0 344 0.693359 0.645139 0.222656 0.254167 1.000000
0 345 0.682031 0.615278 0.207813 0.313889 1.000000
0 346 0.671094 0.590972 0.187500 0.362500 1.000000
0 347 0.670312 0.575694 0.185938 0.395833 1.000000
0 348 0.680859 0.574306 0.203906 0.398611 1.000000
0 349 0.680859 0.577083 0.199219 0.390278 1.000000
0 350 0.672656 0.583333 0.179688 0.377778 1.000000
0 351 0.657031 0.587500 0.139063 0.369444 1.000000
0 352 0.641797 0.600694 0.132031 0.343056 1.000000
0 353 0.638672 0.626389 0.141406 0.291667 1.000000
0 354 0.636719 0.642361 0.148438 0.259722 1.000000
0 355 0.635938 0.657639 0.150000 0.229167 1.000000
0 356 0.639062 0.647222 0.150000 0.250000 1.000000
0 357 0.641406 0.630556 0.148438 0.283333 1.000000
0 358 0.642969 0.611111 0.146875 0.322222 1.000000
0 359 0.646484 0.586111 0.141406 0.372222 1.000000
0 360 0.662500 0.550000 0.125000 0.444444 1.000000
0 361 0.684375 0.551389 0.178125 0.441667 1.000000
0 362 0.703125 0.538194 0.221875 0.468056 1.000000
0 363 0.712500 0.535417 0.234375 0.473611 1.000000
0 364 0.705859 0.564583 0.214844 0.412500 1.000000
0 365 0.699219 0.597917 0.276562 0.345833 1.000000
0 366 0.705469 0.597917 0.295312 0.295833 1.000000
0 367 0.720313 0.611806 0.281250 0.262500 1.000000
0 368 0.735156 0.639583 0.229687 0.240278 1.000000
0 369 0.730078 0.644444 0.239844 0.247222 1.000000
0 370 0.725391 0.647222 0.252344 0.244444 1.000000
0 371 0.720703 0.652083 0.267969 0.234722 1.000000
0 372 0.718750 0.670833 0.275000 0.205556 1.000000
0 373 0.719531 0.666667 0.278125 0.208333 1.000000
0 374 0.720703 0.662500 0.278906 0.219444 1.000000
0 375 0.721484 0.659028 0.280469 0.223611 1.000000
0 376 0.721484 0.659722 0.283594 0.227778 1.000000
0 377 0.721094 0.661111 0.279687 0.222222 1.000000
0 378 0.717187 0.663889 0.275000 0.213889 1.000000
0 379 0.707031 0.665972 0.259375 0.206944 1.000000
0 380 0.671875 0.672917 0.179688 0.215278 1.000000
0 381 0.673047 0.667361 0.169531 0.212500 1.000000
0 382 0.675391 0.663889 0.163281 0.208333 1.000000
0 383 0.680078 0.663889 0.153906 0.211111 1.000000
0 384 0.670703 0.662500 0.175781 0.216667 1.000000
0 385 0.669141 0.662500 0.178906 0.219444 1.000000
0 386 0.669531 0.661806 0.178125 0.215278 1.000000
0 387 0.669141 0.663194 0.178906 0.206944 1.000000
0 388 0.672266 0.668056 0.172656 0.194444 1.000000
0 389 0.673047 0.666667 0.171094 0.191667 1.000000
0 390 0.673438 0.663889 0.170313 0.194444 1.000000
0 391 0.673438 0.662500 0.173437 0.197222 1.000000
0 392 0.672656 0.656250 0.176563 0.212500 1.000000
0 393 0.670312 0.648611 0.176563 0.227778 1.000000
0 394 0.666797 0.638194 0.171094 0.245833 1.000000
0 395 0.660156 0.628472 0.160938 0.268056 1.000000
0 396 0.661328 0.611806 0.166406 0.304167 1.000000
0 397 0.667188 0.606944 0.179688 0.308333 1.000000
0 398 0.661719 0.601389 0.167187 0.316667 1.000000
0 399 0.655469 0.584028 0.154688 0.356944 1.000000
0 400 0.639062 0.568056 0.120313 0.391667 1.000000
0 401 0.637109 0.565972 0.117969 0.390278 1.000000
0 402 0.639844 0.568750 0.123438 0.387500 1.000000
0 403 0.641797 0.568750 0.128906 0.384722 1.000000
0 404 0.646484 0.576389 0.138281 0.366667 1.000000
0 405 0.648828 0.594444 0.142969 0.333333 1.000000
0 406 0.650391 0.618056 0.149219 0.286111 1.000000
0 407 0.653125 0.625694 0.156250 0.268056 1.000000
0 408 0.671875 0.640278 0.192188 0.241667 1.000000
0 409 0.682031 0.652083 0.217188 0.220833 1.000000
0 410 0.691016 0.669444 0.217969 0.194444 1.000000
0 411 0.689453 0.688194 0.224219 0.162500 1.000000
0 412 0.708984 0.691667 0.232031 0.155556 1.000000
0 413 0.716406 0.681944 0.231250 0.172222 1.000000
0 414 0.718359 0.673611 0.227344 0.188889 1.000000
0 415 0.717969 0.665278 0.225000 0.202778 1.000000
0 416 0.712500 0.658333 0.225000 0.216667 1.000000
0 417 0.711719 0.659028 0.221875 0.215278 1.000000
0 418 0.709375 0.661111 0.214062 0.208333 1.000000
0 419 0.708984 0.667361 0.200781 0.201389 1.000000
0 420 0.713672 0.667361 0.166406 0.201389 1.000000
0 421 0.720703 0.668750 0.153906 0.198611 1.000000
0 422 0.725391 0.675000 0.142969 0.186111 1.000000
0 423 0.729297 0.683333 0.136719 0.172222 1.000000
0 424 0.727344 0.682639 0.143750 0.173611 1.000000
0 425 0.724219 0.674306 0.145313 0.187500 1.000000
0 426 0.720313 0.665278 0.145313 0.205556 1.000000
0 427 0.714063 0.651389 0.137500 0.216667 1.000000
0 428 0.712500 0.629861 0.139063 0.265278 1.000000
0 429 0.708984 0.618750 0.130469 0.287500 1.000000
0 430 0.703125 0.604167 0.117188 0.316667 1.000000
0 431 0.695703 0.590278 0.097656 0.341667 1.000000
0 432 0.693359 0.575000 0.091406 0.375000 1.000000
0 433 0.692187 0.565278 0.087500 0.397222 1.000000
0 434 0.692578 0.554167 0.088281 0.413889 1.000000
0 435 0.695312 0.546528 0.093750 0.423611 1.000000
0 436 0.712500 0.548611 0.128125 0.427778 1.000000
0 437 0.719141 0.550694 0.139844 0.423611 1.000000
0 438 0.716797 0.554167 0.141406 0.419444 1.000000
0 439 0.714844 0.558333 0.139063 0.411111 1.000000
0 440 0.717187 0.559722 0.146875 0.408333 1.000000
0 441 0.720703 0.556944 0.152344 0.411111 1.000000
0 442 0.731250 0.554167 0.160938 0.416667 1.000000
0 443 0.737109 0.549306 0.157031 0.412500 1.000000
0 444 0.744922 0.556250 0.135156 0.418056 1.000000
0 445 0.743359 0.560417 0.138281 0.409722 1.000000
0 446 0.745703 0.567361 0.146094 0.401389 1.000000
0 447 0.750391 0.568750 0.153906 0.398611 1.000000
0 448 0.766406 0.549306 0.170313 0.437500 1.000000
0 449 0.777344 0.522917 0.157812 0.490278 1.000000
0 450 0.787891 0.504167 0.139844 0.527778 1.000000
0 451 0.791016 0.491667 0.107031 0.530556 1.000000
0 452 0.793359 0.490278 0.074219 0.527778 1.000000
0 453 0.810937 0.488889 0.071875 0.527778 1.000000
0 454 0.827734 0.496528 0.074219 0.531944 1.000000
0 455 0.843750 0.506250 0.092188 0.523611 1.000000
0 456 0.855078 0.520139 0.125781 0.504167 1.000000
0 457 0.851172 0.519444 0.122656 0.502778 1.000000
0 458 0.854297 0.516667 0.113281 0.505556 1.000000
0 459 0.858594 0.514583 0.095312 0.506944 1.000000
0 460 0.865625 0.540972 0.107813 0.440278 1.000000
0 461 0.869141 0.540278 0.124219 0.430556 1.000000
0 462 0.873828 0.535417 0.130469 0.426389 1.000000
0 463 0.886328 0.537500 0.142969 0.422222 1.000000
0 464 0.896094 0.551389 0.189062 0.408333 1.000000
0 465 0.897266 0.558333 0.189844 0.400000 1.000000
0 466 0.892578 0.557639 0.189844 0.395833 1.000000
0 467 0.882812 0.553472 0.181250 0.398611 1.000000
0 468 0.865625 0.537500 0.150000 0.388889 1.000000
0 469 0.865625 0.531944 0.134375 0.380556 1.000000
0 470 0.861328 0.536111 0.124219 0.380556 1.000000
0 471 0.860547 0.543750 0.103906 0.381944 1.000000
0 472 0.883984 0.553472 0.075781 0.362500 1.000000
0 473 0.884766 0.554861 0.075781 0.356944 1.000000
0 474 0.886719 0.551389 0.082812 0.358333 1.000000
0 475 0.887500 0.545139 0.089063 0.365278 1.000000
0 476 0.880078 0.526389 0.100781 0.358333 1.000000
0 477 0.874219 0.511806 0.112500 0.390278 1.000000
0 478 0.873437 0.506250 0.115625 0.404167 1.000000
0 479 0.871875 0.513194 0.104688 0.406944 1.000000
0 480 0.876953 0.517361 0.069531 0.390278 1.000000
0 481 0.881641 0.515278 0.044531 0.386111 1.000000
0 482 0.883203 0.512500 0.035156 0.386111 1.000000
0 483 0.889844 0.508333 0.057813 0.388889 1.000000
0 484 0.893359 0.503472 0.075781 0.390278 1.000000
0 485 0.889844 0.507639 0.070312 0.381944 1.000000
0 486 0.888281 0.511806 0.073438 0.373611 1.000000
0 487 0.885938 0.516667 0.071875 0.363889 1.000000
0 488 0.876172 0.520833 0.067969 0.350000 1.000000
0 489 0.867578 0.520833 0.067969 0.344444 1.000000
0 490 0.857812 0.525000 0.076563 0.322222 1.000000
0 491 0.852734 0.534028 0.082031 0.290278 1.000000
0 492 0.855078 0.535417 0.074219 0.287500 1.000000
0 493 0.855078 0.538194 0.082031 0.284722 1.000000
0 494 0.854297 0.543056 0.083594 0.277778 1.000000
0 495 0.851953 0.547917 0.077344 0.270833 1.000000
0 496 0.842187 0.546528 0.065625 0.268056 1.000000
0 497 0.840625 0.543056 0.065625 0.272222 1.000000
0 498 0.839453 0.538194 0.061719 0.276389 1.000000
0 499 0.839844 0.534028 0.057813 0.273611 1.000000
0 500 0.840625 0.534722 0.043750 0.269444 1.000000
0 501 0.837891 0.540278 0.047656 0.266667 1.000000
0 502 0.833594 0.545833 0.057813 0.261111 1.000000
0 503 0.829688 0.551389 0.068750 0.255556 1.000000
0 504 0.823438 0.549306 0.070312 0.256944 1.000000
0 505 0.817578 0.544444 0.071094 0.261111 1.000000
0 506 0.811328 0.539583 0.071094 0.259722 1.000000
0 507 0.805469 0.535417 0.067187 0.259722 1.000000
0 508 0.797656 0.531944 0.050000 0.252778 1.000000
0 509 0.795703 0.532639 0.042969 0.251389 1.000000
0 510 0.791797 0.539583 0.044531 0.251389 1.000000
0 511 0.786719 0.546528 0.048438 0.245833 1.000000
0 512 0.778906 0.556250 0.076563 0.231944 1.000000
0 513 0.773047 0.557639 0.091406 0.226389 1.000000
0 514 0.766797 0.555556 0.103906 0.227778 1.000000
0 515 0.760156 0.552778 0.110937 0.227778 1.000000
0 516 0.745703 0.541667 0.111719 0.244444 1.000000
0 517 0.741016 0.535417 0.110156 0.251389 1.000000
0 518 0.735938 0.525694 0.109375 0.248611 1.000000
0 519 0.729688 0.521528 0.106250 0.245833 1.000000
0 520 0.719922 0.520139 0.103906 0.248611 1.000000
0 521 0.716797 0.520833 0.100781 0.244444 1.000000
0 522 0.714453 0.522222 0.096094 0.244444 1.000000
0 523 0.714844 0.527778 0.090625 0.241667 1.000000
0 524 0.715625 0.540278 0.075000 0.230556 1.000000
0 525 0.713672 0.543750 0.069531 0.223611 1.000000
0 526 0.710938 0.545139 0.067187 0.218056 1.000000
0 527 0.705078 0.547917 0.063281 0.218056 1.000000
0 528 0.688281 0.540278 0.084375 0.208333 1.000000
0 529 0.678125 0.540278 0.090625 0.208333 1.000000
0 530 0.671094 0.540278 0.092188 0.208333 1.000000
0 531 0.667578 0.542361 0.080469 0.204167 1.000000
0 532 0.671875 0.540972 0.068750 0.204167 1.000000
0 533 0.662109 0.538194 0.088281 0.198611 1.000000
0 534 0.653906 0.536806 0.106250 0.193056 1.000000
0 535 0.653125 0.546528 0.103125 0.179167 1.000000
0 536 0.640234 0.540278 0.067969 0.194444 1.000000
0 537 0.632422 0.540972 0.055469 0.195833 1.000000
0 538 0.623828 0.540278 0.075781 0.202778 1.000000
0 539 0.621484 0.536111 0.085156 0.211111 1.000000
0 540 0.624219 0.498611 0.096875 0.266667 1.000000
0 541 0.630078 0.485417 0.097656 0.273611 1.000000
0 542 0.641797 0.475694 0.096094 0.268056 1.000000
0 543 0.657031 0.471528 0.100000 0.245833 1.000000
0 544 0.667188 0.463889 0.121875 0.219444 1.000000
0 545 0.659766 0.452083 0.130469 0.187500 1.000000
0 546 0.653125 0.436806 0.126562 0.148611 1.000000
0 547 0.654687 0.430556 0.128125 0.122222 1.000000
0 548 0.655859 0.454861 0.133594 0.156944 1.000000
0 549 0.654297 0.475694 0.119531 0.193056 1.000000
0 550 0.654297 0.493056 0.096094 0.213889 1.000000
0 551 0.657031 0.504167 0.067187 0.225000 1.000000
0 552 0.663672 0.527778 0.094531 0.211111 1.000000
0 553 0.664062 0.532639 0.098437 0.201389 1.000000
0 554 0.663281 0.533333 0.089063 0.200000 1.000000
0 555 0.659375 0.529861 0.071875 0.201389 1.000000
0 556 0.658984 0.520833 0.061719 0.213889 1.000000
0 557 0.660156 0.518056 0.059375 0.216667 1.000000
0 558 0.664453 0.506250 0.053906 0.234722 1.000000
0 559 0.669922 0.497222 0.042969 0.255556 1.000000
0 560 0.679688 0.494444 0.028125 0.258333 1.000000
0 561 0.682422 0.499306 0.032031 0.248611 1.000000
0 562 0.681250 0.499306 0.029687 0.248611 1.000000
0 563 0.680469 0.493750 0.026562 0.256944 1.000000
0 564 0.676172 0.490278 0.039844 0.255556 1.000000
0 565 0.676953 0.494444 0.049219 0.247222 1.000000
0 566 0.680469 0.495833 0.062500 0.244444 1.000000
0 567 0.686328 0.496528 0.075781 0.248611 1.000000
0 568 0.690234 0.504861 0.075781 0.231944 1.000000
0 569 0.686719 0.509722 0.060937 0.222222 1.000000
0 570 0.683984 0.511111 0.047656 0.219444 1.000000
0 571 0.683984 0.511111 0.047656 0.222222 1.000000
0 572 0.677344 0.505556 0.068750 0.230556 1.000000
0 573 0.680859 0.500000 0.069531 0.241667 1.000000
0 574 0.687109 0.495833 0.063281 0.250000 1.000000
0 575 0.692578 0.494444 0.053906 0.255556 1.000000
0 576 0.698438 0.492361 0.042188 0.259722 1.000000
0 577 0.696094 0.492361 0.039062 0.259722 1.000000
0 578 0.687500 0.492361 0.042188 0.256944 1.000000
0 579 0.682813 0.490972 0.050000 0.259722 1.000000
0 580 0.686328 0.496528 0.053906 0.240278 1.000000
0 581 0.690234 0.502778 0.044531 0.230556 1.000000
0 582 0.692969 0.511111 0.043750 0.213889 1.000000
0 583 0.692187 0.521528 0.045312 0.198611 1.000000
0 584 0.687500 0.537500 0.045312 0.169444 1.000000
0 585 0.687109 0.545833 0.057031 0.155556 1.000000
0 586 0.679297 0.555556 0.064844 0.138889 1.000000
0 587 0.674219 0.563194 0.067187 0.120833 1.000000
0 588 0.675391 0.570833 0.063281 0.102778 1.000000
0 589 0.668359 0.571528 0.075781 0.104167 1.000000
0 590 0.664062 0.570139 0.082812 0.106944 1.000000
0 591 0.659375 0.568750 0.081250 0.106944 1.000000
0 592 0.663281 0.569444 0.071875 0.102778 1.000000
0 593 0.666406 0.570139 0.064062 0.098611 1.000000
0 594 0.663672 0.568750 0.069531 0.101389 1.000000
0 595 0.661719 0.569444 0.075000 0.102778 1.000000
0 596 0.662500 0.569444 0.084375 0.097222 1.000000
0 597 0.664062 0.570139 0.082812 0.095833 1.000000
0 598 0.666016 0.570833 0.080469 0.094444 1.000000
0 599 0.665625 0.570139 0.084375 0.093056 1.000000
0 600 0.663672 0.571528 0.083594 0.090278 1.000000
0 601 0.664062 0.572222 0.079687 0.088889 1.000000
0 602 0.664453 0.572917 0.074219 0.087500 1.000000
0 603 0.664844 0.572917 0.068750 0.087500 1.000000
0 604 0.662891 0.569444 0.061719 0.086111 1.000000
0 605 0.661328 0.568056 0.058594 0.088889 1.000000
0 606 0.658984 0.568750 0.057031 0.087500 1.000000
0 607 0.658984 0.566667 0.057031 0.088889 1.000000
0 608 0.657422 0.561806 0.058594 0.095833 1.000000
0 609 0.656250 0.559722 0.059375 0.100000 1.000000
0 610 0.657031 0.555556 0.062500 0.105556 1.000000
0 611 0.653125 0.548611 0.054688 0.119444 1.000000
0 612 0.651563 0.530556 0.050000 0.150000 1.000000
0 613 0.652734 0.523611 0.047656 0.163889 1.000000
0 614 0.652734 0.517361 0.044531 0.179167 1.000000
0 615 0.656641 0.508333 0.047656 0.194444 1.000000
0 616 0.659766 0.486806 0.052344 0.226389 1.000000
0 617 0.654687 0.467361 0.054688 0.245833 1.000000
0 618 0.648828 0.454861 0.052344 0.256944 1.000000
0 619 0.645312 0.447222 0.051562 0.250000 1.000000
0 620 0.647656 0.445833 0.054688 0.241667 1.000000
0 621 0.651563 0.450694 0.054688 0.243056 1.000000
0 622 0.657422 0.459028 0.052344 0.237500 1.000000
0 623 0.661719 0.472222 0.046875 0.225000 1.000000
0 624 0.669922 0.489583 0.058594 0.220833 1.000000
0 625 0.672266 0.495833 0.069531 0.213889 1.000000
0 626 0.667188 0.504167 0.078125 0.202778 1.000000
0 627 0.659375 0.511806 0.078125 0.190278 1.000000
0 628 0.653906 0.516667 0.071875 0.180556 1.000000
0 629 0.654687 0.515278 0.070312 0.180556 1.000000
0 630 0.656250 0.515278 0.071875 0.180556 1.000000
0 631 0.657422 0.516667 0.074219 0.177778 1.000000
0 632 0.655078 0.519444 0.082031 0.175000 1.000000
0 633 0.653125 0.514583 0.085938 0.179167 1.000000
0 634 0.651953 0.511111 0.088281 0.186111 1.000000
0 635 0.652344 0.504167 0.090625 0.200000 1.000000
0 636 0.651172 0.496528 0.097656 0.209722 1.000000
0 637 0.647656 0.494444 0.104688 0.208333 1.000000
0 638 0.646484 0.495833 0.107031 0.211111 1.000000
0 639 0.644531 0.493056 0.104688 0.213889 1.000000
0 640 0.640625 0.493750 0.090625 0.209722 1.000000
0 641 0.639844 0.500000 0.079687 0.211111 1.000000
0 642 0.639062 0.504167 0.067187 0.208333 1.000000
0 643 0.640234 0.505556 0.057031 0.200000 1.000000
0 644 0.629687 0.509028 0.050000 0.193056 1.000000
0 645 0.628516 0.509722 0.055469 0.197222 1.000000
0 646 0.628125 0.508333 0.056250 0.202778 1.000000
0 647 0.624609 0.504861 0.061719 0.209722 1.000000
0 648 0.613672 0.481250 0.052344 0.256944 1.000000
0 649 0.606641 0.470833 0.042969 0.275000 1.000000
0 650 0.600000 0.463194 0.034375 0.284722 1.000000
0 651 0.593750 0.456944 0.029687 0.283333 1.000000
0 652 0.584766 0.455556 0.030469 0.288889 1.000000
0 653 0.578906 0.455556 0.031250 0.291667 1.000000
0 654 0.573438 0.460417 0.034375 0.295833 1.000000
0 655 0.566406 0.464583 0.043750 0.293056 1.000000
0 656 0.548828 0.477083 0.060156 0.290278 1.000000
0 657 0.536719 0.479861 0.075000 0.284722 1.000000
0 658 0.535156 0.481944 0.071875 0.283333 1.000000
0 659 0.540234 0.495139 0.060156 0.256944 1.000000
0 660 0.530469 0.502778 0.062500 0.261111 1.000000
0 661 0.521094 0.508333 0.057813 0.255556 1.000000
0 662 0.512109 0.511111 0.057031 0.258333 1.000000
0 663 0.501953 0.513889 0.055469 0.261111 1.000000
0 664 0.492969 0.516667 0.054688 0.263889 1.000000
0 665 0.480859 0.515278 0.061719 0.275000 1.000000
0 666 0.468750 0.513194 0.068750 0.298611 1.000000
0 667 0.469531 0.522917 0.075000 0.301389 1.000000
0 668 0.463672 0.523611 0.072656 0.319444 1.000000
0 669 0.458594 0.521528 0.070312 0.329167 1.000000
0 670 0.455469 0.520833 0.064062 0.333333 1.000000
0 671 0.451562 0.525000 0.059375 0.322222 1.000000
0 672 0.443750 0.530556 0.059375 0.341667 1.000000
0 673 0.439453 0.536111 0.061719 0.341667 1.000000
0 674 0.435937 0.540972 0.064062 0.340278 1.000000
0 675 0.430859 0.545833 0.063281 0.338889 1.000000
0 676 0.429297 0.568056 0.080469 0.338889 1.000000
0 677 0.434766 0.572917 0.096094 0.334722 1.000000
0 678 0.439844 0.575694 0.106250 0.334722 1.000000
0 679 0.438281 0.574306 0.103125 0.345833 1.000000
0 680 0.437891 0.561806 0.096094 0.376389 1.000000
0 681 0.439453 0.559028 0.094531 0.381944 1.000000
0 682 0.441797 0.556944 0.092969 0.388889 1.000000
0 683 0.442188 0.557639 0.090625 0.393056 1.000000
0 684 0.442578 0.563194 0.089844 0.395833 1.000000
0 685 0.443359 0.564583 0.094531 0.395833 1.000000
0 686 0.445703 0.564583 0.100781 0.401389 1.000000
0 687 0.446484 0.565972 0.105469 0.401389 1.000000
0 688 0.449219 0.567361 0.110937 0.409722 1.000000
0 689 0.454297 0.569444 0.116406 0.413889 1.000000
0 690 0.455859 0.572222 0.124219 0.413889 1.000000
0 691 0.457031 0.572917 0.126562 0.418056 1.000000
0 692 0.453906 0.574306 0.109375 0.420833 1.000000
0 693 0.453516 0.575000 0.097656 0.425000 1.000000
0 694 0.453516 0.570139 0.077344 0.423611 1.000000
0 695 0.456641 0.568750 0.063281 0.426389 1.000000
0 696 0.466016 0.570833 0.069531 0.436111 1.000000
0 697 0.477344 0.573611 0.084375 0.436111 1.000000
0 698 0.482031 0.575000 0.090625 0.441667 1.000000
0 699 0.482812 0.577083 0.090625 0.443056 1.000000
0 700 0.485547 0.579861 0.094531 0.445833 1.000000
0 701 0.491016 0.581944 0.100781 0.447222 1.000000
0 702 0.496484 0.585417 0.107031 0.448611 1.000000
0 703 0.500781 0.586806 0.110937 0.451389 1.000000
0 704 0.503516 0.590278 0.108594 0.455556 1.000000
0 705 0.505469 0.592361 0.104688 0.456944 1.000000
0 706 0.505078 0.594444 0.103906 0.458333 1.000000
0 707 0.506250 0.597222 0.101562 0.461111 1.000000
0 708 0.507031 0.600694 0.100000 0.465278 1.000000
0 709 0.509766 0.602778 0.099219 0.466667 1.000000
0 710 0.509766 0.605556 0.096094 0.469444 1.000000
0 711 0.507812 0.609028 0.096875 0.470833 1.000000
0 712 0.505078 0.613889 0.089844 0.472222 1.000000
0 713 0.506250 0.616667 0.090625 0.472222 1.000000
0 714 0.508984 0.620139 0.092969 0.473611 1.000000
0 715 0.510547 0.622222 0.092969 0.475000 1.000000
0 716 0.507422 0.625694 0.082031 0.476389 1.000000
0 717 0.503516 0.622222 0.075781 0.491667 1.000000
0 718 0.501953 0.618750 0.071094 0.498611 1.000000
0 719 0.497656 0.618056 0.073438 0.502778 1.000000
0 720 0.492188 0.612500 0.076563 0.522222 1.000000
0 721 0.491406 0.608333 0.076563 0.530556 1.000000
0 722 0.496484 0.606250 0.071094 0.537500 1.000000
0 723 0.501172 0.602083 0.064844 0.543056 1.000000
0 724 0.507031 0.611111 0.070312 0.525000 1.000000
0 725 0.512500 0.619444 0.081250 0.508333 1.000000
0 726 0.515625 0.629861 0.089063 0.490278 1.000000
0 727 0.518750 0.631250 0.092188 0.490278 1.000000
0 728 0.516016 0.632639 0.067969 0.495833 1.000000
0 729 0.528516 0.635417 0.086719 0.498611 1.000000
0 730 0.525000 0.636111 0.081250 0.494444 1.000000
0 731 0.522656 0.637500 0.078125 0.497222 1.000000
0 732 0.522266 0.641667 0.078906 0.497222 1.000000
0 733 0.517969 0.645139 0.075000 0.493056 1.000000
0 734 0.511719 0.650000 0.076563 0.486111 1.000000
0 735 0.510156 0.655556 0.081250 0.480556 1.000000
0 736 0.507031 0.668056 0.084375 0.463889 1.000000
0 737 0.505859 0.675000 0.085156 0.452778 1.000000
0 738 0.507812 0.681944 0.090625 0.441667 1.000000
0 739 0.508594 0.688194 0.093750 0.429167 1.000000
0 740 0.508984 0.696528 0.096094 0.415278 1.000000
0 741 0.508984 0.698611 0.097656 0.408333 1.000000
0 742 0.508984 0.697917 0.097656 0.404167 1.000000
0 743 0.510156 0.696528 0.096875 0.406944 1.000000
0 744 0.510156 0.686806 0.085938 0.420833 1.000000
0 745 0.512891 0.681250 0.075781 0.429167 1.000000
0 746 0.504297 0.674306 0.088281 0.437500 1.000000
0 747 0.513672 0.665972 0.057031 0.454167 1.000000
0 748 0.501563 0.657639 0.067187 0.470833 1.000000
0 749 0.490234 0.647222 0.077344 0.486111 1.000000
0 750 0.492969 0.642361 0.087500 0.493056 1.000000
0 751 0.485938 0.641667 0.078125 0.494444 1.000000
0 752 0.490234 0.638889 0.082031 0.502778 1.000000
0 753 0.493359 0.640278 0.077344 0.502778 1.000000
0 754 0.494922 0.640972 0.072656 0.504167 1.000000
0 755 0.500000 0.640972 0.084375 0.504167 1.000000
0 756 0.506250 0.641667 0.098437 0.505556 1.000000
0 757 0.501172 0.643056 0.088281 0.505556 1.000000
0 758 0.496484 0.641667 0.078906 0.502778 1.000000
0 759 0.498437 0.643056 0.079687 0.502778 1.000000
0 760 0.498437 0.643750 0.076563 0.504167 1.000000
0 761 0.496094 0.642361 0.078125 0.501389 1.000000
0 762 0.488281 0.640972 0.087500 0.501389 1.000000
0 763 0.479297 0.638889 0.096094 0.500000 1.000000
0 764 0.466016 0.634028 0.113281 0.501389 1.000000
0 765 0.458594 0.631250 0.123438 0.501389 1.000000
0 766 0.462500 0.629861 0.115625 0.498611 1.000000
0 767 0.464453 0.627778 0.113281 0.494444 1.000000
0 768 0.475000 0.620833 0.096875 0.491667 1.000000
0 769 0.476562 0.617361 0.095312 0.487500 1.000000
0 770 0.476953 0.615278 0.097656 0.483333 1.000000
0 771 0.476172 0.611806 0.100781 0.481944 1.000000
0 772 0.477734 0.604861 0.102344 0.481944 1.000000
0 773 0.484375 0.601389 0.109375 0.483333 1.000000
0 774 0.489844 0.596528 0.115625 0.481944 1.000000
0 775 0.486328 0.595833 0.102344 0.477778 1.000000
0 776 0.483984 0.598611 0.086719 0.475000 1.000000
0 777 0.487500 0.590278 0.092188 0.491667 1.000000
0 778 0.489063 0.578472 0.093750 0.518056 1.000000
0 779 0.492578 0.578472 0.100781 0.534722 1.000000
0 780 0.504297 0.584028 0.122656 0.545833 1.000000
0 781 0.505469 0.600694 0.123438 0.529167 1.000000
0 782 0.507422 0.607639 0.122656 0.523611 1.000000
0 783 0.507422 0.603472 0.119531 0.540278 1.000000
0 784 0.511719 0.600694 0.123438 0.570833 1.000000
0 785 0.514453 0.601389 0.128906 0.583333 1.000000
0 786 0.514844 0.601389 0.126562 0.594444 1.000000
0 787 0.516406 0.610417 0.120313 0.593056 1.000000
0 788 0.516406 0.625000 0.118750 0.591667 1.000000
0 789 0.516406 0.633333 0.118750 0.583333 1.000000
0 790 0.515625 0.641667 0.118750 0.575000 1.000000
0 791 0.514453 0.642361 0.119531 0.570833 1.000000
0 792 0.506250 0.667361 0.128125 0.518056 1.000000
0 793 0.497656 0.666667 0.135937 0.522222 1.000000
0 794 0.491797 0.668056 0.139844 0.519444 1.000000
0 795 0.485547 0.666667 0.147656 0.513889 1.000000
0 796 0.480859 0.665972 0.171094 0.509722 1.000000
0 797 0.480859 0.664583 0.182031 0.506944 1.000000
0 798 0.478125 0.663194 0.184375 0.504167 1.000000
0 799 0.477734 0.661806 0.183594 0.501389 1.000000
0 800 0.467969 0.661806 0.171875 0.498611 1.000000
0 801 0.464062 0.663889 0.160938 0.497222 1.000000
0 802 0.461328 0.663194 0.157031 0.501389 1.000000
0 803 0.460547 0.659028 0.152344 0.504167 1.000000
0 804 0.450391 0.661111 0.164844 0.494444 1.000000
0 805 0.445312 0.642361 0.167187 0.534722 1.000000
0 806 0.446875 0.622222 0.181250 0.569444 1.000000
0 807 0.446484 0.617361 0.183594 0.579167 1.000000
0 808 0.446094 0.623611 0.182812 0.561111 1.000000
0 809 0.444141 0.630556 0.185156 0.547222 1.000000
0 810 0.442188 0.631250 0.187500 0.540278 1.000000
0 811 0.440234 0.626389 0.189844 0.547222 1.000000
0 812 0.435937 0.615278 0.185938 0.563889 1.000000
0 813 0.432812 0.608333 0.187500 0.575000 1.000000
0 814 0.425000 0.599306 0.178125 0.584722 1.000000
0 815 0.413672 0.584722 0.155469 0.586111 1.000000
0 816 0.391797 0.565278 0.110156 0.600000 1.000000
0 817 0.386328 0.567361 0.100781 0.587500 1.000000
0 818 0.384375 0.572917 0.106250 0.565278 1.000000
0 819 0.382422 0.587500 0.110156 0.527778 1.000000
0 820 0.381641 0.613194 0.113281 0.473611 1.000000
0 821 0.378906 0.621528 0.117188 0.459722 1.000000
0 822 0.385547 0.631250 0.135156 0.443056 1.000000
0 823 0.376563 0.634028 0.115625 0.434722 1.000000
0 824 0.380859 0.625000 0.117969 0.452778 1.000000
0 825 0.390234 0.612500 0.128906 0.472222 1.000000
0 826 0.395703 0.597917 0.130469 0.490278 1.000000
0 827 0.402344 0.565278 0.145313 0.536111 1.000000
0 828 0.385156 0.497222 0.157812 0.536111 1.000000
0 829 0.373828 0.472222 0.138281 0.480556 1.000000
0 830 0.375000 0.448611 0.125000 0.416667 1.000000
0 831 0.392969 0.448611 0.093750 0.380556 1.000000
0 832 0.400781 0.492361 0.103125 0.431944 1.000000
0 833 0.410156 0.521528 0.106250 0.484722 1.000000
0 834 0.415234 0.549306 0.100781 0.473611 1.000000
0 835 0.428906 0.584028 0.109375 0.462500 1.000000
0 836 0.435547 0.596528 0.139844 0.448611 1.000000
0 837 0.441016 0.630556 0.160156 0.375000 1.000000
0 838 0.455859 0.612500 0.189844 0.405556 1.000000
0 839 0.428906 0.618750 0.131250 0.379167 1.000000
0 840 0.432031 0.598611 0.117188 0.402778 1.000000
0 841 0.443750 0.586806 0.123438 0.420833 1.000000
0 842 0.446875 0.575000 0.100000 0.438889 1.000000
0 843 0.453125 0.563194 0.075000 0.443056 1.000000
0 844 0.469922 0.547222 0.066406 0.438889 1.000000
0 845 0.478906 0.542361 0.060937 0.440278 1.000000
0 846 0.488672 0.546528 0.057031 0.448611 1.000000
0 847 0.501563 0.552778 0.071875 0.444444 1.000000
0 848 0.521094 0.568750 0.106250 0.431944 1.000000
0 849 0.526563 0.574306 0.117188 0.418056 1.000000
0 850 0.526563 0.579861 0.121875 0.404167 1.000000
0 851 0.526563 0.578472 0.118750 0.404167 1.000000
0 852 0.564063 0.572917 0.135937 0.390278 1.000000
0 853 0.576562 0.569444 0.143750 0.388889 1.000000
0 854 0.577734 0.562500 0.144531 0.391667 1.000000
0 855 0.572266 0.553472 0.127344 0.390278 1.000000
0 856 0.560547 0.541667 0.075781 0.377778 1.000000
0 857 0.569141 0.543056 0.064844 0.377778 1.000000
0 858 0.560937 0.549306 0.079687 0.370833 1.000000
0 859 0.555078 0.552083 0.096094 0.359722 1.000000
0 860 0.563672 0.552778 0.102344 0.344444 1.000000
0 861 0.568359 0.550000 0.092969 0.344444 1.000000
0 862 0.569141 0.545833 0.088281 0.344444 1.000000
0 863 0.572656 0.541667 0.082812 0.341667 1.000000
0 864 0.579297 0.536806 0.077344 0.331944 1.000000
0 865 0.580859 0.538889 0.072656 0.327778 1.000000
0 866 0.583984 0.547222 0.069531 0.333333 1.000000
0 867 0.586328 0.554861 0.064844 0.320833 1.000000
0 868 0.584766 0.555556 0.063281 0.311111 1.000000
0 869 0.583594 0.548611 0.067187 0.319444 1.000000
0 870 0.583984 0.539583 0.069531 0.320833 1.000000
0 871 0.582812 0.533333 0.071875 0.322222 1.000000
0 872 0.571484 0.525000 0.091406 0.319444 1.000000
0 873 0.564063 0.528472 0.090625 0.320833 1.000000
0 874 0.562109 0.525694 0.088281 0.329167 1.000000
0 875 0.563281 0.522222 0.084375 0.336111 1.000000
0 876 0.564844 0.515972 0.076563 0.345833 1.000000
0 877 0.568359 0.511111 0.080469 0.352778 1.000000
0 878 0.580469 0.506250 0.079687 0.359722 1.000000
0 879 0.590234 0.500000 0.082031 0.369444 1.000000
0 880 0.587109 0.495139 0.074219 0.379167 1.000000
0 881 0.595703 0.495833 0.094531 0.375000 1.000000
0 882 0.600781 0.497222 0.109375 0.369444 1.000000
0 883 0.603906 0.499306 0.118750 0.365278 1.000000
0 884 0.606641 0.502083 0.122656 0.359722 1.000000
0 885 0.605859 0.498611 0.119531 0.361111 1.000000
0 886 0.604688 0.499306 0.115625 0.359722 1.000000
0 887 0.604297 0.500000 0.111719 0.355556 1.000000
0 888 0.616406 0.527778 0.140625 0.302778 1.000000
0 889 0.620703 0.547917 0.150781 0.268056 1.000000
0 890 0.621484 0.557639 0.153906 0.251389 1.000000
0 891 0.619531 0.572222 0.153125 0.227778 1.000000
0 892 0.602734 0.593750 0.172656 0.176389 1.000000
0 893 0.593359 0.595139 0.177344 0.176389 1.000000
0 894 0.591406 0.566667 0.168750 0.233333 1.000000
0 895 0.600391 0.536111 0.147656 0.294444 1.000000
0 896 0.620703 0.510417 0.116406 0.345833 1.000000
0 897 0.611719 0.511111 0.115625 0.336111 1.000000
0 898 0.612500 0.526389 0.143750 0.308333 1.000000
0 899 0.610938 0.543056 0.171875 0.275000 1.000000
0 900 0.601953 0.553472 0.207031 0.251389 1.000000
0 901 0.600781 0.548611 0.212500 0.258333 1.000000
0 902 0.600000 0.542361 0.210938 0.268056 1.000000
0 903 0.599219 0.532639 0.209375 0.279167 1.000000
0 904 0.593359 0.515972 0.200781 0.315278 1.000000
0 905 0.594922 0.503472 0.185156 0.337500 1.000000
0 906 0.600781 0.498611 0.160938 0.352778 1.000000
0 907 0.606641 0.494444 0.132031 0.358333 1.000000
0 908 0.605078 0.491667 0.089844 0.361111 1.000000
0 909 0.595703 0.495139 0.077344 0.354167 1.000000
0 910 0.600000 0.502778 0.092188 0.330556 1.000000
0 911 0.606641 0.514583 0.108594 0.298611 1.000000
0 912 0.608984 0.540972 0.122656 0.259722 1.000000
0 913 0.595313 0.550000 0.132812 0.241667 1.000000
0 914 0.578516 0.559722 0.136719 0.219444 1.000000
0 915 0.563672 0.570833 0.142969 0.197222 1.000000
0 916 0.548828 0.577778 0.164844 0.180556 1.000000
0 917 0.544141 0.569444 0.161719 0.197222 1.000000
0 918 0.543359 0.545833 0.150781 0.247222 1.000000
0 919 0.546875 0.525000 0.129688 0.286111 1.000000
0 920 0.550781 0.505556 0.093750 0.325000 1.000000
0 921 0.548047 0.503472 0.089844 0.329167 1.000000
0 922 0.546094 0.503472 0.090625 0.329167 1.000000
0 923 0.546484 0.504167 0.092969 0.327778 1.000000
0 924 0.553516 0.507639 0.094531 0.315278 1.000000
0 925 0.551562 0.515972 0.115625 0.301389 1.000000
0 926 0.546484 0.529861 0.138281 0.273611 1.000000
0 927 0.545312 0.550000 0.154688 0.233333 1.000000
0 928 0.551562 0.573611 0.159375 0.186111 1.000000
0 929 0.560156 0.572917 0.143750 0.184722 1.000000
0 930 0.571094 0.575000 0.126562 0.183333 1.000000
0 931 0.578516 0.567361 0.108594 0.195833 1.000000
0 932 0.582031 0.551389 0.090625 0.227778 1.000000
0 933 0.578516 0.540972 0.083594 0.245833 1.000000
0 934 0.580078 0.530556 0.086719 0.263889 1.000000
0 935 0.580859 0.522917 0.088281 0.279167 1.000000
0 936 0.566016 0.515972 0.102344 0.298611 1.000000
0 937 0.561719 0.505556 0.096875 0.319444 1.000000
0 938 0.560156 0.496528 0.084375 0.340278 1.000000
0 939 0.561328 0.490972 0.071094 0.351389 1.000000
0 940 0.567578 0.493750 0.053906 0.343056 1.000000
0 941 0.564844 0.507639 0.054688 0.315278 1.000000
0 942 0.563281 0.515972 0.062500 0.295833 1.000000
0 943 0.563672 0.520833 0.074219 0.288889 1.000000
0 944 0.560937 0.529167 0.087500 0.277778 1.000000
0 945 0.558203 0.525000 0.088281 0.280556 1.000000
0 946 0.555469 0.518750 0.085938 0.287500 1.000000
0 947 0.551172 0.511111 0.080469 0.283333 1.000000
0 948 0.543359 0.507639 0.077344 0.284722 1.000000
0 949 0.536719 0.507639 0.085938 0.284722 1.000000
0 950 0.533594 0.513889 0.087500 0.283333 1.000000
0 951 0.531641 0.517361 0.083594 0.279167 1.000000
0 952 0.522266 0.522917 0.074219 0.268056 1.000000
0 953 0.519141 0.523611 0.074219 0.266667 1.000000
0 954 0.514453 0.522222 0.071094 0.263889 1.000000
0 955 0.510938 0.518750 0.067187 0.268056 1.000000
0 956 0.505469 0.495833 0.067187 0.294444 1.000000
0 957 0.503516 0.483333 0.069531 0.311111 1.000000
0 958 0.502344 0.480556 0.070312 0.319444 1.000000
0 959 0.501953 0.481944 0.069531 0.319444 1.000000
0 960 0.503906 0.488889 0.067187 0.305556 1.000000
0 961 0.503125 0.492361 0.065625 0.301389 1.000000
0 962 0.501172 0.490972 0.061719 0.304167 1.000000
0 963 0.499219 0.487500 0.057813 0.308333 1.000000
0 964 0.500000 0.477778 0.059375 0.302778 1.000000
0 965 0.501563 0.478472 0.059375 0.301389 1.000000
0 966 0.504297 0.478472 0.053906 0.298611 1.000000
0 967 0.510156 0.473611 0.051562 0.305556 1.000000
0 968 0.515234 0.479167 0.046094 0.305556 1.000000
0 969 0.514062 0.486111 0.043750 0.297222 1.000000
0 970 0.514844 0.488889 0.043750 0.291667 1.000000
0 971 0.517188 0.484722 0.045312 0.300000 1.000000
0 972 0.526563 0.475694 0.054688 0.290278 1.000000
0 973 0.529297 0.479861 0.052344 0.262500 1.000000
0 974 0.530859 0.481250 0.058594 0.254167 1.000000
0 975 0.530078 0.476389 0.060156 0.255556 1.000000
0 976 0.537891 0.473611 0.060156 0.255556 1.000000
0 977 0.538672 0.473611 0.061719 0.255556 1.000000
0 978 0.539844 0.479167 0.062500 0.258333 1.000000
0 979 0.547656 0.485417 0.051562 0.256944 1.000000
0 980 0.551562 0.507639 0.057813 0.256944 1.000000
0 981 0.554688 0.515972 0.057813 0.245833 1.000000
0 982 0.553516 0.522917 0.071094 0.237500 1.000000
0 983 0.553125 0.525000 0.073438 0.236111 1.000000
0 984 0.556641 0.518056 0.064844 0.252778 1.000000
0 985 0.562891 0.513194 0.061719 0.256944 1.000000
0 986 0.568359 0.509028 0.060156 0.254167 1.000000
0 987 0.574219 0.507639 0.057813 0.254167 1.000000
0 988 0.594141 0.511806 0.085156 0.256944 1.000000
0 989 0.595703 0.518750 0.085156 0.259722 1.000000
0 990 0.591406 0.525694 0.078125 0.256944 1.000000
0 991 0.585156 0.531944 0.070312 0.252778 1.000000
0 992 0.585938 0.529861 0.057813 0.259722 1.000000
0 993 0.590234 0.527778 0.063281 0.266667 1.000000
0 994 0.595313 0.524306 0.068750 0.273611 1.000000
0 995 0.600781 0.518056 0.062500 0.277778 1.000000
0 996 0.607031 0.511806 0.054688 0.284722 1.000000
0 997 0.605078 0.516667 0.049219 0.283333 1.000000
0 998 0.608594 0.525000 0.051562 0.280556 1.000000
0 999 0.612891 0.536111 0.052344 0.266667 1.000000
0 1000 0.617188 0.547222 0.056250 0.258333 1.000000
0 1001 0.617188 0.545139 0.065625 0.262500 1.000000
0 1002 0.616797 0.535417 0.071094 0.279167 1.000000
0 1003 0.616406 0.519444 0.076563 0.302778 1.000000
0 1004 0.613281 0.477778 0.090625 0.341667 1.000000
0 1005 0.617578 0.464583 0.111719 0.334722 1.000000
0 1006 0.618359 0.451389 0.128906 0.327778 1.000000
0 1007 0.619922 0.447222 0.132031 0.327778 1.000000
0 1008 0.619531 0.459028 0.112500 0.343056 1.000000
0 1009 0.618750 0.476389 0.126562 0.341667 1.000000
0 1010 0.623437 0.497917 0.146875 0.320833 1.000000
0 1011 0.628125 0.513194 0.154688 0.306944 1.000000
0 1012 0.636328 0.536806 0.121094 0.306944 1.000000
0 1013 0.638281 0.545139 0.084375 0.293056 1.000000
0 1014 0.633203 0.549306 0.049219 0.290278 1.000000
0 1015 0.632031 0.547222 0.042188 0.291667 1.000000
0 1016 0.627734 0.536111 0.055469 0.311111 1.000000
0 1017 0.627344 0.529167 0.059375 0.313889 1.000000
0 1018 0.628125 0.523611 0.059375 0.316667 1.000000
0 1019 0.631250 0.522222 0.057813 0.319444 1.000000
0 1020 0.632812 0.528472 0.057813 0.320833 1.000000
0 1021 0.633984 0.535417 0.058594 0.320833 1.000000
0 1022 0.633594 0.540972 0.057813 0.315278 1.000000
0 1023 0.633594 0.547222 0.059375 0.305556 1.000000
0 1024 0.631250 0.559028 0.076563 0.295833 1.000000
0 1025 0.626953 0.559028 0.088281 0.301389 1.000000
0 1026 0.626563 0.554167 0.087500 0.311111 1.000000
0 1027 0.625000 0.549306 0.084375 0.323611 1.000000
0 1028 0.625781 0.535417 0.084375 0.354167 1.000000
0 1029 0.619531 0.529861 0.098437 0.356944 1.000000
0 1030 0.620703 0.521528 0.099219 0.359722 1.000000
0 1031 0.622266 0.517361 0.100781 0.365278 1.000000
0 1032 0.626563 0.518750 0.100000 0.373611 1.000000
0 1033 0.631250 0.525694 0.095312 0.373611 1.000000
0 1034 0.637109 0.533333 0.086719 0.377778 1.000000
0 1035 0.640234 0.539583 0.083594 0.368056 1.000000
0 1036 0.637500 0.553472 0.098437 0.348611 1.000000
0 1037 0.638281 0.556250 0.101562 0.343056 1.000000
0 1038 0.642188 0.556250 0.100000 0.343056 1.000000
0 1039 0.646094 0.555556 0.096875 0.347222 1.000000
0 1040 0.653516 0.561806 0.096094 0.356944 1.000000
0 1041 0.664062 0.563889 0.107813 0.355556 1.000000
0 1042 0.684375 0.565278 0.140625 0.352778 1.000000
0 1043 0.697656 0.568056 0.157812 0.350000 1.000000
0 1044 0.698828 0.565972 0.141406 0.354167 1.000000
0 1045 0.711328 0.564583 0.157031 0.359722 1.000000
0 1046 0.732031 0.565278 0.178125 0.363889 1.000000
0 1047 0.741016 0.570833 0.175781 0.377778 1.000000
0 1048 0.771484 0.572917 0.139844 0.384722 1.000000
0 1049 0.800781 0.572917 0.087500 0.387500 1.000000
0 1050 0.820312 0.570833 0.110937 0.386111 1.000000
0 1051 0.837891 0.565972 0.144531 0.395833 1.000000
0 1052 0.844141 0.515972 0.169531 0.473611 1.000000
0 1053 0.831641 0.497222 0.164844 0.472222 1.000000
0 1054 0.809375 0.491667 0.150000 0.466667 1.000000
0 1055 0.779687 0.491667 0.128125 0.441667 1.000000
0 1056 0.748047 0.479167 0.128906 0.394444 1.000000
0 1057 0.748437 0.470139 0.126562 0.334722 1.000000
0 1058 0.737891 0.461111 0.160156 0.261111 1.000000
0 1059 0.732031 0.468056 0.190625 0.205556 1.000000
0 1060 0.741797 0.528472 0.241406 0.243056 1.000000
0 1061 0.746875 0.552083 0.270313 0.262500 1.000000
0 1062 0.748437 0.574306 0.278125 0.270833 1.000000
0 1063 0.748437 0.596528 0.245312 0.281944 1.000000
0 1064 0.737500 0.643750 0.137500 0.251389 1.000000
0 1065 0.742969 0.661111 0.126562 0.211111 1.000000
0 1066 0.746094 0.677778 0.123438 0.177778 1.000000
0 1067 0.743359 0.689583 0.125781 0.154167 1.000000
0 1068 0.741406 0.694444 0.126562 0.144444 1.000000
0 1069 0.740625 0.697222 0.125000 0.136111 1.000000
0 1070 0.739453 0.700000 0.124219 0.133333 1.000000
0 1071 0.736719 0.699306 0.125000 0.131944 1.000000
0 1072 0.732812 0.695833 0.129688 0.138889 1.000000
0 1073 0.729688 0.691667 0.131250 0.144444 1.000000
0 1074 0.728906 0.688889 0.135937 0.150000 1.000000
0 1075 0.726953 0.680556 0.135156 0.166667 1.000000
0 1076 0.718359 0.663889 0.122656 0.191667 1.000000
0 1077 0.708984 0.661111 0.107031 0.200000 1.000000
0 1078 0.703906 0.657639 0.096875 0.204167 1.000000
0 1079 0.695703 0.654861 0.089844 0.209722 1.000000
0 1080 0.682813 0.647917 0.078125 0.218056 1.000000
0 1081 0.674219 0.647917 0.100000 0.218056 1.000000
0 1082 0.654687 0.640278 0.140625 0.208333 1.000000
0 1083 0.657422 0.638889 0.160156 0.211111 1.000000
0 1084 0.675000 0.636806 0.154688 0.209722 1.000000
0 1085 0.667578 0.636111 0.136719 0.205556 1.000000
0 1086 0.648438 0.637500 0.101562 0.205556 1.000000
0 1087 0.634766 0.633333 0.086719 0.213889 1.000000
0 1088 0.612891 0.630556 0.116406 0.211111 1.000000
0 1089 0.606641 0.627083 0.127344 0.212500 1.000000
0 1090 0.603516 0.626389 0.127344 0.211111 1.000000
0 1091 0.598437 0.625694 0.118750 0.206944 1.000000
0 1092 0.584766 0.629167 0.094531 0.191667 1.000000
0 1093 0.581250 0.630556 0.090625 0.180556 1.000000
0 1094 0.571875 0.631250 0.098437 0.176389 1.000000
0 1095 0.571875 0.627778 0.098437 0.177778 1.000000
0 1096 0.564844 0.621528 0.115625 0.179167 1.000000
0 1097 0.564063 0.618056 0.117188 0.183333 1.000000
0 1098 0.564063 0.611111 0.117188 0.191667 1.000000
0 1099 0.560547 0.604861 0.110156 0.198611 1.000000
0 1100 0.550781 0.594444 0.114062 0.205556 1.000000
0 1101 0.546094 0.594444 0.120313 0.202778 1.000000
0 1102 0.548438 0.596528 0.117188 0.198611 1.000000
0 1103 0.542188 0.599306 0.129688 0.190278 1.000000
0 1104 0.542578 0.606944 0.132031 0.169444 1.000000
0 1105 0.541406 0.609722 0.132812 0.163889 1.000000
0 1106 0.539844 0.608333 0.135937 0.161111 1.000000
0 1107 0.540234 0.606944 0.136719 0.161111 1.000000
0 1108 0.537109 0.600000 0.142969 0.169444 1.000000
0 1109 0.530859 0.595833 0.149219 0.177778 1.000000
0 1110 0.528516 0.589583 0.147656 0.187500 1.000000
0 1111 0.529297 0.590972 0.146094 0.195833 1.000000
0 1112 0.535937 0.595139 0.137500 0.184722 1.000000
0 1113 0.531641 0.596528 0.146094 0.179167 1.000000
0 1114 0.530078 0.597222 0.147656 0.172222 1.000000
0 1115 0.529687 0.602083 0.150000 0.162500 1.000000
0 1116 0.529687 0.615278 0.150000 0.133333 1.000000
0 1117 0.529687 0.623611 0.148438 0.116667 1.000000
0 1118 0.528906 0.629167 0.146875 0.097222 1.000000
0 1119 0.529687 0.635417 0.146875 0.087500 1.000000
0 1120 0.533594 0.634722 0.153125 0.083333 1.000000
0 1121 0.530859 0.629167 0.147656 0.094444 1.000000
0 1122 0.530078 0.627778 0.144531 0.100000 1.000000
0 1123 0.530469 0.613889 0.145313 0.122222 1.000000
0 1124 0.531250 0.602083 0.145313 0.143056 1.000000
0 1125 0.536328 0.591667 0.133594 0.150000 1.000000
0 1126 0.520703 0.590278 0.164844 0.152778 1.000000
0 1127 0.519922 0.590972 0.166406 0.151389 1.000000
0 1128 0.522656 0.603472 0.179688 0.123611 1.000000
0 1129 0.526563 0.609028 0.190625 0.112500 1.000000
0 1130 0.520703 0.612500 0.203906 0.100000 1.000000
0 1131 0.514453 0.606250 0.217969 0.109722 1.000000
0 1132 0.491406 0.601389 0.231250 0.113889 1.000000
0 1133 0.480469 0.600000 0.223438 0.116667 1.000000
0 1134 0.470313 0.598611 0.215625 0.119444 1.000000
0 1135 0.464062 0.575000 0.198437 0.175000 1.000000
0 1136 0.447656 0.586111 0.160938 0.152778 1.000000
0 1137 0.444922 0.588889 0.166406 0.152778 1.000000
0 1138 0.441016 0.594444 0.171094 0.136111 1.000000
0 1139 0.439844 0.602083 0.179688 0.126389 1.000000
0 1140 0.437891 0.607639 0.188281 0.115278 1.000000
0 1141 0.443359 0.608333 0.210156 0.113889 1.000000
0 1142 0.441016 0.610417 0.213281 0.109722 1.000000
0 1143 0.436328 0.619444 0.203906 0.108333 1.000000
0 1144 0.429297 0.630556 0.191406 0.086111 1.000000
0 1145 0.421094 0.627778 0.195312 0.088889 1.000000
0 1146 0.412500 0.625000 0.198437 0.094444 1.000000
0 1147 0.405859 0.620833 0.207031 0.102778 1.000000
0 1148 0.406641 0.611806 0.203906 0.112500 1.000000
0 1149 0.407031 0.609722 0.201563 0.116667 1.000000
0 1150 0.412109 0.608333 0.194531 0.116667 1.000000
0 1151 0.426953 0.605556 0.163281 0.116667 1.000000
0 1152 0.430469 0.599306 0.153125 0.109722 1.000000
0 1153 0.434766 0.593750 0.142969 0.112500 1.000000
0 1154 0.438281 0.586806 0.132812 0.131944 1.000000
0 1155 0.438281 0.582639 0.126562 0.134722 1.000000
0 1156 0.446484 0.557639 0.107031 0.123611 1.000000
0 1157 0.448047 0.552778 0.102344 0.141667 1.000000
0 1158 0.446875 0.566667 0.106250 0.188889 1.000000
0 1159 0.424609 0.556250 0.139844 0.179167 1.000000
0 1160 0.426563 0.559028 0.146875 0.176389 1.000000
0 1161 0.429688 0.557639 0.142187 0.181944 1.000000
0 1162 0.432031 0.555556 0.137500 0.186111 1.000000
0 1163 0.434375 0.552778 0.132812 0.191667 1.000000
0 1164 0.436719 0.551389 0.128125 0.197222 1.000000
0 1165 0.439453 0.550000 0.124219 0.202778 1.000000
0 1166 0.441797 0.547917 0.119531 0.206944 1.000000
0 1167 0.444141 0.546528 0.114844 0.212500 1.000000
0 1168 0.446484 0.543750 0.110156 0.218056 1.000000
0 1169 0.449609 0.542361 0.105469 0.223611 1.000000
0 1170 0.452734 0.520833 0.072656 0.166667 1.000000
0 1171 0.454297 0.500694 0.075781 0.106944 1.000000
0 1172 0.469922 0.554861 0.110156 0.206944 1.000000
0 1173 0.468750 0.554167 0.112500 0.211111 1.000000
0 1174 0.469531 0.557639 0.109375 0.206944 1.000000
0 1175 0.472266 0.563194 0.107031 0.198611 1.000000
0 1176 0.474219 0.572917 0.104688 0.187500 1.000000
0 1177 0.476953 0.571528 0.102344 0.198611 1.000000
0 1178 0.474219 0.566667 0.112500 0.205556 1.000000
0 1179 0.471094 0.561806 0.121875 0.223611 1.000000
0 1180 0.474219 0.548611 0.101562 0.255556 1.000000
0 1181 0.470313 0.539583 0.095312 0.279167 1.000000
0 1182 0.469141 0.530556 0.092969 0.300000 1.000000
0 1183 0.470313 0.520833 0.092188 0.325000 1.000000
0 1184 0.478906 0.500694 0.101562 0.373611 1.000000
0 1185 0.482812 0.491667 0.112500 0.394444 1.000000
0 1186 0.486719 0.488889 0.118750 0.405556 1.000000
0 1187 0.500000 0.486111 0.118750 0.408333 1.000000
0 1188 0.525000 0.492361 0.098437 0.406944 1.000000
0 1189 0.534375 0.500000 0.093750 0.408333 1.000000
0 1190 0.540234 0.509028 0.092969 0.406944 1.000000
0 1191 0.543750 0.517361 0.096875 0.398611 1.000000
0 1192 0.551562 0.522917 0.093750 0.412500 1.000000
0 1193 0.564063 0.521528 0.092188 0.420833 1.000000
0 1194 0.572656 0.513194 0.082812 0.440278 1.000000
0 1195 0.582812 0.497222 0.071875 0.461111 1.000000
0 1196 0.595313 0.486806 0.065625 0.493056 1.000000
0 1197 0.607812 0.476389 0.059375 0.525000 1.000000
0 1198 0.612891 0.479861 0.050781 0.529167 1.000000
0 1199 0.622266 0.492361 0.063281 0.526389 1.000000
0 1200 0.639453 0.513889 0.074219 0.500000 1.000000
0 1201 0.641016 0.518056 0.072656 0.516667 1.000000
0 1202 0.642969 0.519444 0.070312 0.525000 1.000000
0 1203 0.646875 0.527083 0.121875 0.512500 1.000000
