0 1 0.533594 0.473611 0.143750 0.441667 1.000000
0 2 0.539062 0.464583 0.135937 0.459722 1.000000
0 3 0.550391 0.459722 0.122656 0.477778 1.000000
0 4 0.561719 0.459028 0.109375 0.481944 1.000000
0 5 0.578906 0.463889 0.103125 0.488889 1.000000
0 6 0.595313 0.472222 0.117188 0.491667 1.000000
0 7 0.600391 0.480556 0.119531 0.488889 1.000000
0 8 0.596875 0.488194 0.106250 0.484722 1.000000
0 9 0.585938 0.490278 0.098437 0.486111 1.000000
0 10 0.572656 0.495833 0.126562 0.483333 1.000000
0 11 0.570703 0.505556 0.139844 0.469444 1.000000
0 12 0.580469 0.511111 0.128125 0.480556 1.000000
0 13 0.589844 0.507639 0.117188 0.495833 1.000000
0 14 0.591797 0.517361 0.119531 0.481944 1.000000
0 15 0.589844 0.542361 0.129688 0.440278 1.000000
0 16 0.598828 0.551389 0.127344 0.430556 1.000000
0 17 0.615625 0.547917 0.106250 0.443056 1.000000
0 18 0.623047 0.549306 0.125781 0.462500 1.000000
0 19 0.636328 0.543056 0.153906 0.480556 1.000000
0 20 0.656641 0.515972 0.183594 0.526389 1.000000
0 21 0.658594 0.464583 0.184375 0.606944 1.000000
0 22 0.655469 0.433333 0.170313 0.644444 1.000000
0 23 0.648828 0.421528 0.152344 0.631944 1.000000
0 24 0.662891 0.410417 0.152344 0.637500 1.000000
0 25 0.671875 0.418750 0.150000 0.623611 1.000000
0 26 0.680859 0.425694 0.136719 0.609722 1.000000
0 27 0.682422 0.451389 0.130469 0.572222 1.000000
0 28 0.674219 0.516667 0.107813 0.491667 1.000000
0 29 0.667578 0.527778 0.100781 0.469444 1.000000
0 30 0.656250 0.542361 0.093750 0.454167 1.000000
0 31 0.648828 0.548611 0.100781 0.441667 1.000000
0 32 0.643750 0.539583 0.110937 0.448611 1.000000
0 33 0.643750 0.531250 0.103125 0.459722 1.000000
0 34 0.650781 0.525000 0.107813 0.466667 1.000000
0 35 0.657031 0.518750 0.110937 0.456944 1.000000
0 36 0.650391 0.514583 0.107031 0.445833 1.000000
0 37 0.646875 0.520139 0.106250 0.440278 1.000000
0 38 0.642188 0.530556 0.104688 0.444444 1.000000
0 39 0.637109 0.542361 0.102344 0.434722 1.000000
0 40 0.622266 0.548611 0.086719 0.419444 1.000000
0 41 0.612891 0.544444 0.072656 0.419444 1.000000
0 42 0.605859 0.537500 0.064844 0.416667 1.000000
0 43 0.608203 0.536806 0.077344 0.415278 1.000000
0 44 0.596094 0.539583 0.100000 0.395833 1.000000
0 45 0.586328 0.552083 0.110156 0.395833 1.000000
0 46 0.575781 0.556250 0.118750 0.387500 1.000000
0 47 0.564453 0.552083 0.124219 0.390278 1.000000
0 48 0.559375 0.536806 0.109375 0.409722 1.000000
0 49 0.566016 0.531250 0.083594 0.415278 1.000000
0 50 0.563281 0.530556 0.071875 0.422222 1.000000
0 51 0.565234 0.531250 0.091406 0.420833 1.000000
0 52 0.562891 0.535417 0.111719 0.412500 1.000000
0 53 0.560156 0.534028 0.098437 0.412500 1.000000
0 54 0.562109 0.532639 0.082031 0.415278 1.000000
0 55 0.570312 0.531250 0.076563 0.415278 1.000000
0 56 0.564453 0.536806 0.097656 0.404167 1.000000
0 57 0.557813 0.543056 0.096875 0.397222 1.000000
0 58 0.555469 0.552778 0.098437 0.386111 1.000000
0 59 0.558203 0.559028 0.096094 0.373611 1.000000
0 60 0.573047 0.551389 0.083594 0.386111 1.000000
0 61 0.581641 0.541667 0.085156 0.402778 1.000000
0 62 0.600391 0.527778 0.113281 0.425000 1.000000
0 63 0.614453 0.520139 0.146094 0.437500 1.000000
0 64 0.614062 0.534028 0.146875 0.404167 1.000000
0 65 0.608984 0.516667 0.133594 0.438889 1.000000
0 66 0.610547 0.499306 0.132031 0.476389 1.000000
0 67 0.615625 0.500694 0.134375 0.473611 1.000000
0 68 0.616016 0.504861 0.132031 0.468056 1.000000
0 69 0.612109 0.506250 0.125781 0.462500 1.000000
0 70 0.614453 0.526389 0.132031 0.422222 1.000000
0 71 0.622656 0.530556 0.154688 0.408333 1.000000
0 72 0.609375 0.522917 0.157812 0.395833 1.000000
0 73 0.588672 0.526389 0.121094 0.391667 1.000000
0 74 0.575391 0.538194 0.083594 0.393056 1.000000
0 75 0.578906 0.548611 0.073438 0.383333 1.000000
0 76 0.588281 0.552083 0.065625 0.376389 1.000000
0 77 0.585547 0.539583 0.057031 0.393056 1.000000
0 78 0.582422 0.526389 0.052344 0.408333 1.000000
0 79 0.575391 0.492361 0.064844 0.426389 1.000000
0 80 0.561719 0.414583 0.093750 0.459722 1.000000
0 81 0.555859 0.399306 0.085156 0.404167 1.000000
0 82 0.557813 0.372222 0.076563 0.372222 1.000000
0 83 0.560937 0.364583 0.057813 0.345833 1.000000
0 84 0.549219 0.401389 0.068750 0.388889 1.000000
0 85 0.544531 0.434722 0.073438 0.405556 1.000000
0 86 0.546875 0.466667 0.070312 0.400000 1.000000
0 87 0.551562 0.495139 0.062500 0.381944 1.000000
0 88 0.555859 0.533333 0.046094 0.394444 1.000000
0 89 0.555469 0.545833 0.046875 0.375000 1.000000
0 90 0.557031 0.554861 0.051562 0.359722 1.000000
0 91 0.558984 0.552778 0.055469 0.358333 1.000000
0 92 0.564844 0.538194 0.079687 0.370833 1.000000
0 93 0.566016 0.530556 0.086719 0.363889 1.000000
0 94 0.566797 0.531250 0.088281 0.368056 1.000000
0 95 0.566016 0.530556 0.083594 0.366667 1.000000
0 96 0.567969 0.540278 0.073438 0.361111 1.000000
0 97 0.570703 0.545833 0.069531 0.352778 1.000000
0 98 0.574609 0.547222 0.064844 0.350000 1.000000
0 99 0.574219 0.545139 0.070312 0.354167 1.000000
0 100 0.574219 0.532639 0.087500 0.356944 1.000000
0 101 0.577734 0.527083 0.083594 0.354167 1.000000
0 102 0.583203 0.522917 0.077344 0.351389 1.000000
0 103 0.590234 0.526389 0.075781 0.352778 1.000000
0 104 0.621094 0.527778 0.093750 0.338889 1.000000
0 105 0.638281 0.529167 0.085938 0.327778 1.000000
0 106 0.637500 0.534028 0.092188 0.343056 1.000000
0 107 0.633984 0.535417 0.094531 0.343056 1.000000
0 108 0.633203 0.517361 0.091406 0.323611 1.000000
0 109 0.630078 0.520833 0.091406 0.330556 1.000000
0 110 0.630469 0.528472 0.078125 0.340278 1.000000
0 111 0.644531 0.533333 0.059375 0.333333 1.000000
0 112 0.658984 0.536111 0.083594 0.336111 1.000000
0 113 0.663672 0.532639 0.089844 0.340278 1.000000
0 114 0.669922 0.530556 0.092969 0.341667 1.000000
0 115 0.672266 0.529167 0.089844 0.333333 1.000000
0 116 0.687891 0.528472 0.078906 0.329167 1.000000
0 117 0.690234 0.538889 0.080469 0.336111 1.000000
0 118 0.696094 0.543750 0.084375 0.323611 1.000000
0 119 0.701562 0.546528 0.076563 0.323611 1.000000
0 120 0.706250 0.535417 0.070312 0.343056 1.000000
0 121 0.702734 0.525694 0.074219 0.351389 1.000000
0 122 0.701562 0.520833 0.076563 0.361111 1.000000
0 123 0.702344 0.513889 0.075000 0.361111 1.000000
0 124 0.710156 0.485417 0.065625 0.418056 1.000000
0 125 0.717187 0.480556 0.059375 0.438889 1.000000
0 126 0.723828 0.480556 0.060156 0.441667 1.000000
0 127 0.731250 0.480556 0.071875 0.441667 1.000000
0 128 0.743750 0.480556 0.110937 0.444444 1.000000
0 129 0.750781 0.483333 0.156250 0.438889 1.000000
0 130 0.754687 0.491667 0.193750 0.419444 1.000000
0 131 0.752344 0.503472 0.209375 0.376389 1.000000
0 132 0.734766 0.518056 0.178906 0.361111 1.000000
0 133 0.720313 0.527778 0.143750 0.358333 1.000000
0 134 0.715234 0.534722 0.125781 0.350000 1.000000
0 135 0.716016 0.538889 0.125781 0.341667 1.000000
0 136 0.719531 0.529861 0.121875 0.351389 1.000000
0 137 0.719531 0.524306 0.120313 0.354167 1.000000
0 138 0.719531 0.521528 0.118750 0.354167 1.000000
0 139 0.726953 0.522222 0.124219 0.352778 1.000000
0 140 0.743359 0.532639 0.105469 0.345833 1.000000
0 141 0.742188 0.537500 0.085938 0.336111 1.000000
0 142 0.728516 0.545139 0.082031 0.326389 1.000000
0 143 0.726172 0.547917 0.082031 0.320833 1.000000
0 144 0.723828 0.540278 0.086719 0.327778 1.000000
0 145 0.718359 0.534028 0.088281 0.337500 1.000000
0 146 0.712109 0.511111 0.086719 0.375000 1.000000
0 147 0.700391 0.495139 0.105469 0.398611 1.000000
0 148 0.688281 0.482639 0.121875 0.409722 1.000000
0 149 0.685547 0.486111 0.124219 0.405556 1.000000
0 150 0.680859 0.490278 0.124219 0.400000 1.000000
0 151 0.676953 0.490972 0.124219 0.395833 1.000000
0 152 0.667578 0.491667 0.108594 0.380556 1.000000
0 153 0.661719 0.492361 0.125000 0.376389 1.000000
0 154 0.637500 0.498611 0.104688 0.383333 1.000000
0 155 0.637891 0.511806 0.089844 0.362500 1.000000
0 156 0.644922 0.529167 0.089844 0.327778 1.000000
0 157 0.650000 0.530556 0.076563 0.327778 1.000000
0 158 0.651563 0.527778 0.073438 0.327778 1.000000
0 159 0.644141 0.523611 0.066406 0.327778 1.000000
0 160 0.631641 0.520139 0.061719 0.334722 1.000000
0 161 0.631641 0.523611 0.057031 0.325000 1.000000
0 162 0.621484 0.524306 0.063281 0.320833 1.000000
0 163 0.620703 0.525694 0.077344 0.318056 1.000000
0 164 0.619141 0.536111 0.080469 0.311111 1.000000
0 165 0.619141 0.536806 0.071094 0.309722 1.000000
0 166 0.617969 0.533333 0.064062 0.313889 1.000000
0 167 0.614453 0.528472 0.060156 0.318056 1.000000
0 168 0.610938 0.517361 0.098437 0.318056 1.000000
0 169 0.612500 0.511806 0.117188 0.306944 1.000000
0 170 0.612500 0.517361 0.125000 0.323611 1.000000
0 171 0.608203 0.526389 0.124219 0.333333 1.000000
0 172 0.594141 0.532639 0.105469 0.334722 1.000000
0 173 0.583594 0.532639 0.085938 0.334722 1.000000
0 174 0.567187 0.527083 0.081250 0.343056 1.000000
0 175 0.555078 0.520833 0.071094 0.355556 1.000000
0 176 0.554297 0.508333 0.097656 0.358333 1.000000
0 177 0.556641 0.503472 0.111719 0.351389 1.000000
0 178 0.562891 0.509028 0.121094 0.359722 1.000000
0 179 0.562109 0.517361 0.142969 0.365278 1.000000
0 180 0.560156 0.524306 0.165625 0.359722 1.000000
0 181 0.556641 0.519444 0.161719 0.363889 1.000000
0 182 0.551953 0.513889 0.147656 0.372222 1.000000
0 183 0.550391 0.497222 0.138281 0.400000 1.000000
0 184 0.539453 0.464583 0.107031 0.434722 1.000000
0 185 0.528906 0.452778 0.092188 0.436111 1.000000
0 186 0.522656 0.452083 0.085938 0.443056 1.000000
0 187 0.519531 0.462500 0.073438 0.455556 1.000000
0 188 0.514062 0.484028 0.060937 0.454167 1.000000
0 189 0.513672 0.488194 0.060156 0.448611 1.000000
0 190 0.512891 0.486111 0.058594 0.450000 1.000000
0 191 0.515625 0.482639 0.062500 0.454167 1.000000
0 192 0.530469 0.489583 0.081250 0.440278 1.000000
0 193 0.532422 0.499306 0.086719 0.404167 1.000000
0 194 0.532813 0.492361 0.090625 0.409722 1.000000
0 195 0.530859 0.490972 0.086719 0.412500 1.000000
0 196 0.521094 0.491667 0.068750 0.408333 1.000000
0 197 0.516406 0.499306 0.060937 0.406944 1.000000
0 198 0.514062 0.508333 0.062500 0.397222 1.000000
0 199 0.514453 0.511806 0.063281 0.393056 1.000000
0 200 0.508203 0.504861 0.078906 0.398611 1.000000
0 201 0.507031 0.499306 0.084375 0.409722 1.000000
0 202 0.506250 0.495139 0.087500 0.415278 1.000000
0 203 0.506250 0.490972 0.089063 0.412500 1.000000
0 204 0.505469 0.488889 0.090625 0.402778 1.000000
0 205 0.504297 0.493750 0.094531 0.395833 1.000000
0 206 0.504297 0.502083 0.105469 0.393056 1.000000
0 207 0.504687 0.511806 0.112500 0.381944 1.000000
0 208 0.503125 0.524306 0.120313 0.362500 1.000000
0 209 0.503125 0.522917 0.118750 0.362500 1.000000
0 210 0.523828 0.518056 0.150781 0.372222 1.000000
0 211 0.541797 0.507639 0.166406 0.393056 1.000000
0 212 0.551953 0.470139 0.149219 0.443056 1.000000
0 213 0.552344 0.443056 0.125000 0.486111 1.000000
0 214 0.550000 0.419444 0.101562 0.505556 1.000000
0 215 0.545312 0.409028 0.076563 0.526389 1.000000
0 216 0.547656 0.403472 0.057813 0.531944 1.000000
0 217 0.552734 0.408333 0.057031 0.533333 1.000000
0 218 0.556641 0.415972 0.063281 0.529167 1.000000
0 219 0.563281 0.429167 0.078125 0.513889 1.000000
0 220 0.580859 0.470139 0.116406 0.473611 1.000000
0 221 0.590234 0.497917 0.132031 0.423611 1.000000
0 222 0.592187 0.531250 0.132812 0.359722 1.000000
0 223 0.582812 0.537500 0.112500 0.350000 1.000000
0 224 0.555469 0.534028 0.109375 0.362500 1.000000
0 225 0.537500 0.527083 0.131250 0.376389 1.000000
0 226 0.534766 0.510417 0.125781 0.404167 1.000000
0 227 0.539453 0.494444 0.097656 0.416667 1.000000
0 228 0.527344 0.440972 0.104688 0.384722 1.000000
0 229 0.523438 0.422222 0.125000 0.352778 1.000000
0 230 0.518750 0.394444 0.142187 0.280556 1.000000
0 231 0.519922 0.381944 0.158594 0.216667 1.000000
0 232 0.536328 0.382639 0.191406 0.148611 1.000000
0 233 0.537500 0.389583 0.203125 0.145833 1.000000
0 234 0.538672 0.403472 0.200781 0.165278 1.000000
0 235 0.531250 0.430556 0.201563 0.191667 1.000000
0 236 0.506250 0.501389 0.218750 0.227778 1.000000
0 237 0.502734 0.530556 0.211719 0.222222 1.000000
0 238 0.503906 0.563889 0.207813 0.216667 1.000000
0 239 0.504687 0.598611 0.203125 0.230556 1.000000
0 240 0.501953 0.644444 0.210156 0.177778 1.000000
0 241 0.498828 0.661111 0.219531 0.147222 1.000000
0 242 0.499609 0.665972 0.219531 0.137500 1.000000
0 243 0.504687 0.669444 0.225000 0.127778 1.000000
0 244 0.514062 0.676389 0.226562 0.116667 1.000000
0 245 0.516406 0.679861 0.228125 0.115278 1.000000
0 246 0.517578 0.679861 0.227344 0.112500 1.000000
0 247 0.517578 0.679861 0.228906 0.112500 1.000000
0 248 0.515625 0.675000 0.229687 0.125000 1.000000
0 249 0.513672 0.670139 0.225781 0.131944 1.000000
0 250 0.512500 0.665972 0.225000 0.143056 1.000000
0 251 0.512109 0.662500 0.222656 0.150000 1.000000
0 252 0.509766 0.658333 0.219531 0.161111 1.000000
0 253 0.510938 0.645833 0.212500 0.186111 1.000000
0 254 0.512109 0.631944 0.202344 0.211111 1.000000
0 255 0.516406 0.618750 0.181250 0.237500 1.000000
0 256 0.520703 0.601389 0.144531 0.272222 1.000000
0 257 0.521094 0.596528 0.143750 0.270833 1.000000
0 258 0.520312 0.591667 0.159375 0.258333 1.000000
0 259 0.515625 0.586111 0.182812 0.227778 1.000000
0 260 0.512500 0.591667 0.225000 0.188889 1.000000
0 261 0.519141 0.607639 0.246094 0.184722 1.000000
0 262 0.522266 0.627778 0.258594 0.183333 1.000000
0 263 0.525391 0.649306 0.264844 0.181944 1.000000
0 264 0.527734 0.664583 0.269531 0.148611 1.000000
0 265 0.527734 0.669444 0.269531 0.138889 1.000000
0 266 0.526563 0.677083 0.267188 0.126389 1.000000
0 267 0.525391 0.677083 0.264844 0.126389 1.000000
0 268 0.524609 0.677083 0.263281 0.123611 1.000000
0 269 0.523438 0.679167 0.260937 0.119444 1.000000
0 270 0.520703 0.683333 0.255469 0.113889 1.000000
0 271 0.513672 0.679861 0.239844 0.118056 1.000000
0 272 0.503516 0.672222 0.217969 0.136111 1.000000
0 273 0.503906 0.670139 0.217188 0.140278 1.000000
0 274 0.505078 0.664583 0.214844 0.151389 1.000000
0 275 0.505859 0.657639 0.208594 0.162500 1.000000
0 276 0.503906 0.643056 0.185938 0.191667 1.000000
0 277 0.505859 0.634722 0.177344 0.188889 1.000000
0 278 0.508203 0.634028 0.169531 0.193056 1.000000
0 279 0.507812 0.632639 0.167187 0.195833 1.000000
0 280 0.506641 0.632639 0.163281 0.195833 1.000000
0 281 0.506641 0.632639 0.161719 0.195833 1.000000
0 282 0.505859 0.634028 0.163281 0.193056 1.000000
0 283 0.505078 0.631944 0.161719 0.186111 1.000000
0 284 0.517969 0.629861 0.164062 0.181944 1.000000
0 285 0.523828 0.629861 0.152344 0.179167 1.000000
0 286 0.528516 0.630556 0.142969 0.175000 1.000000
0 287 0.533594 0.630556 0.132812 0.175000 1.000000
0 288 0.544922 0.631944 0.110156 0.175000 1.000000
0 289 0.542969 0.631944 0.112500 0.175000 1.000000
0 290 0.537891 0.629167 0.122656 0.180556 1.000000
0 291 0.528125 0.624306 0.120313 0.190278 1.000000
0 292 0.517578 0.616667 0.110156 0.211111 1.000000
0 293 0.517188 0.618056 0.098437 0.211111 1.000000
0 294 0.516797 0.621528 0.085156 0.204167 1.000000
0 295 0.516406 0.623611 0.081250 0.200000 1.000000
0 296 0.515625 0.620833 0.076563 0.186111 1.000000
0 297 0.515234 0.622222 0.075781 0.183333 1.000000
0 298 0.515234 0.620139 0.075781 0.187500 1.000000
0 299 0.515625 0.620139 0.079687 0.187500 1.000000
0 300 0.514453 0.622222 0.083594 0.161111 1.000000
0 301 0.514062 0.627083 0.084375 0.154167 1.000000
0 302 0.513281 0.620139 0.081250 0.170833 1.000000
0 303 0.512891 0.605556 0.077344 0.197222 1.000000
0 304 0.514062 0.597222 0.082812 0.208333 1.000000
0 305 0.513672 0.603472 0.085156 0.195833 1.000000
0 306 0.513672 0.617361 0.085156 0.165278 1.000000
0 307 0.514453 0.631944 0.088281 0.133333 1.000000
0 308 0.517969 0.640972 0.084375 0.134722 1.000000
0 309 0.508984 0.629167 0.063281 0.141667 1.000000
0 310 0.499609 0.621528 0.063281 0.151389 1.000000
0 311 0.497266 0.619444 0.077344 0.155556 1.000000
0 312 0.499219 0.620833 0.062500 0.155556 1.000000
0 313 0.502344 0.621528 0.068750 0.154167 1.000000
0 314 0.504297 0.621528 0.072656 0.154167 1.000000
0 315 0.503906 0.621528 0.068750 0.154167 1.000000
0 316 0.501563 0.621528 0.071875 0.148611 1.000000
0 317 0.500000 0.620139 0.073438 0.145833 1.000000
0 318 0.496484 0.620139 0.071094 0.145833 1.000000
0 319 0.491406 0.620833 0.078125 0.147222 1.000000
0 320 0.482422 0.620833 0.091406 0.147222 1.000000
0 321 0.476562 0.622222 0.098437 0.144444 1.000000
0 322 0.467969 0.625000 0.107813 0.138889 1.000000
0 323 0.458594 0.625000 0.114062 0.138889 1.000000
0 324 0.441016 0.625694 0.152344 0.140278 1.000000
0 325 0.434375 0.625694 0.162500 0.140278 1.000000
0 326 0.428125 0.627083 0.164062 0.137500 1.000000
0 327 0.421875 0.628472 0.170313 0.134722 1.000000
0 328 0.419141 0.631250 0.166406 0.131944 1.000000
0 329 0.419531 0.631250 0.167187 0.134722 1.000000
0 330 0.418359 0.629861 0.166406 0.134722 1.000000
0 331 0.416797 0.629861 0.163281 0.134722 1.000000
0 332 0.416016 0.627778 0.163281 0.136111 1.000000
0 333 0.417969 0.627083 0.164062 0.137500 1.000000
0 334 0.419141 0.626389 0.163281 0.138889 1.000000
0 335 0.420703 0.625694 0.164844 0.137500 1.000000
0 336 0.425000 0.627778 0.160938 0.138889 1.000000
0 337 0.426563 0.629167 0.162500 0.138889 1.000000
0 338 0.428125 0.629167 0.162500 0.138889 1.000000
0 339 0.427734 0.627083 0.161719 0.140278 1.000000
0 340 0.426953 0.627083 0.160156 0.140278 1.000000
0 341 0.424219 0.627778 0.156250 0.138889 1.000000
0 342 0.422266 0.629167 0.152344 0.138889 1.000000
0 343 0.421094 0.622222 0.150000 0.152778 1.000000
0 344 0.406641 0.586806 0.122656 0.223611 1.000000
0 345 0.400781 0.572917 0.115625 0.251389 1.000000
0 346 0.398438 0.563194 0.117188 0.270833 1.000000
0 347 0.402734 0.559722 0.128906 0.277778 1.000000
0 348 0.410156 0.561806 0.146875 0.273611 1.000000
0 349 0.409766 0.564583 0.144531 0.268056 1.000000
0 350 0.400000 0.566667 0.123438 0.263889 1.000000
0 351 0.385156 0.561111 0.090625 0.275000 1.000000
0 352 0.379688 0.568750 0.081250 0.259722 1.000000
0 353 0.376563 0.581250 0.087500 0.234722 1.000000
0 354 0.374609 0.592361 0.094531 0.212500 1.000000
0 355 0.372656 0.601389 0.101562 0.194444 1.000000
0 356 0.371094 0.616667 0.107813 0.163889 1.000000
0 357 0.370703 0.615972 0.107031 0.165278 1.000000
0 358 0.371484 0.607639 0.105469 0.181944 1.000000
0 359 0.372656 0.595139 0.103125 0.206944 1.000000
0 360 0.379297 0.561806 0.088281 0.273611 1.000000
0 361 0.383984 0.549306 0.075781 0.295833 1.000000
0 362 0.387109 0.545833 0.088281 0.302778 1.000000
0 363 0.396875 0.545139 0.112500 0.306944 1.000000
0 364 0.408203 0.553472 0.149219 0.287500 1.000000
0 365 0.412500 0.568750 0.160938 0.256944 1.000000
0 366 0.416406 0.589583 0.165625 0.204167 1.000000
0 367 0.405078 0.573611 0.141406 0.183333 1.000000
0 368 0.416797 0.584028 0.155469 0.165278 1.000000
0 369 0.418750 0.607639 0.150000 0.170833 1.000000
0 370 0.419141 0.615278 0.149219 0.163889 1.000000
0 371 0.412109 0.616667 0.169531 0.161111 1.000000
0 372 0.405469 0.627778 0.189062 0.141667 1.000000
0 373 0.410156 0.635417 0.200000 0.129167 1.000000
0 374 0.411328 0.632639 0.197656 0.129167 1.000000
0 375 0.414062 0.629861 0.198437 0.131944 1.000000
0 376 0.413281 0.626389 0.193750 0.136111 1.000000
0 377 0.413672 0.626389 0.194531 0.138889 1.000000
0 378 0.414062 0.625694 0.196875 0.143056 1.000000
0 379 0.410938 0.625694 0.190625 0.145833 1.000000
0 380 0.410938 0.627083 0.195312 0.148611 1.000000
0 381 0.408203 0.627778 0.191406 0.144444 1.000000
0 382 0.406641 0.628472 0.186719 0.140278 1.000000
0 383 0.407422 0.628472 0.180469 0.140278 1.000000
0 384 0.413672 0.627083 0.147656 0.145833 1.000000
0 385 0.410156 0.627083 0.121875 0.145833 1.000000
0 386 0.412891 0.627083 0.108594 0.145833 1.000000
0 387 0.421875 0.628472 0.106250 0.145833 1.000000
0 388 0.430469 0.625694 0.098437 0.148611 1.000000
0 389 0.435156 0.625694 0.092188 0.148611 1.000000
0 390 0.439063 0.624306 0.082812 0.145833 1.000000
0 391 0.439453 0.624306 0.078906 0.145833 1.000000
0 392 0.441016 0.619444 0.077344 0.155556 1.000000
0 393 0.440234 0.615278 0.078906 0.163889 1.000000
0 394 0.443359 0.609722 0.086719 0.172222 1.000000
0 395 0.452344 0.602778 0.106250 0.183333 1.000000
0 396 0.454297 0.591667 0.113281 0.202778 1.000000
0 397 0.450391 0.590278 0.105469 0.205556 1.000000
0 398 0.447656 0.579167 0.095312 0.225000 1.000000
0 399 0.442188 0.568750 0.090625 0.251389 1.000000
0 400 0.439063 0.557639 0.084375 0.273611 1.000000
0 401 0.440625 0.562500 0.085938 0.261111 1.000000
0 402 0.443359 0.570139 0.088281 0.243056 1.000000
0 403 0.443750 0.584028 0.093750 0.215278 1.000000
0 404 0.447266 0.595139 0.103906 0.195833 1.000000
0 405 0.448828 0.597917 0.110156 0.190278 1.000000
0 406 0.450781 0.602778 0.118750 0.180556 1.000000
0 407 0.454297 0.610417 0.125781 0.165278 1.000000
0 408 0.461719 0.624306 0.140625 0.126389 1.000000
0 409 0.469531 0.639583 0.143750 0.109722 1.000000
0 410 0.480078 0.650694 0.141406 0.101389 1.000000
0 411 0.494141 0.638889 0.128906 0.122222 1.000000
0 412 0.507812 0.618750 0.115625 0.156944 1.000000
0 413 0.512109 0.609722 0.108594 0.177778 1.000000
0 414 0.504687 0.606250 0.121875 0.181944 1.000000
0 415 0.498828 0.611806 0.133594 0.170833 1.000000
0 416 0.494922 0.608333 0.139844 0.177778 1.000000
0 417 0.492969 0.609722 0.137500 0.172222 1.000000
0 418 0.491797 0.616667 0.133594 0.161111 1.000000
0 419 0.492578 0.624306 0.128906 0.145833 1.000000
0 420 0.495703 0.622222 0.107031 0.150000 1.000000
0 421 0.498828 0.620139 0.092969 0.143056 1.000000
0 422 0.503516 0.628472 0.080469 0.137500 1.000000
0 423 0.503906 0.633333 0.078125 0.127778 1.000000
0 424 0.498437 0.625000 0.073438 0.141667 1.000000
0 425 0.493750 0.619444 0.065625 0.150000 1.000000
0 426 0.493750 0.615972 0.067187 0.159722 1.000000
0 427 0.493359 0.611806 0.071094 0.168056 1.000000
0 428 0.488672 0.596528 0.072656 0.193056 1.000000
0 429 0.482031 0.588889 0.062500 0.208333 1.000000
0 430 0.478906 0.581250 0.057813 0.223611 1.000000
0 431 0.475391 0.573611 0.058594 0.238889 1.000000
0 432 0.467969 0.564583 0.060937 0.256944 1.000000
0 433 0.469531 0.559722 0.071875 0.261111 1.000000
0 434 0.467969 0.557639 0.089063 0.262500 1.000000
0 435 0.464062 0.560417 0.100000 0.268056 1.000000
0 436 0.460156 0.561111 0.114062 0.272222 1.000000
0 437 0.450391 0.558333 0.096094 0.277778 1.000000
0 438 0.446094 0.554167 0.087500 0.283333 1.000000
0 439 0.442188 0.550694 0.079687 0.290278 1.000000
0 440 0.428906 0.547222 0.062500 0.291667 1.000000
0 441 0.414453 0.545833 0.057031 0.288889 1.000000
0 442 0.401562 0.552083 0.065625 0.293056 1.000000
0 443 0.394531 0.554861 0.071875 0.290278 1.000000
0 444 0.380469 0.559722 0.078125 0.280556 1.000000
0 445 0.380859 0.561111 0.074219 0.283333 1.000000
0 446 0.372266 0.554167 0.103906 0.305556 1.000000
0 447 0.368359 0.549306 0.111719 0.312500 1.000000
0 448 0.342969 0.520833 0.085938 0.355556 1.000000
0 449 0.352344 0.507639 0.101562 0.379167 1.000000
0 450 0.346484 0.494444 0.083594 0.394444 1.000000
0 451 0.335938 0.495139 0.060937 0.390278 1.000000
0 452 0.310547 0.498611 0.047656 0.391667 1.000000
0 453 0.297656 0.497222 0.054688 0.397222 1.000000
0 454 0.283594 0.506944 0.062500 0.391667 1.000000
0 455 0.275391 0.513194 0.069531 0.398611 1.000000
0 456 0.266406 0.540278 0.068750 0.361111 1.000000
0 457 0.265625 0.551389 0.075000 0.338889 1.000000
0 458 0.259375 0.553472 0.084375 0.331944 1.000000
0 459 0.248828 0.545833 0.089844 0.341667 1.000000
0 460 0.205469 0.542361 0.125000 0.343056 1.000000
0 461 0.187891 0.545139 0.146094 0.348611 1.000000
0 462 0.170703 0.549306 0.160156 0.343056 1.000000
0 463 0.158203 0.554167 0.174219 0.336111 1.000000
0 464 0.144922 0.556250 0.185156 0.334722 1.000000
0 465 0.146094 0.551389 0.181250 0.338889 1.000000
0 466 0.150000 0.543750 0.162500 0.334722 1.000000
0 467 0.151562 0.539583 0.140625 0.331944 1.000000
0 468 0.141406 0.541667 0.115625 0.327778 1.000000
0 469 0.121484 0.550694 0.111719 0.334722 1.000000
0 470 0.115625 0.553472 0.110937 0.326389 1.000000
0 471 0.117969 0.557639 0.100000 0.318056 1.000000
0 472 0.111719 0.555556 0.100000 0.319444 1.000000
0 473 0.103906 0.549306 0.100000 0.329167 1.000000
0 474 0.097266 0.544444 0.099219 0.336111 1.000000
0 475 0.094531 0.535417 0.104688 0.320833 1.000000
0 476 0.105859 0.514583 0.133594 0.368056 1.000000
0 477 0.116016 0.514583 0.147656 0.379167 1.000000
0 478 0.125000 0.517361 0.150000 0.373611 1.000000
0 479 0.129688 0.519444 0.153125 0.366667 1.000000
0 480 0.117188 0.514583 0.178125 0.365278 1.000000
0 481 0.107813 0.512500 0.184375 0.363889 1.000000
0 482 0.101562 0.508333 0.173437 0.358333 1.000000
0 483 0.094531 0.507639 0.139063 0.351389 1.000000
0 484 0.101172 0.514583 0.069531 0.345833 1.000000
0 485 0.111328 0.521528 0.046094 0.334722 1.000000
0 486 0.113281 0.531944 0.043750 0.313889 1.000000
0 487 0.111719 0.525694 0.050000 0.323611 1.000000
0 488 0.101953 0.529861 0.083594 0.304167 1.000000
0 489 0.099219 0.532639 0.100000 0.290278 1.000000
0 490 0.096875 0.533333 0.107813 0.280556 1.000000
0 491 0.095703 0.531944 0.116406 0.275000 1.000000
0 492 0.100391 0.536111 0.110156 0.266667 1.000000
0 493 0.100000 0.543750 0.107813 0.262500 1.000000
0 494 0.098828 0.548611 0.110156 0.255556 1.000000
0 495 0.097266 0.552083 0.107031 0.248611 1.000000
0 496 0.102344 0.547917 0.103125 0.251389 1.000000
0 497 0.107031 0.543750 0.095312 0.256944 1.000000
0 498 0.108203 0.539583 0.089844 0.262500 1.000000
0 499 0.112500 0.534722 0.082812 0.263889 1.000000
0 500 0.115625 0.534028 0.062500 0.259722 1.000000
0 501 0.119531 0.536806 0.056250 0.256944 1.000000
0 502 0.125000 0.543056 0.048438 0.255556 1.000000
0 503 0.131250 0.550000 0.046875 0.250000 1.000000
0 504 0.139844 0.547917 0.057813 0.245833 1.000000
0 505 0.144531 0.543750 0.062500 0.251389 1.000000
0 506 0.147656 0.538889 0.067187 0.255556 1.000000
0 507 0.151562 0.536806 0.068750 0.259722 1.000000
0 508 0.162891 0.533333 0.067969 0.258333 1.000000
0 509 0.164453 0.530556 0.067969 0.255556 1.000000
0 510 0.164062 0.532639 0.065625 0.251389 1.000000
0 511 0.162500 0.541667 0.059375 0.252778 1.000000
0 512 0.159375 0.552083 0.059375 0.240278 1.000000
0 513 0.160938 0.554861 0.064062 0.234722 1.000000
0 514 0.163281 0.553472 0.067187 0.234722 1.000000
0 515 0.165234 0.552083 0.071094 0.237500 1.000000
0 516 0.175000 0.542361 0.057813 0.254167 1.000000
0 519 0.204687 0.520833 0.051562 0.275000 1.000000
0 520 0.219531 0.513889 0.056250 0.280556 1.000000
0 521 0.226172 0.512500 0.057031 0.280556 1.000000
0 522 0.231641 0.513889 0.057031 0.283333 1.000000
0 523 0.232813 0.515972 0.050000 0.281944 1.000000
0 524 0.245312 0.531250 0.057813 0.281944 1.000000
0 525 0.257422 0.538194 0.071094 0.273611 1.000000
0 526 0.265625 0.543056 0.081250 0.263889 1.000000
0 527 0.267578 0.542361 0.091406 0.262500 1.000000
0 528 0.278516 0.537500 0.082031 0.269444 1.000000
0 529 0.287500 0.540972 0.076563 0.284722 1.000000
0 530 0.292969 0.541667 0.062500 0.286111 1.000000
0 531 0.301953 0.540972 0.049219 0.284722 1.000000
0 532 0.315234 0.542361 0.130469 0.284722 1.000000
0 533 0.319141 0.538889 0.136719 0.283333 1.000000
0 534 0.328906 0.538194 0.118750 0.284722 1.000000
0 535 0.345313 0.538194 0.092188 0.281944 1.000000
0 536 0.390234 0.552778 0.094531 0.305556 1.000000
0 537 0.407422 0.554167 0.103906 0.305556 1.000000
0 538 0.408594 0.552778 0.106250 0.308333 1.000000
0 539 0.410547 0.547222 0.096094 0.319444 1.000000
0 540 0.412109 0.513889 0.064844 0.377778 1.000000
0 541 0.419531 0.485417 0.060937 0.395833 1.000000
0 542 0.424609 0.459028 0.067969 0.365278 1.000000
0 543 0.425391 0.432639 0.083594 0.376389 1.000000
0 544 0.450391 0.402778 0.122656 0.352778 1.000000
0 545 0.459766 0.384722 0.144531 0.308333 1.000000
0 546 0.466016 0.359722 0.155469 0.250000 1.000000
0 547 0.467969 0.340972 0.159375 0.201389 1.000000
0 548 0.477734 0.360417 0.177344 0.170833 1.000000
0 549 0.490234 0.383333 0.183594 0.208333 1.000000
0 550 0.498828 0.407639 0.182031 0.254167 1.000000
0 551 0.503516 0.436111 0.172656 0.305556 1.000000
0 552 0.503906 0.488889 0.100000 0.355556 1.000000
0 553 0.517188 0.517361 0.078125 0.370833 1.000000
0 554 0.510547 0.531250 0.100781 0.348611 1.000000
0 555 0.508594 0.540972 0.114062 0.326389 1.000000
0 556 0.564063 0.535417 0.132812 0.331944 1.000000
0 557 0.570312 0.528472 0.115625 0.340278 1.000000
0 558 0.564844 0.522917 0.101562 0.348611 1.000000
0 559 0.551562 0.511111 0.070312 0.375000 1.000000
0 560 0.544141 0.481944 0.050781 0.425000 1.000000
0 561 0.537109 0.479861 0.049219 0.426389 1.000000
0 562 0.537500 0.486111 0.050000 0.413889 1.000000
0 563 0.538672 0.489583 0.050781 0.406944 1.000000
0 564 0.547656 0.485417 0.071875 0.415278 1.000000
0 565 0.553516 0.496528 0.088281 0.390278 1.000000
0 566 0.556641 0.513889 0.100781 0.355556 1.000000
0 567 0.551562 0.517361 0.098437 0.348611 1.000000
0 568 0.529687 0.525000 0.082812 0.352778 1.000000
0 569 0.519141 0.527083 0.102344 0.354167 1.000000
0 570 0.502344 0.527083 0.135937 0.351389 1.000000
0 571 0.495312 0.527778 0.139063 0.352778 1.000000
0 572 0.508984 0.523611 0.092969 0.363889 1.000000
0 573 0.511719 0.511806 0.070312 0.384722 1.000000
0 574 0.496484 0.506250 0.066406 0.390278 1.000000
0 575 0.487500 0.511111 0.079687 0.386111 1.000000
0 576 0.483203 0.509028 0.074219 0.393056 1.000000
0 577 0.477734 0.509028 0.064844 0.390278 1.000000
0 578 0.488281 0.506250 0.073438 0.390278 1.000000
0 579 0.495312 0.508333 0.081250 0.394444 1.000000
0 580 0.492969 0.500694 0.067187 0.404167 1.000000
0 581 0.486719 0.500000 0.062500 0.400000 1.000000
0 582 0.483203 0.506250 0.058594 0.379167 1.000000
0 583 0.482422 0.511806 0.058594 0.354167 1.000000
0 584 0.484375 0.541667 0.079687 0.333333 1.000000
0 585 0.479297 0.552083 0.085156 0.315278 1.000000
0 586 0.478516 0.561806 0.089844 0.293056 1.000000
0 587 0.481250 0.572917 0.092188 0.270833 1.000000
0 588 0.492188 0.595139 0.104688 0.226389 1.000000
0 589 0.479687 0.606250 0.087500 0.206944 1.000000
0 590 0.478516 0.613889 0.092969 0.191667 1.000000
0 591 0.466016 0.616667 0.094531 0.183333 1.000000
0 592 0.451562 0.619444 0.117188 0.177778 1.000000
0 593 0.444141 0.616667 0.119531 0.180556 1.000000
0 594 0.425000 0.618056 0.121875 0.180556 1.000000
0 595 0.419922 0.614583 0.133594 0.168056 1.000000
0 596 0.425781 0.616667 0.140625 0.161111 1.000000
0 597 0.423828 0.617361 0.127344 0.156944 1.000000
0 598 0.414453 0.618056 0.144531 0.152778 1.000000
0 599 0.412891 0.616667 0.147656 0.152778 1.000000
0 600 0.421875 0.615278 0.129688 0.152778 1.000000
0 601 0.426172 0.615278 0.119531 0.161111 1.000000
0 602 0.424219 0.611806 0.121875 0.165278 1.000000
0 603 0.425000 0.610417 0.121875 0.165278 1.000000
0 604 0.425391 0.611111 0.130469 0.163889 1.000000
0 605 0.426953 0.610417 0.135156 0.162500 1.000000
0 606 0.430078 0.604167 0.132031 0.175000 1.000000
0 607 0.432422 0.597222 0.127344 0.186111 1.000000
0 608 0.441016 0.590278 0.107031 0.197222 1.000000
0 609 0.447266 0.588194 0.096094 0.201389 1.000000
0 610 0.450000 0.588194 0.090625 0.201389 1.000000
0 611 0.450391 0.586806 0.088281 0.201389 1.000000
0 612 0.452344 0.583333 0.087500 0.208333 1.000000
0 613 0.453516 0.569444 0.083594 0.225000 1.000000
0 614 0.455469 0.554861 0.081250 0.245833 1.000000
0 615 0.457813 0.542361 0.078125 0.279167 1.000000
0 616 0.462891 0.508333 0.074219 0.336111 1.000000
0 617 0.466406 0.495139 0.075000 0.365278 1.000000
0 618 0.467187 0.478472 0.085938 0.390278 1.000000
0 619 0.464844 0.446528 0.089063 0.431944 1.000000
0 620 0.458203 0.410417 0.086719 0.459722 1.000000
0 621 0.458984 0.404167 0.083594 0.455556 1.000000
0 622 0.464062 0.409722 0.082812 0.452778 1.000000
0 623 0.471094 0.422222 0.085938 0.436111 1.000000
0 624 0.481250 0.457639 0.078125 0.384722 1.000000
0 625 0.478125 0.470139 0.078125 0.381944 1.000000
0 626 0.478906 0.478472 0.096875 0.373611 1.000000
0 627 0.481641 0.495833 0.108594 0.375000 1.000000
0 628 0.478125 0.525694 0.143750 0.318056 1.000000
0 629 0.473047 0.538889 0.142969 0.294444 1.000000
0 630 0.475391 0.544444 0.138281 0.283333 1.000000
0 631 0.477344 0.550000 0.132812 0.272222 1.000000
0 632 0.483594 0.547222 0.117188 0.272222 1.000000
0 633 0.486328 0.540972 0.105469 0.281944 1.000000
0 634 0.484766 0.535417 0.107031 0.295833 1.000000
0 635 0.482031 0.527778 0.104688 0.313889 1.000000
0 636 0.472266 0.511806 0.085156 0.340278 1.000000
0 637 0.470703 0.504861 0.074219 0.345833 1.000000
0 638 0.475391 0.502083 0.072656 0.343056 1.000000
0 639 0.482422 0.500694 0.067969 0.337500 1.000000
0 640 0.478516 0.510417 0.067969 0.334722 1.000000
0 641 0.476562 0.514583 0.068750 0.323611 1.000000
0 642 0.475000 0.520833 0.062500 0.313889 1.000000
0 643 0.476953 0.526389 0.063281 0.302778 1.000000
0 644 0.480078 0.524306 0.055469 0.306944 1.000000
0 645 0.481250 0.522222 0.051562 0.311111 1.000000
0 646 0.482031 0.516667 0.048438 0.313889 1.000000
0 647 0.482422 0.500000 0.046094 0.333333 1.000000
0 648 0.485938 0.465972 0.042188 0.384722 1.000000
0 649 0.487891 0.451389 0.039844 0.391667 1.000000
0 650 0.490234 0.438194 0.041406 0.395833 1.000000
0 651 0.491797 0.430556 0.041406 0.388889 1.000000
0 652 0.494922 0.428472 0.041406 0.379167 1.000000
0 653 0.496875 0.431944 0.042188 0.372222 1.000000
0 654 0.497656 0.436111 0.042188 0.366667 1.000000
0 655 0.499609 0.454861 0.042969 0.387500 1.000000
0 656 0.500391 0.479861 0.042969 0.370833 1.000000
0 657 0.501953 0.486806 0.044531 0.362500 1.000000
0 658 0.503516 0.487500 0.053906 0.366667 1.000000
0 659 0.505469 0.486111 0.062500 0.366667 1.000000
0 660 0.508594 0.478472 0.075000 0.381944 1.000000
0 661 0.510938 0.474306 0.076563 0.390278 1.000000
0 662 0.512109 0.474306 0.075781 0.387500 1.000000
0 663 0.510938 0.475694 0.073438 0.381944 1.000000
0 664 0.510156 0.494444 0.064062 0.350000 1.000000
0 665 0.510938 0.509028 0.056250 0.343056 1.000000
0 666 0.508203 0.514583 0.053906 0.343056 1.000000
0 667 0.504297 0.522222 0.052344 0.333333 1.000000
0 668 0.499609 0.531250 0.053906 0.331944 1.000000
0 669 0.497656 0.534028 0.054688 0.334722 1.000000
0 670 0.499219 0.534028 0.060937 0.334722 1.000000
0 671 0.501172 0.535417 0.063281 0.337500 1.000000
0 672 0.503516 0.531250 0.044531 0.351389 1.000000
0 673 0.504687 0.529167 0.046875 0.358333 1.000000
0 674 0.504297 0.530556 0.047656 0.355556 1.000000
0 675 0.505078 0.531944 0.049219 0.352778 1.000000
0 676 0.506250 0.541667 0.056250 0.341667 1.000000
0 677 0.507812 0.547222 0.060937 0.338889 1.000000
0 678 0.505469 0.550000 0.060937 0.344444 1.000000
0 679 0.504297 0.551389 0.063281 0.341667 1.000000
0 680 0.500391 0.550694 0.071094 0.348611 1.000000
0 681 0.497266 0.551389 0.078906 0.352778 1.000000
0 682 0.490625 0.551389 0.092188 0.352778 1.000000
0 683 0.492188 0.554861 0.087500 0.348611 1.000000
0 684 0.488672 0.556250 0.086719 0.356944 1.000000
0 685 0.485156 0.555556 0.081250 0.363889 1.000000
0 686 0.480859 0.554167 0.072656 0.369444 1.000000
0 687 0.477734 0.552778 0.067969 0.372222 1.000000
0 688 0.479687 0.556944 0.071875 0.377778 1.000000
0 689 0.478125 0.557639 0.070312 0.379167 1.000000
0 690 0.476172 0.559722 0.071094 0.380556 1.000000
0 691 0.478516 0.561111 0.071094 0.383333 1.000000
0 692 0.475781 0.563889 0.075000 0.386111 1.000000
0 693 0.475781 0.565278 0.075000 0.388889 1.000000
0 694 0.476562 0.568750 0.076563 0.390278 1.000000
0 695 0.476953 0.571528 0.075781 0.390278 1.000000
0 696 0.477344 0.571528 0.082812 0.398611 1.000000
0 697 0.470313 0.572222 0.100000 0.400000 1.000000
0 698 0.466406 0.570139 0.109375 0.393056 1.000000
0 699 0.466797 0.570139 0.116406 0.393056 1.000000
0 700 0.464062 0.576389 0.110937 0.391667 1.000000
0 701 0.465625 0.579861 0.107813 0.395833 1.000000
0 702 0.466406 0.580556 0.106250 0.394444 1.000000
0 703 0.472656 0.581250 0.092188 0.393056 1.000000
0 704 0.476172 0.584722 0.083594 0.397222 1.000000
0 705 0.477734 0.588194 0.080469 0.401389 1.000000
0 706 0.480469 0.588194 0.081250 0.404167 1.000000
0 707 0.474609 0.594444 0.099219 0.413889 1.000000
0 708 0.482422 0.597222 0.088281 0.402778 1.000000
0 709 0.491016 0.600000 0.077344 0.402778 1.000000
0 710 0.488281 0.607639 0.081250 0.409722 1.000000
0 711 0.488672 0.611111 0.082031 0.416667 1.000000
0 712 0.492578 0.614583 0.082031 0.418056 1.000000
0 713 0.500781 0.624306 0.089063 0.409722 1.000000
0 714 0.505078 0.620139 0.088281 0.423611 1.000000
0 715 0.509375 0.622222 0.093750 0.427778 1.000000
0 716 0.519922 0.623611 0.085156 0.433333 1.000000
0 717 0.519141 0.622917 0.075781 0.440278 1.000000
0 718 0.520703 0.619444 0.071094 0.447222 1.000000
0 719 0.528125 0.622917 0.060937 0.440278 1.000000
0 720 0.530469 0.620833 0.067187 0.438889 1.000000
0 721 0.529687 0.623611 0.068750 0.438889 1.000000
0 722 0.528125 0.624306 0.084375 0.445833 1.000000
0 723 0.529297 0.622222 0.080469 0.444444 1.000000
0 724 0.542578 0.621528 0.089844 0.443056 1.000000
0 725 0.549219 0.618750 0.103125 0.440278 1.000000
0 726 0.553125 0.617361 0.110937 0.443056 1.000000
0 727 0.562891 0.622917 0.130469 0.440278 1.000000
0 728 0.571484 0.629861 0.147656 0.423611 1.000000
0 729 0.573438 0.632639 0.151562 0.423611 1.000000
0 730 0.575391 0.640278 0.150781 0.430556 1.000000
0 731 0.578125 0.644444 0.150000 0.430556 1.000000
0 732 0.590234 0.636111 0.127344 0.450000 1.000000
0 733 0.605859 0.631944 0.105469 0.461111 1.000000
0 734 0.623437 0.627778 0.087500 0.475000 1.000000
0 735 0.634766 0.627778 0.082031 0.483333 1.000000
0 736 0.653906 0.628472 0.098437 0.481944 1.000000
0 737 0.673047 0.634028 0.111719 0.481944 1.000000
0 738 0.676172 0.639583 0.158594 0.473611 1.000000
0 739 0.689063 0.645139 0.178125 0.462500 1.000000
0 740 0.715234 0.653472 0.185156 0.443056 1.000000
0 741 0.725000 0.654861 0.190625 0.440278 1.000000
0 742 0.735156 0.662500 0.181250 0.450000 1.000000
0 743 0.744141 0.662500 0.175781 0.450000 1.000000
0 744 0.758594 0.658333 0.171875 0.450000 1.000000
0 745 0.760156 0.654167 0.165625 0.452778 1.000000
0 746 0.758984 0.650694 0.153906 0.459722 1.000000
0 747 0.757031 0.649306 0.143750 0.462500 1.000000
0 748 0.746094 0.647917 0.145313 0.465278 1.000000
0 749 0.742188 0.644444 0.146875 0.466667 1.000000
0 750 0.738672 0.642361 0.149219 0.470833 1.000000
0 751 0.734375 0.639583 0.156250 0.473611 1.000000
0 752 0.726562 0.639583 0.171875 0.473611 1.000000
0 753 0.722266 0.640972 0.174219 0.476389 1.000000
0 754 0.719922 0.645833 0.180469 0.486111 1.000000
0 755 0.714453 0.629861 0.186719 0.520833 1.000000
0 756 0.715625 0.608333 0.170313 0.563889 1.000000
0 757 0.712500 0.602083 0.162500 0.579167 1.000000
0 758 0.707422 0.595139 0.157031 0.593056 1.000000
0 759 0.700000 0.595139 0.150000 0.593056 1.000000
0 760 0.686328 0.585417 0.127344 0.606944 1.000000
0 761 0.681250 0.583333 0.120313 0.608333 1.000000
0 762 0.675391 0.586111 0.113281 0.600000 1.000000
0 763 0.672656 0.587500 0.103125 0.586111 1.000000
0 764 0.671875 0.613194 0.096875 0.540278 1.000000
0 765 0.673047 0.631250 0.091406 0.504167 1.000000
0 766 0.673828 0.638889 0.097656 0.486111 1.000000
0 767 0.671484 0.644444 0.105469 0.466667 1.000000
0 768 0.673047 0.656250 0.121094 0.426389 1.000000
0 769 0.669141 0.656250 0.125781 0.418056 1.000000
0 770 0.664844 0.652778 0.129688 0.411111 1.000000
0 771 0.662500 0.647917 0.135937 0.415278 1.000000
0 772 0.660937 0.629861 0.134375 0.434722 1.000000
0 773 0.662500 0.620139 0.125000 0.448611 1.000000
0 774 0.663672 0.611806 0.116406 0.462500 1.000000
0 775 0.664844 0.602083 0.107813 0.476389 1.000000
0 776 0.659375 0.590972 0.107813 0.501389 1.000000
0 777 0.660547 0.569444 0.108594 0.536111 1.000000
0 778 0.666797 0.556250 0.133594 0.562500 1.000000
0 779 0.673828 0.550000 0.141406 0.586111 1.000000
0 780 0.672656 0.550000 0.154688 0.602778 1.000000
0 781 0.680859 0.546528 0.139844 0.623611 1.000000
0 782 0.676172 0.543056 0.149219 0.636111 1.000000
0 783 0.678906 0.542361 0.146875 0.643056 1.000000
0 784 0.673047 0.548611 0.155469 0.652778 1.000000
0 785 0.674609 0.556250 0.157031 0.656944 1.000000
0 786 0.680078 0.563194 0.146094 0.654167 1.000000
0 787 0.679297 0.572917 0.146094 0.648611 1.000000
0 788 0.679688 0.595833 0.143750 0.633333 1.000000
0 789 0.681641 0.607639 0.135156 0.618056 1.000000
0 790 0.683594 0.618750 0.134375 0.601389 1.000000
0 791 0.684766 0.627778 0.132031 0.583333 1.000000
0 792 0.681641 0.648611 0.111719 0.538889 1.000000
0 793 0.678125 0.648611 0.101562 0.533333 1.000000
0 794 0.672266 0.651389 0.086719 0.533333 1.000000
0 795 0.670703 0.646528 0.080469 0.531944 1.000000
0 796 0.660937 0.656250 0.100000 0.506944 1.000000
0 797 0.648828 0.654861 0.114844 0.504167 1.000000
0 798 0.644531 0.653472 0.131250 0.501389 1.000000
0 799 0.646484 0.652778 0.132031 0.497222 1.000000
0 800 0.661719 0.665278 0.160938 0.466667 1.000000
0 801 0.658594 0.677778 0.170313 0.450000 1.000000
0 802 0.654687 0.688889 0.157812 0.433333 1.000000
0 803 0.654687 0.698611 0.153125 0.411111 1.000000
0 804 0.653125 0.704167 0.145313 0.388889 1.000000
0 805 0.653125 0.703472 0.140625 0.395833 1.000000
0 806 0.652734 0.701389 0.136719 0.397222 1.000000
0 807 0.653516 0.693750 0.138281 0.398611 1.000000
0 808 0.651953 0.683333 0.141406 0.411111 1.000000
0 809 0.649609 0.676389 0.147656 0.422222 1.000000
0 810 0.645703 0.672917 0.150781 0.426389 1.000000
0 811 0.641797 0.668056 0.153906 0.436111 1.000000
0 812 0.639844 0.654167 0.132812 0.450000 1.000000
0 813 0.642188 0.650000 0.121875 0.455556 1.000000
0 814 0.644922 0.646528 0.121094 0.465278 1.000000
0 815 0.646875 0.638194 0.120313 0.476389 1.000000
0 816 0.648828 0.615972 0.119531 0.506944 1.000000
0 817 0.646094 0.608333 0.131250 0.511111 1.000000
0 818 0.644531 0.599306 0.139063 0.515278 1.000000
0 819 0.645312 0.591667 0.143750 0.513889 1.000000
0 820 0.653125 0.588889 0.143750 0.491667 1.000000
0 821 0.659375 0.591667 0.140625 0.483333 1.000000
0 822 0.667969 0.605556 0.128125 0.480556 1.000000
0 823 0.684766 0.615972 0.096094 0.470833 1.000000
0 824 0.735547 0.613889 0.133594 0.472222 1.000000
0 825 0.745313 0.596528 0.143750 0.498611 1.000000
0 826 0.744922 0.579861 0.139844 0.526389 1.000000
0 827 0.731250 0.544444 0.145313 0.544444 1.000000
0 828 0.680859 0.461806 0.147656 0.554167 1.000000
0 829 0.662500 0.424306 0.135937 0.487500 1.000000
0 830 0.662500 0.393056 0.135937 0.408333 1.000000
0 831 0.667188 0.379861 0.126562 0.365278 1.000000
0 832 0.668359 0.417361 0.117969 0.423611 1.000000
0 833 0.659375 0.450000 0.129688 0.483333 1.000000
0 834 0.654687 0.476389 0.145313 0.533333 1.000000
0 835 0.661328 0.500000 0.161719 0.544444 1.000000
0 836 0.685156 0.573611 0.173437 0.486111 1.000000
0 837 0.696094 0.600694 0.168750 0.454167 1.000000
0 838 0.700391 0.613889 0.164844 0.425000 1.000000
0 839 0.695312 0.621528 0.143750 0.409722 1.000000
0 840 0.671875 0.615972 0.093750 0.398611 1.000000
0 841 0.664062 0.606250 0.084375 0.409722 1.000000
0 842 0.626953 0.596528 0.150781 0.420833 1.000000
0 843 0.619922 0.579861 0.161719 0.420833 1.000000
0 844 0.608984 0.554167 0.191406 0.419444 1.000000
0 845 0.603516 0.545139 0.202344 0.420833 1.000000
0 846 0.589063 0.539583 0.182812 0.415278 1.000000
0 847 0.588672 0.536806 0.178906 0.409722 1.000000
0 848 0.589844 0.543750 0.182812 0.393056 1.000000
0 849 0.580469 0.553472 0.184375 0.395833 1.000000
0 850 0.576172 0.567361 0.163281 0.395833 1.000000
0 851 0.564844 0.574306 0.142187 0.379167 1.000000
0 852 0.533594 0.559028 0.096875 0.390278 1.000000
0 853 0.521484 0.550694 0.089844 0.390278 1.000000
0 854 0.507422 0.538889 0.107031 0.372222 1.000000
0 855 0.496094 0.534722 0.140625 0.369444 1.000000
0 856 0.477734 0.545139 0.122656 0.362500 1.000000
0 857 0.466406 0.547222 0.092188 0.355556 1.000000
0 858 0.456641 0.552083 0.089844 0.337500 1.000000
0 859 0.447656 0.552083 0.090625 0.329167 1.000000
0 860 0.428906 0.547222 0.084375 0.330556 1.000000
0 861 0.418359 0.542361 0.082031 0.331944 1.000000
0 862 0.399219 0.539583 0.096875 0.329167 1.000000
0 863 0.383203 0.532639 0.107031 0.320833 1.000000
0 864 0.365625 0.540278 0.110937 0.313889 1.000000
0 865 0.363281 0.550694 0.115625 0.312500 1.000000
0 866 0.357812 0.555556 0.115625 0.302778 1.000000
0 867 0.352734 0.556250 0.108594 0.298611 1.000000
0 868 0.345703 0.545139 0.099219 0.306944 1.000000
0 869 0.344922 0.538194 0.092969 0.318056 1.000000
0 870 0.342578 0.534722 0.092969 0.322222 1.000000
0 871 0.339844 0.528472 0.092188 0.320833 1.000000
0 872 0.333594 0.529861 0.090625 0.318056 1.000000
0 873 0.326562 0.529167 0.093750 0.325000 1.000000
0 874 0.322656 0.526389 0.087500 0.327778 1.000000
0 875 0.316797 0.526389 0.086719 0.327778 1.000000
0 876 0.307422 0.522222 0.086719 0.336111 1.000000
0 877 0.307812 0.515278 0.078125 0.344444 1.000000
0 878 0.309375 0.509028 0.070312 0.354167 1.000000
0 879 0.305859 0.500000 0.077344 0.366667 1.000000
0 880 0.299219 0.494444 0.096875 0.377778 1.000000
0 881 0.303906 0.491667 0.114062 0.386111 1.000000
0 882 0.303516 0.491667 0.116406 0.386111 1.000000
0 883 0.302734 0.492361 0.117969 0.384722 1.000000
0 884 0.300000 0.489583 0.109375 0.381944 1.000000
0 885 0.298828 0.487500 0.103906 0.377778 1.000000
0 886 0.305078 0.494444 0.111719 0.372222 1.000000
0 887 0.311719 0.500694 0.125000 0.359722 1.000000
0 888 0.321094 0.530556 0.143750 0.300000 1.000000
0 889 0.327734 0.552083 0.163281 0.256944 1.000000
0 890 0.330859 0.565278 0.167969 0.230556 1.000000
0 891 0.329297 0.577778 0.163281 0.205556 1.000000
0 892 0.306250 0.584028 0.135937 0.190278 1.000000
0 893 0.307812 0.577778 0.126562 0.205556 1.000000
0 894 0.303516 0.556250 0.119531 0.245833 1.000000
0 895 0.303516 0.525000 0.088281 0.302778 1.000000
0 896 0.299219 0.495139 0.071875 0.365278 1.000000
0 897 0.299219 0.490972 0.075000 0.368056 1.000000
0 898 0.303516 0.496528 0.107031 0.359722 1.000000
0 899 0.308594 0.507639 0.134375 0.340278 1.000000
0 900 0.314844 0.538194 0.159375 0.279167 1.000000
0 901 0.319141 0.535417 0.155469 0.284722 1.000000
0 902 0.316797 0.526389 0.152344 0.302778 1.000000
0 903 0.311719 0.515278 0.154688 0.322222 1.000000
0 904 0.304297 0.499306 0.138281 0.351389 1.000000
0 905 0.297656 0.496528 0.135937 0.354167 1.000000
0 906 0.299219 0.491667 0.118750 0.363889 1.000000
0 907 0.301563 0.490972 0.092188 0.368056 1.000000
0 908 0.289844 0.492361 0.057813 0.365278 1.000000
0 909 0.295703 0.497917 0.075781 0.351389 1.000000
0 910 0.302344 0.515972 0.098437 0.312500 1.000000
0 911 0.302344 0.534722 0.121875 0.280556 1.000000
0 912 0.287891 0.551389 0.164844 0.250000 1.000000
0 913 0.269141 0.559722 0.172656 0.230556 1.000000
0 914 0.258203 0.568750 0.175781 0.212500 1.000000
0 915 0.248438 0.574306 0.160938 0.198611 1.000000
0 916 0.244922 0.527083 0.144531 0.293056 1.000000
0 917 0.247656 0.511111 0.121875 0.322222 1.000000
0 918 0.249219 0.497917 0.103125 0.348611 1.000000
0 919 0.242188 0.491667 0.103125 0.358333 1.000000
0 920 0.233594 0.490278 0.106250 0.361111 1.000000
0 921 0.233984 0.490278 0.103906 0.358333 1.000000
0 922 0.236719 0.491667 0.103125 0.355556 1.000000
0 923 0.241406 0.494444 0.106250 0.347222 1.000000
0 924 0.243359 0.510417 0.125781 0.315278 1.000000
0 925 0.241797 0.524306 0.146094 0.284722 1.000000
0 926 0.239844 0.541667 0.160938 0.250000 1.000000
0 927 0.240234 0.559722 0.167969 0.211111 1.000000
0 928 0.249219 0.556944 0.154688 0.222222 1.000000
0 929 0.254688 0.547917 0.139063 0.240278 1.000000
0 930 0.261328 0.540278 0.124219 0.258333 1.000000
0 931 0.265234 0.534722 0.103906 0.269444 1.000000
0 932 0.275000 0.527083 0.121875 0.284722 1.000000
0 933 0.275391 0.524306 0.119531 0.290278 1.000000
0 934 0.271094 0.521528 0.121875 0.293056 1.000000
0 935 0.268750 0.522222 0.125000 0.297222 1.000000
0 936 0.274219 0.518750 0.142187 0.301389 1.000000
0 937 0.276562 0.517361 0.154688 0.304167 1.000000
0 938 0.273828 0.513889 0.157031 0.308333 1.000000
0 939 0.280078 0.506944 0.133594 0.319444 1.000000
0 940 0.264453 0.494444 0.094531 0.344444 1.000000
0 941 0.264844 0.512500 0.082812 0.311111 1.000000
0 942 0.265625 0.518750 0.076563 0.298611 1.000000
0 943 0.264844 0.520833 0.076563 0.294444 1.000000
0 944 0.264453 0.518056 0.077344 0.294444 1.000000
0 945 0.264453 0.513889 0.066406 0.300000 1.000000
0 946 0.260937 0.506944 0.065625 0.302778 1.000000
0 947 0.253516 0.502778 0.061719 0.297222 1.000000
0 948 0.242969 0.504861 0.078125 0.281944 1.000000
0 949 0.240234 0.515972 0.083594 0.284722 1.000000
0 950 0.241797 0.520833 0.080469 0.280556 1.000000
0 951 0.239844 0.524306 0.076563 0.279167 1.000000
0 952 0.238672 0.518056 0.069531 0.283333 1.000000
0 953 0.238672 0.513889 0.066406 0.288889 1.000000
0 954 0.237500 0.509028 0.068750 0.293056 1.000000
0 955 0.235937 0.495139 0.067187 0.309722 1.000000
0 956 0.234766 0.477778 0.069531 0.330556 1.000000
0 957 0.233203 0.481944 0.069531 0.330556 1.000000
0 958 0.232813 0.487500 0.067187 0.327778 1.000000
0 959 0.231250 0.492361 0.067187 0.318056 1.000000
0 960 0.230078 0.496528 0.069531 0.312500 1.000000
0 961 0.231250 0.490972 0.071875 0.309722 1.000000
0 962 0.232031 0.484722 0.071875 0.319444 1.000000
0 963 0.232422 0.478472 0.069531 0.331944 1.000000
0 964 0.235937 0.475694 0.051562 0.323611 1.000000
0 965 0.239063 0.481944 0.046875 0.305556 1.000000
0 966 0.242578 0.479861 0.044531 0.309722 1.000000
0 967 0.245312 0.478472 0.042188 0.312500 1.000000
0 968 0.245312 0.488889 0.045312 0.302778 1.000000
0 969 0.244531 0.486806 0.046875 0.309722 1.000000
0 970 0.245703 0.482639 0.044531 0.323611 1.000000
0 971 0.240625 0.475000 0.050000 0.325000 1.000000
0 972 0.237891 0.486806 0.058594 0.270833 1.000000
0 973 0.244141 0.480556 0.044531 0.269444 1.000000
0 974 0.245312 0.478472 0.042188 0.273611 1.000000
0 975 0.244531 0.477778 0.042188 0.272222 1.000000
0 976 0.251172 0.480556 0.038281 0.272222 1.000000
0 977 0.252734 0.484028 0.047656 0.270833 1.000000
0 978 0.256250 0.490278 0.050000 0.266667 1.000000
0 979 0.258984 0.500694 0.044531 0.262500 1.000000
0 980 0.258203 0.520833 0.041406 0.252778 1.000000
0 981 0.257812 0.525000 0.042188 0.247222 1.000000
0 982 0.259766 0.522917 0.046094 0.251389 1.000000
0 983 0.263281 0.517361 0.053125 0.256944 1.000000
0 984 0.278906 0.506250 0.084375 0.259722 1.000000
0 985 0.285547 0.504167 0.100781 0.263889 1.000000
0 986 0.284375 0.504167 0.104688 0.263889 1.000000
0 987 0.281250 0.505556 0.093750 0.263889 1.000000
0 988 0.273828 0.515972 0.061719 0.262500 1.000000
0 989 0.278906 0.522222 0.059375 0.258333 1.000000
0 990 0.280859 0.529167 0.064844 0.255556 1.000000
0 991 0.282813 0.531250 0.071875 0.256944 1.000000
0 992 0.296094 0.526389 0.075000 0.266667 1.000000
0 993 0.307422 0.524306 0.071094 0.276389 1.000000
0 994 0.316016 0.522222 0.066406 0.280556 1.000000
0 995 0.323828 0.517361 0.060156 0.276389 1.000000
0 996 0.332422 0.519444 0.058594 0.269444 1.000000
0 997 0.335547 0.522917 0.061719 0.262500 1.000000
0 998 0.337500 0.529861 0.060937 0.259722 1.000000
0 999 0.339844 0.537500 0.056250 0.261111 1.000000
0 1000 0.342578 0.549306 0.061719 0.254167 1.000000
0 1001 0.344141 0.543056 0.069531 0.263889 1.000000
0 1002 0.345313 0.534722 0.076563 0.277778 1.000000
0 1003 0.345703 0.522917 0.083594 0.287500 1.000000
0 1004 0.345313 0.491667 0.103125 0.325000 1.000000
0 1005 0.344141 0.476389 0.113281 0.333333 1.000000
0 1006 0.346484 0.462500 0.117969 0.341667 1.000000
0 1007 0.348047 0.457639 0.124219 0.337500 1.000000
0 1008 0.346484 0.473611 0.125781 0.333333 1.000000
0 1009 0.344141 0.488194 0.130469 0.323611 1.000000
0 1010 0.344141 0.505556 0.138281 0.311111 1.000000
0 1011 0.341797 0.513194 0.136719 0.312500 1.000000
0 1012 0.349219 0.535417 0.121875 0.304167 1.000000
0 1013 0.348438 0.543750 0.090625 0.293056 1.000000
0 1014 0.355078 0.549306 0.077344 0.287500 1.000000
0 1015 0.357031 0.545833 0.056250 0.294444 1.000000
0 1016 0.361719 0.534028 0.050000 0.315278 1.000000
0 1017 0.363281 0.529167 0.050000 0.319444 1.000000
0 1018 0.365234 0.523611 0.052344 0.325000 1.000000
0 1019 0.367969 0.522222 0.056250 0.325000 1.000000
0 1020 0.371094 0.523611 0.060937 0.325000 1.000000
0 1021 0.371484 0.526389 0.060156 0.322222 1.000000
0 1022 0.369922 0.533333 0.058594 0.322222 1.000000
0 1023 0.367578 0.541667 0.055469 0.311111 1.000000
0 1024 0.368359 0.554861 0.052344 0.295833 1.000000
0 1025 0.369141 0.554861 0.050781 0.298611 1.000000
0 1026 0.379688 0.553472 0.067187 0.312500 1.000000
0 1030 0.397266 0.519444 0.100781 0.366667 1.000000
0 1031 0.400000 0.516667 0.106250 0.369444 1.000000
0 1032 0.403906 0.516667 0.114062 0.375000 1.000000
0 1033 0.404687 0.520139 0.115625 0.379167 1.000000
0 1034 0.404297 0.525694 0.113281 0.379167 1.000000
0 1035 0.398438 0.535417 0.101562 0.376389 1.000000
0 1036 0.400000 0.550000 0.084375 0.352778 1.000000
0 1037 0.403516 0.554167 0.074219 0.347222 1.000000
0 1038 0.403125 0.552778 0.065625 0.350000 1.000000
0 1039 0.401953 0.548611 0.060156 0.352778 1.000000
0 1040 0.407031 0.552778 0.082812 0.375000 1.000000
0 1041 0.409766 0.555556 0.102344 0.377778 1.000000
0 1042 0.400781 0.557639 0.142187 0.376389 1.000000
0 1043 0.385156 0.559028 0.162500 0.373611 1.000000
0 1044 0.389453 0.557639 0.139844 0.373611 1.000000
0 1045 0.392188 0.557639 0.153125 0.376389 1.000000
0 1046 0.395703 0.564583 0.167969 0.390278 1.000000
0 1047 0.400781 0.568750 0.151562 0.384722 1.000000
0 1048 0.372266 0.571528 0.091406 0.384722 1.000000
0 1049 0.356250 0.570833 0.104688 0.388889 1.000000
0 1050 0.330859 0.568056 0.136719 0.397222 1.000000
0 1051 0.318359 0.551389 0.157031 0.422222 1.000000
0 1052 0.330859 0.520139 0.175781 0.448611 1.000000
0 1053 0.345313 0.496528 0.167187 0.468056 1.000000
0 1054 0.351953 0.463889 0.128906 0.491667 1.000000
0 1055 0.373047 0.457639 0.119531 0.465278 1.000000
0 1056 0.348047 0.471528 0.124219 0.359722 1.000000
0 1057 0.344922 0.446528 0.172656 0.329167 1.000000
0 1058 0.335938 0.417361 0.215625 0.295833 1.000000
0 1059 0.324609 0.442361 0.246094 0.220833 1.000000
0 1060 0.306641 0.494444 0.267969 0.252778 1.000000
0 1061 0.307812 0.527778 0.290625 0.266667 1.000000
0 1062 0.310547 0.542361 0.302344 0.309722 1.000000
0 1063 0.318750 0.574306 0.281250 0.293056 1.000000
0 1064 0.317188 0.625000 0.173437 0.283333 1.000000
0 1065 0.313281 0.642361 0.165625 0.243056 1.000000
0 1066 0.308594 0.659028 0.156250 0.212500 1.000000
0 1067 0.303125 0.674306 0.150000 0.181944 1.000000
0 1068 0.308984 0.693750 0.163281 0.140278 1.000000
0 1069 0.305469 0.695139 0.157812 0.134722 1.000000
0 1070 0.303906 0.697222 0.156250 0.127778 1.000000
0 1071 0.303125 0.700000 0.156250 0.125000 1.000000
0 1072 0.304297 0.697222 0.161719 0.130556 1.000000
0 1073 0.304297 0.695139 0.164844 0.137500 1.000000
0 1074 0.310937 0.690972 0.176563 0.148611 1.000000
0 1075 0.310156 0.686111 0.178125 0.152778 1.000000
0 1076 0.310156 0.675000 0.176563 0.169444 1.000000
0 1077 0.306250 0.667361 0.165625 0.181944 1.000000
0 1078 0.308594 0.659028 0.162500 0.193056 1.000000
0 1079 0.316016 0.656250 0.152344 0.201389 1.000000
0 1080 0.345313 0.650694 0.109375 0.215278 1.000000
0 1081 0.353906 0.650694 0.117188 0.212500 1.000000
0 1086 0.442969 0.645833 0.114062 0.227778 1.000000
0 1087 0.448828 0.641667 0.113281 0.222222 1.000000
0 1088 0.459766 0.635417 0.100781 0.223611 1.000000
0 1089 0.475781 0.636111 0.114062 0.219444 1.000000
0 1090 0.489063 0.636806 0.115625 0.215278 1.000000
0 1091 0.496094 0.634028 0.112500 0.212500 1.000000
0 1092 0.505469 0.636111 0.115625 0.202778 1.000000
0 1093 0.507422 0.634722 0.110156 0.197222 1.000000
0 1094 0.509766 0.633333 0.107031 0.191667 1.000000
0 1095 0.510938 0.632639 0.106250 0.187500 1.000000
0 1096 0.510547 0.625000 0.107031 0.194444 1.000000
0 1097 0.509766 0.618056 0.107031 0.202778 1.000000
0 1098 0.509375 0.610417 0.107813 0.212500 1.000000
0 1099 0.508594 0.606250 0.109375 0.215278 1.000000
0 1100 0.505078 0.600694 0.116406 0.215278 1.000000
0 1101 0.502734 0.599306 0.117969 0.206944 1.000000
0 1102 0.496484 0.599306 0.107031 0.206944 1.000000
0 1103 0.491016 0.593056 0.099219 0.216667 1.000000
0 1104 0.484766 0.575694 0.110156 0.254167 1.000000
0 1105 0.482812 0.570833 0.115625 0.263889 1.000000
0 1106 0.475781 0.568056 0.134375 0.266667 1.000000
0 1107 0.469141 0.568750 0.147656 0.262500 1.000000
0 1108 0.442969 0.572917 0.200000 0.251389 1.000000
0 1109 0.437109 0.572917 0.210156 0.245833 1.000000
0 1110 0.446094 0.572917 0.231250 0.243056 1.000000
0 1111 0.448828 0.572222 0.238281 0.238889 1.000000
0 1112 0.464844 0.579167 0.250000 0.222222 1.000000
0 1113 0.467578 0.585417 0.252344 0.212500 1.000000
0 1114 0.468750 0.590278 0.254688 0.200000 1.000000
0 1115 0.464453 0.593056 0.247656 0.194444 1.000000
0 1116 0.462891 0.593056 0.247656 0.194444 1.000000
0 1117 0.463672 0.590972 0.252344 0.190278 1.000000
0 1118 0.466406 0.593750 0.260937 0.181944 1.000000
0 1119 0.471094 0.599306 0.262500 0.173611 1.000000
0 1120 0.475781 0.606944 0.264062 0.152778 1.000000
0 1121 0.475000 0.609028 0.259375 0.145833 1.000000
0 1122 0.470703 0.608333 0.263281 0.147222 1.000000
0 1123 0.466797 0.606250 0.269531 0.148611 1.000000
0 1125 0.462891 0.575694 0.260156 0.162500 1.000000
0 1126 0.458594 0.576389 0.256250 0.183333 1.000000
0 1127 0.455859 0.571528 0.250781 0.215278 1.000000
0 1128 0.451562 0.558333 0.240625 0.219444 1.000000
0 1129 0.450391 0.551389 0.235156 0.211111 1.000000
0 1130 0.447266 0.545833 0.233594 0.202778 1.000000
0 1131 0.443750 0.558333 0.231250 0.219444 1.000000
0 1132 0.438672 0.568056 0.227344 0.200000 1.000000
0 1133 0.436719 0.577083 0.228125 0.184722 1.000000
0 1134 0.435937 0.584722 0.225000 0.169444 1.000000
0 1135 0.435547 0.591667 0.222656 0.158333 1.000000
0 1136 0.415234 0.605556 0.227344 0.147222 1.000000
0 1137 0.412109 0.601389 0.228906 0.136111 1.000000
0 1138 0.409375 0.603472 0.235937 0.143056 1.000000
0 1139 0.404297 0.597222 0.225781 0.147222 1.000000
0 1140 0.375781 0.588194 0.187500 0.165278 1.000000
0 1141 0.376563 0.584722 0.182812 0.172222 1.000000
0 1142 0.378125 0.584722 0.176563 0.177778 1.000000
0 1143 0.383594 0.582639 0.168750 0.181944 1.000000
0 1144 0.389062 0.584028 0.160938 0.179167 1.000000
0 1145 0.392578 0.588889 0.147656 0.177778 1.000000
0 1146 0.391797 0.592361 0.149219 0.162500 1.000000
0 1147 0.391016 0.600000 0.150781 0.147222 1.000000
0 1148 0.386328 0.596528 0.153906 0.143056 1.000000
0 1149 0.385156 0.586806 0.153125 0.162500 1.000000
0 1150 0.383984 0.577083 0.152344 0.181944 1.000000
0 1151 0.382812 0.568750 0.148438 0.190278 1.000000
0 1152 0.380078 0.561806 0.142969 0.198611 1.000000
0 1153 0.376172 0.563194 0.139844 0.201389 1.000000
0 1154 0.370312 0.568750 0.131250 0.204167 1.000000
0 1155 0.366016 0.570833 0.122656 0.197222 1.000000
0 1156 0.364453 0.559722 0.117969 0.219444 1.000000
0 1157 0.363672 0.552778 0.116406 0.233333 1.000000
0 1158 0.365625 0.539583 0.120313 0.237500 1.000000
0 1159 0.367578 0.539583 0.124219 0.259722 1.000000
0 1160 0.371875 0.531944 0.123438 0.275000 1.000000
0 1161 0.371875 0.531250 0.114062 0.279167 1.000000
0 1162 0.377344 0.529167 0.117188 0.280556 1.000000
0 1163 0.376953 0.531250 0.113281 0.276389 1.000000
0 1164 0.376563 0.533333 0.109375 0.272222 1.000000
0 1165 0.373437 0.532639 0.109375 0.268056 1.000000
0 1166 0.371094 0.531250 0.109375 0.265278 1.000000
0 1167 0.374219 0.531250 0.110937 0.268056 1.000000
0 1168 0.378906 0.540278 0.109375 0.252778 1.000000
0 1169 0.382812 0.548611 0.109375 0.236111 1.000000
0 1170 0.388281 0.552778 0.106250 0.227778 1.000000
0 1171 0.386719 0.549306 0.103125 0.240278 1.000000
0 1172 0.378516 0.547222 0.113281 0.230556 1.000000
0 1173 0.377344 0.555556 0.115625 0.225000 1.000000
0 1174 0.380078 0.561806 0.108594 0.218056 1.000000
0 1175 0.379688 0.567361 0.109375 0.204167 1.000000
0 1185 0.403906 0.486111 0.103125 0.425000 1.000000
0 1186 0.406641 0.489583 0.103906 0.431944 1.000000
0 1187 0.405078 0.491667 0.103906 0.433333 1.000000
0 1188 0.401172 0.493056 0.111719 0.436111 1.000000
0 1189 0.404687 0.500694 0.123438 0.437500 1.000000
0 1190 0.404687 0.506944 0.121875 0.436111 1.000000
0 1191 0.406641 0.511111 0.119531 0.427778 1.000000
0 1192 0.420312 0.519444 0.129688 0.430556 1.000000
0 1193 0.431641 0.523611 0.125781 0.422222 1.000000
0 1194 0.437891 0.515278 0.111719 0.438889 1.000000
0 1195 0.448047 0.492361 0.105469 0.484722 1.000000
0 1196 0.474609 0.467361 0.099219 0.529167 1.000000
