0 1 0.428125 0.640972 0.042188 0.123611 1.000000
0 2 0.429688 0.640972 0.042188 0.123611 1.000000
0 3 0.430859 0.642361 0.042969 0.123611 1.000000
0 4 0.432422 0.642361 0.042969 0.123611 1.000000
0 5 0.434766 0.643750 0.042969 0.123611 1.000000
0 6 0.437109 0.643750 0.042969 0.123611 1.000000
0 7 0.440234 0.645139 0.042969 0.123611 1.000000
0 8 0.443359 0.645139 0.042969 0.123611 1.000000
0 9 0.447266 0.646528 0.042969 0.123611 1.000000
0 10 0.447266 0.646528 0.042969 0.123611 1.000000
0 11 0.451172 0.646528 0.042969 0.123611 1.000000
0 12 0.459766 0.646528 0.042969 0.123611 1.000000
0 13 0.465234 0.646528 0.042969 0.123611 1.000000
0 14 0.470703 0.646528 0.042969 0.123611 1.000000
0 15 0.476172 0.646528 0.042969 0.123611 1.000000
0 16 0.481641 0.647917 0.042969 0.123611 1.000000
0 17 0.487891 0.647917 0.042969 0.123611 1.000000
0 18 0.494531 0.648611 0.043750 0.122222 1.000000
0 19 0.501563 0.648611 0.043750 0.122222 1.000000
0 20 0.508984 0.648611 0.044531 0.122222 1.000000
0 21 0.516797 0.650000 0.044531 0.122222 1.000000
0 22 0.524219 0.650000 0.043750 0.122222 1.000000
0 23 0.531641 0.651389 0.044531 0.122222 1.000000
0 24 0.539844 0.652083 0.043750 0.120833 1.000000
0 25 0.548438 0.652778 0.043750 0.122222 1.000000
0 26 0.555469 0.652778 0.043750 0.122222 1.000000
0 27 0.564453 0.652778 0.044531 0.122222 1.000000
0 28 0.572266 0.652778 0.044531 0.122222 1.000000
0 29 0.580859 0.652778 0.044531 0.122222 1.000000
0 30 0.589453 0.653472 0.044531 0.123611 1.000000
0 31 0.597266 0.654167 0.044531 0.122222 1.000000
0 32 0.607031 0.654167 0.045312 0.122222 1.000000
0 33 0.616406 0.654861 0.045312 0.123611 1.000000
0 34 0.626953 0.656250 0.044531 0.123611 1.000000
0 35 0.637109 0.656250 0.044531 0.123611 1.000000
0 36 0.647266 0.656250 0.044531 0.123611 1.000000
0 37 0.658984 0.656250 0.044531 0.123611 1.000000
0 38 0.670703 0.656944 0.046094 0.125000 1.000000
0 39 0.683203 0.656944 0.046094 0.125000 1.000000
0 40 0.696094 0.658333 0.046875 0.125000 1.000000
0 41 0.708594 0.658333 0.046875 0.125000 1.000000
0 42 0.721875 0.658333 0.046875 0.125000 1.000000
0 43 0.734375 0.658333 0.046875 0.125000 1.000000
0 44 0.747656 0.659028 0.046875 0.126389 1.000000
0 45 0.759375 0.659028 0.046875 0.126389 1.000000
0 46 0.771875 0.659028 0.046875 0.126389 1.000000
0 47 0.783594 0.659028 0.046875 0.126389 1.000000
0 48 0.795312 0.657639 0.048438 0.126389 1.000000
0 49 0.805078 0.657639 0.047656 0.126389 1.000000
0 50 0.814844 0.656944 0.048438 0.127778 1.000000
0 51 0.824219 0.655556 0.048438 0.127778 1.000000
0 52 0.831641 0.655556 0.047656 0.127778 1.000000
0 53 0.839063 0.654167 0.048438 0.127778 1.000000
0 54 0.844922 0.652778 0.047656 0.127778 1.000000
0 55 0.849609 0.652083 0.047656 0.129167 1.000000
0 56 0.854297 0.650694 0.047656 0.129167 1.000000
0 57 0.857422 0.649306 0.047656 0.129167 1.000000
0 58 0.859766 0.648611 0.046094 0.130556 1.000000
0 59 0.861719 0.647222 0.046875 0.130556 1.000000
0 60 0.862109 0.644444 0.047656 0.130556 1.000000
0 61 0.862500 0.643056 0.046875 0.130556 1.000000
0 62 0.862109 0.641667 0.047656 0.130556 1.000000
0 63 0.860938 0.640278 0.046875 0.130556 1.000000
0 64 0.859375 0.640278 0.046875 0.130556 1.000000
0 65 0.857812 0.639583 0.046875 0.131944 1.000000
0 66 0.855469 0.639583 0.046875 0.131944 1.000000
0 67 0.852344 0.639583 0.046875 0.131944 1.000000
0 68 0.850000 0.639583 0.046875 0.131944 1.000000
0 69 0.846094 0.639583 0.045312 0.131944 1.000000
0 70 0.842969 0.639583 0.045312 0.131944 1.000000
0 71 0.839063 0.639583 0.045312 0.131944 1.000000
0 72 0.835938 0.640972 0.045312 0.131944 1.000000
0 73 0.830859 0.641667 0.042969 0.130556 1.000000
0 74 0.826562 0.641667 0.042188 0.130556 1.000000
0 75 0.822266 0.643750 0.039844 0.131944 1.000000
0 76 0.818359 0.646528 0.038281 0.137500 1.000000
0 77 0.815625 0.648611 0.040625 0.138889 1.000000
0 78 0.812891 0.650694 0.041406 0.140278 1.000000
0 79 0.810547 0.652778 0.041406 0.138889 1.000000
0 80 0.808203 0.653472 0.041406 0.137500 1.000000
0 81 0.806641 0.654861 0.039844 0.137500 1.000000
0 82 0.805078 0.658333 0.036719 0.141667 1.000000
0 83 0.803516 0.661806 0.033594 0.145833 1.000000
0 84 0.800781 0.664583 0.034375 0.148611 1.000000
0 85 0.798047 0.667361 0.033594 0.151389 1.000000
0 86 0.794922 0.669444 0.033594 0.152778 1.000000
0 87 0.792578 0.670139 0.033594 0.151389 1.000000
0 88 0.789844 0.670833 0.034375 0.150000 1.000000
0 89 0.788281 0.671528 0.035937 0.148611 1.000000
0 90 0.785937 0.672222 0.037500 0.147222 1.000000
0 91 0.783984 0.675694 0.038281 0.148611 1.000000
0 92 0.781641 0.679167 0.038281 0.150000 1.000000
0 93 0.780078 0.681944 0.038281 0.150000 1.000000
0 94 0.777344 0.686806 0.037500 0.154167 1.000000
0 95 0.777734 0.689583 0.041406 0.154167 1.000000
0 96 0.776953 0.691667 0.042969 0.152778 1.000000
0 97 0.774609 0.692361 0.042969 0.151389 1.000000
0 98 0.772266 0.693056 0.042969 0.150000 1.000000
0 99 0.771094 0.693750 0.043750 0.148611 1.000000
0 100 0.769922 0.695833 0.044531 0.147222 1.000000
0 101 0.767969 0.697222 0.045312 0.147222 1.000000
0 102 0.765625 0.700000 0.043750 0.144444 1.000000
0 103 0.762891 0.703472 0.042969 0.145833 1.000000
0 104 0.760547 0.707639 0.042969 0.145833 1.000000
0 105 0.757812 0.709028 0.042188 0.140278 1.000000
0 106 0.754297 0.709722 0.041406 0.136111 1.000000
0 107 0.750781 0.710417 0.040625 0.134722 1.000000
0 108 0.746875 0.710417 0.040625 0.134722 1.000000
0 109 0.746875 0.710417 0.040625 0.134722 1.000000
0 110 0.742188 0.709028 0.040625 0.134722 1.000000
0 111 0.732422 0.707639 0.041406 0.137500 1.000000
0 112 0.728125 0.707639 0.042188 0.137500 1.000000
0 113 0.723047 0.708333 0.041406 0.138889 1.000000
0 114 0.718359 0.708333 0.039844 0.138889 1.000000
0 115 0.713672 0.709722 0.039844 0.136111 1.000000
0 116 0.709375 0.709028 0.037500 0.137500 1.000000
0 117 0.705078 0.707639 0.036719 0.137500 1.000000
0 118 0.700391 0.705556 0.036719 0.138889 1.000000
0 119 0.697266 0.702083 0.035156 0.143056 1.000000
0 120 0.692969 0.699306 0.034375 0.145833 1.000000
0 121 0.689844 0.694444 0.034375 0.147222 1.000000
0 122 0.686328 0.689583 0.035156 0.145833 1.000000
0 123 0.683594 0.684722 0.035937 0.141667 1.000000
0 124 0.680469 0.681944 0.035937 0.138889 1.000000
0 125 0.677344 0.679167 0.035937 0.138889 1.000000
0 126 0.674219 0.678472 0.035937 0.137500 1.000000
0 127 0.671094 0.679167 0.034375 0.138889 1.000000
0 128 0.669531 0.679167 0.035937 0.138889 1.000000
0 129 0.666797 0.680556 0.038281 0.138889 1.000000
0 130 0.665234 0.680556 0.041406 0.138889 1.000000
0 131 0.663672 0.679167 0.039844 0.138889 1.000000
0 132 0.660156 0.677083 0.037500 0.143056 1.000000
0 133 0.656250 0.674306 0.035937 0.145833 1.000000
0 134 0.651563 0.670833 0.035937 0.150000 1.000000
0 135 0.646875 0.665972 0.035937 0.148611 1.000000
0 136 0.641797 0.660417 0.038281 0.145833 1.000000
0 137 0.636328 0.654167 0.039844 0.138889 1.000000
0 138 0.632031 0.652778 0.042188 0.138889 1.000000
0 139 0.628516 0.651389 0.044531 0.138889 1.000000
0 140 0.625000 0.650000 0.050000 0.136111 1.000000
0 141 0.621875 0.649306 0.051562 0.134722 1.000000
0 142 0.618359 0.650694 0.052344 0.131944 1.000000
0 143 0.615234 0.650694 0.050781 0.131944 1.000000
0 144 0.612891 0.650694 0.050781 0.131944 1.000000
0 145 0.610938 0.649306 0.050000 0.134722 1.000000
0 146 0.609375 0.647917 0.050000 0.137500 1.000000
0 147 0.606641 0.645833 0.049219 0.141667 1.000000
0 148 0.604297 0.643750 0.046094 0.145833 1.000000
0 149 0.602734 0.642361 0.042969 0.148611 1.000000
0 150 0.600781 0.639583 0.037500 0.154167 1.000000
0 151 0.598828 0.639583 0.032031 0.154167 1.000000
0 152 0.596875 0.638194 0.028125 0.156944 1.000000
0 153 0.594922 0.640278 0.027344 0.158333 1.000000
0 154 0.593750 0.642361 0.026562 0.159722 1.000000
0 155 0.592969 0.646528 0.031250 0.159722 1.000000
0 156 0.592187 0.647917 0.037500 0.156944 1.000000
0 157 0.592578 0.650694 0.041406 0.156944 1.000000
0 158 0.594531 0.651389 0.042188 0.158333 1.000000
0 159 0.597266 0.651389 0.042969 0.158333 1.000000
0 160 0.600391 0.652083 0.042969 0.159722 1.000000
0 161 0.602734 0.652083 0.042969 0.159722 1.000000
0 162 0.605859 0.654167 0.039844 0.158333 1.000000
0 163 0.607812 0.652778 0.035937 0.158333 1.000000
0 164 0.608594 0.653472 0.032813 0.159722 1.000000
0 165 0.608594 0.653472 0.029687 0.159722 1.000000
0 166 0.606250 0.653472 0.025000 0.159722 1.000000
0 167 0.608984 0.654861 0.028906 0.159722 1.000000
0 168 0.611328 0.654861 0.033594 0.159722 1.000000
0 169 0.612500 0.655556 0.039062 0.158333 1.000000
0 170 0.614453 0.656944 0.042969 0.155556 1.000000
0 171 0.616016 0.656944 0.047656 0.152778 1.000000
0 172 0.619141 0.656250 0.052344 0.154167 1.000000
0 173 0.620313 0.655556 0.053125 0.155556 1.000000
0 174 0.621875 0.655556 0.053125 0.158333 1.000000
0 175 0.622656 0.652778 0.048438 0.158333 1.000000
0 176 0.622656 0.648611 0.043750 0.158333 1.000000
0 177 0.621484 0.646528 0.035156 0.156944 1.000000
0 178 0.621484 0.645833 0.027344 0.158333 1.000000
0 179 0.623828 0.645139 0.025781 0.156944 1.000000
0 180 0.621094 0.645833 0.032813 0.152778 1.000000
0 181 0.618750 0.648611 0.043750 0.150000 1.000000
0 182 0.618359 0.649306 0.053906 0.148611 1.000000
0 183 0.618359 0.648611 0.058594 0.147222 1.000000
0 184 0.620313 0.648611 0.059375 0.147222 1.000000
0 185 0.622266 0.646528 0.058594 0.145833 1.000000
0 186 0.622656 0.645139 0.053125 0.145833 1.000000
0 187 0.621875 0.640278 0.046875 0.141667 1.000000
0 188 0.616406 0.638194 0.045312 0.145833 1.000000
0 189 0.612109 0.635417 0.042969 0.151389 1.000000
0 190 0.608203 0.631944 0.039844 0.155556 1.000000
0 191 0.606250 0.629167 0.035937 0.158333 1.000000
0 192 0.605859 0.625000 0.033594 0.155556 1.000000
0 193 0.607031 0.622917 0.031250 0.154167 1.000000
0 194 0.608984 0.622222 0.030469 0.152778 1.000000
0 195 0.606641 0.624306 0.035156 0.151389 1.000000
0 196 0.607812 0.625000 0.037500 0.147222 1.000000
0 197 0.608594 0.629861 0.039062 0.148611 1.000000
0 198 0.610547 0.631944 0.038281 0.147222 1.000000
0 199 0.612891 0.633333 0.036719 0.144444 1.000000
0 200 0.614062 0.634722 0.035937 0.144444 1.000000
0 201 0.614844 0.634028 0.031250 0.145833 1.000000
0 202 0.617969 0.631250 0.029687 0.145833 1.000000
0 203 0.621094 0.625694 0.029687 0.145833 1.000000
0 204 0.624219 0.622917 0.029687 0.145833 1.000000
0 205 0.628125 0.618750 0.029687 0.145833 1.000000
0 206 0.629687 0.620139 0.031250 0.154167 1.000000
0 207 0.633203 0.618056 0.028906 0.152778 1.000000
0 208 0.636328 0.618750 0.027344 0.159722 1.000000
0 209 0.637891 0.620139 0.027344 0.159722 1.000000
0 210 0.639453 0.620139 0.027344 0.159722 1.000000
0 211 0.641406 0.620139 0.028125 0.154167 1.000000
0 212 0.643359 0.621528 0.030469 0.148611 1.000000
0 213 0.644922 0.622222 0.032031 0.144444 1.000000
0 214 0.646875 0.623611 0.034375 0.144444 1.000000
0 215 0.648828 0.623611 0.035156 0.144444 1.000000
0 216 0.651563 0.623611 0.032813 0.144444 1.000000
0 217 0.655469 0.622917 0.029687 0.145833 1.000000
0 218 0.658984 0.621528 0.028906 0.145833 1.000000
0 219 0.660937 0.620833 0.029687 0.147222 1.000000
0 220 0.663281 0.620833 0.029687 0.147222 1.000000
0 221 0.665625 0.623611 0.029687 0.147222 1.000000
0 222 0.667578 0.627778 0.028906 0.150000 1.000000
0 223 0.671875 0.634028 0.031250 0.154167 1.000000
0 224 0.676562 0.636111 0.032813 0.152778 1.000000
0 225 0.679688 0.638194 0.035937 0.154167 1.000000
0 226 0.682031 0.638889 0.040625 0.152778 1.000000
0 227 0.682813 0.639583 0.042188 0.151389 1.000000
0 228 0.683594 0.641667 0.042188 0.150000 1.000000
0 229 0.686328 0.641667 0.038281 0.150000 1.000000
0 230 0.690625 0.641667 0.032813 0.150000 1.000000
0 231 0.696875 0.640278 0.031250 0.152778 1.000000
0 232 0.699609 0.638889 0.032031 0.152778 1.000000
0 233 0.703125 0.638194 0.031250 0.151389 1.000000
0 234 0.707031 0.638889 0.029687 0.152778 1.000000
0 235 0.712109 0.640972 0.028906 0.156944 1.000000
0 236 0.719531 0.647222 0.032813 0.155556 1.000000
0 237 0.724219 0.650694 0.037500 0.154167 1.000000
0 238 0.728906 0.657639 0.039062 0.154167 1.000000
0 239 0.730859 0.659028 0.042969 0.148611 1.000000
0 240 0.730859 0.659722 0.042969 0.147222 1.000000
0 241 0.730859 0.659722 0.042969 0.147222 1.000000
0 242 0.728516 0.656250 0.047656 0.151389 1.000000
0 243 0.729688 0.643750 0.035937 0.173611 1.000000
