0 1 0.621484 0.464583 0.044531 0.176389 0.000000 0.000000 1.000000
0 2 0.621484 0.464583 0.044531 0.176389 0.000000 0.000000 1.000000
0 3 0.633203 0.469444 0.064844 0.166667 0.011719 0.004861 1.000000
0 4 0.637891 0.470139 0.074219 0.165278 0.004687 0.000694 1.000000
0 5 0.643359 0.469444 0.080469 0.166667 0.005469 -0.000694 1.000000
0 6 0.650000 0.470139 0.084375 0.165278 0.006641 0.000694 1.000000
0 7 0.654687 0.469444 0.089063 0.169444 0.004687 -0.000694 1.000000
0 8 0.660547 0.473611 0.091406 0.180556 0.005859 0.004167 1.000000
0 9 0.662891 0.471528 0.091406 0.176389 0.002344 -0.002083 1.000000
0 10 0.664453 0.470833 0.091406 0.175000 0.001563 -0.000694 1.000000
0 11 0.667969 0.474306 0.089063 0.176389 0.003516 0.003472 1.000000
0 12 0.670312 0.479167 0.087500 0.175000 0.002344 0.004861 1.000000
0 13 0.681250 0.481944 0.087500 0.169444 0.010937 0.002778 1.000000
0 14 0.688672 0.484722 0.094531 0.169444 0.007422 0.002778 1.000000
0 15 0.693359 0.486806 0.097656 0.162500 0.004687 0.002083 1.000000
0 16 0.697266 0.490278 0.096094 0.161111 0.003906 0.003472 1.000000
0 17 0.700781 0.491667 0.098437 0.158333 0.003516 0.001389 1.000000
0 18 0.708203 0.498611 0.099219 0.155556 0.007422 0.006944 1.000000
0 19 0.709766 0.501389 0.097656 0.152778 0.001563 0.002778 1.000000
0 20 0.713281 0.500694 0.096875 0.148611 0.003516 -0.000694 1.000000
0 21 0.715625 0.501389 0.095312 0.147222 0.002344 0.000694 1.000000
0 22 0.719141 0.502083 0.085156 0.148611 0.003516 0.000694 1.000000
0 23 0.714453 0.504167 0.078906 0.152778 -0.004687 0.002083 1.000000
0 24 0.710156 0.507639 0.082812 0.156944 -0.004297 0.003472 1.000000
0 25 0.710156 0.506944 0.084375 0.158333 0.000000 -0.000694 1.000000
0 26 0.711328 0.506944 0.083594 0.161111 0.001172 0.000000 1.000000
0 27 0.712500 0.506250 0.082812 0.165278 0.001172 -0.000694 1.000000
0 28 0.710156 0.511111 0.076563 0.172222 -0.002344 0.004861 1.000000
0 29 0.707031 0.511111 0.068750 0.175000 -0.003125 0.000000 1.000000
0 30 0.703125 0.515972 0.060937 0.173611 -0.003906 0.004861 1.000000
0 31 0.702734 0.519444 0.058594 0.175000 -0.000391 0.003472 1.000000
0 32 0.703125 0.520833 0.062500 0.175000 0.000391 0.001389 1.000000
0 33 0.701562 0.527778 0.073438 0.175000 -0.001563 0.006944 1.000000
0 34 0.698828 0.529167 0.082031 0.177778 -0.002734 0.001389 1.000000
0 35 0.696094 0.532639 0.090625 0.176389 -0.002734 0.003472 1.000000
0 36 0.689063 0.536806 0.101562 0.173611 -0.007031 0.004167 1.000000
0 37 0.683203 0.540278 0.100781 0.166667 -0.005859 0.003472 1.000000
0 38 0.672266 0.547917 0.094531 0.165278 -0.010937 0.007639 1.000000
0 39 0.668750 0.553472 0.087500 0.170833 -0.003516 0.005556 1.000000
0 40 0.669141 0.562500 0.083594 0.183333 0.000391 0.009028 1.000000
0 41 0.672656 0.571528 0.076563 0.190278 0.003516 0.009028 1.000000
0 42 0.675000 0.579167 0.065625 0.197222 0.002344 0.007639 1.000000
0 43 0.669141 0.586111 0.060156 0.197222 -0.005859 0.006944 1.000000
0 44 0.666016 0.588889 0.074219 0.197222 -0.003125 0.002778 1.000000
0 45 0.665625 0.591667 0.085938 0.197222 -0.000391 0.002778 1.000000
0 46 0.664453 0.595139 0.094531 0.198611 -0.001172 0.003472 1.000000
0 47 0.660156 0.595139 0.106250 0.198611 -0.004297 0.000000 1.000000
0 48 0.656250 0.595833 0.110937 0.202778 -0.003906 0.000694 1.000000
0 49 0.651953 0.590972 0.114844 0.195833 -0.004297 -0.004861 1.000000
0 50 0.646484 0.591667 0.117969 0.191667 -0.005469 0.000694 1.000000
0 51 0.638672 0.593750 0.117969 0.193056 -0.007812 0.002083 1.000000
0 52 0.625781 0.594444 0.120313 0.197222 -0.012891 0.000694 1.000000
0 53 0.607422 0.596528 0.099219 0.201389 -0.018359 0.002083 1.000000
0 54 0.605469 0.598611 0.103125 0.205556 -0.001953 0.002083 1.000000
0 55 0.604688 0.602778 0.109375 0.205556 -0.000781 0.004167 1.000000
0 56 0.602344 0.606944 0.120313 0.211111 -0.002344 0.004167 1.000000
0 57 0.598047 0.609028 0.121094 0.209722 -0.004297 0.002083 1.000000
0 58 0.591016 0.611806 0.114844 0.204167 -0.007031 0.002778 1.000000
0 59 0.584766 0.620139 0.105469 0.209722 -0.006250 0.008333 1.000000
0 60 0.579297 0.626389 0.089844 0.208333 -0.005469 0.006250 1.000000
0 61 0.572266 0.632639 0.077344 0.204167 -0.007031 0.006250 1.000000
0 62 0.566406 0.640278 0.065625 0.208333 -0.005859 0.007639 1.000000
0 63 0.566797 0.650000 0.061719 0.205556 0.000391 0.009722 1.000000
0 64 0.564844 0.654861 0.064062 0.209722 -0.001953 0.004861 1.000000
0 65 0.553516 0.661806 0.075781 0.209722 -0.011328 0.006944 1.000000
0 66 0.548438 0.665972 0.073438 0.206944 -0.005078 0.004167 1.000000
0 67 0.544531 0.674306 0.062500 0.209722 -0.003906 0.008333 1.000000
0 68 0.540625 0.677083 0.043750 0.201389 -0.003906 0.002778 1.000000
0 69 0.534766 0.679167 0.050781 0.205556 -0.005859 0.002083 1.000000
0 70 0.533984 0.680556 0.049219 0.208333 -0.000781 0.001389 1.000000
0 71 0.532031 0.684028 0.046875 0.215278 -0.001953 0.003472 1.000000
0 72 0.530078 0.688194 0.046094 0.220833 -0.001953 0.004167 1.000000
0 73 0.524219 0.690972 0.054688 0.215278 -0.005859 0.002778 1.000000
0 74 0.521875 0.695833 0.054688 0.216667 -0.002344 0.004861 1.000000
0 75 0.520312 0.696528 0.056250 0.220833 -0.001563 0.000694 1.000000
0 76 0.518750 0.700000 0.059375 0.213889 -0.001563 0.003472 1.000000
0 77 0.518359 0.703472 0.063281 0.206944 -0.000391 0.003472 1.000000
0 78 0.509766 0.709028 0.071094 0.206944 -0.008594 0.005556 1.000000
0 79 0.507031 0.712500 0.073438 0.208333 -0.002734 0.003472 1.000000
0 80 0.507422 0.712500 0.074219 0.208333 0.000391 0.000000 1.000000
0 81 0.508594 0.714583 0.071875 0.206944 0.001172 0.002083 1.000000
0 82 0.507812 0.715278 0.068750 0.211111 -0.000781 0.000694 1.000000
0 83 0.512891 0.713194 0.071094 0.218056 0.005078 -0.002083 1.000000
0 84 0.513672 0.713194 0.069531 0.220833 0.000781 0.000000 1.000000
0 85 0.514453 0.711806 0.067969 0.226389 0.000781 -0.001389 1.000000
0 86 0.514453 0.709028 0.066406 0.229167 0.000000 -0.002778 1.000000
0 87 0.515625 0.706944 0.065625 0.236111 0.001172 -0.002083 1.000000
0 88 0.515625 0.702083 0.062500 0.245833 0.000000 -0.004861 1.000000
0 89 0.515234 0.700000 0.060156 0.247222 -0.000391 -0.002083 1.000000
0 90 0.514844 0.701389 0.057813 0.250000 -0.000391 0.001389 1.000000
0 91 0.515625 0.699306 0.057813 0.248611 0.000781 -0.002083 1.000000
0 92 0.517578 0.698611 0.057031 0.244444 0.001953 -0.000694 1.000000
0 93 0.512500 0.702083 0.070312 0.237500 -0.005078 0.003472 1.000000
0 94 0.512891 0.702778 0.071094 0.238889 0.000391 0.000694 1.000000
0 95 0.509375 0.701389 0.067187 0.241667 -0.003516 -0.001389 1.000000
0 96 0.505859 0.697917 0.069531 0.240278 -0.003516 -0.003472 1.000000
0 97 0.502344 0.693056 0.075000 0.250000 -0.003516 -0.004861 1.000000
0 98 0.500000 0.681250 0.093750 0.259722 -0.002344 -0.011806 1.000000
0 99 0.498828 0.672222 0.102344 0.272222 -0.001172 -0.009028 1.000000
0 100 0.494531 0.665278 0.107813 0.275000 -0.004297 -0.006944 1.000000
0 101 0.487109 0.659028 0.107031 0.276389 -0.007422 -0.006250 1.000000
0 102 0.478906 0.655556 0.106250 0.277778 -0.008203 -0.003472 1.000000
0 103 0.464062 0.647917 0.107813 0.276389 -0.014844 -0.007639 1.000000
0 104 0.453906 0.645139 0.104688 0.270833 -0.010156 -0.002778 1.000000
0 105 0.446484 0.644444 0.103906 0.272222 -0.007422 -0.000694 1.000000
0 106 0.435937 0.642361 0.101562 0.265278 -0.010547 -0.002083 1.000000
0 107 0.425391 0.640278 0.099219 0.261111 -0.010547 -0.002083 1.000000
0 108 0.407422 0.634028 0.099219 0.259722 -0.017969 -0.006250 1.000000
0 109 0.396094 0.628472 0.098437 0.256944 -0.011328 -0.005556 1.000000
0 110 0.386328 0.622917 0.096094 0.256944 -0.009766 -0.005556 1.000000
0 111 0.375781 0.616667 0.096875 0.258333 -0.010547 -0.006250 1.000000
0 112 0.367969 0.610417 0.096875 0.262500 -0.007812 -0.006250 1.000000
0 113 0.357422 0.597222 0.092969 0.244444 -0.010547 -0.013194 1.000000
0 114 0.354687 0.593750 0.089063 0.245833 -0.002734 -0.003472 1.000000
0 115 0.353125 0.588889 0.082812 0.244444 -0.001563 -0.004861 1.000000
0 116 0.351172 0.584028 0.074219 0.245833 -0.001953 -0.004861 1.000000
0 117 0.342969 0.579167 0.079687 0.247222 -0.008203 -0.004861 1.000000
0 118 0.328516 0.567361 0.088281 0.254167 -0.014453 -0.011806 1.000000
0 119 0.322266 0.562500 0.089844 0.258333 -0.006250 -0.004861 1.000000
0 120 0.316016 0.555556 0.089844 0.258333 -0.006250 -0.006944 1.000000
0 121 0.308984 0.545833 0.089844 0.247222 -0.007031 -0.009722 1.000000
0 122 0.304297 0.538194 0.086719 0.240278 -0.004687 -0.007639 1.000000
0 123 0.298047 0.529861 0.067969 0.237500 -0.006250 -0.008333 1.000000
0 124 0.294531 0.528472 0.060937 0.240278 -0.003516 -0.001389 1.000000
0 125 0.285938 0.524306 0.065625 0.243056 -0.008594 -0.004167 1.000000
0 126 0.275781 0.520139 0.075000 0.245833 -0.010156 -0.004167 1.000000
0 127 0.266016 0.515972 0.082031 0.248611 -0.009766 -0.004167 1.000000
0 128 0.244141 0.509028 0.086719 0.251389 -0.021875 -0.006944 1.000000
0 129 0.235547 0.506250 0.096094 0.245833 -0.008594 -0.002778 1.000000
0 130 0.225391 0.505556 0.096094 0.247222 -0.010156 -0.000694 1.000000
0 131 0.214453 0.505556 0.086719 0.247222 -0.010937 0.000000 1.000000
0 132 0.206250 0.504167 0.079687 0.244444 -0.008203 -0.001389 1.000000
0 133 0.192188 0.505556 0.075000 0.244444 -0.014063 0.001389 1.000000
0 134 0.187500 0.502778 0.068750 0.247222 -0.004687 -0.002778 1.000000
0 135 0.176172 0.498611 0.069531 0.250000 -0.011328 -0.004167 1.000000
0 136 0.161719 0.495833 0.075000 0.252778 -0.014453 -0.002778 1.000000
0 137 0.146484 0.490278 0.078906 0.252778 -0.015234 -0.005556 1.000000
0 138 0.132812 0.480556 0.082812 0.244444 -0.013672 -0.009722 1.000000
0 139 0.111328 0.478472 0.092969 0.243056 -0.021484 -0.002083 1.000000
0 140 0.097656 0.480556 0.090625 0.244444 -0.013672 0.002083 1.000000
0 141 0.083984 0.481250 0.082031 0.243056 -0.013672 0.000694 1.000000
0 142 0.071484 0.484722 0.072656 0.238889 -0.012500 0.003472 1.000000
0 143 0.061328 0.486111 0.063281 0.236111 -0.010156 0.001389 1.000000
0 144 0.038281 0.482639 0.060937 0.243056 -0.023047 -0.003472 1.000000
0 145 0.025000 0.477083 0.050000 0.243056 -0.013281 -0.005556 1.000000
0 146 0.017188 0.479861 0.034375 0.251389 -0.007812 0.002778 1.000000
0 147 0.014063 0.479861 0.028125 0.251389 -0.003125 0.000000 1.000000
0 304 0.022266 0.456944 0.044531 0.277778 0.000052 -0.000146 1.000000
0 305 0.030469 0.455556 0.045312 0.291667 0.008203 -0.001389 1.000000
0 306 0.037891 0.452083 0.038281 0.287500 0.007422 -0.003472 1.000000
0 307 0.043750 0.445833 0.039062 0.275000 0.005859 -0.006250 1.000000
0 308 0.051172 0.446528 0.047656 0.273611 0.007422 0.000694 1.000000
0 309 0.060547 0.447222 0.058594 0.275000 0.009375 0.000694 1.000000
0 310 0.080469 0.447222 0.076563 0.272222 0.019922 0.000000 1.000000
0 311 0.089844 0.446528 0.079687 0.268056 0.009375 -0.000694 1.000000
0 312 0.101953 0.445139 0.082031 0.268056 0.012109 -0.001389 1.000000
0 313 0.115234 0.443056 0.083594 0.266667 0.013281 -0.002083 1.000000
0 314 0.125391 0.440278 0.080469 0.266667 0.010156 -0.002778 1.000000
0 315 0.145703 0.434722 0.066406 0.266667 0.020313 -0.005556 1.000000
0 316 0.154688 0.432639 0.059375 0.265278 0.008984 -0.002083 1.000000
0 317 0.160938 0.428472 0.046875 0.265278 0.006250 -0.004167 1.000000
0 318 0.164453 0.425000 0.044531 0.266667 0.003516 -0.003472 1.000000
0 319 0.171484 0.421528 0.044531 0.265278 0.007031 -0.003472 1.000000
0 320 0.188672 0.415972 0.053906 0.259722 0.017188 -0.005556 1.000000
0 321 0.196875 0.414583 0.059375 0.259722 0.008203 -0.001389 1.000000
0 322 0.204687 0.411806 0.067187 0.256944 0.007812 -0.002778 1.000000
0 323 0.212891 0.409722 0.072656 0.258333 0.008203 -0.002083 1.000000
0 324 0.223047 0.406250 0.072656 0.254167 0.010156 -0.003472 1.000000
0 325 0.241406 0.398611 0.075000 0.250000 0.018359 -0.007639 1.000000
0 326 0.249219 0.396528 0.073438 0.251389 0.007812 -0.002083 1.000000
0 327 0.256250 0.393056 0.071875 0.250000 0.007031 -0.003472 1.000000
0 328 0.262500 0.392361 0.070312 0.254167 0.006250 -0.000694 1.000000
0 329 0.268750 0.392361 0.067187 0.259722 0.006250 0.000000 1.000000
0 330 0.279297 0.390972 0.060156 0.262500 0.010547 -0.001389 1.000000
0 331 0.283984 0.392361 0.057031 0.262500 0.004687 0.001389 1.000000
0 332 0.288281 0.393750 0.053125 0.259722 0.004297 0.001389 1.000000
0 333 0.293359 0.393750 0.063281 0.256944 0.005078 0.000000 1.000000
0 334 0.296094 0.395833 0.076563 0.255556 0.002734 0.002083 1.000000
0 335 0.308594 0.402778 0.087500 0.258333 0.012500 0.006944 1.000000
0 336 0.317578 0.402083 0.086719 0.251389 0.008984 -0.000694 1.000000
0 337 0.323047 0.402778 0.089844 0.250000 0.005469 0.000694 1.000000
0 338 0.329688 0.406250 0.089063 0.245833 0.006641 0.003472 1.000000
0 339 0.335938 0.406944 0.085938 0.244444 0.006250 0.000694 1.000000
0 340 0.343750 0.406944 0.070312 0.244444 0.007812 0.000000 1.000000
0 341 0.345703 0.404861 0.058594 0.248611 0.001953 -0.002083 1.000000
0 342 0.346484 0.402778 0.049219 0.255556 0.000781 -0.002083 1.000000
0 343 0.346875 0.401389 0.040625 0.258333 0.000391 -0.001389 1.000000
0 344 0.349609 0.399306 0.036719 0.262500 0.002734 -0.002083 1.000000
0 345 0.359375 0.398611 0.040625 0.263889 0.009766 -0.000694 1.000000
0 346 0.365234 0.402083 0.042969 0.262500 0.005859 0.003472 1.000000
0 347 0.369922 0.405556 0.047656 0.261111 0.004687 0.003472 1.000000
0 348 0.373437 0.411806 0.054688 0.259722 0.003516 0.006250 1.000000
0 349 0.377344 0.418056 0.062500 0.255556 0.003906 0.006250 1.000000
0 350 0.386719 0.428472 0.073438 0.256944 0.009375 0.010417 1.000000
0 351 0.392188 0.432639 0.078125 0.256944 0.005469 0.004167 1.000000
0 352 0.398047 0.435417 0.078906 0.256944 0.005859 0.002778 1.000000
0 353 0.402734 0.436111 0.072656 0.258333 0.004687 0.000694 1.000000
0 354 0.407031 0.436806 0.065625 0.256944 0.004297 0.000694 1.000000
0 355 0.417187 0.439583 0.057813 0.256944 0.010156 0.002778 1.000000
0 356 0.420312 0.441667 0.053125 0.252778 0.003125 0.002083 1.000000
0 357 0.422656 0.441667 0.050000 0.252778 0.002344 0.000000 1.000000
0 358 0.424219 0.441667 0.045312 0.252778 0.001563 0.000000 1.000000
0 359 0.428516 0.441667 0.046094 0.252778 0.004297 0.000000 1.000000
0 360 0.437109 0.443750 0.046094 0.251389 0.008594 0.002083 1.000000
0 361 0.441797 0.447222 0.046094 0.255556 0.004687 0.003472 1.000000
0 362 0.447266 0.452778 0.047656 0.255556 0.005469 0.005556 1.000000
0 363 0.453516 0.456250 0.047656 0.259722 0.006250 0.003472 1.000000
0 364 0.459766 0.457639 0.049219 0.256944 0.006250 0.001389 1.000000
0 365 0.473047 0.462500 0.052344 0.258333 0.013281 0.004861 1.000000
0 366 0.479297 0.464583 0.053906 0.256944 0.006250 0.002083 1.000000
0 367 0.485547 0.465972 0.057031 0.254167 0.006250 0.001389 1.000000
0 368 0.491797 0.461806 0.058594 0.245833 0.006250 -0.004167 1.000000
0 369 0.497656 0.461806 0.062500 0.245833 0.005859 0.000000 1.000000
0 370 0.507812 0.463194 0.064062 0.256944 0.010156 0.001389 1.000000
0 371 0.511719 0.461111 0.062500 0.258333 0.003906 -0.002083 1.000000
0 372 0.515234 0.461111 0.060156 0.258333 0.003516 0.000000 1.000000
0 373 0.518750 0.463194 0.059375 0.259722 0.003516 0.002083 1.000000
0 374 0.520703 0.462500 0.060156 0.258333 0.001953 -0.000694 1.000000
0 375 0.522266 0.471528 0.069531 0.259722 0.001563 0.009028 1.000000
0 376 0.523828 0.476389 0.074219 0.258333 0.001563 0.004861 1.000000
0 377 0.525781 0.480556 0.078125 0.252778 0.001953 0.004167 1.000000
0 378 0.528125 0.487500 0.082812 0.252778 0.002344 0.006944 1.000000
0 379 0.530859 0.495139 0.086719 0.254167 0.002734 0.007639 1.000000
0 380 0.531250 0.504167 0.075000 0.252778 0.000391 0.009028 1.000000
0 381 0.532813 0.506250 0.068750 0.245833 0.001563 0.002083 1.000000
0 382 0.536719 0.506944 0.071875 0.247222 0.003906 0.000694 1.000000
0 383 0.540234 0.506944 0.067969 0.244444 0.003516 0.000000 1.000000
0 384 0.544531 0.506944 0.065625 0.247222 0.004297 0.000000 1.000000
0 385 0.550391 0.506944 0.060156 0.247222 0.005859 0.000000 1.000000
0 386 0.553516 0.506250 0.055469 0.248611 0.003125 -0.000694 1.000000
0 387 0.556641 0.506944 0.052344 0.250000 0.003125 0.000694 1.000000
0 388 0.558984 0.507639 0.049219 0.251389 0.002344 0.000694 1.000000
0 389 0.564063 0.507639 0.048438 0.254167 0.005078 0.000000 1.000000
0 390 0.567187 0.509028 0.057813 0.254167 0.003125 0.001389 1.000000
0 391 0.566016 0.511806 0.064844 0.254167 -0.001172 0.002778 1.000000
0 392 0.566016 0.515278 0.067969 0.252778 0.000000 0.003472 1.000000
0 393 0.567187 0.519444 0.068750 0.247222 0.001172 0.004167 1.000000
0 394 0.566406 0.518750 0.064062 0.231944 -0.000781 -0.000694 1.000000
0 395 0.568359 0.529167 0.064844 0.216667 0.001953 0.010417 1.000000
0 396 0.568359 0.531944 0.061719 0.211111 0.000000 0.002778 1.000000
0 397 0.569141 0.541667 0.063281 0.219444 0.000781 0.009722 1.000000
0 398 0.564844 0.546528 0.075000 0.223611 -0.004297 0.004861 1.000000
0 399 0.563281 0.553472 0.085938 0.231944 -0.001563 0.006944 1.000000
0 400 0.567969 0.556944 0.084375 0.230556 0.004687 0.003472 1.000000
0 401 0.570312 0.559722 0.085938 0.227778 0.002344 0.002778 1.000000
0 402 0.573047 0.561806 0.086719 0.226389 0.002734 0.002083 1.000000
0 403 0.575000 0.563889 0.085938 0.225000 0.001953 0.002083 1.000000
0 404 0.576562 0.564583 0.085938 0.223611 0.001563 0.000694 1.000000
0 405 0.580078 0.566667 0.088281 0.222222 0.003516 0.002083 1.000000
0 406 0.580859 0.568056 0.086719 0.222222 0.000781 0.001389 1.000000
0 407 0.582812 0.568750 0.087500 0.226389 0.001953 0.000694 1.000000
0 408 0.583594 0.570139 0.087500 0.226389 0.000781 0.001389 1.000000
0 409 0.584375 0.570833 0.087500 0.225000 0.000781 0.000694 1.000000
0 410 0.585547 0.574306 0.086719 0.229167 0.001172 0.003472 1.000000
0 411 0.585547 0.575000 0.085156 0.230556 0.000000 0.000694 1.000000
0 412 0.585938 0.575000 0.085938 0.233333 0.000391 0.000000 1.000000
0 413 0.585938 0.576389 0.082812 0.233333 0.000000 0.001389 1.000000
0 414 0.587891 0.578472 0.078906 0.234722 0.001953 0.002083 1.000000
0 415 0.590234 0.584028 0.072656 0.240278 0.002344 0.005556 1.000000
0 416 0.592187 0.586111 0.073438 0.241667 0.001953 0.002083 1.000000
0 417 0.592187 0.589583 0.071875 0.240278 0.000000 0.003472 1.000000
0 418 0.591406 0.590278 0.071875 0.241667 -0.000781 0.000694 1.000000
0 419 0.591406 0.594444 0.071875 0.241667 0.000000 0.004167 1.000000
0 420 0.590234 0.595833 0.071094 0.241667 -0.001172 0.001389 1.000000
0 421 0.589844 0.595833 0.070312 0.241667 -0.000391 0.000000 1.000000
0 422 0.589453 0.597222 0.071094 0.241667 -0.000391 0.001389 1.000000
0 423 0.589844 0.596528 0.070312 0.240278 0.000391 -0.000694 1.000000
0 424 0.589844 0.595833 0.070312 0.241667 0.000000 -0.000694 1.000000
0 425 0.590625 0.595139 0.071875 0.243056 0.000781 -0.000694 1.000000
0 426 0.591406 0.595139 0.073438 0.243056 0.000781 0.000000 1.000000
0 427 0.591797 0.595833 0.074219 0.244444 0.000391 0.000694 1.000000
0 428 0.592187 0.595833 0.075000 0.244444 0.000391 0.000000 1.000000
0 429 0.591797 0.595139 0.074219 0.245833 -0.000391 -0.000694 1.000000
0 430 0.591797 0.595139 0.072656 0.245833 0.000000 0.000000 1.000000
0 431 0.592187 0.595833 0.071875 0.244444 0.000391 0.000694 1.000000
0 432 0.591016 0.596528 0.069531 0.243056 -0.001172 0.000694 1.000000
0 433 0.591797 0.596528 0.069531 0.243056 0.000781 0.000000 1.000000
0 434 0.592969 0.596528 0.070312 0.243056 0.001172 0.000000 1.000000
0 435 0.594922 0.597917 0.067969 0.245833 0.001953 0.001389 1.000000
0 436 0.593750 0.596528 0.064062 0.248611 -0.001172 -0.001389 1.000000
0 437 0.596094 0.595139 0.062500 0.248611 0.002344 -0.001389 1.000000
0 438 0.596094 0.595139 0.057813 0.251389 0.000000 0.000000 1.000000
0 439 0.597266 0.594444 0.055469 0.250000 0.001172 -0.000694 1.000000
0 440 0.601562 0.595139 0.050000 0.254167 0.004297 0.000694 1.000000
0 441 0.603125 0.593750 0.046875 0.254167 0.001563 -0.001389 1.000000
0 442 0.605078 0.593056 0.046094 0.255556 0.001953 -0.000694 1.000000
0 443 0.605859 0.593056 0.046094 0.255556 0.000781 0.000000 1.000000
0 444 0.605859 0.591667 0.046094 0.255556 0.000000 -0.001389 1.000000
0 445 0.605078 0.591667 0.046094 0.258333 -0.000781 0.000000 1.000000
0 446 0.604297 0.590278 0.046094 0.258333 -0.000781 -0.001389 1.000000
0 447 0.602344 0.590972 0.046875 0.256944 -0.001953 0.000694 1.000000
0 448 0.601172 0.590972 0.049219 0.256944 -0.001172 0.000000 1.000000
0 449 0.600391 0.590972 0.050781 0.256944 -0.000781 0.000000 1.000000
0 450 0.596484 0.591667 0.052344 0.255556 -0.003906 0.000694 1.000000
0 451 0.592969 0.590278 0.051562 0.255556 -0.003516 -0.001389 1.000000
0 452 0.589844 0.591667 0.051562 0.255556 -0.003125 0.001389 1.000000
0 453 0.589063 0.591667 0.054688 0.255556 -0.000781 0.000000 1.000000
0 454 0.588281 0.592361 0.056250 0.254167 -0.000781 0.000694 1.000000
0 455 0.587500 0.595139 0.054688 0.251389 -0.000781 0.002778 1.000000
0 456 0.586719 0.597917 0.053125 0.251389 -0.000781 0.002778 1.000000
0 457 0.590234 0.597222 0.061719 0.252778 0.003516 -0.000694 1.000000
0 458 0.590234 0.601389 0.061719 0.261111 0.000000 0.004167 1.000000
0 459 0.588672 0.601389 0.060156 0.261111 -0.001563 0.000000 1.000000
0 460 0.582422 0.594444 0.055469 0.250000 -0.006250 -0.006944 1.000000
0 461 0.578125 0.590278 0.051562 0.244444 -0.004297 -0.004167 1.000000
0 462 0.573438 0.590972 0.048438 0.243056 -0.004687 0.000694 1.000000
0 463 0.571875 0.593056 0.050000 0.247222 -0.001563 0.002083 1.000000
0 464 0.569922 0.594444 0.049219 0.247222 -0.001953 0.001389 1.000000
0 465 0.565625 0.595139 0.050000 0.243056 -0.004297 0.000694 1.000000
0 466 0.564844 0.595139 0.048438 0.240278 -0.000781 0.000000 1.000000
0 467 0.564063 0.595833 0.046875 0.241667 -0.000781 0.000694 1.000000
0 468 0.562500 0.593750 0.045312 0.240278 -0.001563 -0.002083 1.000000
0 469 0.562500 0.593750 0.046875 0.240278 0.000000 0.000000 1.000000
0 470 0.560156 0.592361 0.051562 0.240278 -0.002344 -0.001389 1.000000
0 471 0.552734 0.591667 0.066406 0.238889 -0.007422 -0.000694 1.000000
0 472 0.548828 0.592361 0.072656 0.237500 -0.003906 0.000694 1.000000
0 473 0.546484 0.593056 0.077344 0.236111 -0.002344 0.000694 1.000000
0 474 0.545703 0.595139 0.078906 0.234722 -0.000781 0.002083 1.000000
0 475 0.545703 0.594444 0.078906 0.233333 0.000000 -0.000694 1.000000
0 476 0.543750 0.593056 0.079687 0.230556 -0.001953 -0.001389 1.000000
0 477 0.540234 0.590972 0.074219 0.229167 -0.003516 -0.002083 1.000000
0 478 0.535156 0.590278 0.067187 0.230556 -0.005078 -0.000694 1.000000
0 479 0.529297 0.588889 0.058594 0.233333 -0.005859 -0.001389 1.000000
0 480 0.520703 0.587500 0.055469 0.233333 -0.008594 -0.001389 1.000000
0 481 0.506641 0.585417 0.044531 0.234722 -0.014063 -0.002083 1.000000
0 482 0.501563 0.586806 0.046875 0.231944 -0.005078 0.001389 1.000000
0 483 0.499219 0.589583 0.045312 0.231944 -0.002344 0.002778 1.000000
0 484 0.496094 0.591667 0.043750 0.230556 -0.003125 0.002083 1.000000
0 485 0.492188 0.590278 0.045312 0.225000 -0.003906 -0.001389 1.000000
0 486 0.484375 0.591667 0.050000 0.219444 -0.007812 0.001389 1.000000
0 487 0.480078 0.592361 0.052344 0.218056 -0.004297 0.000694 1.000000
0 488 0.469922 0.594444 0.064844 0.216667 -0.010156 0.002083 1.000000
0 489 0.462109 0.595139 0.069531 0.212500 -0.007812 0.000694 1.000000
0 490 0.457813 0.595833 0.076563 0.213889 -0.004297 0.000694 1.000000
0 491 0.454688 0.594444 0.084375 0.211111 -0.003125 -0.001389 1.000000
0 492 0.452734 0.594444 0.089844 0.211111 -0.001953 0.000000 1.000000
0 493 0.452344 0.595833 0.093750 0.208333 -0.000391 0.001389 1.000000
0 494 0.453125 0.597222 0.093750 0.208333 0.000781 0.001389 1.000000
0 495 0.453125 0.597222 0.093750 0.208333 0.000000 0.000000 1.000000
0 496 0.455078 0.594444 0.088281 0.205556 0.001953 -0.002778 1.000000
0 497 0.453906 0.590972 0.081250 0.204167 -0.001172 -0.003472 1.000000
0 498 0.451172 0.589583 0.067969 0.201389 -0.002734 -0.001389 1.000000
0 499 0.451953 0.588194 0.061719 0.201389 0.000781 -0.001389 1.000000
0 500 0.454688 0.586806 0.060937 0.198611 0.002734 -0.001389 1.000000
0 501 0.456641 0.584722 0.063281 0.194444 0.001953 -0.002083 1.000000
0 502 0.457031 0.584722 0.065625 0.194444 0.000391 0.000000 1.000000
0 503 0.455078 0.584722 0.067969 0.191667 -0.001953 0.000000 1.000000
0 504 0.453125 0.586806 0.075000 0.190278 -0.001953 0.002083 1.000000
0 505 0.451562 0.585417 0.076563 0.184722 -0.001563 -0.001389 1.000000
0 506 0.449219 0.587500 0.092188 0.180556 -0.002344 0.002083 1.000000
0 507 0.449609 0.588889 0.099219 0.180556 0.000391 0.001389 1.000000
0 508 0.450391 0.587500 0.102344 0.180556 0.000781 -0.001389 1.000000
0 509 0.456250 0.587500 0.096875 0.183333 0.005859 0.000000 1.000000
0 510 0.456641 0.586111 0.100781 0.186111 0.000391 -0.001389 1.000000
0 511 0.457031 0.585417 0.089063 0.184722 0.000391 -0.000694 1.000000
0 512 0.453516 0.588889 0.082031 0.188889 -0.003516 0.003472 1.000000
0 513 0.446875 0.590972 0.062500 0.184722 -0.006641 0.002083 1.000000
0 514 0.439844 0.586806 0.062500 0.184722 -0.007031 -0.004167 1.000000
0 515 0.438281 0.587500 0.060937 0.183333 -0.001563 0.000694 1.000000
0 516 0.431250 0.590972 0.062500 0.190278 -0.007031 0.003472 1.000000
0 517 0.425781 0.591667 0.064062 0.188889 -0.005469 0.000694 1.000000
0 518 0.419531 0.594444 0.067187 0.188889 -0.006250 0.002778 1.000000
0 519 0.407031 0.596528 0.084375 0.187500 -0.012500 0.002083 1.000000
0 520 0.398828 0.601389 0.091406 0.186111 -0.008203 0.004861 1.000000
0 521 0.390234 0.604861 0.102344 0.179167 -0.008594 0.003472 1.000000
0 522 0.388672 0.608333 0.107031 0.177778 -0.001563 0.003472 1.000000
0 523 0.385547 0.611806 0.113281 0.170833 -0.003125 0.003472 1.000000
0 524 0.382812 0.612500 0.115625 0.169444 -0.002734 0.000694 1.000000
0 525 0.381641 0.609028 0.114844 0.168056 -0.001172 -0.003472 1.000000
0 526 0.376172 0.608333 0.105469 0.166667 -0.005469 -0.000694 1.000000
0 527 0.374219 0.606250 0.093750 0.162500 -0.001953 -0.002083 1.000000
0 528 0.372266 0.610417 0.092969 0.165278 -0.001953 0.004167 1.000000
0 529 0.366016 0.611111 0.083594 0.161111 -0.006250 0.000694 1.000000
0 530 0.355859 0.610417 0.072656 0.162500 -0.010156 -0.000694 1.000000
0 531 0.351562 0.615972 0.081250 0.162500 -0.004297 0.005556 1.000000
0 532 0.352344 0.615972 0.081250 0.162500 0.000781 0.000000 1.000000
0 533 0.355078 0.620139 0.080469 0.165278 0.002734 0.004167 1.000000
0 534 0.351172 0.618750 0.088281 0.168056 -0.003906 -0.001389 1.000000
0 535 0.349609 0.619444 0.089844 0.161111 -0.001563 0.000694 1.000000
0 536 0.346484 0.625000 0.096094 0.161111 -0.003125 0.005556 1.000000
0 537 0.346094 0.625694 0.095312 0.156944 -0.000391 0.000694 1.000000
0 538 0.346094 0.627778 0.100000 0.161111 0.000000 0.002083 1.000000
0 539 0.344531 0.627083 0.095312 0.165278 -0.001563 -0.000694 1.000000
0 540 0.344141 0.626389 0.094531 0.166667 -0.000391 -0.000694 1.000000
0 541 0.345703 0.624306 0.097656 0.176389 0.001563 -0.002083 1.000000
0 542 0.346875 0.621528 0.098437 0.173611 0.001172 -0.002778 1.000000
0 543 0.347266 0.617361 0.094531 0.170833 0.000391 -0.004167 1.000000
0 544 0.348828 0.614583 0.091406 0.170833 0.001563 -0.002778 1.000000
0 545 0.350000 0.617361 0.087500 0.176389 0.001172 0.002778 1.000000
0 546 0.361719 0.614583 0.062500 0.162500 0.011719 -0.002778 1.000000
0 547 0.363281 0.613889 0.060937 0.161111 0.001563 -0.000694 1.000000
0 548 0.363281 0.620139 0.059375 0.170833 0.000000 0.006250 1.000000
0 549 0.364063 0.620833 0.062500 0.169444 0.000781 0.000694 1.000000
0 550 0.366406 0.621528 0.064062 0.170833 0.002344 0.000694 1.000000
0 551 0.374219 0.622917 0.081250 0.176389 0.007812 0.001389 1.000000
0 552 0.376563 0.622917 0.082812 0.176389 0.002344 0.000000 1.000000
0 553 0.378516 0.623611 0.085156 0.180556 0.001953 0.000694 1.000000
0 554 0.378516 0.621528 0.085156 0.181944 0.000000 -0.002083 1.000000
0 555 0.378906 0.622917 0.085938 0.187500 0.000391 0.001389 1.000000
0 556 0.379297 0.620139 0.086719 0.187500 0.000391 -0.002778 1.000000
0 557 0.379688 0.618750 0.084375 0.184722 0.000391 -0.001389 1.000000
0 558 0.380078 0.620139 0.083594 0.187500 0.000391 0.001389 1.000000
0 559 0.380078 0.619444 0.082031 0.186111 0.000000 -0.000694 1.000000
0 560 0.380469 0.619444 0.081250 0.186111 0.000391 0.000000 1.000000
0 561 0.380469 0.619444 0.081250 0.188889 0.000000 0.000000 1.000000
0 562 0.378516 0.617361 0.078906 0.187500 -0.001953 -0.002083 1.000000
0 563 0.378906 0.620139 0.079687 0.190278 0.000391 0.002778 1.000000
0 564 0.376172 0.622917 0.078906 0.193056 -0.002734 0.002778 1.000000
0 565 0.379297 0.619444 0.080469 0.186111 0.003125 -0.003472 1.000000
0 566 0.376172 0.618750 0.074219 0.184722 -0.003125 -0.000694 1.000000
0 567 0.376172 0.619444 0.074219 0.186111 0.000000 0.000694 1.000000
0 568 0.377734 0.620139 0.078906 0.190278 0.001563 0.000694 1.000000
0 569 0.378906 0.620139 0.081250 0.190278 0.001172 0.000000 1.000000
0 570 0.379297 0.619444 0.082031 0.191667 0.000391 -0.000694 1.000000
0 571 0.379297 0.618750 0.082031 0.193056 0.000000 -0.000694 1.000000
0 572 0.379297 0.618750 0.082031 0.198611 0.000000 0.000000 1.000000
0 573 0.379688 0.618750 0.082812 0.198611 0.000391 0.000000 1.000000
0 574 0.379688 0.621528 0.082812 0.204167 0.000000 0.002778 1.000000
0 575 0.378516 0.618056 0.085156 0.197222 -0.001172 -0.003472 1.000000
0 576 0.376563 0.620833 0.089063 0.194444 -0.001953 0.002778 1.000000
0 577 0.377344 0.612500 0.087500 0.175000 0.000781 -0.008333 1.000000
0 578 0.376172 0.613194 0.089844 0.170833 -0.001172 0.000694 1.000000
0 579 0.376563 0.615972 0.092188 0.173611 0.000391 0.002778 1.000000
0 580 0.376563 0.620139 0.093750 0.176389 0.000000 0.004167 1.000000
0 581 0.376953 0.622222 0.094531 0.177778 0.000391 0.002083 1.000000
0 582 0.376563 0.623611 0.095312 0.177778 -0.000391 0.001389 1.000000
0 583 0.376563 0.622222 0.095312 0.177778 0.000000 -0.001389 1.000000
0 584 0.375391 0.622222 0.097656 0.180556 -0.001172 0.000000 1.000000
0 585 0.375000 0.622222 0.093750 0.183333 -0.000391 0.000000 1.000000
0 586 0.364844 0.622917 0.089063 0.187500 -0.010156 0.000694 1.000000
0 587 0.359375 0.625000 0.079687 0.191667 -0.005469 0.002083 1.000000
0 588 0.347656 0.625694 0.079687 0.193056 -0.011719 0.000694 1.000000
0 589 0.340625 0.626389 0.076563 0.205556 -0.007031 0.000694 1.000000
0 590 0.334766 0.629861 0.083594 0.209722 -0.005859 0.003472 1.000000
0 591 0.333594 0.637500 0.076563 0.213889 -0.001172 0.007639 1.000000
0 592 0.335547 0.640972 0.067969 0.212500 0.001953 0.003472 1.000000
0 593 0.333203 0.627778 0.075781 0.252778 -0.002344 -0.013194 1.000000
0 594 0.330078 0.628472 0.085156 0.262500 -0.003125 0.000694 1.000000
0 595 0.334766 0.652778 0.078906 0.225000 0.004687 0.024306 1.000000
0 596 0.324219 0.652083 0.060937 0.251389 -0.010547 -0.000694 1.000000
0 597 0.325000 0.652778 0.059375 0.241667 0.000781 0.000694 1.000000
0 598 0.324219 0.661806 0.064062 0.245833 -0.000781 0.009028 1.000000
0 599 0.322656 0.666667 0.068750 0.233333 -0.001563 0.004861 1.000000
0 600 0.314844 0.670833 0.065625 0.247222 -0.007812 0.004167 1.000000
0 601 0.307422 0.681944 0.067969 0.255556 -0.007422 0.011111 1.000000
0 602 0.293359 0.687500 0.050781 0.258333 -0.014063 0.005556 1.000000
0 603 0.290625 0.695833 0.053125 0.255556 -0.002734 0.008333 1.000000
0 604 0.288281 0.693750 0.054688 0.240278 -0.002344 -0.002083 1.000000
0 605 0.284766 0.700694 0.058594 0.231944 -0.003516 0.006944 1.000000
0 606 0.277734 0.718750 0.069531 0.223611 -0.007031 0.018056 1.000000
0 607 0.277734 0.725000 0.074219 0.225000 0.000000 0.006250 1.000000
0 608 0.282031 0.727778 0.082812 0.225000 0.004297 0.002778 1.000000
0 609 0.285938 0.725694 0.084375 0.220833 0.003906 -0.002083 1.000000
0 610 0.289844 0.722917 0.075000 0.220833 0.003906 -0.002778 1.000000
0 611 0.281250 0.726389 0.070312 0.244444 -0.008594 0.003472 1.000000
0 612 0.279297 0.725694 0.069531 0.248611 -0.001953 -0.000694 1.000000
0 613 0.279297 0.724306 0.069531 0.245833 0.000000 -0.001389 1.000000
0 614 0.278516 0.726389 0.069531 0.247222 -0.000781 0.002083 1.000000
0 615 0.283594 0.718056 0.059375 0.227778 0.005078 -0.008333 1.000000
0 616 0.286328 0.726389 0.057031 0.227778 0.002734 0.008333 1.000000
0 617 0.286719 0.732639 0.059375 0.226389 0.000391 0.006250 1.000000
0 618 0.286719 0.737500 0.064062 0.233333 0.000000 0.004861 1.000000
0 619 0.287891 0.739583 0.063281 0.229167 0.001172 0.002083 1.000000
0 620 0.285938 0.748611 0.070312 0.241667 -0.001953 0.009028 1.000000
0 621 0.294141 0.737500 0.064844 0.230556 0.008203 -0.011111 1.000000
0 622 0.294531 0.739583 0.067187 0.234722 0.000391 0.002083 1.000000
0 623 0.296484 0.731944 0.066406 0.238889 0.001953 -0.007639 1.000000
0 624 0.300391 0.728472 0.060156 0.245833 0.003906 -0.003472 1.000000
0 625 0.304297 0.727778 0.061719 0.250000 0.003906 -0.000694 1.000000
0 626 0.318359 0.720833 0.046094 0.255556 0.014063 -0.006944 1.000000
0 627 0.320703 0.718750 0.047656 0.256944 0.002344 -0.002083 1.000000
0 628 0.321875 0.718750 0.051562 0.265278 0.001172 0.000000 1.000000
0 629 0.321484 0.718056 0.053906 0.266667 -0.000391 -0.000694 1.000000
0 630 0.320703 0.715278 0.053906 0.261111 -0.000781 -0.002778 1.000000
0 631 0.328125 0.714583 0.073438 0.259722 0.007422 -0.000694 1.000000
0 632 0.327734 0.715972 0.085156 0.254167 -0.000391 0.001389 1.000000
0 633 0.328906 0.713889 0.092188 0.244444 0.001172 -0.002083 1.000000
0 634 0.327344 0.711806 0.093750 0.237500 -0.001563 -0.002083 1.000000
0 635 0.324609 0.711111 0.096094 0.233333 -0.002734 -0.000694 1.000000
0 636 0.322656 0.710417 0.093750 0.229167 -0.001953 -0.000694 1.000000
0 637 0.323047 0.711806 0.091406 0.223611 0.000391 0.001389 1.000000
0 638 0.330859 0.711111 0.083594 0.219444 0.007812 -0.000694 1.000000
0 639 0.331641 0.711806 0.088281 0.218056 0.000781 0.000694 1.000000
0 640 0.340234 0.712500 0.088281 0.216667 0.008594 0.000694 1.000000
0 641 0.345703 0.709722 0.091406 0.216667 0.005469 -0.002778 1.000000
0 642 0.357422 0.704167 0.091406 0.216667 0.011719 -0.005556 1.000000
0 643 0.362500 0.700000 0.085938 0.219444 0.005078 -0.004167 1.000000
0 644 0.362109 0.697917 0.089844 0.226389 -0.000391 -0.002083 1.000000
0 645 0.357031 0.690972 0.101562 0.223611 -0.005078 -0.006944 1.000000
0 646 0.357422 0.688889 0.097656 0.230556 0.000391 -0.002083 1.000000
0 647 0.357422 0.684722 0.100781 0.238889 0.000000 -0.004167 1.000000
0 648 0.359766 0.684722 0.103906 0.241667 0.002344 0.000000 1.000000
0 649 0.360156 0.684722 0.103125 0.241667 0.000391 0.000000 1.000000
0 650 0.363672 0.684722 0.097656 0.241667 0.003516 0.000000 1.000000
0 651 0.368750 0.681250 0.089063 0.240278 0.005078 -0.003472 1.000000
0 652 0.376563 0.666667 0.071875 0.244444 0.007812 -0.014583 1.000000
0 653 0.378516 0.661806 0.066406 0.245833 0.001953 -0.004861 1.000000
0 654 0.375781 0.655556 0.070312 0.247222 -0.002734 -0.006250 1.000000
0 655 0.369531 0.655556 0.079687 0.258333 -0.006250 0.000000 1.000000
0 656 0.366797 0.656250 0.082031 0.268056 -0.002734 0.000694 1.000000
0 657 0.362500 0.654167 0.087500 0.266667 -0.004297 -0.002083 1.000000
0 658 0.359766 0.656250 0.085156 0.265278 -0.002734 0.002083 1.000000
0 659 0.358594 0.659722 0.082812 0.261111 -0.001172 0.003472 1.000000
0 660 0.358203 0.659722 0.077344 0.255556 -0.000391 0.000000 1.000000
0 661 0.359766 0.666667 0.071094 0.261111 0.001563 0.006944 1.000000
0 662 0.358984 0.659722 0.061719 0.266667 -0.000781 -0.006944 1.000000
0 663 0.353125 0.659028 0.070312 0.273611 -0.005859 -0.000694 1.000000
0 664 0.350000 0.657639 0.075000 0.279167 -0.003125 -0.001389 1.000000
0 665 0.345313 0.656250 0.079687 0.276389 -0.004687 -0.001389 1.000000
0 666 0.340234 0.657639 0.086719 0.284722 -0.005078 0.001389 1.000000
0 667 0.335156 0.662500 0.098437 0.286111 -0.005078 0.004861 1.000000
0 668 0.331250 0.665972 0.096875 0.287500 -0.003906 0.003472 1.000000
0 669 0.330469 0.671528 0.093750 0.284722 -0.000781 0.005556 1.000000
0 670 0.331641 0.674306 0.086719 0.279167 0.001172 0.002778 1.000000
0 671 0.333984 0.675694 0.078906 0.273611 0.002344 0.001389 1.000000
0 672 0.339453 0.675694 0.078906 0.270833 0.005469 0.000000 1.000000
0 673 0.333984 0.674306 0.083594 0.273611 -0.005469 -0.001389 1.000000
0 674 0.331641 0.677778 0.088281 0.288889 -0.002344 0.003472 1.000000
0 675 0.327734 0.680556 0.092969 0.297222 -0.003906 0.002778 1.000000
0 676 0.325000 0.682639 0.095312 0.301389 -0.002734 0.002083 1.000000
0 677 0.321875 0.692361 0.098437 0.304167 -0.003125 0.009722 1.000000
0 678 0.319922 0.698611 0.089844 0.305556 -0.001953 0.006250 1.000000
0 679 0.322266 0.702083 0.082031 0.298611 0.002344 0.003472 1.000000
0 680 0.327734 0.703472 0.072656 0.295833 0.005469 0.001389 1.000000
0 681 0.333984 0.702778 0.063281 0.294444 0.006250 -0.000694 1.000000
0 682 0.330469 0.700000 0.076563 0.300000 -0.003516 -0.002778 1.000000
0 683 0.328516 0.698611 0.083594 0.300000 -0.001953 -0.001389 1.000000
0 684 0.327344 0.697917 0.089063 0.298611 -0.001172 -0.000694 1.000000
0 685 0.330078 0.702083 0.105469 0.306944 0.002734 0.004167 1.000000
0 686 0.328906 0.702083 0.110937 0.304167 -0.001172 0.000000 1.000000
0 687 0.327344 0.711806 0.107813 0.301389 -0.001563 0.009722 1.000000
0 688 0.328516 0.718750 0.099219 0.298611 0.001172 0.006944 1.000000
0 689 0.332813 0.722222 0.093750 0.297222 0.004297 0.003472 1.000000
0 690 0.341406 0.724306 0.084375 0.298611 0.008594 0.002083 1.000000
0 691 0.346875 0.723611 0.079687 0.300000 0.005469 -0.000694 1.000000
0 692 0.351172 0.718056 0.080469 0.297222 0.004297 -0.005556 1.000000
0 693 0.350781 0.720139 0.082812 0.301389 -0.000391 0.002083 1.000000
0 694 0.349609 0.720139 0.086719 0.301389 -0.001172 0.000000 1.000000
0 695 0.349219 0.720833 0.087500 0.300000 -0.000391 0.000694 1.000000
0 696 0.348438 0.729167 0.089063 0.305556 -0.000781 0.008333 1.000000
0 697 0.355469 0.752083 0.079687 0.326389 0.007031 0.022917 1.000000
0 698 0.358203 0.756250 0.072656 0.323611 0.002734 0.004167 1.000000
0 699 0.357812 0.755556 0.071875 0.322222 -0.000391 -0.000694 1.000000
0 700 0.363281 0.754167 0.059375 0.322222 0.005469 -0.001389 1.000000
0 701 0.366016 0.753472 0.067969 0.323611 0.002734 -0.000694 1.000000
0 702 0.372266 0.745139 0.075781 0.320833 0.006250 -0.008333 1.000000
0 703 0.374609 0.740972 0.072656 0.318056 0.002344 -0.004167 1.000000
0 704 0.370703 0.739583 0.075781 0.312500 -0.003906 -0.001389 1.000000
0 705 0.375000 0.743750 0.067187 0.312500 0.004297 0.004167 1.000000
0 706 0.375391 0.745139 0.064844 0.312500 0.000391 0.001389 1.000000
0 707 0.380078 0.754861 0.057031 0.312500 0.004687 0.009722 1.000000
0 708 0.384766 0.754167 0.047656 0.308333 0.004687 -0.000694 1.000000
0 709 0.386328 0.756944 0.050781 0.308333 0.001563 0.002778 1.000000
0 710 0.389844 0.747222 0.053125 0.305556 0.003516 -0.009722 1.000000
0 711 0.389453 0.743750 0.057031 0.304167 -0.000391 -0.003472 1.000000
0 712 0.386328 0.743056 0.071094 0.319444 -0.003125 -0.000694 1.000000
0 713 0.381250 0.740278 0.075000 0.322222 -0.005078 -0.002778 1.000000
0 714 0.385937 0.734028 0.098437 0.312500 0.004687 -0.006250 1.000000
0 715 0.382812 0.733333 0.115625 0.311111 -0.003125 -0.000694 1.000000
0 716 0.383594 0.734722 0.112500 0.308333 0.000781 0.001389 1.000000
0 717 0.378516 0.738194 0.089844 0.304167 -0.005078 0.003472 1.000000
0 718 0.386719 0.738194 0.090625 0.301389 0.008203 0.000000 1.000000
0 719 0.394141 0.738194 0.085156 0.301389 0.007422 0.000000 1.000000
0 720 0.399609 0.736111 0.077344 0.308333 0.005469 -0.002083 1.000000
0 721 0.400391 0.734028 0.075781 0.309722 0.000781 -0.002083 1.000000
0 722 0.396875 0.730556 0.081250 0.311111 -0.003516 -0.003472 1.000000
0 723 0.395703 0.725694 0.082031 0.312500 -0.001172 -0.004861 1.000000
0 724 0.400000 0.725000 0.090625 0.305556 0.004297 -0.000694 1.000000
0 725 0.402734 0.722917 0.092969 0.295833 0.002734 -0.002083 1.000000
0 726 0.403516 0.726389 0.086719 0.297222 0.000781 0.003472 1.000000
0 727 0.407422 0.730556 0.064844 0.291667 0.003906 0.004167 1.000000
0 728 0.416406 0.729861 0.064062 0.293056 0.008984 -0.000694 1.000000
0 729 0.419531 0.730556 0.051562 0.297222 0.003125 0.000694 1.000000
0 730 0.421094 0.726389 0.059375 0.297222 0.001563 -0.004167 1.000000
0 731 0.419922 0.724306 0.066406 0.298611 -0.001172 -0.002083 1.000000
0 732 0.423438 0.718750 0.082812 0.304167 0.003516 -0.005556 1.000000
0 733 0.427734 0.718056 0.094531 0.300000 0.004297 -0.000694 1.000000
0 734 0.429297 0.716667 0.097656 0.291667 0.001563 -0.001389 1.000000
0 735 0.428516 0.715278 0.096094 0.280556 -0.000781 -0.001389 1.000000
0 736 0.428906 0.715278 0.095312 0.277778 0.000391 0.000000 1.000000
0 737 0.440625 0.710417 0.085938 0.265278 0.011719 -0.004861 1.000000
0 738 0.446484 0.709028 0.077344 0.270833 0.005859 -0.001389 1.000000
0 739 0.453125 0.705556 0.068750 0.275000 0.006641 -0.003472 1.000000
0 740 0.463281 0.702778 0.053125 0.277778 0.010156 -0.002778 1.000000
0 741 0.466016 0.702083 0.053906 0.281944 0.002734 -0.000694 1.000000
0 742 0.469922 0.700694 0.053906 0.284722 0.003906 -0.001389 1.000000
0 743 0.471484 0.702083 0.053906 0.287500 0.001563 0.001389 1.000000
0 744 0.472266 0.702778 0.053906 0.286111 0.000781 0.000694 1.000000
0 745 0.473438 0.704167 0.053125 0.283333 0.001172 0.001389 1.000000
0 746 0.476562 0.705556 0.057813 0.280556 0.003125 0.001389 1.000000
0 747 0.484375 0.708333 0.070312 0.275000 0.007812 0.002778 1.000000
0 748 0.484375 0.709722 0.070312 0.275000 0.000000 0.001389 1.000000
0 749 0.485938 0.707639 0.076563 0.270833 0.001563 -0.002083 1.000000
0 750 0.481641 0.707639 0.085156 0.270833 -0.004297 0.000000 1.000000
0 751 0.481641 0.704861 0.088281 0.268056 0.000000 -0.002778 1.000000
0 752 0.474219 0.703472 0.079687 0.265278 -0.007422 -0.001389 1.000000
0 753 0.469922 0.702083 0.083594 0.268056 -0.004297 -0.001389 1.000000
0 754 0.479297 0.700000 0.063281 0.269444 0.009375 -0.002083 1.000000
0 755 0.479687 0.695833 0.057813 0.272222 0.000391 -0.004167 1.000000
0 756 0.478125 0.691667 0.056250 0.272222 -0.001563 -0.004167 1.000000
0 757 0.475391 0.686111 0.052344 0.275000 -0.002734 -0.005556 1.000000
0 758 0.473438 0.680556 0.051562 0.272222 -0.001953 -0.005556 1.000000
0 759 0.471094 0.681944 0.051562 0.272222 -0.002344 0.001389 1.000000
0 760 0.469531 0.681944 0.051562 0.269444 -0.001563 0.000000 1.000000
0 761 0.469922 0.683333 0.057031 0.266667 0.000391 0.001389 1.000000
0 762 0.470703 0.690278 0.067969 0.263889 0.000781 0.006944 1.000000
0 763 0.469141 0.692361 0.071094 0.259722 -0.001563 0.002083 1.000000
0 764 0.469922 0.692361 0.077344 0.254167 0.000781 0.000000 1.000000
0 765 0.468359 0.697222 0.080469 0.258333 -0.001563 0.004861 1.000000
0 766 0.462500 0.699306 0.075000 0.259722 -0.005859 0.002083 1.000000
0 767 0.458594 0.701389 0.079687 0.258333 -0.003906 0.002083 1.000000
0 768 0.455078 0.699306 0.075781 0.251389 -0.003516 -0.002083 1.000000
0 769 0.451172 0.697917 0.071094 0.251389 -0.003906 -0.001389 1.000000
0 770 0.447656 0.695833 0.064062 0.252778 -0.003516 -0.002083 1.000000
0 771 0.445312 0.693750 0.057813 0.259722 -0.002344 -0.002083 1.000000
0 772 0.441797 0.688889 0.049219 0.266667 -0.003516 -0.004861 1.000000
0 773 0.439844 0.685417 0.046875 0.262500 -0.001953 -0.003472 1.000000
0 774 0.437891 0.684722 0.047656 0.261111 -0.001953 -0.000694 1.000000
0 775 0.434375 0.684028 0.045312 0.262500 -0.003516 -0.000694 1.000000
0 776 0.432031 0.684722 0.046875 0.261111 -0.002344 0.000694 1.000000
0 777 0.431641 0.692361 0.050781 0.256944 -0.000391 0.007639 1.000000
0 778 0.428906 0.699306 0.050000 0.256944 -0.002734 0.006944 1.000000
0 779 0.431250 0.704861 0.060937 0.254167 0.002344 0.005556 1.000000
0 780 0.430469 0.706944 0.065625 0.244444 -0.000781 0.002083 1.000000
0 781 0.427734 0.709722 0.067969 0.244444 -0.002734 0.002778 1.000000
0 782 0.418750 0.711806 0.062500 0.248611 -0.008984 0.002083 1.000000
0 783 0.415234 0.711806 0.060156 0.254167 -0.003516 0.000000 1.000000
0 784 0.411719 0.710417 0.059375 0.259722 -0.003516 -0.001389 1.000000
0 785 0.408203 0.712500 0.058594 0.263889 -0.003516 0.002083 1.000000
0 786 0.404297 0.711806 0.057031 0.262500 -0.003906 -0.000694 1.000000
0 787 0.394531 0.714583 0.056250 0.265278 -0.009766 0.002778 1.000000
0 788 0.388672 0.718750 0.053906 0.265278 -0.005859 0.004167 1.000000
0 789 0.383203 0.722222 0.055469 0.263889 -0.005469 0.003472 1.000000
0 790 0.378125 0.727083 0.056250 0.265278 -0.005078 0.004861 1.000000
0 791 0.371875 0.731944 0.057813 0.263889 -0.006250 0.004861 1.000000
0 792 0.359766 0.735417 0.060156 0.262500 -0.012109 0.003472 1.000000
0 793 0.353906 0.736806 0.060937 0.262500 -0.005859 0.001389 1.000000
0 794 0.348438 0.738194 0.062500 0.262500 -0.005469 0.001389 1.000000
0 795 0.341797 0.738889 0.063281 0.263889 -0.006641 0.000694 1.000000
0 796 0.335938 0.736806 0.062500 0.262500 -0.005859 -0.002083 1.000000
0 797 0.322656 0.730556 0.060937 0.252778 -0.013281 -0.006250 1.000000
0 798 0.315625 0.729167 0.059375 0.250000 -0.007031 -0.001389 1.000000
0 799 0.308594 0.729167 0.057813 0.250000 -0.007031 0.000000 1.000000
0 800 0.303516 0.730556 0.058594 0.252778 -0.005078 0.001389 1.000000
0 801 0.298828 0.732639 0.058594 0.256944 -0.004687 0.002083 1.000000
0 802 0.290625 0.733333 0.062500 0.261111 -0.008203 0.000694 1.000000
0 803 0.286328 0.734028 0.063281 0.262500 -0.004297 0.000694 1.000000
0 804 0.282031 0.734028 0.064062 0.262500 -0.004297 0.000000 1.000000
0 805 0.276953 0.733333 0.063281 0.263889 -0.005078 -0.000694 1.000000
0 806 0.272656 0.734028 0.062500 0.265278 -0.004297 0.000694 1.000000
0 807 0.268750 0.734028 0.060937 0.262500 -0.003906 0.000000 1.000000
0 808 0.259766 0.731944 0.057031 0.263889 -0.008984 -0.002083 1.000000
0 809 0.255078 0.729861 0.055469 0.262500 -0.004687 -0.002083 1.000000
0 810 0.250781 0.727778 0.054688 0.258333 -0.004297 -0.002083 1.000000
0 811 0.246484 0.721528 0.052344 0.254167 -0.004297 -0.006250 1.000000
0 812 0.244141 0.718750 0.052344 0.251389 -0.002344 -0.002778 1.000000
0 813 0.237109 0.715972 0.050781 0.251389 -0.007031 -0.002778 1.000000
0 814 0.234375 0.715972 0.051562 0.254167 -0.002734 0.000000 1.000000
0 815 0.232031 0.714583 0.051562 0.254167 -0.002344 -0.001389 1.000000
0 816 0.229687 0.714583 0.051562 0.256944 -0.002344 0.000000 1.000000
0 817 0.227734 0.714583 0.052344 0.256944 -0.001953 0.000000 1.000000
0 818 0.224609 0.713194 0.052344 0.256944 -0.003125 -0.001389 1.000000
0 819 0.223438 0.713194 0.051562 0.256944 -0.001172 0.000000 1.000000
0 820 0.221875 0.711806 0.051562 0.256944 -0.001563 -0.001389 1.000000
0 821 0.220703 0.710417 0.050781 0.259722 -0.001172 -0.001389 1.000000
0 822 0.219922 0.711806 0.050781 0.259722 -0.000781 0.001389 1.000000
0 823 0.216016 0.709028 0.052344 0.256944 -0.003906 -0.002778 1.000000
0 824 0.214844 0.706944 0.053125 0.252778 -0.001172 -0.002083 1.000000
0 825 0.212891 0.706944 0.053906 0.252778 -0.001953 0.000000 1.000000
0 826 0.211719 0.704167 0.054688 0.250000 -0.001172 -0.002778 1.000000
0 827 0.210156 0.702778 0.056250 0.250000 -0.001563 -0.001389 1.000000
0 828 0.206641 0.702778 0.058594 0.250000 -0.003516 0.000000 1.000000
0 829 0.205078 0.699306 0.058594 0.245833 -0.001563 -0.003472 1.000000
0 830 0.202734 0.698611 0.058594 0.247222 -0.002344 -0.000694 1.000000
0 831 0.200000 0.697222 0.057813 0.247222 -0.002734 -0.001389 1.000000
0 832 0.197266 0.700000 0.057031 0.252778 -0.002734 0.002778 1.000000
0 833 0.191797 0.700000 0.055469 0.255556 -0.005469 0.000000 1.000000
0 834 0.187891 0.699306 0.052344 0.256944 -0.003906 -0.000694 1.000000
0 835 0.184766 0.700694 0.052344 0.259722 -0.003125 0.001389 1.000000
0 836 0.182422 0.699306 0.052344 0.254167 -0.002344 -0.001389 1.000000
0 837 0.180078 0.697917 0.052344 0.254167 -0.002344 -0.001389 1.000000
0 838 0.175781 0.697917 0.053125 0.254167 -0.004297 0.000000 1.000000
0 839 0.174219 0.697222 0.053125 0.258333 -0.001563 -0.000694 1.000000
0 840 0.172656 0.694444 0.053125 0.258333 -0.001563 -0.002778 1.000000
0 841 0.171094 0.694444 0.054688 0.261111 -0.001563 0.000000 1.000000
0 842 0.169531 0.691667 0.054688 0.258333 -0.001563 -0.002778 1.000000
0 843 0.165625 0.686111 0.056250 0.252778 -0.003906 -0.005556 1.000000
0 844 0.163281 0.684722 0.056250 0.252778 -0.002344 -0.001389 1.000000
0 845 0.160938 0.684028 0.056250 0.254167 -0.002344 -0.000694 1.000000
0 846 0.157812 0.684028 0.056250 0.254167 -0.003125 0.000000 1.000000
0 847 0.155469 0.684722 0.054688 0.255556 -0.002344 0.000694 1.000000
0 848 0.148438 0.684028 0.054688 0.254167 -0.007031 -0.000694 1.000000
0 849 0.144531 0.684722 0.056250 0.252778 -0.003906 0.000694 1.000000
0 850 0.140625 0.683333 0.060937 0.252778 -0.003906 -0.001389 1.000000
0 851 0.138281 0.684028 0.065625 0.254167 -0.002344 0.000694 1.000000
0 852 0.136719 0.684722 0.067187 0.252778 -0.001563 0.000694 1.000000
0 853 0.135547 0.685417 0.066406 0.254167 -0.001172 0.000694 1.000000
0 854 0.133203 0.684722 0.069531 0.252778 -0.002344 -0.000694 1.000000
0 855 0.129297 0.683333 0.069531 0.252778 -0.003906 -0.001389 1.000000
0 856 0.126172 0.683333 0.069531 0.255556 -0.003125 0.000000 1.000000
0 857 0.121484 0.682639 0.066406 0.259722 -0.004687 -0.000694 1.000000
0 858 0.108594 0.679861 0.053125 0.259722 -0.012891 -0.002778 1.000000
0 859 0.103906 0.680556 0.050000 0.261111 -0.004687 0.000694 1.000000
0 860 0.100781 0.677778 0.051562 0.261111 -0.003125 -0.002778 1.000000
0 861 0.097656 0.677083 0.051562 0.259722 -0.003125 -0.000694 1.000000
0 862 0.096875 0.677778 0.057813 0.258333 -0.000781 0.000694 1.000000
0 863 0.092969 0.676389 0.062500 0.255556 -0.003906 -0.001389 1.000000
0 864 0.093750 0.677083 0.070312 0.256944 0.000781 0.000694 1.000000
0 865 0.091406 0.676389 0.067187 0.255556 -0.002344 -0.000694 1.000000
0 866 0.089844 0.677778 0.067187 0.255556 -0.001563 0.001389 1.000000
0 867 0.089063 0.677083 0.067187 0.254167 -0.000781 -0.000694 1.000000
0 868 0.085547 0.677778 0.063281 0.252778 -0.003516 0.000694 1.000000
0 869 0.078125 0.679167 0.050000 0.252778 -0.007422 0.001389 1.000000
0 870 0.075781 0.677778 0.050000 0.252778 -0.002344 -0.001389 1.000000
0 871 0.071484 0.672917 0.046094 0.245833 -0.004297 -0.004861 1.000000
0 872 0.067969 0.670833 0.046875 0.244444 -0.003516 -0.002083 1.000000
0 873 0.064453 0.672222 0.069531 0.255556 -0.003516 0.001389 1.000000
0 874 0.061328 0.671528 0.075781 0.256944 -0.003125 -0.000694 1.000000
0 875 0.057031 0.670833 0.081250 0.255556 -0.004297 -0.000694 1.000000
0 876 0.054688 0.671528 0.071875 0.256944 -0.002344 0.000694 1.000000
