0 1 0.610938 0.518056 0.021875 0.077778 1.000000
0 2 0.616016 0.518056 0.022656 0.077778 1.000000
0 3 0.619922 0.517361 0.024219 0.079167 1.000000
0 4 0.623437 0.515278 0.026562 0.080556 1.000000
0 5 0.625781 0.512500 0.026562 0.080556 1.000000
0 6 0.628125 0.509028 0.026562 0.079167 1.000000
0 7 0.629687 0.506250 0.025000 0.079167 1.000000
0 8 0.628906 0.504167 0.023438 0.077778 1.000000
0 9 0.626563 0.501389 0.023438 0.077778 1.000000
0 10 0.623437 0.500000 0.021875 0.080556 1.000000
0 11 0.621094 0.498611 0.021875 0.080556 1.000000
0 12 0.619531 0.497222 0.021875 0.080556 1.000000
0 13 0.618359 0.495833 0.024219 0.080556 1.000000
0 14 0.617188 0.494444 0.025000 0.080556 1.000000
0 15 0.615625 0.493750 0.025000 0.081944 1.000000
0 16 0.613281 0.493056 0.025000 0.083333 1.000000
0 17 0.610938 0.492361 0.025000 0.081944 1.000000
0 18 0.609375 0.490278 0.021875 0.080556 1.000000
0 19 0.605469 0.490278 0.018750 0.080556 1.000000
0 20 0.600781 0.490278 0.015625 0.083333 1.000000
0 21 0.596484 0.490278 0.013281 0.080556 1.000000
0 22 0.592578 0.492361 0.013281 0.084722 1.000000
0 23 0.588281 0.493056 0.014063 0.086111 1.000000
0 24 0.583594 0.494444 0.015625 0.086111 1.000000
0 25 0.577344 0.493750 0.021875 0.084722 1.000000
0 26 0.571875 0.494444 0.026562 0.083333 1.000000
0 27 0.567187 0.495833 0.028125 0.080556 1.000000
0 28 0.562109 0.495833 0.028906 0.080556 1.000000
0 29 0.557813 0.497917 0.029687 0.079167 1.000000
0 30 0.553906 0.498611 0.028125 0.080556 1.000000
0 31 0.549219 0.500000 0.026562 0.080556 1.000000
0 32 0.543750 0.500000 0.025000 0.077778 1.000000
0 33 0.538672 0.501389 0.024219 0.077778 1.000000
0 34 0.532422 0.501389 0.024219 0.077778 1.000000
0 35 0.526563 0.501389 0.025000 0.077778 1.000000
0 36 0.520312 0.500000 0.023438 0.075000 1.000000
0 37 0.512891 0.500000 0.024219 0.077778 1.000000
0 38 0.510156 0.498611 0.025000 0.075000 1.000000
0 39 0.506250 0.497222 0.025000 0.077778 1.000000
0 40 0.503516 0.497222 0.024219 0.077778 1.000000
0 41 0.498828 0.496528 0.025781 0.079167 1.000000
0 42 0.495312 0.495833 0.023438 0.080556 1.000000
0 43 0.489063 0.495833 0.023438 0.077778 1.000000
0 44 0.485938 0.495833 0.017188 0.075000 1.000000
0 45 0.479687 0.493750 0.015625 0.076389 1.000000
0 46 0.474219 0.494444 0.014063 0.077778 1.000000
0 47 0.471094 0.494444 0.017188 0.080556 1.000000
0 48 0.467187 0.495139 0.017188 0.079167 1.000000
0 49 0.462500 0.494444 0.021875 0.080556 1.000000
0 50 0.459375 0.495833 0.020313 0.080556 1.000000
0 51 0.457031 0.495139 0.018750 0.079167 1.000000
0 52 0.454688 0.495139 0.015625 0.079167 1.000000
0 53 0.451562 0.496528 0.010937 0.076389 1.000000
0 54 0.448437 0.495833 0.014063 0.075000 1.000000
0 55 0.446094 0.493056 0.014063 0.077778 1.000000
0 56 0.446484 0.491667 0.014844 0.077778 1.000000
0 57 0.446484 0.489583 0.017969 0.081944 1.000000
0 58 0.447266 0.488889 0.019531 0.083333 1.000000
0 59 0.448437 0.487500 0.021875 0.086111 1.000000
0 60 0.451562 0.486111 0.018750 0.083333 1.000000
0 61 0.452344 0.485417 0.020313 0.081944 1.000000
0 62 0.453906 0.484722 0.020313 0.080556 1.000000
0 63 0.456250 0.481944 0.021875 0.080556 1.000000
0 64 0.460156 0.479167 0.020313 0.080556 1.000000
0 65 0.462500 0.479861 0.021875 0.087500 1.000000
0 66 0.464844 0.479167 0.021875 0.086111 1.000000
0 67 0.467187 0.476389 0.021875 0.086111 1.000000
0 68 0.469531 0.476389 0.020313 0.086111 1.000000
0 69 0.471484 0.475000 0.019531 0.086111 1.000000
0 70 0.473047 0.472917 0.017969 0.084722 1.000000
0 71 0.475781 0.470833 0.017188 0.083333 1.000000
0 72 0.477734 0.469444 0.017969 0.083333 1.000000
0 73 0.479687 0.470833 0.018750 0.086111 1.000000
0 74 0.480859 0.469444 0.019531 0.088889 1.000000
0 75 0.482031 0.469444 0.020313 0.088889 1.000000
0 76 0.482031 0.469444 0.021875 0.088889 1.000000
0 77 0.481250 0.468750 0.021875 0.087500 1.000000
0 78 0.481250 0.468750 0.020313 0.087500 1.000000
0 79 0.482031 0.466667 0.020313 0.086111 1.000000
0 80 0.484375 0.465278 0.021875 0.086111 1.000000
0 81 0.485547 0.465278 0.021094 0.091667 1.000000
0 82 0.487500 0.465972 0.021875 0.093056 1.000000
0 83 0.488281 0.465278 0.020313 0.094444 1.000000
0 84 0.489063 0.466667 0.020313 0.094444 1.000000
0 85 0.489453 0.466667 0.019531 0.091667 1.000000
0 86 0.491016 0.467361 0.014844 0.090278 1.000000
0 87 0.489453 0.467361 0.014844 0.090278 1.000000
0 88 0.489063 0.463889 0.015625 0.088889 1.000000
0 89 0.489844 0.465278 0.018750 0.091667 1.000000
0 90 0.489063 0.465972 0.021875 0.093056 1.000000
0 91 0.487500 0.466667 0.025000 0.094444 1.000000
0 92 0.486328 0.468056 0.022656 0.097222 1.000000
0 93 0.482422 0.467361 0.024219 0.093056 1.000000
0 94 0.479687 0.467361 0.023438 0.090278 1.000000
0 95 0.479687 0.466667 0.025000 0.088889 1.000000
0 96 0.478516 0.463889 0.027344 0.088889 1.000000
0 97 0.477734 0.463889 0.027344 0.094444 1.000000
0 98 0.476562 0.463889 0.025000 0.097222 1.000000
0 99 0.475781 0.463194 0.025000 0.098611 1.000000
0 100 0.473438 0.463194 0.025000 0.098611 1.000000
0 101 0.471484 0.461806 0.024219 0.098611 1.000000
0 102 0.469141 0.459722 0.022656 0.097222 1.000000
0 103 0.467969 0.455556 0.021875 0.097222 1.000000
0 104 0.465625 0.452778 0.018750 0.094444 1.000000
0 105 0.464062 0.448611 0.018750 0.094444 1.000000
0 106 0.462500 0.447917 0.018750 0.101389 1.000000
0 107 0.460547 0.446528 0.019531 0.104167 1.000000
0 108 0.458984 0.446528 0.021094 0.104167 1.000000
0 109 0.457422 0.446528 0.021094 0.104167 1.000000
0 110 0.457031 0.446528 0.020313 0.101389 1.000000
0 111 0.455469 0.444444 0.020313 0.100000 1.000000
0 112 0.452734 0.441667 0.024219 0.100000 1.000000
0 113 0.453125 0.438194 0.023438 0.101389 1.000000
0 114 0.452344 0.437500 0.023438 0.105556 1.000000
0 115 0.453125 0.437500 0.023438 0.108333 1.000000
0 116 0.452344 0.436806 0.021875 0.109722 1.000000
0 117 0.451953 0.436111 0.024219 0.108333 1.000000
0 118 0.450391 0.438194 0.025781 0.109722 1.000000
0 119 0.448828 0.438889 0.028906 0.111111 1.000000
0 120 0.447656 0.438889 0.029687 0.105556 1.000000
0 121 0.447656 0.438194 0.028125 0.104167 1.000000
0 122 0.446094 0.436111 0.026562 0.102778 1.000000
0 123 0.442578 0.436806 0.025781 0.101389 1.000000
0 124 0.441406 0.438889 0.025000 0.102778 1.000000
0 125 0.440234 0.440278 0.027344 0.102778 1.000000
0 126 0.439063 0.443056 0.029687 0.100000 1.000000
0 127 0.436719 0.443750 0.034375 0.095833 1.000000
0 128 0.433594 0.443056 0.037500 0.091667 1.000000
0 129 0.430859 0.443056 0.039844 0.091667 1.000000
0 130 0.429297 0.440278 0.039844 0.091667 1.000000
0 131 0.427344 0.440972 0.035937 0.093056 1.000000
0 132 0.424609 0.443750 0.033594 0.095833 1.000000
0 133 0.419141 0.445139 0.036719 0.095833 1.000000
0 134 0.414453 0.447917 0.036719 0.095833 1.000000
0 135 0.408203 0.449306 0.033594 0.095833 1.000000
0 136 0.398438 0.449306 0.029687 0.095833 1.000000
0 137 0.392578 0.448611 0.035156 0.097222 1.000000
0 138 0.387500 0.448611 0.039062 0.097222 1.000000
0 139 0.380859 0.448611 0.041406 0.097222 1.000000
0 140 0.376172 0.448611 0.041406 0.094444 1.000000
0 141 0.370703 0.450000 0.041406 0.094444 1.000000
0 142 0.361719 0.452778 0.042188 0.094444 1.000000
0 143 0.357031 0.454861 0.037500 0.095833 1.000000
0 144 0.352344 0.456944 0.032813 0.097222 1.000000
0 145 0.343750 0.459028 0.026562 0.098611 1.000000
0 146 0.335938 0.458333 0.025000 0.100000 1.000000
0 147 0.325000 0.459722 0.025000 0.102778 1.000000
0 148 0.320703 0.459028 0.025781 0.104167 1.000000
0 149 0.316797 0.459028 0.032031 0.106944 1.000000
0 150 0.312891 0.458333 0.032031 0.102778 1.000000
0 151 0.306641 0.457639 0.030469 0.101389 1.000000
0 152 0.301953 0.458333 0.027344 0.102778 1.000000
0 153 0.296484 0.460417 0.024219 0.104167 1.000000
0 154 0.289844 0.462500 0.023438 0.102778 1.000000
0 155 0.281250 0.463889 0.028125 0.105556 1.000000
0 156 0.274219 0.466667 0.031250 0.102778 1.000000
0 157 0.267969 0.468056 0.032813 0.100000 1.000000
0 158 0.265234 0.470833 0.030469 0.097222 1.000000
0 159 0.262109 0.473611 0.027344 0.097222 1.000000
0 160 0.259375 0.476389 0.025000 0.097222 1.000000
0 161 0.253906 0.477778 0.026562 0.100000 1.000000
0 162 0.250781 0.478472 0.028125 0.101389 1.000000
0 163 0.247656 0.480556 0.026562 0.102778 1.000000
0 164 0.246094 0.475694 0.025000 0.090278 1.000000
0 165 0.243359 0.477778 0.024219 0.091667 1.000000
0 166 0.242969 0.479861 0.023438 0.093056 1.000000
0 167 0.241016 0.481944 0.024219 0.097222 1.000000
0 168 0.238672 0.483333 0.027344 0.100000 1.000000
0 169 0.238281 0.484722 0.028125 0.102778 1.000000
0 170 0.238281 0.485417 0.026562 0.104167 1.000000
0 171 0.237109 0.484722 0.027344 0.097222 1.000000
0 172 0.234766 0.484722 0.027344 0.094444 1.000000
0 173 0.233594 0.488889 0.025000 0.094444 1.000000
0 174 0.231250 0.491667 0.025000 0.094444 1.000000
0 175 0.230469 0.493056 0.026562 0.094444 1.000000
0 176 0.229687 0.494444 0.026562 0.094444 1.000000
0 177 0.228125 0.497222 0.028125 0.100000 1.000000
0 178 0.227734 0.497222 0.028906 0.100000 1.000000
0 179 0.227344 0.497917 0.029687 0.095833 1.000000
0 180 0.227734 0.498611 0.028906 0.091667 1.000000
0 181 0.227734 0.499306 0.027344 0.093056 1.000000
0 182 0.228516 0.501389 0.028906 0.097222 1.000000
0 183 0.229297 0.502778 0.025781 0.097222 1.000000
0 184 0.230078 0.502778 0.025781 0.100000 1.000000
0 185 0.229687 0.504167 0.025000 0.102778 1.000000
0 186 0.229687 0.504861 0.025000 0.104167 1.000000
0 187 0.228906 0.504167 0.023438 0.100000 1.000000
0 188 0.228906 0.504167 0.023438 0.097222 1.000000
0 189 0.229687 0.506944 0.021875 0.097222 1.000000
0 190 0.229687 0.509722 0.021875 0.097222 1.000000
0 191 0.230469 0.511806 0.020313 0.098611 1.000000
0 192 0.231641 0.511806 0.019531 0.101389 1.000000
0 193 0.232031 0.511806 0.018750 0.101389 1.000000
0 194 0.231250 0.512500 0.018750 0.102778 1.000000
0 195 0.230859 0.512500 0.021094 0.102778 1.000000
0 196 0.232031 0.511111 0.023438 0.100000 1.000000
0 197 0.230859 0.509722 0.021094 0.097222 1.000000
0 198 0.234375 0.512500 0.025000 0.094444 1.000000
0 199 0.236328 0.513889 0.024219 0.097222 1.000000
0 200 0.238281 0.514583 0.023438 0.098611 1.000000
0 201 0.237891 0.515278 0.024219 0.100000 1.000000
0 202 0.238281 0.515278 0.023438 0.102778 1.000000
0 203 0.238281 0.515972 0.023438 0.104167 1.000000
0 204 0.239063 0.516667 0.021875 0.105556 1.000000
0 205 0.238672 0.515972 0.021094 0.101389 1.000000
0 206 0.238672 0.515278 0.021094 0.097222 1.000000
0 207 0.239453 0.516667 0.021094 0.094444 1.000000
0 208 0.239453 0.520139 0.019531 0.095833 1.000000
0 209 0.240625 0.520833 0.017188 0.097222 1.000000
0 210 0.240625 0.520833 0.018750 0.097222 1.000000
0 211 0.239844 0.522222 0.020313 0.100000 1.000000
0 212 0.240625 0.522222 0.021875 0.102778 1.000000
0 213 0.240234 0.522222 0.024219 0.102778 1.000000
0 214 0.240625 0.520139 0.026562 0.098611 1.000000
0 215 0.239453 0.520139 0.025781 0.093056 1.000000
0 216 0.239844 0.520139 0.025000 0.093056 1.000000
0 217 0.241406 0.521528 0.025000 0.093056 1.000000
0 218 0.242969 0.522917 0.025000 0.095833 1.000000
0 219 0.244531 0.521528 0.021875 0.098611 1.000000
0 220 0.242969 0.519444 0.023438 0.100000 1.000000
0 221 0.242188 0.518750 0.023438 0.104167 1.000000
0 222 0.241797 0.519444 0.024219 0.102778 1.000000
0 223 0.241406 0.519444 0.025000 0.102778 1.000000
0 224 0.241797 0.519444 0.025781 0.100000 1.000000
0 225 0.242578 0.520833 0.024219 0.097222 1.000000
0 226 0.243750 0.522222 0.021875 0.097222 1.000000
0 227 0.245312 0.523611 0.018750 0.100000 1.000000
0 228 0.246094 0.523611 0.018750 0.100000 1.000000
0 229 0.244531 0.523611 0.020313 0.100000 1.000000
0 230 0.243750 0.522917 0.020313 0.106944 1.000000
0 231 0.241406 0.524306 0.023438 0.104167 1.000000
0 232 0.241016 0.523611 0.027344 0.102778 1.000000
0 233 0.239453 0.523611 0.028906 0.097222 1.000000
0 234 0.235547 0.525000 0.027344 0.097222 1.000000
0 235 0.234375 0.526389 0.026562 0.097222 1.000000
0 236 0.233594 0.527083 0.025000 0.098611 1.000000
0 237 0.232422 0.525000 0.022656 0.100000 1.000000
0 238 0.229687 0.525000 0.021875 0.102778 1.000000
0 239 0.227344 0.526389 0.021875 0.102778 1.000000
0 240 0.225000 0.525000 0.021875 0.105556 1.000000
0 241 0.223828 0.525000 0.022656 0.105556 1.000000
0 242 0.222656 0.525694 0.023438 0.104167 1.000000
0 243 0.221875 0.526389 0.023438 0.102778 1.000000
0 244 0.221094 0.526389 0.023438 0.102778 1.000000
0 245 0.220312 0.526389 0.023438 0.102778 1.000000
0 246 0.218359 0.528472 0.025781 0.101389 1.000000
0 247 0.217188 0.527778 0.028125 0.102778 1.000000
0 248 0.216016 0.527778 0.028906 0.102778 1.000000
0 249 0.214453 0.528472 0.028906 0.101389 1.000000
0 250 0.214844 0.525694 0.029687 0.101389 1.000000
0 251 0.214844 0.526389 0.026562 0.097222 1.000000
0 252 0.214062 0.525694 0.021875 0.101389 1.000000
0 253 0.213281 0.523611 0.023438 0.100000 1.000000
0 254 0.210938 0.522222 0.018750 0.105556 1.000000
0 255 0.211719 0.521528 0.020313 0.106944 1.000000
0 256 0.212891 0.521528 0.021094 0.106944 1.000000
0 257 0.215234 0.520139 0.024219 0.104167 1.000000
0 258 0.216406 0.519444 0.025000 0.102778 1.000000
0 259 0.217969 0.518056 0.023438 0.100000 1.000000
0 260 0.219922 0.518056 0.022656 0.100000 1.000000
0 261 0.222266 0.516667 0.021094 0.100000 1.000000
0 262 0.225781 0.515972 0.020313 0.101389 1.000000
0 263 0.229687 0.515278 0.021875 0.102778 1.000000
0 264 0.234375 0.513194 0.023438 0.104167 1.000000
0 265 0.239063 0.513194 0.025000 0.104167 1.000000
0 266 0.244531 0.512500 0.026562 0.102778 1.000000
0 267 0.250391 0.511806 0.025781 0.101389 1.000000
0 268 0.256641 0.512500 0.025781 0.100000 1.000000
0 269 0.263281 0.511806 0.025000 0.098611 1.000000
0 270 0.271094 0.511111 0.026562 0.094444 1.000000
0 271 0.277734 0.508333 0.027344 0.097222 1.000000
0 272 0.285938 0.505556 0.028125 0.097222 1.000000
0 273 0.294531 0.502778 0.029687 0.097222 1.000000
0 274 0.304688 0.502778 0.031250 0.100000 1.000000
0 275 0.314453 0.501389 0.032031 0.097222 1.000000
0 276 0.323437 0.499306 0.031250 0.093056 1.000000
0 277 0.333203 0.498611 0.032031 0.094444 1.000000
0 278 0.342578 0.497222 0.032031 0.088889 1.000000
0 279 0.351562 0.497222 0.031250 0.088889 1.000000
0 280 0.359766 0.497222 0.030469 0.088889 1.000000
0 281 0.367578 0.497222 0.027344 0.088889 1.000000
0 282 0.377344 0.495833 0.028125 0.091667 1.000000
0 283 0.385156 0.495833 0.028125 0.091667 1.000000
0 284 0.393359 0.493056 0.030469 0.091667 1.000000
0 285 0.401172 0.493056 0.030469 0.091667 1.000000
0 286 0.408594 0.493056 0.029687 0.088889 1.000000
0 287 0.415234 0.493056 0.027344 0.088889 1.000000
0 288 0.421875 0.494444 0.025000 0.088889 1.000000
0 289 0.427344 0.494444 0.021875 0.088889 1.000000
0 290 0.433203 0.494444 0.019531 0.091667 1.000000
0 291 0.440625 0.494444 0.021875 0.094444 1.000000
0 292 0.447266 0.491667 0.022656 0.091667 1.000000
0 293 0.453125 0.491667 0.026562 0.091667 1.000000
0 294 0.457031 0.490972 0.026562 0.093056 1.000000
0 295 0.459766 0.490972 0.028906 0.093056 1.000000
0 296 0.464844 0.490972 0.023438 0.093056 1.000000
0 297 0.467187 0.493056 0.018750 0.091667 1.000000
0 298 0.468750 0.493056 0.015625 0.091667 1.000000
0 299 0.467578 0.493056 0.016406 0.091667 1.000000
0 300 0.470313 0.493750 0.020313 0.093056 1.000000
0 301 0.473828 0.493056 0.024219 0.094444 1.000000
0 302 0.477734 0.493056 0.025781 0.094444 1.000000
0 303 0.481250 0.491667 0.029687 0.094444 1.000000
0 304 0.484375 0.493056 0.028125 0.097222 1.000000
0 305 0.488672 0.493750 0.024219 0.095833 1.000000
0 306 0.491797 0.493750 0.021094 0.095833 1.000000
0 307 0.492188 0.494444 0.021875 0.094444 1.000000
0 308 0.493750 0.495833 0.020313 0.097222 1.000000
0 309 0.495312 0.495833 0.021875 0.097222 1.000000
0 310 0.498047 0.495833 0.024219 0.100000 1.000000
0 311 0.500781 0.494444 0.023438 0.100000 1.000000
0 312 0.503125 0.497222 0.021875 0.100000 1.000000
0 313 0.506250 0.498611 0.020313 0.100000 1.000000
0 314 0.508203 0.500000 0.019531 0.097222 1.000000
0 315 0.510156 0.500000 0.017188 0.097222 1.000000
0 316 0.510938 0.500000 0.015625 0.097222 1.000000
0 317 0.512891 0.500694 0.017969 0.095833 1.000000
0 318 0.515234 0.501389 0.021094 0.097222 1.000000
0 319 0.519141 0.501389 0.022656 0.097222 1.000000
0 320 0.522266 0.501389 0.024219 0.097222 1.000000
0 321 0.525000 0.502083 0.025000 0.098611 1.000000
0 322 0.528125 0.503472 0.025000 0.098611 1.000000
0 323 0.530859 0.503472 0.024219 0.098611 1.000000
0 324 0.532813 0.502778 0.021875 0.097222 1.000000
0 325 0.531250 0.502778 0.023438 0.097222 1.000000
0 326 0.532031 0.502083 0.023438 0.098611 1.000000
0 327 0.532031 0.502778 0.021875 0.100000 1.000000
0 328 0.534766 0.504167 0.022656 0.102778 1.000000
0 329 0.536719 0.503472 0.023438 0.104167 1.000000
0 330 0.538672 0.504167 0.022656 0.105556 1.000000
0 331 0.539062 0.504861 0.023438 0.104167 1.000000
0 332 0.540234 0.504861 0.021094 0.104167 1.000000
0 333 0.540625 0.504861 0.018750 0.101389 1.000000
0 334 0.540625 0.504861 0.018750 0.101389 1.000000
0 335 0.540625 0.504167 0.021875 0.102778 1.000000
0 336 0.540625 0.503472 0.025000 0.104167 1.000000
0 337 0.540625 0.502083 0.028125 0.104167 1.000000
0 338 0.540625 0.502778 0.029687 0.105556 1.000000
0 339 0.541406 0.502778 0.029687 0.105556 1.000000
0 340 0.541797 0.505556 0.028906 0.105556 1.000000
0 341 0.542188 0.506944 0.028125 0.102778 1.000000
0 342 0.542188 0.505556 0.026562 0.102778 1.000000
0 343 0.542188 0.505556 0.023438 0.102778 1.000000
0 344 0.539062 0.504167 0.021875 0.102778 1.000000
0 345 0.538281 0.504861 0.020313 0.104167 1.000000
0 346 0.539062 0.504167 0.021875 0.108333 1.000000
0 347 0.539062 0.504861 0.023438 0.106944 1.000000
0 348 0.539062 0.503472 0.025000 0.106944 1.000000
0 349 0.537891 0.504167 0.025781 0.108333 1.000000
0 350 0.536328 0.504167 0.024219 0.105556 1.000000
0 351 0.535156 0.505556 0.021875 0.105556 1.000000
0 352 0.531250 0.505556 0.020313 0.105556 1.000000
0 353 0.526953 0.504167 0.017969 0.102778 1.000000
0 354 0.522656 0.505556 0.020313 0.105556 1.000000
0 355 0.521094 0.504861 0.023438 0.104167 1.000000
0 356 0.518750 0.504861 0.025000 0.104167 1.000000
0 357 0.517578 0.504861 0.025781 0.104167 1.000000
0 358 0.515625 0.504861 0.026562 0.104167 1.000000
0 359 0.513281 0.507639 0.026562 0.104167 1.000000
0 360 0.512500 0.508333 0.023438 0.102778 1.000000
0 361 0.510156 0.511111 0.020313 0.102778 1.000000
0 362 0.506250 0.511111 0.020313 0.102778 1.000000
0 363 0.502344 0.511806 0.017188 0.104167 1.000000
0 364 0.499609 0.512500 0.014844 0.105556 1.000000
0 365 0.496875 0.512500 0.017188 0.105556 1.000000
0 366 0.491016 0.511806 0.022656 0.106944 1.000000
0 367 0.487109 0.511806 0.024219 0.106944 1.000000
0 368 0.482031 0.513889 0.026562 0.108333 1.000000
0 369 0.477344 0.515972 0.025000 0.106944 1.000000
0 370 0.472656 0.515972 0.023438 0.106944 1.000000
0 371 0.468750 0.515278 0.020313 0.105556 1.000000
0 372 0.464062 0.515972 0.018750 0.106944 1.000000
0 373 0.457422 0.514583 0.019531 0.106944 1.000000
0 374 0.451562 0.515278 0.018750 0.108333 1.000000
0 375 0.448437 0.515278 0.021875 0.108333 1.000000
0 376 0.446484 0.515278 0.024219 0.108333 1.000000
0 377 0.444531 0.513889 0.026562 0.108333 1.000000
0 378 0.443750 0.514583 0.028125 0.106944 1.000000
0 379 0.442969 0.515278 0.031250 0.105556 1.000000
0 380 0.442188 0.515972 0.032813 0.104167 1.000000
0 381 0.440625 0.515278 0.031250 0.102778 1.000000
0 382 0.439844 0.516667 0.028125 0.105556 1.000000
0 383 0.440625 0.516667 0.025000 0.105556 1.000000
0 384 0.439063 0.515972 0.020313 0.106944 1.000000
0 385 0.439063 0.516667 0.017188 0.105556 1.000000
0 386 0.439063 0.516667 0.017188 0.105556 1.000000
0 387 0.439453 0.516667 0.019531 0.105556 1.000000
0 388 0.437500 0.515972 0.025000 0.106944 1.000000
0 389 0.436719 0.516667 0.029687 0.105556 1.000000
0 390 0.436719 0.515972 0.032813 0.104167 1.000000
0 391 0.436719 0.516667 0.032813 0.102778 1.000000
0 392 0.436719 0.517361 0.031250 0.104167 1.000000
0 393 0.435937 0.516667 0.031250 0.105556 1.000000
0 394 0.434766 0.516667 0.027344 0.105556 1.000000
0 395 0.432812 0.515972 0.023438 0.106944 1.000000
0 396 0.430469 0.515972 0.020313 0.106944 1.000000
0 397 0.428125 0.517361 0.015625 0.106944 1.000000
0 398 0.425391 0.516667 0.013281 0.108333 1.000000
0 399 0.423438 0.516667 0.014063 0.108333 1.000000
0 400 0.421484 0.515972 0.017969 0.106944 1.000000
0 401 0.419141 0.517361 0.024219 0.106944 1.000000
0 402 0.417969 0.517361 0.028125 0.106944 1.000000
0 403 0.417187 0.517361 0.029687 0.106944 1.000000
0 404 0.417187 0.517361 0.029687 0.106944 1.000000
0 405 0.417969 0.517361 0.029687 0.106944 1.000000
0 406 0.417578 0.517361 0.027344 0.106944 1.000000
0 407 0.417187 0.517361 0.025000 0.106944 1.000000
0 408 0.417187 0.514583 0.021875 0.106944 1.000000
0 409 0.415625 0.513889 0.018750 0.105556 1.000000
0 410 0.414453 0.513889 0.017969 0.105556 1.000000
0 411 0.414453 0.513889 0.017969 0.105556 1.000000
0 412 0.414062 0.513889 0.018750 0.108333 1.000000
0 413 0.411328 0.513889 0.021094 0.108333 1.000000
0 414 0.408984 0.512500 0.024219 0.105556 1.000000
0 415 0.407422 0.513194 0.027344 0.104167 1.000000
0 416 0.406641 0.513194 0.030469 0.104167 1.000000
0 417 0.407031 0.513194 0.031250 0.104167 1.000000
0 418 0.407813 0.513889 0.031250 0.105556 1.000000
0 419 0.407813 0.513889 0.029687 0.105556 1.000000
0 420 0.407031 0.513889 0.029687 0.105556 1.000000
0 421 0.404297 0.512500 0.030469 0.105556 1.000000
0 422 0.402734 0.512500 0.028906 0.105556 1.000000
0 423 0.397656 0.511111 0.029687 0.105556 1.000000
0 424 0.396875 0.511806 0.029687 0.106944 1.000000
0 425 0.395703 0.511111 0.032031 0.105556 1.000000
0 426 0.395703 0.511111 0.032031 0.105556 1.000000
0 427 0.394922 0.511111 0.032031 0.105556 1.000000
0 428 0.394531 0.511111 0.032813 0.105556 1.000000
0 429 0.395313 0.511111 0.031250 0.105556 1.000000
0 430 0.394531 0.510417 0.029687 0.104167 1.000000
0 431 0.394141 0.509722 0.028906 0.105556 1.000000
0 432 0.394922 0.508333 0.027344 0.105556 1.000000
0 433 0.395313 0.507639 0.025000 0.104167 1.000000
0 434 0.395313 0.504167 0.021875 0.102778 1.000000
0 435 0.394531 0.504167 0.018750 0.102778 1.000000
0 436 0.393359 0.502778 0.017969 0.100000 1.000000
0 437 0.393359 0.502083 0.017969 0.098611 1.000000
0 438 0.393359 0.501389 0.019531 0.102778 1.000000
0 439 0.393750 0.500694 0.021875 0.101389 1.000000
0 440 0.393359 0.500000 0.025781 0.100000 1.000000
0 441 0.393359 0.497917 0.028906 0.098611 1.000000
0 442 0.394531 0.497222 0.029687 0.097222 1.000000
0 443 0.395313 0.497222 0.031250 0.097222 1.000000
0 444 0.394531 0.496528 0.031250 0.098611 1.000000
0 445 0.393750 0.495833 0.029687 0.097222 1.000000
0 446 0.391406 0.493750 0.031250 0.098611 1.000000
0 447 0.387500 0.493750 0.032813 0.098611 1.000000
0 448 0.385156 0.490278 0.028125 0.097222 1.000000
0 449 0.385937 0.488889 0.029687 0.100000 1.000000
0 450 0.386328 0.486111 0.030469 0.100000 1.000000
0 451 0.386328 0.486111 0.030469 0.102778 1.000000
0 452 0.386328 0.484028 0.028906 0.101389 1.000000
0 453 0.386719 0.485417 0.026562 0.104167 1.000000
0 454 0.385156 0.484722 0.023438 0.102778 1.000000
0 455 0.382812 0.484722 0.020313 0.102778 1.000000
0 456 0.380078 0.483333 0.016406 0.100000 1.000000
0 457 0.380469 0.483333 0.020313 0.100000 1.000000
0 458 0.378906 0.481944 0.023438 0.102778 1.000000
0 459 0.378516 0.484028 0.025781 0.106944 1.000000
0 460 0.376563 0.484722 0.028125 0.108333 1.000000
0 461 0.372656 0.484722 0.028125 0.108333 1.000000
0 462 0.368359 0.484722 0.025781 0.108333 1.000000
0 463 0.361719 0.486111 0.023438 0.105556 1.000000
0 464 0.357812 0.487500 0.021875 0.105556 1.000000
0 465 0.354687 0.487500 0.025000 0.102778 1.000000
0 466 0.352344 0.487500 0.028125 0.102778 1.000000
0 467 0.346875 0.488889 0.032813 0.102778 1.000000
0 468 0.341406 0.488889 0.032813 0.102778 1.000000
0 469 0.338672 0.490278 0.030469 0.102778 1.000000
0 470 0.334375 0.490278 0.025000 0.097222 1.000000
0 471 0.328125 0.490278 0.018750 0.097222 1.000000
0 472 0.323437 0.489583 0.018750 0.095833 1.000000
0 473 0.319531 0.490972 0.020313 0.098611 1.000000
0 474 0.312500 0.490278 0.025000 0.102778 1.000000
0 475 0.304688 0.487500 0.031250 0.102778 1.000000
0 476 0.299219 0.484722 0.031250 0.097222 1.000000
0 477 0.293750 0.484028 0.034375 0.095833 1.000000
0 478 0.288672 0.484028 0.032031 0.095833 1.000000
0 479 0.286719 0.486111 0.032813 0.094444 1.000000
0 480 0.283984 0.486806 0.030469 0.093056 1.000000
0 481 0.281250 0.487500 0.028125 0.091667 1.000000
0 482 0.277734 0.487500 0.025781 0.094444 1.000000
0 483 0.273828 0.486806 0.024219 0.095833 1.000000
0 484 0.270313 0.486111 0.021875 0.100000 1.000000
0 485 0.267188 0.479167 0.023438 0.091667 1.000000
0 486 0.263672 0.476389 0.025781 0.091667 1.000000
0 487 0.260156 0.477083 0.025000 0.093056 1.000000
0 488 0.257812 0.473611 0.025000 0.097222 1.000000
0 489 0.255859 0.472917 0.027344 0.101389 1.000000
0 490 0.253125 0.470833 0.028125 0.102778 1.000000
0 491 0.251172 0.468056 0.027344 0.100000 1.000000
0 492 0.248438 0.464583 0.026562 0.095833 1.000000
0 493 0.247656 0.465278 0.020313 0.097222 1.000000
0 494 0.246094 0.463889 0.020313 0.097222 1.000000
0 495 0.243750 0.463194 0.020313 0.098611 1.000000
0 496 0.240625 0.461111 0.018750 0.097222 1.000000
0 497 0.239063 0.461111 0.018750 0.100000 1.000000
0 498 0.234766 0.454167 0.019531 0.091667 1.000000
0 499 0.230469 0.455556 0.020313 0.094444 1.000000
0 500 0.225781 0.452778 0.021875 0.091667 1.000000
0 501 0.220703 0.452083 0.022656 0.093056 1.000000
0 502 0.215625 0.451389 0.025000 0.097222 1.000000
0 503 0.210547 0.451389 0.027344 0.100000 1.000000
0 504 0.203906 0.449306 0.029687 0.095833 1.000000
0 505 0.197266 0.447917 0.028906 0.095833 1.000000
0 506 0.190234 0.446528 0.028906 0.093056 1.000000
0 507 0.182812 0.447222 0.029687 0.088889 1.000000
0 508 0.174609 0.448611 0.030469 0.088889 1.000000
0 509 0.167187 0.447917 0.031250 0.087500 1.000000
0 510 0.160938 0.447222 0.032813 0.086111 1.000000
0 511 0.156250 0.445833 0.034375 0.083333 1.000000
0 512 0.151562 0.448611 0.035937 0.091667 1.000000
0 513 0.150781 0.444444 0.032813 0.088889 1.000000
0 514 0.150000 0.446528 0.031250 0.084722 1.000000
0 515 0.149219 0.445833 0.032813 0.086111 1.000000
0 516 0.150000 0.443750 0.034375 0.087500 1.000000
0 517 0.148828 0.440972 0.035156 0.087500 1.000000
0 518 0.148438 0.438889 0.039062 0.088889 1.000000
0 519 0.152344 0.435417 0.035937 0.084722 1.000000
0 520 0.154688 0.436806 0.040625 0.090278 1.000000
0 521 0.156250 0.435417 0.037500 0.090278 1.000000
0 522 0.156641 0.434028 0.036719 0.090278 1.000000
0 523 0.156250 0.436111 0.037500 0.091667 1.000000
0 524 0.153125 0.435417 0.037500 0.090278 1.000000
0 525 0.153516 0.434722 0.032031 0.088889 1.000000
0 526 0.153125 0.433333 0.031250 0.088889 1.000000
0 527 0.153125 0.433333 0.028125 0.088889 1.000000
0 528 0.152734 0.433333 0.030469 0.088889 1.000000
0 529 0.152344 0.431944 0.026562 0.083333 1.000000
0 530 0.151953 0.431944 0.027344 0.086111 1.000000
0 531 0.153125 0.429861 0.031250 0.087500 1.000000
0 532 0.154688 0.427778 0.031250 0.086111 1.000000
0 533 0.157031 0.425000 0.028125 0.088889 1.000000
0 534 0.161719 0.423611 0.032813 0.088889 1.000000
0 535 0.163281 0.423611 0.032813 0.091667 1.000000
