0 1 0.928906 0.515278 0.015625 0.080556 1.000000
0 2 0.933594 0.515278 0.012500 0.080556 1.000000
0 3 0.936719 0.513889 0.012500 0.080556 1.000000
0 4 0.939063 0.513889 0.015625 0.080556 1.000000
0 5 0.940625 0.512500 0.020313 0.080556 1.000000
0 6 0.941406 0.509722 0.025000 0.080556 1.000000
0 7 0.942578 0.506944 0.027344 0.080556 1.000000
0 8 0.943750 0.503472 0.028125 0.079167 1.000000
0 9 0.943750 0.501389 0.025000 0.080556 1.000000
0 10 0.943750 0.500694 0.023438 0.081944 1.000000
0 11 0.942969 0.500000 0.020313 0.083333 1.000000
0 12 0.943359 0.495833 0.019531 0.080556 1.000000
0 13 0.942187 0.494444 0.017188 0.080556 1.000000
0 14 0.940625 0.493056 0.014063 0.080556 1.000000
0 15 0.939063 0.491667 0.012500 0.080556 1.000000
0 16 0.937500 0.489583 0.010937 0.079167 1.000000
0 17 0.933594 0.487500 0.014063 0.077778 1.000000
0 18 0.930469 0.486111 0.017188 0.075000 1.000000
0 19 0.926562 0.484722 0.018750 0.075000 1.000000
0 20 0.925000 0.487500 0.021875 0.080556 1.000000
0 21 0.923047 0.487500 0.021094 0.080556 1.000000
0 22 0.917969 0.487500 0.020313 0.080556 1.000000
0 23 0.913672 0.487500 0.017969 0.077778 1.000000
0 24 0.907813 0.486111 0.015625 0.075000 1.000000
0 25 0.902344 0.487500 0.015625 0.077778 1.000000
0 26 0.897656 0.487500 0.012500 0.077778 1.000000
0 27 0.892188 0.486806 0.014063 0.079167 1.000000
0 28 0.886719 0.486806 0.014063 0.079167 1.000000
0 29 0.881250 0.487500 0.017188 0.077778 1.000000
0 30 0.875391 0.488889 0.017969 0.077778 1.000000
0 31 0.869531 0.488889 0.020313 0.077778 1.000000
0 32 0.864062 0.488889 0.021875 0.077778 1.000000
0 33 0.858594 0.487500 0.023438 0.077778 1.000000
0 34 0.854297 0.486111 0.021094 0.077778 1.000000
0 35 0.850781 0.486111 0.018750 0.077778 1.000000
0 36 0.846484 0.485417 0.016406 0.079167 1.000000
0 37 0.842578 0.483333 0.013281 0.077778 1.000000
0 38 0.838672 0.483333 0.011719 0.080556 1.000000
0 39 0.833594 0.481944 0.010937 0.080556 1.000000
0 40 0.829688 0.480556 0.014063 0.080556 1.000000
0 41 0.825000 0.479861 0.018750 0.079167 1.000000
0 42 0.819922 0.479167 0.021094 0.080556 1.000000
0 43 0.817187 0.477778 0.023438 0.080556 1.000000
0 44 0.813672 0.475694 0.024219 0.079167 1.000000
0 45 0.810937 0.474306 0.021875 0.079167 1.000000
0 46 0.807422 0.473611 0.021094 0.080556 1.000000
0 47 0.803906 0.470139 0.018750 0.079167 1.000000
0 48 0.801172 0.468750 0.016406 0.079167 1.000000
0 49 0.798047 0.468056 0.013281 0.077778 1.000000
0 50 0.794922 0.467361 0.011719 0.079167 1.000000
0 51 0.793359 0.466667 0.011719 0.077778 1.000000
0 52 0.792188 0.466667 0.012500 0.080556 1.000000
0 53 0.788281 0.465278 0.018750 0.077778 1.000000
0 54 0.787500 0.463889 0.021875 0.077778 1.000000
0 55 0.786328 0.462500 0.022656 0.077778 1.000000
0 56 0.788281 0.461111 0.023438 0.077778 1.000000
0 57 0.790625 0.458333 0.023438 0.077778 1.000000
0 58 0.792969 0.455556 0.023438 0.080556 1.000000
0 59 0.796094 0.452778 0.021875 0.077778 1.000000
0 60 0.799219 0.450000 0.020313 0.077778 1.000000
0 61 0.801953 0.448611 0.017969 0.077778 1.000000
0 62 0.805469 0.447222 0.014063 0.077778 1.000000
0 63 0.808594 0.444444 0.012500 0.077778 1.000000
0 64 0.811719 0.442361 0.014063 0.079167 1.000000
0 65 0.814844 0.438889 0.014063 0.077778 1.000000
0 66 0.817969 0.437500 0.014063 0.077778 1.000000
0 67 0.821094 0.434722 0.017188 0.080556 1.000000
0 68 0.825000 0.431250 0.017188 0.079167 1.000000
0 69 0.827344 0.427778 0.020313 0.077778 1.000000
0 70 0.830469 0.426389 0.021875 0.077778 1.000000
0 71 0.833984 0.425000 0.021094 0.077778 1.000000
0 72 0.837500 0.422917 0.020313 0.079167 1.000000
0 73 0.839844 0.420833 0.018750 0.080556 1.000000
0 74 0.842578 0.419444 0.016406 0.080556 1.000000
0 75 0.845313 0.417361 0.014063 0.079167 1.000000
0 76 0.846875 0.414583 0.010937 0.079167 1.000000
0 77 0.850781 0.411806 0.010937 0.079167 1.000000
0 78 0.852734 0.412500 0.011719 0.083333 1.000000
0 79 0.856250 0.412500 0.012500 0.077778 1.000000
0 80 0.858594 0.411806 0.014063 0.079167 1.000000
0 81 0.860938 0.408333 0.015625 0.080556 1.000000
0 82 0.863281 0.407639 0.015625 0.081944 1.000000
0 83 0.867188 0.406944 0.015625 0.080556 1.000000
0 84 0.869922 0.405556 0.014844 0.083333 1.000000
0 85 0.872656 0.404167 0.014063 0.083333 1.000000
0 86 0.875391 0.404167 0.013281 0.083333 1.000000
0 87 0.877344 0.402778 0.012500 0.083333 1.000000
0 88 0.878906 0.400694 0.010937 0.084722 1.000000
0 89 0.879687 0.400000 0.012500 0.083333 1.000000
0 90 0.880859 0.398611 0.013281 0.083333 1.000000
0 91 0.880859 0.397222 0.013281 0.083333 1.000000
0 92 0.881641 0.395833 0.013281 0.083333 1.000000
0 93 0.882031 0.393750 0.014063 0.081944 1.000000
0 94 0.880859 0.393056 0.016406 0.083333 1.000000
0 95 0.880469 0.390972 0.018750 0.081944 1.000000
0 96 0.879687 0.389583 0.021875 0.081944 1.000000
0 97 0.880469 0.387500 0.021875 0.083333 1.000000
0 98 0.881250 0.386111 0.021875 0.083333 1.000000
0 99 0.880859 0.382639 0.021094 0.084722 1.000000
0 100 0.880469 0.378472 0.020313 0.084722 1.000000
0 101 0.881250 0.375694 0.018750 0.084722 1.000000
0 102 0.880469 0.372917 0.017188 0.084722 1.000000
0 103 0.878125 0.368056 0.017188 0.083333 1.000000
0 104 0.875781 0.364583 0.017188 0.084722 1.000000
0 105 0.874609 0.361111 0.017969 0.083333 1.000000
0 106 0.873437 0.356944 0.018750 0.083333 1.000000
0 107 0.873047 0.354167 0.021094 0.086111 1.000000
0 108 0.871875 0.351389 0.021875 0.086111 1.000000
0 109 0.870703 0.347222 0.022656 0.083333 1.000000
0 110 0.869922 0.344444 0.022656 0.083333 1.000000
0 111 0.869531 0.342361 0.021875 0.084722 1.000000
0 112 0.869141 0.338889 0.021094 0.083333 1.000000
0 113 0.868750 0.336806 0.020313 0.084722 1.000000
0 114 0.867188 0.333333 0.018750 0.083333 1.000000
0 115 0.866016 0.330556 0.016406 0.083333 1.000000
0 116 0.865234 0.328472 0.014844 0.084722 1.000000
0 117 0.864062 0.326389 0.015625 0.086111 1.000000
0 118 0.862500 0.323611 0.015625 0.086111 1.000000
0 119 0.861328 0.320833 0.016406 0.086111 1.000000
0 120 0.860547 0.319444 0.016406 0.086111 1.000000
0 121 0.858594 0.317361 0.017188 0.084722 1.000000
0 122 0.856641 0.316667 0.019531 0.083333 1.000000
0 123 0.854297 0.316667 0.021094 0.083333 1.000000
0 124 0.852734 0.315972 0.022656 0.081944 1.000000
0 125 0.851953 0.315278 0.022656 0.080556 1.000000
0 126 0.851562 0.315278 0.021875 0.080556 1.000000
0 127 0.850000 0.313194 0.021875 0.079167 1.000000
0 128 0.849609 0.311806 0.021094 0.079167 1.000000
0 129 0.848047 0.310417 0.021094 0.079167 1.000000
0 130 0.844922 0.309722 0.022656 0.077778 1.000000
0 131 0.841797 0.311111 0.024219 0.077778 1.000000
0 132 0.836328 0.312500 0.022656 0.075000 1.000000
0 133 0.834375 0.316667 0.021875 0.072222 1.000000
0 134 0.831250 0.319444 0.021875 0.075000 1.000000
0 135 0.827344 0.321528 0.021875 0.076389 1.000000
0 136 0.823828 0.323611 0.022656 0.075000 1.000000
0 137 0.819141 0.324306 0.022656 0.076389 1.000000
0 138 0.814844 0.325000 0.020313 0.075000 1.000000
0 139 0.809375 0.326389 0.017188 0.075000 1.000000
0 140 0.804688 0.326389 0.018750 0.075000 1.000000
0 141 0.801562 0.327083 0.020313 0.076389 1.000000
0 142 0.797266 0.330556 0.022656 0.077778 1.000000
0 143 0.792969 0.334722 0.025000 0.080556 1.000000
0 144 0.789062 0.337500 0.026562 0.080556 1.000000
0 145 0.783203 0.340972 0.025781 0.081944 1.000000
0 146 0.778125 0.343056 0.025000 0.080556 1.000000
0 147 0.771094 0.345833 0.025000 0.080556 1.000000
0 148 0.762891 0.347917 0.019531 0.079167 1.000000
0 149 0.757812 0.350000 0.021875 0.083333 1.000000
0 150 0.753906 0.350000 0.023438 0.083333 1.000000
0 151 0.747656 0.350000 0.025000 0.083333 1.000000
0 152 0.740625 0.352778 0.028125 0.083333 1.000000
0 153 0.734766 0.355556 0.027344 0.086111 1.000000
0 154 0.728906 0.356944 0.025000 0.083333 1.000000
0 155 0.719922 0.358333 0.024219 0.083333 1.000000
0 156 0.713672 0.361111 0.021094 0.083333 1.000000
0 157 0.709375 0.361111 0.023438 0.083333 1.000000
0 158 0.705469 0.362500 0.023438 0.086111 1.000000
0 159 0.699609 0.362500 0.028906 0.083333 1.000000
0 160 0.694531 0.363889 0.031250 0.083333 1.000000
0 161 0.689063 0.366667 0.031250 0.083333 1.000000
0 162 0.683594 0.369444 0.023438 0.083333 1.000000
0 163 0.678906 0.371528 0.017188 0.081944 1.000000
0 164 0.671484 0.372222 0.011719 0.083333 1.000000
0 165 0.667188 0.375000 0.015625 0.086111 1.000000
0 166 0.664062 0.377083 0.018750 0.087500 1.000000
0 167 0.658594 0.378472 0.025000 0.087500 1.000000
0 168 0.653125 0.380556 0.028125 0.083333 1.000000
0 169 0.649609 0.383333 0.027344 0.083333 1.000000
0 170 0.646484 0.386806 0.024219 0.084722 1.000000
0 171 0.641406 0.390972 0.020313 0.081944 1.000000
0 172 0.635938 0.394444 0.017188 0.086111 1.000000
0 173 0.632031 0.395833 0.018750 0.086111 1.000000
0 174 0.628906 0.397222 0.018750 0.083333 1.000000
0 175 0.623437 0.398611 0.021875 0.083333 1.000000
0 176 0.617188 0.400000 0.025000 0.080556 1.000000
0 177 0.611719 0.403472 0.023438 0.079167 1.000000
0 178 0.606641 0.406944 0.021094 0.080556 1.000000
0 179 0.603516 0.409722 0.017969 0.080556 1.000000
0 180 0.600781 0.411111 0.017188 0.083333 1.000000
0 181 0.596094 0.413889 0.017188 0.083333 1.000000
0 182 0.591406 0.415278 0.015625 0.086111 1.000000
0 183 0.587500 0.415278 0.017188 0.086111 1.000000
0 184 0.582031 0.418056 0.018750 0.086111 1.000000
0 185 0.579688 0.419444 0.018750 0.083333 1.000000
0 186 0.576172 0.420833 0.017969 0.080556 1.000000
0 187 0.573438 0.424306 0.015625 0.079167 1.000000
0 188 0.569922 0.426389 0.016406 0.080556 1.000000
0 189 0.566797 0.429167 0.016406 0.083333 1.000000
0 190 0.564063 0.429861 0.017188 0.084722 1.000000
0 191 0.561719 0.430556 0.017188 0.086111 1.000000
0 192 0.558594 0.431944 0.017188 0.086111 1.000000
0 193 0.555859 0.431944 0.017969 0.083333 1.000000
0 194 0.553125 0.432639 0.017188 0.081944 1.000000
0 195 0.552344 0.434028 0.017188 0.081944 1.000000
0 196 0.549219 0.436111 0.015625 0.083333 1.000000
0 197 0.546875 0.436806 0.015625 0.084722 1.000000
0 198 0.545312 0.436111 0.015625 0.083333 1.000000
0 199 0.543750 0.436806 0.017188 0.084722 1.000000
0 200 0.542969 0.437500 0.017188 0.086111 1.000000
0 201 0.541406 0.436806 0.017188 0.084722 1.000000
0 202 0.539844 0.437500 0.017188 0.080556 1.000000
0 203 0.539844 0.439583 0.017188 0.081944 1.000000
0 204 0.538672 0.442361 0.019531 0.079167 1.000000
0 205 0.537500 0.444444 0.018750 0.080556 1.000000
0 206 0.536719 0.446528 0.018750 0.081944 1.000000
0 207 0.535156 0.445833 0.017188 0.083333 1.000000
0 208 0.534375 0.447222 0.017188 0.083333 1.000000
0 209 0.533594 0.445833 0.017188 0.080556 1.000000
0 210 0.532031 0.447222 0.017188 0.080556 1.000000
0 211 0.531641 0.447222 0.016406 0.080556 1.000000
0 212 0.530078 0.449306 0.014844 0.081944 1.000000
0 213 0.530078 0.447222 0.014844 0.083333 1.000000
0 214 0.528906 0.447222 0.014063 0.086111 1.000000
0 215 0.527344 0.445833 0.014063 0.086111 1.000000
0 216 0.526563 0.443056 0.014063 0.080556 1.000000
0 217 0.524219 0.443056 0.014063 0.077778 1.000000
0 218 0.522656 0.444444 0.015625 0.080556 1.000000
0 219 0.520703 0.444444 0.016406 0.080556 1.000000
0 220 0.519141 0.443750 0.016406 0.081944 1.000000
0 221 0.517969 0.444444 0.017188 0.083333 1.000000
0 222 0.516406 0.444444 0.017188 0.086111 1.000000
0 223 0.515234 0.442361 0.017969 0.081944 1.000000
0 224 0.513672 0.441667 0.017969 0.080556 1.000000
0 225 0.512500 0.442361 0.017188 0.079167 1.000000
0 226 0.511328 0.443056 0.016406 0.080556 1.000000
0 227 0.510156 0.443056 0.014063 0.080556 1.000000
0 228 0.508594 0.443750 0.014063 0.084722 1.000000
0 229 0.507422 0.443056 0.013281 0.086111 1.000000
0 230 0.505078 0.443056 0.014844 0.086111 1.000000
0 231 0.502734 0.441667 0.014844 0.083333 1.000000
0 232 0.500000 0.440278 0.015625 0.080556 1.000000
0 233 0.496484 0.441667 0.016406 0.077778 1.000000
0 234 0.493359 0.443056 0.016406 0.080556 1.000000
0 235 0.489063 0.443056 0.018750 0.080556 1.000000
0 236 0.485156 0.444444 0.018750 0.083333 1.000000
0 237 0.481250 0.443056 0.018750 0.080556 1.000000
0 238 0.479687 0.443056 0.021875 0.077778 1.000000
0 239 0.476953 0.444444 0.024219 0.077778 1.000000
0 240 0.474219 0.445833 0.023438 0.075000 1.000000
0 241 0.471484 0.445139 0.024219 0.073611 1.000000
0 242 0.467187 0.444444 0.023438 0.075000 1.000000
0 243 0.464453 0.443056 0.025781 0.075000 1.000000
0 244 0.459375 0.439583 0.023438 0.070833 1.000000
0 245 0.453516 0.440278 0.021094 0.069444 1.000000
0 246 0.448047 0.441667 0.021094 0.072222 1.000000
0 247 0.444141 0.440972 0.021094 0.070833 1.000000
0 248 0.438281 0.440278 0.023438 0.072222 1.000000
0 249 0.434375 0.438889 0.026562 0.075000 1.000000
0 250 0.429688 0.436111 0.026562 0.072222 1.000000
0 251 0.425391 0.435417 0.025781 0.070833 1.000000
0 252 0.418750 0.435417 0.021875 0.073611 1.000000
0 253 0.412500 0.436111 0.017188 0.075000 1.000000
0 254 0.408594 0.436111 0.017188 0.075000 1.000000
0 255 0.406250 0.436111 0.018750 0.077778 1.000000
0 256 0.403516 0.434028 0.019531 0.076389 1.000000
0 257 0.400781 0.433333 0.023438 0.083333 1.000000
0 258 0.398047 0.429167 0.022656 0.077778 1.000000
0 259 0.393750 0.428472 0.025000 0.079167 1.000000
0 260 0.392188 0.428472 0.018750 0.079167 1.000000
0 261 0.389062 0.427778 0.017188 0.080556 1.000000
0 262 0.387109 0.426389 0.014844 0.083333 1.000000
0 263 0.386719 0.425000 0.015625 0.083333 1.000000
0 264 0.386719 0.423611 0.015625 0.086111 1.000000
0 265 0.387500 0.422917 0.015625 0.084722 1.000000
0 266 0.389453 0.422222 0.014844 0.083333 1.000000
0 267 0.391797 0.420833 0.014844 0.080556 1.000000
0 268 0.393750 0.420139 0.014063 0.079167 1.000000
0 269 0.396484 0.420833 0.014844 0.080556 1.000000
0 270 0.401562 0.418750 0.020313 0.081944 1.000000
0 271 0.406250 0.418750 0.025000 0.081944 1.000000
0 272 0.411328 0.418056 0.027344 0.080556 1.000000
0 273 0.417578 0.416667 0.027344 0.077778 1.000000
0 274 0.427734 0.418056 0.021094 0.080556 1.000000
0 275 0.433594 0.415278 0.018750 0.080556 1.000000
0 276 0.440625 0.415278 0.017188 0.080556 1.000000
0 277 0.448828 0.413194 0.014844 0.081944 1.000000
0 278 0.457031 0.409722 0.014063 0.083333 1.000000
0 279 0.465234 0.408333 0.014844 0.080556 1.000000
0 280 0.472656 0.408333 0.015625 0.080556 1.000000
0 281 0.480859 0.406944 0.019531 0.077778 1.000000
0 282 0.488281 0.407639 0.018750 0.079167 1.000000
0 283 0.496484 0.408333 0.017969 0.080556 1.000000
0 284 0.504297 0.409028 0.014844 0.079167 1.000000
0 285 0.510938 0.406944 0.014063 0.080556 1.000000
0 286 0.519141 0.406944 0.013281 0.080556 1.000000
0 287 0.525781 0.406250 0.015625 0.081944 1.000000
0 288 0.532813 0.404861 0.018750 0.081944 1.000000
0 289 0.539844 0.404167 0.020313 0.077778 1.000000
0 290 0.546875 0.402778 0.021875 0.077778 1.000000
0 291 0.554688 0.401389 0.018750 0.080556 1.000000
0 292 0.562109 0.400694 0.016406 0.081944 1.000000
0 293 0.567578 0.400000 0.014844 0.080556 1.000000
0 294 0.573047 0.398611 0.013281 0.080556 1.000000
0 295 0.577344 0.395833 0.012500 0.080556 1.000000
0 296 0.581641 0.396528 0.013281 0.081944 1.000000
0 297 0.586719 0.397222 0.014063 0.083333 1.000000
0 298 0.589453 0.395833 0.013281 0.080556 1.000000
0 299 0.592578 0.395833 0.013281 0.080556 1.000000
0 300 0.596094 0.397222 0.012500 0.080556 1.000000
0 301 0.599219 0.395833 0.014063 0.080556 1.000000
0 302 0.603125 0.394444 0.012500 0.077778 1.000000
0 303 0.606250 0.394444 0.012500 0.083333 1.000000
0 304 0.611719 0.391667 0.014063 0.083333 1.000000
0 305 0.614844 0.390972 0.017188 0.084722 1.000000
0 306 0.618359 0.389583 0.021094 0.081944 1.000000
0 307 0.621094 0.388889 0.023438 0.080556 1.000000
0 308 0.623437 0.388889 0.026562 0.077778 1.000000
0 309 0.625781 0.392361 0.026562 0.073611 1.000000
0 310 0.629687 0.391667 0.029687 0.072222 1.000000
0 311 0.633594 0.393750 0.029687 0.070833 1.000000
0 312 0.638672 0.393056 0.027344 0.069444 1.000000
0 313 0.642188 0.393750 0.025000 0.070833 1.000000
0 314 0.643750 0.394444 0.025000 0.069444 1.000000
0 315 0.643359 0.395139 0.025781 0.068056 1.000000
0 316 0.642969 0.395139 0.023438 0.068056 1.000000
0 317 0.643750 0.395139 0.021875 0.068056 1.000000
0 318 0.646875 0.393750 0.025000 0.070833 1.000000
0 319 0.649219 0.393056 0.025000 0.072222 1.000000
0 320 0.651953 0.391667 0.025781 0.072222 1.000000
0 321 0.652734 0.391667 0.027344 0.072222 1.000000
0 322 0.653906 0.391667 0.025000 0.072222 1.000000
0 323 0.653125 0.390972 0.018750 0.070833 1.000000
0 324 0.652734 0.391667 0.016406 0.072222 1.000000
0 325 0.651563 0.389583 0.020313 0.073611 1.000000
0 326 0.652344 0.387500 0.023438 0.072222 1.000000
0 327 0.653906 0.388194 0.025000 0.076389 1.000000
0 328 0.654297 0.387500 0.025781 0.077778 1.000000
0 329 0.653906 0.387500 0.026562 0.077778 1.000000
0 330 0.654297 0.387500 0.022656 0.077778 1.000000
0 331 0.652734 0.387500 0.021094 0.077778 1.000000
0 332 0.649219 0.386806 0.018750 0.076389 1.000000
0 333 0.648047 0.384722 0.017969 0.077778 1.000000
0 334 0.648438 0.384028 0.020313 0.079167 1.000000
0 335 0.648828 0.383333 0.022656 0.080556 1.000000
0 336 0.646094 0.381944 0.026562 0.077778 1.000000
0 337 0.646094 0.382639 0.026562 0.079167 1.000000
0 338 0.646094 0.383333 0.021875 0.080556 1.000000
0 339 0.643359 0.389583 0.019531 0.070833 1.000000
0 340 0.640625 0.390278 0.017188 0.069444 1.000000
0 341 0.639062 0.386111 0.017188 0.072222 1.000000
0 342 0.639062 0.384028 0.018750 0.079167 1.000000
0 343 0.638672 0.381944 0.021094 0.080556 1.000000
0 344 0.637109 0.381944 0.024219 0.083333 1.000000
0 345 0.636328 0.381944 0.025781 0.083333 1.000000
0 346 0.635547 0.383333 0.024219 0.083333 1.000000
0 347 0.633594 0.383333 0.023438 0.083333 1.000000
0 348 0.630078 0.383333 0.022656 0.083333 1.000000
0 349 0.626953 0.383333 0.021094 0.083333 1.000000
0 350 0.624609 0.382639 0.021094 0.084722 1.000000
0 351 0.621875 0.381250 0.021875 0.081944 1.000000
0 352 0.620313 0.380556 0.023438 0.080556 1.000000
0 353 0.617188 0.380556 0.026562 0.080556 1.000000
0 354 0.612891 0.381944 0.024219 0.083333 1.000000
0 355 0.609375 0.384722 0.020313 0.077778 1.000000
0 356 0.603906 0.384722 0.017188 0.077778 1.000000
0 357 0.600000 0.385417 0.015625 0.076389 1.000000
0 358 0.596484 0.384028 0.019531 0.079167 1.000000
0 359 0.594141 0.384028 0.021094 0.079167 1.000000
0 360 0.589453 0.383333 0.025781 0.080556 1.000000
0 361 0.585547 0.384722 0.028906 0.080556 1.000000
0 362 0.582031 0.385417 0.026562 0.081944 1.000000
0 363 0.578906 0.388194 0.020313 0.081944 1.000000
0 364 0.572266 0.387500 0.019531 0.080556 1.000000
0 365 0.565234 0.386806 0.017969 0.081944 1.000000
0 366 0.558594 0.387500 0.017188 0.080556 1.000000
0 367 0.553906 0.387500 0.020313 0.083333 1.000000
0 368 0.546484 0.387500 0.024219 0.080556 1.000000
0 369 0.538672 0.388889 0.030469 0.083333 1.000000
0 370 0.531250 0.388889 0.032813 0.083333 1.000000
0 371 0.526953 0.392361 0.028906 0.079167 1.000000
0 372 0.519922 0.391667 0.024219 0.080556 1.000000
0 373 0.514844 0.390278 0.020313 0.080556 1.000000
0 374 0.507031 0.388889 0.014063 0.083333 1.000000
0 375 0.500391 0.389583 0.016406 0.084722 1.000000
0 376 0.496875 0.390278 0.017188 0.083333 1.000000
0 377 0.494141 0.391667 0.017969 0.083333 1.000000
0 378 0.491406 0.390972 0.017188 0.081944 1.000000
0 379 0.490234 0.395139 0.014844 0.079167 1.000000
0 380 0.487500 0.395833 0.017188 0.080556 1.000000
0 381 0.485156 0.397222 0.020313 0.077778 1.000000
0 382 0.483594 0.397222 0.021875 0.077778 1.000000
0 383 0.482031 0.397222 0.023438 0.077778 1.000000
0 384 0.482031 0.396528 0.023438 0.079167 1.000000
0 385 0.482031 0.395833 0.020313 0.080556 1.000000
0 386 0.482812 0.393750 0.018750 0.081944 1.000000
0 387 0.483984 0.390278 0.017969 0.083333 1.000000
0 388 0.485156 0.388194 0.017188 0.084722 1.000000
0 389 0.485938 0.386806 0.015625 0.087500 1.000000
0 390 0.485938 0.384722 0.014063 0.086111 1.000000
0 391 0.485938 0.384722 0.014063 0.086111 1.000000
0 392 0.485156 0.384722 0.014063 0.086111 1.000000
0 393 0.483984 0.384028 0.014844 0.084722 1.000000
0 394 0.482812 0.382639 0.015625 0.084722 1.000000
0 395 0.482031 0.384722 0.015625 0.083333 1.000000
0 396 0.481250 0.384722 0.015625 0.083333 1.000000
0 397 0.480469 0.384722 0.015625 0.083333 1.000000
0 398 0.480469 0.382639 0.014063 0.081944 1.000000
0 399 0.480078 0.381944 0.013281 0.080556 1.000000
0 400 0.479297 0.381250 0.011719 0.079167 1.000000
0 401 0.478906 0.379167 0.010937 0.080556 1.000000
0 402 0.478125 0.377778 0.012500 0.080556 1.000000
0 403 0.477734 0.377083 0.011719 0.081944 1.000000
0 404 0.478125 0.377778 0.012500 0.083333 1.000000
0 405 0.477344 0.377083 0.014063 0.081944 1.000000
0 406 0.475781 0.376389 0.015625 0.083333 1.000000
0 407 0.475781 0.376389 0.017188 0.083333 1.000000
0 408 0.477344 0.377083 0.015625 0.081944 1.000000
0 409 0.478125 0.375000 0.015625 0.080556 1.000000
0 410 0.478906 0.373611 0.014063 0.080556 1.000000
0 411 0.478516 0.372917 0.013281 0.079167 1.000000
0 412 0.478125 0.373611 0.012500 0.080556 1.000000
0 413 0.477344 0.370833 0.014063 0.080556 1.000000
0 414 0.476562 0.370833 0.014063 0.083333 1.000000
0 415 0.476562 0.370833 0.015625 0.083333 1.000000
0 416 0.475391 0.371528 0.016406 0.081944 1.000000
0 417 0.475781 0.370833 0.017188 0.083333 1.000000
0 418 0.476953 0.370833 0.016406 0.080556 1.000000
0 419 0.476562 0.370139 0.018750 0.081944 1.000000
0 420 0.476562 0.370139 0.018750 0.081944 1.000000
0 421 0.476172 0.369444 0.014844 0.083333 1.000000
0 422 0.475781 0.365972 0.017188 0.081944 1.000000
0 423 0.476562 0.364583 0.012500 0.079167 1.000000
0 424 0.474609 0.362500 0.011719 0.077778 1.000000
0 425 0.473047 0.363194 0.014844 0.079167 1.000000
0 426 0.472266 0.362500 0.016406 0.080556 1.000000
0 427 0.472266 0.362500 0.016406 0.080556 1.000000
0 428 0.473047 0.361806 0.017969 0.079167 1.000000
0 429 0.473438 0.361111 0.018750 0.077778 1.000000
0 430 0.474609 0.361111 0.017969 0.080556 1.000000
0 431 0.475000 0.359722 0.017188 0.080556 1.000000
0 432 0.475781 0.359028 0.017188 0.079167 1.000000
0 433 0.475000 0.356944 0.015625 0.077778 1.000000
0 434 0.476562 0.354861 0.012500 0.079167 1.000000
0 435 0.477344 0.354167 0.010937 0.080556 1.000000
0 436 0.478516 0.351389 0.010156 0.080556 1.000000
0 437 0.479297 0.350000 0.010156 0.080556 1.000000
0 438 0.479297 0.348611 0.011719 0.080556 1.000000
0 439 0.480469 0.346528 0.012500 0.081944 1.000000
0 440 0.482031 0.345833 0.014063 0.080556 1.000000
0 441 0.483594 0.345833 0.012500 0.080556 1.000000
0 442 0.485156 0.343056 0.012500 0.080556 1.000000
0 443 0.487500 0.340972 0.014063 0.079167 1.000000
0 444 0.488281 0.338889 0.014063 0.077778 1.000000
0 445 0.489844 0.337500 0.017188 0.077778 1.000000
0 446 0.491406 0.336806 0.018750 0.079167 1.000000
0 447 0.493750 0.335417 0.018750 0.079167 1.000000
0 448 0.494922 0.334028 0.019531 0.079167 1.000000
0 449 0.496094 0.331944 0.020313 0.080556 1.000000
0 450 0.499219 0.331944 0.020313 0.080556 1.000000
0 451 0.501563 0.330556 0.020313 0.080556 1.000000
0 452 0.504297 0.329167 0.021094 0.080556 1.000000
0 453 0.506641 0.327778 0.019531 0.080556 1.000000
0 454 0.508594 0.325694 0.017188 0.079167 1.000000
0 455 0.510938 0.325694 0.018750 0.079167 1.000000
0 456 0.513281 0.324306 0.017188 0.079167 1.000000
0 457 0.514844 0.322917 0.017188 0.079167 1.000000
0 458 0.516406 0.322917 0.017188 0.079167 1.000000
0 459 0.516797 0.322917 0.016406 0.079167 1.000000
0 460 0.517578 0.321528 0.016406 0.079167 1.000000
0 461 0.517578 0.320833 0.016406 0.077778 1.000000
0 462 0.517578 0.320833 0.016406 0.077778 1.000000
0 463 0.516406 0.320833 0.017188 0.077778 1.000000
0 464 0.515234 0.321528 0.017969 0.079167 1.000000
0 465 0.515234 0.320833 0.017969 0.077778 1.000000
0 466 0.514453 0.320833 0.017969 0.077778 1.000000
0 467 0.513672 0.321528 0.017969 0.079167 1.000000
0 468 0.512500 0.321528 0.017188 0.079167 1.000000
0 469 0.512109 0.322917 0.016406 0.079167 1.000000
0 470 0.510938 0.322917 0.017188 0.079167 1.000000
0 471 0.508594 0.322917 0.018750 0.079167 1.000000
0 472 0.507031 0.323611 0.018750 0.080556 1.000000
0 473 0.504297 0.323611 0.017969 0.080556 1.000000
0 474 0.501172 0.323611 0.017969 0.080556 1.000000
0 475 0.498828 0.323611 0.017969 0.080556 1.000000
0 476 0.496094 0.323611 0.017188 0.080556 1.000000
0 477 0.494141 0.323611 0.017969 0.080556 1.000000
0 478 0.492188 0.323611 0.018750 0.080556 1.000000
0 479 0.489844 0.323611 0.018750 0.080556 1.000000
0 480 0.487891 0.323611 0.019531 0.080556 1.000000
0 481 0.486328 0.324306 0.019531 0.081944 1.000000
0 482 0.485156 0.324306 0.018750 0.081944 1.000000
0 483 0.483594 0.325000 0.018750 0.083333 1.000000
0 484 0.482812 0.325694 0.018750 0.081944 1.000000
0 485 0.481250 0.326389 0.018750 0.083333 1.000000
0 486 0.480469 0.326389 0.017188 0.083333 1.000000
0 487 0.480469 0.326389 0.017188 0.080556 1.000000
0 488 0.480078 0.326389 0.016406 0.083333 1.000000
0 489 0.478516 0.327083 0.016406 0.081944 1.000000
0 490 0.478125 0.327083 0.015625 0.081944 1.000000
0 491 0.477344 0.327778 0.015625 0.080556 1.000000
0 492 0.476562 0.327778 0.015625 0.080556 1.000000
0 493 0.474609 0.328472 0.014844 0.081944 1.000000
0 494 0.473047 0.328472 0.014844 0.081944 1.000000
0 495 0.471484 0.329167 0.014844 0.080556 1.000000
0 496 0.469922 0.329861 0.014844 0.081944 1.000000
0 497 0.467578 0.329861 0.014844 0.081944 1.000000
0 498 0.465234 0.330556 0.014844 0.080556 1.000000
0 499 0.461328 0.331944 0.014844 0.083333 1.000000
0 500 0.457031 0.332639 0.015625 0.081944 1.000000
0 501 0.452344 0.331944 0.015625 0.080556 1.000000
0 502 0.447656 0.331944 0.018750 0.080556 1.000000
0 503 0.443359 0.332639 0.017969 0.081944 1.000000
0 504 0.437109 0.332639 0.019531 0.081944 1.000000
0 505 0.431250 0.332639 0.017188 0.081944 1.000000
0 506 0.422656 0.333333 0.020313 0.080556 1.000000
0 507 0.417578 0.333333 0.017969 0.080556 1.000000
0 508 0.410156 0.333333 0.018750 0.080556 1.000000
0 509 0.402734 0.334722 0.019531 0.080556 1.000000
0 510 0.395313 0.334722 0.020313 0.080556 1.000000
0 511 0.389062 0.336111 0.020313 0.080556 1.000000
0 512 0.382812 0.336111 0.018750 0.080556 1.000000
0 513 0.378125 0.337500 0.018750 0.080556 1.000000
0 514 0.372266 0.338889 0.019531 0.080556 1.000000
0 515 0.367969 0.339583 0.018750 0.079167 1.000000
0 516 0.363281 0.340278 0.018750 0.080556 1.000000
0 517 0.359375 0.340278 0.018750 0.080556 1.000000
0 518 0.353906 0.341667 0.020313 0.080556 1.000000
0 519 0.349219 0.341667 0.021875 0.080556 1.000000
0 520 0.343750 0.342361 0.021875 0.079167 1.000000
0 521 0.339844 0.340278 0.023438 0.080556 1.000000
0 522 0.336328 0.342361 0.022656 0.079167 1.000000
0 523 0.332422 0.340278 0.022656 0.080556 1.000000
0 524 0.328516 0.341667 0.022656 0.080556 1.000000
0 525 0.323437 0.342361 0.021875 0.079167 1.000000
0 526 0.318750 0.342361 0.021875 0.079167 1.000000
0 527 0.314063 0.340278 0.020313 0.080556 1.000000
0 528 0.310156 0.340278 0.020313 0.080556 1.000000
0 529 0.306641 0.341667 0.017969 0.080556 1.000000
0 530 0.302734 0.340972 0.017969 0.079167 1.000000
0 531 0.299219 0.341667 0.020313 0.077778 1.000000
0 532 0.296094 0.344444 0.021875 0.077778 1.000000
0 533 0.292969 0.344444 0.023438 0.077778 1.000000
0 534 0.291406 0.345833 0.023438 0.075000 1.000000
0 535 0.289062 0.347222 0.023438 0.075000 1.000000
