0 1 0.735938 0.415972 0.054688 0.240278 0.000000 0.000000 1.000000
0 2 0.735938 0.415278 0.054688 0.241667 0.000000 -0.000694 1.000000
0 3 0.733203 0.415972 0.060156 0.240278 -0.002734 0.000694 1.000000
0 4 0.732031 0.415972 0.062500 0.240278 -0.001172 0.000000 1.000000
0 5 0.729297 0.415972 0.067969 0.240278 -0.002734 0.000000 1.000000
0 6 0.729297 0.415972 0.067969 0.240278 0.000000 0.000000 1.000000
0 7 0.729297 0.415972 0.067969 0.240278 0.000000 0.000000 1.000000
0 8 0.728516 0.415972 0.066406 0.240278 -0.000781 0.000000 1.000000
0 9 0.725000 0.414583 0.071875 0.237500 -0.003516 -0.001389 1.000000
0 10 0.724219 0.414583 0.070312 0.237500 -0.000781 0.000000 1.000000
0 11 0.725000 0.414583 0.071875 0.237500 0.000781 0.000000 1.000000
0 12 0.723437 0.415972 0.071875 0.240278 -0.001563 0.001389 1.000000
0 13 0.722266 0.417361 0.069531 0.243056 -0.001172 0.001389 1.000000
0 14 0.722656 0.418750 0.070312 0.240278 0.000391 0.001389 1.000000
0 15 0.719531 0.421528 0.073438 0.240278 -0.003125 0.002778 1.000000
0 16 0.724219 0.421528 0.064062 0.240278 0.004687 0.000000 1.000000
0 17 0.727734 0.422917 0.053906 0.243056 0.003516 0.001389 1.000000
0 18 0.730469 0.427083 0.057813 0.240278 0.002734 0.004167 1.000000
0 19 0.729688 0.431250 0.064062 0.240278 -0.000781 0.004167 1.000000
0 20 0.728906 0.431250 0.076563 0.240278 -0.000781 0.000000 1.000000
0 21 0.728906 0.434722 0.082812 0.241667 0.000000 0.003472 1.000000
0 22 0.729688 0.436806 0.084375 0.237500 0.000781 0.002083 1.000000
0 23 0.728125 0.440278 0.081250 0.236111 -0.001563 0.003472 1.000000
0 24 0.726562 0.441667 0.078125 0.238889 -0.001563 0.001389 1.000000
0 25 0.724609 0.441667 0.075781 0.238889 -0.001953 0.000000 1.000000
0 26 0.723047 0.441667 0.072656 0.238889 -0.001563 0.000000 1.000000
0 27 0.722266 0.441667 0.071094 0.238889 -0.000781 0.000000 1.000000
0 28 0.723828 0.441667 0.071094 0.238889 0.001563 0.000000 1.000000
0 29 0.723828 0.441667 0.071094 0.238889 0.000000 0.000000 1.000000
0 30 0.723828 0.440278 0.071094 0.230556 0.000000 -0.001389 1.000000
0 31 0.725781 0.440278 0.075000 0.230556 0.001953 0.000000 1.000000
0 32 0.725781 0.440278 0.075000 0.230556 0.000000 0.000000 1.000000
0 33 0.734375 0.440278 0.084375 0.219444 0.008594 0.000000 1.000000
0 34 0.738672 0.442361 0.092969 0.226389 0.004297 0.002083 1.000000
0 35 0.738672 0.445833 0.092969 0.233333 0.000000 0.003472 1.000000
0 36 0.736719 0.448611 0.089063 0.238889 -0.001953 0.002778 1.000000
0 37 0.735156 0.447222 0.092188 0.236111 -0.001563 -0.001389 1.000000
0 38 0.737891 0.446528 0.086719 0.237500 0.002734 -0.000694 1.000000
0 39 0.740234 0.446528 0.089844 0.237500 0.002344 0.000000 1.000000
0 40 0.739844 0.445139 0.090625 0.240278 -0.000391 -0.001389 1.000000
0 41 0.739844 0.445139 0.090625 0.240278 0.000000 0.000000 1.000000
0 42 0.737500 0.443056 0.089063 0.238889 -0.002344 -0.002083 1.000000
0 43 0.734375 0.440972 0.089063 0.243056 -0.003125 -0.002083 1.000000
0 44 0.733984 0.438889 0.088281 0.241667 -0.000391 -0.002083 1.000000
0 45 0.732031 0.438194 0.089063 0.243056 -0.001953 -0.000694 1.000000
0 46 0.727344 0.436111 0.089063 0.241667 -0.004687 -0.002083 1.000000
0 47 0.725000 0.434722 0.084375 0.241667 -0.002344 -0.001389 1.000000
0 48 0.717187 0.430556 0.079687 0.241667 -0.007812 -0.004167 1.000000
0 49 0.712109 0.429167 0.077344 0.238889 -0.005078 -0.001389 1.000000
0 50 0.705859 0.427083 0.078906 0.240278 -0.006250 -0.002083 1.000000
0 51 0.701953 0.425000 0.078906 0.241667 -0.003906 -0.002083 1.000000
0 52 0.698438 0.425000 0.079687 0.241667 -0.003516 0.000000 1.000000
0 53 0.689063 0.423611 0.081250 0.238889 -0.009375 -0.001389 1.000000
0 54 0.683594 0.423611 0.082812 0.238889 -0.005469 0.000000 1.000000
0 55 0.679297 0.425000 0.083594 0.241667 -0.004297 0.001389 1.000000
0 56 0.675781 0.427083 0.081250 0.237500 -0.003516 0.002083 1.000000
0 57 0.671484 0.426389 0.080469 0.236111 -0.004297 -0.000694 1.000000
0 58 0.662109 0.425694 0.086719 0.237500 -0.009375 -0.000694 1.000000
0 59 0.654687 0.425000 0.090625 0.238889 -0.007422 -0.000694 1.000000
0 60 0.647266 0.421528 0.096094 0.240278 -0.007422 -0.003472 1.000000
0 61 0.642188 0.417361 0.093750 0.243056 -0.005078 -0.004167 1.000000
0 62 0.632812 0.414583 0.092188 0.245833 -0.009375 -0.002778 1.000000
0 63 0.620703 0.407639 0.072656 0.251389 -0.012109 -0.006944 1.000000
0 64 0.611328 0.403472 0.067969 0.254167 -0.009375 -0.004167 1.000000
0 65 0.600781 0.399306 0.064062 0.256944 -0.010547 -0.004167 1.000000
0 66 0.592187 0.395833 0.057813 0.258333 -0.008594 -0.003472 1.000000
0 67 0.585156 0.397917 0.056250 0.254167 -0.007031 0.002083 1.000000
0 68 0.574219 0.398611 0.051562 0.247222 -0.010937 0.000694 1.000000
0 69 0.571875 0.397222 0.051562 0.244444 -0.002344 -0.001389 1.000000
0 70 0.566406 0.396528 0.057813 0.243056 -0.005469 -0.000694 1.000000
0 71 0.556250 0.399306 0.073438 0.237500 -0.010156 0.002778 1.000000
0 72 0.549609 0.399306 0.080469 0.237500 -0.006641 0.000000 1.000000
0 73 0.542969 0.399306 0.084375 0.237500 -0.006641 0.000000 1.000000
0 74 0.540625 0.399306 0.084375 0.237500 -0.002344 0.000000 1.000000
0 75 0.539453 0.399306 0.086719 0.237500 -0.001172 0.000000 1.000000
0 76 0.534766 0.399306 0.080469 0.237500 -0.004687 0.000000 1.000000
0 77 0.531250 0.398611 0.076563 0.238889 -0.003516 -0.000694 1.000000
0 78 0.524219 0.394444 0.068750 0.241667 -0.007031 -0.004167 1.000000
0 79 0.516016 0.392361 0.061719 0.243056 -0.008203 -0.002083 1.000000
0 80 0.506641 0.390972 0.055469 0.245833 -0.009375 -0.001389 1.000000
0 81 0.500391 0.389583 0.055469 0.245833 -0.006250 -0.001389 1.000000
0 82 0.493359 0.388889 0.042969 0.247222 -0.007031 -0.000694 1.000000
0 83 0.485938 0.388194 0.051562 0.248611 -0.007422 -0.000694 1.000000
0 84 0.481641 0.388194 0.049219 0.248611 -0.004297 0.000000 1.000000
0 85 0.479687 0.387500 0.053125 0.241667 -0.001953 -0.000694 1.000000
0 86 0.477344 0.390278 0.057813 0.238889 -0.002344 0.002778 1.000000
0 87 0.476562 0.388889 0.059375 0.236111 -0.000781 -0.001389 1.000000
0 88 0.475000 0.392361 0.062500 0.237500 -0.001563 0.003472 1.000000
0 89 0.471875 0.392361 0.056250 0.237500 -0.003125 0.000000 1.000000
0 90 0.470313 0.393750 0.054688 0.234722 -0.001563 0.001389 1.000000
0 91 0.470703 0.390972 0.053906 0.234722 0.000391 -0.002778 1.000000
0 92 0.466406 0.389583 0.056250 0.231944 -0.004297 -0.001389 1.000000
0 93 0.463672 0.387500 0.044531 0.236111 -0.002734 -0.002083 1.000000
0 94 0.461328 0.387500 0.047656 0.236111 -0.002344 0.000000 1.000000
0 95 0.462109 0.387500 0.044531 0.236111 0.000781 0.000000 1.000000
0 96 0.460156 0.386806 0.046875 0.237500 -0.001953 -0.000694 1.000000
0 97 0.460156 0.386806 0.046875 0.237500 0.000000 0.000000 1.000000
0 98 0.453125 0.386806 0.056250 0.237500 -0.007031 0.000000 1.000000
0 99 0.450391 0.386806 0.061719 0.237500 -0.002734 0.000000 1.000000
0 100 0.447266 0.386806 0.064844 0.237500 -0.003125 0.000000 1.000000
0 101 0.447266 0.386806 0.067969 0.237500 0.000000 0.000000 1.000000
0 102 0.447266 0.388889 0.067969 0.233333 0.000000 0.002083 1.000000
0 103 0.448828 0.388889 0.067969 0.233333 0.001563 0.000000 1.000000
0 104 0.450000 0.389583 0.065625 0.231944 0.001172 0.000694 1.000000
0 105 0.448047 0.389583 0.069531 0.231944 -0.001953 0.000000 1.000000
0 106 0.445312 0.388194 0.068750 0.234722 -0.002734 -0.001389 1.000000
0 107 0.443359 0.386111 0.067969 0.236111 -0.001953 -0.002083 1.000000
0 108 0.442578 0.382639 0.060156 0.240278 -0.000781 -0.003472 1.000000
0 109 0.443750 0.381250 0.051562 0.237500 0.001172 -0.001389 1.000000
0 110 0.441016 0.379167 0.046094 0.238889 -0.002734 -0.002083 1.000000
0 111 0.439453 0.376389 0.044531 0.238889 -0.001563 -0.002778 1.000000
0 112 0.439844 0.375000 0.042188 0.236111 0.000391 -0.001389 1.000000
0 113 0.439844 0.377083 0.045312 0.231944 0.000000 0.002083 1.000000
0 114 0.437891 0.377083 0.049219 0.231944 -0.001953 0.000000 1.000000
0 115 0.436328 0.378472 0.052344 0.229167 -0.001563 0.001389 1.000000
0 116 0.436328 0.379861 0.050781 0.226389 0.000000 0.001389 1.000000
0 117 0.433594 0.381250 0.051562 0.229167 -0.002734 0.001389 1.000000
0 118 0.435937 0.383333 0.046875 0.225000 0.002344 0.002083 1.000000
0 119 0.435937 0.383333 0.046875 0.225000 0.000000 0.000000 1.000000
0 120 0.435937 0.383333 0.046875 0.225000 0.000000 0.000000 1.000000
0 121 0.438281 0.384028 0.042188 0.229167 0.002344 0.000694 1.000000
0 122 0.439453 0.384028 0.041406 0.234722 0.001172 0.000000 1.000000
0 123 0.441406 0.384028 0.045312 0.234722 0.001953 0.000000 1.000000
0 124 0.441406 0.383333 0.046875 0.236111 0.000000 -0.000694 1.000000
0 125 0.442578 0.384028 0.047656 0.234722 0.001172 0.000694 1.000000
0 126 0.443359 0.384028 0.046094 0.234722 0.000781 0.000000 1.000000
0 127 0.443359 0.384722 0.047656 0.236111 0.000000 0.000694 1.000000
0 128 0.444141 0.384722 0.050781 0.236111 0.000781 0.000000 1.000000
0 129 0.444141 0.384722 0.050781 0.236111 0.000000 0.000000 1.000000
0 130 0.444922 0.385417 0.052344 0.237500 0.000781 0.000694 1.000000
0 131 0.443359 0.385417 0.057031 0.237500 -0.001563 0.000000 1.000000
0 132 0.440625 0.387500 0.057813 0.241667 -0.002734 0.002083 1.000000
0 133 0.441406 0.385417 0.059375 0.237500 0.000781 -0.002083 1.000000
0 134 0.441406 0.384722 0.059375 0.236111 0.000000 -0.000694 1.000000
0 135 0.440625 0.382639 0.060937 0.234722 -0.000781 -0.002083 1.000000
0 136 0.440234 0.379861 0.061719 0.234722 -0.000391 -0.002778 1.000000
0 137 0.439063 0.379167 0.062500 0.236111 -0.001172 -0.000694 1.000000
0 138 0.440625 0.375000 0.059375 0.233333 0.001563 -0.004167 1.000000
0 139 0.440625 0.372222 0.064062 0.227778 0.000000 -0.002778 1.000000
0 140 0.438672 0.368750 0.063281 0.229167 -0.001953 -0.003472 1.000000
0 141 0.439844 0.366667 0.071875 0.233333 0.001172 -0.002083 1.000000
0 142 0.439844 0.364583 0.071875 0.229167 0.000000 -0.002083 1.000000
0 143 0.439844 0.364583 0.071875 0.229167 0.000000 0.000000 1.000000
0 144 0.441406 0.363889 0.075000 0.230556 0.001563 -0.000694 1.000000
0 145 0.442969 0.363889 0.078125 0.230556 0.001563 0.000000 1.000000
0 146 0.445312 0.362500 0.082812 0.227778 0.002344 -0.001389 1.000000
0 147 0.450391 0.362500 0.078906 0.227778 0.005078 0.000000 1.000000
0 148 0.456250 0.361806 0.079687 0.223611 0.005859 -0.000694 1.000000
0 149 0.458984 0.362500 0.083594 0.219444 0.002734 0.000694 1.000000
0 150 0.460156 0.363889 0.087500 0.219444 0.001172 0.001389 1.000000
0 151 0.463281 0.368750 0.087500 0.229167 0.003125 0.004861 1.000000
0 152 0.466406 0.373611 0.084375 0.230556 0.003125 0.004861 1.000000
0 153 0.467969 0.372917 0.087500 0.220833 0.001563 -0.000694 1.000000
0 154 0.472656 0.373611 0.078125 0.222222 0.004687 0.000694 1.000000
0 155 0.475391 0.373611 0.077344 0.222222 0.002734 0.000000 1.000000
0 156 0.478906 0.375694 0.071875 0.226389 0.003516 0.002083 1.000000
0 157 0.483594 0.375000 0.065625 0.227778 0.004687 -0.000694 1.000000
0 158 0.495312 0.372222 0.057813 0.233333 0.011719 -0.002778 1.000000
0 159 0.500000 0.370833 0.054688 0.236111 0.004687 -0.001389 1.000000
0 160 0.505078 0.370833 0.049219 0.236111 0.005078 0.000000 1.000000
0 161 0.509375 0.372222 0.053125 0.238889 0.004297 0.001389 1.000000
0 162 0.510938 0.372222 0.050000 0.238889 0.001563 0.000000 1.000000
0 163 0.514062 0.377083 0.053125 0.234722 0.003125 0.004861 1.000000
0 164 0.516797 0.379861 0.053906 0.237500 0.002734 0.002778 1.000000
0 165 0.519141 0.381944 0.053906 0.233333 0.002344 0.002083 1.000000
0 166 0.521094 0.385417 0.057813 0.234722 0.001953 0.003472 1.000000
0 167 0.522266 0.386806 0.060156 0.231944 0.001172 0.001389 1.000000
0 168 0.523047 0.386806 0.055469 0.231944 0.000781 0.000000 1.000000
0 169 0.526953 0.389583 0.052344 0.231944 0.003906 0.002778 1.000000
0 170 0.528125 0.390972 0.050000 0.234722 0.001172 0.001389 1.000000
0 171 0.529297 0.390972 0.049219 0.234722 0.001172 0.000000 1.000000
0 172 0.531250 0.391667 0.050000 0.236111 0.001953 0.000694 1.000000
0 173 0.532422 0.392361 0.049219 0.240278 0.001172 0.000694 1.000000
0 174 0.539844 0.393750 0.059375 0.237500 0.007422 0.001389 1.000000
0 175 0.543359 0.398611 0.064844 0.238889 0.003516 0.004861 1.000000
0 176 0.545703 0.400694 0.067969 0.243056 0.002344 0.002083 1.000000
0 177 0.548047 0.406944 0.071094 0.238889 0.002344 0.006250 1.000000
0 178 0.550781 0.411806 0.073438 0.229167 0.002734 0.004861 1.000000
0 179 0.553906 0.418056 0.082812 0.216667 0.003125 0.006250 1.000000
0 180 0.555469 0.424306 0.085938 0.223611 0.001563 0.006250 1.000000
0 181 0.555859 0.426389 0.086719 0.227778 0.000391 0.002083 1.000000
0 182 0.555859 0.428472 0.086719 0.234722 0.000000 0.002083 1.000000
0 183 0.555859 0.427778 0.086719 0.236111 0.000000 -0.000694 1.000000
0 184 0.562109 0.427083 0.089844 0.243056 0.006250 -0.000694 1.000000
0 185 0.568750 0.426389 0.085938 0.247222 0.006641 -0.000694 1.000000
0 186 0.573828 0.425694 0.082031 0.251389 0.005078 -0.000694 1.000000
0 187 0.578516 0.425000 0.080469 0.258333 0.004687 -0.000694 1.000000
0 188 0.583203 0.423611 0.078906 0.261111 0.004687 -0.001389 1.000000
0 189 0.594141 0.429861 0.074219 0.262500 0.010937 0.006250 1.000000
0 190 0.600391 0.435417 0.069531 0.265278 0.006250 0.005556 1.000000
0 191 0.607031 0.445139 0.068750 0.270833 0.006641 0.009722 1.000000
0 192 0.614844 0.450694 0.070312 0.268056 0.007812 0.005556 1.000000
0 193 0.626172 0.463889 0.074219 0.275000 0.011328 0.013194 1.000000
0 194 0.648047 0.484028 0.088281 0.262500 0.021875 0.020139 1.000000
0 195 0.655859 0.497917 0.089844 0.259722 0.007812 0.013889 1.000000
0 196 0.659766 0.510417 0.086719 0.254167 0.003906 0.012500 1.000000
0 197 0.662891 0.523611 0.086719 0.255556 0.003125 0.013194 1.000000
0 198 0.666016 0.535417 0.086719 0.251389 0.003125 0.011806 1.000000
0 199 0.670703 0.550694 0.089844 0.256944 0.004687 0.015278 1.000000
0 200 0.672656 0.559028 0.090625 0.262500 0.001953 0.008333 1.000000
0 201 0.673828 0.565972 0.092969 0.270833 0.001172 0.006944 1.000000
0 202 0.674609 0.570833 0.094531 0.280556 0.000781 0.004861 1.000000
0 203 0.674609 0.570139 0.094531 0.276389 0.000000 -0.000694 1.000000
0 204 0.676953 0.571528 0.092969 0.279167 0.002344 0.001389 1.000000
0 205 0.675781 0.573611 0.090625 0.275000 -0.001172 0.002083 1.000000
0 206 0.674219 0.574306 0.089063 0.273611 -0.001563 0.000694 1.000000
0 207 0.673047 0.583333 0.082031 0.280556 -0.001172 0.009028 1.000000
0 208 0.672656 0.595833 0.081250 0.288889 -0.000391 0.012500 1.000000
0 209 0.674219 0.610417 0.092188 0.281944 0.001563 0.014583 1.000000
0 210 0.671875 0.611806 0.103125 0.276389 -0.002344 0.001389 1.000000
0 211 0.663672 0.616667 0.124219 0.269444 -0.008203 0.004861 1.000000
0 212 0.660547 0.619444 0.133594 0.269444 -0.003125 0.002778 1.000000
0 213 0.659375 0.620139 0.137500 0.270833 -0.001172 0.000694 1.000000
0 214 0.656250 0.623611 0.129688 0.277778 -0.003125 0.003472 1.000000
0 215 0.650000 0.628472 0.117188 0.273611 -0.006250 0.004861 1.000000
0 216 0.638281 0.631250 0.107813 0.273611 -0.011719 0.002778 1.000000
0 217 0.624219 0.632639 0.101562 0.276389 -0.014063 0.001389 1.000000
0 218 0.607031 0.634028 0.098437 0.279167 -0.017188 0.001389 1.000000
0 219 0.584375 0.644444 0.106250 0.288889 -0.022656 0.010417 1.000000
0 220 0.577734 0.646528 0.119531 0.301389 -0.006641 0.002083 1.000000
0 221 0.575781 0.646528 0.123438 0.306944 -0.001953 0.000000 1.000000
0 222 0.569531 0.648611 0.121875 0.313889 -0.006250 0.002083 1.000000
0 223 0.559375 0.654861 0.129688 0.320833 -0.010156 0.006250 1.000000
0 224 0.537500 0.662500 0.110937 0.336111 -0.021875 0.007639 1.000000
0 225 0.525781 0.663194 0.100000 0.337500 -0.011719 0.000694 1.000000
0 226 0.517578 0.655556 0.075781 0.322222 -0.008203 -0.007639 1.000000
0 227 0.512891 0.664583 0.074219 0.334722 -0.004687 0.009028 1.000000
0 228 0.502344 0.662500 0.082812 0.308333 -0.010547 -0.002083 1.000000
0 229 0.477344 0.683333 0.110937 0.327778 -0.025000 0.020833 1.000000
0 230 0.467578 0.693750 0.111719 0.320833 -0.009766 0.010417 1.000000
0 231 0.458203 0.705556 0.119531 0.322222 -0.009375 0.011806 1.000000
0 232 0.448828 0.713889 0.108594 0.327778 -0.009375 0.008333 1.000000
0 233 0.449609 0.720139 0.107031 0.320833 0.000781 0.006250 1.000000
0 234 0.448437 0.723611 0.100000 0.327778 -0.001172 0.003472 1.000000
0 235 0.451172 0.723611 0.105469 0.333333 0.002734 0.000000 1.000000
0 236 0.451953 0.720139 0.105469 0.345833 0.000781 -0.003472 1.000000
0 237 0.453516 0.717361 0.107031 0.356944 0.001563 -0.002778 1.000000
0 238 0.455469 0.713194 0.107813 0.365278 0.001953 -0.004167 1.000000
0 239 0.459375 0.709722 0.110937 0.375000 0.003906 -0.003472 1.000000
0 240 0.462500 0.707639 0.109375 0.370833 0.003125 -0.002083 1.000000
0 241 0.465625 0.707639 0.107813 0.370833 0.003125 0.000000 1.000000
0 242 0.469531 0.707639 0.103125 0.370833 0.003906 0.000000 1.000000
0 243 0.469922 0.708333 0.103906 0.372222 0.000391 0.000694 1.000000
0 244 0.472656 0.715972 0.110937 0.365278 0.002734 0.007639 1.000000
0 245 0.474219 0.719444 0.115625 0.358333 0.001563 0.003472 1.000000
0 246 0.475781 0.718056 0.123438 0.355556 0.001563 -0.001389 1.000000
0 247 0.478125 0.719444 0.128125 0.358333 0.002344 0.001389 1.000000
0 248 0.480859 0.717361 0.135156 0.362500 0.002734 -0.002083 1.000000
0 249 0.489844 0.702778 0.148438 0.363889 0.008984 -0.014583 1.000000
0 250 0.496484 0.695833 0.153906 0.361111 0.006641 -0.006944 1.000000
0 251 0.505078 0.689583 0.161719 0.359722 0.008594 -0.006250 1.000000
0 252 0.518359 0.681944 0.163281 0.361111 0.013281 -0.007639 1.000000
0 253 0.530078 0.674306 0.158594 0.359722 0.011719 -0.007639 1.000000
0 254 0.554297 0.656944 0.138281 0.366667 0.024219 -0.017361 1.000000
0 255 0.554688 0.647222 0.145313 0.372222 0.000391 -0.009722 1.000000
0 256 0.555859 0.636111 0.147656 0.377778 0.001172 -0.011111 1.000000
0 257 0.555078 0.625000 0.157031 0.383333 -0.000781 -0.011111 1.000000
0 258 0.555859 0.613194 0.158594 0.387500 0.000781 -0.011806 1.000000
0 259 0.562500 0.589583 0.148438 0.379167 0.006641 -0.023611 1.000000
0 260 0.565234 0.586806 0.139844 0.387500 0.002734 -0.002778 1.000000
0 261 0.571094 0.581944 0.128125 0.386111 0.005859 -0.004861 1.000000
0 262 0.581250 0.577778 0.115625 0.380556 0.010156 -0.004167 1.000000
0 263 0.592969 0.572222 0.104688 0.375000 0.011719 -0.005556 1.000000
0 264 0.598047 0.562500 0.121094 0.369444 0.005078 -0.009722 1.000000
0 265 0.597656 0.556944 0.134375 0.369444 -0.000391 -0.005556 1.000000
0 266 0.596484 0.552083 0.144531 0.368056 -0.001172 -0.004861 1.000000
0 267 0.604688 0.547917 0.146875 0.373611 0.008203 -0.004167 1.000000
0 268 0.612500 0.545833 0.156250 0.380556 0.007812 -0.002083 1.000000
0 269 0.623828 0.541667 0.147656 0.377778 0.011328 -0.004167 1.000000
0 270 0.632422 0.538889 0.138281 0.372222 0.008594 -0.002778 1.000000
0 271 0.642969 0.534722 0.125000 0.366667 0.010547 -0.004167 1.000000
0 272 0.653516 0.531250 0.107031 0.359722 0.010547 -0.003472 1.000000
0 273 0.659766 0.527083 0.113281 0.359722 0.006250 -0.004167 1.000000
0 274 0.652734 0.509028 0.138281 0.373611 -0.007031 -0.018056 1.000000
0 275 0.651172 0.503472 0.141406 0.373611 -0.001563 -0.005556 1.000000
0 276 0.652344 0.495139 0.143750 0.368056 0.001172 -0.008333 1.000000
0 277 0.655859 0.490972 0.150781 0.359722 0.003516 -0.004167 1.000000
0 278 0.655469 0.490278 0.143750 0.366667 -0.000391 -0.000694 1.000000
0 279 0.655859 0.489583 0.111719 0.365278 0.000391 -0.000694 1.000000
0 280 0.664844 0.486806 0.106250 0.359722 0.008984 -0.002778 1.000000
0 281 0.672266 0.481944 0.105469 0.358333 0.007422 -0.004861 1.000000
0 282 0.662109 0.477083 0.125781 0.356944 -0.010156 -0.004861 1.000000
0 283 0.652344 0.470139 0.132812 0.359722 -0.009766 -0.006944 1.000000
0 284 0.634766 0.461806 0.136719 0.359722 -0.017578 -0.008333 1.000000
0 285 0.632812 0.461806 0.150000 0.365278 -0.001953 0.000000 1.000000
0 286 0.627734 0.463889 0.150781 0.369444 -0.005078 0.002083 1.000000
0 287 0.619531 0.465278 0.140625 0.363889 -0.008203 0.001389 1.000000
0 288 0.610938 0.467361 0.121875 0.359722 -0.008594 0.002083 1.000000
0 289 0.602344 0.468750 0.082812 0.356944 -0.008594 0.001389 1.000000
0 290 0.601953 0.463194 0.078906 0.348611 -0.000391 -0.005556 1.000000
0 291 0.588672 0.459722 0.094531 0.350000 -0.013281 -0.003472 1.000000
0 292 0.575000 0.456250 0.109375 0.356944 -0.013672 -0.003472 1.000000
0 293 0.565625 0.454167 0.117188 0.358333 -0.009375 -0.002083 1.000000
0 294 0.562500 0.440278 0.145313 0.338889 -0.003125 -0.013889 1.000000
0 295 0.558594 0.441667 0.153125 0.341667 -0.003906 0.001389 1.000000
0 296 0.553906 0.445833 0.148438 0.341667 -0.004687 0.004167 1.000000
0 297 0.548438 0.452083 0.137500 0.345833 -0.005469 0.006250 1.000000
0 298 0.545703 0.453472 0.117969 0.343056 -0.002734 0.001389 1.000000
0 299 0.552734 0.452083 0.100781 0.340278 0.007031 -0.001389 1.000000
0 300 0.558203 0.449306 0.091406 0.340278 0.005469 -0.002778 1.000000
0 301 0.555859 0.448611 0.094531 0.341667 -0.002344 -0.000694 1.000000
0 302 0.550781 0.448611 0.101562 0.341667 -0.005078 0.000000 1.000000
0 303 0.546094 0.444444 0.106250 0.333333 -0.004687 -0.004167 1.000000
0 304 0.550000 0.440972 0.131250 0.326389 0.003906 -0.003472 1.000000
0 305 0.555078 0.443056 0.141406 0.330556 0.005078 0.002083 1.000000
0 306 0.555078 0.446528 0.141406 0.337500 0.000000 0.003472 1.000000
0 307 0.556641 0.452778 0.135156 0.333333 0.001563 0.006250 1.000000
0 308 0.556250 0.456944 0.118750 0.325000 -0.000391 0.004167 1.000000
0 309 0.557813 0.459722 0.081250 0.319444 0.001563 0.002778 1.000000
0 310 0.564844 0.459722 0.070312 0.319444 0.007031 0.000000 1.000000
0 311 0.566016 0.457639 0.077344 0.323611 0.001172 -0.002083 1.000000
0 312 0.562500 0.455556 0.089063 0.327778 -0.003516 -0.002083 1.000000
0 313 0.560156 0.452083 0.098437 0.329167 -0.002344 -0.003472 1.000000
0 314 0.558984 0.447917 0.119531 0.326389 -0.001172 -0.004167 1.000000
0 315 0.559766 0.448611 0.124219 0.327778 0.000781 0.000694 1.000000
0 316 0.557813 0.453472 0.120313 0.329167 -0.001953 0.004861 1.000000
0 317 0.555078 0.458333 0.114844 0.325000 -0.002734 0.004861 1.000000
0 318 0.550781 0.458333 0.098437 0.319444 -0.004297 0.000000 1.000000
0 319 0.554688 0.458333 0.076563 0.319444 0.003906 0.000000 1.000000
0 320 0.556250 0.456944 0.073438 0.322222 0.001563 -0.001389 1.000000
0 321 0.548438 0.455556 0.082812 0.325000 -0.007812 -0.001389 1.000000
0 322 0.541016 0.454167 0.088281 0.322222 -0.007422 -0.001389 1.000000
0 323 0.533984 0.450694 0.094531 0.320833 -0.007031 -0.003472 1.000000
0 324 0.530859 0.450694 0.113281 0.320833 -0.003125 0.000000 1.000000
0 325 0.529297 0.451389 0.116406 0.322222 -0.001563 0.000694 1.000000
0 326 0.523047 0.455556 0.107031 0.330556 -0.006250 0.004167 1.000000
0 327 0.516797 0.457639 0.094531 0.326389 -0.006250 0.002083 1.000000
0 328 0.514062 0.461806 0.085938 0.323611 -0.002734 0.004167 1.000000
0 329 0.516406 0.461111 0.078125 0.325000 0.002344 -0.000694 1.000000
0 330 0.505469 0.460417 0.078125 0.326389 -0.010937 -0.000694 1.000000
0 331 0.498437 0.459028 0.075000 0.329167 -0.007031 -0.001389 1.000000
0 332 0.491797 0.456250 0.074219 0.329167 -0.006641 -0.002778 1.000000
0 333 0.489063 0.454861 0.076563 0.323611 -0.002734 -0.001389 1.000000
0 334 0.483203 0.454167 0.071094 0.316667 -0.005859 -0.000694 1.000000
0 335 0.478906 0.454861 0.073438 0.312500 -0.004297 0.000694 1.000000
0 336 0.475391 0.454861 0.072656 0.312500 -0.003516 0.000000 1.000000
0 337 0.474219 0.459028 0.073438 0.312500 -0.001172 0.004167 1.000000
0 338 0.478906 0.459028 0.082812 0.309722 0.004687 0.000000 1.000000
0 339 0.481250 0.458333 0.089063 0.308333 0.002344 -0.000694 1.000000
0 340 0.474609 0.458333 0.113281 0.311111 -0.006641 0.000000 1.000000
0 341 0.469922 0.457639 0.111719 0.309722 -0.004687 -0.000694 1.000000
0 342 0.467187 0.453472 0.106250 0.301389 -0.002734 -0.004167 1.000000
0 343 0.465234 0.453472 0.096094 0.301389 -0.001953 0.000000 1.000000
0 344 0.468750 0.450694 0.084375 0.309722 0.003516 -0.002778 1.000000
0 345 0.477734 0.445833 0.061719 0.319444 0.008984 -0.004861 1.000000
0 346 0.477734 0.441667 0.060156 0.327778 0.000000 -0.004167 1.000000
0 347 0.476953 0.439583 0.058594 0.323611 -0.000781 -0.002083 1.000000
0 348 0.474219 0.439583 0.056250 0.323611 -0.002734 0.000000 1.000000
0 349 0.475391 0.439583 0.057031 0.323611 0.001172 0.000000 1.000000
0 350 0.477734 0.445139 0.067969 0.318056 0.002344 0.005556 1.000000
0 351 0.480078 0.447222 0.072656 0.316667 0.002344 0.002083 1.000000
0 352 0.482422 0.451389 0.075781 0.316667 0.002344 0.004167 1.000000
0 353 0.482031 0.454167 0.082812 0.311111 -0.000391 0.002778 1.000000
0 354 0.480078 0.454167 0.086719 0.311111 -0.001953 0.000000 1.000000
0 355 0.467969 0.460417 0.093750 0.309722 -0.012109 0.006250 1.000000
0 356 0.460938 0.461111 0.085938 0.300000 -0.007031 0.000694 1.000000
0 357 0.458203 0.463194 0.085156 0.295833 -0.002734 0.002083 1.000000
0 358 0.451172 0.463194 0.078906 0.295833 -0.007031 0.000000 1.000000
0 359 0.448828 0.461806 0.080469 0.298611 -0.002344 -0.001389 1.000000
0 360 0.447656 0.461806 0.082812 0.298611 -0.001172 0.000000 1.000000
0 361 0.450000 0.460417 0.085938 0.293056 0.002344 -0.001389 1.000000
0 362 0.453906 0.458333 0.092188 0.286111 0.003906 -0.002083 1.000000
0 363 0.455469 0.461806 0.090625 0.284722 0.001563 0.003472 1.000000
0 364 0.461719 0.463889 0.100000 0.280556 0.006250 0.002083 1.000000
0 365 0.466797 0.475694 0.108594 0.273611 0.005078 0.011806 1.000000
0 366 0.474219 0.481250 0.125000 0.270833 0.007422 0.005556 1.000000
0 367 0.475391 0.486111 0.138281 0.269444 0.001172 0.004861 1.000000
0 368 0.474219 0.488889 0.150000 0.269444 -0.001172 0.002778 1.000000
0 369 0.473047 0.493056 0.155469 0.263889 -0.001172 0.004167 1.000000
0 370 0.476953 0.504861 0.163281 0.265278 0.003906 0.011806 1.000000
0 371 0.480859 0.508333 0.161719 0.272222 0.003906 0.003472 1.000000
0 372 0.477344 0.513194 0.150000 0.273611 -0.003516 0.004861 1.000000
0 373 0.472266 0.516667 0.139844 0.280556 -0.005078 0.003472 1.000000
0 374 0.467187 0.518056 0.117188 0.291667 -0.005078 0.001389 1.000000
0 375 0.450000 0.520833 0.076563 0.308333 -0.017188 0.002778 1.000000
0 376 0.446875 0.523611 0.070312 0.319444 -0.003125 0.002778 1.000000
0 377 0.442969 0.525000 0.065625 0.319444 -0.003906 0.001389 1.000000
0 378 0.438281 0.529167 0.067187 0.327778 -0.004687 0.004167 1.000000
0 379 0.428906 0.534722 0.078125 0.333333 -0.009375 0.005556 1.000000
0 380 0.416406 0.552083 0.089063 0.337500 -0.012500 0.017361 1.000000
0 381 0.414062 0.561111 0.089063 0.347222 -0.002344 0.009028 1.000000
0 382 0.413281 0.569444 0.095312 0.350000 -0.000781 0.008333 1.000000
0 383 0.413672 0.579167 0.102344 0.341667 0.000391 0.009722 1.000000
0 384 0.414062 0.590278 0.106250 0.336111 0.000391 0.011111 1.000000
0 385 0.408594 0.606250 0.104688 0.331944 -0.005469 0.015972 1.000000
0 386 0.403125 0.611111 0.100000 0.322222 -0.005469 0.004861 1.000000
0 387 0.393750 0.617361 0.095312 0.320833 -0.009375 0.006250 1.000000
0 388 0.384766 0.622917 0.089844 0.320833 -0.008984 0.005556 1.000000
0 389 0.374609 0.628472 0.080469 0.315278 -0.010156 0.005556 1.000000
0 390 0.376172 0.637500 0.102344 0.313889 0.001563 0.009028 1.000000
0 391 0.374219 0.641667 0.107813 0.316667 -0.001953 0.004167 1.000000
0 392 0.371094 0.647222 0.107813 0.319444 -0.003125 0.005556 1.000000
0 393 0.367578 0.655556 0.103906 0.322222 -0.003516 0.008333 1.000000
0 394 0.360938 0.658333 0.107813 0.322222 -0.006641 0.002778 1.000000
0 395 0.353125 0.665972 0.107813 0.326389 -0.007812 0.007639 1.000000
0 396 0.352344 0.670833 0.106250 0.327778 -0.000781 0.004861 1.000000
0 397 0.351953 0.672917 0.105469 0.331944 -0.000391 0.002083 1.000000
0 398 0.351172 0.676389 0.103906 0.333333 -0.000781 0.003472 1.000000
0 399 0.351172 0.679861 0.103906 0.329167 0.000000 0.003472 1.000000
0 400 0.353516 0.685417 0.099219 0.340278 0.002344 0.005556 1.000000
0 401 0.353906 0.687500 0.098437 0.350000 0.000391 0.002083 1.000000
0 402 0.353125 0.693056 0.100000 0.350000 -0.000781 0.005556 1.000000
0 403 0.351172 0.700000 0.103906 0.350000 -0.001953 0.006944 1.000000
0 404 0.346875 0.704861 0.110937 0.348611 -0.004297 0.004861 1.000000
0 405 0.337109 0.713194 0.125781 0.356944 -0.009766 0.008333 1.000000
0 406 0.332813 0.717361 0.134375 0.356944 -0.004297 0.004167 1.000000
0 407 0.327344 0.718750 0.142187 0.356944 -0.005469 0.001389 1.000000
0 408 0.320703 0.720833 0.147656 0.361111 -0.006641 0.002083 1.000000
0 409 0.311719 0.722222 0.148438 0.363889 -0.008984 0.001389 1.000000
0 410 0.289844 0.722222 0.140625 0.369444 -0.021875 0.000000 1.000000
0 411 0.275391 0.721528 0.128906 0.373611 -0.014453 -0.000694 1.000000
0 412 0.260547 0.720833 0.116406 0.375000 -0.014844 -0.000694 1.000000
0 413 0.249219 0.720139 0.112500 0.379167 -0.011328 -0.000694 1.000000
0 414 0.237500 0.721528 0.107813 0.376389 -0.011719 0.001389 1.000000
0 415 0.219531 0.722917 0.103125 0.373611 -0.017969 0.001389 1.000000
0 416 0.213672 0.727778 0.100781 0.375000 -0.005859 0.004861 1.000000
0 417 0.208984 0.734722 0.100781 0.372222 -0.004687 0.006944 1.000000
0 418 0.198047 0.740972 0.110156 0.370833 -0.010937 0.006250 1.000000
0 419 0.187500 0.750694 0.121875 0.368056 -0.010547 0.009722 1.000000
0 420 0.185938 0.759722 0.107813 0.355556 -0.001563 0.009028 1.000000
0 421 0.184375 0.759722 0.103125 0.347222 -0.001563 0.000000 1.000000
0 422 0.184375 0.759722 0.098437 0.347222 0.000000 0.000000 1.000000
0 423 0.184375 0.759722 0.095312 0.347222 0.000000 0.000000 1.000000
0 424 0.184766 0.756944 0.091406 0.347222 0.000391 -0.002778 1.000000
0 425 0.192188 0.748611 0.089063 0.350000 0.007422 -0.008333 1.000000
0 426 0.197656 0.745139 0.093750 0.354167 0.005469 -0.003472 1.000000
0 427 0.204687 0.740972 0.098437 0.356944 0.007031 -0.004167 1.000000
0 428 0.212891 0.735417 0.103906 0.359722 0.008203 -0.005556 1.000000
0 429 0.219531 0.730556 0.107813 0.358333 0.006641 -0.004861 1.000000
0 430 0.236328 0.722222 0.111719 0.361111 0.016797 -0.008333 1.000000
0 431 0.246484 0.718056 0.113281 0.358333 0.010156 -0.004167 1.000000
0 432 0.255859 0.715278 0.119531 0.358333 0.009375 -0.002778 1.000000
0 433 0.265234 0.715972 0.122656 0.351389 0.009375 0.000694 1.000000
0 434 0.273047 0.715278 0.125781 0.347222 0.007812 -0.000694 1.000000
0 435 0.284375 0.710417 0.126562 0.345833 0.011328 -0.004861 1.000000
0 436 0.288281 0.706250 0.131250 0.345833 0.003906 -0.004167 1.000000
0 437 0.293750 0.705556 0.137500 0.344444 0.005469 -0.000694 1.000000
0 438 0.298438 0.705556 0.143750 0.344444 0.004687 0.000000 1.000000
0 439 0.305078 0.702778 0.147656 0.344444 0.006641 -0.002778 1.000000
0 440 0.322656 0.699306 0.135937 0.337500 0.017578 -0.003472 1.000000
0 441 0.331641 0.693750 0.128906 0.334722 0.008984 -0.005556 1.000000
0 442 0.338281 0.684028 0.126562 0.326389 0.006641 -0.009722 1.000000
0 443 0.351172 0.681944 0.113281 0.327778 0.012891 -0.002083 1.000000
0 444 0.360156 0.677083 0.104688 0.334722 0.008984 -0.004861 1.000000
0 445 0.369531 0.671528 0.106250 0.348611 0.009375 -0.005556 1.000000
0 446 0.373047 0.666667 0.108594 0.361111 0.003516 -0.004861 1.000000
0 447 0.375391 0.663889 0.111719 0.363889 0.002344 -0.002778 1.000000
0 448 0.380469 0.661111 0.110937 0.369444 0.005078 -0.002778 1.000000
0 449 0.386719 0.656944 0.110937 0.369444 0.006250 -0.004167 1.000000
0 450 0.401953 0.646528 0.102344 0.354167 0.015234 -0.010417 1.000000
0 451 0.410938 0.643750 0.098437 0.348611 0.008984 -0.002778 1.000000
0 452 0.422656 0.642361 0.089063 0.343056 0.011719 -0.001389 1.000000
0 453 0.434766 0.637500 0.082031 0.338889 0.012109 -0.004861 1.000000
0 454 0.448047 0.636806 0.074219 0.340278 0.013281 -0.000694 1.000000
0 455 0.469922 0.635417 0.074219 0.343056 0.021875 -0.001389 1.000000
0 456 0.475000 0.631250 0.081250 0.351389 0.005078 -0.004167 1.000000
0 457 0.487891 0.627778 0.102344 0.347222 0.012891 -0.003472 1.000000
0 458 0.504297 0.625694 0.124219 0.354167 0.016406 -0.002083 1.000000
0 459 0.515625 0.623611 0.139063 0.350000 0.011328 -0.002083 1.000000
0 460 0.534375 0.619444 0.146875 0.350000 0.018750 -0.004167 1.000000
0 461 0.541797 0.615972 0.153906 0.351389 0.007422 -0.003472 1.000000
0 462 0.551953 0.611111 0.139844 0.350000 0.010156 -0.004861 1.000000
0 463 0.564844 0.608333 0.129688 0.347222 0.012891 -0.002778 1.000000
0 464 0.575781 0.601389 0.112500 0.347222 0.010937 -0.006944 1.000000
0 465 0.600391 0.589583 0.077344 0.348611 0.024609 -0.011806 1.000000
0 466 0.608984 0.578472 0.075781 0.354167 0.008594 -0.011111 1.000000
0 467 0.617969 0.568750 0.078125 0.362500 0.008984 -0.009722 1.000000
0 468 0.629687 0.559722 0.076563 0.361111 0.011719 -0.009028 1.000000
0 469 0.638281 0.554167 0.076563 0.355556 0.008594 -0.005556 1.000000
0 470 0.660547 0.542361 0.091406 0.345833 0.022266 -0.011806 1.000000
0 471 0.676172 0.537500 0.092969 0.341667 0.015625 -0.004861 1.000000
0 472 0.690234 0.531250 0.096094 0.337500 0.014063 -0.006250 1.000000
0 473 0.700781 0.531250 0.096875 0.326389 0.010547 0.000000 1.000000
0 474 0.712109 0.527778 0.097656 0.322222 0.011328 -0.003472 1.000000
0 475 0.718359 0.524306 0.100781 0.315278 0.006250 -0.003472 1.000000
0 476 0.719922 0.522917 0.103906 0.312500 0.001563 -0.001389 1.000000
0 477 0.722656 0.523611 0.100000 0.308333 0.002734 0.000694 1.000000
0 478 0.721094 0.522917 0.100000 0.304167 -0.001563 -0.000694 1.000000
0 479 0.719141 0.522222 0.103906 0.305556 -0.001953 -0.000694 1.000000
0 480 0.718359 0.517361 0.102344 0.304167 -0.000781 -0.004861 1.000000
0 481 0.720703 0.514583 0.092969 0.306944 0.002344 -0.002778 1.000000
0 482 0.723828 0.513194 0.086719 0.306944 0.003125 -0.001389 1.000000
0 483 0.725781 0.512500 0.082812 0.308333 0.001953 -0.000694 1.000000
0 484 0.727734 0.513889 0.077344 0.308333 0.001953 0.001389 1.000000
0 485 0.728906 0.526389 0.075000 0.316667 0.001172 0.012500 1.000000
0 486 0.728516 0.529167 0.075781 0.313889 -0.000391 0.002778 1.000000
0 487 0.729297 0.534722 0.080469 0.311111 0.000781 0.005556 1.000000
0 488 0.729297 0.536111 0.080469 0.308333 0.000000 0.001389 1.000000
0 489 0.729297 0.532639 0.080469 0.312500 0.000000 -0.003472 1.000000
0 490 0.730469 0.532639 0.082812 0.312500 0.001172 0.000000 1.000000
0 491 0.729688 0.529167 0.081250 0.316667 -0.000781 -0.003472 1.000000
0 492 0.730078 0.527778 0.086719 0.316667 0.000391 -0.001389 1.000000
0 493 0.730859 0.527083 0.086719 0.318056 0.000781 -0.000694 1.000000
0 494 0.732422 0.526389 0.083594 0.316667 0.001563 -0.000694 1.000000
0 495 0.735156 0.526389 0.084375 0.316667 0.002734 0.000000 1.000000
0 496 0.736719 0.527083 0.087500 0.318056 0.001563 0.000694 1.000000
0 497 0.736719 0.527778 0.087500 0.316667 0.000000 0.000694 1.000000
0 498 0.737891 0.527778 0.089844 0.316667 0.001172 0.000000 1.000000
0 499 0.738672 0.527778 0.091406 0.316667 0.000781 0.000000 1.000000
0 500 0.738672 0.527778 0.091406 0.316667 0.000000 0.000000 1.000000
0 501 0.738672 0.527083 0.091406 0.315278 0.000000 -0.000694 1.000000
0 502 0.738672 0.527083 0.091406 0.315278 0.000000 0.000000 1.000000
0 503 0.737891 0.527083 0.092969 0.315278 -0.000781 0.000000 1.000000
0 504 0.736719 0.525694 0.090625 0.312500 -0.001172 -0.001389 1.000000
0 505 0.734375 0.523611 0.089063 0.311111 -0.002344 -0.002083 1.000000
0 506 0.727734 0.520139 0.089844 0.306944 -0.006641 -0.003472 1.000000
0 507 0.723047 0.517361 0.092969 0.304167 -0.004687 -0.002778 1.000000
0 508 0.718750 0.516667 0.095312 0.302778 -0.004297 -0.000694 1.000000
0 509 0.716406 0.518056 0.095312 0.300000 -0.002344 0.001389 1.000000
0 510 0.714844 0.520139 0.093750 0.298611 -0.001563 0.002083 1.000000
0 511 0.709375 0.520833 0.089063 0.294444 -0.005469 0.000694 1.000000
0 512 0.705469 0.519444 0.087500 0.294444 -0.003906 -0.001389 1.000000
0 513 0.703906 0.517361 0.092188 0.293056 -0.001563 -0.002083 1.000000
0 514 0.698047 0.515278 0.092969 0.297222 -0.005859 -0.002083 1.000000
0 515 0.696875 0.515278 0.095312 0.297222 -0.001172 0.000000 1.000000
0 516 0.684766 0.515278 0.082031 0.297222 -0.012109 0.000000 1.000000
0 517 0.678516 0.513889 0.080469 0.294444 -0.006250 -0.001389 1.000000
0 518 0.675000 0.513194 0.078125 0.293056 -0.003516 -0.000694 1.000000
0 519 0.671094 0.513194 0.076563 0.293056 -0.003906 0.000000 1.000000
0 520 0.667578 0.513889 0.075781 0.288889 -0.003516 0.000694 1.000000
0 521 0.659766 0.510417 0.083594 0.284722 -0.007812 -0.003472 1.000000
0 522 0.657813 0.510417 0.093750 0.284722 -0.001953 0.000000 1.000000
0 523 0.649609 0.509028 0.088281 0.287500 -0.008203 -0.001389 1.000000
0 524 0.646484 0.508333 0.082031 0.288889 -0.003125 -0.000694 1.000000
0 525 0.637891 0.508333 0.069531 0.288889 -0.008594 0.000000 1.000000
0 526 0.627734 0.507639 0.055469 0.290278 -0.010156 -0.000694 1.000000
0 527 0.623828 0.506944 0.052344 0.291667 -0.003906 -0.000694 1.000000
0 528 0.621484 0.508333 0.050781 0.294444 -0.002344 0.001389 1.000000
0 529 0.616406 0.511111 0.059375 0.291667 -0.005078 0.002778 1.000000
0 530 0.607422 0.515278 0.067969 0.288889 -0.008984 0.004167 1.000000
0 531 0.597266 0.528472 0.074219 0.279167 -0.010156 0.013194 1.000000
0 532 0.593359 0.534028 0.078906 0.273611 -0.003906 0.005556 1.000000
0 533 0.594922 0.536806 0.085156 0.268056 0.001563 0.002778 1.000000
0 534 0.594141 0.538194 0.086719 0.259722 -0.000781 0.001389 1.000000
0 535 0.596094 0.545833 0.095312 0.266667 0.001953 0.007639 1.000000
0 536 0.593359 0.552778 0.100781 0.275000 -0.002734 0.006944 1.000000
0 537 0.590625 0.554167 0.098437 0.277778 -0.002734 0.001389 1.000000
0 538 0.590625 0.554167 0.098437 0.277778 0.000000 0.000000 1.000000
0 539 0.592578 0.556250 0.094531 0.287500 0.001953 0.002083 1.000000
0 540 0.598828 0.554167 0.089844 0.283333 0.006250 -0.002083 1.000000
0 541 0.610938 0.559722 0.079687 0.286111 0.012109 0.005556 1.000000
0 542 0.616016 0.565278 0.083594 0.291667 0.005078 0.005556 1.000000
0 543 0.620313 0.571528 0.082812 0.295833 0.004297 0.006250 1.000000
0 544 0.619922 0.575694 0.085156 0.295833 -0.000391 0.004167 1.000000
0 545 0.616797 0.584028 0.078906 0.298611 -0.003125 0.008333 1.000000
0 546 0.613672 0.590972 0.075781 0.284722 -0.003125 0.006944 1.000000
0 547 0.616016 0.595833 0.075781 0.275000 0.002344 0.004861 1.000000
0 548 0.610938 0.597917 0.075000 0.268056 -0.005078 0.002083 1.000000
0 549 0.614844 0.613194 0.067187 0.293056 0.003906 0.015278 1.000000
0 550 0.617578 0.616667 0.061719 0.294444 0.002734 0.003472 1.000000
0 551 0.620703 0.618750 0.055469 0.293056 0.003125 0.002083 1.000000
0 552 0.620703 0.620139 0.055469 0.295833 0.000000 0.001389 1.000000
0 553 0.620703 0.625000 0.055469 0.297222 0.000000 0.004861 1.000000
0 554 0.618359 0.627778 0.050781 0.302778 -0.002344 0.002778 1.000000
0 555 0.618359 0.634028 0.050781 0.306944 0.000000 0.006250 1.000000
0 556 0.623047 0.642361 0.064844 0.315278 0.004687 0.008333 1.000000
0 557 0.623437 0.643056 0.065625 0.308333 0.000391 0.000694 1.000000
0 558 0.624219 0.650000 0.067187 0.322222 0.000781 0.006944 1.000000
0 559 0.624219 0.654167 0.067187 0.325000 0.000000 0.004167 1.000000
0 560 0.624219 0.656250 0.068750 0.323611 0.000000 0.002083 1.000000
0 561 0.623828 0.657639 0.066406 0.331944 -0.000391 0.001389 1.000000
0 562 0.624219 0.659028 0.064062 0.329167 0.000391 0.001389 1.000000
0 563 0.624219 0.659722 0.060937 0.333333 0.000000 0.000694 1.000000
0 564 0.625000 0.661111 0.062500 0.333333 0.000781 0.001389 1.000000
0 565 0.625391 0.659028 0.061719 0.334722 0.000391 -0.002083 1.000000
0 566 0.622656 0.659722 0.056250 0.341667 -0.002734 0.000694 1.000000
0 567 0.625781 0.663194 0.062500 0.343056 0.003125 0.003472 1.000000
0 568 0.627344 0.663194 0.065625 0.343056 0.001563 0.000000 1.000000
0 569 0.627344 0.661806 0.065625 0.345833 0.000000 -0.001389 1.000000
0 570 0.623047 0.661111 0.057031 0.344444 -0.004297 -0.000694 1.000000
0 571 0.622266 0.654861 0.055469 0.354167 -0.000781 -0.006250 1.000000
0 572 0.620313 0.645833 0.059375 0.366667 -0.001953 -0.009028 1.000000
0 573 0.618359 0.642361 0.058594 0.362500 -0.001953 -0.003472 1.000000
0 574 0.625391 0.634028 0.072656 0.362500 0.007031 -0.008333 1.000000
0 575 0.626563 0.630556 0.073438 0.361111 0.001172 -0.003472 1.000000
0 576 0.639844 0.617361 0.076563 0.359722 0.013281 -0.013194 1.000000
0 577 0.636328 0.609028 0.075781 0.359722 -0.003516 -0.008333 1.000000
0 578 0.640234 0.602083 0.078906 0.356944 0.003906 -0.006944 1.000000
0 579 0.623047 0.593750 0.122656 0.356944 -0.017188 -0.008333 1.000000
0 580 0.623828 0.590972 0.133594 0.351389 0.000781 -0.002778 1.000000
0 581 0.648828 0.583333 0.080469 0.347222 0.025000 -0.007639 1.000000
0 582 0.645312 0.582639 0.087500 0.343056 -0.003516 -0.000694 1.000000
0 583 0.626953 0.577083 0.139844 0.345833 -0.018359 -0.005556 1.000000
0 584 0.650781 0.574306 0.135937 0.345833 0.023828 -0.002778 1.000000
0 585 0.650781 0.572917 0.151562 0.343056 0.000000 -0.001389 1.000000
0 586 0.661328 0.565278 0.150781 0.341667 0.010547 -0.007639 1.000000
0 587 0.668359 0.561111 0.139844 0.338889 0.007031 -0.004167 1.000000
0 588 0.675000 0.556250 0.132812 0.337500 0.006641 -0.004861 1.000000
0 589 0.681250 0.554167 0.128125 0.338889 0.006250 -0.002083 1.000000
0 590 0.687109 0.546528 0.125781 0.334722 0.005859 -0.007639 1.000000
0 591 0.698438 0.536111 0.115625 0.341667 0.011328 -0.010417 1.000000
0 592 0.708594 0.531250 0.103125 0.345833 0.010156 -0.004861 1.000000
0 593 0.718750 0.525694 0.090625 0.351389 0.010156 -0.005556 1.000000
0 594 0.728516 0.522917 0.078906 0.351389 0.009766 -0.002778 1.000000
0 595 0.735938 0.520139 0.067187 0.354167 0.007422 -0.002778 1.000000
0 596 0.746875 0.516667 0.071875 0.352778 0.010937 -0.003472 1.000000
0 597 0.748828 0.515278 0.074219 0.347222 0.001953 -0.001389 1.000000
0 598 0.756641 0.513194 0.089844 0.348611 0.007812 -0.002083 1.000000
0 599 0.762891 0.512500 0.102344 0.344444 0.006250 -0.000694 1.000000
0 600 0.773047 0.511111 0.103906 0.338889 0.010156 -0.001389 1.000000
0 601 0.777734 0.509722 0.114844 0.333333 0.004687 -0.001389 1.000000
0 602 0.781641 0.508333 0.107031 0.333333 0.003906 -0.001389 1.000000
0 603 0.785937 0.506250 0.103125 0.334722 0.004297 -0.002083 1.000000
0 604 0.787109 0.504167 0.100781 0.333333 0.001172 -0.002083 1.000000
0 605 0.792969 0.500694 0.092188 0.334722 0.005859 -0.003472 1.000000
0 606 0.808203 0.495833 0.063281 0.338889 0.015234 -0.004861 1.000000
0 607 0.816797 0.493750 0.049219 0.337500 0.008594 -0.002083 1.000000
0 608 0.825391 0.492361 0.046094 0.337500 0.008594 -0.001389 1.000000
0 609 0.833203 0.489583 0.057031 0.337500 0.007812 -0.002778 1.000000
0 610 0.841797 0.488194 0.067969 0.337500 0.008594 -0.001389 1.000000
0 611 0.853906 0.486806 0.089063 0.331944 0.012109 -0.001389 1.000000
0 612 0.856641 0.484028 0.097656 0.331944 0.002734 -0.002778 1.000000
0 613 0.862500 0.484028 0.106250 0.326389 0.005859 0.000000 1.000000
0 614 0.865625 0.482639 0.109375 0.326389 0.003125 -0.001389 1.000000
0 615 0.867969 0.481250 0.112500 0.323611 0.002344 -0.001389 1.000000
0 616 0.870313 0.475000 0.107813 0.316667 0.002344 -0.006250 1.000000
0 617 0.873437 0.471528 0.104688 0.318056 0.003125 -0.003472 1.000000
0 618 0.876563 0.468056 0.098437 0.316667 0.003125 -0.003472 1.000000
0 619 0.881250 0.466667 0.089063 0.319444 0.004687 -0.001389 1.000000
0 620 0.886328 0.463889 0.077344 0.325000 0.005078 -0.002778 1.000000
0 621 0.893750 0.460417 0.057813 0.326389 0.007422 -0.003472 1.000000
0 622 0.896875 0.457639 0.054688 0.326389 0.003125 -0.002778 1.000000
0 623 0.898438 0.456944 0.051562 0.327778 0.001563 -0.000694 1.000000
0 624 0.900000 0.454861 0.051562 0.329167 0.001563 -0.002083 1.000000
0 625 0.906641 0.451389 0.060156 0.330556 0.006641 -0.003472 1.000000
0 626 0.913281 0.443750 0.068750 0.334722 0.006641 -0.007639 1.000000
0 627 0.916016 0.447222 0.071094 0.327778 0.002734 0.003472 1.000000
0 628 0.918359 0.445139 0.071094 0.326389 0.002344 -0.002083 1.000000
0 629 0.917188 0.445139 0.070312 0.326389 -0.001172 0.000000 1.000000
0 630 0.915234 0.443750 0.071094 0.320833 -0.001953 -0.001389 1.000000
0 631 0.912109 0.439583 0.072656 0.315278 -0.003125 -0.004167 1.000000
0 632 0.910156 0.438194 0.071875 0.315278 -0.001953 -0.001389 1.000000
0 633 0.907422 0.439583 0.069531 0.312500 -0.002734 0.001389 1.000000
0 634 0.905078 0.437500 0.071094 0.311111 -0.002344 -0.002083 1.000000
0 635 0.903125 0.436806 0.070312 0.312500 -0.001953 -0.000694 1.000000
0 636 0.898828 0.434028 0.071094 0.309722 -0.004297 -0.002778 1.000000
0 637 0.895703 0.432639 0.069531 0.309722 -0.003125 -0.001389 1.000000
0 638 0.893359 0.431944 0.071094 0.308333 -0.002344 -0.000694 1.000000
0 639 0.891016 0.431944 0.069531 0.302778 -0.002344 0.000000 1.000000
0 640 0.885938 0.430556 0.073438 0.305556 -0.005078 -0.001389 1.000000
0 641 0.882812 0.428472 0.070312 0.304167 -0.003125 -0.002083 1.000000
0 642 0.881641 0.427083 0.067969 0.301389 -0.001172 -0.001389 1.000000
0 643 0.879297 0.425694 0.069531 0.304167 -0.002344 -0.001389 1.000000
0 644 0.876953 0.423611 0.071094 0.300000 -0.002344 -0.002083 1.000000
0 645 0.876563 0.423611 0.067187 0.300000 -0.000391 0.000000 1.000000
0 646 0.872266 0.421528 0.067969 0.301389 -0.004297 -0.002083 1.000000
0 647 0.870313 0.420139 0.068750 0.298611 -0.001953 -0.001389 1.000000
0 648 0.867969 0.419444 0.070312 0.297222 -0.002344 -0.000694 1.000000
0 649 0.866016 0.419444 0.071094 0.297222 -0.001953 0.000000 1.000000
0 650 0.864844 0.418750 0.070312 0.295833 -0.001172 -0.000694 1.000000
0 651 0.862891 0.415972 0.069531 0.295833 -0.001953 -0.002778 1.000000
0 652 0.860547 0.414583 0.074219 0.290278 -0.002344 -0.001389 1.000000
0 653 0.859766 0.414583 0.077344 0.290278 -0.000781 0.000000 1.000000
0 654 0.858203 0.413889 0.080469 0.291667 -0.001563 -0.000694 1.000000
0 655 0.855859 0.413194 0.085156 0.290278 -0.002344 -0.000694 1.000000
0 656 0.855859 0.412500 0.088281 0.288889 0.000000 -0.000694 1.000000
0 657 0.855469 0.411806 0.092188 0.287500 -0.000391 -0.000694 1.000000
0 658 0.851562 0.411111 0.098437 0.286111 -0.003906 -0.000694 1.000000
0 659 0.845703 0.410417 0.111719 0.284722 -0.005859 -0.000694 1.000000
0 660 0.847656 0.411806 0.110937 0.281944 0.001953 0.001389 1.000000
0 661 0.846094 0.411111 0.112500 0.283333 -0.001563 -0.000694 1.000000
0 662 0.844531 0.409028 0.109375 0.279167 -0.001563 -0.002083 1.000000
0 663 0.842578 0.407639 0.102344 0.281944 -0.001953 -0.001389 1.000000
0 664 0.844531 0.404861 0.090625 0.281944 0.001953 -0.002778 1.000000
0 665 0.838281 0.402778 0.089063 0.286111 -0.006250 -0.002083 1.000000
0 666 0.835547 0.403472 0.083594 0.284722 -0.002734 0.000694 1.000000
0 667 0.828125 0.401389 0.068750 0.288889 -0.007422 -0.002083 1.000000
0 668 0.826953 0.400694 0.060156 0.290278 -0.001172 -0.000694 1.000000
0 669 0.829297 0.405556 0.060156 0.291667 0.002344 0.004861 1.000000
0 670 0.830469 0.405556 0.062500 0.291667 0.001172 0.000000 1.000000
0 671 0.830469 0.406250 0.068750 0.287500 0.000000 0.000694 1.000000
0 672 0.823438 0.411111 0.092188 0.277778 -0.007031 0.004861 1.000000
0 673 0.824219 0.415278 0.098437 0.269444 0.000781 0.004167 1.000000
0 674 0.826172 0.418750 0.102344 0.265278 0.001953 0.003472 1.000000
0 675 0.827734 0.422222 0.105469 0.261111 0.001563 0.003472 1.000000
0 676 0.830469 0.427083 0.106250 0.254167 0.002734 0.004861 1.000000
0 677 0.830859 0.431250 0.110156 0.248611 0.000391 0.004167 1.000000
0 678 0.829688 0.432639 0.109375 0.245833 -0.001172 0.001389 1.000000
0 679 0.826172 0.431944 0.102344 0.247222 -0.003516 -0.000694 1.000000
0 680 0.822656 0.431944 0.096875 0.247222 -0.003516 0.000000 1.000000
0 681 0.817187 0.431250 0.093750 0.248611 -0.005469 -0.000694 1.000000
0 682 0.805469 0.425694 0.087500 0.256944 -0.011719 -0.005556 1.000000
0 683 0.807031 0.422917 0.092188 0.259722 0.001563 -0.002778 1.000000
0 684 0.810547 0.419444 0.099219 0.263889 0.003516 -0.003472 1.000000
0 685 0.815234 0.415972 0.100781 0.270833 0.004687 -0.003472 1.000000
0 686 0.817578 0.411806 0.102344 0.276389 0.002344 -0.004167 1.000000
0 687 0.821094 0.406250 0.101562 0.273611 0.003516 -0.005556 1.000000
0 688 0.822656 0.406944 0.104688 0.277778 0.001563 0.000694 1.000000
0 689 0.822656 0.409028 0.104688 0.279167 0.000000 0.002083 1.000000
0 690 0.821875 0.409028 0.098437 0.273611 -0.000781 0.000000 1.000000
0 691 0.819531 0.409028 0.090625 0.273611 -0.002344 0.000000 1.000000
0 692 0.809375 0.408333 0.081250 0.272222 -0.010156 -0.000694 1.000000
0 693 0.814063 0.409722 0.090625 0.269444 0.004687 0.001389 1.000000
0 694 0.819922 0.407639 0.096094 0.270833 0.005859 -0.002083 1.000000
0 695 0.826172 0.406250 0.102344 0.273611 0.006250 -0.001389 1.000000
0 696 0.831250 0.404167 0.103125 0.272222 0.005078 -0.002083 1.000000
0 697 0.837500 0.404167 0.104688 0.283333 0.006250 0.000000 1.000000
0 698 0.839844 0.409028 0.100000 0.284722 0.002344 0.004861 1.000000
0 699 0.841406 0.411111 0.090625 0.280556 0.001563 0.002083 1.000000
0 700 0.839844 0.411806 0.081250 0.279167 -0.001563 0.000694 1.000000
0 701 0.836719 0.411111 0.073438 0.277778 -0.003125 -0.000694 1.000000
0 702 0.837109 0.409028 0.085156 0.276389 0.000391 -0.002083 1.000000
0 703 0.843750 0.406250 0.092188 0.279167 0.006641 -0.002778 1.000000
0 704 0.850000 0.404167 0.100000 0.283333 0.006250 -0.002083 1.000000
0 705 0.852734 0.400694 0.102344 0.284722 0.002734 -0.003472 1.000000
0 706 0.851953 0.397222 0.114844 0.277778 -0.000781 -0.003472 1.000000
0 707 0.855859 0.398611 0.114844 0.277778 0.003906 0.001389 1.000000
0 708 0.858594 0.398611 0.106250 0.277778 0.002734 0.000000 1.000000
0 709 0.857812 0.397917 0.093750 0.273611 -0.000781 -0.000694 1.000000
0 710 0.851953 0.400000 0.089844 0.269444 -0.005859 0.002083 1.000000
0 711 0.844141 0.400694 0.082031 0.268056 -0.007812 0.000694 1.000000
0 712 0.848828 0.397917 0.091406 0.268056 0.004687 -0.002778 1.000000
0 713 0.851953 0.395833 0.097656 0.272222 0.003125 -0.002083 1.000000
0 714 0.855078 0.393056 0.099219 0.272222 0.003125 -0.002778 1.000000
0 715 0.853125 0.389583 0.106250 0.268056 -0.001953 -0.003472 1.000000
0 716 0.849609 0.395833 0.116406 0.275000 -0.003516 0.006250 1.000000
0 717 0.847656 0.401389 0.106250 0.277778 -0.001953 0.005556 1.000000
0 718 0.849219 0.402778 0.093750 0.275000 0.001563 0.001389 1.000000
0 719 0.844531 0.404167 0.075000 0.272222 -0.004687 0.001389 1.000000
0 720 0.836719 0.404167 0.067187 0.272222 -0.007812 0.000000 1.000000
0 721 0.831250 0.404167 0.064062 0.272222 -0.005469 0.000000 1.000000
0 722 0.836719 0.402083 0.087500 0.276389 0.005469 -0.002083 1.000000
0 723 0.835938 0.397917 0.089063 0.276389 -0.000781 -0.004167 1.000000
0 724 0.833203 0.394444 0.105469 0.277778 -0.002734 -0.003472 1.000000
0 725 0.829297 0.392361 0.117969 0.270833 -0.003906 -0.002083 1.000000
0 726 0.827344 0.395139 0.121875 0.273611 -0.001953 0.002778 1.000000
0 727 0.826172 0.404861 0.105469 0.270833 -0.001172 0.009722 1.000000
0 728 0.825391 0.406944 0.089844 0.266667 -0.000781 0.002083 1.000000
0 729 0.816406 0.408333 0.082812 0.263889 -0.008984 0.001389 1.000000
0 730 0.807031 0.409028 0.078125 0.262500 -0.009375 0.000694 1.000000
0 731 0.803906 0.409028 0.078125 0.268056 -0.003125 0.000000 1.000000
0 732 0.812500 0.406944 0.093750 0.272222 0.008594 -0.002083 1.000000
0 733 0.813672 0.404861 0.096094 0.268056 0.001172 -0.002083 1.000000
0 734 0.808984 0.406250 0.110156 0.270833 -0.004687 0.001389 1.000000
0 735 0.805859 0.408333 0.116406 0.275000 -0.003125 0.002083 1.000000
0 736 0.805078 0.412500 0.114844 0.275000 -0.000781 0.004167 1.000000
0 737 0.804688 0.424306 0.093750 0.276389 -0.000391 0.011806 1.000000
0 738 0.801562 0.426389 0.075000 0.272222 -0.003125 0.002083 1.000000
0 739 0.794141 0.427083 0.069531 0.276389 -0.007422 0.000694 1.000000
0 740 0.787500 0.427778 0.064062 0.277778 -0.006641 0.000694 1.000000
0 741 0.790625 0.425694 0.075000 0.281944 0.003125 -0.002083 1.000000
0 742 0.793359 0.423611 0.089844 0.291667 0.002734 -0.002083 1.000000
0 743 0.791016 0.420139 0.099219 0.284722 -0.002344 -0.003472 1.000000
0 744 0.784766 0.418750 0.114844 0.279167 -0.006250 -0.001389 1.000000
0 745 0.781250 0.425000 0.121875 0.283333 -0.003516 0.006250 1.000000
0 746 0.780078 0.429861 0.117969 0.284722 -0.001172 0.004861 1.000000
0 747 0.776563 0.443056 0.096875 0.283333 -0.003516 0.013194 1.000000
0 748 0.771484 0.444444 0.080469 0.280556 -0.005078 0.001389 1.000000
0 749 0.761328 0.446528 0.080469 0.276389 -0.010156 0.002083 1.000000
0 750 0.751953 0.448611 0.071094 0.280556 -0.009375 0.002083 1.000000
0 751 0.752734 0.449306 0.080469 0.284722 0.000781 0.000694 1.000000
0 752 0.755078 0.450000 0.089844 0.288889 0.002344 0.000694 1.000000
0 753 0.753125 0.447917 0.100000 0.284722 -0.001953 -0.002083 1.000000
0 754 0.749219 0.450694 0.114062 0.290278 -0.003906 0.002778 1.000000
0 755 0.747266 0.452778 0.116406 0.286111 -0.001953 0.002083 1.000000
0 756 0.747266 0.456250 0.113281 0.287500 0.000000 0.003472 1.000000
0 757 0.750391 0.459722 0.086719 0.280556 0.003125 0.003472 1.000000
0 758 0.747266 0.463194 0.074219 0.281944 -0.003125 0.003472 1.000000
0 759 0.742578 0.462500 0.067969 0.283333 -0.004687 -0.000694 1.000000
0 760 0.742969 0.461111 0.071875 0.291667 0.000391 -0.001389 1.000000
0 761 0.748437 0.459028 0.079687 0.295833 0.005469 -0.002083 1.000000
0 762 0.756250 0.456250 0.087500 0.304167 0.007812 -0.002778 1.000000
0 763 0.753906 0.452083 0.103125 0.295833 -0.002344 -0.004167 1.000000
0 764 0.751953 0.450000 0.113281 0.288889 -0.001953 -0.002083 1.000000
0 765 0.750391 0.453472 0.116406 0.290278 -0.001563 0.003472 1.000000
0 766 0.751172 0.459722 0.111719 0.291667 0.000781 0.006250 1.000000
0 767 0.749219 0.467361 0.089063 0.284722 -0.001953 0.007639 1.000000
0 768 0.746484 0.469444 0.071094 0.280556 -0.002734 0.002083 1.000000
0 769 0.740625 0.468056 0.057813 0.283333 -0.005859 -0.001389 1.000000
0 770 0.733203 0.467361 0.055469 0.284722 -0.007422 -0.000694 1.000000
0 771 0.732812 0.465972 0.067187 0.290278 -0.000391 -0.001389 1.000000
0 772 0.728516 0.459028 0.086719 0.295833 -0.004297 -0.006944 1.000000
0 773 0.719922 0.456250 0.100781 0.290278 -0.008594 -0.002778 1.000000
0 774 0.717187 0.453472 0.112500 0.284722 -0.002734 -0.002778 1.000000
0 775 0.712891 0.454167 0.114844 0.286111 -0.004297 0.000694 1.000000
0 776 0.710156 0.457639 0.112500 0.281944 -0.002734 0.003472 1.000000
0 777 0.705469 0.460417 0.090625 0.276389 -0.004687 0.002778 1.000000
0 778 0.701562 0.460417 0.073438 0.276389 -0.003906 0.000000 1.000000
0 779 0.694531 0.458333 0.065625 0.280556 -0.007031 -0.002083 1.000000
0 780 0.687500 0.456250 0.059375 0.284722 -0.007031 -0.002083 1.000000
0 781 0.685937 0.453472 0.057813 0.290278 -0.001563 -0.002778 1.000000
0 782 0.676953 0.450000 0.067969 0.297222 -0.008984 -0.003472 1.000000
0 783 0.668750 0.448611 0.079687 0.291667 -0.008203 -0.001389 1.000000
0 784 0.664062 0.445139 0.081250 0.281944 -0.004687 -0.003472 1.000000
0 785 0.659375 0.445139 0.082812 0.270833 -0.004687 0.000000 1.000000
0 786 0.656641 0.443750 0.083594 0.265278 -0.002734 -0.001389 1.000000
0 787 0.652344 0.447917 0.076563 0.256944 -0.004297 0.004167 1.000000
0 788 0.649219 0.449306 0.073438 0.254167 -0.003125 0.001389 1.000000
0 789 0.643750 0.450000 0.073438 0.252778 -0.005469 0.000694 1.000000
0 790 0.633984 0.451389 0.080469 0.244444 -0.009766 0.001389 1.000000
0 791 0.625391 0.450694 0.088281 0.243056 -0.008594 -0.000694 1.000000
0 792 0.613672 0.450694 0.091406 0.237500 -0.011719 0.000000 1.000000
0 793 0.612500 0.452778 0.087500 0.236111 -0.001172 0.002083 1.000000
0 794 0.612109 0.453472 0.083594 0.231944 -0.000391 0.000694 1.000000
0 795 0.612109 0.452083 0.077344 0.231944 0.000000 -0.001389 1.000000
0 796 0.614844 0.452083 0.075000 0.231944 0.002734 0.000000 1.000000
0 797 0.619531 0.452083 0.075000 0.231944 0.004687 0.000000 1.000000
0 798 0.622656 0.452083 0.076563 0.231944 0.003125 0.000000 1.000000
0 799 0.626953 0.450000 0.078906 0.233333 0.004297 -0.002083 1.000000
0 800 0.634375 0.447917 0.085938 0.231944 0.007422 -0.002083 1.000000
0 801 0.641406 0.447917 0.093750 0.234722 0.007031 0.000000 1.000000
0 802 0.654297 0.446528 0.105469 0.237500 0.012891 -0.001389 1.000000
0 803 0.659766 0.448611 0.108594 0.241667 0.005469 0.002083 1.000000
0 804 0.666797 0.447222 0.113281 0.238889 0.007031 -0.001389 1.000000
0 805 0.669922 0.448611 0.113281 0.244444 0.003125 0.001389 1.000000
0 806 0.673047 0.450694 0.111719 0.254167 0.003125 0.002083 1.000000
0 807 0.684766 0.449306 0.111719 0.254167 0.011719 -0.001389 1.000000
0 808 0.690234 0.445833 0.111719 0.261111 0.005469 -0.003472 1.000000
0 809 0.699609 0.445139 0.105469 0.262500 0.009375 -0.000694 1.000000
0 810 0.707422 0.444444 0.097656 0.261111 0.007812 -0.000694 1.000000
0 811 0.715625 0.441667 0.093750 0.261111 0.008203 -0.002778 1.000000
0 812 0.726562 0.439583 0.093750 0.268056 0.010937 -0.002083 1.000000
0 813 0.730859 0.439583 0.096094 0.268056 0.004297 0.000000 1.000000
0 814 0.738672 0.438889 0.086719 0.266667 0.007812 -0.000694 1.000000
0 815 0.742969 0.440278 0.093750 0.263889 0.004297 0.001389 1.000000
0 816 0.744922 0.442361 0.100781 0.268056 0.001953 0.002083 1.000000
0 817 0.749609 0.442361 0.102344 0.265278 0.004687 0.000000 1.000000
0 818 0.755469 0.444444 0.095312 0.258333 0.005859 0.002083 1.000000
0 819 0.760156 0.443056 0.092188 0.258333 0.004687 -0.001389 1.000000
0 820 0.763281 0.439583 0.092188 0.262500 0.003125 -0.003472 1.000000
0 821 0.766406 0.437500 0.096875 0.258333 0.003125 -0.002083 1.000000
0 822 0.765234 0.440972 0.105469 0.265278 -0.001172 0.003472 1.000000
0 823 0.757422 0.437500 0.097656 0.263889 -0.007812 -0.003472 1.000000
0 824 0.755078 0.437500 0.089844 0.261111 -0.002344 0.000000 1.000000
0 825 0.748437 0.437500 0.085938 0.261111 -0.006641 0.000000 1.000000
0 826 0.742188 0.436806 0.076563 0.262500 -0.006250 -0.000694 1.000000
0 827 0.735938 0.440278 0.071875 0.263889 -0.006250 0.003472 1.000000
0 828 0.735156 0.442361 0.073438 0.270833 -0.000781 0.002083 1.000000
0 829 0.734766 0.443750 0.074219 0.270833 -0.000391 0.001389 1.000000
0 830 0.734766 0.445139 0.078906 0.273611 0.000000 0.001389 1.000000
0 831 0.731641 0.447222 0.085156 0.275000 -0.003125 0.002083 1.000000
0 832 0.732812 0.447917 0.082812 0.273611 0.001172 0.000694 1.000000
0 833 0.731641 0.453472 0.074219 0.276389 -0.001172 0.005556 1.000000
0 834 0.732031 0.456944 0.068750 0.275000 0.000391 0.003472 1.000000
0 835 0.730078 0.458333 0.061719 0.286111 -0.001953 0.001389 1.000000
0 836 0.728906 0.464583 0.056250 0.284722 -0.001172 0.006250 1.000000
0 837 0.725000 0.473611 0.045312 0.283333 -0.003906 0.009028 1.000000
0 838 0.726172 0.485417 0.041406 0.281944 0.001172 0.011806 1.000000
0 839 0.723437 0.492361 0.048438 0.281944 -0.002734 0.006944 1.000000
0 840 0.721875 0.499306 0.054688 0.281944 -0.001563 0.006944 1.000000
0 841 0.722656 0.507639 0.057813 0.281944 0.000781 0.008333 1.000000
0 842 0.723828 0.514583 0.055469 0.281944 0.001172 0.006944 1.000000
0 843 0.731250 0.530556 0.054688 0.286111 0.007422 0.015972 1.000000
0 844 0.735547 0.538194 0.053906 0.284722 0.004297 0.007639 1.000000
0 845 0.739062 0.545833 0.053125 0.286111 0.003516 0.007639 1.000000
0 846 0.745703 0.552778 0.053906 0.288889 0.006641 0.006944 1.000000
0 847 0.751953 0.559722 0.055469 0.288889 0.006250 0.006944 1.000000
0 848 0.763672 0.569444 0.055469 0.288889 0.011719 0.009722 1.000000
0 849 0.771094 0.577778 0.057813 0.288889 0.007422 0.008333 1.000000
0 850 0.778516 0.582639 0.061719 0.295833 0.007422 0.004861 1.000000
0 851 0.786328 0.588194 0.064844 0.295833 0.007812 0.005556 1.000000
0 852 0.796094 0.592361 0.068750 0.295833 0.009766 0.004167 1.000000
0 853 0.812109 0.600694 0.075781 0.295833 0.016016 0.008333 1.000000
0 854 0.819141 0.608333 0.077344 0.297222 0.007031 0.007639 1.000000
0 855 0.826953 0.611806 0.080469 0.301389 0.007812 0.003472 1.000000
0 856 0.833984 0.615278 0.082031 0.302778 0.007031 0.003472 1.000000
0 857 0.841797 0.615278 0.085156 0.302778 0.007812 0.000000 1.000000
0 858 0.858203 0.615278 0.085156 0.302778 0.016406 0.000000 1.000000
0 859 0.868359 0.616667 0.083594 0.302778 0.010156 0.001389 1.000000
0 860 0.883203 0.613889 0.071094 0.302778 0.014844 -0.002778 1.000000
0 861 0.892188 0.613889 0.067187 0.302778 0.008984 0.000000 1.000000
0 862 0.907031 0.612500 0.060937 0.305556 0.014844 -0.001389 1.000000
0 863 0.931250 0.618750 0.051562 0.312500 0.024219 0.006250 1.000000
0 864 0.941406 0.622222 0.051562 0.313889 0.010156 0.003472 1.000000
0 865 0.950391 0.633333 0.050781 0.336111 0.008984 0.011111 1.000000
0 866 0.962891 0.638889 0.055469 0.338889 0.012500 0.005556 1.000000
0 867 0.969922 0.641667 0.060156 0.344444 0.007031 0.002778 1.000000
0 868 0.973437 0.635417 0.053125 0.326389 0.003516 -0.006250 1.000000
0 869 0.975000 0.637500 0.050000 0.322222 0.001563 0.002083 1.000000
0 1021 0.971484 0.437500 0.057031 0.294444 -0.000023 -0.001316 1.000000
0 1022 0.964844 0.434028 0.070312 0.295833 -0.006641 -0.003472 1.000000
0 1023 0.960938 0.431944 0.078125 0.300000 -0.003906 -0.002083 1.000000
0 1024 0.952344 0.425694 0.076563 0.298611 -0.008594 -0.006250 1.000000
0 1025 0.944531 0.422917 0.065625 0.301389 -0.007812 -0.002778 1.000000
0 1026 0.937109 0.420139 0.053906 0.301389 -0.007422 -0.002778 1.000000
0 1027 0.928516 0.416667 0.052344 0.302778 -0.008594 -0.003472 1.000000
0 1028 0.916406 0.413889 0.046875 0.300000 -0.012109 -0.002778 1.000000
0 1029 0.894922 0.406944 0.066406 0.297222 -0.021484 -0.006944 1.000000
0 1030 0.884375 0.405556 0.075000 0.297222 -0.010547 -0.001389 1.000000
0 1031 0.873047 0.404167 0.083594 0.297222 -0.011328 -0.001389 1.000000
0 1032 0.862500 0.404167 0.090625 0.291667 -0.010547 0.000000 1.000000
0 1033 0.849219 0.402778 0.093750 0.288889 -0.013281 -0.001389 1.000000
0 1034 0.824609 0.399306 0.086719 0.281944 -0.024609 -0.003472 1.000000
0 1035 0.812500 0.396528 0.082812 0.281944 -0.012109 -0.002778 1.000000
0 1036 0.800391 0.390972 0.072656 0.281944 -0.012109 -0.005556 1.000000
0 1037 0.789062 0.387500 0.067187 0.283333 -0.011328 -0.003472 1.000000
0 1038 0.775391 0.383333 0.061719 0.283333 -0.013672 -0.004167 1.000000
0 1039 0.740625 0.383333 0.057813 0.283333 -0.034766 0.000000 1.000000
0 1040 0.718750 0.381944 0.056250 0.280556 -0.021875 -0.001389 1.000000
0 1041 0.696875 0.383333 0.053125 0.277778 -0.021875 0.001389 1.000000
0 1042 0.679688 0.386111 0.057813 0.266667 -0.017188 0.002778 1.000000
0 1043 0.658203 0.388889 0.061719 0.261111 -0.021484 0.002778 1.000000
0 1044 0.618750 0.390972 0.071875 0.251389 -0.039453 0.002083 1.000000
0 1045 0.598437 0.393750 0.071875 0.243056 -0.020313 0.002778 1.000000
0 1046 0.581250 0.395833 0.071875 0.244444 -0.017188 0.002083 1.000000
0 1047 0.564063 0.397222 0.076563 0.244444 -0.017188 0.001389 1.000000
0 1048 0.551172 0.400000 0.077344 0.247222 -0.012891 0.002778 1.000000
0 1049 0.531641 0.400694 0.071094 0.248611 -0.019531 0.000694 1.000000
0 1050 0.528125 0.400694 0.067187 0.248611 -0.003516 0.000000 1.000000
0 1051 0.527344 0.400694 0.065625 0.248611 -0.000781 0.000000 1.000000
0 1052 0.525000 0.399306 0.059375 0.248611 -0.002344 -0.001389 1.000000
0 1053 0.521094 0.397917 0.060937 0.251389 -0.003906 -0.001389 1.000000
0 1054 0.515625 0.397917 0.060937 0.251389 -0.005469 0.000000 1.000000
0 1055 0.514844 0.400000 0.062500 0.247222 -0.000781 0.002083 1.000000
0 1056 0.516797 0.402083 0.047656 0.243056 0.001953 0.002083 1.000000
0 1057 0.514062 0.410417 0.053125 0.248611 -0.002734 0.008333 1.000000
0 1058 0.510938 0.413889 0.054688 0.247222 -0.003125 0.003472 1.000000
0 1059 0.515625 0.416667 0.067187 0.241667 0.004687 0.002778 1.000000
0 1060 0.515234 0.416667 0.077344 0.241667 -0.000391 0.000000 1.000000
0 1061 0.518359 0.418056 0.082031 0.238889 0.003125 0.001389 1.000000
0 1062 0.519531 0.418056 0.084375 0.238889 0.001172 0.000000 1.000000
0 1063 0.521094 0.424306 0.081250 0.245833 0.001563 0.006250 1.000000
0 1064 0.518359 0.421528 0.072656 0.237500 -0.002734 -0.002778 1.000000
0 1065 0.516016 0.421528 0.072656 0.237500 -0.002344 0.000000 1.000000
0 1066 0.514453 0.421528 0.069531 0.237500 -0.001563 0.000000 1.000000
0 1067 0.512891 0.420139 0.066406 0.234722 -0.001563 -0.001389 1.000000
0 1068 0.512500 0.418750 0.065625 0.240278 -0.000391 -0.001389 1.000000
0 1069 0.510938 0.418750 0.059375 0.243056 -0.001563 0.000000 1.000000
0 1070 0.510938 0.418750 0.056250 0.243056 0.000000 0.000000 1.000000
0 1071 0.508984 0.418750 0.057031 0.243056 -0.001953 0.000000 1.000000
0 1072 0.507422 0.418750 0.057031 0.243056 -0.001563 0.000000 1.000000
0 1073 0.505469 0.420139 0.057813 0.240278 -0.001953 0.001389 1.000000
0 1074 0.501563 0.420833 0.057813 0.241667 -0.003906 0.000694 1.000000
0 1075 0.496875 0.422222 0.060937 0.238889 -0.004687 0.001389 1.000000
0 1076 0.496094 0.421528 0.062500 0.240278 -0.000781 -0.000694 1.000000
0 1077 0.495312 0.424306 0.060937 0.245833 -0.000781 0.002778 1.000000
0 1078 0.491406 0.424306 0.071875 0.245833 -0.003906 0.000000 1.000000
0 1079 0.488672 0.425694 0.082031 0.248611 -0.002734 0.001389 1.000000
0 1080 0.487500 0.425694 0.085938 0.248611 -0.001172 0.000000 1.000000
0 1081 0.487109 0.428472 0.088281 0.248611 -0.000391 0.002778 1.000000
0 1082 0.489063 0.429167 0.092188 0.247222 0.001953 0.000694 1.000000
0 1083 0.487891 0.431944 0.088281 0.247222 -0.001172 0.002778 1.000000
0 1084 0.485156 0.431944 0.085938 0.250000 -0.002734 0.000000 1.000000
0 1085 0.483203 0.432639 0.085156 0.251389 -0.001953 0.000694 1.000000
0 1086 0.484766 0.431944 0.083594 0.252778 0.001563 -0.000694 1.000000
0 1087 0.487500 0.433333 0.081250 0.255556 0.002734 0.001389 1.000000
0 1088 0.491406 0.430556 0.075000 0.258333 0.003906 -0.002778 1.000000
0 1089 0.498437 0.431250 0.060937 0.265278 0.007031 0.000694 1.000000
0 1090 0.498828 0.429861 0.061719 0.268056 0.000391 -0.001389 1.000000
0 1091 0.499609 0.428472 0.060156 0.270833 0.000781 -0.001389 1.000000
0 1092 0.501172 0.428472 0.060156 0.270833 0.001563 0.000000 1.000000
0 1093 0.502734 0.428472 0.060156 0.270833 0.001563 0.000000 1.000000
0 1094 0.508984 0.432639 0.067969 0.273611 0.006250 0.004167 1.000000
0 1095 0.516406 0.436806 0.078125 0.270833 0.007422 0.004167 1.000000
0 1096 0.520312 0.438889 0.089063 0.269444 0.003906 0.002083 1.000000
0 1097 0.527344 0.442361 0.095312 0.262500 0.007031 0.003472 1.000000
0 1098 0.532031 0.443056 0.104688 0.261111 0.004687 0.000694 1.000000
0 1099 0.540625 0.446528 0.101562 0.259722 0.008594 0.003472 1.000000
0 1100 0.543359 0.446528 0.096094 0.259722 0.002734 0.000000 1.000000
0 1101 0.546094 0.447917 0.092188 0.262500 0.002734 0.001389 1.000000
0 1102 0.547656 0.452083 0.087500 0.262500 0.001563 0.004167 1.000000
0 1103 0.547266 0.454167 0.086719 0.266667 -0.000391 0.002083 1.000000
0 1104 0.549609 0.461111 0.078906 0.275000 0.002344 0.006944 1.000000
0 1105 0.551562 0.465278 0.070312 0.277778 0.001953 0.004167 1.000000
0 1106 0.553125 0.471528 0.064062 0.281944 0.001563 0.006250 1.000000
0 1107 0.551953 0.479167 0.061719 0.283333 -0.001172 0.007639 1.000000
0 1108 0.551953 0.486111 0.061719 0.286111 0.000000 0.006944 1.000000
0 1109 0.552344 0.502778 0.068750 0.291667 0.000391 0.016667 1.000000
0 1110 0.551953 0.511111 0.071094 0.288889 -0.000391 0.008333 1.000000
0 1111 0.551562 0.520833 0.075000 0.283333 -0.000391 0.009722 1.000000
0 1112 0.550781 0.527778 0.076563 0.283333 -0.000781 0.006944 1.000000
0 1113 0.550000 0.534722 0.075000 0.280556 -0.000781 0.006944 1.000000
0 1114 0.542578 0.544444 0.077344 0.277778 -0.007422 0.009722 1.000000
0 1115 0.537891 0.546528 0.078906 0.281944 -0.004687 0.002083 1.000000
0 1116 0.535156 0.552083 0.084375 0.287500 -0.002734 0.005556 1.000000
0 1117 0.533203 0.552778 0.088281 0.294444 -0.001953 0.000694 1.000000
0 1118 0.531250 0.554861 0.092188 0.298611 -0.001953 0.002083 1.000000
0 1119 0.527734 0.555556 0.088281 0.305556 -0.003516 0.000694 1.000000
0 1120 0.524219 0.558333 0.087500 0.311111 -0.003516 0.002778 1.000000
0 1121 0.522656 0.560417 0.084375 0.318056 -0.001563 0.002083 1.000000
0 1122 0.521094 0.556250 0.081250 0.309722 -0.001563 -0.004167 1.000000
0 1123 0.519141 0.558333 0.077344 0.313889 -0.001953 0.002083 1.000000
0 1124 0.516797 0.560417 0.066406 0.318056 -0.002344 0.002083 1.000000
0 1125 0.516406 0.562500 0.060937 0.322222 -0.000391 0.002083 1.000000
0 1126 0.512109 0.568056 0.060156 0.319444 -0.004297 0.005556 1.000000
0 1127 0.510938 0.569444 0.062500 0.322222 -0.001172 0.001389 1.000000
0 1128 0.512500 0.576389 0.071875 0.313889 0.001563 0.006944 1.000000
0 1129 0.512891 0.576389 0.083594 0.313889 0.000391 0.000000 1.000000
0 1130 0.510547 0.577083 0.088281 0.315278 -0.002344 0.000694 1.000000
0 1131 0.510547 0.574306 0.088281 0.326389 0.000000 -0.002778 1.000000
0 1132 0.507422 0.571528 0.078906 0.326389 -0.003125 -0.002778 1.000000
0 1133 0.507812 0.567361 0.075000 0.326389 0.000391 -0.004167 1.000000
0 1134 0.507812 0.559722 0.059375 0.327778 0.000000 -0.007639 1.000000
0 1135 0.505078 0.556944 0.064844 0.327778 -0.002734 -0.002778 1.000000
0 1136 0.505859 0.552083 0.067969 0.326389 0.000781 -0.004861 1.000000
0 1137 0.507812 0.552083 0.068750 0.326389 0.001953 0.000000 1.000000
0 1138 0.512500 0.552083 0.075000 0.326389 0.004687 0.000000 1.000000
0 1139 0.512891 0.555556 0.094531 0.319444 0.000391 0.003472 1.000000
0 1140 0.513281 0.558333 0.103125 0.313889 0.000391 0.002778 1.000000
0 1141 0.512109 0.558333 0.105469 0.313889 -0.001172 0.000000 1.000000
0 1142 0.513281 0.559722 0.109375 0.311111 0.001172 0.001389 1.000000
0 1143 0.512891 0.558333 0.116406 0.300000 -0.000391 -0.001389 1.000000
0 1144 0.513281 0.558333 0.125000 0.300000 0.000391 0.000000 1.000000
0 1145 0.513281 0.557639 0.125000 0.298611 0.000000 -0.000694 1.000000
0 1146 0.512500 0.557639 0.126562 0.298611 -0.000781 0.000000 1.000000
0 1147 0.514062 0.550000 0.123438 0.302778 0.001563 -0.007639 1.000000
0 1148 0.517188 0.550000 0.120313 0.302778 0.003125 0.000000 1.000000
0 1149 0.526172 0.540972 0.110156 0.312500 0.008984 -0.009028 1.000000
0 1150 0.534766 0.536806 0.107031 0.315278 0.008594 -0.004167 1.000000
0 1151 0.539453 0.538194 0.097656 0.318056 0.004687 0.001389 1.000000
0 1152 0.544141 0.536111 0.088281 0.313889 0.004687 -0.002083 1.000000
0 1153 0.551172 0.530556 0.080469 0.319444 0.007031 -0.005556 1.000000
0 1154 0.559375 0.522917 0.076563 0.326389 0.008203 -0.007639 1.000000
0 1155 0.562109 0.522917 0.075781 0.326389 0.002734 0.000000 1.000000
0 1156 0.562500 0.522917 0.078125 0.326389 0.000391 0.000000 1.000000
0 1157 0.565625 0.522917 0.076563 0.323611 0.003125 0.000000 1.000000
0 1158 0.569922 0.522917 0.088281 0.323611 0.004297 0.000000 1.000000
0 1159 0.571484 0.529167 0.082031 0.319444 0.001563 0.006250 1.000000
0 1160 0.568750 0.529167 0.082812 0.319444 -0.002734 0.000000 1.000000
0 1161 0.565625 0.527083 0.084375 0.315278 -0.003125 -0.002083 1.000000
0 1162 0.566016 0.527083 0.078906 0.315278 0.000391 0.000000 1.000000
0 1163 0.565625 0.525000 0.071875 0.319444 -0.000391 -0.002083 1.000000
0 1164 0.565625 0.523611 0.071875 0.322222 0.000000 -0.001389 1.000000
0 1165 0.564844 0.515972 0.065625 0.329167 -0.000781 -0.007639 1.000000
0 1166 0.564844 0.513889 0.065625 0.330556 0.000000 -0.002083 1.000000
0 1167 0.564453 0.513889 0.066406 0.330556 -0.000391 0.000000 1.000000
0 1168 0.565234 0.515972 0.067969 0.329167 0.000781 0.002083 1.000000
0 1169 0.566016 0.519444 0.069531 0.333333 0.000781 0.003472 1.000000
0 1170 0.566797 0.529861 0.067969 0.331944 0.000781 0.010417 1.000000
0 1171 0.567578 0.535417 0.067969 0.329167 0.000781 0.005556 1.000000
0 1172 0.567578 0.538194 0.067969 0.329167 0.000000 0.002778 1.000000
0 1173 0.567187 0.539583 0.068750 0.326389 -0.000391 0.001389 1.000000
0 1174 0.565625 0.536806 0.071875 0.326389 -0.001563 -0.002778 1.000000
0 1175 0.561719 0.530556 0.079687 0.327778 -0.003906 -0.006250 1.000000
0 1176 0.559375 0.525694 0.084375 0.329167 -0.002344 -0.004861 1.000000
0 1177 0.556641 0.522917 0.089844 0.331944 -0.002734 -0.002778 1.000000
0 1178 0.554688 0.517361 0.093750 0.337500 -0.001953 -0.005556 1.000000
0 1179 0.553516 0.512500 0.094531 0.338889 -0.001172 -0.004861 1.000000
0 1180 0.550000 0.503472 0.092188 0.340278 -0.003516 -0.009028 1.000000
0 1181 0.548047 0.502083 0.088281 0.337500 -0.001953 -0.001389 1.000000
0 1182 0.546094 0.503472 0.084375 0.334722 -0.001953 0.001389 1.000000
0 1183 0.545703 0.506250 0.078906 0.334722 -0.000391 0.002778 1.000000
0 1184 0.545703 0.509028 0.078906 0.329167 0.000000 0.002778 1.000000
0 1185 0.549219 0.519444 0.085938 0.308333 0.003516 0.010417 1.000000
0 1186 0.550000 0.524306 0.093750 0.298611 0.000781 0.004861 1.000000
0 1187 0.551172 0.527083 0.102344 0.293056 0.001172 0.002778 1.000000
0 1188 0.554688 0.529861 0.109375 0.287500 0.003516 0.002778 1.000000
0 1189 0.555078 0.531250 0.117969 0.284722 0.000391 0.001389 1.000000
0 1190 0.561328 0.529861 0.130469 0.281944 0.006250 -0.001389 1.000000
0 1191 0.560937 0.527778 0.128125 0.277778 -0.000391 -0.002083 1.000000
0 1192 0.560937 0.524306 0.123438 0.276389 0.000000 -0.003472 1.000000
0 1193 0.560547 0.518750 0.116406 0.276389 -0.000391 -0.005556 1.000000
0 1194 0.559375 0.513889 0.106250 0.277778 -0.001172 -0.004861 1.000000
0 1195 0.567578 0.503472 0.103906 0.281944 0.008203 -0.010417 1.000000
0 1196 0.573828 0.497917 0.108594 0.284722 0.006250 -0.005556 1.000000
0 1197 0.579688 0.492361 0.114062 0.290278 0.005859 -0.005556 1.000000
