0 1 0.430078 0.318056 0.046094 0.172222 0.000000 0.000000 1.000000
0 2 0.432031 0.315972 0.048438 0.176389 0.001953 -0.002083 1.000000
0 3 0.433594 0.311806 0.045312 0.173611 0.001563 -0.004167 1.000000
0 4 0.437500 0.310417 0.045312 0.176389 0.003906 -0.001389 1.000000
0 5 0.439844 0.310417 0.046875 0.176389 0.002344 0.000000 1.000000
0 6 0.442578 0.311111 0.046094 0.177778 0.002734 0.000694 1.000000
0 7 0.442578 0.311806 0.047656 0.173611 0.000000 0.000694 1.000000
0 8 0.444531 0.313889 0.046875 0.175000 0.001953 0.002083 1.000000
0 9 0.449609 0.314583 0.052344 0.173611 0.005078 0.000694 1.000000
0 10 0.456641 0.314583 0.060156 0.173611 0.007031 0.000000 1.000000
0 11 0.460547 0.315278 0.064844 0.172222 0.003906 0.000694 1.000000
0 12 0.455078 0.318056 0.052344 0.175000 -0.005469 0.002778 1.000000
0 13 0.464062 0.318056 0.070312 0.172222 0.008984 0.000000 1.000000
0 14 0.464844 0.318056 0.064062 0.172222 0.000781 0.000000 1.000000
0 15 0.466406 0.319444 0.064062 0.175000 0.001563 0.001389 1.000000
0 16 0.465234 0.320833 0.061719 0.177778 -0.001172 0.001389 1.000000
0 17 0.464062 0.322222 0.056250 0.175000 -0.001172 0.001389 1.000000
0 18 0.462500 0.323611 0.053125 0.175000 -0.001563 0.001389 1.000000
0 19 0.461328 0.324306 0.052344 0.176389 -0.001172 0.000694 1.000000
0 20 0.462109 0.322917 0.050781 0.176389 0.000781 -0.001389 1.000000
0 21 0.463672 0.323611 0.053906 0.175000 0.001563 0.000694 1.000000
0 22 0.464062 0.321528 0.053125 0.176389 0.000391 -0.002083 1.000000
0 23 0.466016 0.324306 0.057031 0.176389 0.001953 0.002778 1.000000
0 24 0.466406 0.320833 0.056250 0.175000 0.000391 -0.003472 1.000000
0 25 0.464453 0.325000 0.055469 0.177778 -0.001953 0.004167 1.000000
0 26 0.465625 0.325694 0.059375 0.176389 0.001172 0.000694 1.000000
0 27 0.464453 0.328472 0.060156 0.176389 -0.001172 0.002778 1.000000
0 28 0.462109 0.327778 0.060156 0.175000 -0.002344 -0.000694 1.000000
0 29 0.459766 0.329861 0.055469 0.176389 -0.002344 0.002083 1.000000
0 30 0.455078 0.329861 0.047656 0.176389 -0.004687 0.000000 1.000000
0 31 0.454688 0.332639 0.046875 0.176389 -0.000391 0.002778 1.000000
0 32 0.452344 0.331944 0.040625 0.175000 -0.002344 -0.000694 1.000000
0 33 0.452734 0.334722 0.039844 0.175000 0.000391 0.002778 1.000000
0 34 0.453516 0.334722 0.039844 0.177778 0.000781 0.000000 1.000000
0 35 0.453906 0.334028 0.040625 0.176389 0.000391 -0.000694 1.000000
0 36 0.452344 0.334722 0.037500 0.177778 -0.001563 0.000694 1.000000
0 37 0.452344 0.334722 0.037500 0.177778 0.000000 0.000000 1.000000
0 38 0.450391 0.334028 0.032031 0.179167 -0.001953 -0.000694 1.000000
0 39 0.449609 0.336806 0.028906 0.179167 -0.000781 0.002778 1.000000
0 40 0.448828 0.333333 0.030469 0.180556 -0.000781 -0.003472 1.000000
0 41 0.448828 0.333333 0.030469 0.177778 0.000000 0.000000 1.000000
0 42 0.449219 0.336111 0.032813 0.175000 0.000391 0.002778 1.000000
0 43 0.449219 0.336806 0.034375 0.173611 0.000000 0.000694 1.000000
0 44 0.450391 0.338194 0.038281 0.170833 0.001172 0.001389 1.000000
0 45 0.450391 0.339583 0.039844 0.176389 0.000000 0.001389 1.000000
0 46 0.450000 0.337500 0.040625 0.177778 -0.000391 -0.002083 1.000000
0 47 0.450000 0.338889 0.037500 0.177778 0.000000 0.001389 1.000000
0 48 0.446484 0.339583 0.038281 0.173611 -0.003516 0.000694 1.000000
0 49 0.443750 0.340972 0.037500 0.173611 -0.002734 0.001389 1.000000
0 50 0.441406 0.341667 0.032813 0.172222 -0.002344 0.000694 1.000000
0 51 0.441406 0.341667 0.032813 0.172222 0.000000 0.000000 1.000000
0 52 0.441797 0.341667 0.033594 0.172222 0.000391 0.000000 1.000000
0 53 0.440625 0.340278 0.031250 0.175000 -0.001172 -0.001389 1.000000
0 54 0.440234 0.340972 0.032031 0.173611 -0.000391 0.000694 1.000000
0 55 0.439453 0.339583 0.032031 0.176389 -0.000781 -0.001389 1.000000
0 56 0.438281 0.339583 0.032813 0.176389 -0.001172 0.000000 1.000000
0 57 0.439063 0.338194 0.029687 0.179167 0.000781 -0.001389 1.000000
0 58 0.438672 0.338889 0.030469 0.177778 -0.000391 0.000694 1.000000
0 59 0.439453 0.336806 0.027344 0.176389 0.000781 -0.002083 1.000000
0 60 0.439063 0.336806 0.026562 0.176389 -0.000391 0.000000 1.000000
0 61 0.435547 0.336806 0.038281 0.181944 -0.003516 0.000000 1.000000
0 62 0.433984 0.335417 0.041406 0.181944 -0.001563 -0.001389 1.000000
0 63 0.435156 0.332639 0.039062 0.187500 0.001172 -0.002778 1.000000
0 64 0.434766 0.332639 0.039844 0.184722 -0.000391 0.000000 1.000000
0 65 0.434766 0.332639 0.038281 0.184722 0.000000 0.000000 1.000000
0 66 0.435156 0.333333 0.037500 0.183333 0.000391 0.000694 1.000000
0 67 0.434375 0.333333 0.039062 0.186111 -0.000781 0.000000 1.000000
0 68 0.434766 0.333333 0.041406 0.186111 0.000391 0.000000 1.000000
0 69 0.433203 0.332639 0.039844 0.187500 -0.001563 -0.000694 1.000000
0 70 0.433594 0.335417 0.039062 0.184722 0.000391 0.002778 1.000000
0 71 0.433594 0.331944 0.039062 0.183333 0.000000 -0.003472 1.000000
0 72 0.432031 0.329861 0.040625 0.184722 -0.001563 -0.002083 1.000000
0 73 0.431641 0.331944 0.038281 0.188889 -0.000391 0.002083 1.000000
0 74 0.432422 0.329861 0.038281 0.187500 0.000781 -0.002083 1.000000
0 75 0.432031 0.330556 0.042188 0.188889 -0.000391 0.000694 1.000000
0 76 0.432031 0.329861 0.040625 0.187500 0.000000 -0.000694 1.000000
0 77 0.432812 0.331944 0.039062 0.188889 0.000781 0.002083 1.000000
0 78 0.431641 0.332639 0.038281 0.184722 -0.001172 0.000694 1.000000
0 79 0.431250 0.329861 0.040625 0.187500 -0.000391 -0.002778 1.000000
0 80 0.433203 0.331250 0.036719 0.190278 0.001953 0.001389 1.000000
0 81 0.433594 0.329861 0.037500 0.184722 0.000391 -0.001389 1.000000
0 82 0.433203 0.329167 0.036719 0.191667 -0.000391 -0.000694 1.000000
0 83 0.435547 0.329167 0.038281 0.188889 0.002344 0.000000 1.000000
0 84 0.434766 0.329861 0.036719 0.187500 -0.000781 0.000694 1.000000
0 85 0.436719 0.329167 0.034375 0.183333 0.001953 -0.000694 1.000000
0 86 0.437109 0.331944 0.033594 0.183333 0.000391 0.002778 1.000000
0 87 0.438281 0.327778 0.034375 0.183333 0.001172 -0.004167 1.000000
0 88 0.439844 0.329167 0.034375 0.183333 0.001563 0.001389 1.000000
0 89 0.440625 0.330556 0.034375 0.180556 0.000781 0.001389 1.000000
0 90 0.443359 0.329167 0.035156 0.186111 0.002734 -0.001389 1.000000
0 91 0.444922 0.326389 0.035156 0.180556 0.001563 -0.002778 1.000000
0 92 0.446875 0.323611 0.034375 0.175000 0.001953 -0.002778 1.000000
0 93 0.448828 0.318056 0.035156 0.169444 0.001953 -0.005556 1.000000
0 94 0.451172 0.329167 0.035156 0.183333 0.002344 0.011111 1.000000
0 95 0.454297 0.328472 0.038281 0.179167 0.003125 -0.000694 1.000000
0 96 0.458984 0.328472 0.039844 0.181944 0.004687 0.000000 1.000000
0 97 0.464062 0.327083 0.040625 0.179167 0.005078 -0.001389 1.000000
0 98 0.466797 0.327778 0.041406 0.180556 0.002734 0.000694 1.000000
0 99 0.471094 0.327083 0.040625 0.181944 0.004297 -0.000694 1.000000
0 100 0.474609 0.328472 0.038281 0.179167 0.003516 0.001389 1.000000
0 101 0.478125 0.328472 0.035937 0.179167 0.003516 0.000000 1.000000
0 102 0.482812 0.328472 0.035937 0.179167 0.004687 0.000000 1.000000
0 103 0.487109 0.329167 0.036719 0.177778 0.004297 0.000694 1.000000
0 104 0.491797 0.328472 0.038281 0.179167 0.004687 -0.000694 1.000000
0 105 0.496094 0.328472 0.039062 0.179167 0.004297 0.000000 1.000000
0 106 0.500781 0.327778 0.040625 0.180556 0.004687 -0.000694 1.000000
0 107 0.505469 0.324306 0.039062 0.170833 0.004687 -0.003472 1.000000
0 108 0.509766 0.327083 0.038281 0.179167 0.004297 0.002778 1.000000
0 109 0.514844 0.327778 0.039062 0.180556 0.005078 0.000694 1.000000
0 110 0.517188 0.326389 0.043750 0.180556 0.002344 -0.001389 1.000000
0 111 0.524609 0.325000 0.047656 0.175000 0.007422 -0.001389 1.000000
0 112 0.529687 0.326389 0.059375 0.180556 0.005078 0.001389 1.000000
0 113 0.535156 0.320833 0.060937 0.169444 0.005469 -0.005556 1.000000
0 114 0.537891 0.320139 0.061719 0.173611 0.002734 -0.000694 1.000000
0 115 0.540625 0.322222 0.062500 0.169444 0.002734 0.002083 1.000000
0 116 0.542969 0.324306 0.064062 0.176389 0.002344 0.002083 1.000000
0 117 0.546875 0.322917 0.062500 0.181944 0.003906 -0.001389 1.000000
0 118 0.551172 0.322222 0.060156 0.177778 0.004297 -0.000694 1.000000
0 119 0.556250 0.322917 0.054688 0.179167 0.005078 0.000694 1.000000
0 120 0.562891 0.322917 0.047656 0.179167 0.006641 0.000000 1.000000
0 121 0.570703 0.323611 0.036719 0.172222 0.007812 0.000694 1.000000
0 122 0.576172 0.323611 0.039844 0.172222 0.005469 0.000000 1.000000
0 123 0.579297 0.322222 0.042969 0.177778 0.003125 -0.001389 1.000000
0 124 0.582812 0.324306 0.050000 0.173611 0.003516 0.002083 1.000000
0 125 0.589844 0.322222 0.057813 0.177778 0.007031 -0.002083 1.000000
0 126 0.595703 0.322222 0.061719 0.186111 0.005859 0.000000 1.000000
0 127 0.598047 0.325000 0.057031 0.183333 0.002344 0.002778 1.000000
0 128 0.602734 0.329167 0.047656 0.186111 0.004687 0.004167 1.000000
0 129 0.612891 0.331250 0.044531 0.184722 0.010156 0.002083 1.000000
0 130 0.623437 0.334722 0.045312 0.180556 0.010547 0.003472 1.000000
0 131 0.632031 0.338194 0.053125 0.184722 0.008594 0.003472 1.000000
0 132 0.634375 0.337500 0.048438 0.191667 0.002344 -0.000694 1.000000
0 133 0.637109 0.338889 0.046094 0.197222 0.002734 0.001389 1.000000
0 134 0.641016 0.338194 0.044531 0.198611 0.003906 -0.000694 1.000000
0 135 0.645703 0.340278 0.041406 0.197222 0.004687 0.002083 1.000000
0 136 0.650781 0.344444 0.037500 0.197222 0.005078 0.004167 1.000000
0 137 0.659766 0.347222 0.033594 0.194444 0.008984 0.002778 1.000000
0 138 0.664453 0.350000 0.039844 0.191667 0.004687 0.002778 1.000000
0 139 0.668750 0.351389 0.046875 0.194444 0.004297 0.001389 1.000000
0 140 0.672266 0.353472 0.047656 0.193056 0.003516 0.002083 1.000000
0 141 0.678906 0.354861 0.048438 0.195833 0.006641 0.001389 1.000000
0 142 0.685547 0.360417 0.052344 0.193056 0.006641 0.005556 1.000000
0 143 0.698438 0.361111 0.046875 0.177778 0.012891 0.000694 1.000000
0 144 0.698438 0.367361 0.051562 0.168056 0.000000 0.006250 1.000000
0 145 0.708984 0.387500 0.055469 0.197222 0.010547 0.020139 1.000000
0 146 0.708203 0.393750 0.064844 0.201389 -0.000781 0.006250 1.000000
0 147 0.709375 0.397917 0.071875 0.204167 0.001172 0.004167 1.000000
0 148 0.716406 0.401389 0.071875 0.208333 0.007031 0.003472 1.000000
0 149 0.721875 0.405556 0.070312 0.205556 0.005469 0.004167 1.000000
0 150 0.727344 0.407639 0.065625 0.201389 0.005469 0.002083 1.000000
0 151 0.731250 0.410417 0.056250 0.198611 0.003906 0.002778 1.000000
0 152 0.734375 0.412500 0.051562 0.202778 0.003125 0.002083 1.000000
0 153 0.735547 0.414583 0.050781 0.204167 0.001172 0.002083 1.000000
0 154 0.736719 0.414583 0.050000 0.204167 0.001172 0.000000 1.000000
0 155 0.739062 0.418750 0.051562 0.206944 0.002344 0.004167 1.000000
0 156 0.742578 0.426389 0.052344 0.208333 0.003516 0.007639 1.000000
0 157 0.745703 0.433333 0.058594 0.211111 0.003125 0.006944 1.000000
0 158 0.748047 0.439583 0.063281 0.212500 0.002344 0.006250 1.000000
0 159 0.750781 0.448611 0.068750 0.211111 0.002734 0.009028 1.000000
0 160 0.753125 0.457639 0.073438 0.209722 0.002344 0.009028 1.000000
0 161 0.753906 0.463889 0.075000 0.216667 0.000781 0.006250 1.000000
0 162 0.753516 0.466667 0.075781 0.213889 -0.000391 0.002778 1.000000
0 163 0.753125 0.469444 0.071875 0.211111 -0.000391 0.002778 1.000000
0 164 0.750391 0.472917 0.067969 0.209722 -0.002734 0.003472 1.000000
0 165 0.748437 0.472917 0.062500 0.212500 -0.001953 0.000000 1.000000
0 166 0.745703 0.472917 0.057031 0.215278 -0.002734 0.000000 1.000000
0 167 0.746094 0.473611 0.056250 0.216667 0.000391 0.000694 1.000000
0 168 0.745703 0.473611 0.053906 0.219444 -0.000391 0.000000 1.000000
0 169 0.747656 0.476389 0.056250 0.216667 0.001953 0.002778 1.000000
0 170 0.747656 0.477778 0.054688 0.219444 0.000000 0.001389 1.000000
0 171 0.749609 0.476389 0.055469 0.219444 0.001953 -0.001389 1.000000
0 172 0.751953 0.477083 0.058594 0.223611 0.002344 0.000694 1.000000
0 173 0.752734 0.478472 0.060156 0.223611 0.000781 0.001389 1.000000
0 174 0.756641 0.479167 0.064844 0.225000 0.003906 0.000694 1.000000
0 175 0.757812 0.481250 0.065625 0.226389 0.001172 0.002083 1.000000
0 176 0.759766 0.481250 0.066406 0.226389 0.001953 0.000000 1.000000
0 177 0.760938 0.480556 0.068750 0.227778 0.001172 -0.000694 1.000000
0 178 0.763281 0.481250 0.068750 0.226389 0.002344 0.000694 1.000000
0 179 0.764062 0.482639 0.068750 0.229167 0.000781 0.001389 1.000000
0 180 0.766016 0.485417 0.067969 0.226389 0.001953 0.002778 1.000000
0 181 0.766406 0.486806 0.068750 0.229167 0.000391 0.001389 1.000000
0 182 0.767188 0.486806 0.065625 0.226389 0.000781 0.000000 1.000000
0 183 0.767578 0.490972 0.061719 0.226389 0.000391 0.004167 1.000000
0 184 0.767188 0.492361 0.056250 0.231944 -0.000391 0.001389 1.000000
0 185 0.767188 0.493750 0.053125 0.231944 0.000000 0.001389 1.000000
0 186 0.769141 0.496528 0.047656 0.234722 0.001953 0.002778 1.000000
0 187 0.770703 0.497917 0.046094 0.234722 0.001563 0.001389 1.000000
0 188 0.771875 0.500000 0.045312 0.236111 0.001172 0.002083 1.000000
0 189 0.773828 0.501389 0.046094 0.236111 0.001953 0.001389 1.000000
0 190 0.776172 0.504167 0.046094 0.236111 0.002344 0.002778 1.000000
0 191 0.778516 0.505556 0.047656 0.238889 0.002344 0.001389 1.000000
0 192 0.781250 0.508333 0.048438 0.238889 0.002734 0.002778 1.000000
0 193 0.783203 0.509722 0.047656 0.238889 0.001953 0.001389 1.000000
0 194 0.785937 0.513194 0.050000 0.240278 0.002734 0.003472 1.000000
0 195 0.789062 0.515278 0.050000 0.241667 0.003125 0.002083 1.000000
0 196 0.791406 0.517361 0.051562 0.243056 0.002344 0.002083 1.000000
0 197 0.794531 0.519444 0.053125 0.241667 0.003125 0.002083 1.000000
0 198 0.797266 0.522222 0.057031 0.241667 0.002734 0.002778 1.000000
0 199 0.800000 0.524306 0.057813 0.240278 0.002734 0.002083 1.000000
0 200 0.802734 0.526389 0.061719 0.238889 0.002734 0.002083 1.000000
0 201 0.806250 0.529861 0.067187 0.237500 0.003516 0.003472 1.000000
0 202 0.810547 0.532639 0.069531 0.237500 0.004297 0.002778 1.000000
0 203 0.814063 0.535417 0.076563 0.237500 0.003516 0.002778 1.000000
0 204 0.819141 0.536806 0.082031 0.240278 0.005078 0.001389 1.000000
0 205 0.823438 0.537500 0.085938 0.238889 0.004297 0.000694 1.000000
0 206 0.826562 0.537500 0.090625 0.238889 0.003125 0.000000 1.000000
0 207 0.830078 0.539583 0.089844 0.231944 0.003516 0.002083 1.000000
0 208 0.837500 0.542361 0.079687 0.237500 0.007422 0.002778 1.000000
0 209 0.849219 0.545139 0.075000 0.231944 0.011719 0.002778 1.000000
0 210 0.853906 0.545833 0.065625 0.236111 0.004687 0.000694 1.000000
0 211 0.859375 0.552083 0.065625 0.243056 0.005469 0.006250 1.000000
0 212 0.862891 0.552778 0.063281 0.250000 0.003516 0.000694 1.000000
0 213 0.866016 0.549306 0.063281 0.254167 0.003125 -0.003472 1.000000
0 214 0.869141 0.550000 0.061719 0.255556 0.003125 0.000694 1.000000
0 215 0.871484 0.552778 0.063281 0.258333 0.002344 0.002778 1.000000
0 216 0.875000 0.554167 0.065625 0.252778 0.003516 0.001389 1.000000
0 217 0.878516 0.557639 0.067969 0.243056 0.003516 0.003472 1.000000
0 218 0.883984 0.561111 0.067969 0.233333 0.005469 0.003472 1.000000
0 219 0.893359 0.564583 0.063281 0.231944 0.009375 0.003472 1.000000
0 220 0.894141 0.563194 0.071094 0.229167 0.000781 -0.001389 1.000000
0 221 0.891797 0.570833 0.078906 0.250000 -0.002344 0.007639 1.000000
0 222 0.887109 0.573611 0.086719 0.255556 -0.004687 0.002778 1.000000
0 223 0.884766 0.573611 0.099219 0.261111 -0.002344 0.000000 1.000000
0 224 0.880469 0.571528 0.096875 0.262500 -0.004297 -0.002083 1.000000
0 225 0.872266 0.571528 0.089844 0.262500 -0.008203 0.000000 1.000000
0 226 0.871094 0.567361 0.071875 0.265278 -0.001172 -0.004167 1.000000
0 227 0.874219 0.567361 0.059375 0.259722 0.003125 0.000000 1.000000
0 228 0.873047 0.568750 0.053906 0.259722 -0.001172 0.001389 1.000000
0 229 0.869141 0.572222 0.061719 0.269444 -0.003906 0.003472 1.000000
0 230 0.864062 0.577778 0.073438 0.266667 -0.005078 0.005556 1.000000
0 231 0.860938 0.576389 0.067187 0.272222 -0.003125 -0.001389 1.000000
0 232 0.858203 0.579167 0.066406 0.266667 -0.002734 0.002778 1.000000
0 233 0.850000 0.576389 0.073438 0.266667 -0.008203 -0.002778 1.000000
0 234 0.838281 0.575000 0.078125 0.269444 -0.011719 -0.001389 1.000000
0 235 0.830469 0.567361 0.081250 0.265278 -0.007812 -0.007639 1.000000
0 236 0.822656 0.565972 0.075000 0.262500 -0.007812 -0.001389 1.000000
0 237 0.817187 0.560417 0.064062 0.259722 -0.005469 -0.005556 1.000000
0 238 0.812109 0.553472 0.050781 0.262500 -0.005078 -0.006944 1.000000
0 239 0.805078 0.550694 0.049219 0.265278 -0.007031 -0.002778 1.000000
0 240 0.800781 0.545139 0.051562 0.265278 -0.004297 -0.005556 1.000000
0 241 0.799609 0.538889 0.060156 0.258333 -0.001172 -0.006250 1.000000
0 242 0.792969 0.538194 0.073438 0.251389 -0.006641 -0.000694 1.000000
0 243 0.787500 0.539583 0.084375 0.254167 -0.005469 0.001389 1.000000
0 244 0.780859 0.543750 0.089844 0.240278 -0.006641 0.004167 1.000000
0 245 0.773828 0.545139 0.091406 0.231944 -0.007031 0.001389 1.000000
0 246 0.766797 0.551389 0.091406 0.230556 -0.007031 0.006250 1.000000
0 247 0.759766 0.546528 0.089844 0.229167 -0.007031 -0.004861 1.000000
0 248 0.755469 0.545833 0.085938 0.227778 -0.004297 -0.000694 1.000000
0 249 0.750781 0.536806 0.076563 0.231944 -0.004687 -0.009028 1.000000
0 250 0.747656 0.529167 0.070312 0.236111 -0.003125 -0.007639 1.000000
0 251 0.742578 0.527083 0.064844 0.240278 -0.005078 -0.002083 1.000000
0 252 0.738281 0.526389 0.067187 0.238889 -0.004297 -0.000694 1.000000
0 253 0.726953 0.525694 0.057031 0.240278 -0.011328 -0.000694 1.000000
0 254 0.720313 0.531250 0.057813 0.234722 -0.006641 0.005556 1.000000
0 255 0.718750 0.535417 0.060937 0.226389 -0.001563 0.004167 1.000000
0 256 0.717187 0.539583 0.064062 0.226389 -0.001563 0.004167 1.000000
0 257 0.717187 0.538889 0.068750 0.236111 0.000000 -0.000694 1.000000
0 258 0.712891 0.544444 0.074219 0.233333 -0.004297 0.005556 1.000000
0 259 0.707812 0.541667 0.065625 0.230556 -0.005078 -0.002778 1.000000
0 260 0.706250 0.541667 0.064062 0.227778 -0.001563 0.000000 1.000000
0 261 0.701172 0.537500 0.053906 0.227778 -0.005078 -0.004167 1.000000
0 262 0.696875 0.534028 0.051562 0.220833 -0.004297 -0.003472 1.000000
0 263 0.691406 0.529167 0.046875 0.208333 -0.005469 -0.004861 1.000000
0 264 0.686719 0.528472 0.045312 0.206944 -0.004687 -0.000694 1.000000
0 265 0.682422 0.526389 0.041406 0.208333 -0.004297 -0.002083 1.000000
0 266 0.679688 0.526389 0.046875 0.208333 -0.002734 0.000000 1.000000
0 267 0.677734 0.521528 0.050781 0.212500 -0.001953 -0.004861 1.000000
0 268 0.673047 0.518750 0.060156 0.209722 -0.004687 -0.002778 1.000000
0 269 0.671484 0.514583 0.063281 0.215278 -0.001563 -0.004167 1.000000
0 270 0.669141 0.513194 0.071094 0.218056 -0.002344 -0.001389 1.000000
0 271 0.669141 0.506944 0.067969 0.213889 0.000000 -0.006250 1.000000
0 272 0.669531 0.500694 0.064062 0.212500 0.000391 -0.006250 1.000000
0 273 0.668750 0.497917 0.057813 0.209722 -0.000781 -0.002778 1.000000
0 274 0.667578 0.497222 0.052344 0.208333 -0.001172 -0.000694 1.000000
0 275 0.670312 0.491667 0.050000 0.213889 0.002734 -0.005556 1.000000
0 276 0.670703 0.489583 0.047656 0.215278 0.000391 -0.002083 1.000000
0 277 0.669141 0.484722 0.047656 0.211111 -0.001563 -0.004861 1.000000
0 278 0.668359 0.484722 0.050781 0.208333 -0.000781 0.000000 1.000000
0 279 0.667188 0.481944 0.054688 0.202778 -0.001172 -0.002778 1.000000
0 280 0.666406 0.484028 0.056250 0.195833 -0.000781 0.002083 1.000000
0 281 0.665625 0.484028 0.056250 0.187500 -0.000781 0.000000 1.000000
0 282 0.664453 0.483333 0.055469 0.188889 -0.001172 -0.000694 1.000000
0 283 0.664844 0.481944 0.053125 0.194444 0.000391 -0.001389 1.000000
0 284 0.663672 0.480556 0.049219 0.197222 -0.001172 -0.001389 1.000000
0 285 0.662891 0.479861 0.047656 0.195833 -0.000781 -0.000694 1.000000
0 286 0.662109 0.481250 0.047656 0.195833 -0.000781 0.001389 1.000000
0 287 0.664062 0.479861 0.046875 0.193056 0.001953 -0.001389 1.000000
0 288 0.664453 0.477778 0.047656 0.191667 0.000391 -0.002083 1.000000
0 289 0.666016 0.477778 0.050781 0.194444 0.001563 0.000000 1.000000
0 290 0.667188 0.477778 0.050000 0.194444 0.001172 0.000000 1.000000
0 291 0.667969 0.477778 0.053125 0.194444 0.000781 0.000000 1.000000
0 292 0.671484 0.476389 0.058594 0.191667 0.003516 -0.001389 1.000000
0 293 0.675000 0.479167 0.065625 0.191667 0.003516 0.002778 1.000000
0 294 0.676172 0.478472 0.067969 0.193056 0.001172 -0.000694 1.000000
0 295 0.678906 0.479861 0.071875 0.190278 0.002734 0.001389 1.000000
0 296 0.679688 0.481250 0.071875 0.190278 0.000781 0.001389 1.000000
0 297 0.678906 0.479861 0.070312 0.190278 -0.000781 -0.001389 1.000000
0 298 0.679688 0.479861 0.071875 0.193056 0.000781 0.000000 1.000000
0 299 0.680859 0.479861 0.074219 0.193056 0.001172 0.000000 1.000000
0 300 0.685937 0.478472 0.078125 0.198611 0.005078 -0.001389 1.000000
0 301 0.691016 0.475694 0.080469 0.201389 0.005078 -0.002778 1.000000
0 302 0.695703 0.471528 0.074219 0.209722 0.004687 -0.004167 1.000000
0 303 0.702734 0.470139 0.069531 0.212500 0.007031 -0.001389 1.000000
0 304 0.709375 0.465278 0.067187 0.216667 0.006641 -0.004861 1.000000
0 305 0.711719 0.463194 0.050000 0.215278 0.002344 -0.002083 1.000000
0 306 0.719922 0.461806 0.044531 0.209722 0.008203 -0.001389 1.000000
0 307 0.728906 0.462500 0.067187 0.211111 0.008984 0.000694 1.000000
0 308 0.727734 0.462500 0.061719 0.208333 -0.001172 0.000000 1.000000
0 309 0.725781 0.461806 0.060937 0.209722 -0.001953 -0.000694 1.000000
0 310 0.726172 0.462500 0.061719 0.200000 0.000391 0.000694 1.000000
0 311 0.730078 0.463889 0.058594 0.197222 0.003906 0.001389 1.000000
0 312 0.731641 0.465278 0.055469 0.194444 0.001563 0.001389 1.000000
0 313 0.735156 0.464583 0.046875 0.181944 0.003516 -0.000694 1.000000
0 314 0.746094 0.454861 0.043750 0.165278 0.010937 -0.009722 1.000000
0 315 0.747656 0.455556 0.043750 0.166667 0.001563 0.000694 1.000000
0 316 0.751563 0.466667 0.045312 0.191667 0.003906 0.011111 1.000000
0 317 0.752344 0.468750 0.050000 0.187500 0.000781 0.002083 1.000000
0 318 0.754297 0.469444 0.052344 0.188889 0.001953 0.000694 1.000000
0 319 0.759766 0.472222 0.058594 0.188889 0.005469 0.002778 1.000000
0 320 0.762500 0.470139 0.053125 0.181944 0.002734 -0.002083 1.000000
0 321 0.760156 0.470833 0.054688 0.186111 -0.002344 0.000694 1.000000
0 322 0.759375 0.468750 0.053125 0.181944 -0.000781 -0.002083 1.000000
0 323 0.758984 0.465278 0.052344 0.183333 -0.000391 -0.003472 1.000000
0 324 0.758203 0.463889 0.050781 0.186111 -0.000781 -0.001389 1.000000
0 325 0.755859 0.461806 0.049219 0.187500 -0.002344 -0.002083 1.000000
0 326 0.754687 0.457639 0.051562 0.193056 -0.001172 -0.004167 1.000000
0 327 0.754687 0.454167 0.053125 0.194444 0.000000 -0.003472 1.000000
0 328 0.752344 0.453472 0.051562 0.193056 -0.002344 -0.000694 1.000000
0 329 0.751953 0.450694 0.052344 0.195833 -0.000391 -0.002778 1.000000
0 330 0.751172 0.447917 0.050781 0.198611 -0.000781 -0.002778 1.000000
0 331 0.751563 0.445833 0.051562 0.197222 0.000391 -0.002083 1.000000
0 332 0.751563 0.442361 0.053125 0.198611 0.000000 -0.003472 1.000000
0 333 0.751563 0.440972 0.051562 0.204167 0.000000 -0.001389 1.000000
0 334 0.752344 0.439583 0.051562 0.201389 0.000781 -0.001389 1.000000
0 335 0.751953 0.437500 0.050781 0.205556 -0.000391 -0.002083 1.000000
0 336 0.753125 0.436806 0.050000 0.206944 0.001172 -0.000694 1.000000
0 337 0.753906 0.436111 0.050000 0.208333 0.000781 -0.000694 1.000000
0 338 0.754687 0.436806 0.051562 0.209722 0.000781 0.000694 1.000000
0 339 0.755469 0.434722 0.051562 0.208333 0.000781 -0.002083 1.000000
0 340 0.755469 0.436111 0.051562 0.208333 0.000000 0.001389 1.000000
0 341 0.758984 0.437500 0.052344 0.205556 0.003516 0.001389 1.000000
0 342 0.759766 0.440278 0.057031 0.202778 0.000781 0.002778 1.000000
0 343 0.763281 0.442361 0.062500 0.201389 0.003516 0.002083 1.000000
0 344 0.764844 0.443750 0.065625 0.201389 0.001563 0.001389 1.000000
0 345 0.764844 0.445833 0.067187 0.200000 0.000000 0.002083 1.000000
0 346 0.765234 0.447222 0.066406 0.197222 0.000391 0.001389 1.000000
0 347 0.766406 0.448611 0.062500 0.197222 0.001172 0.001389 1.000000
0 348 0.766797 0.450694 0.061719 0.195833 0.000391 0.002083 1.000000
0 349 0.767969 0.451389 0.059375 0.194444 0.001172 0.000694 1.000000
0 350 0.770703 0.450694 0.058594 0.193056 0.002734 -0.000694 1.000000
0 351 0.771875 0.451389 0.056250 0.194444 0.001172 0.000694 1.000000
0 352 0.773438 0.450000 0.059375 0.191667 0.001563 -0.001389 1.000000
0 353 0.774219 0.451389 0.060937 0.191667 0.000781 0.001389 1.000000
0 354 0.775000 0.452083 0.064062 0.190278 0.000781 0.000694 1.000000
0 355 0.775000 0.452778 0.065625 0.186111 0.000000 0.000694 1.000000
0 356 0.774609 0.454167 0.066406 0.183333 -0.000391 0.001389 1.000000
0 357 0.773828 0.455556 0.067969 0.183333 -0.000781 0.001389 1.000000
0 358 0.773438 0.453472 0.067187 0.181944 -0.000391 -0.002083 1.000000
0 359 0.770312 0.454861 0.060937 0.184722 -0.003125 0.001389 1.000000
0 360 0.769922 0.456250 0.061719 0.181944 -0.000391 0.001389 1.000000
0 361 0.768750 0.453472 0.064062 0.184722 -0.001172 -0.002778 1.000000
0 362 0.767969 0.452083 0.062500 0.187500 -0.000781 -0.001389 1.000000
0 363 0.767578 0.450000 0.061719 0.188889 -0.000391 -0.002083 1.000000
0 364 0.766797 0.446528 0.060156 0.193056 -0.000781 -0.003472 1.000000
0 365 0.765234 0.440972 0.053906 0.195833 -0.001563 -0.005556 1.000000
0 366 0.760938 0.438889 0.048438 0.194444 -0.004297 -0.002083 1.000000
0 367 0.761328 0.434028 0.049219 0.190278 0.000391 -0.004861 1.000000
0 368 0.759375 0.430556 0.050000 0.188889 -0.001953 -0.003472 1.000000
0 369 0.758203 0.429861 0.052344 0.184722 -0.001172 -0.000694 1.000000
0 370 0.756250 0.429167 0.056250 0.180556 -0.001953 -0.000694 1.000000
0 371 0.753125 0.429861 0.056250 0.179167 -0.003125 0.000694 1.000000
0 372 0.751563 0.430556 0.056250 0.180556 -0.001563 0.000694 1.000000
0 373 0.751172 0.432639 0.063281 0.176389 -0.000391 0.002083 1.000000
0 374 0.750781 0.433333 0.064062 0.175000 -0.000391 0.000694 1.000000
0 375 0.750391 0.433333 0.066406 0.177778 -0.000391 0.000000 1.000000
0 376 0.750391 0.434028 0.064844 0.176389 0.000000 0.000694 1.000000
0 377 0.748047 0.436806 0.060156 0.176389 -0.002344 0.002778 1.000000
0 378 0.744531 0.437500 0.050000 0.180556 -0.003516 0.000694 1.000000
0 379 0.743359 0.439583 0.047656 0.181944 -0.001172 0.002083 1.000000
0 380 0.742188 0.442361 0.045312 0.181944 -0.001172 0.002778 1.000000
0 381 0.739844 0.443750 0.043750 0.184722 -0.002344 0.001389 1.000000
0 382 0.736719 0.442361 0.043750 0.187500 -0.003125 -0.001389 1.000000
0 383 0.735938 0.444444 0.043750 0.188889 -0.000781 0.002083 1.000000
0 384 0.734766 0.445833 0.046094 0.183333 -0.001172 0.001389 1.000000
0 385 0.734375 0.445833 0.050000 0.183333 -0.000391 0.000000 1.000000
0 386 0.728906 0.445833 0.048438 0.186111 -0.005469 0.000000 1.000000
0 387 0.723047 0.447222 0.052344 0.186111 -0.005859 0.001389 1.000000
0 388 0.717578 0.447917 0.055469 0.187500 -0.005469 0.000694 1.000000
0 389 0.712500 0.447222 0.057813 0.186111 -0.005078 -0.000694 1.000000
0 390 0.708984 0.450694 0.064844 0.184722 -0.003516 0.003472 1.000000
0 391 0.707812 0.450000 0.064062 0.183333 -0.001172 -0.000694 1.000000
0 392 0.709766 0.447917 0.066406 0.187500 0.001953 -0.002083 1.000000
0 393 0.705469 0.448611 0.056250 0.188889 -0.004297 0.000694 1.000000
0 394 0.699609 0.445833 0.049219 0.188889 -0.005859 -0.002778 1.000000
0 395 0.692578 0.451389 0.041406 0.191667 -0.007031 0.005556 1.000000
0 396 0.689063 0.449306 0.042188 0.198611 -0.003516 -0.002083 1.000000
0 397 0.686328 0.442361 0.042969 0.184722 -0.002734 -0.006944 1.000000
0 398 0.682422 0.440278 0.039844 0.180556 -0.003906 -0.002083 1.000000
0 399 0.680469 0.446528 0.050000 0.190278 -0.001953 0.006250 1.000000
0 400 0.676953 0.451389 0.063281 0.202778 -0.003516 0.004861 1.000000
0 401 0.678516 0.452778 0.063281 0.208333 0.001563 0.001389 1.000000
0 402 0.676562 0.452083 0.056250 0.209722 -0.001953 -0.000694 1.000000
0 403 0.672266 0.452083 0.055469 0.209722 -0.004297 0.000000 1.000000
0 404 0.665234 0.455556 0.046094 0.202778 -0.007031 0.003472 1.000000
0 405 0.658594 0.454167 0.043750 0.197222 -0.006641 -0.001389 1.000000
0 406 0.656250 0.461806 0.043750 0.187500 -0.002344 0.007639 1.000000
0 407 0.654297 0.461111 0.047656 0.194444 -0.001953 -0.000694 1.000000
0 408 0.647266 0.465278 0.049219 0.186111 -0.007031 0.004167 1.000000
0 409 0.640234 0.465278 0.057031 0.183333 -0.007031 0.000000 1.000000
0 410 0.635547 0.470833 0.067969 0.175000 -0.004687 0.005556 1.000000
0 411 0.635156 0.475000 0.076563 0.186111 -0.000391 0.004167 1.000000
0 412 0.631641 0.477083 0.078906 0.187500 -0.003516 0.002083 1.000000
0 413 0.626563 0.475694 0.070312 0.193056 -0.005078 -0.001389 1.000000
0 414 0.622266 0.477083 0.066406 0.190278 -0.004297 0.001389 1.000000
0 415 0.615625 0.478472 0.060937 0.187500 -0.006641 0.001389 1.000000
0 416 0.610156 0.479861 0.059375 0.187500 -0.005469 0.001389 1.000000
0 417 0.609766 0.477083 0.064844 0.190278 -0.000391 -0.002778 1.000000
0 418 0.608203 0.486806 0.071094 0.206944 -0.001563 0.009722 1.000000
0 419 0.605078 0.489583 0.072656 0.209722 -0.003125 0.002778 1.000000
0 420 0.600391 0.494444 0.072656 0.213889 -0.004687 0.004861 1.000000
0 421 0.594531 0.497917 0.067187 0.212500 -0.005859 0.003472 1.000000
0 422 0.586719 0.502083 0.065625 0.204167 -0.007812 0.004167 1.000000
0 423 0.579688 0.503472 0.067187 0.198611 -0.007031 0.001389 1.000000
0 424 0.569531 0.505556 0.075000 0.197222 -0.010156 0.002083 1.000000
0 425 0.565625 0.505556 0.073438 0.197222 -0.003906 0.000000 1.000000
0 426 0.563281 0.504861 0.068750 0.201389 -0.002344 -0.000694 1.000000
0 427 0.562109 0.506250 0.064844 0.198611 -0.001172 0.001389 1.000000
0 428 0.562500 0.509028 0.064062 0.195833 0.000391 0.002778 1.000000
0 429 0.564844 0.515278 0.067187 0.197222 0.002344 0.006250 1.000000
0 430 0.565234 0.525000 0.072656 0.205556 0.000391 0.009722 1.000000
0 431 0.563281 0.530556 0.076563 0.213889 -0.001953 0.005556 1.000000
0 432 0.558594 0.538194 0.082812 0.215278 -0.004687 0.007639 1.000000
0 433 0.552734 0.545139 0.078906 0.218056 -0.005859 0.006944 1.000000
0 434 0.548438 0.551389 0.084375 0.211111 -0.004297 0.006250 1.000000
0 435 0.542578 0.552778 0.089844 0.208333 -0.005859 0.001389 1.000000
0 436 0.539453 0.553472 0.094531 0.206944 -0.003125 0.000694 1.000000
0 437 0.542578 0.553472 0.099219 0.212500 0.003125 0.000000 1.000000
0 438 0.546484 0.557639 0.100781 0.223611 0.003906 0.004167 1.000000
0 439 0.544531 0.562500 0.106250 0.222222 -0.001953 0.004861 1.000000
0 440 0.536719 0.563194 0.107813 0.223611 -0.007812 0.000694 1.000000
0 441 0.530469 0.563194 0.095312 0.223611 -0.006250 0.000000 1.000000
0 442 0.526172 0.558333 0.078906 0.236111 -0.004297 -0.004861 1.000000
0 443 0.521484 0.554167 0.055469 0.238889 -0.004687 -0.004167 1.000000
0 444 0.521875 0.547222 0.045312 0.244444 0.000391 -0.006944 1.000000
0 445 0.519922 0.545139 0.041406 0.245833 -0.001953 -0.002083 1.000000
0 446 0.514062 0.545833 0.043750 0.241667 -0.005859 0.000694 1.000000
0 447 0.508984 0.545833 0.049219 0.238889 -0.005078 0.000000 1.000000
0 448 0.501953 0.550694 0.055469 0.234722 -0.007031 0.004861 1.000000
0 449 0.499609 0.552083 0.055469 0.234722 -0.002344 0.001389 1.000000
0 450 0.499219 0.554861 0.050000 0.231944 -0.000391 0.002778 1.000000
0 451 0.498828 0.557639 0.044531 0.229167 -0.000391 0.002778 1.000000
0 452 0.499219 0.557639 0.040625 0.231944 0.000391 0.000000 1.000000
0 453 0.500391 0.554861 0.039844 0.234722 0.001172 -0.002778 1.000000
0 454 0.502734 0.556250 0.039844 0.240278 0.002344 0.001389 1.000000
0 455 0.504687 0.556250 0.042188 0.243056 0.001953 0.000000 1.000000
0 456 0.508984 0.558333 0.041406 0.250000 0.004297 0.002083 1.000000
0 457 0.505469 0.559722 0.050000 0.247222 -0.003516 0.001389 1.000000
0 458 0.504687 0.562500 0.054688 0.241667 -0.000781 0.002778 1.000000
0 459 0.502734 0.565972 0.058594 0.243056 -0.001953 0.003472 1.000000
0 460 0.504297 0.570833 0.052344 0.238889 0.001563 0.004861 1.000000
0 461 0.501953 0.572917 0.053906 0.240278 -0.002344 0.002083 1.000000
0 462 0.499219 0.573611 0.051562 0.238889 -0.002734 0.000694 1.000000
0 463 0.500000 0.575000 0.046875 0.238889 0.000781 0.001389 1.000000
0 464 0.499609 0.578472 0.047656 0.243056 -0.000391 0.003472 1.000000
0 465 0.500781 0.580556 0.046875 0.241667 0.001172 0.002083 1.000000
0 466 0.500781 0.585417 0.043750 0.237500 0.000000 0.004861 1.000000
0 467 0.498437 0.586111 0.040625 0.244444 -0.002344 0.000694 1.000000
0 468 0.499219 0.587500 0.039062 0.241667 0.000781 0.001389 1.000000
0 469 0.500781 0.590278 0.043750 0.241667 0.001563 0.002778 1.000000
0 470 0.503906 0.587500 0.042188 0.247222 0.003125 -0.002778 1.000000
0 471 0.503125 0.592361 0.045312 0.251389 -0.000781 0.004861 1.000000
0 472 0.505859 0.597222 0.042969 0.244444 0.002734 0.004861 1.000000
0 473 0.504687 0.604861 0.042188 0.243056 -0.001172 0.007639 1.000000
0 474 0.507031 0.603472 0.046875 0.220833 0.002344 -0.001389 1.000000
0 475 0.510156 0.603472 0.054688 0.209722 0.003125 0.000000 1.000000
0 476 0.513672 0.609722 0.061719 0.225000 0.003516 0.006250 1.000000
0 477 0.516797 0.616667 0.066406 0.238889 0.003125 0.006944 1.000000
0 478 0.520312 0.620139 0.070312 0.240278 0.003516 0.003472 1.000000
0 479 0.523047 0.622222 0.071094 0.238889 0.002734 0.002083 1.000000
0 480 0.527734 0.627083 0.066406 0.234722 0.004687 0.004861 1.000000
0 481 0.533984 0.629861 0.063281 0.234722 0.006250 0.002778 1.000000
0 482 0.538672 0.634028 0.061719 0.229167 0.004687 0.004167 1.000000
0 483 0.546484 0.636111 0.060156 0.222222 0.007812 0.002083 1.000000
0 484 0.556250 0.637500 0.059375 0.227778 0.009766 0.001389 1.000000
0 485 0.561328 0.641667 0.064844 0.236111 0.005078 0.004167 1.000000
0 486 0.567578 0.645833 0.069531 0.250000 0.006250 0.004167 1.000000
0 487 0.569531 0.650000 0.075000 0.255556 0.001953 0.004167 1.000000
0 488 0.573047 0.651389 0.078906 0.261111 0.003516 0.001389 1.000000
0 489 0.577734 0.652778 0.077344 0.263889 0.004687 0.001389 1.000000
0 490 0.584375 0.654167 0.073438 0.258333 0.006641 0.001389 1.000000
0 491 0.591406 0.655556 0.067187 0.252778 0.007031 0.001389 1.000000
0 492 0.593359 0.656250 0.069531 0.248611 0.001953 0.000694 1.000000
0 493 0.592969 0.654167 0.068750 0.247222 -0.000391 -0.002083 1.000000
0 494 0.591016 0.650000 0.072656 0.241667 -0.001953 -0.004167 1.000000
0 495 0.589453 0.651389 0.072656 0.252778 -0.001563 0.001389 1.000000
0 496 0.590625 0.650694 0.068750 0.262500 0.001172 -0.000694 1.000000
0 497 0.592969 0.648611 0.065625 0.266667 0.002344 -0.002083 1.000000
0 498 0.596484 0.650694 0.067969 0.270833 0.003516 0.002083 1.000000
0 499 0.600000 0.650694 0.065625 0.268056 0.003516 0.000000 1.000000
0 500 0.601953 0.650694 0.077344 0.262500 0.001953 0.000000 1.000000
0 501 0.607812 0.647917 0.068750 0.262500 0.005859 -0.002778 1.000000
0 502 0.607422 0.650000 0.066406 0.272222 -0.000391 0.002083 1.000000
0 503 0.610156 0.651389 0.067187 0.275000 0.002734 0.001389 1.000000
0 504 0.614062 0.647917 0.073438 0.273611 0.003906 -0.003472 1.000000
0 505 0.619922 0.651389 0.085156 0.266667 0.005859 0.003472 1.000000
0 506 0.624609 0.652778 0.086719 0.266667 0.004687 0.001389 1.000000
0 507 0.633594 0.654861 0.098437 0.254167 0.008984 0.002083 1.000000
0 508 0.635547 0.655556 0.094531 0.258333 0.001953 0.000694 1.000000
0 509 0.644141 0.650694 0.088281 0.262500 0.008594 -0.004861 1.000000
0 510 0.644922 0.647917 0.086719 0.256944 0.000781 -0.002778 1.000000
0 511 0.648828 0.644444 0.077344 0.258333 0.003906 -0.003472 1.000000
0 512 0.649609 0.645833 0.069531 0.261111 0.000781 0.001389 1.000000
0 513 0.663672 0.640278 0.092969 0.241667 0.014063 -0.005556 1.000000
0 514 0.675781 0.644444 0.093750 0.241667 0.012109 0.004167 1.000000
0 515 0.682031 0.649306 0.096875 0.237500 0.006250 0.004861 1.000000
0 516 0.690234 0.654167 0.088281 0.227778 0.008203 0.004861 1.000000
0 517 0.693750 0.656944 0.081250 0.222222 0.003516 0.002778 1.000000
0 518 0.696094 0.660417 0.078125 0.212500 0.002344 0.003472 1.000000
0 519 0.698047 0.657639 0.074219 0.209722 0.001953 -0.002778 1.000000
0 520 0.698828 0.659722 0.071094 0.208333 0.000781 0.002083 1.000000
0 521 0.701562 0.659028 0.075000 0.206944 0.002734 -0.000694 1.000000
0 522 0.705469 0.659028 0.081250 0.206944 0.003906 0.000000 1.000000
0 523 0.703125 0.659028 0.078125 0.201389 -0.002344 0.000000 1.000000
0 524 0.705859 0.663194 0.089844 0.198611 0.002734 0.004167 1.000000
0 525 0.703906 0.662500 0.098437 0.194444 -0.001953 -0.000694 1.000000
0 526 0.703906 0.663889 0.107813 0.191667 0.000000 0.001389 1.000000
0 527 0.704297 0.665278 0.107031 0.188889 0.000391 0.001389 1.000000
0 528 0.701953 0.671528 0.108594 0.179167 -0.002344 0.006250 1.000000
0 529 0.697266 0.670139 0.110156 0.176389 -0.004687 -0.001389 1.000000
0 530 0.683203 0.672917 0.108594 0.173611 -0.014063 0.002778 1.000000
0 531 0.683594 0.672222 0.109375 0.175000 0.000391 -0.000694 1.000000
0 532 0.680469 0.682639 0.101562 0.193056 -0.003125 0.010417 1.000000
0 533 0.677344 0.685417 0.096875 0.201389 -0.003125 0.002778 1.000000
0 534 0.675391 0.686806 0.094531 0.204167 -0.001953 0.001389 1.000000
0 535 0.673438 0.687500 0.096875 0.205556 -0.001953 0.000694 1.000000
0 536 0.672266 0.687500 0.097656 0.202778 -0.001172 0.000000 1.000000
0 537 0.672656 0.687500 0.098437 0.202778 0.000391 0.000000 1.000000
0 538 0.669531 0.683333 0.101562 0.208333 -0.003125 -0.004167 1.000000
0 539 0.667188 0.681944 0.109375 0.208333 -0.002344 -0.001389 1.000000
0 540 0.664062 0.681250 0.114062 0.212500 -0.003125 -0.000694 1.000000
0 541 0.660937 0.677778 0.107813 0.216667 -0.003125 -0.003472 1.000000
0 542 0.654687 0.677083 0.104688 0.220833 -0.006250 -0.000694 1.000000
0 543 0.653906 0.674306 0.104688 0.226389 -0.000781 -0.002778 1.000000
0 544 0.650391 0.672222 0.103906 0.230556 -0.003516 -0.002083 1.000000
0 545 0.651953 0.670139 0.099219 0.237500 0.001563 -0.002083 1.000000
0 546 0.651953 0.673611 0.099219 0.244444 0.000000 0.003472 1.000000
0 547 0.648828 0.675000 0.096094 0.250000 -0.003125 0.001389 1.000000
0 548 0.644922 0.679861 0.086719 0.251389 -0.003906 0.004861 1.000000
0 549 0.641016 0.682639 0.078906 0.245833 -0.003906 0.002778 1.000000
0 550 0.635938 0.687500 0.078125 0.247222 -0.005078 0.004861 1.000000
0 551 0.632422 0.691667 0.080469 0.250000 -0.003516 0.004167 1.000000
0 552 0.628906 0.692361 0.085938 0.251389 -0.003516 0.000694 1.000000
0 553 0.627734 0.697222 0.089844 0.252778 -0.001172 0.004861 1.000000
0 554 0.625781 0.703472 0.090625 0.256944 -0.001953 0.006250 1.000000
0 555 0.626953 0.703472 0.086719 0.256944 0.001172 0.000000 1.000000
0 556 0.623828 0.704861 0.077344 0.256944 -0.003125 0.001389 1.000000
0 557 0.619531 0.706250 0.071875 0.256944 -0.004297 0.001389 1.000000
0 558 0.614844 0.703472 0.062500 0.259722 -0.004687 -0.002778 1.000000
0 559 0.611328 0.706250 0.052344 0.256944 -0.003516 0.002778 1.000000
0 560 0.611328 0.707639 0.052344 0.262500 0.000000 0.001389 1.000000
0 561 0.610156 0.712500 0.050000 0.266667 -0.001172 0.004861 1.000000
0 562 0.610547 0.715972 0.052344 0.270833 0.000391 0.003472 1.000000
0 563 0.608203 0.718056 0.055469 0.266667 -0.002344 0.002083 1.000000
0 564 0.605078 0.720139 0.058594 0.262500 -0.003125 0.002083 1.000000
0 565 0.597266 0.718056 0.067969 0.263889 -0.007812 -0.002083 1.000000
0 566 0.589844 0.720833 0.073438 0.263889 -0.007422 0.002778 1.000000
0 567 0.583203 0.722222 0.075781 0.261111 -0.006641 0.001389 1.000000
0 568 0.579688 0.718750 0.076563 0.256944 -0.003516 -0.003472 1.000000
0 569 0.581250 0.720833 0.082812 0.252778 0.001563 0.002083 1.000000
0 570 0.579297 0.722222 0.078906 0.252778 -0.001953 0.001389 1.000000
0 571 0.578516 0.722222 0.077344 0.250000 -0.000781 0.000000 1.000000
0 572 0.581250 0.722222 0.076563 0.250000 0.002734 0.000000 1.000000
0 573 0.578906 0.721528 0.071875 0.248611 -0.002344 -0.000694 1.000000
0 574 0.578125 0.722222 0.068750 0.247222 -0.000781 0.000694 1.000000
0 575 0.575781 0.722917 0.065625 0.245833 -0.002344 0.000694 1.000000
0 576 0.573047 0.723611 0.060156 0.244444 -0.002734 0.000694 1.000000
0 577 0.572656 0.720833 0.057813 0.247222 -0.000391 -0.002778 1.000000
0 578 0.572266 0.721528 0.057031 0.251389 -0.000391 0.000694 1.000000
0 579 0.572266 0.721528 0.057031 0.248611 0.000000 0.000000 1.000000
0 580 0.571875 0.723611 0.059375 0.250000 -0.000391 0.002083 1.000000
0 581 0.571875 0.724306 0.059375 0.248611 0.000000 0.000694 1.000000
0 582 0.572266 0.725694 0.060156 0.251389 0.000391 0.001389 1.000000
0 583 0.573438 0.726389 0.060937 0.250000 0.001172 0.000694 1.000000
0 584 0.574219 0.727778 0.060937 0.252778 0.000781 0.001389 1.000000
0 585 0.575000 0.729861 0.064062 0.254167 0.000781 0.002083 1.000000
0 586 0.575391 0.731944 0.063281 0.252778 0.000391 0.002083 1.000000
0 587 0.577344 0.731250 0.067187 0.254167 0.001953 -0.000694 1.000000
0 588 0.578516 0.735417 0.069531 0.256944 0.001172 0.004167 1.000000
0 589 0.579688 0.736111 0.075000 0.255556 0.001172 0.000694 1.000000
0 590 0.583594 0.737500 0.075000 0.255556 0.003906 0.001389 1.000000
0 591 0.590625 0.740278 0.068750 0.255556 0.007031 0.002778 1.000000
0 592 0.594141 0.738194 0.063281 0.254167 0.003516 -0.002083 1.000000
0 593 0.602344 0.739583 0.057813 0.243056 0.008203 0.001389 1.000000
0 594 0.608203 0.743056 0.050781 0.241667 0.005859 0.003472 1.000000
0 595 0.612109 0.744444 0.057031 0.238889 0.003906 0.001389 1.000000
0 596 0.615234 0.749306 0.063281 0.237500 0.003125 0.004861 1.000000
0 597 0.618750 0.752778 0.067187 0.230556 0.003516 0.003472 1.000000
0 598 0.621875 0.756944 0.071875 0.227778 0.003125 0.004167 1.000000
0 599 0.626172 0.761806 0.072656 0.231944 0.004297 0.004861 1.000000
0 600 0.632422 0.764583 0.072656 0.231944 0.006250 0.002778 1.000000
0 601 0.638672 0.790972 0.071094 0.276389 0.006250 0.026389 1.000000
0 602 0.645703 0.797917 0.069531 0.276389 0.007031 0.006944 1.000000
0 603 0.651953 0.800694 0.067969 0.279167 0.006250 0.002778 1.000000
0 604 0.658203 0.804167 0.060156 0.277778 0.006250 0.003472 1.000000
0 605 0.663281 0.810417 0.060937 0.279167 0.005078 0.006250 1.000000
0 606 0.665625 0.811806 0.067187 0.281944 0.002344 0.001389 1.000000
0 607 0.668750 0.815972 0.070312 0.284722 0.003125 0.004167 1.000000
0 608 0.671484 0.820139 0.075781 0.284722 0.002734 0.004167 1.000000
0 609 0.673438 0.821528 0.078125 0.290278 0.001953 0.001389 1.000000
0 610 0.677344 0.823611 0.081250 0.291667 0.003906 0.002083 1.000000
0 611 0.683984 0.827083 0.089844 0.293056 0.006641 0.003472 1.000000
0 612 0.694141 0.839583 0.089844 0.309722 0.010156 0.012500 1.000000
0 613 0.699609 0.840972 0.069531 0.309722 0.005469 0.001389 1.000000
0 614 0.714844 0.835417 0.057813 0.312500 0.015234 -0.005556 1.000000
0 615 0.721094 0.836111 0.051562 0.319444 0.006250 0.000694 1.000000
0 616 0.730859 0.836806 0.050781 0.323611 0.009766 0.000694 1.000000
0 617 0.737891 0.837500 0.055469 0.325000 0.007031 0.000694 1.000000
0 618 0.750391 0.838889 0.063281 0.322222 0.012500 0.001389 1.000000
0 619 0.761719 0.842361 0.067187 0.309722 0.011328 0.003472 1.000000
0 620 0.773438 0.847917 0.073438 0.304167 0.011719 0.005556 1.000000
0 621 0.783203 0.854167 0.083594 0.291667 0.009766 0.006250 1.000000
0 622 0.785937 0.856944 0.081250 0.286111 0.002734 0.002778 1.000000
0 623 0.788672 0.856250 0.080469 0.287500 0.002734 -0.000694 1.000000
0 624 0.796094 0.855556 0.087500 0.288889 0.007422 -0.000694 1.000000
0 625 0.809766 0.856250 0.096094 0.287500 0.013672 0.000694 1.000000
0 626 0.824219 0.854861 0.093750 0.290278 0.014453 -0.001389 1.000000
0 627 0.832812 0.852083 0.092188 0.295833 0.008594 -0.002778 1.000000
0 628 0.841016 0.848611 0.086719 0.302778 0.008203 -0.003472 1.000000
0 629 0.851172 0.842361 0.091406 0.315278 0.010156 -0.006250 1.000000
0 630 0.857031 0.847222 0.090625 0.305556 0.005859 0.004861 1.000000
0 631 0.871094 0.849306 0.090625 0.301389 0.014063 0.002083 1.000000
0 632 0.885938 0.852778 0.076563 0.294444 0.014844 0.003472 1.000000
0 633 0.893359 0.857639 0.074219 0.284722 0.007422 0.004861 1.000000
0 634 0.902734 0.863889 0.088281 0.272222 0.009375 0.006250 1.000000
0 635 0.914844 0.868056 0.112500 0.263889 0.012109 0.004167 1.000000
0 636 0.917969 0.868750 0.132812 0.262500 0.003125 0.000694 1.000000
0 637 0.918750 0.865278 0.142187 0.269444 0.000781 -0.003472 1.000000
0 638 0.916797 0.861111 0.152344 0.277778 -0.001953 -0.004167 1.000000
0 639 0.919922 0.861111 0.141406 0.277778 0.003125 0.000000 1.000000
0 640 0.930078 0.861806 0.136719 0.276389 0.010156 0.000694 1.000000
0 641 0.942969 0.863194 0.114062 0.273611 0.012891 0.001389 1.000000
0 642 0.956641 0.863194 0.086719 0.273611 0.013672 0.000000 1.000000
0 643 0.963281 0.876389 0.073438 0.247222 0.006641 0.013194 1.000000
0 644 0.960547 0.872222 0.078906 0.255556 -0.002734 -0.004167 1.000000
0 694 0.989062 0.558333 0.021875 0.244444 0.000570 -0.006278 1.000000
0 695 0.985156 0.554861 0.029687 0.243056 -0.003906 -0.003472 1.000000
0 696 0.975391 0.548611 0.049219 0.244444 -0.009766 -0.006250 1.000000
0 697 0.966016 0.544444 0.067969 0.241667 -0.009375 -0.004167 1.000000
0 698 0.958984 0.537500 0.082031 0.233333 -0.007031 -0.006944 1.000000
0 699 0.955859 0.536111 0.088281 0.227778 -0.003125 -0.001389 1.000000
0 700 0.956250 0.536111 0.087500 0.227778 0.000391 0.000000 1.000000
0 701 0.950000 0.531250 0.062500 0.229167 -0.006250 -0.004861 1.000000
0 702 0.946484 0.528472 0.042969 0.237500 -0.003516 -0.002778 1.000000
0 703 0.937500 0.525000 0.045312 0.241667 -0.008984 -0.003472 1.000000
0 704 0.930078 0.525000 0.042969 0.244444 -0.007422 0.000000 1.000000
0 705 0.925781 0.524306 0.050000 0.248611 -0.004297 -0.000694 1.000000
0 706 0.921875 0.523611 0.054688 0.247222 -0.003906 -0.000694 1.000000
0 707 0.920312 0.525000 0.064062 0.241667 -0.001563 0.001389 1.000000
0 708 0.917578 0.527778 0.069531 0.233333 -0.002734 0.002778 1.000000
0 709 0.915234 0.529167 0.074219 0.227778 -0.002344 0.001389 1.000000
0 710 0.912500 0.534722 0.075000 0.227778 -0.002734 0.005556 1.000000
0 711 0.908984 0.536111 0.075781 0.225000 -0.003516 0.001389 1.000000
0 712 0.902734 0.534722 0.077344 0.227778 -0.006250 -0.001389 1.000000
0 713 0.894922 0.534028 0.078906 0.223611 -0.007812 -0.000694 1.000000
0 714 0.888281 0.535417 0.078125 0.220833 -0.006641 0.001389 1.000000
0 715 0.883203 0.534028 0.071094 0.218056 -0.005078 -0.001389 1.000000
0 716 0.878516 0.528472 0.057031 0.220833 -0.004687 -0.005556 1.000000
0 717 0.870703 0.522917 0.055469 0.226389 -0.007812 -0.005556 1.000000
0 718 0.862891 0.518750 0.050781 0.229167 -0.007812 -0.004167 1.000000
0 719 0.856250 0.514583 0.051562 0.223611 -0.006641 -0.004167 1.000000
0 720 0.850391 0.513194 0.053906 0.220833 -0.005859 -0.001389 1.000000
0 721 0.848047 0.515972 0.053906 0.223611 -0.002344 0.002778 1.000000
0 722 0.844922 0.518056 0.058594 0.222222 -0.003125 0.002083 1.000000
0 723 0.841406 0.519444 0.059375 0.216667 -0.003516 0.001389 1.000000
0 724 0.837500 0.524306 0.062500 0.218056 -0.003906 0.004861 1.000000
0 725 0.836328 0.525694 0.057031 0.215278 -0.001172 0.001389 1.000000
0 726 0.834375 0.526389 0.054688 0.211111 -0.001953 0.000694 1.000000
0 727 0.830859 0.527083 0.057031 0.209722 -0.003516 0.000694 1.000000
0 728 0.826172 0.525000 0.055469 0.213889 -0.004687 -0.002083 1.000000
0 729 0.821875 0.525000 0.053125 0.216667 -0.004297 0.000000 1.000000
0 730 0.816797 0.522222 0.050781 0.216667 -0.005078 -0.002778 1.000000
0 731 0.813281 0.515972 0.048438 0.206944 -0.003516 -0.006250 1.000000
0 732 0.810156 0.512500 0.048438 0.205556 -0.003125 -0.003472 1.000000
0 733 0.806250 0.510417 0.048438 0.212500 -0.003906 -0.002083 1.000000
0 734 0.802734 0.508333 0.049219 0.208333 -0.003516 -0.002083 1.000000
0 735 0.800391 0.506250 0.053906 0.209722 -0.002344 -0.002083 1.000000
0 736 0.796484 0.505556 0.055469 0.208333 -0.003906 -0.000694 1.000000
0 737 0.792969 0.507639 0.056250 0.204167 -0.003516 0.002083 1.000000
0 738 0.790625 0.512500 0.054688 0.202778 -0.002344 0.004861 1.000000
0 739 0.787500 0.516667 0.054688 0.202778 -0.003125 0.004167 1.000000
0 740 0.786328 0.518056 0.057031 0.202778 -0.001172 0.001389 1.000000
0 741 0.782813 0.517361 0.056250 0.201389 -0.003516 -0.000694 1.000000
0 742 0.780469 0.516667 0.051562 0.202778 -0.002344 -0.000694 1.000000
0 743 0.780469 0.517361 0.045312 0.204167 0.000000 0.000694 1.000000
0 744 0.779687 0.516667 0.034375 0.211111 -0.000781 -0.000694 1.000000
0 745 0.777734 0.516667 0.028906 0.213889 -0.001953 0.000000 1.000000
0 746 0.773828 0.517361 0.030469 0.215278 -0.003906 0.000694 1.000000
0 747 0.772266 0.519444 0.033594 0.216667 -0.001563 0.002083 1.000000
0 748 0.771484 0.522917 0.036719 0.212500 -0.000781 0.003472 1.000000
0 749 0.769922 0.526389 0.041406 0.208333 -0.001563 0.003472 1.000000
0 750 0.768750 0.528472 0.043750 0.201389 -0.001172 0.002083 1.000000
0 751 0.765625 0.534722 0.046875 0.202778 -0.003125 0.006250 1.000000
0 752 0.763281 0.538889 0.045312 0.200000 -0.002344 0.004167 1.000000
0 753 0.758984 0.543056 0.047656 0.200000 -0.004297 0.004167 1.000000
0 754 0.757031 0.545833 0.042188 0.194444 -0.001953 0.002778 1.000000
0 755 0.755859 0.550000 0.038281 0.191667 -0.001172 0.004167 1.000000
0 756 0.754297 0.550000 0.035156 0.191667 -0.001563 0.000000 1.000000
0 757 0.752734 0.552083 0.033594 0.193056 -0.001563 0.002083 1.000000
0 758 0.750781 0.556250 0.035937 0.198611 -0.001953 0.004167 1.000000
0 759 0.749219 0.557639 0.042188 0.195833 -0.001563 0.001389 1.000000
0 760 0.745313 0.561806 0.043750 0.198611 -0.003906 0.004167 1.000000
0 761 0.742969 0.566667 0.046875 0.200000 -0.002344 0.004861 1.000000
0 762 0.742188 0.571528 0.045312 0.201389 -0.000781 0.004861 1.000000
0 763 0.741016 0.576389 0.044531 0.197222 -0.001172 0.004861 1.000000
0 764 0.741016 0.584722 0.044531 0.205556 0.000000 0.008333 1.000000
0 765 0.737109 0.588194 0.038281 0.204167 -0.003906 0.003472 1.000000
0 766 0.740234 0.593750 0.044531 0.209722 0.003125 0.005556 1.000000
0 767 0.735938 0.600000 0.039062 0.208333 -0.004297 0.006250 1.000000
0 768 0.737109 0.604861 0.041406 0.206944 0.001172 0.004861 1.000000
0 769 0.735156 0.611111 0.040625 0.208333 -0.001953 0.006250 1.000000
0 770 0.735938 0.615278 0.039062 0.205556 0.000781 0.004167 1.000000
0 771 0.734766 0.625694 0.042969 0.218056 -0.001172 0.010417 1.000000
0 772 0.737500 0.628472 0.048438 0.218056 0.002734 0.002778 1.000000
0 773 0.740234 0.631250 0.052344 0.218056 0.002734 0.002778 1.000000
0 774 0.735547 0.631944 0.041406 0.216667 -0.004687 0.000694 1.000000
0 775 0.735547 0.635417 0.041406 0.223611 0.000000 0.003472 1.000000
0 776 0.735156 0.637500 0.040625 0.227778 -0.000391 0.002083 1.000000
0 777 0.732812 0.640972 0.040625 0.226389 -0.002344 0.003472 1.000000
0 778 0.730859 0.643750 0.039844 0.231944 -0.001953 0.002778 1.000000
0 779 0.730469 0.645139 0.037500 0.240278 -0.000391 0.001389 1.000000
0 780 0.728125 0.645833 0.040625 0.238889 -0.002344 0.000694 1.000000
0 781 0.726953 0.649306 0.041406 0.234722 -0.001172 0.003472 1.000000
0 782 0.725781 0.652083 0.043750 0.237500 -0.001172 0.002778 1.000000
0 783 0.723828 0.651389 0.044531 0.238889 -0.001953 -0.000694 1.000000
0 784 0.722266 0.652083 0.044531 0.243056 -0.001563 0.000694 1.000000
0 785 0.721484 0.653472 0.042969 0.240278 -0.000781 0.001389 1.000000
0 786 0.720313 0.656250 0.043750 0.240278 -0.001172 0.002778 1.000000
0 787 0.717578 0.656250 0.044531 0.240278 -0.002734 0.000000 1.000000
0 788 0.715234 0.655556 0.046094 0.238889 -0.002344 -0.000694 1.000000
0 789 0.712891 0.655556 0.047656 0.238889 -0.002344 0.000000 1.000000
0 790 0.711328 0.656944 0.050781 0.236111 -0.001563 0.001389 1.000000
0 791 0.708203 0.656250 0.053906 0.234722 -0.003125 -0.000694 1.000000
0 792 0.706250 0.655556 0.056250 0.236111 -0.001953 -0.000694 1.000000
0 793 0.703516 0.656944 0.057031 0.236111 -0.002734 0.001389 1.000000
0 794 0.700781 0.655556 0.054688 0.233333 -0.002734 -0.001389 1.000000
0 795 0.698047 0.656944 0.060156 0.230556 -0.002734 0.001389 1.000000
0 796 0.694141 0.659722 0.064844 0.230556 -0.003906 0.002778 1.000000
0 797 0.690234 0.661806 0.069531 0.234722 -0.003906 0.002083 1.000000
0 798 0.687891 0.662500 0.069531 0.236111 -0.002344 0.000694 1.000000
0 799 0.687109 0.661806 0.069531 0.240278 -0.000781 -0.000694 1.000000
0 800 0.685156 0.664583 0.067187 0.234722 -0.001953 0.002778 1.000000
0 801 0.682422 0.662500 0.064844 0.236111 -0.002734 -0.002083 1.000000
0 802 0.680469 0.661806 0.064062 0.240278 -0.001953 -0.000694 1.000000
0 803 0.676562 0.659722 0.059375 0.241667 -0.003906 -0.002083 1.000000
0 804 0.673438 0.659722 0.053125 0.244444 -0.003125 0.000000 1.000000
0 805 0.669531 0.659722 0.048438 0.241667 -0.003906 0.000000 1.000000
0 806 0.666406 0.659028 0.043750 0.245833 -0.003125 -0.000694 1.000000
0 807 0.666406 0.657639 0.045312 0.245833 0.000000 -0.001389 1.000000
0 808 0.664453 0.659028 0.042969 0.245833 -0.001953 0.001389 1.000000
0 809 0.665234 0.659028 0.042969 0.245833 0.000781 0.000000 1.000000
0 810 0.664062 0.656944 0.042188 0.250000 -0.001172 -0.002083 1.000000
0 811 0.662891 0.655556 0.042969 0.252778 -0.001172 -0.001389 1.000000
0 812 0.663672 0.656250 0.042969 0.248611 0.000781 0.000694 1.000000
0 813 0.663672 0.656944 0.042969 0.250000 0.000000 0.000694 1.000000
0 814 0.663672 0.656944 0.042969 0.250000 0.000000 0.000000 1.000000
0 815 0.663672 0.656250 0.041406 0.251389 0.000000 -0.000694 1.000000
0 816 0.663281 0.656250 0.042188 0.251389 -0.000391 0.000000 1.000000
0 817 0.663672 0.656250 0.042969 0.251389 0.000391 0.000000 1.000000
0 818 0.664062 0.656250 0.042188 0.251389 0.000391 0.000000 1.000000
0 819 0.664062 0.654861 0.043750 0.254167 0.000000 -0.001389 1.000000
0 820 0.663672 0.656250 0.042969 0.254167 -0.000391 0.001389 1.000000
0 821 0.663672 0.656250 0.044531 0.251389 0.000000 0.000000 1.000000
0 822 0.662891 0.655556 0.044531 0.252778 -0.000781 -0.000694 1.000000
0 823 0.664062 0.655556 0.043750 0.252778 0.001172 0.000000 1.000000
0 824 0.662500 0.654167 0.045312 0.255556 -0.001563 -0.001389 1.000000
0 825 0.662891 0.654167 0.046094 0.255556 0.000391 0.000000 1.000000
