0 1 0.658594 0.584028 0.018750 0.165278 1.000000
0 2 0.641016 0.584028 0.021094 0.165278 1.000000
0 3 0.621875 0.584028 0.021875 0.165278 1.000000
0 4 0.601172 0.583333 0.022656 0.166667 1.000000
0 5 0.578906 0.583333 0.021875 0.169444 1.000000
0 6 0.556641 0.583333 0.022656 0.169444 1.000000
0 7 0.535156 0.583333 0.023438 0.169444 1.000000
0 8 0.514062 0.582639 0.021875 0.173611 1.000000
0 9 0.494141 0.582639 0.022656 0.173611 1.000000
0 10 0.473438 0.581944 0.021875 0.175000 1.000000
0 11 0.453906 0.581250 0.020313 0.176389 1.000000
0 12 0.435547 0.579167 0.019531 0.177778 1.000000
0 13 0.419141 0.579861 0.021094 0.179167 1.000000
0 14 0.404297 0.579167 0.021094 0.180556 1.000000
0 15 0.391797 0.579861 0.024219 0.181944 1.000000
0 16 0.378516 0.579861 0.024219 0.181944 1.000000
0 17 0.366406 0.580556 0.025000 0.183333 1.000000
0 18 0.358203 0.581250 0.027344 0.184722 1.000000
0 19 0.350000 0.581944 0.028125 0.186111 1.000000
0 20 0.344141 0.582639 0.028906 0.187500 1.000000
0 21 0.341016 0.582639 0.030469 0.187500 1.000000
0 22 0.337500 0.582639 0.029687 0.187500 1.000000
0 23 0.335938 0.582639 0.029687 0.187500 1.000000
0 24 0.334766 0.582639 0.030469 0.187500 1.000000
0 25 0.333984 0.582639 0.030469 0.187500 1.000000
0 26 0.334766 0.582639 0.030469 0.187500 1.000000
0 27 0.336328 0.582639 0.032031 0.187500 1.000000
0 28 0.336719 0.582639 0.035937 0.187500 1.000000
0 29 0.340234 0.581944 0.035156 0.186111 1.000000
0 30 0.343359 0.581944 0.035156 0.186111 1.000000
0 31 0.347266 0.581944 0.035156 0.186111 1.000000
0 32 0.351953 0.581944 0.035156 0.186111 1.000000
0 33 0.357031 0.581944 0.035937 0.186111 1.000000
0 34 0.362109 0.582639 0.036719 0.187500 1.000000
0 35 0.367578 0.582639 0.036719 0.187500 1.000000
0 36 0.373437 0.583333 0.035937 0.188889 1.000000
0 37 0.378516 0.584722 0.036719 0.186111 1.000000
0 38 0.383203 0.584028 0.036719 0.184722 1.000000
0 39 0.387891 0.582639 0.036719 0.184722 1.000000
0 40 0.392969 0.581944 0.037500 0.186111 1.000000
0 41 0.398047 0.581944 0.038281 0.186111 1.000000
0 42 0.402734 0.581944 0.036719 0.186111 1.000000
0 43 0.408203 0.581250 0.038281 0.184722 1.000000
0 44 0.412500 0.581250 0.039062 0.181944 1.000000
0 45 0.416016 0.582639 0.039844 0.179167 1.000000
0 46 0.419922 0.582639 0.039844 0.179167 1.000000
0 47 0.424609 0.578472 0.038281 0.187500 1.000000
0 48 0.428125 0.580556 0.037500 0.183333 1.000000
0 49 0.430859 0.579861 0.038281 0.181944 1.000000
0 50 0.433984 0.581250 0.038281 0.176389 1.000000
0 51 0.436719 0.581944 0.039062 0.175000 1.000000
0 52 0.439844 0.581250 0.039062 0.176389 1.000000
0 53 0.442969 0.581250 0.039062 0.176389 1.000000
0 54 0.446094 0.579861 0.039062 0.176389 1.000000
0 55 0.449219 0.578472 0.039062 0.176389 1.000000
0 56 0.451562 0.577083 0.035937 0.179167 1.000000
0 57 0.455078 0.573611 0.035156 0.183333 1.000000
0 58 0.458984 0.572222 0.033594 0.188889 1.000000
0 59 0.462891 0.570833 0.032031 0.186111 1.000000
0 60 0.467578 0.570139 0.032031 0.179167 1.000000
0 61 0.471094 0.570139 0.032813 0.179167 1.000000
0 62 0.476562 0.573611 0.032813 0.175000 1.000000
0 63 0.482812 0.572917 0.034375 0.168056 1.000000
0 64 0.489453 0.575694 0.036719 0.165278 1.000000
0 65 0.494141 0.578472 0.038281 0.165278 1.000000
0 66 0.500000 0.579167 0.037500 0.166667 1.000000
0 67 0.506250 0.579167 0.037500 0.169444 1.000000
0 68 0.512891 0.579167 0.036719 0.172222 1.000000
0 69 0.519531 0.577778 0.037500 0.175000 1.000000
0 70 0.527344 0.573611 0.037500 0.169444 1.000000
0 71 0.535156 0.568750 0.037500 0.162500 1.000000
0 72 0.542969 0.565972 0.037500 0.159722 1.000000
0 73 0.550000 0.564583 0.037500 0.159722 1.000000
0 74 0.556250 0.563194 0.039062 0.156944 1.000000
0 75 0.560156 0.564583 0.043750 0.154167 1.000000
0 76 0.564844 0.565278 0.054688 0.152778 1.000000
0 77 0.571094 0.563889 0.068750 0.150000 1.000000
0 78 0.575391 0.563194 0.077344 0.151389 1.000000
0 79 0.576172 0.562500 0.078906 0.152778 1.000000
0 80 0.579688 0.561806 0.082812 0.154167 1.000000
0 81 0.582422 0.558333 0.080469 0.150000 1.000000
0 82 0.584766 0.558333 0.077344 0.150000 1.000000
0 83 0.588672 0.558333 0.074219 0.150000 1.000000
0 84 0.589453 0.555556 0.066406 0.155556 1.000000
0 85 0.591406 0.550694 0.062500 0.162500 1.000000
0 86 0.593359 0.548611 0.057031 0.166667 1.000000
0 87 0.594922 0.547917 0.053906 0.168056 1.000000
0 88 0.596094 0.546528 0.054688 0.168056 1.000000
0 89 0.596875 0.547222 0.054688 0.172222 1.000000
0 90 0.596875 0.548611 0.054688 0.177778 1.000000
0 91 0.598437 0.548611 0.054688 0.177778 1.000000
0 92 0.600000 0.548611 0.051562 0.177778 1.000000
0 93 0.600781 0.548611 0.050000 0.177778 1.000000
0 94 0.600391 0.548611 0.046094 0.175000 1.000000
0 95 0.601953 0.554861 0.049219 0.168056 1.000000
0 96 0.601562 0.556944 0.051562 0.161111 1.000000
0 97 0.600391 0.559722 0.052344 0.155556 1.000000
0 98 0.599219 0.564583 0.051562 0.151389 1.000000
0 99 0.597656 0.568750 0.054688 0.151389 1.000000
0 100 0.598047 0.572917 0.053906 0.151389 1.000000
0 101 0.595703 0.577083 0.057031 0.156944 1.000000
0 102 0.593750 0.579861 0.059375 0.159722 1.000000
0 103 0.592187 0.585417 0.059375 0.162500 1.000000
0 104 0.588281 0.590972 0.053125 0.162500 1.000000
0 105 0.583594 0.594444 0.050000 0.158333 1.000000
0 106 0.580469 0.597222 0.046875 0.152778 1.000000
0 107 0.577734 0.599306 0.044531 0.148611 1.000000
0 108 0.574609 0.601389 0.039844 0.144444 1.000000
0 109 0.570703 0.602778 0.033594 0.141667 1.000000
0 110 0.568359 0.600694 0.030469 0.145833 1.000000
0 111 0.568359 0.599306 0.033594 0.148611 1.000000
0 112 0.567187 0.599306 0.035937 0.148611 1.000000
0 113 0.564453 0.598611 0.033594 0.150000 1.000000
0 114 0.563672 0.597222 0.033594 0.152778 1.000000
0 115 0.562109 0.595833 0.032031 0.158333 1.000000
0 116 0.561328 0.594444 0.033594 0.158333 1.000000
0 117 0.557813 0.593056 0.028125 0.161111 1.000000
0 118 0.552344 0.592361 0.029687 0.162500 1.000000
0 119 0.549219 0.592361 0.032813 0.162500 1.000000
0 120 0.544531 0.590278 0.034375 0.166667 1.000000
0 121 0.542969 0.586111 0.037500 0.169444 1.000000
0 122 0.541406 0.581944 0.042188 0.169444 1.000000
0 123 0.540234 0.578472 0.044531 0.173611 1.000000
0 124 0.539453 0.575000 0.041406 0.172222 1.000000
0 125 0.537891 0.574306 0.039844 0.176389 1.000000
0 126 0.533594 0.572222 0.043750 0.177778 1.000000
0 127 0.528906 0.569444 0.037500 0.183333 1.000000
0 128 0.525391 0.566667 0.033594 0.183333 1.000000
0 129 0.523438 0.562500 0.032813 0.183333 1.000000
0 130 0.521875 0.559722 0.032813 0.183333 1.000000
0 131 0.521484 0.560417 0.030469 0.187500 1.000000
0 132 0.520312 0.558333 0.029687 0.183333 1.000000
0 133 0.519531 0.557639 0.029687 0.181944 1.000000
0 134 0.516797 0.552083 0.033594 0.173611 1.000000
0 135 0.515234 0.547222 0.033594 0.169444 1.000000
0 136 0.514844 0.543056 0.031250 0.172222 1.000000
0 137 0.513281 0.540278 0.031250 0.169444 1.000000
0 138 0.509375 0.538889 0.031250 0.166667 1.000000
0 139 0.505078 0.538889 0.030469 0.166667 1.000000
0 140 0.503125 0.537500 0.029687 0.166667 1.000000
0 141 0.502344 0.534722 0.031250 0.172222 1.000000
0 142 0.500781 0.532639 0.031250 0.176389 1.000000
0 143 0.499219 0.529167 0.031250 0.175000 1.000000
0 144 0.497266 0.528472 0.030469 0.176389 1.000000
0 145 0.495703 0.525000 0.028906 0.172222 1.000000
0 146 0.492969 0.522917 0.025000 0.165278 1.000000
0 147 0.493750 0.521528 0.029687 0.165278 1.000000
0 148 0.489063 0.518750 0.034375 0.165278 1.000000
0 149 0.486328 0.516667 0.036719 0.169444 1.000000
0 150 0.482422 0.514583 0.039844 0.170833 1.000000
0 151 0.478125 0.511806 0.045312 0.165278 1.000000
0 152 0.475000 0.510417 0.045312 0.162500 1.000000
0 153 0.471484 0.509028 0.044531 0.154167 1.000000
0 154 0.467969 0.506944 0.040625 0.150000 1.000000
0 155 0.464844 0.506944 0.040625 0.150000 1.000000
0 156 0.461719 0.505556 0.042188 0.150000 1.000000
0 157 0.458594 0.505556 0.040625 0.152778 1.000000
0 158 0.456250 0.504167 0.039062 0.152778 1.000000
0 159 0.453906 0.502778 0.040625 0.150000 1.000000
0 160 0.452344 0.502083 0.042188 0.148611 1.000000
0 161 0.450000 0.499306 0.042188 0.145833 1.000000
0 162 0.447656 0.496528 0.042188 0.145833 1.000000
0 163 0.445703 0.490972 0.041406 0.148611 1.000000
0 164 0.443359 0.485417 0.039844 0.151389 1.000000
0 165 0.437891 0.481944 0.035156 0.150000 1.000000
0 166 0.434766 0.479167 0.035156 0.150000 1.000000
0 167 0.430859 0.478472 0.033594 0.151389 1.000000
0 168 0.426953 0.477778 0.033594 0.150000 1.000000
0 169 0.423828 0.479167 0.036719 0.150000 1.000000
0 170 0.421875 0.481944 0.043750 0.144444 1.000000
0 171 0.419922 0.484028 0.049219 0.131944 1.000000
0 172 0.415625 0.486806 0.057813 0.126389 1.000000
0 173 0.410547 0.488194 0.060156 0.123611 1.000000
0 174 0.405078 0.487500 0.060156 0.125000 1.000000
0 175 0.398438 0.486806 0.059375 0.129167 1.000000
0 176 0.393750 0.486806 0.056250 0.131944 1.000000
0 177 0.389062 0.487500 0.053125 0.130556 1.000000
0 178 0.385937 0.486806 0.053125 0.131944 1.000000
0 179 0.384766 0.488194 0.049219 0.131944 1.000000
0 180 0.383594 0.487500 0.043750 0.133333 1.000000
0 181 0.382422 0.487500 0.039844 0.133333 1.000000
0 182 0.380469 0.484028 0.040625 0.140278 1.000000
0 183 0.378906 0.481944 0.040625 0.138889 1.000000
0 184 0.377344 0.481250 0.039062 0.140278 1.000000
0 185 0.375391 0.484722 0.038281 0.150000 1.000000
0 186 0.374609 0.488194 0.035156 0.154167 1.000000
0 187 0.374219 0.490278 0.032813 0.152778 1.000000
0 188 0.372266 0.492361 0.030469 0.148611 1.000000
0 189 0.371484 0.493750 0.030469 0.145833 1.000000
0 190 0.372266 0.493750 0.030469 0.145833 1.000000
0 191 0.372266 0.493750 0.032031 0.145833 1.000000
0 192 0.373828 0.492361 0.033594 0.145833 1.000000
0 193 0.373047 0.491667 0.033594 0.150000 1.000000
0 194 0.371484 0.491667 0.035156 0.150000 1.000000
0 195 0.370703 0.493056 0.036719 0.150000 1.000000
0 196 0.372266 0.494444 0.039844 0.150000 1.000000
0 197 0.371484 0.494444 0.041406 0.150000 1.000000
0 198 0.370703 0.490972 0.041406 0.154167 1.000000
0 199 0.369141 0.493056 0.039844 0.161111 1.000000
0 200 0.365625 0.494444 0.037500 0.166667 1.000000
0 201 0.364844 0.497917 0.037500 0.173611 1.000000
0 202 0.362891 0.498611 0.038281 0.172222 1.000000
0 203 0.362891 0.502778 0.038281 0.175000 1.000000
0 204 0.363281 0.508333 0.037500 0.180556 1.000000
0 205 0.365625 0.511111 0.032813 0.172222 1.000000
0 206 0.365625 0.518750 0.032813 0.173611 1.000000
0 207 0.365625 0.522222 0.031250 0.172222 1.000000
0 208 0.364063 0.525000 0.031250 0.169444 1.000000
0 209 0.362500 0.525000 0.031250 0.169444 1.000000
0 210 0.360547 0.523611 0.032031 0.169444 1.000000
0 211 0.358594 0.521528 0.032813 0.176389 1.000000
0 212 0.356641 0.520139 0.033594 0.176389 1.000000
0 213 0.353516 0.516667 0.036719 0.183333 1.000000
0 214 0.350391 0.515278 0.033594 0.183333 1.000000
0 215 0.348047 0.515278 0.030469 0.183333 1.000000
0 216 0.346484 0.516667 0.027344 0.183333 1.000000
0 217 0.345313 0.519444 0.026562 0.183333 1.000000
0 218 0.342578 0.522917 0.030469 0.181944 1.000000
0 219 0.342969 0.528472 0.037500 0.179167 1.000000
0 220 0.342187 0.530556 0.039062 0.175000 1.000000
0 221 0.342187 0.532639 0.039062 0.173611 1.000000
0 222 0.342578 0.531944 0.036719 0.172222 1.000000
0 223 0.343359 0.531944 0.036719 0.172222 1.000000
0 224 0.344531 0.531944 0.035937 0.172222 1.000000
0 225 0.346094 0.531944 0.035937 0.172222 1.000000
0 226 0.348828 0.531944 0.036719 0.172222 1.000000
0 227 0.350391 0.531944 0.036719 0.172222 1.000000
0 228 0.352734 0.531944 0.038281 0.172222 1.000000
0 229 0.355469 0.533333 0.037500 0.169444 1.000000
0 230 0.359766 0.536111 0.039844 0.163889 1.000000
0 231 0.363281 0.542361 0.042188 0.159722 1.000000
0 232 0.366016 0.545139 0.044531 0.159722 1.000000
0 233 0.368359 0.546528 0.044531 0.151389 1.000000
0 234 0.369922 0.547917 0.046094 0.151389 1.000000
0 235 0.371484 0.547917 0.047656 0.151389 1.000000
0 236 0.373437 0.546528 0.048438 0.151389 1.000000
0 237 0.378125 0.545139 0.050000 0.154167 1.000000
0 238 0.381250 0.543750 0.051562 0.156944 1.000000
0 239 0.381250 0.540278 0.056250 0.161111 1.000000
0 240 0.378125 0.537500 0.056250 0.166667 1.000000
0 241 0.376563 0.535417 0.053125 0.170833 1.000000
0 242 0.377344 0.531250 0.051562 0.176389 1.000000
0 243 0.378516 0.527083 0.050781 0.179167 1.000000
0 244 0.380469 0.523611 0.048438 0.180556 1.000000
0 245 0.380469 0.522222 0.048438 0.180556 1.000000
0 246 0.381250 0.523611 0.037500 0.183333 1.000000
0 247 0.378125 0.521528 0.032813 0.179167 1.000000
0 248 0.371875 0.518750 0.032813 0.173611 1.000000
0 249 0.371875 0.518750 0.037500 0.173611 1.000000
0 250 0.373047 0.515972 0.036719 0.179167 1.000000
0 251 0.375391 0.515278 0.039844 0.177778 1.000000
0 252 0.377734 0.511806 0.044531 0.176389 1.000000
0 253 0.376563 0.513889 0.039062 0.180556 1.000000
0 254 0.372656 0.509722 0.035937 0.169444 1.000000
0 255 0.369531 0.507639 0.031250 0.168056 1.000000
0 256 0.367188 0.504167 0.032813 0.169444 1.000000
0 257 0.366406 0.500000 0.032813 0.169444 1.000000
0 258 0.365234 0.496528 0.030469 0.168056 1.000000
0 259 0.364844 0.494444 0.029687 0.166667 1.000000
0 260 0.364844 0.494444 0.031250 0.166667 1.000000
0 261 0.364844 0.494444 0.031250 0.166667 1.000000
0 262 0.362891 0.490972 0.033594 0.162500 1.000000
0 263 0.360547 0.491667 0.036719 0.169444 1.000000
0 264 0.357812 0.488889 0.040625 0.169444 1.000000
0 265 0.355078 0.487500 0.036719 0.172222 1.000000
0 266 0.353906 0.486111 0.035937 0.169444 1.000000
0 267 0.353125 0.483333 0.037500 0.163889 1.000000
0 268 0.351562 0.481250 0.039062 0.156944 1.000000
0 269 0.351562 0.480556 0.037500 0.155556 1.000000
0 270 0.350000 0.478472 0.035937 0.154167 1.000000
0 271 0.350000 0.477083 0.035937 0.156944 1.000000
0 272 0.348438 0.477083 0.034375 0.156944 1.000000
0 273 0.346484 0.475694 0.033594 0.156944 1.000000
0 274 0.346484 0.473611 0.039844 0.152778 1.000000
0 275 0.344531 0.471528 0.040625 0.148611 1.000000
0 276 0.341406 0.470139 0.043750 0.145833 1.000000
0 277 0.337891 0.468056 0.042969 0.147222 1.000000
0 278 0.335547 0.466667 0.042969 0.152778 1.000000
0 279 0.333984 0.463194 0.041406 0.148611 1.000000
0 280 0.332031 0.461111 0.040625 0.144444 1.000000
0 281 0.330078 0.459722 0.041406 0.141667 1.000000
0 282 0.328516 0.459722 0.041406 0.138889 1.000000
0 283 0.326562 0.459028 0.042188 0.131944 1.000000
0 284 0.326172 0.462500 0.046094 0.127778 1.000000
0 285 0.325000 0.463194 0.048438 0.126389 1.000000
0 286 0.323437 0.463194 0.048438 0.126389 1.000000
0 287 0.321094 0.459722 0.048438 0.130556 1.000000
0 288 0.321484 0.457639 0.049219 0.134722 1.000000
0 289 0.323047 0.456250 0.047656 0.134722 1.000000
0 290 0.326172 0.454861 0.047656 0.134722 1.000000
0 291 0.328906 0.453472 0.040625 0.134722 1.000000
0 292 0.330859 0.452083 0.033594 0.131944 1.000000
0 293 0.332422 0.452083 0.028906 0.131944 1.000000
0 294 0.334375 0.454167 0.031250 0.127778 1.000000
0 295 0.336719 0.456250 0.039062 0.123611 1.000000
0 296 0.338672 0.457639 0.047656 0.120833 1.000000
0 297 0.340625 0.458333 0.054688 0.119444 1.000000
0 298 0.342578 0.456944 0.060156 0.119444 1.000000
0 299 0.343750 0.454167 0.062500 0.127778 1.000000
0 300 0.346094 0.452778 0.064062 0.130556 1.000000
0 301 0.348047 0.452778 0.060156 0.130556 1.000000
0 302 0.350391 0.453472 0.053906 0.131944 1.000000
0 303 0.353125 0.454167 0.046875 0.130556 1.000000
0 304 0.356250 0.454167 0.037500 0.130556 1.000000
0 305 0.368359 0.454167 0.038281 0.130556 1.000000
0 306 0.371484 0.453472 0.050781 0.134722 1.000000
0 307 0.374219 0.455556 0.057813 0.141667 1.000000
0 308 0.376172 0.457639 0.060156 0.148611 1.000000
0 309 0.380469 0.458333 0.062500 0.150000 1.000000
0 310 0.383984 0.460417 0.058594 0.151389 1.000000
0 311 0.388672 0.462500 0.053906 0.150000 1.000000
0 312 0.393359 0.464583 0.050781 0.145833 1.000000
0 313 0.400000 0.464583 0.043750 0.143056 1.000000
0 314 0.404297 0.464583 0.035156 0.143056 1.000000
0 315 0.407813 0.464583 0.032813 0.143056 1.000000
0 316 0.413672 0.465972 0.038281 0.148611 1.000000
0 317 0.418359 0.467361 0.038281 0.154167 1.000000
0 318 0.420703 0.468056 0.039844 0.152778 1.000000
0 319 0.423438 0.474306 0.040625 0.151389 1.000000
0 320 0.425781 0.477778 0.039062 0.158333 1.000000
0 321 0.427734 0.475694 0.036719 0.151389 1.000000
0 322 0.430469 0.475694 0.035937 0.151389 1.000000
0 323 0.431641 0.475000 0.036719 0.152778 1.000000
0 324 0.431250 0.472917 0.032813 0.154167 1.000000
0 325 0.432031 0.475694 0.034375 0.159722 1.000000
0 326 0.434375 0.475694 0.035937 0.159722 1.000000
0 327 0.435937 0.482639 0.035937 0.168056 1.000000
0 328 0.438672 0.484028 0.038281 0.165278 1.000000
0 329 0.438672 0.488889 0.035156 0.163889 1.000000
0 330 0.438672 0.491667 0.035156 0.163889 1.000000
0 331 0.441797 0.491667 0.036719 0.158333 1.000000
0 332 0.441406 0.493056 0.034375 0.158333 1.000000
0 333 0.440625 0.492361 0.032813 0.156944 1.000000
0 334 0.440234 0.491667 0.033594 0.158333 1.000000
0 335 0.439844 0.491667 0.031250 0.158333 1.000000
0 336 0.437500 0.492361 0.032813 0.156944 1.000000
0 337 0.435156 0.493056 0.032813 0.155556 1.000000
0 338 0.433594 0.495833 0.031250 0.152778 1.000000
0 339 0.431250 0.498611 0.029687 0.152778 1.000000
0 340 0.428125 0.497222 0.029687 0.147222 1.000000
0 341 0.424219 0.499306 0.031250 0.151389 1.000000
0 342 0.420703 0.501389 0.032031 0.158333 1.000000
0 343 0.416016 0.500694 0.032031 0.156944 1.000000
0 344 0.412500 0.500694 0.037500 0.156944 1.000000
0 345 0.413672 0.502083 0.033594 0.159722 1.000000
0 346 0.412891 0.507639 0.033594 0.162500 1.000000
0 347 0.411719 0.513889 0.032813 0.169444 1.000000
0 348 0.410156 0.515972 0.034375 0.165278 1.000000
0 349 0.407031 0.517361 0.037500 0.162500 1.000000
0 350 0.406250 0.517361 0.037500 0.162500 1.000000
0 351 0.407422 0.517361 0.033594 0.162500 1.000000
0 352 0.407031 0.517361 0.032813 0.162500 1.000000
0 353 0.407031 0.517361 0.032813 0.162500 1.000000
0 354 0.407031 0.516667 0.032813 0.163889 1.000000
0 355 0.407031 0.516667 0.032813 0.163889 1.000000
0 356 0.407031 0.518056 0.032813 0.163889 1.000000
0 357 0.407813 0.519444 0.032813 0.163889 1.000000
0 358 0.407813 0.520139 0.032813 0.159722 1.000000
0 359 0.407813 0.519444 0.032813 0.158333 1.000000
0 360 0.407813 0.520139 0.032813 0.159722 1.000000
0 361 0.407422 0.520833 0.033594 0.158333 1.000000
0 362 0.406641 0.520833 0.035156 0.158333 1.000000
0 363 0.405859 0.520833 0.036719 0.158333 1.000000
0 364 0.405469 0.520139 0.037500 0.156944 1.000000
0 365 0.405078 0.520139 0.039844 0.156944 1.000000
0 366 0.405078 0.521528 0.042969 0.156944 1.000000
0 367 0.404297 0.522917 0.042969 0.156944 1.000000
0 368 0.402734 0.522917 0.042969 0.156944 1.000000
0 369 0.401562 0.522917 0.042188 0.156944 1.000000
0 370 0.400781 0.522917 0.040625 0.156944 1.000000
0 371 0.400391 0.522222 0.038281 0.158333 1.000000
0 372 0.400000 0.521528 0.035937 0.159722 1.000000
0 373 0.396484 0.520139 0.035156 0.162500 1.000000
0 374 0.392188 0.519444 0.034375 0.163889 1.000000
0 375 0.388281 0.518750 0.029687 0.165278 1.000000
0 376 0.383203 0.518750 0.030469 0.165278 1.000000
0 377 0.379297 0.518056 0.033594 0.163889 1.000000
0 378 0.378906 0.520139 0.040625 0.162500 1.000000
0 379 0.378906 0.519444 0.046875 0.161111 1.000000
0 380 0.376953 0.519444 0.049219 0.161111 1.000000
0 381 0.375781 0.519444 0.051562 0.161111 1.000000
0 382 0.374609 0.519444 0.050781 0.161111 1.000000
0 383 0.373828 0.515972 0.050781 0.159722 1.000000
0 384 0.371484 0.515278 0.044531 0.163889 1.000000
0 385 0.372266 0.515278 0.044531 0.163889 1.000000
0 386 0.368359 0.515278 0.036719 0.163889 1.000000
0 387 0.367969 0.513194 0.035937 0.162500 1.000000
0 388 0.369141 0.513194 0.038281 0.162500 1.000000
0 389 0.366406 0.513889 0.046875 0.152778 1.000000
0 390 0.364453 0.513194 0.053906 0.151389 1.000000
0 391 0.365234 0.512500 0.057031 0.150000 1.000000
0 392 0.364453 0.512500 0.058594 0.150000 1.000000
0 393 0.364844 0.511111 0.056250 0.150000 1.000000
0 394 0.365625 0.510417 0.051562 0.148611 1.000000
0 395 0.365234 0.509028 0.044531 0.151389 1.000000
0 396 0.364063 0.507639 0.040625 0.151389 1.000000
0 397 0.360156 0.504861 0.035937 0.154167 1.000000
0 398 0.359766 0.504861 0.036719 0.154167 1.000000
0 399 0.359766 0.503472 0.036719 0.154167 1.000000
0 400 0.358203 0.505556 0.039844 0.152778 1.000000
0 401 0.355078 0.504861 0.046094 0.151389 1.000000
0 402 0.351953 0.504861 0.049219 0.145833 1.000000
0 403 0.348828 0.504861 0.052344 0.145833 1.000000
0 404 0.349219 0.504167 0.057813 0.144444 1.000000
0 405 0.351172 0.503472 0.060156 0.143056 1.000000
0 406 0.353906 0.503472 0.059375 0.143056 1.000000
0 407 0.354687 0.503472 0.056250 0.143056 1.000000
0 408 0.353906 0.502083 0.048438 0.143056 1.000000
0 409 0.353125 0.500694 0.042188 0.143056 1.000000
0 410 0.351172 0.498611 0.035156 0.144444 1.000000
0 411 0.350391 0.497222 0.036719 0.144444 1.000000
0 412 0.348828 0.495833 0.039844 0.141667 1.000000
0 413 0.346875 0.495139 0.043750 0.140278 1.000000
0 414 0.347656 0.493750 0.050000 0.137500 1.000000
0 415 0.348828 0.492361 0.055469 0.134722 1.000000
0 416 0.351562 0.491667 0.059375 0.136111 1.000000
0 417 0.353516 0.490972 0.061719 0.134722 1.000000
0 418 0.355469 0.489583 0.064062 0.134722 1.000000
0 419 0.360547 0.486806 0.060156 0.137500 1.000000
0 420 0.362500 0.484722 0.059375 0.138889 1.000000
0 421 0.365234 0.481944 0.057031 0.144444 1.000000
0 422 0.367969 0.478472 0.051562 0.148611 1.000000
0 423 0.370312 0.475694 0.050000 0.151389 1.000000
0 424 0.372656 0.473611 0.050000 0.150000 1.000000
0 425 0.374609 0.472222 0.050781 0.147222 1.000000
0 426 0.378125 0.472222 0.051562 0.147222 1.000000
0 427 0.380859 0.473611 0.050781 0.144444 1.000000
0 428 0.384766 0.477083 0.055469 0.143056 1.000000
0 429 0.389062 0.481250 0.054688 0.143056 1.000000
0 430 0.391406 0.485417 0.054688 0.134722 1.000000
0 431 0.396875 0.489583 0.056250 0.126389 1.000000
0 432 0.400781 0.491667 0.057813 0.119444 1.000000
0 433 0.404687 0.495139 0.057813 0.112500 1.000000
0 434 0.408984 0.496528 0.058594 0.106944 1.000000
0 435 0.412109 0.497917 0.058594 0.104167 1.000000
0 436 0.415625 0.497222 0.057813 0.102778 1.000000
0 437 0.419141 0.497222 0.058594 0.102778 1.000000
0 438 0.422656 0.495139 0.054688 0.104167 1.000000
0 439 0.426172 0.495139 0.052344 0.104167 1.000000
0 440 0.429688 0.494444 0.051562 0.102778 1.000000
0 441 0.431641 0.493750 0.052344 0.101389 1.000000
0 442 0.432812 0.493750 0.053125 0.101389 1.000000
0 443 0.432812 0.493750 0.053125 0.101389 1.000000
0 444 0.432031 0.492361 0.051562 0.104167 1.000000
0 445 0.431641 0.490972 0.049219 0.106944 1.000000
0 446 0.431641 0.490278 0.049219 0.108333 1.000000
0 447 0.431250 0.487500 0.050000 0.113889 1.000000
0 448 0.430859 0.486806 0.050781 0.115278 1.000000
0 449 0.430859 0.485417 0.050781 0.118056 1.000000
0 450 0.430859 0.484028 0.050781 0.123611 1.000000
0 451 0.431250 0.481944 0.050000 0.125000 1.000000
0 452 0.432031 0.478472 0.048438 0.131944 1.000000
0 453 0.433594 0.476389 0.043750 0.130556 1.000000
0 454 0.433203 0.470833 0.042969 0.133333 1.000000
0 455 0.433594 0.468056 0.042188 0.130556 1.000000
0 456 0.431641 0.466667 0.036719 0.127778 1.000000
0 457 0.429297 0.466667 0.035156 0.127778 1.000000
0 458 0.425781 0.465278 0.034375 0.130556 1.000000
0 459 0.425391 0.465278 0.036719 0.130556 1.000000
0 460 0.420703 0.465278 0.033594 0.130556 1.000000
0 461 0.424219 0.465278 0.045312 0.133333 1.000000
0 462 0.423047 0.463889 0.044531 0.133333 1.000000
0 463 0.422266 0.461111 0.042969 0.136111 1.000000
0 464 0.420703 0.458333 0.042969 0.133333 1.000000
0 465 0.419141 0.455556 0.039844 0.130556 1.000000
0 466 0.417187 0.452083 0.037500 0.131944 1.000000
0 467 0.414844 0.448611 0.037500 0.127778 1.000000
0 468 0.411719 0.447917 0.035937 0.126389 1.000000
0 469 0.410547 0.447917 0.036719 0.126389 1.000000
0 470 0.408594 0.448611 0.039062 0.125000 1.000000
0 471 0.407813 0.448611 0.042188 0.122222 1.000000
0 472 0.407422 0.448611 0.042969 0.122222 1.000000
0 473 0.406641 0.448611 0.042969 0.122222 1.000000
0 474 0.406250 0.447917 0.043750 0.123611 1.000000
0 475 0.407813 0.447222 0.043750 0.125000 1.000000
0 476 0.410547 0.445833 0.041406 0.125000 1.000000
0 477 0.414453 0.443056 0.042969 0.125000 1.000000
0 478 0.414844 0.440972 0.037500 0.126389 1.000000
0 479 0.416406 0.438194 0.034375 0.123611 1.000000
0 480 0.416406 0.436806 0.029687 0.120833 1.000000
0 481 0.417578 0.436111 0.030469 0.116667 1.000000
0 482 0.419922 0.438194 0.032031 0.115278 1.000000
0 483 0.421875 0.439583 0.037500 0.109722 1.000000
0 484 0.424219 0.440972 0.043750 0.106944 1.000000
0 485 0.425781 0.440972 0.048438 0.106944 1.000000
0 486 0.426563 0.439583 0.051562 0.109722 1.000000
0 487 0.428516 0.438194 0.050781 0.112500 1.000000
0 488 0.428906 0.437500 0.046875 0.113889 1.000000
0 489 0.431250 0.437500 0.043750 0.116667 1.000000
0 490 0.432422 0.438194 0.035156 0.115278 1.000000
0 491 0.436328 0.439583 0.030469 0.115278 1.000000
0 492 0.446484 0.440278 0.032031 0.116667 1.000000
0 493 0.458594 0.440278 0.043750 0.116667 1.000000
0 494 0.458594 0.438889 0.039062 0.116667 1.000000
0 495 0.460547 0.440972 0.053906 0.118056 1.000000
0 496 0.463672 0.435417 0.055469 0.129167 1.000000
0 497 0.469531 0.432639 0.059375 0.134722 1.000000
0 498 0.473047 0.436806 0.053906 0.140278 1.000000
0 499 0.478516 0.444444 0.050781 0.127778 1.000000
0 500 0.484375 0.454167 0.043750 0.111111 1.000000
0 501 0.487891 0.456944 0.047656 0.105556 1.000000
0 502 0.503516 0.457639 0.039844 0.106944 1.000000
0 503 0.508984 0.455556 0.046094 0.111111 1.000000
0 504 0.512109 0.454861 0.041406 0.112500 1.000000
0 505 0.513672 0.456250 0.039844 0.115278 1.000000
0 506 0.514844 0.456944 0.039062 0.113889 1.000000
0 507 0.514453 0.448611 0.038281 0.133333 1.000000
0 508 0.511328 0.443750 0.032031 0.143056 1.000000
0 509 0.509375 0.429861 0.028125 0.165278 1.000000
0 510 0.506641 0.420139 0.027344 0.168056 1.000000
0 511 0.505078 0.417361 0.030469 0.170833 1.000000
0 512 0.503516 0.414583 0.033594 0.154167 1.000000
0 513 0.503125 0.409028 0.037500 0.129167 1.000000
0 514 0.505859 0.411111 0.042969 0.125000 1.000000
0 515 0.505469 0.411806 0.046875 0.123611 1.000000
0 516 0.501563 0.413194 0.045312 0.129167 1.000000
0 517 0.494531 0.412500 0.037500 0.130556 1.000000
0 518 0.492188 0.411111 0.034375 0.133333 1.000000
0 519 0.489844 0.411806 0.031250 0.151389 1.000000
0 520 0.487500 0.404861 0.026562 0.168056 1.000000
0 521 0.483984 0.424306 0.024219 0.151389 1.000000
0 522 0.478516 0.427778 0.022656 0.155556 1.000000
0 523 0.472266 0.431944 0.021094 0.155556 1.000000
0 524 0.466016 0.440278 0.019531 0.138889 1.000000
0 525 0.461328 0.447222 0.024219 0.130556 1.000000
0 526 0.458594 0.463194 0.032813 0.140278 1.000000
0 527 0.452344 0.465972 0.032813 0.134722 1.000000
0 528 0.446094 0.468056 0.032813 0.136111 1.000000
0 529 0.439844 0.466667 0.032813 0.133333 1.000000
0 530 0.433984 0.466667 0.033594 0.133333 1.000000
0 531 0.427734 0.463194 0.035156 0.137500 1.000000
0 532 0.422266 0.460417 0.035156 0.140278 1.000000
0 533 0.414062 0.452778 0.034375 0.125000 1.000000
0 534 0.409766 0.451389 0.033594 0.125000 1.000000
0 535 0.405078 0.449306 0.032031 0.120833 1.000000
0 536 0.399609 0.445139 0.027344 0.109722 1.000000
0 537 0.395313 0.445139 0.028125 0.109722 1.000000
0 538 0.391406 0.447222 0.031250 0.108333 1.000000
0 539 0.387891 0.447917 0.028906 0.104167 1.000000
0 540 0.383203 0.450000 0.030469 0.102778 1.000000
0 541 0.376953 0.450000 0.024219 0.102778 1.000000
0 542 0.373437 0.448611 0.025000 0.102778 1.000000
0 543 0.370703 0.446528 0.025781 0.106944 1.000000
0 544 0.368750 0.443056 0.025000 0.111111 1.000000
0 545 0.367188 0.441667 0.025000 0.116667 1.000000
0 546 0.364063 0.440972 0.025000 0.118056 1.000000
0 547 0.362500 0.441667 0.025000 0.119444 1.000000
0 548 0.362500 0.441667 0.026562 0.119444 1.000000
0 549 0.360938 0.443056 0.029687 0.119444 1.000000
0 550 0.358594 0.445139 0.034375 0.120833 1.000000
0 551 0.355859 0.445833 0.036719 0.122222 1.000000
0 552 0.355078 0.447222 0.035156 0.125000 1.000000
0 553 0.352734 0.446528 0.038281 0.129167 1.000000
0 554 0.351562 0.445139 0.035937 0.129167 1.000000
0 555 0.351953 0.445139 0.033594 0.129167 1.000000
0 556 0.353125 0.445139 0.035937 0.129167 1.000000
0 557 0.352344 0.447917 0.037500 0.126389 1.000000
0 558 0.351953 0.450000 0.038281 0.125000 1.000000
0 559 0.349609 0.451389 0.042969 0.125000 1.000000
0 560 0.350781 0.451389 0.040625 0.125000 1.000000
0 561 0.353516 0.451389 0.033594 0.125000 1.000000
0 562 0.354297 0.450000 0.028906 0.125000 1.000000
0 563 0.351953 0.448611 0.030469 0.125000 1.000000
0 564 0.350391 0.456250 0.030469 0.140278 1.000000
0 565 0.348438 0.459028 0.032813 0.145833 1.000000
0 566 0.346484 0.460417 0.032031 0.151389 1.000000
0 567 0.345313 0.462500 0.029687 0.152778 1.000000
0 568 0.341016 0.463194 0.033594 0.151389 1.000000
0 569 0.337109 0.463194 0.036719 0.151389 1.000000
0 570 0.333984 0.463194 0.035156 0.151389 1.000000
0 571 0.330078 0.463194 0.030469 0.151389 1.000000
0 572 0.328125 0.462500 0.029687 0.152778 1.000000
0 573 0.327344 0.461806 0.031250 0.151389 1.000000
0 574 0.323828 0.462500 0.035156 0.152778 1.000000
0 575 0.321094 0.462500 0.042188 0.150000 1.000000
