0 1 0.836719 0.543056 0.134375 0.205556 0.000000 0.000000 1.000000
0 2 0.839844 0.545833 0.140625 0.194444 0.003125 0.002778 1.000000
0 3 0.842578 0.551389 0.144531 0.188889 0.002734 0.005556 1.000000
0 4 0.846094 0.554861 0.148438 0.181944 0.003516 0.003472 1.000000
0 5 0.848047 0.561111 0.146094 0.177778 0.001953 0.006250 1.000000
0 6 0.852344 0.565972 0.139063 0.168056 0.004297 0.004861 1.000000
0 7 0.856250 0.566667 0.131250 0.163889 0.003906 0.000694 1.000000
0 8 0.869141 0.568750 0.116406 0.162500 0.012891 0.002083 1.000000
0 9 0.875391 0.568056 0.107031 0.161111 0.006250 -0.000694 1.000000
0 10 0.887891 0.568056 0.075781 0.158333 0.012500 0.000000 1.000000
0 11 0.892969 0.568750 0.062500 0.156944 0.005078 0.000694 1.000000
0 12 0.902734 0.570139 0.071094 0.151389 0.009766 0.001389 1.000000
0 13 0.901953 0.571528 0.067969 0.145833 -0.000781 0.001389 1.000000
0 14 0.901953 0.570139 0.071094 0.145833 0.000000 -0.001389 1.000000
0 15 0.901563 0.569444 0.068750 0.147222 -0.000391 -0.000694 1.000000
0 16 0.905078 0.565278 0.072656 0.155556 0.003516 -0.004167 1.000000
0 17 0.906641 0.558333 0.074219 0.152778 0.001563 -0.006944 1.000000
0 18 0.896875 0.554167 0.089063 0.161111 -0.009766 -0.004167 1.000000
0 19 0.894531 0.552083 0.090625 0.162500 -0.002344 -0.002083 1.000000
0 20 0.891406 0.553472 0.084375 0.159722 -0.003125 0.001389 1.000000
0 21 0.891406 0.552778 0.082812 0.158333 0.000000 -0.000694 1.000000
0 22 0.897266 0.554167 0.071094 0.158333 0.005859 0.001389 1.000000
0 23 0.897266 0.555556 0.072656 0.155556 0.000000 0.001389 1.000000
0 24 0.897266 0.554167 0.074219 0.155556 0.000000 -0.001389 1.000000
0 25 0.898438 0.553472 0.078125 0.156944 0.001172 -0.000694 1.000000
0 26 0.896875 0.551389 0.078125 0.161111 -0.001563 -0.002083 1.000000
0 27 0.896094 0.550000 0.081250 0.158333 -0.000781 -0.001389 1.000000
0 28 0.896875 0.551389 0.079687 0.158333 0.000781 0.001389 1.000000
0 29 0.896484 0.550000 0.082031 0.161111 -0.000391 -0.001389 1.000000
0 30 0.896484 0.546528 0.077344 0.168056 0.000000 -0.003472 1.000000
0 31 0.894922 0.543056 0.078906 0.175000 -0.001563 -0.003472 1.000000
0 32 0.892578 0.538889 0.077344 0.186111 -0.002344 -0.004167 1.000000
0 33 0.889453 0.535417 0.077344 0.193056 -0.003125 -0.003472 1.000000
0 34 0.888672 0.526389 0.071094 0.213889 -0.000781 -0.009028 1.000000
0 35 0.888281 0.522222 0.064062 0.227778 -0.000391 -0.004167 1.000000
0 36 0.888281 0.518750 0.057813 0.240278 0.000000 -0.003472 1.000000
0 37 0.887109 0.511806 0.055469 0.254167 -0.001172 -0.006944 1.000000
0 38 0.881641 0.511806 0.057031 0.262500 -0.005469 0.000000 1.000000
0 39 0.878516 0.511806 0.058594 0.265278 -0.003125 0.000000 1.000000
0 40 0.876172 0.515278 0.075781 0.266667 -0.002344 0.003472 1.000000
0 41 0.873437 0.520139 0.084375 0.276389 -0.002734 0.004861 1.000000
0 42 0.872266 0.525000 0.089844 0.288889 -0.001172 0.004861 1.000000
0 43 0.873437 0.526389 0.087500 0.294444 0.001172 0.001389 1.000000
0 44 0.870703 0.536806 0.082031 0.290278 -0.002734 0.010417 1.000000
0 45 0.871094 0.545139 0.081250 0.273611 0.000391 0.008333 1.000000
0 46 0.883203 0.549306 0.105469 0.270833 0.012109 0.004167 1.000000
0 47 0.886328 0.550000 0.113281 0.272222 0.003125 0.000694 1.000000
0 48 0.890234 0.551389 0.117969 0.272222 0.003906 0.001389 1.000000
0 49 0.890234 0.551389 0.117969 0.275000 0.000000 0.000000 1.000000
0 50 0.890234 0.555556 0.119531 0.269444 0.000000 0.004167 1.000000
0 51 0.889844 0.556250 0.137500 0.268056 -0.000391 0.000694 1.000000
0 52 0.891406 0.563194 0.143750 0.256944 0.001563 0.006944 1.000000
0 53 0.894531 0.565278 0.148438 0.252778 0.003125 0.002083 1.000000
0 54 0.899219 0.571528 0.140625 0.248611 0.004687 0.006250 1.000000
0 55 0.898438 0.571528 0.135937 0.248611 -0.000781 0.000000 1.000000
0 56 0.894141 0.574306 0.128906 0.248611 -0.004297 0.002778 1.000000
0 57 0.892578 0.574306 0.125781 0.248611 -0.001563 0.000000 1.000000
0 58 0.876172 0.575694 0.133594 0.248611 -0.016406 0.001389 1.000000
0 59 0.872656 0.579861 0.131250 0.245833 -0.003516 0.004167 1.000000
0 60 0.864453 0.581250 0.128906 0.245833 -0.008203 0.001389 1.000000
0 61 0.861719 0.580556 0.125000 0.247222 -0.002734 -0.000694 1.000000
0 62 0.867578 0.580556 0.114844 0.252778 0.005859 0.000000 1.000000
0 63 0.874609 0.577083 0.100781 0.259722 0.007031 -0.003472 1.000000
0 64 0.875781 0.576389 0.098437 0.266667 0.001172 -0.000694 1.000000
0 65 0.876563 0.575000 0.100000 0.269444 0.000781 -0.001389 1.000000
0 66 0.879297 0.567361 0.094531 0.290278 0.002734 -0.007639 1.000000
0 67 0.878906 0.563889 0.092188 0.300000 -0.000391 -0.003472 1.000000
0 68 0.879297 0.555556 0.085156 0.322222 0.000391 -0.008333 1.000000
0 69 0.878516 0.546528 0.072656 0.340278 -0.000781 -0.009028 1.000000
0 70 0.882031 0.536806 0.060937 0.368056 0.003516 -0.009722 1.000000
0 71 0.882812 0.547222 0.060937 0.363889 0.000781 0.010417 1.000000
0 72 0.883594 0.556250 0.067187 0.354167 0.000781 0.009028 1.000000
0 73 0.884375 0.561806 0.068750 0.345833 0.000781 0.005556 1.000000
0 74 0.888281 0.566667 0.071875 0.344444 0.003906 0.004861 1.000000
0 75 0.890625 0.563194 0.073438 0.351389 0.002344 -0.003472 1.000000
0 76 0.895312 0.572222 0.076563 0.338889 0.004687 0.009028 1.000000
0 77 0.899219 0.586111 0.076563 0.319444 0.003906 0.013889 1.000000
0 78 0.901172 0.595139 0.078906 0.306944 0.001953 0.009028 1.000000
0 79 0.900781 0.600000 0.079687 0.297222 -0.000391 0.004861 1.000000
0 80 0.899609 0.611806 0.080469 0.276389 -0.001172 0.011806 1.000000
0 81 0.898828 0.622222 0.082031 0.261111 -0.000781 0.010417 1.000000
0 82 0.897656 0.636806 0.081250 0.234722 -0.001172 0.014583 1.000000
0 83 0.896875 0.639583 0.078125 0.229167 -0.000781 0.002778 1.000000
0 84 0.898047 0.638889 0.066406 0.230556 0.001172 -0.000694 1.000000
0 85 0.897266 0.638194 0.061719 0.234722 -0.000781 -0.000694 1.000000
0 86 0.905469 0.631944 0.075000 0.247222 0.008203 -0.006250 1.000000
0 87 0.907813 0.626389 0.075000 0.258333 0.002344 -0.005556 1.000000
0 88 0.903125 0.615972 0.057813 0.279167 -0.004687 -0.010417 1.000000
0 89 0.904297 0.609722 0.058594 0.291667 0.001172 -0.006250 1.000000
0 90 0.912109 0.599306 0.117969 0.309722 0.007812 -0.010417 1.000000
0 91 0.911719 0.594444 0.150000 0.319444 -0.000391 -0.004861 1.000000
0 92 0.914062 0.590972 0.168750 0.323611 0.002344 -0.003472 1.000000
0 93 0.916016 0.589583 0.155469 0.323611 0.001953 -0.001389 1.000000
0 94 0.919141 0.568056 0.082031 0.366667 0.003125 -0.021528 1.000000
0 95 0.916016 0.565972 0.064844 0.365278 -0.003125 -0.002083 1.000000
0 96 0.922266 0.586111 0.075781 0.327778 0.006250 0.020139 1.000000
0 97 0.924219 0.593750 0.079687 0.309722 0.001953 0.007639 1.000000
0 98 0.919531 0.600694 0.071875 0.298611 -0.004687 0.006944 1.000000
0 99 0.909766 0.608333 0.052344 0.286111 -0.009766 0.007639 1.000000
0 100 0.921484 0.620139 0.077344 0.259722 0.011719 0.011806 1.000000
0 101 0.923828 0.627778 0.082031 0.241667 0.002344 0.007639 1.000000
0 102 0.921094 0.641667 0.093750 0.213889 -0.002734 0.013889 1.000000
0 103 0.919531 0.644444 0.093750 0.205556 -0.001563 0.002778 1.000000
0 104 0.917969 0.647222 0.087500 0.200000 -0.001563 0.002778 1.000000
0 105 0.917578 0.649306 0.085156 0.195833 -0.000391 0.002083 1.000000
0 106 0.916406 0.651389 0.076563 0.188889 -0.001172 0.002083 1.000000
0 107 0.916797 0.652778 0.075781 0.186111 0.000391 0.001389 1.000000
0 108 0.915234 0.652778 0.069531 0.183333 -0.001563 0.000000 1.000000
0 109 0.914062 0.652778 0.068750 0.183333 -0.001172 0.000000 1.000000
0 110 0.912891 0.650694 0.067969 0.184722 -0.001172 -0.002083 1.000000
0 111 0.913281 0.650000 0.068750 0.183333 0.000391 -0.000694 1.000000
0 112 0.913281 0.650000 0.068750 0.183333 0.000000 0.000000 1.000000
0 113 0.914062 0.648611 0.070312 0.183333 0.000781 -0.001389 1.000000
0 114 0.912891 0.647917 0.069531 0.181944 -0.001172 -0.000694 1.000000
0 115 0.913672 0.647917 0.069531 0.181944 0.000781 0.000000 1.000000
0 116 0.914062 0.647222 0.070312 0.180556 0.000391 -0.000694 1.000000
0 117 0.912500 0.644444 0.068750 0.183333 -0.001563 -0.002778 1.000000
0 118 0.911719 0.643750 0.068750 0.181944 -0.000781 -0.000694 1.000000
0 119 0.911328 0.642361 0.069531 0.184722 -0.000391 -0.001389 1.000000
0 120 0.910156 0.640972 0.068750 0.184722 -0.001172 -0.001389 1.000000
0 121 0.910156 0.640278 0.068750 0.186111 0.000000 -0.000694 1.000000
0 122 0.908594 0.640278 0.068750 0.186111 -0.001563 0.000000 1.000000
0 123 0.908594 0.639583 0.068750 0.184722 0.000000 -0.000694 1.000000
0 124 0.907422 0.638194 0.067969 0.184722 -0.001172 -0.001389 1.000000
0 125 0.906250 0.636111 0.070312 0.186111 -0.001172 -0.002083 1.000000
0 126 0.907031 0.636111 0.068750 0.186111 0.000781 0.000000 1.000000
0 127 0.905469 0.634722 0.070312 0.186111 -0.001563 -0.001389 1.000000
0 128 0.905469 0.634722 0.071875 0.186111 0.000000 0.000000 1.000000
0 129 0.905469 0.634028 0.073438 0.187500 0.000000 -0.000694 1.000000
0 130 0.905859 0.634028 0.075781 0.187500 0.000391 0.000000 1.000000
0 131 0.906250 0.632639 0.076563 0.187500 0.000391 -0.001389 1.000000
0 132 0.903516 0.631250 0.078906 0.190278 -0.002734 -0.001389 1.000000
0 133 0.905469 0.628472 0.071875 0.193056 0.001953 -0.002778 1.000000
0 134 0.900391 0.625000 0.066406 0.200000 -0.005078 -0.003472 1.000000
0 135 0.898828 0.620833 0.066406 0.208333 -0.001563 -0.004167 1.000000
0 136 0.898828 0.614583 0.067969 0.220833 0.000000 -0.006250 1.000000
0 137 0.896875 0.609722 0.070312 0.227778 -0.001953 -0.004861 1.000000
0 138 0.894922 0.601389 0.072656 0.241667 -0.001953 -0.008333 1.000000
0 139 0.894531 0.597222 0.071875 0.250000 -0.000391 -0.004167 1.000000
0 140 0.892578 0.590278 0.072656 0.263889 -0.001953 -0.006944 1.000000
0 141 0.892578 0.586111 0.071094 0.269444 0.000000 -0.004167 1.000000
0 142 0.885938 0.581250 0.079687 0.276389 -0.006641 -0.004861 1.000000
0 143 0.884375 0.575694 0.082812 0.287500 -0.001563 -0.005556 1.000000
0 144 0.881250 0.568750 0.087500 0.304167 -0.003125 -0.006944 1.000000
0 145 0.879687 0.564583 0.089063 0.309722 -0.001563 -0.004167 1.000000
0 146 0.875781 0.563889 0.098437 0.308333 -0.003906 -0.000694 1.000000
0 147 0.876563 0.561111 0.104688 0.313889 0.000781 -0.002778 1.000000
0 148 0.875000 0.562500 0.112500 0.308333 -0.001563 0.001389 1.000000
0 149 0.876172 0.565278 0.113281 0.302778 0.001172 0.002778 1.000000
0 150 0.877344 0.572917 0.109375 0.287500 0.001172 0.007639 1.000000
0 151 0.878516 0.574306 0.107031 0.284722 0.001172 0.001389 1.000000
0 152 0.876563 0.575694 0.104688 0.284722 -0.001953 0.001389 1.000000
0 153 0.874219 0.576389 0.100000 0.286111 -0.002344 0.000694 1.000000
0 154 0.861328 0.566667 0.091406 0.269444 -0.012891 -0.009722 1.000000
0 155 0.853516 0.563889 0.083594 0.269444 -0.007812 -0.002778 1.000000
0 156 0.833984 0.561806 0.080469 0.276389 -0.019531 -0.002083 1.000000
0 157 0.825391 0.559722 0.074219 0.277778 -0.008594 -0.002083 1.000000
0 158 0.823047 0.554861 0.077344 0.287500 -0.002344 -0.004861 1.000000
0 159 0.821875 0.555556 0.079687 0.286111 -0.001172 0.000694 1.000000
0 160 0.819531 0.553472 0.084375 0.279167 -0.002344 -0.002083 1.000000
0 161 0.814844 0.557639 0.085938 0.279167 -0.004687 0.004167 1.000000
0 162 0.802344 0.566667 0.093750 0.269444 -0.012500 0.009028 1.000000
0 163 0.799219 0.568750 0.087500 0.265278 -0.003125 0.002083 1.000000
0 164 0.787109 0.570139 0.063281 0.259722 -0.012109 0.001389 1.000000
0 165 0.777344 0.570833 0.064062 0.258333 -0.009766 0.000694 1.000000
0 166 0.768750 0.570833 0.050000 0.261111 -0.008594 0.000000 1.000000
0 167 0.762109 0.568056 0.052344 0.266667 -0.006641 -0.002778 1.000000
0 168 0.753906 0.562500 0.054688 0.277778 -0.008203 -0.005556 1.000000
0 169 0.751953 0.560417 0.052344 0.281944 -0.001953 -0.002083 1.000000
0 170 0.747656 0.557639 0.059375 0.276389 -0.004297 -0.002778 1.000000
0 171 0.741797 0.556944 0.063281 0.275000 -0.005859 -0.000694 1.000000
0 172 0.737891 0.563194 0.069531 0.273611 -0.003906 0.006250 1.000000
0 173 0.739844 0.565278 0.073438 0.272222 0.001953 0.002083 1.000000
0 174 0.739062 0.568056 0.079687 0.263889 -0.000781 0.002778 1.000000
0 175 0.738281 0.568750 0.079687 0.262500 -0.000781 0.000694 1.000000
0 176 0.735938 0.565972 0.076563 0.268056 -0.002344 -0.002778 1.000000
0 177 0.735938 0.565972 0.073438 0.268056 0.000000 0.000000 1.000000
0 178 0.736719 0.567361 0.076563 0.265278 0.000781 0.001389 1.000000
0 179 0.734766 0.568056 0.077344 0.263889 -0.001953 0.000694 1.000000
0 180 0.740234 0.571528 0.089844 0.259722 0.005469 0.003472 1.000000
0 181 0.740625 0.570833 0.093750 0.258333 0.000391 -0.000694 1.000000
0 182 0.736328 0.570139 0.086719 0.256944 -0.004297 -0.000694 1.000000
0 183 0.727344 0.572917 0.073438 0.256944 -0.008984 0.002778 1.000000
0 184 0.731641 0.572222 0.102344 0.252778 0.004297 -0.000694 1.000000
0 185 0.724609 0.574306 0.088281 0.248611 -0.007031 0.002083 1.000000
0 186 0.732812 0.574306 0.104688 0.243056 0.008203 0.000000 1.000000
0 187 0.733203 0.576389 0.099219 0.241667 0.000391 0.002083 1.000000
0 188 0.737109 0.574306 0.091406 0.231944 0.003906 -0.002083 1.000000
0 189 0.739453 0.575000 0.088281 0.233333 0.002344 0.000694 1.000000
0 190 0.733984 0.575694 0.092969 0.231944 -0.005469 0.000694 1.000000
0 191 0.732812 0.573611 0.096875 0.233333 -0.001172 -0.002083 1.000000
0 192 0.730859 0.568056 0.105469 0.244444 -0.001953 -0.005556 1.000000
0 193 0.728906 0.563194 0.103125 0.254167 -0.001953 -0.004861 1.000000
0 194 0.725781 0.547917 0.090625 0.262500 -0.003125 -0.015278 1.000000
0 195 0.726172 0.541667 0.080469 0.263889 0.000391 -0.006250 1.000000
0 196 0.723828 0.533333 0.066406 0.283333 -0.002344 -0.008333 1.000000
0 197 0.723047 0.533333 0.067969 0.283333 -0.000781 0.000000 1.000000
0 198 0.721094 0.536806 0.070312 0.281944 -0.001953 0.003472 1.000000
0 199 0.719531 0.538194 0.073438 0.279167 -0.001563 0.001389 1.000000
0 200 0.719922 0.546528 0.080469 0.265278 0.000391 0.008333 1.000000
0 201 0.718750 0.548611 0.079687 0.261111 -0.001172 0.002083 1.000000
0 202 0.718359 0.548611 0.080469 0.261111 -0.000391 0.000000 1.000000
0 203 0.717187 0.547917 0.079687 0.262500 -0.001172 -0.000694 1.000000
0 204 0.716797 0.548611 0.078906 0.261111 -0.000391 0.000694 1.000000
0 205 0.715625 0.549306 0.078125 0.259722 -0.001172 0.000694 1.000000
0 206 0.712500 0.549306 0.067187 0.259722 -0.003125 0.000000 1.000000
0 207 0.710547 0.547917 0.061719 0.259722 -0.001953 -0.001389 1.000000
0 208 0.708594 0.547222 0.045312 0.261111 -0.001953 -0.000694 1.000000
0 209 0.708984 0.548611 0.042969 0.258333 0.000391 0.001389 1.000000
0 210 0.707422 0.549306 0.042969 0.256944 -0.001563 0.000694 1.000000
0 211 0.706641 0.546528 0.044531 0.259722 -0.000781 -0.002778 1.000000
0 212 0.700391 0.536806 0.067969 0.279167 -0.006250 -0.009722 1.000000
0 213 0.700391 0.529167 0.080469 0.294444 0.000000 -0.007639 1.000000
0 214 0.704297 0.545833 0.114844 0.261111 0.003906 0.016667 1.000000
0 215 0.703516 0.545833 0.122656 0.261111 -0.000781 0.000000 1.000000
0 216 0.703516 0.536806 0.080469 0.279167 0.000000 -0.009028 1.000000
0 217 0.700391 0.534722 0.078906 0.283333 -0.003125 -0.002083 1.000000
0 218 0.706250 0.549306 0.057813 0.256944 0.005859 0.014583 1.000000
0 219 0.705469 0.551389 0.057813 0.250000 -0.000781 0.002083 1.000000
0 220 0.698047 0.540278 0.082031 0.269444 -0.007422 -0.011111 1.000000
0 221 0.697266 0.556250 0.105469 0.237500 -0.000781 0.015972 1.000000
0 222 0.686328 0.568056 0.119531 0.216667 -0.010937 0.011806 1.000000
0 223 0.684375 0.572917 0.120313 0.206944 -0.001953 0.004861 1.000000
0 224 0.678125 0.589583 0.104688 0.181944 -0.006250 0.016667 1.000000
0 225 0.676953 0.594444 0.102344 0.172222 -0.001172 0.004861 1.000000
0 226 0.679297 0.600694 0.108594 0.156944 0.002344 0.006250 1.000000
0 227 0.679688 0.601389 0.112500 0.158333 0.000391 0.000694 1.000000
0 228 0.678125 0.598611 0.107813 0.163889 -0.001563 -0.002778 1.000000
0 229 0.676562 0.591667 0.106250 0.177778 -0.001563 -0.006944 1.000000
0 230 0.682422 0.580556 0.114844 0.200000 0.005859 -0.011111 1.000000
0 231 0.681641 0.578472 0.111719 0.204167 -0.000781 -0.002083 1.000000
0 232 0.686328 0.565972 0.111719 0.223611 0.004687 -0.012500 1.000000
0 233 0.685547 0.557639 0.100781 0.237500 -0.000781 -0.008333 1.000000
0 234 0.696875 0.552083 0.095312 0.248611 0.011328 -0.005556 1.000000
0 235 0.699609 0.549306 0.088281 0.251389 0.002734 -0.002778 1.000000
0 236 0.705078 0.549306 0.074219 0.251389 0.005469 0.000000 1.000000
0 237 0.709375 0.550000 0.071875 0.255556 0.004297 0.000694 1.000000
0 238 0.703906 0.548611 0.057813 0.258333 -0.005469 -0.001389 1.000000
0 239 0.698828 0.548611 0.057031 0.258333 -0.005078 0.000000 1.000000
0 240 0.698828 0.547917 0.057031 0.259722 0.000000 -0.000694 1.000000
0 241 0.700391 0.543750 0.052344 0.268056 0.001563 -0.004167 1.000000
0 242 0.700781 0.540278 0.051562 0.275000 0.000391 -0.003472 1.000000
0 243 0.698828 0.536806 0.061719 0.273611 -0.001953 -0.003472 1.000000
0 244 0.697656 0.536111 0.070312 0.272222 -0.001172 -0.000694 1.000000
0 245 0.689453 0.541667 0.088281 0.258333 -0.008203 0.005556 1.000000
0 246 0.691406 0.545833 0.068750 0.252778 0.001953 0.004167 1.000000
0 247 0.692187 0.548611 0.068750 0.252778 0.000781 0.002778 1.000000
0 248 0.692578 0.552083 0.066406 0.262500 0.000391 0.003472 1.000000
0 249 0.689453 0.552083 0.064844 0.262500 -0.003125 0.000000 1.000000
0 250 0.691406 0.550000 0.071875 0.263889 0.001953 -0.002083 1.000000
0 251 0.689453 0.550000 0.132031 0.266667 -0.001953 0.000000 1.000000
0 252 0.685937 0.549306 0.140625 0.268056 -0.003516 -0.000694 1.000000
0 253 0.686328 0.547222 0.124219 0.272222 0.000391 -0.002083 1.000000
0 254 0.687891 0.547917 0.099219 0.268056 0.001563 0.000694 1.000000
0 255 0.681250 0.547917 0.060937 0.270833 -0.006641 0.000000 1.000000
0 256 0.681250 0.549306 0.048438 0.268056 0.000000 0.001389 1.000000
0 257 0.680859 0.551389 0.049219 0.272222 -0.000391 0.002083 1.000000
0 258 0.680859 0.552083 0.050781 0.276389 0.000000 0.000694 1.000000
0 259 0.691016 0.554167 0.078906 0.280556 0.010156 0.002083 1.000000
0 260 0.689453 0.554861 0.078906 0.281944 -0.001563 0.000694 1.000000
0 261 0.675391 0.543750 0.061719 0.315278 -0.014063 -0.011111 1.000000
0 262 0.670312 0.543750 0.067187 0.315278 -0.005078 0.000000 1.000000
0 263 0.664062 0.552083 0.076563 0.293056 -0.006250 0.008333 1.000000
0 264 0.666016 0.554167 0.072656 0.288889 0.001953 0.002083 1.000000
0 265 0.669531 0.554861 0.068750 0.284722 0.003516 0.000694 1.000000
0 266 0.670312 0.555556 0.070312 0.280556 0.000781 0.000694 1.000000
0 267 0.674219 0.557639 0.062500 0.276389 0.003906 0.002083 1.000000
0 268 0.680078 0.558333 0.061719 0.269444 0.005859 0.000694 1.000000
0 269 0.690234 0.565278 0.085156 0.252778 0.010156 0.006944 1.000000
0 270 0.694922 0.572917 0.089844 0.248611 0.004687 0.007639 1.000000
0 271 0.697656 0.584028 0.100000 0.229167 0.002734 0.011111 1.000000
0 272 0.698828 0.590278 0.100781 0.216667 0.001172 0.006250 1.000000
0 273 0.700000 0.606250 0.100000 0.193056 0.001172 0.015972 1.000000
0 274 0.694922 0.609722 0.088281 0.188889 -0.005078 0.003472 1.000000
0 275 0.693359 0.616667 0.086719 0.177778 -0.001563 0.006944 1.000000
0 276 0.691406 0.620833 0.084375 0.175000 -0.001953 0.004167 1.000000
0 277 0.686719 0.625694 0.073438 0.162500 -0.004687 0.004861 1.000000
0 278 0.684766 0.625694 0.067969 0.156944 -0.001953 0.000000 1.000000
0 279 0.685547 0.631250 0.069531 0.151389 0.000781 0.005556 1.000000
0 280 0.685547 0.633333 0.069531 0.147222 0.000000 0.002083 1.000000
0 281 0.683984 0.632639 0.067969 0.143056 -0.001563 -0.000694 1.000000
0 282 0.683984 0.632639 0.067969 0.137500 0.000000 0.000000 1.000000
0 283 0.683984 0.636111 0.069531 0.116667 0.000000 0.003472 1.000000
0 284 0.683203 0.638889 0.069531 0.105556 -0.000781 0.002778 1.000000
0 285 0.682813 0.636806 0.068750 0.093056 -0.000391 -0.002083 1.000000
0 286 0.680469 0.635417 0.068750 0.093056 -0.002344 -0.001389 1.000000
0 287 0.680859 0.633333 0.067969 0.094444 0.000391 -0.002083 1.000000
0 288 0.680078 0.633333 0.067969 0.094444 -0.000781 0.000000 1.000000
0 289 0.679688 0.638194 0.068750 0.101389 -0.000391 0.004861 1.000000
0 290 0.679297 0.638194 0.069531 0.098611 -0.000391 0.000000 1.000000
0 291 0.678906 0.637500 0.070312 0.097222 -0.000391 -0.000694 1.000000
0 292 0.678906 0.638194 0.070312 0.098611 0.000000 0.000694 1.000000
0 293 0.678516 0.638194 0.071094 0.098611 -0.000391 0.000000 1.000000
0 294 0.678516 0.637500 0.071094 0.100000 0.000000 -0.000694 1.000000
0 295 0.678516 0.634722 0.071094 0.102778 0.000000 -0.002778 1.000000
0 296 0.677734 0.634028 0.071094 0.104167 -0.000781 -0.000694 1.000000
0 297 0.677734 0.631944 0.071094 0.108333 0.000000 -0.002083 1.000000
0 298 0.678516 0.630556 0.071094 0.111111 0.000781 -0.001389 1.000000
0 299 0.678125 0.609028 0.071875 0.151389 -0.000391 -0.021528 1.000000
0 300 0.678125 0.590972 0.071875 0.162500 0.000000 -0.018056 1.000000
0 301 0.678125 0.584722 0.071875 0.177778 0.000000 -0.006250 1.000000
0 302 0.677734 0.583333 0.071094 0.177778 -0.000391 -0.001389 1.000000
0 303 0.678125 0.585417 0.071875 0.176389 0.000391 0.002083 1.000000
0 304 0.677734 0.583333 0.071094 0.180556 -0.000391 -0.002083 1.000000
0 305 0.677734 0.582639 0.071094 0.184722 0.000000 -0.000694 1.000000
0 306 0.677344 0.583333 0.071875 0.183333 -0.000391 0.000694 1.000000
0 307 0.676562 0.586806 0.071875 0.176389 -0.000781 0.003472 1.000000
0 308 0.677344 0.590278 0.071875 0.169444 0.000781 0.003472 1.000000
0 309 0.676562 0.597917 0.070312 0.154167 -0.000781 0.007639 1.000000
0 310 0.676172 0.603472 0.071094 0.143056 -0.000391 0.005556 1.000000
0 311 0.676562 0.617361 0.070312 0.109722 0.000391 0.013889 1.000000
0 312 0.677344 0.627778 0.073438 0.111111 0.000781 0.010417 1.000000
0 313 0.680078 0.628472 0.080469 0.112500 0.002734 0.000694 1.000000
0 314 0.682031 0.630556 0.081250 0.111111 0.001953 0.002083 1.000000
0 315 0.684766 0.634028 0.089844 0.104167 0.002734 0.003472 1.000000
0 316 0.685937 0.637500 0.095312 0.097222 0.001172 0.003472 1.000000
0 317 0.690625 0.638194 0.103125 0.095833 0.004687 0.000694 1.000000
0 318 0.693750 0.638889 0.107813 0.097222 0.003125 0.000694 1.000000
0 319 0.696875 0.640972 0.112500 0.093056 0.003125 0.002083 1.000000
0 320 0.696875 0.641667 0.114062 0.091667 0.000000 0.000694 1.000000
0 321 0.692578 0.643056 0.107031 0.091667 -0.004297 0.001389 1.000000
0 322 0.689063 0.644444 0.096875 0.091667 -0.003516 0.001389 1.000000
0 323 0.689063 0.638889 0.093750 0.086111 0.000000 -0.005556 1.000000
0 324 0.693359 0.637500 0.088281 0.091667 0.004297 -0.001389 1.000000
0 325 0.698828 0.635417 0.086719 0.093056 0.005469 -0.002083 1.000000
0 326 0.702734 0.632639 0.080469 0.095833 0.003906 -0.002778 1.000000
0 327 0.706641 0.628472 0.082031 0.101389 0.003906 -0.004167 1.000000
0 328 0.712891 0.627083 0.077344 0.104167 0.006250 -0.001389 1.000000
0 329 0.728516 0.624306 0.078906 0.112500 0.015625 -0.002778 1.000000
0 330 0.730859 0.625000 0.074219 0.113889 0.002344 0.000694 1.000000
0 331 0.729297 0.620139 0.077344 0.120833 -0.001563 -0.004861 1.000000
0 332 0.731641 0.618056 0.078906 0.125000 0.002344 -0.002083 1.000000
0 333 0.735156 0.618056 0.087500 0.127778 0.003516 0.000000 1.000000
0 334 0.736328 0.614583 0.088281 0.137500 0.001172 -0.003472 1.000000
0 335 0.738672 0.611111 0.091406 0.138889 0.002344 -0.003472 1.000000
0 336 0.737109 0.612500 0.091406 0.141667 -0.001563 0.001389 1.000000
0 337 0.734766 0.614583 0.085156 0.143056 -0.002344 0.002083 1.000000
0 338 0.733984 0.615278 0.083594 0.150000 -0.000781 0.000694 1.000000
0 339 0.733984 0.620139 0.082031 0.145833 0.000000 0.004861 1.000000
0 340 0.733203 0.619444 0.082031 0.147222 -0.000781 -0.000694 1.000000
0 341 0.732812 0.617361 0.081250 0.151389 -0.000391 -0.002083 1.000000
0 342 0.731641 0.613889 0.078906 0.155556 -0.001172 -0.003472 1.000000
0 343 0.729297 0.600694 0.074219 0.151389 -0.002344 -0.013194 1.000000
0 344 0.729297 0.593750 0.075781 0.145833 0.000000 -0.006944 1.000000
0 345 0.729297 0.590972 0.077344 0.137500 0.000000 -0.002778 1.000000
0 346 0.728906 0.593056 0.076563 0.136111 -0.000391 0.002083 1.000000
0 347 0.727734 0.600694 0.074219 0.131944 -0.001172 0.007639 1.000000
0 348 0.726172 0.600000 0.072656 0.133333 -0.001563 -0.000694 1.000000
0 349 0.726172 0.594444 0.071094 0.141667 0.000000 -0.005556 1.000000
0 350 0.723828 0.594444 0.074219 0.141667 -0.002344 0.000000 1.000000
0 351 0.722656 0.592361 0.067187 0.148611 -0.001172 -0.002083 1.000000
0 352 0.723828 0.586806 0.061719 0.156944 0.001172 -0.005556 1.000000
0 353 0.726953 0.577083 0.055469 0.173611 0.003125 -0.009722 1.000000
0 354 0.726172 0.572917 0.053906 0.184722 -0.000781 -0.004167 1.000000
0 355 0.723828 0.557639 0.050781 0.212500 -0.002344 -0.015278 1.000000
0 356 0.723828 0.554167 0.050781 0.219444 0.000000 -0.003472 1.000000
0 357 0.721484 0.545833 0.055469 0.236111 -0.002344 -0.008333 1.000000
0 358 0.721484 0.542361 0.055469 0.243056 0.000000 -0.003472 1.000000
0 359 0.719922 0.527083 0.061719 0.259722 -0.001563 -0.015278 1.000000
0 360 0.720313 0.527083 0.065625 0.265278 0.000391 0.000000 1.000000
0 361 0.722266 0.521528 0.074219 0.270833 0.001953 -0.005556 1.000000
0 362 0.721094 0.518056 0.073438 0.277778 -0.001172 -0.003472 1.000000
0 363 0.714063 0.517361 0.067187 0.279167 -0.007031 -0.000694 1.000000
0 364 0.710938 0.515972 0.064062 0.284722 -0.003125 -0.001389 1.000000
0 365 0.708594 0.505556 0.071875 0.305556 -0.002344 -0.010417 1.000000
0 366 0.705859 0.495833 0.067969 0.327778 -0.002734 -0.009722 1.000000
0 367 0.688281 0.509722 0.059375 0.297222 -0.017578 0.013889 1.000000
0 368 0.682031 0.515278 0.060937 0.297222 -0.006250 0.005556 1.000000
0 369 0.673828 0.523611 0.074219 0.275000 -0.008203 0.008333 1.000000
0 370 0.673047 0.526389 0.082031 0.272222 -0.000781 0.002778 1.000000
0 371 0.670312 0.530556 0.082812 0.263889 -0.002734 0.004167 1.000000
0 372 0.670312 0.530556 0.085938 0.263889 0.000000 0.000000 1.000000
0 373 0.668359 0.530556 0.083594 0.266667 -0.001953 0.000000 1.000000
0 374 0.669141 0.531250 0.083594 0.268056 0.000781 0.000694 1.000000
0 375 0.669141 0.533333 0.083594 0.263889 0.000000 0.002083 1.000000
0 376 0.670312 0.533333 0.081250 0.263889 0.001172 0.000000 1.000000
0 377 0.671875 0.533333 0.078125 0.263889 0.001563 0.000000 1.000000
0 378 0.671875 0.529167 0.078125 0.272222 0.000000 -0.004167 1.000000
0 379 0.672656 0.535417 0.078125 0.259722 0.000781 0.006250 1.000000
0 380 0.672656 0.536806 0.078125 0.256944 0.000000 0.001389 1.000000
0 381 0.673047 0.540972 0.077344 0.251389 0.000391 0.004167 1.000000
0 382 0.674219 0.542361 0.078125 0.251389 0.001172 0.001389 1.000000
0 383 0.675000 0.542361 0.078125 0.251389 0.000781 0.000000 1.000000
0 384 0.675391 0.542361 0.078906 0.251389 0.000391 0.000000 1.000000
0 385 0.676953 0.541667 0.078906 0.252778 0.001563 -0.000694 1.000000
0 386 0.677344 0.542361 0.078125 0.251389 0.000391 0.000694 1.000000
0 387 0.676953 0.539583 0.080469 0.259722 -0.000391 -0.002778 1.000000
0 388 0.675391 0.538194 0.085156 0.259722 -0.001563 -0.001389 1.000000
0 389 0.672266 0.534028 0.092969 0.270833 -0.003125 -0.004167 1.000000
0 390 0.673438 0.531250 0.093750 0.273611 0.001172 -0.002778 1.000000
0 391 0.672656 0.529861 0.096875 0.279167 -0.000781 -0.001389 1.000000
0 392 0.676562 0.529167 0.090625 0.280556 0.003906 -0.000694 1.000000
0 393 0.682422 0.513194 0.078906 0.312500 0.005859 -0.015972 1.000000
0 394 0.683203 0.502778 0.074219 0.330556 0.000781 -0.010417 1.000000
0 395 0.681641 0.500694 0.071094 0.331944 -0.001563 -0.002083 1.000000
0 396 0.679297 0.507639 0.071094 0.315278 -0.002344 0.006944 1.000000
0 397 0.675000 0.499306 0.075000 0.331944 -0.004297 -0.008333 1.000000
0 398 0.671484 0.499306 0.077344 0.329167 -0.003516 0.000000 1.000000
0 399 0.662500 0.509722 0.089063 0.302778 -0.008984 0.010417 1.000000
0 400 0.656250 0.510417 0.092188 0.301389 -0.006250 0.000694 1.000000
0 401 0.661719 0.511111 0.068750 0.283333 0.005469 0.000694 1.000000
0 402 0.656641 0.514583 0.067969 0.279167 -0.005078 0.003472 1.000000
0 403 0.655859 0.520139 0.067969 0.262500 -0.000781 0.005556 1.000000
0 404 0.656250 0.524306 0.067187 0.254167 0.000391 0.004167 1.000000
0 405 0.658203 0.533333 0.063281 0.236111 0.001953 0.009028 1.000000
0 406 0.657031 0.537500 0.065625 0.222222 -0.001172 0.004167 1.000000
0 407 0.656641 0.540278 0.067969 0.213889 -0.000391 0.002778 1.000000
0 408 0.655078 0.550000 0.067969 0.191667 -0.001563 0.009722 1.000000
0 409 0.654297 0.551389 0.069531 0.186111 -0.000781 0.001389 1.000000
0 410 0.651953 0.545833 0.071094 0.191667 -0.002344 -0.005556 1.000000
0 411 0.652734 0.536111 0.067969 0.208333 0.000781 -0.009722 1.000000
0 412 0.652344 0.529861 0.067187 0.218056 -0.000391 -0.006250 1.000000
0 413 0.651172 0.522917 0.064844 0.231944 -0.001172 -0.006944 1.000000
0 414 0.651172 0.517361 0.061719 0.237500 0.000000 -0.005556 1.000000
0 415 0.650391 0.513889 0.058594 0.244444 -0.000781 -0.003472 1.000000
0 416 0.649219 0.510417 0.057813 0.248611 -0.001172 -0.003472 1.000000
0 417 0.646094 0.505556 0.059375 0.252778 -0.003125 -0.004861 1.000000
0 418 0.645703 0.502778 0.061719 0.252778 -0.000391 -0.002778 1.000000
0 419 0.644531 0.500694 0.064062 0.262500 -0.001172 -0.002083 1.000000
0 420 0.645703 0.500000 0.063281 0.263889 0.001172 -0.000694 1.000000
0 421 0.644922 0.500000 0.064844 0.263889 -0.000781 0.000000 1.000000
0 422 0.642969 0.500000 0.067187 0.263889 -0.001953 0.000000 1.000000
0 423 0.640234 0.500000 0.074219 0.263889 -0.002734 0.000000 1.000000
0 424 0.637891 0.502778 0.075781 0.261111 -0.002344 0.002778 1.000000
0 425 0.633203 0.506250 0.075781 0.256944 -0.004687 0.003472 1.000000
0 426 0.628516 0.506250 0.071094 0.254167 -0.004687 0.000000 1.000000
0 427 0.621875 0.507639 0.064062 0.254167 -0.006641 0.001389 1.000000
0 428 0.621094 0.504167 0.064062 0.258333 -0.000781 -0.003472 1.000000
0 429 0.617578 0.500694 0.063281 0.268056 -0.003516 -0.003472 1.000000
0 430 0.616016 0.497917 0.063281 0.268056 -0.001563 -0.002778 1.000000
0 431 0.613281 0.495139 0.062500 0.265278 -0.002734 -0.002778 1.000000
0 432 0.612500 0.497222 0.062500 0.261111 -0.000781 0.002083 1.000000
0 433 0.608594 0.503472 0.060937 0.256944 -0.003906 0.006250 1.000000
0 434 0.606250 0.504861 0.060937 0.254167 -0.002344 0.001389 1.000000
0 435 0.602734 0.514583 0.058594 0.240278 -0.003516 0.009722 1.000000
0 436 0.600391 0.514583 0.060156 0.240278 -0.002344 0.000000 1.000000
0 437 0.595313 0.510417 0.054688 0.237500 -0.005078 -0.004167 1.000000
0 438 0.591406 0.503472 0.048438 0.231944 -0.003906 -0.006944 1.000000
0 439 0.587891 0.501389 0.044531 0.236111 -0.003516 -0.002083 1.000000
0 440 0.586719 0.497222 0.043750 0.241667 -0.001172 -0.004167 1.000000
0 441 0.584375 0.496528 0.043750 0.243056 -0.002344 -0.000694 1.000000
0 442 0.581641 0.493750 0.047656 0.237500 -0.002734 -0.002778 1.000000
0 443 0.575000 0.493056 0.045312 0.236111 -0.006641 -0.000694 1.000000
0 444 0.572266 0.487500 0.047656 0.227778 -0.002734 -0.005556 1.000000
0 445 0.567969 0.502083 0.068750 0.231944 -0.004297 0.014583 1.000000
0 446 0.565234 0.505556 0.067969 0.227778 -0.002734 0.003472 1.000000
0 447 0.561328 0.508333 0.061719 0.222222 -0.003906 0.002778 1.000000
0 448 0.560156 0.509028 0.059375 0.220833 -0.001172 0.000694 1.000000
0 449 0.555078 0.505556 0.049219 0.213889 -0.005078 -0.003472 1.000000
0 450 0.547266 0.504167 0.046094 0.216667 -0.007812 -0.001389 1.000000
0 455 0.512500 0.492361 0.048438 0.223611 -0.006953 -0.002361 1.000000
0 456 0.508203 0.504861 0.046094 0.223611 -0.004297 0.012500 1.000000
0 457 0.501563 0.513889 0.048438 0.211111 -0.006641 0.009028 1.000000
0 458 0.497266 0.513889 0.050781 0.205556 -0.004297 0.000000 1.000000
0 459 0.491797 0.508333 0.047656 0.211111 -0.005469 -0.005556 1.000000
0 460 0.489844 0.507639 0.045312 0.215278 -0.001953 -0.000694 1.000000
0 461 0.488672 0.502778 0.047656 0.222222 -0.001172 -0.004861 1.000000
0 466 0.481641 0.523611 0.058594 0.225000 -0.001406 0.004167 1.000000
0 467 0.479687 0.513889 0.048438 0.219444 -0.001953 -0.009722 1.000000
0 468 0.480469 0.513194 0.045312 0.212500 0.000781 -0.000694 1.000000
0 469 0.480859 0.509028 0.039844 0.220833 0.000391 -0.004167 1.000000
0 470 0.480469 0.507639 0.042188 0.223611 -0.000391 -0.001389 1.000000
0 471 0.479297 0.502778 0.042969 0.225000 -0.001172 -0.004861 1.000000
0 472 0.480469 0.499306 0.043750 0.223611 0.001172 -0.003472 1.000000
0 473 0.480078 0.504167 0.044531 0.222222 -0.000391 0.004861 1.000000
0 474 0.480078 0.508333 0.046094 0.216667 0.000000 0.004167 1.000000
0 475 0.479297 0.510417 0.046094 0.212500 -0.000781 0.002083 1.000000
0 476 0.478906 0.511806 0.045312 0.204167 -0.000391 0.001389 1.000000
0 477 0.482422 0.513889 0.044531 0.202778 0.003516 0.002083 1.000000
0 478 0.484766 0.513194 0.046094 0.206944 0.002344 -0.000694 1.000000
0 479 0.489844 0.510417 0.051562 0.215278 0.005078 -0.002778 1.000000
0 480 0.491406 0.506944 0.054688 0.216667 0.001563 -0.003472 1.000000
0 481 0.492188 0.503472 0.053125 0.220833 0.000781 -0.003472 1.000000
0 482 0.496875 0.505556 0.064062 0.219444 0.004687 0.002083 1.000000
0 483 0.505469 0.509028 0.067187 0.215278 0.008594 0.003472 1.000000
0 484 0.509375 0.507639 0.071875 0.215278 0.003906 -0.001389 1.000000
0 485 0.508984 0.513889 0.083594 0.205556 -0.000391 0.006250 1.000000
0 486 0.509375 0.515972 0.079687 0.198611 0.000391 0.002083 1.000000
0 487 0.508984 0.506944 0.080469 0.222222 -0.000391 -0.009028 1.000000
0 488 0.509766 0.513194 0.082031 0.209722 0.000781 0.006250 1.000000
0 489 0.509766 0.513194 0.085156 0.212500 0.000000 0.000000 1.000000
0 490 0.509766 0.511806 0.083594 0.212500 0.000000 -0.001389 1.000000
0 491 0.508984 0.512500 0.080469 0.213889 -0.000781 0.000694 1.000000
0 492 0.513672 0.511806 0.088281 0.215278 0.004687 -0.000694 1.000000
0 493 0.513281 0.513194 0.089063 0.218056 -0.000391 0.001389 1.000000
0 494 0.517188 0.512500 0.085938 0.216667 0.003906 -0.000694 1.000000
0 495 0.518750 0.516667 0.082812 0.216667 0.001563 0.004167 1.000000
0 496 0.516406 0.516667 0.075000 0.216667 -0.002344 0.000000 1.000000
0 497 0.510547 0.515972 0.066406 0.218056 -0.005859 -0.000694 1.000000
0 498 0.510156 0.518056 0.068750 0.219444 -0.000391 0.002083 1.000000
0 499 0.503516 0.517361 0.082031 0.218056 -0.006641 -0.000694 1.000000
0 500 0.501172 0.518056 0.080469 0.219444 -0.002344 0.000694 1.000000
0 501 0.506641 0.515972 0.072656 0.220833 0.005469 -0.002083 1.000000
0 502 0.505469 0.516667 0.076563 0.219444 -0.001172 0.000694 1.000000
0 503 0.501563 0.515972 0.087500 0.220833 -0.003906 -0.000694 1.000000
0 504 0.503906 0.516667 0.084375 0.222222 0.002344 0.000694 1.000000
0 505 0.502344 0.511806 0.085938 0.229167 -0.001563 -0.004861 1.000000
0 506 0.503906 0.514583 0.081250 0.223611 0.001563 0.002778 1.000000
0 507 0.499219 0.522222 0.068750 0.208333 -0.004687 0.007639 1.000000
0 508 0.499609 0.518750 0.069531 0.215278 0.000391 -0.003472 1.000000
0 509 0.501563 0.520833 0.054688 0.213889 0.001953 0.002083 1.000000
0 510 0.500391 0.525694 0.052344 0.204167 -0.001172 0.004861 1.000000
0 511 0.497656 0.538194 0.046875 0.173611 -0.002734 0.012500 1.000000
0 512 0.498047 0.540278 0.049219 0.169444 0.000391 0.002083 1.000000
0 513 0.498047 0.545139 0.050781 0.159722 0.000000 0.004861 1.000000
0 514 0.498437 0.545139 0.050000 0.159722 0.000391 0.000000 1.000000
0 515 0.498047 0.540278 0.050781 0.166667 -0.000391 -0.004861 1.000000
0 516 0.498828 0.536111 0.050781 0.175000 0.000781 -0.004167 1.000000
0 517 0.498828 0.533333 0.050781 0.180556 0.000000 -0.002778 1.000000
0 518 0.500000 0.529861 0.053125 0.187500 0.001172 -0.003472 1.000000
0 519 0.500781 0.524306 0.054688 0.201389 0.000781 -0.005556 1.000000
0 520 0.499609 0.520833 0.053906 0.208333 -0.001172 -0.003472 1.000000
0 521 0.501172 0.513889 0.053906 0.219444 0.001563 -0.006944 1.000000
0 522 0.502344 0.512500 0.057813 0.222222 0.001172 -0.001389 1.000000
0 523 0.502734 0.500694 0.067969 0.251389 0.000391 -0.011806 1.000000
0 524 0.503516 0.500000 0.072656 0.250000 0.000781 -0.000694 1.000000
0 525 0.506641 0.505556 0.074219 0.244444 0.003125 0.005556 1.000000
0 526 0.505859 0.504861 0.075781 0.243056 -0.000781 -0.000694 1.000000
0 537 0.508984 0.524306 0.078906 0.212500 0.000284 0.001768 1.000000
0 538 0.510156 0.526389 0.079687 0.208333 0.001172 0.002083 1.000000
0 539 0.510938 0.535417 0.079687 0.187500 0.000781 0.009028 1.000000
0 540 0.510938 0.529861 0.081250 0.198611 0.000000 -0.005556 1.000000
0 541 0.511719 0.543056 0.082812 0.172222 0.000781 0.013194 1.000000
0 542 0.510938 0.545139 0.079687 0.165278 -0.000781 0.002083 1.000000
0 543 0.509766 0.547917 0.064844 0.159722 -0.001172 0.002778 1.000000
0 544 0.508984 0.546528 0.055469 0.159722 -0.000781 -0.001389 1.000000
0 545 0.510547 0.543056 0.053906 0.163889 0.001563 -0.003472 1.000000
0 546 0.509766 0.541667 0.052344 0.166667 -0.000781 -0.001389 1.000000
0 547 0.511328 0.534028 0.053906 0.176389 0.001563 -0.007639 1.000000
0 548 0.510156 0.533333 0.053125 0.177778 -0.001172 -0.000694 1.000000
0 549 0.510156 0.522222 0.054688 0.197222 0.000000 -0.011111 1.000000
0 550 0.510938 0.519444 0.053125 0.202778 0.000781 -0.002778 1.000000
0 551 0.510547 0.507639 0.053906 0.220833 -0.000391 -0.011806 1.000000
0 552 0.508203 0.499306 0.053906 0.240278 -0.002344 -0.008333 1.000000
0 553 0.510938 0.486111 0.050000 0.247222 0.002734 -0.013194 1.000000
0 554 0.514453 0.479167 0.053906 0.247222 0.003516 -0.006944 1.000000
0 555 0.515625 0.481250 0.067187 0.248611 0.001172 0.002083 1.000000
0 556 0.515234 0.482639 0.072656 0.248611 -0.000391 0.001389 1.000000
0 557 0.515234 0.490278 0.074219 0.241667 0.000000 0.007639 1.000000
0 558 0.516406 0.490278 0.073438 0.238889 0.001172 0.000000 1.000000
0 573 0.508594 0.504861 0.060937 0.226389 -0.000521 0.000972 1.000000
0 574 0.506250 0.507639 0.050000 0.223611 -0.002344 0.002778 1.000000
0 575 0.502344 0.510417 0.043750 0.218056 -0.003906 0.002778 1.000000
0 576 0.504687 0.518056 0.053125 0.197222 0.002344 0.007639 1.000000
0 577 0.504687 0.522917 0.053125 0.193056 0.000000 0.004861 1.000000
0 578 0.502344 0.525694 0.048438 0.187500 -0.002344 0.002778 1.000000
0 579 0.499609 0.525694 0.042969 0.187500 -0.002734 0.000000 1.000000
0 580 0.500000 0.524306 0.043750 0.184722 0.000391 -0.001389 1.000000
0 581 0.502734 0.524306 0.049219 0.184722 0.002734 0.000000 1.000000
0 582 0.501953 0.518750 0.047656 0.201389 -0.000781 -0.005556 1.000000
0 583 0.502344 0.511806 0.046875 0.215278 0.000391 -0.006944 1.000000
0 584 0.503125 0.504861 0.042188 0.229167 0.000781 -0.006944 1.000000
0 585 0.505859 0.490972 0.044531 0.248611 0.002734 -0.013889 1.000000
0 624 0.487891 0.517361 0.055469 0.237500 -0.000461 0.000677 1.000000
0 625 0.487891 0.515972 0.053906 0.237500 0.000000 -0.001389 1.000000
0 626 0.487500 0.519444 0.048438 0.230556 -0.000391 0.003472 1.000000
0 627 0.487109 0.519444 0.053906 0.230556 -0.000391 0.000000 1.000000
0 628 0.485547 0.523611 0.063281 0.219444 -0.001563 0.004167 1.000000
0 629 0.485547 0.523611 0.063281 0.216667 0.000000 0.000000 1.000000
0 630 0.485156 0.514583 0.060937 0.237500 -0.000391 -0.009028 1.000000
0 631 0.484375 0.509028 0.062500 0.248611 -0.000781 -0.005556 1.000000
0 632 0.486719 0.506944 0.078125 0.252778 0.002344 -0.002083 1.000000
0 633 0.485547 0.506944 0.082031 0.255556 -0.001172 0.000000 1.000000
0 654 0.480859 0.518056 0.064844 0.230556 -0.000223 0.000529 1.000000
0 655 0.481250 0.518750 0.064062 0.231944 0.000391 0.000694 1.000000
0 684 0.485547 0.535417 0.063281 0.184722 0.000148 0.000575 1.000000
0 685 0.489844 0.534722 0.068750 0.188889 0.004297 -0.000694 1.000000
0 686 0.491406 0.531944 0.046875 0.194444 0.001563 -0.002778 1.000000
0 687 0.492969 0.532639 0.039062 0.212500 0.001563 0.000694 1.000000
0 688 0.496094 0.525694 0.057813 0.234722 0.003125 -0.006944 1.000000
0 689 0.498437 0.518750 0.062500 0.229167 0.002344 -0.006944 1.000000
0 690 0.498047 0.515972 0.067969 0.234722 -0.000391 -0.002778 1.000000
0 691 0.496875 0.512500 0.064062 0.244444 -0.001172 -0.003472 1.000000
0 692 0.498437 0.509722 0.059375 0.244444 0.001563 -0.002778 1.000000
0 693 0.499219 0.509028 0.060937 0.245833 0.000781 -0.000694 1.000000
0 694 0.498828 0.510417 0.058594 0.243056 -0.000391 0.001389 1.000000
0 695 0.497656 0.511111 0.057813 0.241667 -0.001172 0.000694 1.000000
0 696 0.495312 0.511806 0.051562 0.240278 -0.002344 0.000694 1.000000
0 730 0.475000 0.542361 0.062500 0.223611 -0.000597 0.000899 1.000000
0 731 0.476562 0.547917 0.065625 0.212500 0.001563 0.005556 1.000000
0 732 0.483984 0.548611 0.078906 0.211111 0.007422 0.000694 1.000000
0 733 0.484375 0.560417 0.079687 0.190278 0.000391 0.011806 1.000000
0 734 0.484766 0.560417 0.078906 0.190278 0.000391 0.000000 1.000000
0 735 0.485156 0.560417 0.079687 0.187500 0.000391 0.000000 1.000000
0 736 0.485938 0.552778 0.079687 0.200000 0.000781 -0.007639 1.000000
0 737 0.485547 0.547917 0.082031 0.206944 -0.000391 -0.004861 1.000000
0 738 0.485938 0.534722 0.082812 0.225000 0.000391 -0.013194 1.000000
0 739 0.485938 0.528472 0.082812 0.237500 0.000000 -0.006250 1.000000
0 740 0.484766 0.521528 0.077344 0.245833 -0.001172 -0.006944 1.000000
0 741 0.486328 0.519444 0.075781 0.247222 0.001563 -0.002083 1.000000
0 742 0.484375 0.518056 0.076563 0.247222 -0.001953 -0.001389 1.000000
0 743 0.484766 0.517361 0.075781 0.245833 0.000391 -0.000694 1.000000
0 767 0.481250 0.498611 0.076563 0.250000 -0.000146 -0.000781 1.000000
0 768 0.481250 0.496528 0.076563 0.254167 0.000000 -0.002083 1.000000
0 769 0.481641 0.494444 0.077344 0.252778 0.000391 -0.002083 1.000000
0 770 0.478516 0.493056 0.083594 0.255556 -0.003125 -0.001389 1.000000
0 771 0.480469 0.492361 0.078125 0.259722 0.001953 -0.000694 1.000000
0 772 0.485156 0.494444 0.078125 0.255556 0.004687 0.002083 1.000000
0 773 0.486328 0.495833 0.074219 0.250000 0.001172 0.001389 1.000000
0 774 0.481641 0.500000 0.074219 0.244444 -0.004687 0.004167 1.000000
0 775 0.482422 0.500000 0.075781 0.244444 0.000781 0.000000 1.000000
0 776 0.492188 0.505556 0.062500 0.233333 0.009766 0.005556 1.000000
0 777 0.491797 0.512500 0.058594 0.222222 -0.000391 0.006944 1.000000
0 778 0.492188 0.508333 0.057813 0.227778 0.000391 -0.004167 1.000000
0 779 0.492578 0.516667 0.055469 0.216667 0.000391 0.008333 1.000000
0 780 0.494531 0.531250 0.054688 0.187500 0.001953 0.014583 1.000000
0 781 0.496484 0.536111 0.050781 0.180556 0.001953 0.004861 1.000000
0 782 0.494922 0.534722 0.055469 0.180556 -0.001563 -0.001389 1.000000
0 783 0.493750 0.530556 0.057813 0.186111 -0.001172 -0.004167 1.000000
0 784 0.490234 0.525694 0.064844 0.198611 -0.003516 -0.004861 1.000000
0 785 0.491406 0.524306 0.064062 0.201389 0.001172 -0.001389 1.000000
0 786 0.489453 0.519444 0.067969 0.211111 -0.001953 -0.004861 1.000000
0 787 0.489844 0.511111 0.071875 0.233333 0.000391 -0.008333 1.000000
0 788 0.494922 0.489583 0.077344 0.270833 0.005078 -0.021528 1.000000
0 789 0.495703 0.493750 0.077344 0.265278 0.000781 0.004167 1.000000
0 790 0.489063 0.490278 0.075000 0.272222 -0.006641 -0.003472 1.000000
0 791 0.484375 0.490278 0.071875 0.272222 -0.004687 0.000000 1.000000
0 792 0.482031 0.488194 0.067187 0.273611 -0.002344 -0.002083 1.000000
0 793 0.482422 0.477778 0.067969 0.294444 0.000391 -0.010417 1.000000
0 794 0.485547 0.477778 0.077344 0.291667 0.003125 0.000000 1.000000
0 795 0.478906 0.483333 0.064062 0.283333 -0.006641 0.005556 1.000000
0 798 0.478906 0.490972 0.082812 0.256944 0.000000 0.002546 1.000000
0 799 0.484766 0.486111 0.083594 0.266667 0.005859 -0.004861 1.000000
0 800 0.481250 0.486111 0.085938 0.263889 -0.003516 0.000000 1.000000
0 801 0.478125 0.486806 0.071875 0.259722 -0.003125 0.000694 1.000000
0 802 0.477344 0.490278 0.060937 0.252778 -0.000781 0.003472 1.000000
0 803 0.479687 0.498611 0.064062 0.233333 0.002344 0.008333 1.000000
0 804 0.469531 0.494444 0.075000 0.238889 -0.010156 -0.004167 1.000000
0 805 0.469922 0.495139 0.077344 0.237500 0.000391 0.000694 1.000000
0 806 0.468359 0.496528 0.075781 0.234722 -0.001563 0.001389 1.000000
0 807 0.468750 0.495833 0.073438 0.233333 0.000391 -0.000694 1.000000
0 808 0.466406 0.496528 0.060937 0.226389 -0.002344 0.000694 1.000000
0 809 0.465625 0.495833 0.053125 0.227778 -0.000781 -0.000694 1.000000
0 810 0.466406 0.495833 0.048438 0.227778 0.000781 0.000000 1.000000
0 811 0.463672 0.499306 0.053906 0.231944 -0.002734 0.003472 1.000000
0 812 0.462500 0.501389 0.059375 0.233333 -0.001172 0.002083 1.000000
0 813 0.458594 0.502778 0.057813 0.238889 -0.003906 0.001389 1.000000
0 814 0.458984 0.497222 0.058594 0.238889 0.000391 -0.005556 1.000000
0 815 0.455078 0.495833 0.061719 0.244444 -0.003906 -0.001389 1.000000
0 816 0.452344 0.484028 0.065625 0.259722 -0.002734 -0.011806 1.000000
0 817 0.451172 0.478472 0.063281 0.268056 -0.001172 -0.005556 1.000000
0 818 0.450391 0.470833 0.063281 0.269444 -0.000781 -0.007639 1.000000
0 819 0.449219 0.468056 0.059375 0.266667 -0.001172 -0.002778 1.000000
0 820 0.453906 0.468056 0.059375 0.269444 0.004687 0.000000 1.000000
0 821 0.449219 0.467361 0.060937 0.276389 -0.004687 -0.000694 1.000000
0 822 0.445703 0.481250 0.057031 0.281944 -0.003516 0.013889 1.000000
0 823 0.442578 0.484028 0.060156 0.276389 -0.003125 0.002778 1.000000
0 824 0.435547 0.486111 0.066406 0.269444 -0.007031 0.002083 1.000000
0 825 0.440625 0.495139 0.062500 0.256944 0.005078 0.009028 1.000000
0 826 0.443750 0.490278 0.060937 0.261111 0.003125 -0.004861 1.000000
0 827 0.443359 0.484028 0.060156 0.279167 -0.000391 -0.006250 1.000000
0 828 0.439453 0.470139 0.055469 0.279167 -0.003906 -0.013889 1.000000
0 829 0.440234 0.463889 0.049219 0.283333 0.000781 -0.006250 1.000000
0 830 0.437891 0.464583 0.050781 0.287500 -0.002344 0.000694 1.000000
0 831 0.438672 0.465278 0.049219 0.288889 0.000781 0.000694 1.000000
0 832 0.434375 0.477778 0.062500 0.302778 -0.004297 0.012500 1.000000
0 833 0.433594 0.479861 0.067187 0.298611 -0.000781 0.002083 1.000000
0 834 0.432812 0.491667 0.076563 0.275000 -0.000781 0.011806 1.000000
0 835 0.437891 0.498611 0.069531 0.263889 0.005078 0.006944 1.000000
0 836 0.437500 0.492361 0.071875 0.276389 -0.000391 -0.006250 1.000000
0 837 0.441406 0.491667 0.062500 0.277778 0.003906 -0.000694 1.000000
0 838 0.441797 0.480556 0.058594 0.275000 0.000391 -0.011111 1.000000
0 839 0.442578 0.478472 0.057031 0.270833 0.000781 -0.002083 1.000000
0 840 0.442969 0.483333 0.054688 0.269444 0.000391 0.004861 1.000000
0 841 0.441406 0.490278 0.057813 0.277778 -0.001563 0.006944 1.000000
0 842 0.440625 0.499306 0.060937 0.259722 -0.000781 0.009028 1.000000
0 843 0.441016 0.503472 0.061719 0.251389 0.000391 0.004167 1.000000
0 844 0.439453 0.506250 0.061719 0.245833 -0.001563 0.002778 1.000000
0 845 0.437891 0.503472 0.058594 0.251389 -0.001563 -0.002778 1.000000
0 846 0.432422 0.498611 0.053906 0.261111 -0.005469 -0.004861 1.000000
0 847 0.432422 0.495833 0.044531 0.266667 0.000000 -0.002778 1.000000
0 848 0.430078 0.489583 0.044531 0.279167 -0.002344 -0.006250 1.000000
0 849 0.426172 0.484722 0.044531 0.272222 -0.003906 -0.004861 1.000000
0 850 0.425391 0.487500 0.046094 0.269444 -0.000781 0.002778 1.000000
0 851 0.421875 0.494444 0.045312 0.269444 -0.003516 0.006944 1.000000
0 852 0.417187 0.498611 0.042188 0.258333 -0.004687 0.004167 1.000000
0 853 0.414062 0.502778 0.054688 0.252778 -0.003125 0.004167 1.000000
0 854 0.420703 0.503472 0.077344 0.251389 0.006641 0.000694 1.000000
0 855 0.425781 0.501389 0.092188 0.252778 0.005078 -0.002083 1.000000
0 856 0.418750 0.495833 0.110937 0.266667 -0.007031 -0.005556 1.000000
0 857 0.417578 0.494444 0.111719 0.272222 -0.001172 -0.001389 1.000000
0 858 0.416797 0.480556 0.107031 0.286111 -0.000781 -0.013889 1.000000
0 859 0.414844 0.472917 0.081250 0.295833 -0.001953 -0.007639 1.000000
0 860 0.420312 0.464583 0.054688 0.318056 0.005469 -0.008333 1.000000
0 861 0.421094 0.468750 0.051562 0.318056 0.000781 0.004167 1.000000
0 862 0.421094 0.485417 0.048438 0.290278 0.000000 0.016667 1.000000
0 863 0.419531 0.482639 0.048438 0.295833 -0.001563 -0.002778 1.000000
0 864 0.416797 0.487500 0.057031 0.288889 -0.002734 0.004861 1.000000
0 865 0.416797 0.494444 0.061719 0.277778 0.000000 0.006944 1.000000
0 866 0.418750 0.488194 0.062500 0.295833 0.001953 -0.006250 1.000000
0 867 0.421875 0.490278 0.060937 0.288889 0.003125 0.002083 1.000000
0 868 0.428906 0.501389 0.056250 0.269444 0.007031 0.011111 1.000000
0 869 0.430469 0.498611 0.054688 0.275000 0.001563 -0.002778 1.000000
0 870 0.430469 0.509722 0.060937 0.255556 0.000000 0.011111 1.000000
0 871 0.432812 0.511806 0.059375 0.251389 0.002344 0.002083 1.000000
0 872 0.432031 0.511806 0.059375 0.248611 -0.000781 0.000000 1.000000
0 873 0.432422 0.510417 0.058594 0.251389 0.000391 -0.001389 1.000000
0 874 0.426563 0.506944 0.071875 0.255556 -0.005859 -0.003472 1.000000
0 875 0.437891 0.506250 0.100781 0.256944 0.011328 -0.000694 1.000000
0 876 0.433594 0.505556 0.098437 0.255556 -0.004297 -0.000694 1.000000
0 877 0.435937 0.506250 0.096875 0.254167 0.002344 0.000694 1.000000
0 878 0.432422 0.505556 0.074219 0.255556 -0.003516 -0.000694 1.000000
0 879 0.435547 0.504861 0.074219 0.254167 0.003125 -0.000694 1.000000
0 880 0.435156 0.504167 0.065625 0.255556 -0.000391 -0.000694 1.000000
0 881 0.436719 0.503472 0.064062 0.254167 0.001563 -0.000694 1.000000
0 882 0.440234 0.503472 0.057031 0.254167 0.003516 0.000000 1.000000
0 883 0.441016 0.504167 0.057031 0.250000 0.000781 0.000694 1.000000
0 884 0.440234 0.503472 0.055469 0.251389 -0.000781 -0.000694 1.000000
0 885 0.441406 0.502778 0.056250 0.252778 0.001172 -0.000694 1.000000
0 886 0.435937 0.502778 0.050000 0.252778 -0.005469 0.000000 1.000000
0 887 0.435547 0.502778 0.050781 0.252778 -0.000391 0.000000 1.000000
0 888 0.436719 0.504861 0.057813 0.251389 0.001172 0.002083 1.000000
0 889 0.436328 0.504167 0.063281 0.252778 -0.000391 -0.000694 1.000000
0 890 0.435937 0.501389 0.070312 0.255556 -0.000391 -0.002778 1.000000
0 891 0.434375 0.500694 0.068750 0.256944 -0.001563 -0.000694 1.000000
0 892 0.435937 0.504861 0.070312 0.248611 0.001563 0.004167 1.000000
0 893 0.437891 0.506250 0.072656 0.243056 0.001953 0.001389 1.000000
0 894 0.437500 0.505556 0.073438 0.241667 -0.000391 -0.000694 1.000000
0 895 0.437500 0.502083 0.073438 0.248611 0.000000 -0.003472 1.000000
0 896 0.435547 0.497222 0.071094 0.255556 -0.001953 -0.004861 1.000000
0 897 0.434766 0.495139 0.069531 0.256944 -0.000781 -0.002083 1.000000
0 898 0.437891 0.495833 0.066406 0.255556 0.003125 0.000694 1.000000
0 899 0.439453 0.495833 0.063281 0.255556 0.001563 0.000000 1.000000
0 900 0.442188 0.495139 0.057813 0.256944 0.002734 -0.000694 1.000000
0 901 0.441406 0.493056 0.059375 0.258333 -0.000781 -0.002083 1.000000
0 902 0.442969 0.494444 0.054688 0.255556 0.001563 0.001389 1.000000
0 903 0.444141 0.496528 0.052344 0.251389 0.001172 0.002083 1.000000
0 904 0.443359 0.495833 0.053906 0.250000 -0.000781 -0.000694 1.000000
0 905 0.445312 0.497222 0.059375 0.250000 0.001953 0.001389 1.000000
0 906 0.443750 0.495139 0.060937 0.251389 -0.001563 -0.002083 1.000000
0 907 0.439453 0.494444 0.063281 0.255556 -0.004297 -0.000694 1.000000
0 908 0.439063 0.495833 0.064062 0.255556 -0.000391 0.001389 1.000000
0 909 0.439063 0.496528 0.065625 0.259722 0.000000 0.000694 1.000000
0 910 0.435547 0.502083 0.069531 0.251389 -0.003516 0.005556 1.000000
0 911 0.427344 0.502778 0.075000 0.252778 -0.008203 0.000694 1.000000
0 912 0.423828 0.503472 0.074219 0.254167 -0.003516 0.000694 1.000000
0 913 0.422266 0.503472 0.077344 0.254167 -0.001563 0.000000 1.000000
0 914 0.421484 0.503472 0.080469 0.256944 -0.000781 0.000000 1.000000
0 915 0.422656 0.509722 0.081250 0.247222 0.001172 0.006250 1.000000
0 916 0.421484 0.509028 0.080469 0.248611 -0.001172 -0.000694 1.000000
0 917 0.423047 0.508333 0.092969 0.252778 0.001563 -0.000694 1.000000
0 918 0.425391 0.508333 0.096094 0.255556 0.002344 0.000000 1.000000
0 919 0.427734 0.509028 0.080469 0.254167 0.002344 0.000694 1.000000
0 920 0.426953 0.509722 0.067969 0.255556 -0.000781 0.000694 1.000000
0 921 0.435547 0.509722 0.072656 0.258333 0.008594 0.000000 1.000000
0 922 0.434375 0.509028 0.073438 0.259722 -0.001172 -0.000694 1.000000
0 923 0.431641 0.510417 0.066406 0.259722 -0.002734 0.001389 1.000000
0 924 0.428125 0.511111 0.060937 0.258333 -0.003516 0.000694 1.000000
0 925 0.425391 0.513194 0.063281 0.251389 -0.002734 0.002083 1.000000
0 926 0.426172 0.514583 0.064844 0.251389 0.000781 0.001389 1.000000
0 927 0.422266 0.513889 0.069531 0.252778 -0.003906 -0.000694 1.000000
0 928 0.421094 0.513889 0.070312 0.255556 -0.001172 0.000000 1.000000
0 929 0.417969 0.513194 0.064062 0.259722 -0.003125 -0.000694 1.000000
0 930 0.416797 0.513194 0.055469 0.259722 -0.001172 0.000000 1.000000
0 931 0.414453 0.515972 0.053906 0.256944 -0.002344 0.002778 1.000000
0 932 0.414453 0.515972 0.053906 0.256944 0.000000 0.000000 1.000000
0 933 0.413672 0.515972 0.053906 0.259722 -0.000781 0.000000 1.000000
0 934 0.414062 0.515972 0.056250 0.259722 0.000391 0.000000 1.000000
0 935 0.419922 0.516667 0.063281 0.258333 0.005859 0.000694 1.000000
0 936 0.421094 0.518750 0.075000 0.256944 0.001172 0.002083 1.000000
0 937 0.424609 0.519444 0.050781 0.252778 0.003516 0.000694 1.000000
0 938 0.421094 0.522222 0.045312 0.250000 -0.003516 0.002778 1.000000
0 939 0.411328 0.522917 0.063281 0.248611 -0.009766 0.000694 1.000000
0 940 0.408984 0.522917 0.080469 0.251389 -0.002344 0.000000 1.000000
0 941 0.413672 0.521528 0.085156 0.248611 0.004687 -0.001389 1.000000
0 942 0.417578 0.522222 0.075781 0.247222 0.003906 0.000694 1.000000
0 943 0.417187 0.522917 0.059375 0.245833 -0.000391 0.000694 1.000000
0 944 0.419531 0.522222 0.057813 0.244444 0.002344 -0.000694 1.000000
0 945 0.421875 0.522917 0.054688 0.245833 0.002344 0.000694 1.000000
0 946 0.419531 0.523611 0.056250 0.247222 -0.002344 0.000694 1.000000
0 947 0.412500 0.515972 0.056250 0.262500 -0.007031 -0.007639 1.000000
0 948 0.414062 0.511111 0.053125 0.272222 0.001563 -0.004861 1.000000
0 949 0.414453 0.498611 0.052344 0.280556 0.000391 -0.012500 1.000000
0 950 0.412891 0.496528 0.050781 0.273611 -0.001563 -0.002083 1.000000
0 951 0.413672 0.498611 0.046094 0.277778 0.000781 0.002083 1.000000
0 952 0.417187 0.502778 0.048438 0.280556 0.003516 0.004167 1.000000
0 953 0.417969 0.506944 0.051562 0.266667 0.000781 0.004167 1.000000
0 954 0.417969 0.511111 0.054688 0.261111 0.000000 0.004167 1.000000
0 955 0.419141 0.513194 0.057031 0.251389 0.001172 0.002083 1.000000
0 956 0.420703 0.511806 0.055469 0.251389 0.001563 -0.001389 1.000000
0 957 0.428906 0.511806 0.078125 0.251389 0.008203 0.000000 1.000000
0 958 0.428125 0.512500 0.084375 0.250000 -0.000781 0.000694 1.000000
0 959 0.420703 0.510417 0.072656 0.248611 -0.007422 -0.002083 1.000000
0 960 0.416797 0.510417 0.063281 0.251389 -0.003906 0.000000 1.000000
0 961 0.417187 0.506944 0.056250 0.255556 0.000391 -0.003472 1.000000
0 962 0.415625 0.504861 0.045312 0.254167 -0.001563 -0.002083 1.000000
0 963 0.410938 0.506944 0.068750 0.255556 -0.004687 0.002083 1.000000
0 964 0.409766 0.507639 0.069531 0.254167 -0.001172 0.000694 1.000000
0 965 0.408203 0.509028 0.067969 0.251389 -0.001563 0.001389 1.000000
0 966 0.410547 0.507639 0.071094 0.251389 0.002344 -0.001389 1.000000
0 967 0.415234 0.498611 0.055469 0.269444 0.004687 -0.009028 1.000000
0 968 0.420312 0.498611 0.045312 0.272222 0.005078 0.000000 1.000000
0 969 0.417578 0.485417 0.039844 0.281944 -0.002734 -0.013194 1.000000
0 970 0.415234 0.482639 0.038281 0.279167 -0.002344 -0.002778 1.000000
0 971 0.420312 0.482639 0.048438 0.281944 0.005078 0.000000 1.000000
0 972 0.421484 0.484722 0.052344 0.283333 0.001172 0.002083 1.000000
0 973 0.422266 0.494444 0.053906 0.277778 0.000781 0.009722 1.000000
0 974 0.422656 0.498611 0.056250 0.269444 0.000391 0.004167 1.000000
0 975 0.421484 0.504861 0.058594 0.254167 -0.001172 0.006250 1.000000
0 976 0.421875 0.506250 0.059375 0.251389 0.000391 0.001389 1.000000
0 977 0.415625 0.503472 0.045312 0.256944 -0.006250 -0.002778 1.000000
0 978 0.414062 0.502778 0.040625 0.261111 -0.001563 -0.000694 1.000000
0 979 0.415625 0.501389 0.050000 0.250000 0.001563 -0.001389 1.000000
0 980 0.416797 0.502083 0.053906 0.248611 0.001172 0.000694 1.000000
0 981 0.419531 0.502778 0.068750 0.247222 0.002734 0.000694 1.000000
0 982 0.416406 0.501389 0.071875 0.244444 -0.003125 -0.001389 1.000000
0 983 0.406250 0.500000 0.073438 0.238889 -0.010156 -0.001389 1.000000
0 984 0.403516 0.502083 0.075781 0.237500 -0.002734 0.002083 1.000000
0 985 0.399609 0.519444 0.086719 0.236111 -0.003906 0.017361 1.000000
0 986 0.399219 0.520833 0.092188 0.233333 -0.000391 0.001389 1.000000
0 987 0.401172 0.525000 0.096094 0.225000 0.001953 0.004167 1.000000
0 988 0.401562 0.525000 0.095312 0.225000 0.000391 0.000000 1.000000
0 989 0.398438 0.522917 0.087500 0.229167 -0.003125 -0.002083 1.000000
0 990 0.398047 0.521528 0.088281 0.231944 -0.000391 -0.001389 1.000000
0 991 0.398047 0.516667 0.080469 0.241667 0.000000 -0.004861 1.000000
0 992 0.401172 0.511806 0.080469 0.245833 0.003125 -0.004861 1.000000
0 993 0.402344 0.507639 0.073438 0.256944 0.001172 -0.004167 1.000000
0 994 0.402734 0.508333 0.067969 0.255556 0.000391 0.000694 1.000000
0 995 0.406250 0.507639 0.062500 0.259722 0.003516 -0.000694 1.000000
0 996 0.407422 0.507639 0.064844 0.262500 0.001172 0.000000 1.000000
0 997 0.407031 0.507639 0.060937 0.265278 -0.000391 0.000000 1.000000
0 998 0.407422 0.507639 0.058594 0.262500 0.000391 0.000000 1.000000
0 999 0.410938 0.509722 0.062500 0.263889 0.003516 0.002083 1.000000
0 1000 0.409375 0.511111 0.057813 0.263889 -0.001563 0.001389 1.000000
0 1001 0.412500 0.514583 0.062500 0.259722 0.003125 0.003472 1.000000
0 1002 0.413672 0.511111 0.064844 0.266667 0.001172 -0.003472 1.000000
0 1003 0.412500 0.514583 0.067187 0.265278 -0.001172 0.003472 1.000000
0 1004 0.410156 0.513889 0.064062 0.261111 -0.002344 -0.000694 1.000000
0 1005 0.403516 0.512500 0.057031 0.261111 -0.006641 -0.001389 1.000000
0 1006 0.400000 0.512500 0.053125 0.261111 -0.003516 0.000000 1.000000
0 1007 0.395703 0.513889 0.046094 0.261111 -0.004297 0.001389 1.000000
0 1008 0.393359 0.518056 0.047656 0.261111 -0.002344 0.004167 1.000000
0 1009 0.394141 0.518056 0.052344 0.261111 0.000781 0.000000 1.000000
0 1010 0.396094 0.520139 0.054688 0.259722 0.001953 0.002083 1.000000
0 1011 0.402734 0.517361 0.067969 0.256944 0.006641 -0.002778 1.000000
0 1012 0.405469 0.517361 0.073438 0.256944 0.002734 0.000000 1.000000
0 1013 0.398438 0.518056 0.059375 0.255556 -0.007031 0.000694 1.000000
0 1014 0.400391 0.518750 0.063281 0.254167 0.001953 0.000694 1.000000
0 1015 0.407422 0.520833 0.077344 0.250000 0.007031 0.002083 1.000000
0 1016 0.408594 0.518750 0.078125 0.254167 0.001172 -0.002083 1.000000
0 1017 0.412500 0.518750 0.081250 0.251389 0.003906 0.000000 1.000000
0 1018 0.414453 0.515972 0.078906 0.256944 0.001953 -0.002778 1.000000
0 1019 0.421094 0.524306 0.067187 0.240278 0.006641 0.008333 1.000000
0 1020 0.423047 0.521528 0.057031 0.245833 0.001953 -0.002778 1.000000
0 1021 0.426953 0.522222 0.053906 0.247222 0.003906 0.000694 1.000000
0 1022 0.427734 0.522222 0.053906 0.241667 0.000781 0.000000 1.000000
0 1023 0.412109 0.518056 0.085156 0.252778 -0.015625 -0.004167 1.000000
0 1024 0.410156 0.514583 0.090625 0.259722 -0.001953 -0.003472 1.000000
0 1025 0.411328 0.511111 0.089844 0.269444 0.001172 -0.003472 1.000000
0 1026 0.412891 0.498611 0.088281 0.288889 0.001563 -0.012500 1.000000
0 1027 0.423438 0.488194 0.071875 0.315278 0.010547 -0.010417 1.000000
0 1028 0.426172 0.488194 0.064844 0.315278 0.002734 0.000000 1.000000
0 1029 0.428906 0.502083 0.057813 0.284722 0.002734 0.013889 1.000000
0 1030 0.430469 0.502778 0.056250 0.283333 0.001563 0.000694 1.000000
0 1031 0.430859 0.500000 0.053906 0.291667 0.000391 -0.002778 1.000000
0 1032 0.430078 0.500000 0.052344 0.291667 -0.000781 0.000000 1.000000
0 1033 0.430078 0.498611 0.049219 0.291667 0.000000 -0.001389 1.000000
0 1034 0.430078 0.498611 0.047656 0.291667 0.000000 0.000000 1.000000
0 1035 0.430859 0.512500 0.046094 0.263889 0.000781 0.013889 1.000000
0 1036 0.430469 0.515278 0.054688 0.258333 -0.000391 0.002778 1.000000
0 1037 0.428516 0.518056 0.057031 0.255556 -0.001953 0.002778 1.000000
0 1038 0.428906 0.518056 0.057813 0.258333 0.000391 0.000000 1.000000
0 1039 0.434766 0.519444 0.049219 0.255556 0.005859 0.001389 1.000000
0 1040 0.432812 0.516667 0.053125 0.258333 -0.001953 -0.002778 1.000000
0 1041 0.430859 0.513889 0.067969 0.261111 -0.001953 -0.002778 1.000000
0 1042 0.430469 0.514583 0.071875 0.262500 -0.000391 0.000694 1.000000
0 1043 0.443359 0.515972 0.074219 0.259722 0.012891 0.001389 1.000000
0 1044 0.441797 0.517361 0.082031 0.254167 -0.001563 0.001389 1.000000
0 1045 0.426953 0.516667 0.080469 0.255556 -0.014844 -0.000694 1.000000
0 1046 0.424219 0.517361 0.076563 0.254167 -0.002734 0.000694 1.000000
0 1047 0.424609 0.515972 0.074219 0.256944 0.000391 -0.001389 1.000000
0 1048 0.428125 0.515972 0.070312 0.256944 0.003516 0.000000 1.000000
0 1049 0.435937 0.516667 0.056250 0.255556 0.007812 0.000694 1.000000
0 1050 0.437109 0.518750 0.053906 0.254167 0.001172 0.002083 1.000000
0 1051 0.435547 0.520833 0.053906 0.250000 -0.001563 0.002083 1.000000
0 1052 0.435156 0.519444 0.054688 0.252778 -0.000391 -0.001389 1.000000
0 1053 0.433594 0.524306 0.056250 0.248611 -0.001563 0.004861 1.000000
0 1054 0.433203 0.525694 0.057031 0.248611 -0.000391 0.001389 1.000000
0 1055 0.432031 0.526389 0.059375 0.247222 -0.001172 0.000694 1.000000
0 1056 0.430078 0.526389 0.061719 0.247222 -0.001953 0.000000 1.000000
0 1057 0.423047 0.526389 0.077344 0.250000 -0.007031 0.000000 1.000000
0 1058 0.416797 0.526389 0.089844 0.250000 -0.006250 0.000000 1.000000
0 1059 0.416797 0.527778 0.116406 0.250000 0.000000 0.001389 1.000000
0 1060 0.419922 0.528472 0.121094 0.254167 0.003125 0.000694 1.000000
0 1061 0.417187 0.527083 0.114062 0.256944 -0.002734 -0.001389 1.000000
0 1062 0.416406 0.527083 0.112500 0.259722 -0.000781 0.000000 1.000000
0 1063 0.410547 0.525694 0.114844 0.262500 -0.005859 -0.001389 1.000000
0 1064 0.406250 0.528472 0.112500 0.256944 -0.004297 0.002778 1.000000
0 1065 0.396484 0.527083 0.107031 0.259722 -0.009766 -0.001389 1.000000
0 1066 0.393750 0.527083 0.106250 0.256944 -0.002734 0.000000 1.000000
0 1067 0.388672 0.527778 0.088281 0.255556 -0.005078 0.000694 1.000000
0 1068 0.387891 0.529167 0.075781 0.255556 -0.000781 0.001389 1.000000
0 1069 0.389844 0.528472 0.059375 0.254167 0.001953 -0.000694 1.000000
0 1070 0.392188 0.530556 0.051562 0.247222 0.002344 0.002083 1.000000
0 1071 0.396094 0.527083 0.043750 0.248611 0.003906 -0.003472 1.000000
0 1072 0.394922 0.529167 0.044531 0.247222 -0.001172 0.002083 1.000000
0 1073 0.397656 0.539583 0.046875 0.223611 0.002734 0.010417 1.000000
0 1074 0.397656 0.538194 0.053125 0.223611 0.000000 -0.001389 1.000000
0 1075 0.395703 0.547222 0.055469 0.205556 -0.001953 0.009028 1.000000
0 1076 0.397266 0.549306 0.061719 0.201389 0.001563 0.002083 1.000000
0 1077 0.401953 0.558333 0.078906 0.197222 0.004687 0.009028 1.000000
0 1078 0.401172 0.561111 0.085156 0.191667 -0.000781 0.002778 1.000000
0 1079 0.401562 0.572222 0.090625 0.166667 0.000391 0.011111 1.000000
0 1080 0.401562 0.576389 0.095312 0.158333 0.000000 0.004167 1.000000
0 1081 0.407422 0.580556 0.110156 0.152778 0.005859 0.004167 1.000000
0 1082 0.407422 0.582639 0.114844 0.148611 0.000000 0.002083 1.000000
0 1083 0.409375 0.583333 0.120313 0.147222 0.001953 0.000694 1.000000
0 1084 0.414844 0.582639 0.118750 0.148611 0.005469 -0.000694 1.000000
0 1085 0.423828 0.576389 0.103906 0.158333 0.008984 -0.006250 1.000000
0 1086 0.423047 0.574306 0.100781 0.165278 -0.000781 -0.002083 1.000000
0 1087 0.422656 0.570139 0.090625 0.173611 -0.000391 -0.004167 1.000000
0 1088 0.421875 0.567361 0.087500 0.170833 -0.000781 -0.002778 1.000000
0 1089 0.426953 0.566667 0.097656 0.161111 0.005078 -0.000694 1.000000
0 1090 0.426172 0.571528 0.102344 0.162500 -0.000781 0.004861 1.000000
0 1091 0.431641 0.576389 0.099219 0.155556 0.005469 0.004861 1.000000
0 1092 0.430078 0.579167 0.099219 0.152778 -0.001563 0.002778 1.000000
0 1093 0.427734 0.584028 0.094531 0.140278 -0.002344 0.004861 1.000000
0 1094 0.426172 0.587500 0.091406 0.141667 -0.001563 0.003472 1.000000
0 1095 0.426172 0.584722 0.078906 0.141667 0.000000 -0.002778 1.000000
0 1096 0.425000 0.579861 0.085938 0.145833 -0.001172 -0.004861 1.000000
0 1097 0.428516 0.574306 0.094531 0.156944 0.003516 -0.005556 1.000000
0 1098 0.433203 0.577083 0.099219 0.170833 0.004687 0.002778 1.000000
0 1099 0.430469 0.579167 0.096875 0.169444 -0.002734 0.002083 1.000000
0 1100 0.433203 0.583333 0.103906 0.169444 0.002734 0.004167 1.000000
0 1101 0.438281 0.589583 0.114062 0.162500 0.005078 0.006250 1.000000
0 1102 0.440234 0.586806 0.116406 0.162500 0.001953 -0.002778 1.000000
0 1103 0.442969 0.579167 0.117188 0.147222 0.002734 -0.007639 1.000000
0 1104 0.444531 0.576389 0.114062 0.150000 0.001563 -0.002778 1.000000
0 1105 0.450781 0.569444 0.096875 0.161111 0.006250 -0.006944 1.000000
0 1106 0.458594 0.564583 0.087500 0.168056 0.007812 -0.004861 1.000000
0 1107 0.470313 0.554861 0.070312 0.187500 0.011719 -0.009722 1.000000
0 1108 0.473047 0.546528 0.066406 0.193056 0.002734 -0.008333 1.000000
0 1109 0.480469 0.534722 0.057813 0.213889 0.007422 -0.011806 1.000000
0 1110 0.483594 0.529861 0.054688 0.220833 0.003125 -0.004861 1.000000
0 1111 0.492188 0.520139 0.051562 0.237500 0.008594 -0.009722 1.000000
0 1112 0.496875 0.518750 0.046875 0.237500 0.004687 -0.001389 1.000000
0 1113 0.499609 0.506944 0.049219 0.255556 0.002734 -0.011806 1.000000
0 1114 0.502734 0.504861 0.047656 0.254167 0.003125 -0.002083 1.000000
0 1115 0.507812 0.502083 0.048438 0.254167 0.005078 -0.002778 1.000000
0 1116 0.511719 0.501389 0.050000 0.252778 0.003906 -0.000694 1.000000
0 1117 0.523438 0.506250 0.062500 0.240278 0.011719 0.004861 1.000000
0 1118 0.525391 0.504861 0.061719 0.240278 0.001953 -0.001389 1.000000
0 1119 0.531250 0.503472 0.073438 0.240278 0.005859 -0.001389 1.000000
0 1120 0.534375 0.502083 0.079687 0.240278 0.003125 -0.001389 1.000000
0 1121 0.548828 0.493750 0.100781 0.251389 0.014453 -0.008333 1.000000
0 1122 0.554297 0.484028 0.110156 0.270833 0.005469 -0.009722 1.000000
0 1123 0.561328 0.491667 0.121094 0.250000 0.007031 0.007639 1.000000
0 1124 0.567187 0.490278 0.121875 0.252778 0.005859 -0.001389 1.000000
0 1125 0.580859 0.490972 0.124219 0.243056 0.013672 0.000694 1.000000
0 1126 0.585938 0.486111 0.123438 0.250000 0.005078 -0.004861 1.000000
0 1127 0.599219 0.484028 0.118750 0.245833 0.013281 -0.002083 1.000000
0 1128 0.603906 0.481250 0.109375 0.248611 0.004687 -0.002778 1.000000
0 1129 0.619141 0.472917 0.075781 0.237500 0.015234 -0.008333 1.000000
0 1130 0.621875 0.472917 0.067187 0.237500 0.002734 0.000000 1.000000
0 1131 0.629297 0.479167 0.061719 0.244444 0.007422 0.006250 1.000000
0 1132 0.628125 0.477778 0.068750 0.244444 -0.001172 -0.001389 1.000000
0 1133 0.635938 0.481250 0.087500 0.234722 0.007812 0.003472 1.000000
0 1134 0.641797 0.486806 0.085156 0.245833 0.005859 0.005556 1.000000
0 1135 0.655078 0.491667 0.069531 0.225000 0.013281 0.004861 1.000000
0 1136 0.663281 0.496528 0.054688 0.215278 0.008203 0.004861 1.000000
0 1137 0.673828 0.503472 0.058594 0.198611 0.010547 0.006944 1.000000
0 1138 0.677734 0.506944 0.055469 0.191667 0.003906 0.003472 1.000000
0 1141 0.704688 0.508333 0.067187 0.175000 0.008984 0.000463 1.000000
0 1142 0.707812 0.510417 0.064062 0.179167 0.003125 0.002083 1.000000
0 1143 0.711328 0.510417 0.064844 0.179167 0.003516 0.000000 1.000000
0 1144 0.714063 0.510417 0.070312 0.179167 0.002734 0.000000 1.000000
0 1148 0.716797 0.505556 0.083594 0.186111 0.000684 -0.001215 1.000000
0 1149 0.732031 0.492361 0.060937 0.193056 0.015234 -0.013194 1.000000
0 1150 0.732422 0.491667 0.063281 0.197222 0.000391 -0.000694 1.000000
0 1151 0.734766 0.483333 0.061719 0.211111 0.002344 -0.008333 1.000000
0 1152 0.737109 0.475000 0.055469 0.208333 0.002344 -0.008333 1.000000
0 1153 0.741797 0.466667 0.044531 0.213889 0.004687 -0.008333 1.000000
0 1154 0.743359 0.464583 0.041406 0.218056 0.001563 -0.002083 1.000000
0 1155 0.746484 0.461806 0.057031 0.220833 0.003125 -0.002778 1.000000
0 1156 0.748047 0.459722 0.058594 0.227778 0.001563 -0.002083 1.000000
0 1157 0.753516 0.470833 0.058594 0.250000 0.005469 0.011111 1.000000
0 1158 0.755469 0.470833 0.060937 0.252778 0.001953 0.000000 1.000000
0 1159 0.754297 0.472222 0.063281 0.252778 -0.001172 0.001389 1.000000
0 1165 0.764453 0.479861 0.047656 0.243056 0.001693 0.001273 1.000000
0 1166 0.764453 0.482639 0.058594 0.240278 0.000000 0.002778 1.000000
0 1167 0.767578 0.479167 0.061719 0.238889 0.003125 -0.003472 1.000000
0 1168 0.767578 0.478472 0.061719 0.243056 0.000000 -0.000694 1.000000
0 1169 0.770312 0.493056 0.048438 0.213889 0.002734 0.014583 1.000000
0 1170 0.767188 0.490972 0.050000 0.215278 -0.003125 -0.002083 1.000000
0 1171 0.765234 0.490972 0.047656 0.215278 -0.001953 0.000000 1.000000
0 1172 0.758203 0.489583 0.057031 0.218056 -0.007031 -0.001389 1.000000
0 1173 0.752734 0.486111 0.061719 0.225000 -0.005469 -0.003472 1.000000
0 1174 0.751563 0.485417 0.065625 0.229167 -0.001172 -0.000694 1.000000
0 1175 0.748437 0.486111 0.071875 0.238889 -0.003125 0.000694 1.000000
0 1176 0.749219 0.486806 0.073438 0.240278 0.000781 0.000694 1.000000
0 1177 0.746875 0.488194 0.075000 0.237500 -0.002344 0.001389 1.000000
0 1178 0.746094 0.489583 0.075000 0.237500 -0.000781 0.001389 1.000000
0 1179 0.746094 0.489583 0.078125 0.237500 0.000000 0.000000 1.000000
0 1180 0.746094 0.493056 0.078125 0.233333 0.000000 0.003472 1.000000
0 1181 0.748047 0.490972 0.080469 0.240278 0.001953 -0.002083 1.000000
0 1182 0.751172 0.488194 0.082031 0.243056 0.003125 -0.002778 1.000000
0 1183 0.755078 0.486806 0.086719 0.245833 0.003906 -0.001389 1.000000
0 1184 0.755859 0.484028 0.086719 0.248611 0.000781 -0.002778 1.000000
0 1185 0.759375 0.485417 0.092188 0.245833 0.003516 0.001389 1.000000
0 1186 0.760156 0.484722 0.093750 0.247222 0.000781 -0.000694 1.000000
0 1187 0.764062 0.484722 0.101562 0.247222 0.003906 0.000000 1.000000
0 1188 0.764453 0.487500 0.102344 0.244444 0.000391 0.002778 1.000000
0 1189 0.766016 0.488889 0.100781 0.241667 0.001563 0.001389 1.000000
0 1190 0.765625 0.489583 0.093750 0.237500 -0.000391 0.000694 1.000000
0 1191 0.761719 0.498611 0.085938 0.222222 -0.003906 0.009028 1.000000
0 1192 0.760938 0.502778 0.084375 0.213889 -0.000781 0.004167 1.000000
0 1193 0.758984 0.509028 0.080469 0.201389 -0.001953 0.006250 1.000000
0 1194 0.758984 0.515278 0.080469 0.188889 0.000000 0.006250 1.000000
0 1195 0.759375 0.522917 0.081250 0.176389 0.000391 0.007639 1.000000
0 1196 0.758984 0.525694 0.080469 0.170833 -0.000391 0.002778 1.000000
0 1197 0.758984 0.528472 0.080469 0.168056 0.000000 0.002778 1.000000
0 1198 0.758984 0.529861 0.080469 0.165278 0.000000 0.001389 1.000000
0 1199 0.764062 0.527778 0.089063 0.172222 0.005078 -0.002083 1.000000
0 1200 0.761328 0.523611 0.083594 0.177778 -0.002734 -0.004167 1.000000
0 1201 0.765625 0.522222 0.092188 0.186111 0.004297 -0.001389 1.000000
0 1202 0.764453 0.519444 0.089844 0.191667 -0.001172 -0.002778 1.000000
0 1203 0.762891 0.513889 0.083594 0.202778 -0.001563 -0.005556 1.000000
