0 1 0.117188 0.378472 0.018750 0.090278 0.000000 0.000000 1.000000
0 2 0.119141 0.379861 0.019531 0.093056 0.001953 0.001389 1.000000
0 3 0.121875 0.382639 0.020313 0.090278 0.002734 0.002778 1.000000
0 4 0.124219 0.383333 0.020313 0.088889 0.002344 0.000694 1.000000
0 5 0.126172 0.382639 0.019531 0.087500 0.001953 -0.000694 1.000000
0 6 0.128125 0.381944 0.018750 0.086111 0.001953 -0.000694 1.000000
0 7 0.128906 0.383333 0.018750 0.088889 0.000781 0.001389 1.000000
0 8 0.130469 0.383333 0.018750 0.091667 0.001563 0.000000 1.000000
0 9 0.132031 0.381944 0.018750 0.091667 0.001563 -0.001389 1.000000
0 10 0.134766 0.381944 0.019531 0.091667 0.002734 0.000000 1.000000
0 11 0.137500 0.383333 0.020313 0.091667 0.002734 0.001389 1.000000
0 12 0.139844 0.382639 0.020313 0.090278 0.002344 -0.000694 1.000000
0 13 0.142187 0.384722 0.021875 0.088889 0.002344 0.002083 1.000000
0 14 0.144922 0.384722 0.021094 0.086111 0.002734 0.000000 1.000000
0 15 0.146875 0.384722 0.020313 0.086111 0.001953 0.000000 1.000000
0 16 0.149219 0.386806 0.020313 0.090278 0.002344 0.002083 1.000000
0 17 0.150391 0.387500 0.019531 0.091667 0.001172 0.000694 1.000000
0 18 0.151562 0.387500 0.018750 0.091667 0.001172 0.000000 1.000000
0 19 0.153906 0.388889 0.018750 0.091667 0.002344 0.001389 1.000000
0 20 0.157031 0.389583 0.020313 0.090278 0.003125 0.000694 1.000000
0 21 0.159766 0.391667 0.019531 0.088889 0.002734 0.002083 1.000000
0 22 0.160938 0.392361 0.018750 0.087500 0.001172 0.000694 1.000000
0 23 0.162500 0.392361 0.018750 0.087500 0.001563 0.000000 1.000000
0 24 0.163281 0.392361 0.018750 0.087500 0.000781 0.000000 1.000000
0 25 0.164062 0.394444 0.018750 0.091667 0.000781 0.002083 1.000000
0 26 0.165234 0.394444 0.019531 0.091667 0.001172 0.000000 1.000000
0 27 0.166016 0.395833 0.019531 0.094444 0.000781 0.001389 1.000000
0 28 0.167187 0.397917 0.020313 0.093056 0.001172 0.002083 1.000000
0 29 0.167969 0.398611 0.021875 0.091667 0.000781 0.000694 1.000000
0 30 0.167578 0.400694 0.022656 0.090278 -0.000391 0.002083 1.000000
0 31 0.167969 0.400694 0.021875 0.090278 0.000391 0.000000 1.000000
0 32 0.167969 0.400000 0.021875 0.088889 0.000000 -0.000694 1.000000
0 33 0.167969 0.400694 0.020313 0.090278 0.000000 0.000694 1.000000
0 34 0.168750 0.401389 0.020313 0.091667 0.000781 0.000694 1.000000
0 35 0.169531 0.402778 0.020313 0.094444 0.000781 0.001389 1.000000
0 36 0.169531 0.403472 0.020313 0.093056 0.000000 0.000694 1.000000
0 37 0.171094 0.404861 0.020313 0.093056 0.001563 0.001389 1.000000
0 38 0.171875 0.406944 0.020313 0.091667 0.000781 0.002083 1.000000
0 39 0.172656 0.408333 0.020313 0.088889 0.000781 0.001389 1.000000
0 40 0.173828 0.408333 0.019531 0.088889 0.001172 0.000000 1.000000
0 41 0.174609 0.407639 0.019531 0.087500 0.000781 -0.000694 1.000000
0 42 0.175000 0.409028 0.020313 0.090278 0.000391 0.001389 1.000000
0 43 0.175781 0.410417 0.020313 0.093056 0.000781 0.001389 1.000000
0 44 0.177344 0.410417 0.020313 0.093056 0.001563 0.000000 1.000000
0 45 0.179297 0.410417 0.022656 0.093056 0.001953 0.000000 1.000000
0 46 0.180469 0.413194 0.023438 0.093056 0.001172 0.002778 1.000000
0 47 0.182031 0.412500 0.023438 0.091667 0.001563 -0.000694 1.000000
0 48 0.185156 0.413194 0.023438 0.090278 0.003125 0.000694 1.000000
0 49 0.187500 0.413194 0.023438 0.090278 0.002344 0.000000 1.000000
0 50 0.191016 0.413889 0.022656 0.091667 0.003516 0.000694 1.000000
0 51 0.193359 0.413889 0.021094 0.091667 0.002344 0.000000 1.000000
0 52 0.197266 0.415278 0.021094 0.094444 0.003906 0.001389 1.000000
0 53 0.201172 0.416667 0.021094 0.094444 0.003906 0.001389 1.000000
0 54 0.205078 0.416667 0.021094 0.094444 0.003906 0.000000 1.000000
0 55 0.209375 0.418750 0.021875 0.093056 0.004297 0.002083 1.000000
0 56 0.213281 0.418750 0.021875 0.093056 0.003906 0.000000 1.000000
0 57 0.217188 0.420139 0.023438 0.090278 0.003906 0.001389 1.000000
0 58 0.220703 0.420139 0.022656 0.090278 0.003516 0.000000 1.000000
0 59 0.222656 0.419444 0.020313 0.091667 0.001953 -0.000694 1.000000
0 60 0.226562 0.420833 0.020313 0.091667 0.003906 0.001389 1.000000
0 61 0.229297 0.422222 0.021094 0.094444 0.002734 0.001389 1.000000
0 62 0.233203 0.423611 0.022656 0.097222 0.003906 0.001389 1.000000
0 63 0.237500 0.425694 0.025000 0.095833 0.004297 0.002083 1.000000
0 64 0.240625 0.425694 0.026562 0.095833 0.003125 0.000000 1.000000
0 65 0.244141 0.425000 0.027344 0.094444 0.003516 -0.000694 1.000000
0 66 0.246484 0.425694 0.024219 0.095833 0.002344 0.000694 1.000000
0 67 0.249219 0.424306 0.021875 0.095833 0.002734 -0.001389 1.000000
0 68 0.252734 0.425000 0.022656 0.097222 0.003516 0.000694 1.000000
0 69 0.255469 0.425000 0.021875 0.097222 0.002734 0.000000 1.000000
0 70 0.258203 0.427778 0.019531 0.100000 0.002734 0.002778 1.000000
0 71 0.261328 0.429861 0.019531 0.098611 0.003125 0.002083 1.000000
0 72 0.264844 0.429167 0.020313 0.100000 0.003516 -0.000694 1.000000
0 73 0.269531 0.431944 0.020313 0.097222 0.004687 0.002778 1.000000
0 74 0.272266 0.431944 0.022656 0.094444 0.002734 0.000000 1.000000
0 75 0.274609 0.431944 0.024219 0.094444 0.002344 0.000000 1.000000
0 76 0.277734 0.432639 0.027344 0.093056 0.003125 0.000694 1.000000
0 77 0.280469 0.432639 0.028125 0.093056 0.002734 0.000000 1.000000
0 78 0.283984 0.432639 0.030469 0.093056 0.003516 0.000000 1.000000
0 79 0.288281 0.433333 0.026562 0.091667 0.004297 0.000694 1.000000
0 80 0.291406 0.434722 0.023438 0.091667 0.003125 0.001389 1.000000
0 81 0.292187 0.435417 0.018750 0.093056 0.000781 0.000694 1.000000
0 82 0.293359 0.434722 0.014844 0.094444 0.001172 -0.000694 1.000000
0 83 0.294531 0.433333 0.014063 0.094444 0.001172 -0.001389 1.000000
0 84 0.298047 0.436111 0.017969 0.100000 0.003516 0.002778 1.000000
0 85 0.300781 0.436806 0.021875 0.098611 0.002734 0.000694 1.000000
0 86 0.303125 0.437500 0.025000 0.097222 0.002344 0.000694 1.000000
0 87 0.306250 0.438889 0.028125 0.097222 0.003125 0.001389 1.000000
0 88 0.308984 0.440972 0.030469 0.095833 0.002734 0.002083 1.000000
0 89 0.312891 0.441667 0.032031 0.094444 0.003906 0.000694 1.000000
0 90 0.317188 0.444444 0.032813 0.094444 0.004297 0.002778 1.000000
0 91 0.321094 0.444444 0.032813 0.094444 0.003906 0.000000 1.000000
0 92 0.325000 0.444444 0.031250 0.094444 0.003906 0.000000 1.000000
0 93 0.326562 0.444444 0.025000 0.094444 0.001563 0.000000 1.000000
0 94 0.329688 0.443056 0.025000 0.097222 0.003125 -0.001389 1.000000
0 95 0.335156 0.440972 0.028125 0.098611 0.005469 -0.002083 1.000000
0 96 0.337891 0.441667 0.025781 0.100000 0.002734 0.000694 1.000000
0 97 0.340625 0.443056 0.025000 0.100000 0.002734 0.001389 1.000000
0 98 0.342969 0.443750 0.023438 0.101389 0.002344 0.000694 1.000000
0 99 0.346875 0.445833 0.023438 0.100000 0.003906 0.002083 1.000000
0 100 0.349219 0.448611 0.023438 0.100000 0.002344 0.002778 1.000000
0 101 0.351562 0.448611 0.028125 0.097222 0.002344 0.000000 1.000000
0 102 0.353125 0.451389 0.028125 0.097222 0.001563 0.002778 1.000000
0 103 0.355469 0.450694 0.029687 0.095833 0.002344 -0.000694 1.000000
0 104 0.359375 0.450694 0.026562 0.095833 0.003906 0.000000 1.000000
0 105 0.363281 0.449306 0.026562 0.098611 0.003906 -0.001389 1.000000
0 106 0.366016 0.448611 0.024219 0.097222 0.002734 -0.000694 1.000000
0 107 0.368359 0.447917 0.022656 0.095833 0.002344 -0.000694 1.000000
0 108 0.370312 0.447917 0.021875 0.095833 0.001953 0.000000 1.000000
0 109 0.371875 0.448611 0.021875 0.097222 0.001563 0.000694 1.000000
0 110 0.373437 0.448611 0.021875 0.097222 0.001563 0.000000 1.000000
0 111 0.374609 0.448611 0.021094 0.097222 0.001172 0.000000 1.000000
0 112 0.375000 0.448611 0.021875 0.097222 0.000391 0.000000 1.000000
0 113 0.377344 0.448611 0.021875 0.097222 0.002344 0.000000 1.000000
0 114 0.378125 0.450000 0.021875 0.097222 0.000781 0.001389 1.000000
0 115 0.379688 0.450000 0.021875 0.097222 0.001563 0.000000 1.000000
0 116 0.381250 0.450694 0.021875 0.095833 0.001563 0.000694 1.000000
0 117 0.383594 0.451389 0.021875 0.097222 0.002344 0.000694 1.000000
0 118 0.385156 0.450000 0.020313 0.094444 0.001563 -0.001389 1.000000
0 119 0.386719 0.448611 0.020313 0.094444 0.001563 -0.001389 1.000000
0 120 0.389062 0.448611 0.020313 0.094444 0.002344 0.000000 1.000000
0 121 0.391406 0.447222 0.018750 0.094444 0.002344 -0.001389 1.000000
0 122 0.393359 0.447917 0.016406 0.095833 0.001953 0.000694 1.000000
0 123 0.394922 0.448611 0.017969 0.094444 0.001563 0.000694 1.000000
0 124 0.396875 0.448611 0.021875 0.094444 0.001953 0.000000 1.000000
0 125 0.399219 0.449306 0.023438 0.093056 0.002344 0.000694 1.000000
0 126 0.401562 0.449306 0.025000 0.093056 0.002344 0.000000 1.000000
0 127 0.405469 0.450000 0.025000 0.094444 0.003906 0.000694 1.000000
0 128 0.408594 0.450000 0.023438 0.094444 0.003125 0.000000 1.000000
0 129 0.410938 0.450000 0.021875 0.094444 0.002344 0.000000 1.000000
0 130 0.412109 0.449306 0.017969 0.093056 0.001172 -0.000694 1.000000
0 131 0.414062 0.448611 0.017188 0.094444 0.001953 -0.000694 1.000000
0 132 0.414062 0.448611 0.017188 0.094444 0.000000 0.000000 1.000000
0 133 0.416406 0.447222 0.017188 0.094444 0.002344 -0.001389 1.000000
0 134 0.417187 0.449306 0.018750 0.095833 0.000781 0.002083 1.000000
0 135 0.418750 0.449306 0.021875 0.095833 0.001563 0.000000 1.000000
0 136 0.422656 0.450000 0.021875 0.094444 0.003906 0.000694 1.000000
0 137 0.425781 0.451389 0.023438 0.094444 0.003125 0.001389 1.000000
0 138 0.429297 0.452778 0.024219 0.097222 0.003516 0.001389 1.000000
0 139 0.432812 0.454167 0.023438 0.097222 0.003516 0.001389 1.000000
0 140 0.436719 0.452778 0.021875 0.094444 0.003906 -0.001389 1.000000
0 141 0.441016 0.452778 0.019531 0.094444 0.004297 0.000000 1.000000
0 142 0.444922 0.452778 0.019531 0.094444 0.003906 0.000000 1.000000
0 143 0.449609 0.452083 0.017969 0.093056 0.004687 -0.000694 1.000000
0 144 0.453906 0.452778 0.017188 0.094444 0.004297 0.000694 1.000000
0 145 0.458984 0.453472 0.017969 0.095833 0.005078 0.000694 1.000000
0 146 0.462500 0.452778 0.021875 0.094444 0.003516 -0.000694 1.000000
0 147 0.466406 0.454167 0.023438 0.094444 0.003906 0.001389 1.000000
0 148 0.470313 0.454861 0.025000 0.093056 0.003906 0.000694 1.000000
0 149 0.475781 0.456250 0.025000 0.090278 0.005469 0.001389 1.000000
0 150 0.480469 0.455556 0.023438 0.088889 0.004687 -0.000694 1.000000
0 151 0.485938 0.456944 0.021875 0.088889 0.005469 0.001389 1.000000
0 152 0.489063 0.458333 0.021875 0.088889 0.003125 0.001389 1.000000
0 153 0.492188 0.459722 0.023438 0.088889 0.003125 0.001389 1.000000
0 154 0.495703 0.460417 0.022656 0.090278 0.003516 0.000694 1.000000
0 155 0.498828 0.459028 0.022656 0.090278 0.003125 -0.001389 1.000000
0 156 0.505469 0.456944 0.020313 0.091667 0.006641 -0.002083 1.000000
0 157 0.510156 0.458333 0.020313 0.094444 0.004687 0.001389 1.000000
0 158 0.515625 0.456944 0.018750 0.094444 0.005469 -0.001389 1.000000
0 159 0.521094 0.454167 0.018750 0.091667 0.005469 -0.002778 1.000000
0 160 0.525781 0.454861 0.020313 0.093056 0.004687 0.000694 1.000000
0 161 0.531250 0.456944 0.018750 0.091667 0.005469 0.002083 1.000000
0 162 0.537500 0.456250 0.017188 0.090278 0.006250 -0.000694 1.000000
0 163 0.542969 0.455556 0.017188 0.091667 0.005469 -0.000694 1.000000
0 164 0.550000 0.455556 0.017188 0.091667 0.007031 0.000000 1.000000
0 165 0.555469 0.452778 0.020313 0.091667 0.005469 -0.002778 1.000000
0 166 0.562500 0.452083 0.021875 0.093056 0.007031 -0.000694 1.000000
0 167 0.570312 0.450694 0.021875 0.090278 0.007812 -0.001389 1.000000
0 168 0.577344 0.450694 0.020313 0.090278 0.007031 0.000000 1.000000
0 169 0.585156 0.450694 0.020313 0.090278 0.007812 0.000000 1.000000
0 170 0.591406 0.451389 0.020313 0.088889 0.006250 0.000694 1.000000
0 171 0.596875 0.452083 0.021875 0.090278 0.005469 0.000694 1.000000
0 172 0.605078 0.450694 0.022656 0.090278 0.008203 -0.001389 1.000000
0 173 0.611328 0.450694 0.022656 0.090278 0.006250 0.000000 1.000000
0 174 0.617188 0.448611 0.025000 0.094444 0.005859 -0.002083 1.000000
0 175 0.624219 0.448611 0.023438 0.097222 0.007031 0.000000 1.000000
0 176 0.628906 0.445833 0.021875 0.091667 0.004687 -0.002778 1.000000
0 177 0.632812 0.444444 0.021875 0.088889 0.003906 -0.001389 1.000000
0 178 0.635938 0.443750 0.021875 0.087500 0.003125 -0.000694 1.000000
0 179 0.639062 0.443056 0.021875 0.086111 0.003125 -0.000694 1.000000
0 180 0.641016 0.443056 0.019531 0.088889 0.001953 0.000000 1.000000
0 181 0.642969 0.440972 0.018750 0.087500 0.001953 -0.002083 1.000000
0 182 0.644531 0.437500 0.017188 0.086111 0.001563 -0.003472 1.000000
0 183 0.648438 0.436806 0.018750 0.090278 0.003906 -0.000694 1.000000
0 184 0.650781 0.434722 0.020313 0.088889 0.002344 -0.002083 1.000000
0 185 0.652344 0.433333 0.021875 0.088889 0.001563 -0.001389 1.000000
0 186 0.652734 0.432639 0.021094 0.087500 0.000391 -0.000694 1.000000
0 187 0.651953 0.433333 0.021094 0.088889 -0.000781 0.000694 1.000000
0 188 0.651953 0.433333 0.021094 0.088889 0.000000 0.000000 1.000000
0 189 0.651953 0.433333 0.021094 0.088889 0.000000 0.000000 1.000000
0 190 0.651953 0.432639 0.021094 0.090278 0.000000 -0.000694 1.000000
0 191 0.651563 0.429861 0.020313 0.090278 -0.000391 -0.002778 1.000000
0 192 0.652344 0.427778 0.020313 0.088889 0.000781 -0.002083 1.000000
0 193 0.653125 0.427083 0.020313 0.087500 0.000781 -0.000694 1.000000
0 194 0.653906 0.427083 0.020313 0.087500 0.000781 0.000000 1.000000
0 195 0.653516 0.427083 0.019531 0.087500 -0.000391 0.000000 1.000000
0 196 0.653125 0.427083 0.018750 0.087500 -0.000391 0.000000 1.000000
0 197 0.651563 0.425000 0.018750 0.088889 -0.001563 -0.002083 1.000000
0 198 0.650391 0.423611 0.017969 0.091667 -0.001172 -0.001389 1.000000
0 199 0.650781 0.423611 0.018750 0.091667 0.000391 0.000000 1.000000
0 200 0.649219 0.420833 0.020313 0.091667 -0.001563 -0.002778 1.000000
0 201 0.646094 0.420833 0.023438 0.091667 -0.003125 0.000000 1.000000
0 202 0.644531 0.417361 0.025000 0.087500 -0.001563 -0.003472 1.000000
0 203 0.642969 0.416667 0.023438 0.086111 -0.001563 -0.000694 1.000000
0 204 0.638281 0.415972 0.025000 0.087500 -0.004687 -0.000694 1.000000
0 205 0.634375 0.417361 0.023438 0.090278 -0.003906 0.001389 1.000000
0 206 0.630469 0.416667 0.023438 0.088889 -0.003906 -0.000694 1.000000
0 207 0.626953 0.416667 0.021094 0.091667 -0.003516 0.000000 1.000000
0 208 0.624609 0.413889 0.021094 0.088889 -0.002344 -0.002778 1.000000
0 209 0.620313 0.411111 0.025000 0.086111 -0.004297 -0.002778 1.000000
0 210 0.617188 0.409722 0.026562 0.086111 -0.003125 -0.001389 1.000000
0 211 0.615625 0.410417 0.021875 0.087500 -0.001563 0.000694 1.000000
0 212 0.611719 0.411111 0.020313 0.086111 -0.003906 0.000694 1.000000
0 213 0.606641 0.409722 0.019531 0.086111 -0.005078 -0.001389 1.000000
0 214 0.602344 0.411111 0.018750 0.088889 -0.004297 0.001389 1.000000
0 215 0.598437 0.409722 0.018750 0.091667 -0.003906 -0.001389 1.000000
0 216 0.596094 0.406944 0.020313 0.091667 -0.002344 -0.002778 1.000000
0 217 0.592187 0.404861 0.025000 0.093056 -0.003906 -0.002083 1.000000
0 218 0.588672 0.404861 0.028906 0.093056 -0.003516 0.000000 1.000000
0 219 0.586328 0.404861 0.030469 0.090278 -0.002344 0.000000 1.000000
0 220 0.583594 0.404861 0.031250 0.087500 -0.002734 0.000000 1.000000
0 221 0.581250 0.404861 0.028125 0.087500 -0.002344 0.000000 1.000000
0 222 0.578906 0.404861 0.025000 0.087500 -0.002344 0.000000 1.000000
0 223 0.573438 0.401389 0.021875 0.088889 -0.005469 -0.003472 1.000000
0 224 0.567969 0.398611 0.020313 0.091667 -0.005469 -0.002778 1.000000
0 225 0.563672 0.395833 0.021094 0.091667 -0.004297 -0.002778 1.000000
0 226 0.559375 0.395139 0.021875 0.093056 -0.004297 -0.000694 1.000000
0 227 0.554688 0.395139 0.021875 0.093056 -0.004687 0.000000 1.000000
0 228 0.550391 0.393056 0.024219 0.086111 -0.004297 -0.002083 1.000000
0 229 0.545312 0.395833 0.025000 0.086111 -0.005078 0.002778 1.000000
0 230 0.540625 0.394444 0.025000 0.083333 -0.004687 -0.001389 1.000000
0 231 0.534766 0.393056 0.024219 0.083333 -0.005859 -0.001389 1.000000
0 232 0.528906 0.393056 0.025000 0.086111 -0.005859 0.000000 1.000000
0 233 0.521875 0.390278 0.023438 0.088889 -0.007031 -0.002778 1.000000
0 234 0.513281 0.388889 0.023438 0.088889 -0.008594 -0.001389 1.000000
0 235 0.507422 0.387500 0.027344 0.091667 -0.005859 -0.001389 1.000000
0 236 0.502344 0.387500 0.029687 0.091667 -0.005078 0.000000 1.000000
0 237 0.496094 0.386111 0.029687 0.088889 -0.006250 -0.001389 1.000000
0 238 0.490625 0.385417 0.028125 0.087500 -0.005469 -0.000694 1.000000
0 239 0.486719 0.386111 0.028125 0.086111 -0.003906 0.000694 1.000000
0 240 0.480469 0.385417 0.026562 0.087500 -0.006250 -0.000694 1.000000
0 241 0.473438 0.385417 0.023438 0.087500 -0.007031 0.000000 1.000000
0 242 0.467187 0.383333 0.020313 0.091667 -0.006250 -0.002083 1.000000
0 243 0.461719 0.381250 0.018750 0.090278 -0.005469 -0.002083 1.000000
0 244 0.457031 0.379167 0.017188 0.091667 -0.004687 -0.002083 1.000000
0 245 0.451953 0.379167 0.014844 0.091667 -0.005078 0.000000 1.000000
0 246 0.448437 0.380556 0.015625 0.091667 -0.003516 0.001389 1.000000
0 247 0.446484 0.381250 0.017969 0.090278 -0.001953 0.000694 1.000000
0 248 0.442188 0.381944 0.021875 0.091667 -0.004297 0.000694 1.000000
0 249 0.439063 0.381944 0.023438 0.088889 -0.003125 0.000000 1.000000
0 250 0.437891 0.383333 0.025781 0.088889 -0.001172 0.001389 1.000000
0 251 0.436719 0.384722 0.026562 0.086111 -0.001172 0.001389 1.000000
0 252 0.437500 0.386111 0.028125 0.086111 0.000781 0.001389 1.000000
0 253 0.436719 0.386111 0.026562 0.086111 -0.000781 0.000000 1.000000
0 254 0.437109 0.384722 0.024219 0.086111 0.000391 -0.001389 1.000000
0 255 0.437891 0.384722 0.024219 0.086111 0.000781 0.000000 1.000000
0 256 0.438281 0.384722 0.023438 0.086111 0.000391 0.000000 1.000000
0 257 0.437500 0.384722 0.020313 0.088889 -0.000781 0.000000 1.000000
0 258 0.436719 0.384722 0.018750 0.088889 -0.000781 0.000000 1.000000
0 259 0.435937 0.383333 0.017188 0.088889 -0.000781 -0.001389 1.000000
0 260 0.436719 0.383333 0.017188 0.088889 0.000781 0.000000 1.000000
0 261 0.436719 0.384722 0.017188 0.088889 0.000000 0.001389 1.000000
0 262 0.437109 0.386111 0.019531 0.091667 0.000391 0.001389 1.000000
0 263 0.435937 0.386806 0.018750 0.090278 -0.001172 0.000694 1.000000
0 264 0.437500 0.386806 0.018750 0.090278 0.001563 0.000000 1.000000
0 265 0.438281 0.386806 0.018750 0.090278 0.000781 0.000000 1.000000
0 266 0.439844 0.386806 0.018750 0.090278 0.001563 0.000000 1.000000
0 267 0.441406 0.386806 0.018750 0.090278 0.001563 0.000000 1.000000
0 268 0.442969 0.386806 0.018750 0.090278 0.001563 0.000000 1.000000
0 269 0.444531 0.386111 0.017188 0.088889 0.001563 -0.000694 1.000000
0 270 0.447656 0.386806 0.018750 0.090278 0.003125 0.000694 1.000000
0 271 0.450000 0.388194 0.018750 0.090278 0.002344 0.001389 1.000000
0 272 0.453125 0.386806 0.018750 0.090278 0.003125 -0.001389 1.000000
0 273 0.456641 0.386806 0.019531 0.090278 0.003516 0.000000 1.000000
0 274 0.459375 0.386806 0.018750 0.090278 0.002734 0.000000 1.000000
0 275 0.462500 0.386806 0.018750 0.090278 0.003125 0.000000 1.000000
0 276 0.464844 0.388194 0.017188 0.090278 0.002344 0.001389 1.000000
0 277 0.467578 0.388194 0.016406 0.090278 0.002734 0.000000 1.000000
0 278 0.470313 0.387500 0.015625 0.088889 0.002734 -0.000694 1.000000
0 279 0.473438 0.388889 0.015625 0.088889 0.003125 0.001389 1.000000
0 280 0.476562 0.388889 0.015625 0.088889 0.003125 0.000000 1.000000
0 281 0.478906 0.388889 0.015625 0.088889 0.002344 0.000000 1.000000
0 282 0.481641 0.390972 0.014844 0.087500 0.002734 0.002083 1.000000
0 283 0.484766 0.390278 0.014844 0.086111 0.003125 -0.000694 1.000000
0 284 0.487109 0.390278 0.014844 0.086111 0.002344 0.000000 1.000000
0 285 0.490234 0.389583 0.014844 0.084722 0.003125 -0.000694 1.000000
0 286 0.494922 0.390278 0.014844 0.086111 0.004687 0.000694 1.000000
0 287 0.498047 0.390278 0.014844 0.086111 0.003125 0.000000 1.000000
0 288 0.501953 0.390278 0.014844 0.086111 0.003906 0.000000 1.000000
0 289 0.506641 0.390278 0.014844 0.086111 0.004687 0.000000 1.000000
0 290 0.510547 0.390278 0.014844 0.086111 0.003906 0.000000 1.000000
0 291 0.515234 0.390278 0.014844 0.086111 0.004687 0.000000 1.000000
0 292 0.518750 0.390278 0.015625 0.086111 0.003516 0.000000 1.000000
0 293 0.523438 0.390278 0.017188 0.086111 0.004687 0.000000 1.000000
0 294 0.529297 0.392361 0.021094 0.084722 0.005859 0.002083 1.000000
0 295 0.532813 0.392361 0.021875 0.084722 0.003516 0.000000 1.000000
0 296 0.537500 0.392361 0.021875 0.084722 0.004687 0.000000 1.000000
0 297 0.540625 0.392361 0.021875 0.084722 0.003125 0.000000 1.000000
0 298 0.544922 0.392361 0.021094 0.084722 0.004297 0.000000 1.000000
0 299 0.549609 0.392361 0.021094 0.084722 0.004687 0.000000 1.000000
0 300 0.553516 0.393056 0.022656 0.086111 0.003906 0.000694 1.000000
0 301 0.557422 0.393056 0.022656 0.086111 0.003906 0.000000 1.000000
0 302 0.561719 0.393056 0.023438 0.086111 0.004297 0.000000 1.000000
0 303 0.565625 0.393750 0.025000 0.087500 0.003906 0.000694 1.000000
0 304 0.570312 0.394444 0.025000 0.088889 0.004687 0.000694 1.000000
0 305 0.574609 0.395139 0.025781 0.090278 0.004297 0.000694 1.000000
0 306 0.578906 0.395139 0.025000 0.087500 0.004297 0.000000 1.000000
0 307 0.583594 0.394444 0.025000 0.086111 0.004687 -0.000694 1.000000
0 308 0.587500 0.397222 0.023438 0.088889 0.003906 0.002778 1.000000
0 309 0.592187 0.400000 0.023438 0.088889 0.004687 0.002778 1.000000
0 310 0.596875 0.399306 0.023438 0.087500 0.004687 -0.000694 1.000000
0 311 0.601562 0.398611 0.021875 0.086111 0.004687 -0.000694 1.000000
0 312 0.607812 0.399306 0.021875 0.087500 0.006250 0.000694 1.000000
0 313 0.612109 0.399306 0.021094 0.087500 0.004297 0.000000 1.000000
0 314 0.617969 0.398611 0.020313 0.088889 0.005859 -0.000694 1.000000
0 315 0.624219 0.400000 0.020313 0.088889 0.006250 0.001389 1.000000
0 316 0.630078 0.400000 0.021094 0.088889 0.005859 0.000000 1.000000
0 317 0.636328 0.400000 0.021094 0.088889 0.006250 0.000000 1.000000
0 318 0.642969 0.402778 0.021875 0.088889 0.006641 0.002778 1.000000
0 319 0.649219 0.401389 0.021875 0.086111 0.006250 -0.001389 1.000000
0 320 0.656250 0.401389 0.021875 0.086111 0.007031 0.000000 1.000000
0 321 0.663281 0.401389 0.023438 0.086111 0.007031 0.000000 1.000000
0 322 0.670312 0.401389 0.023438 0.086111 0.007031 0.000000 1.000000
0 323 0.677734 0.401389 0.022656 0.086111 0.007422 0.000000 1.000000
0 324 0.684766 0.401389 0.022656 0.086111 0.007031 0.000000 1.000000
0 325 0.692187 0.402083 0.021875 0.087500 0.007422 0.000694 1.000000
0 326 0.700000 0.401389 0.021875 0.091667 0.007812 -0.000694 1.000000
0 327 0.707812 0.404167 0.021875 0.091667 0.007812 0.002778 1.000000
0 328 0.716406 0.405556 0.021875 0.091667 0.008594 0.001389 1.000000
0 329 0.725000 0.406944 0.020313 0.091667 0.008594 0.001389 1.000000
0 330 0.733203 0.406944 0.019531 0.091667 0.008203 0.000000 1.000000
0 331 0.742578 0.406944 0.019531 0.091667 0.009375 0.000000 1.000000
0 332 0.749609 0.407639 0.021094 0.093056 0.007031 0.000694 1.000000
0 333 0.758984 0.408333 0.021094 0.094444 0.009375 0.000694 1.000000
0 334 0.767188 0.408333 0.021875 0.094444 0.008203 0.000000 1.000000
0 335 0.773438 0.409722 0.021875 0.094444 0.006250 0.001389 1.000000
0 336 0.781250 0.410417 0.021875 0.093056 0.007812 0.000694 1.000000
0 337 0.788672 0.410417 0.022656 0.093056 0.007422 0.000000 1.000000
0 338 0.795703 0.410417 0.022656 0.093056 0.007031 0.000000 1.000000
0 339 0.803516 0.410417 0.022656 0.093056 0.007812 0.000000 1.000000
0 340 0.809766 0.411806 0.022656 0.093056 0.006250 0.001389 1.000000
0 341 0.816406 0.413889 0.023438 0.094444 0.006641 0.002083 1.000000
0 342 0.822656 0.413889 0.023438 0.094444 0.006250 0.000000 1.000000
0 343 0.828906 0.413889 0.025000 0.094444 0.006250 0.000000 1.000000
0 344 0.834375 0.415278 0.025000 0.094444 0.005469 0.001389 1.000000
0 345 0.839844 0.416667 0.025000 0.094444 0.005469 0.001389 1.000000
0 346 0.845313 0.417361 0.025000 0.095833 0.005469 0.000694 1.000000
0 347 0.849609 0.416667 0.024219 0.094444 0.004297 -0.000694 1.000000
0 348 0.854297 0.416667 0.022656 0.094444 0.004687 0.000000 1.000000
0 349 0.858594 0.416667 0.020313 0.094444 0.004297 0.000000 1.000000
0 350 0.862109 0.416667 0.019531 0.094444 0.003516 0.000000 1.000000
0 351 0.865625 0.416667 0.018750 0.094444 0.003516 0.000000 1.000000
0 352 0.868750 0.416667 0.017188 0.094444 0.003125 0.000000 1.000000
0 353 0.871094 0.417361 0.017188 0.095833 0.002344 0.000694 1.000000
0 354 0.872656 0.418056 0.020313 0.094444 0.001563 0.000694 1.000000
0 355 0.875000 0.418056 0.021875 0.094444 0.002344 0.000000 1.000000
0 356 0.877344 0.418750 0.021875 0.093056 0.002344 0.000694 1.000000
0 357 0.879687 0.420139 0.021875 0.093056 0.002344 0.001389 1.000000
0 358 0.883594 0.421528 0.020313 0.093056 0.003906 0.001389 1.000000
0 359 0.886719 0.421528 0.020313 0.093056 0.003125 0.000000 1.000000
0 360 0.890234 0.422917 0.019531 0.093056 0.003516 0.001389 1.000000
0 361 0.893359 0.423611 0.019531 0.094444 0.003125 0.000694 1.000000
0 362 0.896875 0.423611 0.018750 0.094444 0.003516 0.000000 1.000000
0 363 0.900000 0.423611 0.017188 0.094444 0.003125 0.000000 1.000000
0 364 0.903125 0.425000 0.018750 0.094444 0.003125 0.001389 1.000000
0 365 0.905469 0.425000 0.020313 0.094444 0.002344 0.000000 1.000000
0 366 0.907813 0.426389 0.021875 0.097222 0.002344 0.001389 1.000000
0 367 0.911328 0.426389 0.022656 0.097222 0.003516 0.000000 1.000000
0 368 0.914844 0.429861 0.025000 0.098611 0.003516 0.003472 1.000000
0 369 0.918750 0.431944 0.025000 0.100000 0.003906 0.002083 1.000000
0 370 0.922656 0.433333 0.026562 0.097222 0.003906 0.001389 1.000000
0 371 0.926172 0.433333 0.025781 0.097222 0.003516 0.000000 1.000000
0 372 0.930078 0.434722 0.022656 0.097222 0.003906 0.001389 1.000000
0 373 0.935156 0.436806 0.021875 0.095833 0.005078 0.002083 1.000000
0 374 0.939453 0.437500 0.019531 0.097222 0.004297 0.000694 1.000000
0 375 0.943359 0.437500 0.019531 0.097222 0.003906 0.000000 1.000000
0 376 0.946875 0.439583 0.018750 0.095833 0.003516 0.002083 1.000000
0 377 0.951953 0.439583 0.017969 0.095833 0.005078 0.000000 1.000000
0 378 0.955469 0.440278 0.018750 0.097222 0.003516 0.000694 1.000000
0 379 0.959766 0.440278 0.019531 0.097222 0.004297 0.000000 1.000000
0 380 0.962109 0.441667 0.024219 0.097222 0.002344 0.001389 1.000000
0 381 0.965234 0.442361 0.027344 0.095833 0.003125 0.000694 1.000000
0 382 0.968750 0.441667 0.028125 0.094444 0.003516 -0.000694 1.000000
0 383 0.973437 0.441667 0.028125 0.094444 0.004687 0.000000 1.000000
0 384 0.977344 0.443750 0.028125 0.095833 0.003906 0.002083 1.000000
0 385 0.982812 0.445139 0.026562 0.095833 0.005469 0.001389 1.000000
0 386 0.987500 0.445833 0.025000 0.097222 0.004687 0.000694 1.000000
0 387 0.989844 0.445139 0.020313 0.095833 0.002344 -0.000694 1.000000
0 388 0.991797 0.445139 0.016406 0.095833 0.001953 0.000000 1.000000
0 389 0.994531 0.445139 0.010937 0.095833 0.002734 0.000000 1.000000
0 390 0.995703 0.445139 0.008594 0.095833 0.001172 0.000000 1.000000
0 391 0.996875 0.444444 0.006250 0.097222 0.001172 -0.000694 1.000000
0 392 0.997656 0.443750 0.004687 0.095833 0.000781 -0.000694 1.000000
0 395 0.997266 0.446528 0.005469 0.095833 -0.000130 0.000926 1.000000
0 396 0.996484 0.445139 0.007031 0.095833 -0.000781 -0.001389 1.000000
0 397 0.996875 0.445139 0.006250 0.095833 0.000391 0.000000 1.000000
0 398 0.998047 0.445139 0.003906 0.095833 0.001172 0.000000 1.000000
