0 49 0.003516 0.739583 0.007031 0.134722 0.000000 0.000000 1.000000
0 50 0.005859 0.740972 0.011719 0.131944 0.002344 0.001389 1.000000
0 51 0.007812 0.740972 0.015625 0.131944 0.001953 0.000000 1.000000
0 52 0.010547 0.740278 0.021094 0.130556 0.002734 -0.000694 1.000000
0 53 0.012500 0.741667 0.025000 0.130556 0.001953 0.001389 1.000000
0 54 0.013672 0.740972 0.027344 0.131944 0.001172 -0.000694 1.000000
0 55 0.013672 0.740972 0.027344 0.131944 0.000000 0.000000 1.000000
0 56 0.017969 0.740278 0.035937 0.133333 0.004297 -0.000694 1.000000
0 57 0.019922 0.740972 0.039844 0.131944 0.001953 0.000694 1.000000
0 58 0.022266 0.740972 0.044531 0.131944 0.002344 0.000000 1.000000
0 59 0.025391 0.739583 0.047656 0.129167 0.003125 -0.001389 1.000000
0 60 0.028906 0.740972 0.048438 0.129167 0.003516 0.001389 1.000000
0 61 0.032031 0.740278 0.048438 0.130556 0.003125 -0.000694 1.000000
0 62 0.038281 0.740972 0.046875 0.129167 0.006250 0.000694 1.000000
0 63 0.042578 0.740278 0.047656 0.130556 0.004297 -0.000694 1.000000
0 64 0.047656 0.740972 0.048438 0.129167 0.005078 0.000694 1.000000
0 65 0.051953 0.741667 0.047656 0.130556 0.004297 0.000694 1.000000
0 66 0.057031 0.741667 0.048438 0.133333 0.005078 0.000000 1.000000
0 67 0.061328 0.741667 0.047656 0.133333 0.004297 0.000000 1.000000
0 68 0.065625 0.741667 0.046875 0.133333 0.004297 0.000000 1.000000
0 69 0.069531 0.743056 0.045312 0.133333 0.003906 0.001389 1.000000
0 70 0.075000 0.744444 0.046875 0.133333 0.005469 0.001389 1.000000
0 71 0.080469 0.744444 0.046875 0.133333 0.005469 0.000000 1.000000
0 72 0.085156 0.743750 0.045312 0.131944 0.004687 -0.000694 1.000000
0 73 0.089844 0.742361 0.045312 0.131944 0.004687 -0.001389 1.000000
0 74 0.094922 0.742361 0.044531 0.131944 0.005078 0.000000 1.000000
0 75 0.101172 0.742361 0.044531 0.131944 0.006250 0.000000 1.000000
0 76 0.106250 0.742361 0.043750 0.131944 0.005078 0.000000 1.000000
0 77 0.110937 0.742361 0.043750 0.131944 0.004687 0.000000 1.000000
0 78 0.114062 0.743056 0.040625 0.130556 0.003125 0.000694 1.000000
0 79 0.117188 0.743750 0.039062 0.131944 0.003125 0.000694 1.000000
0 80 0.119531 0.743056 0.035937 0.130556 0.002344 -0.000694 1.000000
0 81 0.123047 0.743056 0.033594 0.130556 0.003516 0.000000 1.000000
0 82 0.125391 0.744444 0.032031 0.130556 0.002344 0.001389 1.000000
0 83 0.127734 0.745833 0.032031 0.130556 0.002344 0.001389 1.000000
0 84 0.132031 0.745833 0.032813 0.130556 0.004297 0.000000 1.000000
0 85 0.135937 0.745833 0.032813 0.130556 0.003906 0.000000 1.000000
0 86 0.141016 0.746528 0.035156 0.131944 0.005078 0.000694 1.000000
0 87 0.144922 0.747917 0.035156 0.131944 0.003906 0.001389 1.000000
0 88 0.150000 0.749306 0.037500 0.131944 0.005078 0.001389 1.000000
0 89 0.153125 0.749306 0.039062 0.131944 0.003125 0.000000 1.000000
0 90 0.157031 0.750694 0.039062 0.131944 0.003906 0.001389 1.000000
0 91 0.161719 0.750694 0.039062 0.131944 0.004687 0.000000 1.000000
0 92 0.164062 0.752083 0.037500 0.131944 0.002344 0.001389 1.000000
0 93 0.166797 0.750694 0.033594 0.131944 0.002734 -0.001389 1.000000
0 94 0.169922 0.749306 0.030469 0.131944 0.003125 -0.001389 1.000000
0 95 0.172656 0.750000 0.029687 0.133333 0.002734 0.000694 1.000000
0 96 0.177344 0.750000 0.029687 0.133333 0.004687 0.000000 1.000000
0 97 0.181250 0.751389 0.029687 0.133333 0.003906 0.001389 1.000000
0 98 0.185156 0.752778 0.029687 0.133333 0.003906 0.001389 1.000000
0 99 0.189062 0.754167 0.031250 0.133333 0.003906 0.001389 1.000000
0 100 0.192969 0.754167 0.031250 0.130556 0.003906 0.000000 1.000000
0 101 0.196875 0.754167 0.032813 0.130556 0.003906 0.000000 1.000000
0 102 0.200000 0.754167 0.032813 0.130556 0.003125 0.000000 1.000000
0 103 0.203516 0.754167 0.032031 0.130556 0.003516 0.000000 1.000000
0 104 0.206641 0.752083 0.032031 0.131944 0.003125 -0.002083 1.000000
0 105 0.208203 0.751389 0.032031 0.130556 0.001563 -0.000694 1.000000
0 106 0.210938 0.748611 0.029687 0.130556 0.002734 -0.002778 1.000000
0 107 0.212109 0.747222 0.027344 0.130556 0.001172 -0.001389 1.000000
0 108 0.212500 0.744444 0.025000 0.127778 0.000391 -0.002778 1.000000
0 109 0.213672 0.744444 0.024219 0.127778 0.001172 0.000000 1.000000
0 110 0.216406 0.743056 0.025000 0.130556 0.002734 -0.001389 1.000000
0 111 0.217188 0.742361 0.028125 0.129167 0.000781 -0.000694 1.000000
0 112 0.217578 0.743056 0.032031 0.130556 0.000391 0.000694 1.000000
0 113 0.218750 0.742361 0.034375 0.129167 0.001172 -0.000694 1.000000
0 114 0.220312 0.743056 0.034375 0.130556 0.001563 0.000694 1.000000
0 115 0.222266 0.744444 0.032031 0.130556 0.001953 0.001389 1.000000
0 116 0.222656 0.743056 0.029687 0.127778 0.000391 -0.001389 1.000000
0 117 0.222656 0.740278 0.026562 0.125000 0.000000 -0.002778 1.000000
0 118 0.222656 0.740278 0.023438 0.127778 0.000000 0.000000 1.000000
0 119 0.223438 0.741667 0.021875 0.130556 0.000781 0.001389 1.000000
0 120 0.225000 0.740278 0.025000 0.130556 0.001563 -0.001389 1.000000
0 121 0.228125 0.741667 0.029687 0.130556 0.003125 0.001389 1.000000
0 122 0.229687 0.741667 0.032813 0.130556 0.001563 0.000000 1.000000
0 123 0.232031 0.741667 0.035937 0.130556 0.002344 0.000000 1.000000
0 124 0.233594 0.743056 0.037500 0.130556 0.001563 0.001389 1.000000
0 125 0.234766 0.742361 0.038281 0.131944 0.001172 -0.000694 1.000000
0 126 0.235937 0.741667 0.039062 0.133333 0.001172 -0.000694 1.000000
0 127 0.237500 0.739583 0.037500 0.129167 0.001563 -0.002083 1.000000
0 128 0.237891 0.738194 0.035156 0.129167 0.000391 -0.001389 1.000000
0 129 0.239453 0.736111 0.030469 0.127778 0.001563 -0.002083 1.000000
0 130 0.239844 0.736111 0.026562 0.127778 0.000391 0.000000 1.000000
0 131 0.241406 0.736111 0.023438 0.127778 0.001563 0.000000 1.000000
0 132 0.242578 0.735417 0.025781 0.129167 0.001172 -0.000694 1.000000
0 133 0.242188 0.734722 0.031250 0.127778 -0.000391 -0.000694 1.000000
0 134 0.243750 0.736111 0.034375 0.127778 0.001563 0.001389 1.000000
0 135 0.246875 0.734722 0.035937 0.125000 0.003125 -0.001389 1.000000
0 136 0.250000 0.736111 0.034375 0.127778 0.003125 0.001389 1.000000
0 137 0.254688 0.736111 0.034375 0.127778 0.004687 0.000000 1.000000
0 138 0.258203 0.736111 0.033594 0.127778 0.003516 0.000000 1.000000
0 139 0.260937 0.734722 0.029687 0.125000 0.002734 -0.001389 1.000000
0 140 0.262500 0.734722 0.025000 0.125000 0.001563 0.000000 1.000000
0 141 0.264062 0.733333 0.023438 0.125000 0.001563 -0.001389 1.000000
0 142 0.267188 0.734028 0.025000 0.126389 0.003125 0.000694 1.000000
0 143 0.271484 0.733333 0.024219 0.127778 0.004297 -0.000694 1.000000
0 144 0.274219 0.733333 0.029687 0.127778 0.002734 0.000000 1.000000
0 145 0.277344 0.736111 0.032813 0.127778 0.003125 0.002778 1.000000
0 146 0.280078 0.734722 0.035156 0.127778 0.002734 -0.001389 1.000000
0 147 0.283594 0.736111 0.035937 0.127778 0.003516 0.001389 1.000000
0 148 0.286719 0.736111 0.035937 0.127778 0.003125 0.000000 1.000000
0 149 0.290234 0.734722 0.033594 0.127778 0.003516 -0.001389 1.000000
0 150 0.292187 0.733333 0.031250 0.127778 0.001953 -0.001389 1.000000
0 151 0.294922 0.729861 0.027344 0.126389 0.002734 -0.003472 1.000000
0 152 0.298438 0.730556 0.025000 0.125000 0.003516 0.000694 1.000000
0 153 0.303516 0.730556 0.024219 0.125000 0.005078 0.000000 1.000000
0 154 0.307812 0.730556 0.026562 0.125000 0.004297 0.000000 1.000000
0 155 0.313281 0.730556 0.029687 0.125000 0.005469 0.000000 1.000000
0 156 0.316406 0.731250 0.034375 0.123611 0.003125 0.000694 1.000000
0 157 0.321875 0.731944 0.034375 0.125000 0.005469 0.000694 1.000000
0 158 0.325000 0.731944 0.034375 0.125000 0.003125 0.000000 1.000000
0 159 0.327734 0.729167 0.036719 0.119444 0.002734 -0.002778 1.000000
0 160 0.331250 0.727778 0.035937 0.119444 0.003516 -0.001389 1.000000
0 161 0.334766 0.726389 0.032031 0.119444 0.003516 -0.001389 1.000000
0 162 0.336719 0.726389 0.029687 0.122222 0.001953 0.000000 1.000000
0 163 0.342969 0.723611 0.029687 0.125000 0.006250 -0.002778 1.000000
0 164 0.348047 0.722917 0.030469 0.129167 0.005078 -0.000694 1.000000
0 165 0.354297 0.722222 0.033594 0.127778 0.006250 -0.000694 1.000000
0 166 0.360156 0.722222 0.031250 0.127778 0.005859 0.000000 1.000000
0 167 0.365625 0.720139 0.031250 0.120833 0.005469 -0.002083 1.000000
0 168 0.369922 0.719444 0.028906 0.119444 0.004297 -0.000694 1.000000
0 169 0.375391 0.719444 0.025781 0.119444 0.005469 0.000000 1.000000
0 170 0.379688 0.718056 0.021875 0.119444 0.004297 -0.001389 1.000000
0 171 0.385937 0.716667 0.021875 0.122222 0.006250 -0.001389 1.000000
0 172 0.391406 0.715972 0.023438 0.123611 0.005469 -0.000694 1.000000
0 173 0.397266 0.715278 0.027344 0.127778 0.005859 -0.000694 1.000000
0 174 0.400391 0.713889 0.033594 0.125000 0.003125 -0.001389 1.000000
0 175 0.404687 0.713889 0.032813 0.122222 0.004297 0.000000 1.000000
0 176 0.408594 0.711806 0.031250 0.118056 0.003906 -0.002083 1.000000
0 177 0.411328 0.711806 0.028906 0.118056 0.002734 0.000000 1.000000
0 178 0.410938 0.711111 0.026562 0.119444 -0.000391 -0.000694 1.000000
0 179 0.413281 0.709722 0.026562 0.122222 0.002344 -0.001389 1.000000
0 180 0.414844 0.706944 0.026562 0.125000 0.001563 -0.002778 1.000000
0 181 0.415625 0.706944 0.026562 0.127778 0.000781 0.000000 1.000000
0 182 0.416797 0.705556 0.025781 0.127778 0.001172 -0.001389 1.000000
0 183 0.417187 0.705556 0.025000 0.130556 0.000391 0.000000 1.000000
0 184 0.417969 0.704861 0.025000 0.129167 0.000781 -0.000694 1.000000
0 185 0.419141 0.704167 0.025781 0.125000 0.001172 -0.000694 1.000000
0 186 0.419531 0.700694 0.023438 0.120833 0.000391 -0.003472 1.000000
0 187 0.418750 0.699306 0.021875 0.120833 -0.000781 -0.001389 1.000000
0 188 0.418359 0.698611 0.021094 0.122222 -0.000391 -0.000694 1.000000
0 189 0.417969 0.695833 0.020313 0.125000 -0.000391 -0.002778 1.000000
0 190 0.416797 0.695833 0.022656 0.125000 -0.001172 0.000000 1.000000
0 191 0.415625 0.697222 0.028125 0.127778 -0.001172 0.001389 1.000000
0 192 0.415625 0.696528 0.031250 0.126389 0.000000 -0.000694 1.000000
0 193 0.417187 0.695833 0.034375 0.125000 0.001563 -0.000694 1.000000
0 194 0.418359 0.697222 0.033594 0.122222 0.001172 0.001389 1.000000
0 195 0.418359 0.697222 0.033594 0.122222 0.000000 0.000000 1.000000
0 196 0.417187 0.693056 0.026562 0.119444 -0.001172 -0.004167 1.000000
0 197 0.415625 0.690278 0.025000 0.119444 -0.001563 -0.002778 1.000000
0 198 0.415625 0.688194 0.026562 0.120833 0.000000 -0.002083 1.000000
0 199 0.418359 0.697222 0.033594 0.122222 0.002734 0.009028 1.000000
0 200 0.418359 0.697222 0.033594 0.122222 0.000000 0.000000 1.000000
0 201 0.418359 0.697222 0.033594 0.122222 0.000000 0.000000 1.000000
0 202 0.413281 0.687500 0.032813 0.125000 -0.005078 -0.009722 1.000000
0 203 0.412500 0.686806 0.032813 0.123611 -0.000781 -0.000694 1.000000
0 204 0.411328 0.686806 0.035156 0.123611 -0.001172 0.000000 1.000000
0 205 0.410547 0.686111 0.035156 0.122222 -0.000781 -0.000694 1.000000
0 206 0.409375 0.687500 0.034375 0.122222 -0.001172 0.001389 1.000000
0 207 0.406641 0.687500 0.032031 0.119444 -0.002734 0.000000 1.000000
0 208 0.403125 0.684722 0.028125 0.119444 -0.003516 -0.002778 1.000000
0 209 0.398047 0.684028 0.022656 0.120833 -0.005078 -0.000694 1.000000
0 210 0.394531 0.681250 0.025000 0.120833 -0.003516 -0.002778 1.000000
0 211 0.392188 0.680556 0.026562 0.122222 -0.002344 -0.000694 1.000000
0 212 0.389062 0.681250 0.028125 0.123611 -0.003125 0.000694 1.000000
0 213 0.387109 0.680556 0.027344 0.122222 -0.001953 -0.000694 1.000000
0 214 0.385156 0.680556 0.026562 0.122222 -0.001953 0.000000 1.000000
0 215 0.383594 0.680556 0.026562 0.122222 -0.001563 0.000000 1.000000
0 216 0.381641 0.679167 0.025781 0.122222 -0.001953 -0.001389 1.000000
0 217 0.380078 0.677778 0.025781 0.119444 -0.001563 -0.001389 1.000000
0 218 0.378906 0.677778 0.026562 0.122222 -0.001172 0.000000 1.000000
0 219 0.377344 0.677778 0.026562 0.119444 -0.001563 0.000000 1.000000
0 220 0.376953 0.677778 0.025781 0.119444 -0.000391 0.000000 1.000000
0 221 0.377344 0.676389 0.023438 0.119444 0.000391 -0.001389 1.000000
0 222 0.376563 0.674306 0.023438 0.120833 -0.000781 -0.002083 1.000000
0 223 0.375781 0.671528 0.025000 0.120833 -0.000781 -0.002778 1.000000
0 224 0.375000 0.668750 0.026562 0.120833 -0.000781 -0.002778 1.000000
0 225 0.373047 0.667361 0.025781 0.120833 -0.001953 -0.001389 1.000000
0 226 0.371094 0.667361 0.026562 0.120833 -0.001953 0.000000 1.000000
0 227 0.370312 0.668750 0.028125 0.120833 -0.000781 0.001389 1.000000
0 228 0.367969 0.669444 0.028125 0.119444 -0.002344 0.000694 1.000000
0 229 0.366406 0.668056 0.029687 0.119444 -0.001563 -0.001389 1.000000
0 230 0.362500 0.669444 0.031250 0.119444 -0.003906 0.001389 1.000000
0 231 0.360156 0.668056 0.032813 0.119444 -0.002344 -0.001389 1.000000
0 232 0.357031 0.668056 0.034375 0.119444 -0.003125 0.000000 1.000000
0 233 0.354297 0.668056 0.035156 0.119444 -0.002734 0.000000 1.000000
0 234 0.350391 0.666667 0.036719 0.116667 -0.003906 -0.001389 1.000000
0 235 0.348828 0.668056 0.041406 0.116667 -0.001563 0.001389 1.000000
0 236 0.347656 0.668056 0.045312 0.113889 -0.001172 0.000000 1.000000
0 237 0.344922 0.668056 0.049219 0.113889 -0.002734 0.000000 1.000000
0 238 0.342969 0.665972 0.054688 0.112500 -0.001953 -0.002083 1.000000
0 239 0.340234 0.665278 0.055469 0.111111 -0.002734 -0.000694 1.000000
0 240 0.339062 0.663889 0.053125 0.113889 -0.001172 -0.001389 1.000000
0 241 0.338281 0.663889 0.046875 0.116667 -0.000781 0.000000 1.000000
0 242 0.338281 0.661806 0.042188 0.118056 0.000000 -0.002083 1.000000
0 243 0.337500 0.660417 0.035937 0.120833 -0.000781 -0.001389 1.000000
0 244 0.337891 0.659722 0.033594 0.122222 0.000391 -0.000694 1.000000
0 245 0.337891 0.661111 0.033594 0.122222 0.000000 0.001389 1.000000
0 246 0.338281 0.661111 0.032813 0.122222 0.000391 0.000000 1.000000
0 247 0.339844 0.663889 0.032813 0.122222 0.001563 0.002778 1.000000
0 248 0.342187 0.668056 0.034375 0.119444 0.002344 0.004167 1.000000
0 249 0.345703 0.668056 0.038281 0.116667 0.003516 0.000000 1.000000
0 250 0.348438 0.672222 0.040625 0.116667 0.002734 0.004167 1.000000
0 251 0.348438 0.673611 0.040625 0.116667 0.000000 0.001389 1.000000
0 252 0.349609 0.673611 0.039844 0.113889 0.001172 0.000000 1.000000
0 253 0.350781 0.672917 0.039062 0.115278 0.001172 -0.000694 1.000000
0 254 0.353125 0.672222 0.037500 0.116667 0.002344 -0.000694 1.000000
0 255 0.355078 0.670833 0.035156 0.119444 0.001953 -0.001389 1.000000
0 256 0.356250 0.669444 0.034375 0.122222 0.001172 -0.001389 1.000000
0 257 0.357812 0.669444 0.034375 0.122222 0.001563 0.000000 1.000000
0 258 0.357812 0.669444 0.034375 0.122222 0.000000 0.000000 1.000000
0 259 0.358203 0.668750 0.033594 0.120833 0.000391 -0.000694 1.000000
0 260 0.359375 0.668750 0.035937 0.120833 0.001172 0.000000 1.000000
0 261 0.360156 0.668750 0.035937 0.120833 0.000781 0.000000 1.000000
0 262 0.361328 0.668056 0.038281 0.122222 0.001172 -0.000694 1.000000
0 263 0.362109 0.668056 0.038281 0.122222 0.000781 0.000000 1.000000
0 264 0.362109 0.668750 0.036719 0.120833 0.000000 0.000694 1.000000
0 265 0.362500 0.669444 0.035937 0.122222 0.000391 0.000694 1.000000
0 266 0.363281 0.670833 0.032813 0.122222 0.000781 0.001389 1.000000
0 267 0.364844 0.670833 0.034375 0.122222 0.001563 0.000000 1.000000
0 268 0.366406 0.672222 0.032813 0.122222 0.001563 0.001389 1.000000
0 269 0.368750 0.671528 0.034375 0.120833 0.002344 -0.000694 1.000000
0 270 0.370312 0.671528 0.034375 0.120833 0.001563 0.000000 1.000000
0 271 0.372656 0.671528 0.034375 0.120833 0.002344 0.000000 1.000000
0 272 0.373437 0.670833 0.032813 0.119444 0.000781 -0.000694 1.000000
0 273 0.374219 0.671528 0.031250 0.120833 0.000781 0.000694 1.000000
0 274 0.375391 0.671528 0.028906 0.120833 0.001172 0.000000 1.000000
0 275 0.376953 0.672222 0.028906 0.122222 0.001563 0.000694 1.000000
0 276 0.380469 0.673611 0.029687 0.122222 0.003516 0.001389 1.000000
0 277 0.382812 0.673611 0.029687 0.122222 0.002344 0.000000 1.000000
0 278 0.385156 0.675000 0.029687 0.125000 0.002344 0.001389 1.000000
0 279 0.386328 0.676389 0.028906 0.125000 0.001172 0.001389 1.000000
0 280 0.389844 0.676389 0.029687 0.125000 0.003516 0.000000 1.000000
0 281 0.390625 0.678472 0.031250 0.123611 0.000781 0.002083 1.000000
0 282 0.392969 0.679167 0.032813 0.125000 0.002344 0.000694 1.000000
0 283 0.394531 0.678472 0.034375 0.123611 0.001563 -0.000694 1.000000
0 284 0.397656 0.678472 0.034375 0.123611 0.003125 0.000000 1.000000
0 285 0.400000 0.678472 0.034375 0.123611 0.002344 0.000000 1.000000
0 286 0.404687 0.678472 0.034375 0.123611 0.004687 0.000000 1.000000
0 287 0.407031 0.678472 0.031250 0.123611 0.002344 0.000000 1.000000
0 288 0.410938 0.678472 0.028125 0.123611 0.003906 0.000000 1.000000
0 289 0.412500 0.678472 0.025000 0.123611 0.001563 0.000000 1.000000
0 290 0.414453 0.677778 0.024219 0.122222 0.001953 -0.000694 1.000000
0 291 0.416797 0.679167 0.027344 0.125000 0.002344 0.001389 1.000000
0 292 0.418359 0.679167 0.028906 0.122222 0.001563 0.000000 1.000000
0 293 0.420312 0.679167 0.032813 0.122222 0.001953 0.000000 1.000000
0 294 0.422656 0.679861 0.035937 0.120833 0.002344 0.000694 1.000000
0 295 0.425000 0.681944 0.037500 0.119444 0.002344 0.002083 1.000000
0 296 0.428125 0.681250 0.040625 0.118056 0.003125 -0.000694 1.000000
0 297 0.430469 0.683333 0.042188 0.116667 0.002344 0.002083 1.000000
0 298 0.432812 0.681944 0.042188 0.116667 0.002344 -0.001389 1.000000
0 299 0.436719 0.683333 0.043750 0.116667 0.003906 0.001389 1.000000
0 300 0.438281 0.681944 0.042188 0.116667 0.001563 -0.001389 1.000000
0 301 0.439063 0.681944 0.039062 0.119444 0.000781 0.000000 1.000000
0 302 0.439453 0.680556 0.036719 0.122222 0.000391 -0.001389 1.000000
0 303 0.440234 0.679167 0.032031 0.122222 0.000781 -0.001389 1.000000
0 304 0.442188 0.677778 0.031250 0.125000 0.001953 -0.001389 1.000000
0 305 0.444922 0.677083 0.030469 0.126389 0.002734 -0.000694 1.000000
0 306 0.446484 0.677083 0.028906 0.126389 0.001563 0.000000 1.000000
0 307 0.448828 0.677083 0.028906 0.126389 0.002344 0.000000 1.000000
0 308 0.449219 0.679861 0.031250 0.126389 0.000391 0.002778 1.000000
0 309 0.449219 0.681944 0.034375 0.125000 0.000000 0.002083 1.000000
0 310 0.450000 0.682639 0.037500 0.123611 0.000781 0.000694 1.000000
0 311 0.451953 0.683333 0.038281 0.122222 0.001953 0.000694 1.000000
0 312 0.453906 0.684028 0.039062 0.123611 0.001953 0.000694 1.000000
0 313 0.456641 0.681944 0.038281 0.125000 0.002734 -0.002083 1.000000
0 314 0.462109 0.680556 0.041406 0.122222 0.005469 -0.001389 1.000000
0 315 0.467578 0.680556 0.041406 0.122222 0.005469 0.000000 1.000000
0 316 0.472656 0.680556 0.040625 0.122222 0.005078 0.000000 1.000000
0 317 0.477734 0.680556 0.036719 0.122222 0.005078 0.000000 1.000000
0 318 0.480469 0.679861 0.035937 0.120833 0.002734 -0.000694 1.000000
0 319 0.483594 0.679167 0.032813 0.122222 0.003125 -0.000694 1.000000
0 320 0.488281 0.678472 0.029687 0.123611 0.004687 -0.000694 1.000000
0 321 0.494531 0.677083 0.029687 0.123611 0.006250 -0.001389 1.000000
0 322 0.500000 0.676389 0.028125 0.125000 0.005469 -0.000694 1.000000
0 323 0.506250 0.676389 0.028125 0.125000 0.006250 0.000000 1.000000
0 324 0.512891 0.675694 0.025781 0.123611 0.006641 -0.000694 1.000000
0 325 0.516797 0.677083 0.027344 0.120833 0.003906 0.001389 1.000000
0 326 0.521094 0.677778 0.029687 0.119444 0.004297 0.000694 1.000000
0 327 0.525000 0.677083 0.032813 0.115278 0.003906 -0.000694 1.000000
0 328 0.531641 0.677083 0.038281 0.115278 0.006641 0.000000 1.000000
0 329 0.537500 0.677083 0.042188 0.115278 0.005859 0.000000 1.000000
0 330 0.543750 0.676389 0.045312 0.116667 0.006250 -0.000694 1.000000
0 331 0.553125 0.675000 0.046875 0.116667 0.009375 -0.001389 1.000000
0 332 0.561719 0.675000 0.045312 0.116667 0.008594 0.000000 1.000000
0 333 0.567187 0.675000 0.048438 0.116667 0.005469 0.000000 1.000000
0 334 0.571875 0.675000 0.048438 0.116667 0.004687 0.000000 1.000000
0 335 0.575000 0.675694 0.045312 0.118056 0.003125 0.000694 1.000000
0 336 0.578906 0.675000 0.042188 0.116667 0.003906 -0.000694 1.000000
0 337 0.582031 0.672917 0.037500 0.118056 0.003125 -0.002083 1.000000
0 338 0.585156 0.672222 0.031250 0.122222 0.003125 -0.000694 1.000000
0 339 0.589453 0.670833 0.028906 0.125000 0.004297 -0.001389 1.000000
0 340 0.593750 0.669444 0.029687 0.125000 0.004297 -0.001389 1.000000
0 341 0.597656 0.668056 0.029687 0.125000 0.003906 -0.001389 1.000000
0 342 0.600391 0.668750 0.027344 0.123611 0.002734 0.000694 1.000000
0 343 0.603125 0.669444 0.023438 0.125000 0.002734 0.000694 1.000000
0 344 0.605078 0.669444 0.022656 0.122222 0.001953 0.000000 1.000000
0 345 0.607031 0.670139 0.023438 0.120833 0.001953 0.000694 1.000000
0 346 0.610938 0.669444 0.028125 0.119444 0.003906 -0.000694 1.000000
0 347 0.610156 0.668056 0.035937 0.119444 -0.000781 -0.001389 1.000000
0 348 0.610156 0.666667 0.042188 0.119444 0.000000 -0.001389 1.000000
0 349 0.611328 0.668056 0.044531 0.119444 0.001172 0.001389 1.000000
0 350 0.613281 0.668056 0.043750 0.119444 0.001953 0.000000 1.000000
0 351 0.614844 0.668056 0.039062 0.119444 0.001563 0.000000 1.000000
0 352 0.614453 0.667361 0.035156 0.118056 -0.000391 -0.000694 1.000000
0 353 0.612500 0.668056 0.032813 0.119444 -0.001953 0.000694 1.000000
0 354 0.610547 0.665972 0.028906 0.120833 -0.001953 -0.002083 1.000000
0 355 0.609375 0.664583 0.028125 0.123611 -0.001172 -0.001389 1.000000
0 356 0.608594 0.663889 0.026562 0.127778 -0.000781 -0.000694 1.000000
0 357 0.609375 0.663889 0.026562 0.127778 0.000781 0.000000 1.000000
0 358 0.608594 0.663889 0.025000 0.127778 -0.000781 0.000000 1.000000
0 359 0.608594 0.661111 0.025000 0.122222 0.000000 -0.002778 1.000000
0 360 0.607812 0.662500 0.021875 0.119444 -0.000781 0.001389 1.000000
0 361 0.608984 0.663194 0.021094 0.120833 0.001172 0.000694 1.000000
0 362 0.607812 0.662500 0.021875 0.119444 -0.001172 -0.000694 1.000000
0 363 0.608594 0.661111 0.025000 0.119444 0.000781 -0.001389 1.000000
0 364 0.609766 0.659722 0.028906 0.122222 0.001172 -0.001389 1.000000
0 365 0.608594 0.659722 0.034375 0.122222 -0.001172 0.000000 1.000000
0 366 0.609375 0.659028 0.037500 0.120833 0.000781 -0.000694 1.000000
0 367 0.610156 0.658333 0.035937 0.116667 0.000781 -0.000694 1.000000
0 368 0.611328 0.657639 0.032031 0.115278 0.001172 -0.000694 1.000000
0 369 0.609766 0.659028 0.032031 0.115278 -0.001563 0.001389 1.000000
0 370 0.608594 0.659722 0.028125 0.116667 -0.001172 0.000694 1.000000
0 371 0.608594 0.659722 0.026562 0.119444 0.000000 0.000000 1.000000
0 372 0.610547 0.658333 0.025781 0.122222 0.001953 -0.001389 1.000000
0 373 0.613281 0.657639 0.026562 0.123611 0.002734 -0.000694 1.000000
0 374 0.614453 0.657639 0.028906 0.123611 0.001172 0.000000 1.000000
0 375 0.615625 0.656250 0.031250 0.120833 0.001172 -0.001389 1.000000
0 376 0.617578 0.654167 0.028906 0.113889 0.001953 -0.002083 1.000000
0 377 0.617188 0.657639 0.025000 0.115278 -0.000391 0.003472 1.000000
0 378 0.617188 0.656944 0.020313 0.113889 0.000000 -0.000694 1.000000
0 379 0.616406 0.657639 0.018750 0.115278 -0.000781 0.000694 1.000000
0 380 0.617578 0.655556 0.022656 0.116667 0.001172 -0.002083 1.000000
0 381 0.619531 0.654861 0.026562 0.120833 0.001953 -0.000694 1.000000
0 382 0.620313 0.652778 0.031250 0.122222 0.000781 -0.002083 1.000000
0 383 0.620313 0.651389 0.034375 0.119444 0.000000 -0.001389 1.000000
0 384 0.621875 0.649306 0.034375 0.115278 0.001563 -0.002083 1.000000
0 385 0.623047 0.651389 0.030469 0.113889 0.001172 0.002083 1.000000
0 386 0.622656 0.651389 0.028125 0.113889 -0.000391 0.000000 1.000000
0 387 0.621875 0.650000 0.026562 0.113889 -0.000781 -0.001389 1.000000
0 388 0.621484 0.650000 0.025781 0.113889 -0.000391 0.000000 1.000000
0 389 0.622656 0.648611 0.026562 0.119444 0.001172 -0.001389 1.000000
0 390 0.623828 0.646528 0.028906 0.120833 0.001172 -0.002083 1.000000
0 391 0.624219 0.645139 0.029687 0.120833 0.000391 -0.001389 1.000000
0 392 0.624219 0.645139 0.031250 0.118056 0.000000 0.000000 1.000000
0 393 0.623437 0.643056 0.029687 0.113889 -0.000781 -0.002083 1.000000
0 394 0.620703 0.642361 0.025781 0.112500 -0.002734 -0.000694 1.000000
0 395 0.617578 0.643056 0.022656 0.113889 -0.003125 0.000694 1.000000
0 396 0.614844 0.643056 0.020313 0.113889 -0.002734 0.000000 1.000000
0 397 0.614062 0.640972 0.025000 0.115278 -0.000781 -0.002083 1.000000
0 398 0.612891 0.638194 0.028906 0.118056 -0.001172 -0.002778 1.000000
0 399 0.610547 0.637500 0.032031 0.116667 -0.002344 -0.000694 1.000000
0 400 0.607031 0.636111 0.037500 0.116667 -0.003516 -0.001389 1.000000
0 401 0.605078 0.634722 0.036719 0.113889 -0.001953 -0.001389 1.000000
0 402 0.603125 0.634028 0.032813 0.112500 -0.001953 -0.000694 1.000000
0 403 0.596875 0.634722 0.031250 0.113889 -0.006250 0.000694 1.000000
0 404 0.592187 0.634722 0.029687 0.113889 -0.004687 0.000000 1.000000
0 405 0.588672 0.634722 0.027344 0.113889 -0.003516 0.000000 1.000000
0 406 0.588281 0.634722 0.029687 0.116667 -0.000391 0.000000 1.000000
0 407 0.588281 0.633333 0.031250 0.119444 0.000000 -0.001389 1.000000
0 408 0.586719 0.630556 0.032813 0.119444 -0.001563 -0.002778 1.000000
0 409 0.584766 0.628472 0.035156 0.115278 -0.001953 -0.002083 1.000000
0 410 0.584375 0.627778 0.031250 0.113889 -0.000391 -0.000694 1.000000
0 411 0.581250 0.627778 0.029687 0.113889 -0.003125 0.000000 1.000000
0 412 0.578125 0.627778 0.026562 0.111111 -0.003125 0.000000 1.000000
0 413 0.575000 0.628472 0.021875 0.112500 -0.003125 0.000694 1.000000
0 414 0.575000 0.626389 0.026562 0.113889 0.000000 -0.002083 1.000000
0 415 0.574219 0.626389 0.029687 0.116667 -0.000781 0.000000 1.000000
0 416 0.574219 0.624306 0.032813 0.118056 0.000000 -0.002083 1.000000
0 417 0.570703 0.621528 0.039844 0.115278 -0.003516 -0.002778 1.000000
0 418 0.569922 0.620833 0.039844 0.113889 -0.000781 -0.000694 1.000000
0 419 0.569531 0.621528 0.035937 0.115278 -0.000391 0.000694 1.000000
0 420 0.564063 0.622222 0.035937 0.113889 -0.005469 0.000694 1.000000
0 421 0.559375 0.623611 0.032813 0.113889 -0.004687 0.001389 1.000000
0 422 0.556250 0.621528 0.029687 0.115278 -0.003125 -0.002083 1.000000
0 423 0.557031 0.620833 0.032813 0.116667 0.000781 -0.000694 1.000000
0 424 0.557422 0.620139 0.033594 0.118056 0.000391 -0.000694 1.000000
0 425 0.558203 0.615972 0.033594 0.118056 0.000781 -0.004167 1.000000
0 426 0.556641 0.613194 0.038281 0.115278 -0.001563 -0.002778 1.000000
0 427 0.555469 0.614583 0.035937 0.115278 -0.001172 0.001389 1.000000
0 428 0.553516 0.615278 0.032031 0.113889 -0.001953 0.000694 1.000000
0 429 0.550391 0.615278 0.027344 0.113889 -0.003125 0.000000 1.000000
0 430 0.547656 0.615972 0.021875 0.115278 -0.002734 0.000694 1.000000
0 431 0.546875 0.613194 0.025000 0.115278 -0.000781 -0.002778 1.000000
0 432 0.546875 0.611111 0.026562 0.116667 0.000000 -0.002083 1.000000
0 433 0.546094 0.611111 0.032813 0.119444 -0.000781 0.000000 1.000000
0 434 0.544531 0.608333 0.039062 0.113889 -0.001563 -0.002778 1.000000
0 435 0.542969 0.607639 0.039062 0.112500 -0.001563 -0.000694 1.000000
0 436 0.542969 0.608333 0.035937 0.113889 0.000000 0.000694 1.000000
0 437 0.540625 0.608333 0.032813 0.113889 -0.002344 0.000000 1.000000
0 438 0.537109 0.609722 0.030469 0.113889 -0.003516 0.001389 1.000000
0 439 0.536719 0.608333 0.029687 0.116667 -0.000391 -0.001389 1.000000
0 440 0.537500 0.606944 0.029687 0.119444 0.000781 -0.001389 1.000000
0 441 0.539844 0.606250 0.031250 0.120833 0.002344 -0.000694 1.000000
0 442 0.540625 0.604167 0.034375 0.119444 0.000781 -0.002083 1.000000
0 443 0.541016 0.601389 0.036719 0.113889 0.000391 -0.002778 1.000000
0 444 0.542578 0.600694 0.035156 0.112500 0.001563 -0.000694 1.000000
0 445 0.542188 0.601389 0.031250 0.113889 -0.000391 0.000694 1.000000
0 446 0.542188 0.602083 0.026562 0.115278 0.000000 0.000694 1.000000
0 447 0.542578 0.601389 0.022656 0.113889 0.000391 -0.000694 1.000000
0 448 0.546875 0.600000 0.025000 0.116667 0.004297 -0.001389 1.000000
0 449 0.548438 0.597917 0.028125 0.118056 0.001563 -0.002083 1.000000
0 450 0.550000 0.595833 0.032813 0.119444 0.001563 -0.002083 1.000000
0 451 0.550000 0.590972 0.040625 0.115278 0.000000 -0.004861 1.000000
0 452 0.550000 0.589583 0.043750 0.112500 0.000000 -0.001389 1.000000
0 453 0.550000 0.592361 0.043750 0.112500 0.000000 0.002778 1.000000
0 454 0.550781 0.592361 0.039062 0.112500 0.000781 0.000000 1.000000
0 455 0.552344 0.592361 0.029687 0.112500 0.001563 0.000000 1.000000
0 456 0.550391 0.590972 0.027344 0.115278 -0.001953 -0.001389 1.000000
0 457 0.551172 0.589583 0.025781 0.118056 0.000781 -0.001389 1.000000
0 458 0.552734 0.589583 0.027344 0.118056 0.001563 0.000000 1.000000
0 459 0.554688 0.588194 0.026562 0.120833 0.001953 -0.001389 1.000000
0 460 0.553516 0.587500 0.032031 0.119444 -0.001172 -0.000694 1.000000
0 461 0.553125 0.586806 0.034375 0.118056 -0.000391 -0.000694 1.000000
0 462 0.553125 0.588194 0.037500 0.115278 0.000000 0.001389 1.000000
0 463 0.556250 0.588889 0.037500 0.113889 0.003125 0.000694 1.000000
0 464 0.558594 0.587500 0.037500 0.113889 0.002344 -0.001389 1.000000
0 465 0.558984 0.584722 0.030469 0.113889 0.000391 -0.002778 1.000000
0 466 0.556250 0.581250 0.028125 0.115278 -0.002734 -0.003472 1.000000
0 467 0.555859 0.577778 0.030469 0.116667 -0.000391 -0.003472 1.000000
0 468 0.555469 0.575000 0.031250 0.116667 -0.000391 -0.002778 1.000000
0 469 0.554688 0.574306 0.032813 0.118056 -0.000781 -0.000694 1.000000
0 470 0.554688 0.573611 0.034375 0.116667 0.000000 -0.000694 1.000000
0 471 0.554688 0.572222 0.034375 0.113889 0.000000 -0.001389 1.000000
0 472 0.554688 0.572917 0.034375 0.112500 0.000000 0.000694 1.000000
0 473 0.553125 0.573611 0.034375 0.111111 -0.001563 0.000694 1.000000
0 474 0.552734 0.574306 0.033594 0.109722 -0.000391 0.000694 1.000000
0 475 0.551172 0.573611 0.032031 0.108333 -0.001563 -0.000694 1.000000
0 476 0.549609 0.572917 0.033594 0.109722 -0.001563 -0.000694 1.000000
0 477 0.546875 0.572222 0.034375 0.111111 -0.002734 -0.000694 1.000000
0 478 0.542969 0.569444 0.035937 0.111111 -0.003906 -0.002778 1.000000
0 479 0.539062 0.569444 0.037500 0.111111 -0.003906 0.000000 1.000000
0 480 0.534375 0.565972 0.037500 0.109722 -0.004687 -0.003472 1.000000
0 481 0.529297 0.564583 0.041406 0.109722 -0.005078 -0.001389 1.000000
0 482 0.523047 0.563194 0.041406 0.109722 -0.006250 -0.001389 1.000000
0 483 0.515625 0.563194 0.040625 0.109722 -0.007422 0.000000 1.000000
0 484 0.510156 0.561806 0.039062 0.109722 -0.005469 -0.001389 1.000000
0 485 0.502734 0.561111 0.036719 0.111111 -0.007422 -0.000694 1.000000
0 486 0.494141 0.562500 0.036719 0.111111 -0.008594 0.001389 1.000000
0 487 0.484375 0.561111 0.037500 0.111111 -0.009766 -0.001389 1.000000
0 488 0.475000 0.561111 0.037500 0.111111 -0.009375 0.000000 1.000000
0 489 0.465625 0.559722 0.037500 0.111111 -0.009375 -0.001389 1.000000
0 490 0.457422 0.559722 0.036719 0.111111 -0.008203 0.000000 1.000000
0 491 0.450391 0.559722 0.035156 0.111111 -0.007031 0.000000 1.000000
0 492 0.443359 0.558333 0.032031 0.108333 -0.007031 -0.001389 1.000000
0 493 0.436719 0.557639 0.028125 0.109722 -0.006641 -0.000694 1.000000
0 494 0.433594 0.556250 0.026562 0.109722 -0.003125 -0.001389 1.000000
0 495 0.429688 0.556944 0.025000 0.113889 -0.003906 0.000694 1.000000
0 496 0.426172 0.555556 0.024219 0.113889 -0.003516 -0.001389 1.000000
0 497 0.423828 0.556944 0.024219 0.113889 -0.002344 0.001389 1.000000
0 498 0.422656 0.556250 0.028125 0.112500 -0.001172 -0.000694 1.000000
0 499 0.421875 0.556944 0.031250 0.111111 -0.000781 0.000694 1.000000
0 500 0.418750 0.557639 0.029687 0.109722 -0.003125 0.000694 1.000000
0 501 0.417969 0.557639 0.029687 0.109722 -0.000781 0.000000 1.000000
0 502 0.416406 0.557639 0.028125 0.109722 -0.001563 0.000000 1.000000
0 503 0.415625 0.555556 0.028125 0.111111 -0.000781 -0.002083 1.000000
0 504 0.413672 0.555556 0.027344 0.113889 -0.001953 0.000000 1.000000
0 505 0.413672 0.555556 0.027344 0.113889 0.000000 0.000000 1.000000
0 506 0.413672 0.555556 0.027344 0.113889 0.000000 0.000000 1.000000
0 507 0.415234 0.555556 0.027344 0.113889 0.001563 0.000000 1.000000
0 508 0.415234 0.555556 0.027344 0.113889 0.000000 0.000000 1.000000
0 509 0.416797 0.555556 0.027344 0.113889 0.001563 0.000000 1.000000
0 510 0.417187 0.555556 0.028125 0.113889 0.000391 0.000000 1.000000
0 511 0.418750 0.555556 0.028125 0.113889 0.001563 0.000000 1.000000
0 512 0.420312 0.554167 0.029687 0.113889 0.001563 -0.001389 1.000000
0 513 0.421875 0.555556 0.028125 0.116667 0.001563 0.001389 1.000000
0 514 0.422656 0.552778 0.028125 0.116667 0.000781 -0.002778 1.000000
0 515 0.424219 0.550694 0.026562 0.115278 0.001563 -0.002083 1.000000
0 516 0.425781 0.549306 0.026562 0.115278 0.001563 -0.001389 1.000000
0 517 0.426953 0.547222 0.024219 0.116667 0.001172 -0.002083 1.000000
0 518 0.428906 0.547222 0.023438 0.116667 0.001953 0.000000 1.000000
0 519 0.432031 0.548611 0.023438 0.116667 0.003125 0.001389 1.000000
0 520 0.436328 0.547222 0.024219 0.113889 0.004297 -0.001389 1.000000
0 521 0.439453 0.547222 0.024219 0.116667 0.003125 0.000000 1.000000
0 522 0.442188 0.545833 0.025000 0.113889 0.002734 -0.001389 1.000000
0 523 0.445312 0.544444 0.025000 0.113889 0.003125 -0.001389 1.000000
0 524 0.447266 0.545139 0.025781 0.115278 0.001953 0.000694 1.000000
0 525 0.450781 0.544444 0.026562 0.113889 0.003516 -0.000694 1.000000
0 526 0.451172 0.543750 0.027344 0.112500 0.000391 -0.000694 1.000000
0 527 0.453516 0.543056 0.027344 0.113889 0.002344 -0.000694 1.000000
0 528 0.454297 0.543056 0.025781 0.113889 0.000781 0.000000 1.000000
0 529 0.455078 0.543056 0.027344 0.113889 0.000781 0.000000 1.000000
0 530 0.457813 0.542361 0.028125 0.112500 0.002734 -0.000694 1.000000
0 531 0.460156 0.542361 0.029687 0.112500 0.002344 0.000000 1.000000
0 532 0.463672 0.542361 0.030469 0.112500 0.003516 0.000000 1.000000
0 533 0.466016 0.540972 0.032031 0.109722 0.002344 -0.001389 1.000000
0 534 0.470313 0.542361 0.032813 0.112500 0.004297 0.001389 1.000000
0 535 0.473828 0.540972 0.032031 0.112500 0.003516 -0.001389 1.000000
0 536 0.474219 0.540278 0.031250 0.113889 0.000391 -0.000694 1.000000
0 537 0.475781 0.537500 0.028125 0.111111 0.001563 -0.002778 1.000000
0 538 0.476562 0.536806 0.025000 0.112500 0.000781 -0.000694 1.000000
0 539 0.477344 0.536111 0.021875 0.113889 0.000781 -0.000694 1.000000
0 540 0.479687 0.536111 0.021875 0.113889 0.002344 0.000000 1.000000
0 541 0.481641 0.536111 0.022656 0.113889 0.001953 0.000000 1.000000
0 542 0.484766 0.536111 0.022656 0.113889 0.003125 0.000000 1.000000
0 543 0.487109 0.537500 0.022656 0.113889 0.002344 0.001389 1.000000
0 544 0.489844 0.537500 0.023438 0.113889 0.002734 0.000000 1.000000
0 545 0.492969 0.534722 0.025000 0.113889 0.003125 -0.002778 1.000000
0 546 0.495312 0.534722 0.025000 0.113889 0.002344 0.000000 1.000000
0 547 0.498437 0.534722 0.025000 0.113889 0.003125 0.000000 1.000000
0 548 0.501172 0.532639 0.024219 0.112500 0.002734 -0.002083 1.000000
0 549 0.503516 0.531944 0.024219 0.111111 0.002344 -0.000694 1.000000
0 550 0.504687 0.530556 0.025000 0.111111 0.001172 -0.001389 1.000000
0 551 0.507812 0.531250 0.025000 0.112500 0.003125 0.000694 1.000000
0 552 0.507812 0.529167 0.025000 0.113889 0.000000 -0.002083 1.000000
0 553 0.509375 0.529167 0.026562 0.113889 0.001563 0.000000 1.000000
0 554 0.510156 0.529167 0.028125 0.113889 0.000781 0.000000 1.000000
0 555 0.512500 0.528472 0.028125 0.112500 0.002344 -0.000694 1.000000
0 556 0.516016 0.529861 0.028906 0.112500 0.003516 0.001389 1.000000
0 557 0.518359 0.528472 0.028906 0.112500 0.002344 -0.001389 1.000000
0 558 0.520312 0.529167 0.029687 0.113889 0.001953 0.000694 1.000000
0 559 0.523047 0.527083 0.028906 0.112500 0.002734 -0.002083 1.000000
0 560 0.525000 0.525694 0.028125 0.112500 0.001953 -0.001389 1.000000
0 561 0.526172 0.523611 0.025781 0.111111 0.001172 -0.002083 1.000000
0 562 0.528516 0.523611 0.022656 0.111111 0.002344 0.000000 1.000000
0 563 0.530078 0.523611 0.022656 0.111111 0.001563 0.000000 1.000000
0 564 0.531641 0.523611 0.022656 0.111111 0.001563 0.000000 1.000000
0 565 0.533203 0.522222 0.024219 0.111111 0.001563 -0.001389 1.000000
0 566 0.535156 0.523611 0.025000 0.111111 0.001953 0.001389 1.000000
0 567 0.536719 0.524306 0.026562 0.109722 0.001563 0.000694 1.000000
0 568 0.537891 0.525000 0.030469 0.111111 0.001172 0.000694 1.000000
0 569 0.539844 0.525000 0.032813 0.111111 0.001953 0.000000 1.000000
0 570 0.539844 0.524306 0.035937 0.109722 0.000000 -0.000694 1.000000
0 571 0.541797 0.524306 0.038281 0.109722 0.001953 0.000000 1.000000
0 572 0.543359 0.524306 0.038281 0.109722 0.001563 0.000000 1.000000
0 573 0.542969 0.524306 0.035937 0.109722 -0.000391 0.000000 1.000000
0 574 0.542969 0.522222 0.032813 0.102778 0.000000 -0.002083 1.000000
0 575 0.542578 0.522222 0.025781 0.102778 -0.000391 0.000000 1.000000
0 576 0.543750 0.522222 0.028125 0.102778 0.001172 0.000000 1.000000
0 577 0.543750 0.520139 0.037500 0.104167 0.000000 -0.002083 1.000000
0 578 0.544531 0.519444 0.037500 0.102778 0.000781 -0.000694 1.000000
0 579 0.545703 0.518750 0.039844 0.104167 0.001172 -0.000694 1.000000
0 580 0.546094 0.513889 0.039062 0.105556 0.000391 -0.004861 1.000000
0 581 0.544922 0.513889 0.036719 0.105556 -0.001172 0.000000 1.000000
0 582 0.542969 0.513194 0.035937 0.104167 -0.001953 -0.000694 1.000000
0 583 0.540234 0.513889 0.035156 0.105556 -0.002734 0.000694 1.000000
0 584 0.539844 0.513889 0.035937 0.105556 -0.000391 0.000000 1.000000
0 585 0.541797 0.515278 0.039844 0.108333 0.001953 0.001389 1.000000
0 586 0.543750 0.512500 0.040625 0.113889 0.001953 -0.002778 1.000000
0 587 0.545312 0.511111 0.040625 0.111111 0.001563 -0.001389 1.000000
0 588 0.545312 0.508333 0.040625 0.105556 0.000000 -0.002778 1.000000
0 589 0.543750 0.506944 0.037500 0.108333 -0.001563 -0.001389 1.000000
0 590 0.541016 0.508333 0.032031 0.111111 -0.002734 0.001389 1.000000
0 591 0.538281 0.514583 0.025000 0.106944 -0.002734 0.006250 1.000000
0 592 0.537891 0.518750 0.025781 0.109722 -0.000391 0.004167 1.000000
0 593 0.539062 0.519444 0.029687 0.111111 0.001172 0.000694 1.000000
0 594 0.539062 0.520833 0.034375 0.113889 0.000000 0.001389 1.000000
0 595 0.537109 0.518750 0.038281 0.109722 -0.001953 -0.002083 1.000000
0 596 0.535937 0.518750 0.039062 0.109722 -0.001172 0.000000 1.000000
0 597 0.536328 0.520833 0.035156 0.108333 0.000391 0.002083 1.000000
0 598 0.535937 0.522917 0.034375 0.109722 -0.000391 0.002083 1.000000
0 599 0.535937 0.525694 0.029687 0.109722 0.000000 0.002778 1.000000
0 600 0.539844 0.527778 0.029687 0.111111 0.003906 0.002083 1.000000
0 601 0.545312 0.529861 0.032813 0.112500 0.005469 0.002083 1.000000
0 602 0.550781 0.529167 0.032813 0.108333 0.005469 -0.000694 1.000000
0 603 0.556641 0.529861 0.038281 0.109722 0.005859 0.000694 1.000000
0 604 0.558594 0.529861 0.039062 0.109722 0.001953 0.000000 1.000000
0 605 0.562891 0.532639 0.033594 0.106944 0.004297 0.002778 1.000000
0 606 0.564844 0.535417 0.028125 0.106944 0.001953 0.002778 1.000000
0 607 0.566797 0.538194 0.021094 0.109722 0.001953 0.002778 1.000000
0 608 0.570703 0.538889 0.025781 0.111111 0.003906 0.000694 1.000000
0 609 0.575000 0.539583 0.032813 0.115278 0.004297 0.000694 1.000000
0 610 0.577344 0.537500 0.037500 0.113889 0.002344 -0.002083 1.000000
0 611 0.577734 0.536111 0.042969 0.111111 0.000391 -0.001389 1.000000
0 612 0.578125 0.536111 0.043750 0.111111 0.000391 0.000000 1.000000
0 613 0.578516 0.536806 0.038281 0.109722 0.000391 0.000694 1.000000
0 614 0.578906 0.537500 0.032813 0.111111 0.000391 0.000694 1.000000
0 615 0.576562 0.536806 0.028125 0.112500 -0.002344 -0.000694 1.000000
0 616 0.576953 0.536111 0.028906 0.113889 0.000391 -0.000694 1.000000
0 617 0.578516 0.536806 0.028906 0.118056 0.001563 0.000694 1.000000
0 618 0.580078 0.534722 0.032031 0.119444 0.001563 -0.002083 1.000000
0 619 0.581641 0.531944 0.035156 0.113889 0.001563 -0.002778 1.000000
0 620 0.582031 0.530556 0.035937 0.111111 0.000391 -0.001389 1.000000
0 621 0.582031 0.530556 0.035937 0.111111 0.000000 0.000000 1.000000
0 622 0.580469 0.531944 0.029687 0.108333 -0.001563 0.001389 1.000000
0 623 0.582031 0.531250 0.026562 0.109722 0.001563 -0.000694 1.000000
0 624 0.589453 0.531944 0.028906 0.113889 0.007422 0.000694 1.000000
0 625 0.595313 0.530556 0.031250 0.113889 0.005859 -0.001389 1.000000
0 626 0.601562 0.529167 0.035937 0.113889 0.006250 -0.001389 1.000000
0 627 0.605078 0.524306 0.041406 0.109722 0.003516 -0.004861 1.000000
0 628 0.610938 0.523611 0.040625 0.108333 0.005859 -0.000694 1.000000
0 629 0.619922 0.525000 0.035156 0.108333 0.008984 0.001389 1.000000
0 630 0.623437 0.525694 0.032813 0.106944 0.003516 0.000694 1.000000
0 631 0.628125 0.524306 0.028125 0.106944 0.004687 -0.001389 1.000000
0 632 0.640234 0.525000 0.032031 0.108333 0.012109 0.000694 1.000000
0 633 0.650000 0.523611 0.034375 0.105556 0.009766 -0.001389 1.000000
0 634 0.659766 0.524306 0.036719 0.109722 0.009766 0.000694 1.000000
0 635 0.666406 0.520833 0.034375 0.102778 0.006641 -0.003472 1.000000
0 636 0.671875 0.519444 0.031250 0.102778 0.005469 -0.001389 1.000000
0 637 0.676172 0.519444 0.024219 0.102778 0.004297 0.000000 1.000000
0 638 0.683203 0.518056 0.025781 0.105556 0.007031 -0.001389 1.000000
0 639 0.690625 0.518056 0.034375 0.108333 0.007422 0.000000 1.000000
0 640 0.693750 0.516667 0.037500 0.111111 0.003125 -0.001389 1.000000
0 641 0.694922 0.515278 0.046094 0.108333 0.001172 -0.001389 1.000000
0 642 0.696094 0.513194 0.045312 0.109722 0.001172 -0.002083 1.000000
0 643 0.697656 0.513889 0.037500 0.111111 0.001563 0.000694 1.000000
0 644 0.696094 0.515972 0.032813 0.109722 -0.001563 0.002083 1.000000
0 645 0.695312 0.515278 0.031250 0.108333 -0.000781 -0.000694 1.000000
0 646 0.697656 0.515278 0.035937 0.108333 0.002344 0.000000 1.000000
0 647 0.697656 0.515278 0.034375 0.111111 0.000000 0.000000 1.000000
0 648 0.696484 0.514583 0.038281 0.112500 -0.001172 -0.000694 1.000000
0 649 0.695312 0.511111 0.037500 0.108333 -0.001172 -0.003472 1.000000
0 650 0.693750 0.511806 0.029687 0.109722 -0.001563 0.000694 1.000000
0 651 0.689844 0.510417 0.023438 0.109722 -0.003906 -0.001389 1.000000
0 652 0.685937 0.511111 0.020313 0.108333 -0.003906 0.000694 1.000000
0 653 0.682031 0.511111 0.028125 0.105556 -0.003906 0.000000 1.000000
0 654 0.676562 0.513889 0.034375 0.105556 -0.005469 0.002778 1.000000
0 655 0.675000 0.515278 0.034375 0.100000 -0.001563 0.001389 1.000000
0 656 0.677734 0.515972 0.030469 0.098611 0.002734 0.000694 1.000000
0 657 0.679688 0.515972 0.032813 0.098611 0.001953 0.000000 1.000000
0 658 0.682813 0.515278 0.043750 0.102778 0.003125 -0.000694 1.000000
0 659 0.684375 0.513194 0.048438 0.104167 0.001563 -0.002083 1.000000
0 660 0.687109 0.511111 0.052344 0.102778 0.002734 -0.002083 1.000000
0 661 0.688672 0.505556 0.049219 0.097222 0.001563 -0.005556 1.000000
0 662 0.691406 0.502778 0.045312 0.097222 0.002734 -0.002778 1.000000
0 663 0.691406 0.500000 0.045312 0.102778 0.000000 -0.002778 1.000000
0 664 0.690234 0.497222 0.046094 0.105556 -0.001172 -0.002778 1.000000
0 665 0.687109 0.494444 0.042969 0.105556 -0.003125 -0.002778 1.000000
0 666 0.684375 0.490278 0.043750 0.105556 -0.002734 -0.004167 1.000000
0 667 0.682422 0.488194 0.046094 0.104167 -0.001953 -0.002083 1.000000
0 668 0.680469 0.484722 0.050000 0.100000 -0.001953 -0.003472 1.000000
0 669 0.678516 0.483333 0.049219 0.094444 -0.001953 -0.001389 1.000000
0 670 0.675781 0.481944 0.048438 0.091667 -0.002734 -0.001389 1.000000
0 671 0.673438 0.484028 0.046875 0.087500 -0.002344 0.002083 1.000000
0 672 0.671875 0.486806 0.043750 0.084722 -0.001563 0.002778 1.000000
0 673 0.671875 0.487500 0.043750 0.080556 0.000000 0.000694 1.000000
0 674 0.670312 0.486111 0.040625 0.077778 -0.001563 -0.001389 1.000000
0 675 0.666797 0.486806 0.035156 0.079167 -0.003516 0.000694 1.000000
0 676 0.664062 0.486111 0.031250 0.077778 -0.002734 -0.000694 1.000000
0 677 0.660156 0.486111 0.028125 0.080556 -0.003906 0.000000 1.000000
0 678 0.658594 0.486111 0.029687 0.080556 -0.001563 0.000000 1.000000
0 679 0.653125 0.485417 0.028125 0.081944 -0.005469 -0.000694 1.000000
0 680 0.648438 0.482639 0.026562 0.081944 -0.004687 -0.002778 1.000000
0 681 0.643750 0.481250 0.026562 0.081944 -0.004687 -0.001389 1.000000
0 682 0.639453 0.480556 0.025781 0.083333 -0.004297 -0.000694 1.000000
0 683 0.633594 0.479167 0.026562 0.083333 -0.005859 -0.001389 1.000000
0 684 0.628125 0.479167 0.026562 0.083333 -0.005469 0.000000 1.000000
0 685 0.625391 0.479167 0.025781 0.083333 -0.002734 0.000000 1.000000
0 686 0.622656 0.479167 0.023438 0.083333 -0.002734 0.000000 1.000000
0 687 0.619531 0.477778 0.025000 0.083333 -0.003125 -0.001389 1.000000
0 688 0.617188 0.476389 0.025000 0.086111 -0.002344 -0.001389 1.000000
0 689 0.615625 0.475000 0.025000 0.086111 -0.001563 -0.001389 1.000000
0 690 0.616016 0.474306 0.025781 0.087500 0.000391 -0.000694 1.000000
0 691 0.617969 0.474306 0.028125 0.087500 0.001953 0.000000 1.000000
0 692 0.621094 0.475000 0.025000 0.088889 0.003125 0.000694 1.000000
0 693 0.622266 0.473611 0.028906 0.088889 0.001172 -0.001389 1.000000
0 694 0.627344 0.475000 0.026562 0.088889 0.005078 0.001389 1.000000
0 695 0.632031 0.476389 0.029687 0.088889 0.004687 0.001389 1.000000
0 696 0.639062 0.476389 0.034375 0.088889 0.007031 0.000000 1.000000
0 697 0.644531 0.476389 0.035937 0.088889 0.005469 0.000000 1.000000
0 698 0.650000 0.477778 0.034375 0.091667 0.005469 0.001389 1.000000
0 699 0.654687 0.477778 0.034375 0.091667 0.004687 0.000000 1.000000
0 700 0.659766 0.477778 0.032031 0.094444 0.005078 0.000000 1.000000
0 701 0.664453 0.476389 0.028906 0.094444 0.004687 -0.001389 1.000000
0 702 0.667969 0.473611 0.026562 0.097222 0.003516 -0.002778 1.000000
0 703 0.671094 0.472222 0.023438 0.100000 0.003125 -0.001389 1.000000
0 704 0.674219 0.473611 0.023438 0.102778 0.003125 0.001389 1.000000
0 705 0.677344 0.472917 0.021875 0.101389 0.003125 -0.000694 1.000000
0 706 0.680469 0.472917 0.020313 0.101389 0.003125 0.000000 1.000000
0 707 0.683203 0.472222 0.022656 0.100000 0.002734 -0.000694 1.000000
0 708 0.686719 0.473611 0.026562 0.097222 0.003516 0.001389 1.000000
0 709 0.689844 0.473611 0.029687 0.097222 0.003125 0.000000 1.000000
0 710 0.692187 0.474306 0.029687 0.095833 0.002344 0.000694 1.000000
0 711 0.695703 0.475694 0.027344 0.095833 0.003516 0.001389 1.000000
0 712 0.697656 0.476389 0.025000 0.094444 0.001953 0.000694 1.000000
0 713 0.698438 0.476389 0.021875 0.094444 0.000781 0.000000 1.000000
0 714 0.699219 0.478472 0.017188 0.095833 0.000781 0.002083 1.000000
0 715 0.701562 0.478472 0.015625 0.095833 0.002344 0.000000 1.000000
0 716 0.703125 0.478472 0.015625 0.095833 0.001563 0.000000 1.000000
0 717 0.702344 0.477778 0.018750 0.094444 -0.000781 -0.000694 1.000000
0 718 0.703125 0.477778 0.021875 0.094444 0.000781 0.000000 1.000000
0 719 0.703906 0.479167 0.023438 0.091667 0.000781 0.001389 1.000000
0 720 0.704688 0.480556 0.023438 0.091667 0.000781 0.001389 1.000000
0 721 0.706250 0.481944 0.021875 0.091667 0.001563 0.001389 1.000000
0 722 0.708594 0.481944 0.020313 0.091667 0.002344 0.000000 1.000000
0 723 0.709375 0.483333 0.020313 0.091667 0.000781 0.001389 1.000000
0 724 0.710156 0.483333 0.020313 0.091667 0.000781 0.000000 1.000000
0 725 0.710938 0.483333 0.018750 0.091667 0.000781 0.000000 1.000000
