0 319 0.004297 0.517361 0.008594 0.106944 0.000000 0.000000 1.000000
0 320 0.008594 0.518750 0.017188 0.098611 0.004297 0.001389 1.000000
0 321 0.012500 0.517361 0.025000 0.098611 0.003906 -0.001389 1.000000
0 322 0.017578 0.515972 0.035156 0.098611 0.005078 -0.001389 1.000000
0 323 0.021484 0.513194 0.042969 0.098611 0.003906 -0.002778 1.000000
0 324 0.038281 0.514583 0.042188 0.098611 0.016797 0.001389 1.000000
0 325 0.051562 0.515278 0.042188 0.097222 0.013281 0.000694 1.000000
0 326 0.061719 0.513889 0.045312 0.097222 0.010156 -0.001389 1.000000
0 327 0.071094 0.511806 0.046875 0.101389 0.009375 -0.002083 1.000000
0 328 0.083594 0.511111 0.042188 0.102778 0.012500 -0.000694 1.000000
0 329 0.100781 0.504167 0.042188 0.091667 0.017188 -0.006944 1.000000
0 330 0.116016 0.502778 0.032031 0.094444 0.015234 -0.001389 1.000000
0 331 0.132031 0.500694 0.039062 0.095833 0.016016 -0.002083 1.000000
0 332 0.142969 0.500694 0.042188 0.095833 0.010937 0.000000 1.000000
0 333 0.158984 0.499306 0.047656 0.101389 0.016016 -0.001389 1.000000
0 334 0.171875 0.498611 0.043750 0.102778 0.012891 -0.000694 1.000000
0 335 0.183984 0.499306 0.033594 0.104167 0.012109 0.000694 1.000000
0 336 0.202344 0.497222 0.026562 0.102778 0.018359 -0.002083 1.000000
0 337 0.214844 0.498611 0.026562 0.102778 0.012500 0.001389 1.000000
0 338 0.225000 0.497222 0.025000 0.102778 0.010156 -0.001389 1.000000
0 339 0.236719 0.497222 0.023438 0.102778 0.011719 0.000000 1.000000
0 340 0.246094 0.497222 0.025000 0.102778 0.009375 0.000000 1.000000
0 341 0.257422 0.494444 0.030469 0.100000 0.011328 -0.002778 1.000000
0 342 0.264844 0.494444 0.029687 0.100000 0.007422 0.000000 1.000000
0 343 0.272656 0.494444 0.025000 0.100000 0.007812 0.000000 1.000000
0 344 0.280078 0.494444 0.024219 0.100000 0.007422 0.000000 1.000000
0 345 0.288281 0.494444 0.023438 0.100000 0.008203 0.000000 1.000000
0 346 0.296094 0.493056 0.023438 0.100000 0.007812 -0.001389 1.000000
0 347 0.303125 0.493056 0.021875 0.102778 0.007031 0.000000 1.000000
0 348 0.309375 0.494444 0.018750 0.102778 0.006250 0.001389 1.000000
0 349 0.315234 0.495833 0.022656 0.102778 0.005859 0.001389 1.000000
0 350 0.320312 0.495833 0.028125 0.102778 0.005078 0.000000 1.000000
0 351 0.325781 0.497917 0.031250 0.101389 0.005469 0.002083 1.000000
0 352 0.330469 0.497917 0.034375 0.101389 0.004687 0.000000 1.000000
0 353 0.335547 0.495833 0.036719 0.102778 0.005078 -0.002083 1.000000
0 354 0.341016 0.495833 0.038281 0.102778 0.005469 0.000000 1.000000
0 355 0.347266 0.493750 0.035156 0.101389 0.006250 -0.002083 1.000000
0 356 0.355859 0.493056 0.032031 0.097222 0.008594 -0.000694 1.000000
0 357 0.363281 0.493750 0.026562 0.093056 0.007422 0.000694 1.000000
0 358 0.367578 0.495833 0.025781 0.091667 0.004297 0.002083 1.000000
0 359 0.375781 0.497222 0.032813 0.088889 0.008203 0.001389 1.000000
0 360 0.382812 0.497222 0.032813 0.088889 0.007031 0.000000 1.000000
0 361 0.386328 0.496528 0.032031 0.087500 0.003516 -0.000694 1.000000
0 362 0.390234 0.497917 0.033594 0.090278 0.003906 0.001389 1.000000
0 363 0.393750 0.495139 0.032813 0.093056 0.003516 -0.002778 1.000000
0 364 0.396875 0.494444 0.032813 0.094444 0.003125 -0.000694 1.000000
0 365 0.400391 0.493056 0.028906 0.094444 0.003516 -0.001389 1.000000
0 366 0.403906 0.489583 0.025000 0.090278 0.003516 -0.003472 1.000000
0 367 0.407813 0.486806 0.025000 0.084722 0.003906 -0.002778 1.000000
0 368 0.412500 0.488889 0.026562 0.088889 0.004687 0.002083 1.000000
0 369 0.415625 0.488889 0.026562 0.091667 0.003125 0.000000 1.000000
0 370 0.420312 0.488194 0.029687 0.093056 0.004687 -0.000694 1.000000
0 371 0.423438 0.488194 0.029687 0.093056 0.003125 0.000000 1.000000
0 372 0.429297 0.486111 0.033594 0.088889 0.005859 -0.002083 1.000000
0 373 0.432812 0.480556 0.032813 0.077778 0.003516 -0.005556 1.000000
0 374 0.437891 0.480556 0.033594 0.077778 0.005078 0.000000 1.000000
0 375 0.441797 0.480556 0.033594 0.077778 0.003906 0.000000 1.000000
0 376 0.442969 0.479167 0.031250 0.080556 0.001172 -0.001389 1.000000
0 377 0.445312 0.479167 0.032813 0.083333 0.002344 0.000000 1.000000
0 378 0.446875 0.477778 0.034375 0.086111 0.001563 -0.001389 1.000000
0 379 0.449219 0.475000 0.037500 0.088889 0.002344 -0.002778 1.000000
0 380 0.451172 0.473611 0.039844 0.091667 0.001953 -0.001389 1.000000
0 381 0.452344 0.468750 0.039062 0.087500 0.001172 -0.004861 1.000000
0 382 0.451562 0.468056 0.037500 0.086111 -0.000781 -0.000694 1.000000
0 383 0.452344 0.468056 0.035937 0.086111 0.000781 0.000000 1.000000
0 384 0.450781 0.468056 0.032813 0.086111 -0.001563 0.000000 1.000000
0 385 0.450000 0.468056 0.034375 0.086111 -0.000781 0.000000 1.000000
0 386 0.451562 0.466667 0.035937 0.088889 0.001563 -0.001389 1.000000
0 387 0.453125 0.465278 0.037500 0.091667 0.001563 -0.001389 1.000000
0 388 0.453906 0.463889 0.037500 0.094444 0.000781 -0.001389 1.000000
0 389 0.453125 0.460417 0.040625 0.093056 -0.000781 -0.003472 1.000000
0 390 0.453516 0.456944 0.039844 0.088889 0.000391 -0.003472 1.000000
0 391 0.453125 0.458333 0.037500 0.091667 -0.000391 0.001389 1.000000
0 392 0.451562 0.459722 0.037500 0.091667 -0.001563 0.001389 1.000000
0 393 0.446875 0.458333 0.034375 0.088889 -0.004687 -0.001389 1.000000
0 394 0.441797 0.458333 0.030469 0.091667 -0.005078 0.000000 1.000000
0 395 0.441797 0.456944 0.030469 0.091667 0.000000 -0.001389 1.000000
0 396 0.439844 0.455556 0.032813 0.094444 -0.001953 -0.001389 1.000000
0 397 0.438281 0.454861 0.035937 0.093056 -0.001563 -0.000694 1.000000
0 398 0.435547 0.453472 0.038281 0.090278 -0.002734 -0.001389 1.000000
0 399 0.432031 0.452778 0.040625 0.091667 -0.003516 -0.000694 1.000000
0 400 0.427344 0.454167 0.039062 0.091667 -0.004687 0.001389 1.000000
0 401 0.421875 0.454167 0.037500 0.091667 -0.005469 0.000000 1.000000
0 402 0.416016 0.453472 0.035156 0.093056 -0.005859 -0.000694 1.000000
0 403 0.410156 0.452778 0.031250 0.091667 -0.005859 -0.000694 1.000000
0 404 0.407031 0.452083 0.035937 0.095833 -0.003125 -0.000694 1.000000
0 405 0.405859 0.451389 0.038281 0.097222 -0.001172 -0.000694 1.000000
0 406 0.403516 0.448611 0.038281 0.097222 -0.002344 -0.002778 1.000000
0 407 0.402344 0.447917 0.039062 0.095833 -0.001172 -0.000694 1.000000
0 408 0.398828 0.447917 0.042969 0.095833 -0.003516 0.000000 1.000000
0 409 0.396484 0.450000 0.042969 0.094444 -0.002344 0.002083 1.000000
0 410 0.394141 0.450000 0.035156 0.094444 -0.002344 0.000000 1.000000
0 411 0.392188 0.450000 0.034375 0.094444 -0.001953 0.000000 1.000000
0 412 0.385547 0.450000 0.027344 0.094444 -0.006641 0.000000 1.000000
0 413 0.379688 0.448611 0.028125 0.097222 -0.005859 -0.001389 1.000000
0 414 0.378516 0.448611 0.032031 0.100000 -0.001172 0.000000 1.000000
0 415 0.378125 0.447222 0.034375 0.100000 -0.000391 -0.001389 1.000000
0 416 0.374609 0.447222 0.039844 0.100000 -0.003516 0.000000 1.000000
0 417 0.371875 0.446528 0.043750 0.098611 -0.002734 -0.000694 1.000000
0 418 0.370312 0.447222 0.045312 0.100000 -0.001563 0.000694 1.000000
0 419 0.369141 0.449306 0.042969 0.098611 -0.001172 0.002083 1.000000
0 420 0.365625 0.450000 0.035937 0.100000 -0.003516 0.000694 1.000000
0 421 0.360156 0.448611 0.032813 0.097222 -0.005469 -0.001389 1.000000
0 422 0.357031 0.447222 0.029687 0.100000 -0.003125 -0.001389 1.000000
0 423 0.354297 0.445833 0.028906 0.102778 -0.002734 -0.001389 1.000000
0 424 0.353906 0.445139 0.031250 0.104167 -0.000391 -0.000694 1.000000
0 425 0.353125 0.442361 0.034375 0.101389 -0.000781 -0.002778 1.000000
0 426 0.350781 0.442361 0.040625 0.101389 -0.002344 0.000000 1.000000
0 427 0.348047 0.441667 0.046094 0.100000 -0.002734 -0.000694 1.000000
0 428 0.346875 0.444444 0.043750 0.100000 -0.001172 0.002778 1.000000
0 429 0.346875 0.445833 0.035937 0.100000 0.000000 0.001389 1.000000
0 430 0.343359 0.446528 0.033594 0.098611 -0.003516 0.000694 1.000000
0 431 0.339453 0.445833 0.028906 0.097222 -0.003906 -0.000694 1.000000
0 432 0.335938 0.445833 0.025000 0.102778 -0.003516 0.000000 1.000000
0 433 0.335938 0.443750 0.028125 0.104167 0.000000 -0.002083 1.000000
0 434 0.335938 0.443056 0.031250 0.102778 0.000000 -0.000694 1.000000
0 435 0.333594 0.440278 0.039062 0.102778 -0.002344 -0.002778 1.000000
0 436 0.332422 0.439583 0.042969 0.101389 -0.001172 -0.000694 1.000000
0 437 0.332813 0.439583 0.043750 0.101389 0.000391 0.000000 1.000000
0 438 0.333203 0.441667 0.038281 0.100000 0.000391 0.002083 1.000000
0 439 0.330469 0.441667 0.034375 0.100000 -0.002734 0.000000 1.000000
0 440 0.328906 0.441667 0.032813 0.100000 -0.001563 0.000000 1.000000
0 441 0.326562 0.441667 0.028125 0.102778 -0.002344 0.000000 1.000000
0 442 0.326562 0.439583 0.028125 0.104167 0.000000 -0.002083 1.000000
0 443 0.328125 0.438194 0.028125 0.104167 0.001563 -0.001389 1.000000
0 444 0.329688 0.436806 0.031250 0.104167 0.001563 -0.001389 1.000000
0 445 0.331250 0.434722 0.037500 0.102778 0.001563 -0.002083 1.000000
0 446 0.332422 0.434722 0.039844 0.100000 0.001172 0.000000 1.000000
0 447 0.333984 0.436111 0.039844 0.102778 0.001563 0.001389 1.000000
0 448 0.337109 0.436806 0.036719 0.101389 0.003125 0.000694 1.000000
0 449 0.337891 0.437500 0.030469 0.097222 0.000781 0.000694 1.000000
0 450 0.336719 0.436111 0.028125 0.100000 -0.001172 -0.001389 1.000000
0 451 0.335156 0.435417 0.020313 0.101389 -0.001563 -0.000694 1.000000
0 452 0.336719 0.434722 0.025000 0.105556 0.001563 -0.000694 1.000000
0 453 0.338281 0.433333 0.029687 0.105556 0.001563 -0.001389 1.000000
0 454 0.337109 0.432639 0.033594 0.104167 -0.001172 -0.000694 1.000000
0 455 0.337500 0.430556 0.042188 0.102778 0.000391 -0.002083 1.000000
0 456 0.335156 0.430556 0.045312 0.102778 -0.002344 0.000000 1.000000
0 457 0.336719 0.432639 0.046875 0.098611 0.001563 0.002083 1.000000
0 458 0.338672 0.433333 0.044531 0.097222 0.001953 0.000694 1.000000
0 459 0.339453 0.433333 0.038281 0.097222 0.000781 0.000000 1.000000
0 460 0.339844 0.431944 0.029687 0.100000 0.000391 -0.001389 1.000000
0 461 0.339062 0.431250 0.025000 0.101389 -0.000781 -0.000694 1.000000
0 462 0.337109 0.430556 0.021094 0.105556 -0.001953 -0.000694 1.000000
0 463 0.337109 0.427778 0.021094 0.105556 0.000000 -0.002778 1.000000
0 464 0.337109 0.428472 0.021094 0.106944 0.000000 0.000694 1.000000
0 465 0.335156 0.427778 0.026562 0.105556 -0.001953 -0.000694 1.000000
0 466 0.333203 0.427778 0.028906 0.105556 -0.001953 0.000000 1.000000
0 467 0.333203 0.427778 0.030469 0.105556 0.000000 0.000000 1.000000
0 468 0.333203 0.426389 0.030469 0.102778 0.000000 -0.001389 1.000000
0 469 0.333594 0.429167 0.029687 0.102778 0.000391 0.002778 1.000000
0 470 0.334766 0.426389 0.027344 0.100000 0.001172 -0.002778 1.000000
0 471 0.334375 0.425694 0.025000 0.101389 -0.000391 -0.000694 1.000000
0 472 0.332813 0.424306 0.025000 0.104167 -0.001563 -0.001389 1.000000
0 473 0.331641 0.420833 0.025781 0.105556 -0.001172 -0.003472 1.000000
0 474 0.329688 0.418056 0.025000 0.108333 -0.001953 -0.002778 1.000000
0 475 0.326562 0.416667 0.025000 0.108333 -0.003125 -0.001389 1.000000
0 476 0.323437 0.415278 0.026562 0.108333 -0.003125 -0.001389 1.000000
0 477 0.318359 0.413194 0.027344 0.106944 -0.005078 -0.002083 1.000000
0 478 0.312500 0.411806 0.028125 0.101389 -0.005859 -0.001389 1.000000
0 479 0.306250 0.411806 0.029687 0.098611 -0.006250 0.000000 1.000000
0 480 0.296875 0.415278 0.028125 0.102778 -0.009375 0.003472 1.000000
0 481 0.287891 0.416667 0.030469 0.100000 -0.008984 0.001389 1.000000
0 482 0.278906 0.418056 0.029687 0.097222 -0.008984 0.001389 1.000000
0 483 0.268750 0.420833 0.029687 0.097222 -0.010156 0.002778 1.000000
0 484 0.258594 0.418750 0.029687 0.098611 -0.010156 -0.002083 1.000000
0 485 0.248438 0.418056 0.028125 0.097222 -0.010156 -0.000694 1.000000
0 486 0.238281 0.416667 0.028125 0.100000 -0.010156 -0.001389 1.000000
0 487 0.228906 0.415972 0.026562 0.101389 -0.009375 -0.000694 1.000000
0 488 0.218750 0.415278 0.026562 0.102778 -0.010156 -0.000694 1.000000
0 489 0.210938 0.416667 0.029687 0.105556 -0.007812 0.001389 1.000000
0 490 0.202344 0.415972 0.029687 0.104167 -0.008594 -0.000694 1.000000
0 491 0.194141 0.415972 0.032031 0.104167 -0.008203 0.000000 1.000000
0 492 0.187500 0.419444 0.035937 0.102778 -0.006641 0.003472 1.000000
0 493 0.180859 0.419444 0.038281 0.100000 -0.006641 0.000000 1.000000
0 494 0.172656 0.422222 0.037500 0.100000 -0.008203 0.002778 1.000000
0 495 0.166406 0.420833 0.035937 0.100000 -0.006250 -0.001389 1.000000
0 496 0.162500 0.420833 0.034375 0.100000 -0.003906 0.000000 1.000000
0 497 0.158594 0.420833 0.032813 0.100000 -0.003906 0.000000 1.000000
0 498 0.155859 0.419444 0.030469 0.102778 -0.002734 -0.001389 1.000000
0 499 0.154297 0.419444 0.027344 0.102778 -0.001563 0.000000 1.000000
0 500 0.153516 0.419444 0.024219 0.102778 -0.000781 0.000000 1.000000
0 501 0.153516 0.418750 0.021094 0.104167 0.000000 -0.000694 1.000000
0 502 0.153516 0.418056 0.019531 0.102778 0.000000 -0.000694 1.000000
0 503 0.154688 0.418056 0.017188 0.102778 0.001172 0.000000 1.000000
0 504 0.154688 0.418056 0.015625 0.102778 0.000000 0.000000 1.000000
0 505 0.156250 0.418056 0.018750 0.102778 0.001563 0.000000 1.000000
0 506 0.159375 0.418750 0.025000 0.104167 0.003125 0.000694 1.000000
0 507 0.160938 0.418750 0.028125 0.104167 0.001563 0.000000 1.000000
0 508 0.164062 0.418750 0.031250 0.104167 0.003125 0.000000 1.000000
0 509 0.166016 0.419444 0.032031 0.102778 0.001953 0.000694 1.000000
0 510 0.167187 0.420833 0.031250 0.102778 0.001172 0.001389 1.000000
0 511 0.169531 0.420833 0.031250 0.102778 0.002344 0.000000 1.000000
0 512 0.171875 0.420833 0.029687 0.102778 0.002344 0.000000 1.000000
0 513 0.174219 0.420833 0.029687 0.102778 0.002344 0.000000 1.000000
0 514 0.177734 0.420139 0.027344 0.104167 0.003516 -0.000694 1.000000
0 515 0.181250 0.418056 0.025000 0.102778 0.003516 -0.002083 1.000000
0 516 0.185156 0.418056 0.023438 0.102778 0.003906 0.000000 1.000000
0 517 0.189062 0.418750 0.021875 0.104167 0.003906 0.000694 1.000000
0 518 0.192969 0.420833 0.020313 0.105556 0.003906 0.002083 1.000000
0 519 0.197266 0.420139 0.019531 0.106944 0.004297 -0.000694 1.000000
0 520 0.201953 0.422222 0.019531 0.105556 0.004687 0.002083 1.000000
0 521 0.205859 0.422222 0.019531 0.105556 0.003906 0.000000 1.000000
0 522 0.208594 0.423611 0.017188 0.105556 0.002734 0.001389 1.000000
0 523 0.211328 0.425000 0.017969 0.105556 0.002734 0.001389 1.000000
0 524 0.214844 0.425694 0.017188 0.106944 0.003516 0.000694 1.000000
0 525 0.217578 0.427083 0.016406 0.104167 0.002734 0.001389 1.000000
0 526 0.220703 0.427083 0.016406 0.104167 0.003125 0.000000 1.000000
0 527 0.223438 0.426389 0.015625 0.102778 0.002734 -0.000694 1.000000
0 528 0.226172 0.427778 0.016406 0.105556 0.002734 0.001389 1.000000
0 529 0.229297 0.426389 0.016406 0.105556 0.003125 -0.001389 1.000000
0 530 0.232031 0.425000 0.017188 0.105556 0.002734 -0.001389 1.000000
0 531 0.235156 0.425000 0.017188 0.105556 0.003125 0.000000 1.000000
0 532 0.239453 0.425694 0.019531 0.106944 0.004297 0.000694 1.000000
0 533 0.242578 0.425694 0.021094 0.106944 0.003125 0.000000 1.000000
0 534 0.245312 0.425694 0.021875 0.106944 0.002734 0.000000 1.000000
0 535 0.249219 0.425694 0.023438 0.106944 0.003906 0.000000 1.000000
0 536 0.251563 0.425694 0.023438 0.106944 0.002344 0.000000 1.000000
0 537 0.254688 0.425000 0.025000 0.105556 0.003125 -0.000694 1.000000
0 538 0.257812 0.425000 0.025000 0.105556 0.003125 0.000000 1.000000
0 539 0.260937 0.425000 0.025000 0.105556 0.003125 0.000000 1.000000
0 540 0.264062 0.426389 0.025000 0.105556 0.003125 0.001389 1.000000
0 541 0.266406 0.427778 0.025000 0.105556 0.002344 0.001389 1.000000
0 542 0.269531 0.428472 0.026562 0.106944 0.003125 0.000694 1.000000
0 543 0.271484 0.428472 0.025781 0.106944 0.001953 0.000000 1.000000
0 544 0.273828 0.428472 0.025781 0.106944 0.002344 0.000000 1.000000
0 545 0.276562 0.427778 0.025000 0.105556 0.002734 -0.000694 1.000000
0 546 0.278906 0.427778 0.023438 0.105556 0.002344 0.000000 1.000000
0 547 0.280859 0.429167 0.022656 0.108333 0.001953 0.001389 1.000000
0 548 0.284375 0.428472 0.023438 0.106944 0.003516 -0.000694 1.000000
0 549 0.285547 0.427778 0.021094 0.105556 0.001172 -0.000694 1.000000
0 550 0.288672 0.429167 0.021094 0.105556 0.003125 0.001389 1.000000
0 551 0.291406 0.429167 0.021875 0.105556 0.002734 0.000000 1.000000
0 552 0.293750 0.431250 0.023438 0.109722 0.002344 0.002083 1.000000
0 553 0.296484 0.431944 0.024219 0.111111 0.002734 0.000694 1.000000
0 554 0.298828 0.432639 0.025781 0.109722 0.002344 0.000694 1.000000
0 555 0.301563 0.431944 0.028125 0.108333 0.002734 -0.000694 1.000000
0 556 0.303906 0.431944 0.026562 0.108333 0.002344 0.000000 1.000000
0 557 0.307031 0.431944 0.028125 0.108333 0.003125 0.000000 1.000000
0 558 0.309375 0.431944 0.028125 0.108333 0.002344 0.000000 1.000000
0 559 0.311719 0.431944 0.026562 0.108333 0.002344 0.000000 1.000000
0 560 0.313281 0.430556 0.026562 0.108333 0.001563 -0.001389 1.000000
0 561 0.315234 0.430556 0.025781 0.108333 0.001953 0.000000 1.000000
0 562 0.316797 0.430556 0.025781 0.108333 0.001563 0.000000 1.000000
0 563 0.318750 0.431944 0.026562 0.108333 0.001953 0.001389 1.000000
0 564 0.319531 0.431250 0.026562 0.106944 0.000781 -0.000694 1.000000
0 565 0.320703 0.432639 0.027344 0.104167 0.001172 0.001389 1.000000
0 566 0.322266 0.434722 0.028906 0.102778 0.001563 0.002083 1.000000
0 567 0.322656 0.437500 0.029687 0.102778 0.000391 0.002778 1.000000
0 568 0.322656 0.436111 0.035937 0.100000 0.000000 -0.001389 1.000000
0 569 0.323047 0.436111 0.038281 0.100000 0.000391 0.000000 1.000000
0 570 0.321484 0.436806 0.036719 0.101389 -0.001563 0.000694 1.000000
0 571 0.321484 0.436111 0.035156 0.100000 0.000000 -0.000694 1.000000
0 572 0.323437 0.436806 0.034375 0.101389 0.001953 0.000694 1.000000
0 573 0.323437 0.436806 0.034375 0.101389 0.000000 0.000000 1.000000
0 574 0.322656 0.437500 0.032813 0.100000 -0.000781 0.000694 1.000000
0 575 0.321875 0.437500 0.034375 0.097222 -0.000781 0.000000 1.000000
0 576 0.319531 0.435417 0.032813 0.093056 -0.002344 -0.002083 1.000000
0 577 0.317969 0.432639 0.032813 0.093056 -0.001563 -0.002778 1.000000
0 578 0.316406 0.434722 0.032813 0.097222 -0.001563 0.002083 1.000000
0 579 0.314063 0.434722 0.031250 0.097222 -0.002344 0.000000 1.000000
0 580 0.313672 0.434028 0.030469 0.098611 -0.000391 -0.000694 1.000000
0 581 0.314063 0.433333 0.031250 0.097222 0.000391 -0.000694 1.000000
0 582 0.313281 0.433333 0.029687 0.100000 -0.000781 0.000000 1.000000
0 583 0.311719 0.429167 0.026562 0.097222 -0.001563 -0.004167 1.000000
0 584 0.310937 0.430556 0.028125 0.100000 -0.000781 0.001389 1.000000
0 585 0.310937 0.429861 0.028125 0.098611 0.000000 -0.000694 1.000000
0 586 0.310156 0.433333 0.028125 0.100000 -0.000781 0.003472 1.000000
0 587 0.309766 0.434028 0.028906 0.101389 -0.000391 0.000694 1.000000
0 588 0.307031 0.434722 0.028125 0.102778 -0.002734 0.000694 1.000000
0 589 0.304688 0.431944 0.029687 0.097222 -0.002344 -0.002778 1.000000
0 590 0.301172 0.429167 0.032031 0.097222 -0.003516 -0.002778 1.000000
0 591 0.304297 0.435417 0.042969 0.104167 0.003125 0.006250 1.000000
0 592 0.302344 0.436111 0.046875 0.100000 -0.001953 0.000694 1.000000
0 593 0.300000 0.440278 0.046875 0.100000 -0.002344 0.004167 1.000000
0 594 0.299219 0.443750 0.043750 0.101389 -0.000781 0.003472 1.000000
0 595 0.294531 0.447222 0.035937 0.102778 -0.004687 0.003472 1.000000
0 596 0.293750 0.441667 0.029687 0.091667 -0.000781 -0.005556 1.000000
0 597 0.294922 0.446528 0.032031 0.104167 0.001172 0.004861 1.000000
0 598 0.297266 0.445139 0.036719 0.106944 0.002344 -0.001389 1.000000
0 599 0.299219 0.446528 0.042188 0.104167 0.001953 0.001389 1.000000
0 600 0.300781 0.446528 0.045312 0.101389 0.001563 0.000000 1.000000
0 601 0.301563 0.450000 0.043750 0.102778 0.000781 0.003472 1.000000
0 602 0.304688 0.452778 0.037500 0.100000 0.003125 0.002778 1.000000
0 603 0.303906 0.456944 0.032813 0.102778 -0.000781 0.004167 1.000000
0 604 0.304297 0.458333 0.030469 0.102778 0.000391 0.001389 1.000000
0 605 0.308594 0.456944 0.035937 0.102778 0.004297 -0.001389 1.000000
0 606 0.310937 0.458333 0.042188 0.105556 0.002344 0.001389 1.000000
0 607 0.313281 0.456944 0.045312 0.100000 0.002344 -0.001389 1.000000
0 608 0.314844 0.454861 0.046875 0.093056 0.001563 -0.002083 1.000000
0 609 0.314844 0.461111 0.043750 0.102778 0.000000 0.006250 1.000000
0 610 0.311719 0.468056 0.040625 0.116667 -0.003125 0.006944 1.000000
0 611 0.307031 0.463889 0.035937 0.105556 -0.004687 -0.004167 1.000000
0 612 0.307031 0.462500 0.035937 0.108333 0.000000 -0.001389 1.000000
0 613 0.309375 0.461111 0.037500 0.111111 0.002344 -0.001389 1.000000
0 614 0.310156 0.459028 0.042188 0.106944 0.000781 -0.002083 1.000000
0 615 0.307031 0.457639 0.048438 0.104167 -0.003125 -0.001389 1.000000
0 616 0.303125 0.454167 0.053125 0.097222 -0.003906 -0.003472 1.000000
0 617 0.298438 0.454167 0.053125 0.094444 -0.004687 0.000000 1.000000
0 618 0.299609 0.459722 0.039844 0.105556 0.001172 0.005556 1.000000
0 619 0.295312 0.458333 0.031250 0.105556 -0.004297 -0.001389 1.000000
0 620 0.291016 0.459028 0.025781 0.106944 -0.004297 0.000694 1.000000
0 621 0.291797 0.456944 0.027344 0.108333 0.000781 -0.002083 1.000000
0 622 0.294141 0.456250 0.032031 0.109722 0.002344 -0.000694 1.000000
0 623 0.296094 0.456944 0.032813 0.111111 0.001953 0.000694 1.000000
0 624 0.298047 0.461111 0.033594 0.116667 0.001953 0.004167 1.000000
0 625 0.300781 0.457639 0.034375 0.109722 0.002734 -0.003472 1.000000
0 626 0.304688 0.459722 0.034375 0.108333 0.003906 0.002083 1.000000
0 627 0.307812 0.455556 0.034375 0.097222 0.003125 -0.004167 1.000000
0 628 0.310937 0.456250 0.035937 0.098611 0.003125 0.000694 1.000000
0 629 0.312500 0.454861 0.043750 0.098611 0.001563 -0.001389 1.000000
0 630 0.316797 0.454861 0.047656 0.098611 0.004297 0.000000 1.000000
0 631 0.326562 0.455556 0.053125 0.097222 0.009766 0.000694 1.000000
0 632 0.336719 0.456250 0.053125 0.095833 0.010156 0.000694 1.000000
0 633 0.348047 0.455556 0.046094 0.094444 0.011328 -0.000694 1.000000
0 634 0.362891 0.451389 0.050781 0.086111 0.014844 -0.004167 1.000000
0 635 0.367578 0.449306 0.052344 0.081944 0.004687 -0.002083 1.000000
0 636 0.372656 0.450000 0.045312 0.083333 0.005078 0.000694 1.000000
0 637 0.383594 0.450000 0.051562 0.083333 0.010937 0.000000 1.000000
0 638 0.395703 0.452083 0.057031 0.084722 0.012109 0.002083 1.000000
0 639 0.403906 0.452778 0.051562 0.086111 0.008203 0.000694 1.000000
0 640 0.410938 0.452778 0.046875 0.086111 0.007031 0.000000 1.000000
0 641 0.417187 0.452778 0.040625 0.086111 0.006250 0.000000 1.000000
0 642 0.422266 0.450694 0.032031 0.084722 0.005078 -0.002083 1.000000
0 643 0.428906 0.450694 0.028125 0.084722 0.006641 0.000000 1.000000
0 644 0.435156 0.450694 0.029687 0.084722 0.006250 0.000000 1.000000
0 645 0.440625 0.450694 0.028125 0.084722 0.005469 0.000000 1.000000
0 646 0.446875 0.451389 0.028125 0.086111 0.006250 0.000694 1.000000
0 647 0.450781 0.452083 0.032813 0.084722 0.003906 0.000694 1.000000
0 648 0.453516 0.456250 0.038281 0.087500 0.002734 0.004167 1.000000
0 649 0.458203 0.458333 0.038281 0.088889 0.004687 0.002083 1.000000
0 650 0.463281 0.459722 0.039062 0.086111 0.005078 0.001389 1.000000
0 651 0.467969 0.461111 0.035937 0.083333 0.004687 0.001389 1.000000
0 652 0.472656 0.462500 0.035937 0.080556 0.004687 0.001389 1.000000
0 653 0.477344 0.463889 0.034375 0.077778 0.004687 0.001389 1.000000
0 654 0.482812 0.463889 0.034375 0.077778 0.005469 0.000000 1.000000
0 655 0.487891 0.465278 0.035156 0.077778 0.005078 0.001389 1.000000
0 656 0.493750 0.465278 0.034375 0.077778 0.005859 0.000000 1.000000
0 657 0.498437 0.464583 0.032813 0.079167 0.004687 -0.000694 1.000000
0 658 0.503906 0.462500 0.032813 0.080556 0.005469 -0.002083 1.000000
0 659 0.509375 0.461806 0.034375 0.081944 0.005469 -0.000694 1.000000
0 660 0.514453 0.461111 0.035156 0.083333 0.005078 -0.000694 1.000000
0 661 0.518750 0.460417 0.037500 0.084722 0.004297 -0.000694 1.000000
0 662 0.525000 0.459028 0.042188 0.087500 0.006250 -0.001389 1.000000
0 663 0.530078 0.456944 0.044531 0.091667 0.005078 -0.002083 1.000000
0 664 0.535156 0.456944 0.046875 0.094444 0.005078 0.000000 1.000000
0 665 0.540234 0.455556 0.046094 0.097222 0.005078 -0.001389 1.000000
0 666 0.543750 0.454167 0.045312 0.094444 0.003516 -0.001389 1.000000
0 667 0.548438 0.452778 0.039062 0.094444 0.004687 -0.001389 1.000000
0 668 0.555469 0.452778 0.035937 0.094444 0.007031 0.000000 1.000000
0 669 0.560156 0.452778 0.037500 0.094444 0.004687 0.000000 1.000000
0 670 0.563281 0.454167 0.040625 0.097222 0.003125 0.001389 1.000000
0 671 0.566406 0.455556 0.043750 0.100000 0.003125 0.001389 1.000000
0 672 0.569531 0.455556 0.045312 0.100000 0.003125 0.000000 1.000000
0 673 0.573828 0.456250 0.046094 0.101389 0.004297 0.000694 1.000000
0 674 0.577344 0.455556 0.045312 0.100000 0.003516 -0.000694 1.000000
0 675 0.581250 0.454167 0.043750 0.102778 0.003906 -0.001389 1.000000
0 676 0.583594 0.453472 0.040625 0.104167 0.002344 -0.000694 1.000000
0 677 0.585938 0.452083 0.034375 0.104167 0.002344 -0.001389 1.000000
0 678 0.586719 0.452778 0.029687 0.105556 0.000781 0.000694 1.000000
0 679 0.586719 0.450000 0.026562 0.105556 0.000000 -0.002778 1.000000
0 680 0.585547 0.451389 0.024219 0.108333 -0.001172 0.001389 1.000000
0 681 0.586719 0.451389 0.026562 0.108333 0.001172 0.000000 1.000000
0 682 0.587500 0.452778 0.032813 0.108333 0.000781 0.001389 1.000000
0 683 0.585156 0.453472 0.034375 0.106944 -0.002344 0.000694 1.000000
0 684 0.582031 0.454167 0.034375 0.105556 -0.003125 0.000694 1.000000
0 685 0.581641 0.455556 0.033594 0.105556 -0.000391 0.001389 1.000000
0 686 0.582031 0.454861 0.029687 0.104167 0.000391 -0.000694 1.000000
0 687 0.580469 0.455556 0.026562 0.105556 -0.001563 0.000694 1.000000
0 688 0.579688 0.452778 0.026562 0.105556 -0.000781 -0.002778 1.000000
0 689 0.581250 0.452083 0.025000 0.106944 0.001563 -0.000694 1.000000
0 690 0.582031 0.453472 0.023438 0.106944 0.000781 0.001389 1.000000
0 691 0.583594 0.453472 0.020313 0.106944 0.001563 0.000000 1.000000
0 692 0.585156 0.454167 0.020313 0.105556 0.001563 0.000694 1.000000
0 693 0.587500 0.454167 0.018750 0.108333 0.002344 0.000000 1.000000
0 694 0.592187 0.453472 0.018750 0.106944 0.004687 -0.000694 1.000000
0 695 0.597656 0.453472 0.020313 0.106944 0.005469 0.000000 1.000000
0 696 0.602734 0.454167 0.021094 0.105556 0.005078 0.000694 1.000000
0 697 0.609375 0.452778 0.021875 0.105556 0.006641 -0.001389 1.000000
0 698 0.615234 0.452778 0.022656 0.105556 0.005859 0.000000 1.000000
0 699 0.621094 0.452778 0.023438 0.105556 0.005859 0.000000 1.000000
0 700 0.628125 0.452083 0.021875 0.104167 0.007031 -0.000694 1.000000
0 701 0.633203 0.452778 0.024219 0.102778 0.005078 0.000694 1.000000
0 702 0.639453 0.454167 0.024219 0.102778 0.006250 0.001389 1.000000
0 703 0.644922 0.453472 0.025781 0.101389 0.005469 -0.000694 1.000000
0 704 0.650000 0.453472 0.025000 0.101389 0.005078 0.000000 1.000000
0 705 0.653906 0.453472 0.025000 0.101389 0.003906 0.000000 1.000000
0 706 0.659375 0.454167 0.025000 0.100000 0.005469 0.000694 1.000000
0 707 0.662891 0.454167 0.024219 0.100000 0.003516 0.000000 1.000000
0 708 0.666406 0.454167 0.023438 0.100000 0.003516 0.000000 1.000000
0 709 0.669531 0.454167 0.023438 0.100000 0.003125 0.000000 1.000000
0 710 0.672656 0.454861 0.023438 0.098611 0.003125 0.000694 1.000000
0 711 0.675781 0.454167 0.023438 0.100000 0.003125 -0.000694 1.000000
0 712 0.677734 0.454861 0.021094 0.098611 0.001953 0.000694 1.000000
0 713 0.680859 0.456250 0.021094 0.098611 0.003125 0.001389 1.000000
0 714 0.682813 0.456944 0.018750 0.097222 0.001953 0.000694 1.000000
0 715 0.685156 0.456944 0.020313 0.097222 0.002344 0.000000 1.000000
0 716 0.686328 0.458333 0.021094 0.097222 0.001172 0.001389 1.000000
0 717 0.686719 0.458333 0.020313 0.097222 0.000391 0.000000 1.000000
0 718 0.689063 0.459028 0.020313 0.095833 0.002344 0.000694 1.000000
0 719 0.691406 0.459722 0.020313 0.094444 0.002344 0.000694 1.000000
0 720 0.693750 0.461111 0.020313 0.094444 0.002344 0.001389 1.000000
0 721 0.694531 0.461111 0.020313 0.094444 0.000781 0.000000 1.000000
0 722 0.695312 0.461806 0.018750 0.093056 0.000781 0.000694 1.000000
0 723 0.696094 0.461111 0.017188 0.091667 0.000781 -0.000694 1.000000
0 724 0.697656 0.461111 0.017188 0.091667 0.001563 0.000000 1.000000
0 725 0.697266 0.462500 0.016406 0.091667 -0.000391 0.001389 1.000000
