0 167 0.004687 0.561111 0.009375 0.094444 0.000000 0.000000 1.000000
0 168 0.006641 0.556944 0.013281 0.100000 0.001953 -0.004167 1.000000
0 169 0.012500 0.554167 0.025000 0.105556 0.005859 -0.002778 1.000000
0 170 0.016406 0.551389 0.032813 0.108333 0.003906 -0.002778 1.000000
0 171 0.021094 0.550000 0.037500 0.108333 0.004687 -0.001389 1.000000
0 172 0.028125 0.548611 0.037500 0.108333 0.007031 -0.001389 1.000000
0 173 0.034766 0.545833 0.036719 0.108333 0.006641 -0.002778 1.000000
0 174 0.039453 0.545833 0.036719 0.108333 0.004687 0.000000 1.000000
0 175 0.042578 0.547222 0.035156 0.105556 0.003125 0.001389 1.000000
0 176 0.043750 0.547222 0.034375 0.105556 0.001172 0.000000 1.000000
0 177 0.044531 0.547222 0.031250 0.105556 0.000781 0.000000 1.000000
0 178 0.044141 0.544444 0.028906 0.105556 -0.000391 -0.002778 1.000000
0 179 0.046875 0.543056 0.031250 0.108333 0.002734 -0.001389 1.000000
0 180 0.048438 0.540278 0.034375 0.111111 0.001563 -0.002778 1.000000
0 181 0.050000 0.539583 0.034375 0.112500 0.001563 -0.000694 1.000000
0 182 0.050781 0.539583 0.035937 0.112500 0.000781 0.000000 1.000000
0 183 0.050781 0.537500 0.035937 0.108333 0.000000 -0.002083 1.000000
0 184 0.050781 0.537500 0.032813 0.108333 0.000000 0.000000 1.000000
0 185 0.048828 0.537500 0.030469 0.108333 -0.001953 0.000000 1.000000
0 186 0.047656 0.536111 0.028125 0.105556 -0.001172 -0.001389 1.000000
0 187 0.044531 0.534722 0.023438 0.108333 -0.003125 -0.001389 1.000000
0 188 0.043359 0.534028 0.022656 0.109722 -0.001172 -0.000694 1.000000
0 189 0.042969 0.533333 0.026562 0.111111 -0.000391 -0.000694 1.000000
0 190 0.042188 0.532639 0.029687 0.112500 -0.000781 -0.000694 1.000000
0 191 0.039062 0.533333 0.035937 0.113889 -0.003125 0.000694 1.000000
0 192 0.038281 0.531944 0.039062 0.111111 -0.000781 -0.001389 1.000000
0 193 0.038672 0.533333 0.036719 0.111111 0.000391 0.001389 1.000000
0 194 0.037500 0.532639 0.034375 0.109722 -0.001172 -0.000694 1.000000
0 195 0.034375 0.533333 0.032813 0.108333 -0.003125 0.000694 1.000000
0 196 0.030469 0.531944 0.029687 0.108333 -0.003906 -0.001389 1.000000
0 197 0.027734 0.530556 0.025781 0.111111 -0.002734 -0.001389 1.000000
0 198 0.025781 0.529167 0.025000 0.113889 -0.001953 -0.001389 1.000000
0 199 0.023438 0.528472 0.025000 0.115278 -0.002344 -0.000694 1.000000
0 200 0.020313 0.527778 0.028125 0.116667 -0.003125 -0.000694 1.000000
0 201 0.016406 0.527083 0.032813 0.115278 -0.003906 -0.000694 1.000000
0 202 0.014453 0.525694 0.028906 0.112500 -0.001953 -0.001389 1.000000
0 203 0.012500 0.525000 0.025000 0.111111 -0.001953 -0.000694 1.000000
0 204 0.010547 0.526389 0.021094 0.108333 -0.001953 0.001389 1.000000
0 205 0.007031 0.526389 0.014063 0.108333 -0.003516 0.000000 1.000000
0 206 0.004687 0.526389 0.009375 0.108333 -0.002344 0.000000 1.000000
0 207 0.002344 0.527778 0.004687 0.108333 -0.002344 0.001389 1.000000
0 316 0.006641 0.504167 0.013281 0.088889 0.000039 -0.000217 1.000000
0 317 0.007812 0.500000 0.015625 0.100000 0.001172 -0.004167 1.000000
0 318 0.014453 0.499306 0.028906 0.101389 0.006641 -0.000694 1.000000
0 319 0.017578 0.497222 0.035156 0.102778 0.003125 -0.002083 1.000000
0 320 0.028906 0.495833 0.034375 0.105556 0.011328 -0.001389 1.000000
0 321 0.039844 0.494444 0.031250 0.105556 0.010937 -0.001389 1.000000
0 322 0.050781 0.493750 0.026562 0.109722 0.010937 -0.000694 1.000000
0 323 0.062500 0.494444 0.021875 0.108333 0.011719 0.000694 1.000000
0 324 0.074219 0.493056 0.020313 0.105556 0.011719 -0.001389 1.000000
0 325 0.086328 0.494444 0.027344 0.100000 0.012109 0.001389 1.000000
0 326 0.097656 0.493750 0.034375 0.098611 0.011328 -0.000694 1.000000
0 327 0.107031 0.494444 0.039062 0.100000 0.009375 0.000694 1.000000
0 328 0.117188 0.495139 0.040625 0.104167 0.010156 0.000694 1.000000
0 329 0.131250 0.493750 0.031250 0.106944 0.014063 -0.001389 1.000000
0 330 0.141016 0.491667 0.032031 0.105556 0.009766 -0.002083 1.000000
0 331 0.154688 0.491667 0.026562 0.105556 0.013672 0.000000 1.000000
0 332 0.166797 0.491667 0.025781 0.102778 0.012109 0.000000 1.000000
0 333 0.182422 0.491667 0.027344 0.097222 0.015625 0.000000 1.000000
0 334 0.196094 0.493056 0.034375 0.094444 0.013672 0.001389 1.000000
0 335 0.209375 0.494444 0.035937 0.094444 0.013281 0.001389 1.000000
0 336 0.220312 0.497917 0.031250 0.095833 0.010937 0.003472 1.000000
0 337 0.228906 0.497222 0.029687 0.097222 0.008594 -0.000694 1.000000
0 338 0.238281 0.496528 0.026562 0.098611 0.009375 -0.000694 1.000000
0 339 0.249219 0.495139 0.026562 0.101389 0.010937 -0.001389 1.000000
0 340 0.263281 0.494444 0.029687 0.100000 0.014063 -0.000694 1.000000
0 341 0.271094 0.493056 0.026562 0.100000 0.007812 -0.001389 1.000000
0 342 0.282031 0.493056 0.026562 0.097222 0.010937 0.000000 1.000000
0 343 0.289062 0.493056 0.023438 0.091667 0.007031 0.000000 1.000000
0 344 0.301563 0.494444 0.023438 0.094444 0.012500 0.001389 1.000000
0 345 0.313281 0.494444 0.028125 0.091667 0.011719 0.000000 1.000000
0 346 0.322656 0.495833 0.028125 0.091667 0.009375 0.001389 1.000000
0 347 0.327344 0.500000 0.032813 0.097222 0.004687 0.004167 1.000000
0 348 0.333203 0.499306 0.035156 0.095833 0.005859 -0.000694 1.000000
0 349 0.344141 0.498611 0.041406 0.097222 0.010937 -0.000694 1.000000
0 350 0.348828 0.497222 0.044531 0.100000 0.004687 -0.001389 1.000000
0 351 0.353906 0.495833 0.042188 0.102778 0.005078 -0.001389 1.000000
0 352 0.364063 0.493750 0.035937 0.101389 0.010156 -0.002083 1.000000
0 353 0.371094 0.488889 0.032813 0.094444 0.007031 -0.004861 1.000000
0 354 0.376953 0.490278 0.030469 0.097222 0.005859 0.001389 1.000000
0 355 0.382031 0.490278 0.026562 0.097222 0.005078 0.000000 1.000000
0 356 0.389062 0.490278 0.026562 0.097222 0.007031 0.000000 1.000000
0 357 0.396094 0.490278 0.025000 0.097222 0.007031 0.000000 1.000000
0 358 0.401562 0.490972 0.026562 0.101389 0.005469 0.000694 1.000000
0 359 0.406250 0.486111 0.028125 0.094444 0.004687 -0.004861 1.000000
0 360 0.408594 0.485417 0.032813 0.095833 0.002344 -0.000694 1.000000
0 361 0.412500 0.484722 0.031250 0.094444 0.003906 -0.000694 1.000000
0 362 0.416406 0.484028 0.032813 0.095833 0.003906 -0.000694 1.000000
0 363 0.420703 0.482639 0.035156 0.098611 0.004297 -0.001389 1.000000
0 364 0.427344 0.479861 0.029687 0.098611 0.006641 -0.002778 1.000000
0 365 0.436719 0.476389 0.028125 0.091667 0.009375 -0.003472 1.000000
0 366 0.444141 0.475000 0.027344 0.094444 0.007422 -0.001389 1.000000
0 367 0.450391 0.476389 0.028906 0.091667 0.006250 0.001389 1.000000
0 368 0.457031 0.475000 0.026562 0.094444 0.006641 -0.001389 1.000000
0 369 0.463281 0.474306 0.028125 0.095833 0.006250 -0.000694 1.000000
0 370 0.468750 0.470833 0.029687 0.097222 0.005469 -0.003472 1.000000
0 371 0.471875 0.468056 0.026562 0.091667 0.003125 -0.002778 1.000000
0 372 0.472656 0.467361 0.026562 0.090278 0.000781 -0.000694 1.000000
0 373 0.476953 0.467361 0.030469 0.090278 0.004297 0.000000 1.000000
0 374 0.482031 0.466667 0.029687 0.091667 0.005078 -0.000694 1.000000
0 375 0.487500 0.463889 0.029687 0.094444 0.005469 -0.002778 1.000000
0 376 0.496094 0.459722 0.025000 0.088889 0.008594 -0.004167 1.000000
0 377 0.501563 0.457639 0.020313 0.087500 0.005469 -0.002083 1.000000
0 378 0.508203 0.456944 0.017969 0.091667 0.006641 -0.000694 1.000000
0 379 0.519922 0.456250 0.027344 0.093056 0.011719 -0.000694 1.000000
0 380 0.524609 0.453472 0.030469 0.098611 0.004687 -0.002778 1.000000
0 381 0.530078 0.448611 0.028906 0.097222 0.005469 -0.004861 1.000000
0 382 0.533984 0.443056 0.024219 0.091667 0.003906 -0.005556 1.000000
0 383 0.537891 0.442361 0.025781 0.093056 0.003906 -0.000694 1.000000
0 384 0.541016 0.443056 0.027344 0.097222 0.003125 0.000694 1.000000
0 385 0.546484 0.440278 0.025781 0.097222 0.005469 -0.002778 1.000000
0 386 0.551562 0.437500 0.029687 0.094444 0.005078 -0.002778 1.000000
0 387 0.562891 0.433333 0.025781 0.091667 0.011328 -0.004167 1.000000
0 388 0.566406 0.431944 0.025000 0.091667 0.003516 -0.001389 1.000000
0 389 0.574219 0.431250 0.032813 0.093056 0.007812 -0.000694 1.000000
0 390 0.578125 0.429167 0.031250 0.094444 0.003906 -0.002083 1.000000
0 391 0.581250 0.426389 0.028125 0.097222 0.003125 -0.002778 1.000000
0 392 0.583594 0.420833 0.028125 0.091667 0.002344 -0.005556 1.000000
0 393 0.585938 0.417361 0.028125 0.087500 0.002344 -0.003472 1.000000
0 394 0.587109 0.415278 0.027344 0.086111 0.001172 -0.002083 1.000000
0 395 0.587500 0.414583 0.028125 0.090278 0.000391 -0.000694 1.000000
0 396 0.592187 0.415278 0.023438 0.091667 0.004687 0.000694 1.000000
0 397 0.595313 0.412500 0.018750 0.094444 0.003125 -0.002778 1.000000
0 398 0.594531 0.409722 0.020313 0.094444 -0.000781 -0.002778 1.000000
0 399 0.599219 0.402778 0.020313 0.086111 0.004687 -0.006944 1.000000
0 400 0.599219 0.401389 0.020313 0.086111 0.000000 -0.001389 1.000000
0 401 0.601562 0.402083 0.025000 0.087500 0.002344 0.000694 1.000000
0 402 0.603516 0.400694 0.025781 0.090278 0.001953 -0.001389 1.000000
0 403 0.603906 0.397222 0.026562 0.094444 0.000391 -0.003472 1.000000
0 404 0.604688 0.394444 0.026562 0.094444 0.000781 -0.002778 1.000000
0 405 0.604688 0.388194 0.025000 0.087500 0.000000 -0.006250 1.000000
0 406 0.605469 0.386806 0.023438 0.087500 0.000781 -0.001389 1.000000
0 407 0.605469 0.387500 0.020313 0.091667 0.000000 0.000694 1.000000
0 408 0.606250 0.384722 0.018750 0.091667 0.000781 -0.002778 1.000000
0 409 0.607031 0.381944 0.017188 0.094444 0.000781 -0.002778 1.000000
0 410 0.609375 0.377778 0.018750 0.091667 0.002344 -0.004167 1.000000
0 411 0.609375 0.375000 0.018750 0.088889 0.000000 -0.002778 1.000000
0 412 0.611719 0.372222 0.020313 0.088889 0.002344 -0.002778 1.000000
0 413 0.613281 0.372222 0.020313 0.088889 0.001563 0.000000 1.000000
0 414 0.614844 0.372222 0.020313 0.091667 0.001563 0.000000 1.000000
0 415 0.616406 0.370833 0.020313 0.091667 0.001563 -0.001389 1.000000
0 416 0.617188 0.366667 0.020313 0.094444 0.000781 -0.004167 1.000000
0 417 0.619531 0.364583 0.018750 0.090278 0.002344 -0.002083 1.000000
0 418 0.621094 0.361806 0.017188 0.090278 0.001563 -0.002778 1.000000
0 419 0.623047 0.361111 0.016406 0.088889 0.001953 -0.000694 1.000000
0 420 0.625000 0.359028 0.017188 0.087500 0.001953 -0.002083 1.000000
0 421 0.625781 0.357639 0.020313 0.087500 0.000781 -0.001389 1.000000
0 422 0.627734 0.355556 0.021094 0.086111 0.001953 -0.002083 1.000000
0 423 0.631641 0.355556 0.028906 0.086111 0.003906 0.000000 1.000000
0 424 0.633984 0.354167 0.033594 0.080556 0.002344 -0.001389 1.000000
0 425 0.632812 0.352778 0.032813 0.083333 -0.001172 -0.001389 1.000000
0 426 0.634375 0.352778 0.031250 0.083333 0.001563 0.000000 1.000000
0 427 0.636328 0.350000 0.028906 0.086111 0.001953 -0.002778 1.000000
0 428 0.637500 0.345833 0.025000 0.080556 0.001172 -0.004167 1.000000
0 429 0.637500 0.344444 0.025000 0.077778 0.000000 -0.001389 1.000000
0 430 0.642188 0.344444 0.025000 0.077778 0.004687 0.000000 1.000000
0 431 0.643359 0.343056 0.027344 0.080556 0.001172 -0.001389 1.000000
0 432 0.643750 0.341667 0.029687 0.083333 0.000391 -0.001389 1.000000
0 433 0.644141 0.338889 0.027344 0.083333 0.000391 -0.002778 1.000000
0 434 0.642188 0.336111 0.025000 0.077778 -0.001953 -0.002778 1.000000
0 435 0.641406 0.335417 0.025000 0.079167 -0.000781 -0.000694 1.000000
0 436 0.639453 0.334028 0.022656 0.081944 -0.001953 -0.001389 1.000000
0 437 0.641016 0.331250 0.027344 0.084722 0.001563 -0.002778 1.000000
0 438 0.641406 0.329861 0.026562 0.081944 0.000391 -0.001389 1.000000
0 439 0.643359 0.326389 0.028906 0.077778 0.001953 -0.003472 1.000000
0 440 0.639844 0.326389 0.020313 0.080556 -0.003516 0.000000 1.000000
0 441 0.641016 0.327778 0.017969 0.086111 0.001172 0.001389 1.000000
0 442 0.640625 0.327083 0.018750 0.081944 -0.000391 -0.000694 1.000000
0 443 0.640625 0.322917 0.023438 0.081944 0.000000 -0.004167 1.000000
0 444 0.638281 0.322222 0.026562 0.080556 -0.002344 -0.000694 1.000000
0 445 0.638281 0.322222 0.028125 0.077778 0.000000 0.000000 1.000000
0 446 0.642188 0.320139 0.028125 0.073611 0.003906 -0.002083 1.000000
0 447 0.646875 0.319444 0.025000 0.069444 0.004687 -0.000694 1.000000
0 448 0.650781 0.320833 0.026562 0.077778 0.003906 0.001389 1.000000
0 449 0.653516 0.320833 0.024219 0.075000 0.002734 0.000000 1.000000
0 450 0.656250 0.317361 0.028125 0.073611 0.002734 -0.003472 1.000000
0 451 0.656641 0.315278 0.030469 0.069444 0.000391 -0.002083 1.000000
0 452 0.659766 0.315278 0.030469 0.069444 0.003125 0.000000 1.000000
0 453 0.659375 0.315278 0.035937 0.069444 -0.000391 0.000000 1.000000
0 454 0.665625 0.314583 0.031250 0.068056 0.006250 -0.000694 1.000000
0 455 0.668359 0.318056 0.028906 0.075000 0.002734 0.003472 1.000000
0 456 0.671875 0.315278 0.028125 0.069444 0.003516 -0.002778 1.000000
0 457 0.679688 0.311806 0.029687 0.070833 0.007812 -0.003472 1.000000
0 458 0.684375 0.309028 0.028125 0.070833 0.004687 -0.002778 1.000000
0 459 0.691406 0.306944 0.026562 0.075000 0.007031 -0.002083 1.000000
0 460 0.697656 0.304167 0.025000 0.075000 0.006250 -0.002778 1.000000
0 461 0.702344 0.301389 0.023438 0.075000 0.004687 -0.002778 1.000000
0 462 0.707422 0.299306 0.021094 0.076389 0.005078 -0.002083 1.000000
0 463 0.710547 0.297917 0.021094 0.076389 0.003125 -0.001389 1.000000
0 464 0.714063 0.295833 0.021875 0.077778 0.003516 -0.002083 1.000000
0 465 0.717969 0.294444 0.020313 0.077778 0.003906 -0.001389 1.000000
0 466 0.719922 0.294444 0.022656 0.083333 0.001953 0.000000 1.000000
0 467 0.723047 0.291667 0.022656 0.080556 0.003125 -0.002778 1.000000
0 468 0.725391 0.288194 0.025781 0.076389 0.002344 -0.003472 1.000000
0 469 0.728125 0.287500 0.025000 0.075000 0.002734 -0.000694 1.000000
0 470 0.731250 0.286806 0.025000 0.076389 0.003125 -0.000694 1.000000
0 471 0.734375 0.286806 0.023438 0.073611 0.003125 0.000000 1.000000
0 472 0.740625 0.286111 0.015625 0.072222 0.006250 -0.000694 1.000000
0 473 0.748047 0.284722 0.014844 0.075000 0.007422 -0.001389 1.000000
0 474 0.750781 0.286111 0.020313 0.077778 0.002734 0.001389 1.000000
0 475 0.750781 0.281944 0.025000 0.077778 0.000000 -0.004167 1.000000
0 476 0.750000 0.280556 0.025000 0.077778 -0.000781 -0.001389 1.000000
0 477 0.746094 0.279861 0.025000 0.081944 -0.003906 -0.000694 1.000000
0 478 0.741406 0.278472 0.021875 0.084722 -0.004687 -0.001389 1.000000
0 479 0.735156 0.277778 0.020313 0.086111 -0.006250 -0.000694 1.000000
0 480 0.729297 0.277083 0.021094 0.084722 -0.005859 -0.000694 1.000000
0 481 0.721875 0.275000 0.018750 0.083333 -0.007422 -0.002083 1.000000
0 482 0.713281 0.274306 0.017188 0.081944 -0.008594 -0.000694 1.000000
0 483 0.705469 0.274306 0.017188 0.081944 -0.007812 0.000000 1.000000
0 484 0.696094 0.273611 0.015625 0.083333 -0.009375 -0.000694 1.000000
0 485 0.686719 0.273611 0.012500 0.086111 -0.009375 0.000000 1.000000
0 486 0.677734 0.269444 0.011719 0.088889 -0.008984 -0.004167 1.000000
0 487 0.666406 0.268056 0.017188 0.086111 -0.011328 -0.001389 1.000000
0 488 0.654687 0.268056 0.017188 0.083333 -0.011719 0.000000 1.000000
0 489 0.646094 0.266667 0.017188 0.080556 -0.008594 -0.001389 1.000000
0 490 0.637891 0.267361 0.019531 0.081944 -0.008203 0.000694 1.000000
0 491 0.628125 0.266667 0.018750 0.080556 -0.009766 -0.000694 1.000000
0 492 0.619922 0.265278 0.019531 0.080556 -0.008203 -0.001389 1.000000
0 493 0.612109 0.266667 0.017969 0.080556 -0.007812 0.001389 1.000000
0 494 0.603906 0.266667 0.021875 0.077778 -0.008203 0.000000 1.000000
0 495 0.597656 0.265278 0.021875 0.077778 -0.006250 -0.001389 1.000000
0 496 0.591406 0.265972 0.020313 0.076389 -0.006250 0.000694 1.000000
0 497 0.587109 0.263889 0.021094 0.075000 -0.004297 -0.002083 1.000000
0 498 0.583203 0.265278 0.021094 0.077778 -0.003906 0.001389 1.000000
0 499 0.580469 0.263889 0.018750 0.077778 -0.002734 -0.001389 1.000000
0 500 0.578125 0.261111 0.018750 0.075000 -0.002344 -0.002778 1.000000
0 501 0.575000 0.259722 0.017188 0.077778 -0.003125 -0.001389 1.000000
0 502 0.572656 0.259028 0.018750 0.076389 -0.002344 -0.000694 1.000000
0 503 0.569531 0.260417 0.017188 0.076389 -0.003125 0.001389 1.000000
0 504 0.566797 0.259028 0.017969 0.076389 -0.002734 -0.001389 1.000000
0 505 0.565234 0.258333 0.021094 0.075000 -0.001563 -0.000694 1.000000
0 506 0.564453 0.259028 0.022656 0.076389 -0.000781 0.000694 1.000000
0 507 0.564453 0.259028 0.022656 0.076389 0.000000 0.000000 1.000000
0 508 0.564453 0.259028 0.025781 0.076389 0.000000 0.000000 1.000000
0 509 0.565625 0.257639 0.026562 0.076389 0.001172 -0.001389 1.000000
0 510 0.565625 0.258333 0.028125 0.075000 0.000000 0.000694 1.000000
0 511 0.564063 0.258333 0.028125 0.075000 -0.001563 0.000000 1.000000
0 512 0.562891 0.258333 0.024219 0.075000 -0.001172 0.000000 1.000000
0 513 0.560937 0.256944 0.020313 0.075000 -0.001953 -0.001389 1.000000
0 514 0.560156 0.256250 0.018750 0.079167 -0.000781 -0.000694 1.000000
0 515 0.560547 0.256250 0.021094 0.079167 0.000391 0.000000 1.000000
0 516 0.562500 0.256250 0.021875 0.079167 0.001953 0.000000 1.000000
0 517 0.563281 0.256944 0.023438 0.077778 0.000781 0.000694 1.000000
0 518 0.564063 0.258333 0.025000 0.077778 0.000781 0.001389 1.000000
0 519 0.563281 0.259028 0.023438 0.073611 -0.000781 0.000694 1.000000
0 520 0.561719 0.260417 0.029687 0.070833 -0.001563 0.001389 1.000000
0 521 0.561719 0.262500 0.029687 0.066667 0.000000 0.002083 1.000000
0 522 0.564063 0.262500 0.028125 0.066667 0.002344 0.000000 1.000000
0 523 0.564844 0.263889 0.026562 0.066667 0.000781 0.001389 1.000000
0 524 0.567969 0.263889 0.026562 0.066667 0.003125 0.000000 1.000000
0 525 0.571094 0.263889 0.026562 0.066667 0.003125 0.000000 1.000000
0 526 0.573047 0.262500 0.027344 0.069444 0.001953 -0.001389 1.000000
0 527 0.576953 0.262500 0.027344 0.069444 0.003906 0.000000 1.000000
0 528 0.580469 0.261806 0.028125 0.073611 0.003516 -0.000694 1.000000
0 529 0.587500 0.260417 0.025000 0.073611 0.007031 -0.001389 1.000000
0 530 0.593750 0.259028 0.021875 0.073611 0.006250 -0.001389 1.000000
0 531 0.600000 0.259722 0.021875 0.075000 0.006250 0.000694 1.000000
0 532 0.605859 0.259722 0.024219 0.075000 0.005859 0.000000 1.000000
0 533 0.611328 0.260417 0.028906 0.076389 0.005469 0.000694 1.000000
0 534 0.616016 0.261111 0.027344 0.075000 0.004687 0.000694 1.000000
0 535 0.620703 0.261806 0.027344 0.076389 0.004687 0.000694 1.000000
0 536 0.623437 0.261111 0.028125 0.075000 0.002734 -0.000694 1.000000
0 537 0.628125 0.260417 0.026562 0.076389 0.004687 -0.000694 1.000000
0 538 0.632812 0.261111 0.023438 0.077778 0.004687 0.000694 1.000000
0 539 0.638281 0.259028 0.018750 0.079167 0.005469 -0.002083 1.000000
0 540 0.641406 0.259722 0.017188 0.080556 0.003125 0.000694 1.000000
0 541 0.646484 0.261111 0.016406 0.080556 0.005078 0.001389 1.000000
0 542 0.651172 0.261111 0.016406 0.080556 0.004687 0.000000 1.000000
0 543 0.656250 0.261806 0.015625 0.079167 0.005078 0.000694 1.000000
0 544 0.660937 0.261111 0.017188 0.077778 0.004687 -0.000694 1.000000
0 545 0.665625 0.262500 0.017188 0.080556 0.004687 0.001389 1.000000
0 546 0.669922 0.261111 0.017969 0.077778 0.004297 -0.001389 1.000000
0 547 0.675000 0.261806 0.017188 0.079167 0.005078 0.000694 1.000000
0 548 0.677344 0.262500 0.025000 0.077778 0.002344 0.000694 1.000000
0 549 0.680859 0.262500 0.027344 0.080556 0.003516 0.000000 1.000000
0 550 0.684375 0.262500 0.031250 0.080556 0.003516 0.000000 1.000000
0 551 0.689844 0.260417 0.028125 0.081944 0.005469 -0.002083 1.000000
0 552 0.696094 0.255556 0.023438 0.077778 0.006250 -0.004861 1.000000
0 553 0.701953 0.256944 0.019531 0.086111 0.005859 0.001389 1.000000
0 554 0.706250 0.257639 0.018750 0.084722 0.004297 0.000694 1.000000
0 555 0.710156 0.256944 0.018750 0.086111 0.003906 -0.000694 1.000000
0 556 0.714453 0.261111 0.014844 0.083333 0.004297 0.004167 1.000000
0 557 0.719531 0.261111 0.014063 0.083333 0.005078 0.000000 1.000000
0 558 0.724219 0.263194 0.015625 0.081944 0.004687 0.002083 1.000000
0 559 0.728516 0.265972 0.016406 0.076389 0.004297 0.002778 1.000000
0 560 0.731250 0.266667 0.020313 0.072222 0.002734 0.000694 1.000000
0 561 0.734766 0.268056 0.021094 0.072222 0.003516 0.001389 1.000000
0 562 0.738672 0.269444 0.019531 0.072222 0.003906 0.001389 1.000000
0 563 0.742578 0.270833 0.019531 0.072222 0.003906 0.001389 1.000000
0 564 0.744531 0.271528 0.018750 0.070833 0.001953 0.000694 1.000000
0 565 0.747266 0.270833 0.019531 0.069444 0.002734 -0.000694 1.000000
0 566 0.750781 0.272222 0.020313 0.069444 0.003516 0.001389 1.000000
0 567 0.753125 0.272917 0.023438 0.068056 0.002344 0.000694 1.000000
0 568 0.754687 0.272917 0.025000 0.068056 0.001563 0.000000 1.000000
0 569 0.756250 0.271528 0.029687 0.068056 0.001563 -0.001389 1.000000
0 570 0.759766 0.272917 0.028906 0.070833 0.003516 0.001389 1.000000
0 571 0.762109 0.273611 0.025781 0.072222 0.002344 0.000694 1.000000
0 572 0.761719 0.275000 0.025000 0.072222 -0.000391 0.001389 1.000000
0 573 0.761719 0.275000 0.025000 0.072222 0.000000 0.000000 1.000000
0 574 0.761719 0.275694 0.025000 0.070833 0.000000 0.000694 1.000000
0 575 0.761719 0.276389 0.023438 0.069444 0.000000 0.000694 1.000000
0 576 0.763672 0.277778 0.024219 0.072222 0.001953 0.001389 1.000000
0 577 0.764453 0.279167 0.024219 0.075000 0.000781 0.001389 1.000000
0 578 0.766406 0.279861 0.026562 0.073611 0.001953 0.000694 1.000000
0 579 0.767188 0.279861 0.026562 0.073611 0.000781 0.000000 1.000000
0 580 0.767578 0.280556 0.022656 0.072222 0.000391 0.000694 1.000000
0 581 0.767969 0.281250 0.020313 0.073611 0.000391 0.000694 1.000000
0 582 0.770703 0.280556 0.024219 0.072222 0.002734 -0.000694 1.000000
0 583 0.773438 0.281250 0.028125 0.073611 0.002734 0.000694 1.000000
0 584 0.776172 0.282639 0.030469 0.076389 0.002734 0.001389 1.000000
0 585 0.777344 0.284722 0.029687 0.077778 0.001172 0.002083 1.000000
0 586 0.778906 0.287500 0.026562 0.077778 0.001563 0.002778 1.000000
0 587 0.779687 0.287500 0.025000 0.075000 0.000781 0.000000 1.000000
0 588 0.784375 0.288889 0.031250 0.077778 0.004687 0.001389 1.000000
0 589 0.782422 0.288194 0.024219 0.076389 -0.001953 -0.000694 1.000000
0 590 0.783203 0.290278 0.025781 0.080556 0.000781 0.002083 1.000000
0 591 0.784375 0.295139 0.028125 0.081944 0.001172 0.004861 1.000000
0 592 0.785937 0.302778 0.026562 0.086111 0.001563 0.007639 1.000000
0 593 0.785547 0.306944 0.024219 0.083333 -0.000391 0.004167 1.000000
0 594 0.784375 0.309028 0.018750 0.081944 -0.001172 0.002083 1.000000
0 595 0.783984 0.311806 0.017969 0.081944 -0.000391 0.002778 1.000000
0 596 0.787891 0.312500 0.025781 0.083333 0.003906 0.000694 1.000000
0 597 0.789062 0.315278 0.029687 0.083333 0.001172 0.002778 1.000000
0 598 0.791406 0.315972 0.032813 0.084722 0.002344 0.000694 1.000000
0 599 0.795312 0.321528 0.032813 0.084722 0.003906 0.005556 1.000000
0 600 0.800391 0.326389 0.025781 0.083333 0.005078 0.004861 1.000000
0 601 0.806250 0.330556 0.031250 0.083333 0.005859 0.004167 1.000000
0 602 0.813281 0.334722 0.029687 0.083333 0.007031 0.004167 1.000000
0 603 0.817578 0.336111 0.027344 0.083333 0.004297 0.001389 1.000000
0 604 0.823438 0.337500 0.028125 0.086111 0.005859 0.001389 1.000000
0 605 0.828125 0.340278 0.032813 0.088889 0.004687 0.002778 1.000000
0 606 0.833203 0.347222 0.033594 0.094444 0.005078 0.006944 1.000000
0 607 0.839453 0.350000 0.027344 0.091667 0.006250 0.002778 1.000000
0 608 0.844531 0.354167 0.017188 0.091667 0.005078 0.004167 1.000000
0 609 0.846875 0.356250 0.017188 0.090278 0.002344 0.002083 1.000000
0 610 0.851562 0.356944 0.021875 0.094444 0.004687 0.000694 1.000000
0 611 0.857031 0.356944 0.026562 0.091667 0.005469 0.000000 1.000000
0 612 0.858594 0.359028 0.032813 0.093056 0.001563 0.002083 1.000000
0 613 0.860938 0.361111 0.034375 0.094444 0.002344 0.002083 1.000000
0 614 0.862500 0.365278 0.029687 0.097222 0.001563 0.004167 1.000000
0 615 0.862500 0.365972 0.025000 0.095833 0.000000 0.000694 1.000000
0 616 0.862891 0.368056 0.025781 0.094444 0.000391 0.002083 1.000000
0 617 0.865625 0.368056 0.031250 0.094444 0.002734 0.000000 1.000000
0 618 0.867188 0.368750 0.034375 0.095833 0.001563 0.000694 1.000000
0 619 0.869531 0.370833 0.034375 0.097222 0.002344 0.002083 1.000000
0 620 0.873437 0.372222 0.034375 0.100000 0.003906 0.001389 1.000000
0 621 0.876563 0.376389 0.032813 0.102778 0.003125 0.004167 1.000000
0 622 0.879687 0.377778 0.028125 0.100000 0.003125 0.001389 1.000000
0 623 0.882031 0.380556 0.020313 0.100000 0.002344 0.002778 1.000000
0 624 0.884766 0.380556 0.019531 0.100000 0.002734 0.000000 1.000000
0 625 0.891406 0.380556 0.026562 0.100000 0.006641 0.000000 1.000000
0 626 0.897656 0.380556 0.029687 0.100000 0.006250 0.000000 1.000000
0 627 0.904297 0.383333 0.038281 0.100000 0.006641 0.002778 1.000000
0 628 0.912109 0.384722 0.042969 0.102778 0.007812 0.001389 1.000000
0 629 0.916016 0.388889 0.036719 0.105556 0.003906 0.004167 1.000000
0 630 0.925391 0.390972 0.032031 0.104167 0.009375 0.002083 1.000000
0 631 0.931641 0.392361 0.028906 0.101389 0.006250 0.001389 1.000000
0 632 0.943359 0.393750 0.032031 0.101389 0.011719 0.001389 1.000000
0 633 0.951562 0.394444 0.034375 0.102778 0.008203 0.000694 1.000000
0 634 0.961719 0.395139 0.037500 0.104167 0.010156 0.000694 1.000000
0 635 0.973047 0.397222 0.038281 0.105556 0.011328 0.002083 1.000000
0 636 0.981250 0.398611 0.037500 0.108333 0.008203 0.001389 1.000000
0 637 0.985547 0.401389 0.028906 0.108333 0.004297 0.002778 1.000000
0 638 0.990625 0.405556 0.018750 0.105556 0.005078 0.004167 1.000000
0 639 0.996875 0.406944 0.006250 0.102778 0.006250 0.001389 1.000000
0 669 0.996094 0.464583 0.007812 0.101389 -0.000026 0.001921 1.000000
0 670 0.996094 0.464583 0.007812 0.101389 0.000000 0.000000 1.000000
0 671 0.992969 0.468056 0.014063 0.102778 -0.003125 0.003472 1.000000
0 672 0.989453 0.468750 0.021094 0.104167 -0.003516 0.000694 1.000000
0 673 0.985938 0.470833 0.028125 0.102778 -0.003516 0.002083 1.000000
0 674 0.979297 0.470833 0.039844 0.100000 -0.006641 0.000000 1.000000
0 675 0.973828 0.469444 0.047656 0.100000 -0.005469 -0.001389 1.000000
0 676 0.966797 0.469444 0.050781 0.100000 -0.007031 0.000000 1.000000
0 677 0.961719 0.466667 0.051562 0.097222 -0.005078 -0.002778 1.000000
0 678 0.952344 0.468056 0.046875 0.100000 -0.009375 0.001389 1.000000
0 679 0.938672 0.466667 0.039844 0.100000 -0.013672 -0.001389 1.000000
0 680 0.927344 0.464583 0.037500 0.101389 -0.011328 -0.002083 1.000000
0 681 0.917969 0.462500 0.040625 0.105556 -0.009375 -0.002083 1.000000
0 682 0.909766 0.459722 0.044531 0.102778 -0.008203 -0.002778 1.000000
0 683 0.895703 0.459722 0.058594 0.102778 -0.014063 0.000000 1.000000
0 684 0.880469 0.456944 0.065625 0.094444 -0.015234 -0.002778 1.000000
0 685 0.869141 0.462500 0.057031 0.100000 -0.011328 0.005556 1.000000
0 686 0.857812 0.462500 0.043750 0.097222 -0.011328 0.000000 1.000000
0 687 0.853516 0.463194 0.036719 0.098611 -0.004297 0.000694 1.000000
0 688 0.841016 0.462500 0.052344 0.100000 -0.012500 -0.000694 1.000000
0 689 0.833203 0.459722 0.050781 0.100000 -0.007812 -0.002778 1.000000
0 690 0.828906 0.459028 0.042188 0.104167 -0.004297 -0.000694 1.000000
0 691 0.827734 0.458333 0.036719 0.105556 -0.001172 -0.000694 1.000000
0 692 0.825000 0.459722 0.034375 0.108333 -0.002734 0.001389 1.000000
0 693 0.823438 0.460417 0.032813 0.109722 -0.001563 0.000694 1.000000
0 694 0.823047 0.463194 0.030469 0.109722 -0.000391 0.002778 1.000000
0 695 0.824219 0.462500 0.026562 0.108333 0.001172 -0.000694 1.000000
0 696 0.827344 0.465278 0.026562 0.108333 0.003125 0.002778 1.000000
0 697 0.828125 0.465972 0.040625 0.104167 0.000781 0.000694 1.000000
0 698 0.830469 0.465278 0.045312 0.102778 0.002344 -0.000694 1.000000
0 699 0.834375 0.466667 0.048438 0.105556 0.003906 0.001389 1.000000
0 700 0.836719 0.469444 0.048438 0.105556 0.002344 0.002778 1.000000
0 701 0.839063 0.471528 0.046875 0.109722 0.002344 0.002083 1.000000
0 702 0.838672 0.473611 0.046094 0.108333 -0.000391 0.002083 1.000000
0 703 0.842187 0.473611 0.037500 0.102778 0.003516 0.000000 1.000000
0 704 0.838281 0.475000 0.039062 0.102778 -0.003906 0.001389 1.000000
0 705 0.836328 0.476389 0.039844 0.100000 -0.001953 0.001389 1.000000
0 706 0.838672 0.477778 0.042969 0.097222 0.002344 0.001389 1.000000
0 707 0.842578 0.479167 0.041406 0.097222 0.003906 0.001389 1.000000
0 708 0.845313 0.479167 0.037500 0.097222 0.002734 0.000000 1.000000
0 709 0.847266 0.476389 0.032031 0.097222 0.001953 -0.002778 1.000000
0 710 0.846484 0.475694 0.024219 0.101389 -0.000781 -0.000694 1.000000
0 711 0.846875 0.473611 0.021875 0.102778 0.000391 -0.002083 1.000000
0 712 0.846875 0.473611 0.021875 0.105556 0.000000 0.000000 1.000000
0 713 0.847266 0.473611 0.022656 0.105556 0.000391 0.000000 1.000000
0 714 0.846484 0.472222 0.022656 0.102778 -0.000781 -0.001389 1.000000
0 715 0.845313 0.472917 0.025000 0.104167 -0.001172 0.000694 1.000000
0 716 0.845313 0.475000 0.026562 0.102778 0.000000 0.002083 1.000000
0 717 0.843750 0.475000 0.028125 0.100000 -0.001563 0.000000 1.000000
0 718 0.842578 0.477778 0.032031 0.097222 -0.001172 0.002778 1.000000
0 719 0.843750 0.477778 0.031250 0.091667 0.001172 0.000000 1.000000
0 720 0.837891 0.482639 0.028906 0.093056 -0.005859 0.004861 1.000000
0 721 0.838281 0.483333 0.031250 0.094444 0.000391 0.000694 1.000000
0 722 0.838281 0.484722 0.031250 0.094444 0.000000 0.001389 1.000000
0 723 0.838281 0.483333 0.029687 0.094444 0.000000 -0.001389 1.000000
0 724 0.837500 0.483333 0.026562 0.097222 -0.000781 0.000000 1.000000
0 725 0.837500 0.482639 0.025000 0.098611 0.000000 -0.000694 1.000000
