0 1 0.364453 0.450694 0.035156 0.212500 1.000000
0 2 0.370312 0.447222 0.050000 0.216667 1.000000
0 3 0.369922 0.446528 0.049219 0.215278 1.000000
0 4 0.369531 0.446528 0.048438 0.215278 1.000000
0 6 0.372266 0.444444 0.046094 0.213889 1.000000
0 7 0.373828 0.448611 0.044531 0.216667 1.000000
0 8 0.373828 0.446528 0.046094 0.212500 1.000000
0 9 0.373828 0.445833 0.044531 0.219444 1.000000
0 10 0.370703 0.447222 0.050781 0.216667 1.000000
0 11 0.367969 0.450000 0.045312 0.222222 1.000000
0 12 0.367188 0.449306 0.043750 0.220833 1.000000
0 13 0.367188 0.449306 0.043750 0.220833 1.000000
0 14 0.367188 0.449306 0.043750 0.220833 1.000000
0 15 0.368750 0.447917 0.043750 0.220833 1.000000
0 16 0.368750 0.447917 0.043750 0.220833 1.000000
0 17 0.368750 0.447917 0.043750 0.220833 1.000000
0 18 0.368750 0.447917 0.043750 0.220833 1.000000
0 19 0.368750 0.447917 0.043750 0.220833 1.000000
0 20 0.368750 0.447917 0.043750 0.220833 1.000000
0 21 0.368750 0.447917 0.043750 0.220833 1.000000
0 22 0.368750 0.447917 0.043750 0.220833 1.000000
0 23 0.370312 0.447917 0.043750 0.220833 1.000000
0 24 0.370312 0.447917 0.043750 0.220833 1.000000
0 25 0.370312 0.447917 0.043750 0.220833 1.000000
0 26 0.370312 0.447917 0.043750 0.220833 1.000000
0 27 0.370312 0.447917 0.043750 0.220833 1.000000
0 28 0.370312 0.447917 0.043750 0.220833 1.000000
0 29 0.370312 0.447917 0.043750 0.220833 1.000000
0 30 0.370312 0.445139 0.043750 0.220833 1.000000
0 31 0.372266 0.445833 0.047656 0.222222 1.000000
0 32 0.374219 0.445833 0.051562 0.222222 1.000000
0 33 0.373047 0.445833 0.049219 0.222222 1.000000
0 34 0.373437 0.445833 0.050000 0.222222 1.000000
0 35 0.373437 0.445833 0.050000 0.222222 1.000000
0 36 0.373437 0.445833 0.050000 0.222222 1.000000
0 37 0.373437 0.440278 0.050000 0.222222 1.000000
0 38 0.373437 0.440278 0.050000 0.222222 1.000000
0 39 0.377344 0.434722 0.050000 0.222222 1.000000
0 40 0.377344 0.431944 0.050000 0.222222 1.000000
0 41 0.382812 0.430556 0.050000 0.222222 1.000000
0 42 0.387500 0.420833 0.050000 0.222222 1.000000
0 43 0.388281 0.417361 0.046875 0.223611 1.000000
0 44 0.390625 0.410417 0.046875 0.223611 1.000000
0 45 0.392578 0.406250 0.044531 0.223611 1.000000
0 46 0.396094 0.395833 0.046875 0.225000 1.000000
0 47 0.401562 0.391667 0.050000 0.219444 1.000000
0 48 0.404297 0.386806 0.052344 0.218056 1.000000
0 49 0.409766 0.379861 0.052344 0.218056 1.000000
0 50 0.412109 0.378472 0.052344 0.218056 1.000000
0 51 0.423047 0.364583 0.052344 0.218056 1.000000
0 52 0.430078 0.359028 0.052344 0.218056 1.000000
0 53 0.433203 0.350694 0.052344 0.218056 1.000000
0 54 0.434766 0.343750 0.052344 0.218056 1.000000
0 55 0.439063 0.338194 0.048438 0.218056 1.000000
0 56 0.446484 0.319444 0.047656 0.225000 1.000000
0 57 0.449219 0.311111 0.042188 0.222222 1.000000
0 58 0.452344 0.297917 0.042188 0.231944 1.000000
0 59 0.453906 0.289583 0.042188 0.231944 1.000000
0 60 0.458594 0.282639 0.042188 0.231944 1.000000
0 61 0.462500 0.262500 0.043750 0.227778 1.000000
0 62 0.467969 0.248611 0.043750 0.227778 1.000000
0 63 0.470313 0.238889 0.043750 0.227778 1.000000
0 64 0.472656 0.231944 0.043750 0.227778 1.000000
0 65 0.475000 0.221528 0.046875 0.229167 1.000000
0 66 0.480078 0.198611 0.044531 0.230556 1.000000
0 67 0.480859 0.187500 0.044531 0.230556 1.000000
0 68 0.481641 0.179167 0.044531 0.230556 1.000000
0 69 0.483984 0.165972 0.047656 0.231944 1.000000
0 70 0.483984 0.161806 0.047656 0.231944 1.000000
0 71 0.484766 0.152778 0.046094 0.227778 1.000000
0 72 0.487500 0.151389 0.045312 0.225000 1.000000
0 73 0.487500 0.147222 0.045312 0.225000 1.000000
0 74 0.487500 0.147222 0.045312 0.225000 1.000000
0 75 0.487500 0.147222 0.045312 0.225000 1.000000
0 76 0.487500 0.147222 0.045312 0.225000 1.000000
0 77 0.487500 0.147222 0.045312 0.225000 1.000000
0 78 0.487500 0.147222 0.045312 0.225000 1.000000
0 79 0.488281 0.148611 0.045312 0.225000 1.000000
0 80 0.487500 0.150000 0.045312 0.225000 1.000000
0 81 0.487500 0.152778 0.045312 0.225000 1.000000
0 82 0.490234 0.156944 0.049219 0.222222 1.000000
0 83 0.491016 0.161111 0.049219 0.213889 1.000000
0 84 0.488281 0.165972 0.050000 0.209722 1.000000
0 85 0.486328 0.174306 0.049219 0.206944 1.000000
0 86 0.481250 0.186806 0.046875 0.198611 1.000000
0 87 0.477344 0.185417 0.046875 0.198611 1.000000
0 88 0.474219 0.187500 0.046875 0.202778 1.000000
0 89 0.470313 0.195833 0.046875 0.202778 1.000000
0 90 0.467969 0.195833 0.046875 0.202778 1.000000
0 91 0.460938 0.200694 0.040625 0.204167 1.000000
0 92 0.458594 0.206250 0.040625 0.204167 1.000000
0 93 0.456250 0.202083 0.040625 0.204167 1.000000
0 94 0.456250 0.202083 0.040625 0.204167 1.000000
0 95 0.451172 0.209028 0.036719 0.201389 1.000000
0 96 0.447266 0.209028 0.036719 0.201389 1.000000
0 97 0.441797 0.209028 0.036719 0.201389 1.000000
0 98 0.437891 0.211806 0.036719 0.201389 1.000000
0 99 0.437109 0.212500 0.041406 0.202778 1.000000
0 100 0.431641 0.215278 0.046094 0.194444 1.000000
0 101 0.424219 0.236111 0.051562 0.211111 1.000000
0 102 0.420703 0.236806 0.044531 0.212500 1.000000
0 103 0.415234 0.240972 0.044531 0.212500 1.000000
0 104 0.407813 0.243056 0.045312 0.213889 1.000000
0 105 0.403125 0.247222 0.045312 0.213889 1.000000
0 106 0.389062 0.252083 0.050000 0.226389 1.000000
0 107 0.386328 0.257639 0.041406 0.234722 1.000000
0 108 0.382422 0.259028 0.041406 0.234722 1.000000
0 109 0.382031 0.261111 0.040625 0.227778 1.000000
0 110 0.380469 0.266667 0.040625 0.227778 1.000000
0 111 0.382031 0.276389 0.046875 0.227778 1.000000
0 112 0.381641 0.284028 0.055469 0.218056 1.000000
0 113 0.381641 0.285417 0.055469 0.218056 1.000000
0 114 0.391016 0.286806 0.055469 0.218056 1.000000
0 115 0.391016 0.286806 0.055469 0.218056 1.000000
0 116 0.395703 0.296528 0.055469 0.218056 1.000000
0 117 0.397266 0.290972 0.060156 0.212500 1.000000
0 118 0.404687 0.294444 0.042188 0.213889 1.000000
0 119 0.409375 0.295833 0.042188 0.213889 1.000000
0 120 0.409375 0.295833 0.042188 0.213889 1.000000
0 121 0.414062 0.301389 0.032813 0.213889 1.000000
0 122 0.415625 0.305556 0.032813 0.213889 1.000000
0 123 0.417969 0.313194 0.037500 0.229167 1.000000
0 124 0.423438 0.317361 0.042188 0.226389 1.000000
0 125 0.429297 0.320139 0.053906 0.226389 1.000000
0 126 0.433203 0.329167 0.061719 0.219444 1.000000
0 127 0.433203 0.329167 0.061719 0.219444 1.000000
0 128 0.434766 0.327778 0.061719 0.219444 1.000000
0 129 0.437891 0.331944 0.061719 0.219444 1.000000
0 130 0.440234 0.336111 0.061719 0.219444 1.000000
0 131 0.444141 0.339583 0.049219 0.218056 1.000000
0 132 0.448047 0.340278 0.044531 0.219444 1.000000
0 133 0.451953 0.341667 0.039844 0.225000 1.000000
0 134 0.457422 0.338889 0.039844 0.225000 1.000000
0 135 0.458984 0.338889 0.035156 0.225000 1.000000
0 136 0.467969 0.338194 0.039062 0.223611 1.000000
0 137 0.470703 0.337500 0.044531 0.222222 1.000000
0 138 0.475391 0.338889 0.044531 0.222222 1.000000
0 139 0.476953 0.338194 0.047656 0.215278 1.000000
0 140 0.480078 0.340972 0.044531 0.215278 1.000000
0 141 0.490625 0.344444 0.039062 0.216667 1.000000
0 142 0.495312 0.344444 0.035937 0.216667 1.000000
0 143 0.500781 0.345139 0.034375 0.218056 1.000000
0 144 0.507031 0.347917 0.034375 0.218056 1.000000
0 145 0.510156 0.347917 0.034375 0.218056 1.000000
0 146 0.523438 0.356250 0.034375 0.218056 1.000000
0 147 0.528125 0.361806 0.034375 0.218056 1.000000
0 148 0.533594 0.368750 0.034375 0.218056 1.000000
0 149 0.539844 0.365972 0.034375 0.218056 1.000000
0 150 0.546484 0.370833 0.038281 0.216667 1.000000
0 151 0.557422 0.375000 0.041406 0.219444 1.000000
0 152 0.560937 0.375694 0.037500 0.220833 1.000000
0 153 0.565625 0.374306 0.037500 0.220833 1.000000
0 154 0.570703 0.373611 0.041406 0.219444 1.000000
0 155 0.575391 0.373611 0.041406 0.219444 1.000000
0 156 0.582031 0.376389 0.039062 0.225000 1.000000
0 157 0.585156 0.372222 0.039062 0.225000 1.000000
0 158 0.589063 0.373611 0.043750 0.213889 1.000000
0 159 0.590625 0.376389 0.043750 0.213889 1.000000
0 160 0.592969 0.375000 0.045312 0.225000 1.000000
0 161 0.596094 0.375000 0.045312 0.225000 1.000000
0 162 0.596094 0.375000 0.045312 0.225000 1.000000
0 163 0.598437 0.375694 0.050000 0.226389 1.000000
0 164 0.598437 0.375694 0.050000 0.226389 1.000000
0 165 0.598437 0.375694 0.050000 0.226389 1.000000
0 166 0.600391 0.377083 0.049219 0.218056 1.000000
0 167 0.600391 0.377083 0.049219 0.218056 1.000000
0 168 0.600391 0.377083 0.049219 0.218056 1.000000
0 169 0.600391 0.377083 0.049219 0.218056 1.000000
0 170 0.598828 0.377778 0.046094 0.219444 1.000000
0 171 0.598828 0.377778 0.046094 0.219444 1.000000
0 172 0.598828 0.377778 0.046094 0.219444 1.000000
0 173 0.602344 0.379167 0.039062 0.222222 1.000000
0 174 0.602344 0.379167 0.039062 0.222222 1.000000
0 176 0.602344 0.375000 0.039062 0.222222 1.000000
0 177 0.602344 0.375000 0.039062 0.222222 1.000000
0 178 0.602344 0.373611 0.039062 0.222222 1.000000
0 179 0.602734 0.369444 0.044531 0.222222 1.000000
0 180 0.602734 0.369444 0.044531 0.222222 1.000000
0 181 0.602734 0.369444 0.044531 0.222222 1.000000
0 182 0.603516 0.361111 0.044531 0.222222 1.000000
0 183 0.603516 0.361111 0.044531 0.222222 1.000000
0 184 0.601172 0.361111 0.044531 0.222222 1.000000
0 185 0.601172 0.361111 0.044531 0.222222 1.000000
0 186 0.598828 0.361111 0.044531 0.222222 1.000000
0 187 0.598828 0.361111 0.044531 0.222222 1.000000
0 188 0.594922 0.361111 0.044531 0.222222 1.000000
0 189 0.594922 0.357639 0.044531 0.215278 1.000000
0 190 0.594141 0.356250 0.046094 0.218056 1.000000
0 191 0.592578 0.354861 0.050781 0.218056 1.000000
0 192 0.591016 0.350694 0.050781 0.218056 1.000000
0 193 0.589063 0.351389 0.046875 0.219444 1.000000
0 194 0.589063 0.351389 0.046875 0.219444 1.000000
0 195 0.589063 0.351389 0.046875 0.219444 1.000000
0 196 0.589063 0.351389 0.046875 0.219444 1.000000
0 197 0.584375 0.351389 0.046875 0.219444 1.000000
0 198 0.582812 0.352778 0.043750 0.222222 1.000000
0 199 0.576953 0.350694 0.042969 0.220833 1.000000
0 200 0.572656 0.350694 0.037500 0.220833 1.000000
0 201 0.571875 0.345139 0.037500 0.220833 1.000000
0 202 0.566016 0.345833 0.044531 0.222222 1.000000
0 203 0.562109 0.344444 0.047656 0.222222 1.000000
0 204 0.560937 0.345833 0.051562 0.222222 1.000000
0 205 0.557813 0.345139 0.053125 0.215278 1.000000
0 206 0.557813 0.345139 0.053125 0.215278 1.000000
0 207 0.553906 0.345139 0.053125 0.215278 1.000000
0 208 0.555469 0.340972 0.053125 0.215278 1.000000
0 209 0.555469 0.340972 0.053125 0.215278 1.000000
0 210 0.555469 0.340972 0.053125 0.215278 1.000000
0 211 0.555469 0.340972 0.053125 0.215278 1.000000
0 212 0.555469 0.340972 0.053125 0.215278 1.000000
0 213 0.555469 0.336806 0.053125 0.215278 1.000000
0 214 0.553125 0.335417 0.053125 0.215278 1.000000
0 215 0.553125 0.335417 0.053125 0.215278 1.000000
0 216 0.551172 0.334722 0.050781 0.205556 1.000000
0 217 0.548828 0.339583 0.058594 0.209722 1.000000
0 218 0.546484 0.339583 0.058594 0.209722 1.000000
0 219 0.548828 0.345139 0.060156 0.209722 1.000000
0 220 0.548828 0.345139 0.060156 0.209722 1.000000
0 221 0.552734 0.345139 0.060156 0.209722 1.000000
0 222 0.555469 0.345833 0.054688 0.211111 1.000000
0 223 0.555469 0.345833 0.054688 0.211111 1.000000
0 224 0.554688 0.345833 0.053125 0.211111 1.000000
0 225 0.553516 0.345833 0.050781 0.211111 1.000000
0 226 0.555859 0.343056 0.050781 0.211111 1.000000
0 227 0.557031 0.343056 0.045312 0.211111 1.000000
0 228 0.559766 0.343750 0.044531 0.218056 1.000000
0 229 0.559766 0.350694 0.044531 0.218056 1.000000
0 230 0.562109 0.350694 0.044531 0.218056 1.000000
0 231 0.562109 0.359028 0.044531 0.226389 1.000000
0 232 0.564063 0.372222 0.053125 0.222222 1.000000
0 233 0.564844 0.378472 0.056250 0.215278 1.000000
0 234 0.567187 0.386806 0.057813 0.215278 1.000000
0 235 0.567187 0.393750 0.062500 0.212500 1.000000
0 236 0.568750 0.400694 0.062500 0.212500 1.000000
0 237 0.575000 0.400000 0.067187 0.208333 1.000000
0 238 0.576562 0.412500 0.067187 0.208333 1.000000
0 239 0.577734 0.411806 0.072656 0.206944 1.000000
0 240 0.576172 0.413194 0.075781 0.212500 1.000000
0 241 0.576953 0.418750 0.074219 0.212500 1.000000
0 242 0.569141 0.423611 0.082031 0.213889 1.000000
0 243 0.563281 0.425694 0.092188 0.206944 1.000000
0 244 0.561328 0.434028 0.097656 0.204167 1.000000
0 245 0.555078 0.442361 0.097656 0.204167 1.000000
0 246 0.551953 0.454861 0.097656 0.204167 1.000000
0 247 0.546484 0.482639 0.088281 0.209722 1.000000
0 248 0.544531 0.495139 0.082812 0.212500 1.000000
0 249 0.542188 0.501389 0.078125 0.205556 1.000000
0 250 0.544922 0.511111 0.071094 0.194444 1.000000
0 251 0.548047 0.519444 0.071094 0.194444 1.000000
0 252 0.550781 0.527778 0.068750 0.191667 1.000000
0 253 0.552344 0.527083 0.062500 0.201389 1.000000
0 254 0.553125 0.532639 0.062500 0.201389 1.000000
0 255 0.553125 0.536111 0.062500 0.208333 1.000000
0 256 0.555469 0.538889 0.062500 0.208333 1.000000
0 257 0.563672 0.544444 0.055469 0.230556 1.000000
0 258 0.566797 0.545833 0.055469 0.230556 1.000000
0 259 0.572266 0.547222 0.055469 0.230556 1.000000
0 260 0.576172 0.552778 0.055469 0.230556 1.000000
0 261 0.580859 0.559722 0.055469 0.230556 1.000000
0 262 0.586719 0.569444 0.060937 0.219444 1.000000
0 263 0.590625 0.575000 0.060937 0.219444 1.000000
0 264 0.595313 0.579861 0.064062 0.223611 1.000000
0 265 0.598047 0.585417 0.064844 0.220833 1.000000
0 266 0.598047 0.585417 0.064844 0.220833 1.000000
0 267 0.608984 0.599306 0.064844 0.220833 1.000000
0 268 0.612109 0.596528 0.069531 0.215278 1.000000
0 269 0.615625 0.601389 0.068750 0.222222 1.000000
0 270 0.624219 0.602778 0.065625 0.222222 1.000000
0 271 0.633203 0.606250 0.061719 0.223611 1.000000
0 272 0.645703 0.615278 0.052344 0.227778 1.000000
0 273 0.651953 0.617361 0.049219 0.229167 1.000000
0 274 0.657422 0.622917 0.047656 0.234722 1.000000
0 275 0.664453 0.624306 0.047656 0.234722 1.000000
0 276 0.673047 0.624306 0.047656 0.234722 1.000000
0 277 0.687891 0.630556 0.057031 0.236111 1.000000
0 278 0.694141 0.631944 0.057031 0.236111 1.000000
0 279 0.699609 0.631944 0.057031 0.236111 1.000000
0 280 0.702734 0.631944 0.057031 0.236111 1.000000
0 281 0.706641 0.631944 0.057031 0.236111 1.000000
0 282 0.715625 0.621528 0.051562 0.234722 1.000000
0 283 0.720313 0.622917 0.051562 0.234722 1.000000
0 284 0.727344 0.621528 0.051562 0.234722 1.000000
0 285 0.727344 0.621528 0.051562 0.234722 1.000000
0 286 0.732031 0.621528 0.046875 0.231944 1.000000
0 287 0.741406 0.621528 0.046875 0.231944 1.000000
0 288 0.746484 0.615278 0.052344 0.233333 1.000000
0 289 0.750000 0.616667 0.059375 0.236111 1.000000
0 290 0.756250 0.611806 0.064062 0.240278 1.000000
0 291 0.758203 0.612500 0.064844 0.241667 1.000000
0 292 0.762891 0.615278 0.064844 0.241667 1.000000
0 293 0.762891 0.614583 0.069531 0.240278 1.000000
0 294 0.766406 0.613889 0.064062 0.238889 1.000000
0 295 0.767188 0.615278 0.064062 0.238889 1.000000
0 296 0.766406 0.609722 0.064062 0.238889 1.000000
0 297 0.773438 0.612500 0.053125 0.238889 1.000000
0 298 0.775391 0.611806 0.046094 0.237500 1.000000
0 299 0.776172 0.607639 0.046094 0.237500 1.000000
0 300 0.776172 0.607639 0.046094 0.237500 1.000000
0 301 0.779687 0.607639 0.048438 0.243056 1.000000
0 302 0.783203 0.607639 0.055469 0.243056 1.000000
0 303 0.787109 0.606944 0.060156 0.241667 1.000000
0 304 0.790234 0.605556 0.061719 0.238889 1.000000
0 305 0.792578 0.605556 0.066406 0.238889 1.000000
0 306 0.797266 0.597917 0.064844 0.229167 1.000000
0 307 0.804297 0.595139 0.064844 0.229167 1.000000
0 308 0.806641 0.592361 0.063281 0.234722 1.000000
0 309 0.808594 0.588889 0.057813 0.238889 1.000000
0 310 0.810937 0.586111 0.057813 0.238889 1.000000
0 311 0.815234 0.585417 0.058594 0.248611 1.000000
0 312 0.822266 0.578472 0.058594 0.248611 1.000000
0 313 0.824609 0.583333 0.050781 0.258333 1.000000
0 314 0.830859 0.574306 0.053906 0.245833 1.000000
0 315 0.833984 0.575000 0.060156 0.247222 1.000000
0 316 0.836328 0.575000 0.064844 0.247222 1.000000
0 317 0.842969 0.568056 0.075000 0.233333 1.000000
0 318 0.842969 0.568056 0.075000 0.233333 1.000000
0 319 0.846875 0.569444 0.071875 0.233333 1.000000
0 320 0.850781 0.569444 0.071875 0.233333 1.000000
0 321 0.854688 0.568056 0.071875 0.233333 1.000000
0 322 0.864453 0.560417 0.060156 0.231944 1.000000
0 323 0.871484 0.556250 0.058594 0.243056 1.000000
0 324 0.877734 0.552083 0.050781 0.245833 1.000000
0 325 0.883984 0.552083 0.046094 0.245833 1.000000
0 326 0.888281 0.547222 0.040625 0.250000 1.000000
0 327 0.888281 0.547222 0.040625 0.250000 1.000000
0 328 0.894922 0.546528 0.044531 0.254167 1.000000
0 329 0.900000 0.546528 0.045312 0.245833 1.000000
0 330 0.905469 0.543056 0.046875 0.238889 1.000000
0 331 0.908203 0.541667 0.052344 0.236111 1.000000
0 332 0.912500 0.538889 0.056250 0.227778 1.000000
0 333 0.916016 0.534722 0.047656 0.230556 1.000000
0 334 0.916016 0.534722 0.047656 0.230556 1.000000
0 335 0.919141 0.528472 0.050781 0.231944 1.000000
0 336 0.917578 0.530556 0.055469 0.241667 1.000000
0 337 0.919141 0.525694 0.061719 0.243056 1.000000
0 338 0.925391 0.520833 0.063281 0.233333 1.000000
0 339 0.928516 0.516667 0.058594 0.230556 1.000000
0 340 0.932422 0.506944 0.053906 0.227778 1.000000
0 341 0.940234 0.502083 0.050781 0.226389 1.000000
0 342 0.942187 0.498611 0.050000 0.244444 1.000000
0 343 0.950781 0.489583 0.045312 0.245833 1.000000
0 344 0.951562 0.484028 0.040625 0.245833 1.000000
0 345 0.951172 0.479861 0.046094 0.237500 1.000000
0 346 0.952734 0.480556 0.049219 0.238889 1.000000
0 347 0.957031 0.475000 0.057813 0.230556 1.000000
0 348 0.962500 0.475000 0.068750 0.230556 1.000000
0 349 0.964844 0.469444 0.070312 0.222222 1.000000
0 350 0.960938 0.470833 0.078125 0.225000 1.000000
0 351 0.960938 0.466667 0.078125 0.225000 1.000000
0 352 0.961328 0.456944 0.077344 0.225000 1.000000
0 353 0.964453 0.450000 0.071094 0.225000 1.000000
0 354 0.967969 0.444444 0.064062 0.225000 1.000000
0 355 0.970703 0.437500 0.058594 0.225000 1.000000
0 356 0.975000 0.433333 0.050000 0.227778 1.000000
0 357 0.980469 0.426389 0.039062 0.227778 1.000000
0 358 0.977734 0.415278 0.044531 0.227778 1.000000
0 359 0.976562 0.412500 0.046875 0.227778 1.000000
0 360 0.974609 0.412500 0.050781 0.227778 1.000000
0 361 0.973047 0.412500 0.053906 0.227778 1.000000
0 362 0.970703 0.406944 0.058594 0.227778 1.000000
0 363 0.971094 0.392361 0.057813 0.220833 1.000000
0 364 0.971094 0.390972 0.057813 0.218056 1.000000
0 365 0.973047 0.386806 0.053906 0.229167 1.000000
0 366 0.973828 0.382639 0.052344 0.226389 1.000000
0 367 0.975391 0.380556 0.049219 0.230556 1.000000
0 368 0.978125 0.352083 0.043750 0.220833 1.000000
0 369 0.975000 0.350694 0.043750 0.220833 1.000000
0 370 0.975000 0.350694 0.043750 0.220833 1.000000
0 371 0.972266 0.356250 0.044531 0.237500 1.000000
0 372 0.966406 0.350694 0.056250 0.237500 1.000000
0 373 0.948438 0.354861 0.073438 0.234722 1.000000
0 374 0.941797 0.353472 0.077344 0.237500 1.000000
0 375 0.934766 0.350000 0.080469 0.227778 1.000000
0 376 0.928516 0.350694 0.083594 0.231944 1.000000
0 377 0.922266 0.350694 0.083594 0.231944 1.000000
0 378 0.910937 0.354167 0.075000 0.233333 1.000000
0 379 0.901563 0.352083 0.064062 0.234722 1.000000
0 380 0.896875 0.351389 0.054688 0.233333 1.000000
0 381 0.885938 0.350694 0.050000 0.231944 1.000000
0 382 0.878906 0.355556 0.050000 0.241667 1.000000
0 383 0.860938 0.354167 0.050000 0.241667 1.000000
0 384 0.851172 0.352778 0.058594 0.241667 1.000000
0 385 0.843750 0.352083 0.064062 0.240278 1.000000
0 386 0.832812 0.353472 0.068750 0.240278 1.000000
0 387 0.825391 0.355556 0.072656 0.233333 1.000000
0 388 0.805859 0.365278 0.072656 0.233333 1.000000
0 389 0.802734 0.359722 0.072656 0.233333 1.000000
0 390 0.792969 0.359722 0.056250 0.233333 1.000000
0 391 0.787500 0.360417 0.062500 0.234722 1.000000
0 392 0.781641 0.356944 0.057031 0.230556 1.000000
0 393 0.767188 0.354861 0.042188 0.229167 1.000000
0 394 0.761719 0.354861 0.042188 0.229167 1.000000
0 395 0.757422 0.354167 0.050781 0.227778 1.000000
0 396 0.747266 0.358333 0.055469 0.227778 1.000000
0 397 0.740234 0.358333 0.061719 0.236111 1.000000
0 398 0.728125 0.360417 0.071875 0.226389 1.000000
0 399 0.719141 0.361806 0.074219 0.229167 1.000000
0 400 0.709766 0.361806 0.074219 0.229167 1.000000
0 401 0.701953 0.360417 0.074219 0.229167 1.000000
0 402 0.692187 0.361806 0.067187 0.229167 1.000000
0 403 0.679688 0.360417 0.060937 0.226389 1.000000
0 404 0.675781 0.359722 0.053125 0.225000 1.000000
0 405 0.671875 0.360417 0.045312 0.226389 1.000000
0 406 0.666406 0.360417 0.039062 0.226389 1.000000
0 407 0.662500 0.360417 0.031250 0.226389 1.000000
0 408 0.645703 0.368750 0.042969 0.229167 1.000000
0 409 0.644922 0.375694 0.050781 0.226389 1.000000
0 410 0.637109 0.374306 0.060156 0.229167 1.000000
0 411 0.631250 0.375000 0.065625 0.230556 1.000000
0 412 0.623047 0.375694 0.069531 0.220833 1.000000
0 413 0.607422 0.374306 0.069531 0.220833 1.000000
0 414 0.602734 0.379861 0.069531 0.220833 1.000000
0 415 0.597266 0.379861 0.069531 0.220833 1.000000
0 416 0.592578 0.378472 0.064844 0.218056 1.000000
0 417 0.585938 0.376389 0.051562 0.216667 1.000000
0 418 0.572266 0.378472 0.047656 0.218056 1.000000
0 419 0.564063 0.379167 0.039062 0.219444 1.000000
0 420 0.554688 0.381944 0.039062 0.219444 1.000000
0 421 0.550000 0.382639 0.050000 0.226389 1.000000
0 422 0.543750 0.379167 0.062500 0.222222 1.000000
0 423 0.528125 0.385417 0.065625 0.215278 1.000000
0 424 0.517969 0.385417 0.060937 0.215278 1.000000
0 425 0.511328 0.390278 0.057031 0.216667 1.000000
0 426 0.493750 0.388889 0.068750 0.213889 1.000000
0 427 0.485547 0.390278 0.061719 0.202778 1.000000
0 428 0.471875 0.395139 0.054688 0.209722 1.000000
0 429 0.458984 0.390278 0.042969 0.205556 1.000000
0 430 0.451953 0.390278 0.042969 0.205556 1.000000
0 431 0.446484 0.393056 0.032031 0.211111 1.000000
0 432 0.441797 0.393056 0.032031 0.211111 1.000000
0 433 0.426563 0.398611 0.040625 0.225000 1.000000
0 434 0.419531 0.400694 0.048438 0.218056 1.000000
0 435 0.415234 0.401389 0.057031 0.219444 1.000000
0 436 0.407031 0.407639 0.060937 0.209722 1.000000
0 437 0.397656 0.411111 0.067187 0.200000 1.000000
0 438 0.384375 0.415278 0.067187 0.200000 1.000000
0 439 0.378125 0.415278 0.059375 0.200000 1.000000
0 440 0.369531 0.415278 0.059375 0.200000 1.000000
0 441 0.363672 0.415278 0.053906 0.200000 1.000000
0 442 0.356250 0.415972 0.048438 0.201389 1.000000
0 443 0.343359 0.414583 0.038281 0.209722 1.000000
0 444 0.337109 0.415972 0.038281 0.209722 1.000000
0 445 0.330859 0.416667 0.044531 0.211111 1.000000
0 446 0.324219 0.420833 0.051562 0.213889 1.000000
0 447 0.322266 0.421528 0.058594 0.206944 1.000000
0 448 0.306641 0.427083 0.061719 0.204167 1.000000
0 449 0.299609 0.429861 0.063281 0.201389 1.000000
0 450 0.292578 0.431944 0.061719 0.200000 1.000000
0 451 0.285938 0.432639 0.056250 0.201389 1.000000
0 452 0.280078 0.435417 0.053906 0.201389 1.000000
0 453 0.272266 0.434028 0.038281 0.201389 1.000000
0 454 0.268359 0.434028 0.038281 0.201389 1.000000
0 455 0.264062 0.434722 0.035937 0.202778 1.000000
0 456 0.258594 0.434722 0.035937 0.202778 1.000000
0 457 0.257031 0.434028 0.042188 0.204167 1.000000
0 458 0.247266 0.445139 0.049219 0.206944 1.000000
0 459 0.243359 0.443750 0.060156 0.198611 1.000000
0 460 0.238281 0.445833 0.065625 0.188889 1.000000
0 461 0.232813 0.447917 0.062500 0.193056 1.000000
0 462 0.229687 0.452778 0.068750 0.197222 1.000000
0 463 0.220703 0.452083 0.066406 0.184722 1.000000
0 464 0.213672 0.452778 0.063281 0.186111 1.000000
0 465 0.208203 0.453472 0.058594 0.184722 1.000000
0 466 0.202344 0.452778 0.053125 0.183333 1.000000
0 467 0.194922 0.456944 0.046094 0.188889 1.000000
0 468 0.181250 0.459722 0.035937 0.194444 1.000000
0 469 0.175781 0.458333 0.035937 0.194444 1.000000
0 470 0.170703 0.463889 0.039844 0.200000 1.000000
0 471 0.168359 0.461806 0.041406 0.195833 1.000000
0 472 0.162500 0.464583 0.043750 0.201389 1.000000
0 473 0.153125 0.475694 0.042188 0.187500 1.000000
0 474 0.147656 0.474306 0.042188 0.187500 1.000000
0 475 0.139063 0.472917 0.042188 0.187500 1.000000
0 476 0.135937 0.475694 0.042188 0.187500 1.000000
0 477 0.135156 0.477083 0.042188 0.187500 1.000000
0 478 0.127344 0.482639 0.035937 0.190278 1.000000
0 479 0.126172 0.482639 0.033594 0.190278 1.000000
0 480 0.123047 0.484028 0.033594 0.190278 1.000000
0 481 0.119141 0.485417 0.038281 0.193056 1.000000
0 482 0.117578 0.490972 0.038281 0.193056 1.000000
0 483 0.111328 0.502083 0.047656 0.195833 1.000000
0 484 0.107813 0.501389 0.054688 0.197222 1.000000
0 485 0.104688 0.504861 0.059375 0.198611 1.000000
0 486 0.103906 0.509722 0.064062 0.197222 1.000000
0 487 0.098047 0.511806 0.066406 0.195833 1.000000
0 488 0.092578 0.518056 0.066406 0.197222 1.000000
0 489 0.089844 0.520139 0.059375 0.195833 1.000000
0 490 0.088672 0.520833 0.057031 0.197222 1.000000
0 491 0.084375 0.523611 0.053125 0.191667 1.000000
0 492 0.080469 0.523611 0.053125 0.191667 1.000000
0 493 0.078906 0.525694 0.045312 0.193056 1.000000
0 494 0.071484 0.530556 0.039844 0.191667 1.000000
0 495 0.071875 0.531250 0.040625 0.198611 1.000000
0 496 0.069922 0.536806 0.039844 0.204167 1.000000
0 497 0.069922 0.536806 0.039844 0.204167 1.000000
0 498 0.067969 0.540278 0.040625 0.197222 1.000000
0 499 0.070312 0.542361 0.050000 0.201389 1.000000
0 500 0.068750 0.544444 0.046875 0.205556 1.000000
0 501 0.067187 0.549306 0.045312 0.198611 1.000000
0 502 0.067187 0.549306 0.045312 0.198611 1.000000
0 503 0.067187 0.549306 0.045312 0.198611 1.000000
0 504 0.066016 0.550694 0.042969 0.201389 1.000000
0 505 0.064844 0.550694 0.040625 0.201389 1.000000
0 506 0.065234 0.554861 0.038281 0.198611 1.000000
0 507 0.065625 0.556250 0.039062 0.201389 1.000000
0 508 0.065625 0.556944 0.039062 0.202778 1.000000
0 509 0.064062 0.561111 0.045312 0.205556 1.000000
0 510 0.062109 0.564583 0.049219 0.206944 1.000000
0 511 0.060156 0.567361 0.053125 0.206944 1.000000
0 512 0.060156 0.571528 0.053125 0.206944 1.000000
0 513 0.060156 0.571528 0.053125 0.206944 1.000000
0 514 0.059375 0.571528 0.053125 0.206944 1.000000
0 515 0.058594 0.574306 0.053125 0.206944 1.000000
0 516 0.057813 0.578472 0.053125 0.206944 1.000000
0 517 0.055469 0.578472 0.048438 0.206944 1.000000
0 518 0.055469 0.582639 0.048438 0.206944 1.000000
0 519 0.053125 0.583333 0.043750 0.208333 1.000000
0 520 0.053125 0.583333 0.043750 0.208333 1.000000
0 521 0.052344 0.588889 0.043750 0.208333 1.000000
0 522 0.053125 0.591667 0.043750 0.208333 1.000000
0 523 0.053125 0.594444 0.045312 0.205556 1.000000
0 524 0.054297 0.603472 0.047656 0.206944 1.000000
0 525 0.054297 0.603472 0.047656 0.206944 1.000000
0 526 0.054297 0.603472 0.047656 0.206944 1.000000
0 527 0.055469 0.608333 0.048438 0.202778 1.000000
0 528 0.057031 0.609028 0.042188 0.201389 1.000000
0 529 0.059375 0.609028 0.042188 0.201389 1.000000
0 530 0.059375 0.609028 0.042188 0.201389 1.000000
0 531 0.062500 0.609028 0.042188 0.201389 1.000000
0 532 0.064844 0.609028 0.042188 0.201389 1.000000
0 533 0.064844 0.609028 0.042188 0.201389 1.000000
0 534 0.067969 0.609028 0.042188 0.201389 1.000000
0 535 0.071094 0.609028 0.042188 0.201389 1.000000
0 536 0.074219 0.609722 0.039062 0.202778 1.000000
0 537 0.078906 0.605556 0.039062 0.202778 1.000000
0 538 0.078906 0.605556 0.039062 0.202778 1.000000
0 539 0.083984 0.606250 0.049219 0.204167 1.000000
0 540 0.089453 0.606250 0.049219 0.204167 1.000000
0 541 0.095312 0.604167 0.046875 0.202778 1.000000
0 542 0.095312 0.604167 0.046875 0.202778 1.000000
0 543 0.100391 0.606250 0.046094 0.204167 1.000000
0 544 0.106641 0.604167 0.038281 0.205556 1.000000
0 545 0.110547 0.604167 0.038281 0.205556 1.000000
0 546 0.113672 0.598611 0.038281 0.205556 1.000000
0 547 0.117188 0.600694 0.043750 0.206944 1.000000
0 548 0.121875 0.597917 0.046875 0.212500 1.000000
0 549 0.124219 0.596528 0.046875 0.212500 1.000000
0 550 0.127344 0.593750 0.048438 0.218056 1.000000
0 551 0.129297 0.590278 0.044531 0.219444 1.000000
0 552 0.132422 0.587500 0.042969 0.222222 1.000000
0 553 0.136328 0.584722 0.042969 0.222222 1.000000
0 554 0.142578 0.581944 0.042969 0.222222 1.000000
0 555 0.146484 0.584722 0.041406 0.227778 1.000000
0 556 0.147656 0.586806 0.042188 0.220833 1.000000
0 557 0.147656 0.586806 0.042188 0.220833 1.000000
0 558 0.148828 0.588194 0.038281 0.220833 1.000000
0 559 0.151953 0.588194 0.036719 0.209722 1.000000
0 560 0.151953 0.588194 0.036719 0.209722 1.000000
0 561 0.153516 0.590278 0.036719 0.205556 1.000000
0 562 0.155859 0.590278 0.041406 0.205556 1.000000
0 563 0.158594 0.594444 0.043750 0.194444 1.000000
0 564 0.162500 0.600000 0.056250 0.191667 1.000000
0 565 0.167187 0.602778 0.060937 0.188889 1.000000
0 566 0.167187 0.604167 0.060937 0.183333 1.000000
0 567 0.167187 0.609028 0.060937 0.181944 1.000000
0 568 0.167969 0.609722 0.060937 0.175000 1.000000
0 569 0.173828 0.610417 0.050781 0.187500 1.000000
0 570 0.178516 0.604861 0.042969 0.190278 1.000000
0 571 0.176172 0.604861 0.042969 0.190278 1.000000
0 572 0.174609 0.599306 0.042969 0.190278 1.000000
0 573 0.176172 0.599306 0.044531 0.184722 1.000000
0 574 0.174609 0.589583 0.039844 0.184722 1.000000
0 575 0.176953 0.589583 0.044531 0.184722 1.000000
0 576 0.180859 0.586806 0.044531 0.184722 1.000000
0 577 0.180469 0.584722 0.045312 0.188889 1.000000
0 578 0.179688 0.582639 0.050000 0.193056 1.000000
0 579 0.179297 0.567361 0.049219 0.170833 1.000000
0 580 0.179297 0.567361 0.049219 0.170833 1.000000
0 581 0.178906 0.565278 0.050000 0.166667 1.000000
0 582 0.180469 0.562500 0.050000 0.166667 1.000000
0 583 0.182031 0.559722 0.050000 0.166667 1.000000
0 584 0.187500 0.554167 0.050000 0.166667 1.000000
0 585 0.189844 0.552778 0.046875 0.175000 1.000000
0 586 0.190625 0.545833 0.046875 0.175000 1.000000
0 587 0.195312 0.547222 0.046875 0.175000 1.000000
0 588 0.196875 0.538889 0.050000 0.166667 1.000000
0 589 0.204297 0.533333 0.064844 0.155556 1.000000
0 590 0.207422 0.531944 0.071094 0.158333 1.000000
0 591 0.209375 0.532639 0.075000 0.159722 1.000000
0 592 0.212500 0.527083 0.075000 0.159722 1.000000
0 593 0.213281 0.527083 0.076563 0.159722 1.000000
0 594 0.214062 0.514583 0.073438 0.156944 1.000000
0 595 0.216406 0.512500 0.068750 0.155556 1.000000
0 596 0.222266 0.502778 0.071094 0.138889 1.000000
0 597 0.223828 0.504167 0.071094 0.133333 1.000000
0 598 0.225781 0.504167 0.065625 0.125000 1.000000
0 599 0.229687 0.504861 0.065625 0.131944 1.000000
0 600 0.232031 0.504861 0.062500 0.131944 1.000000
0 601 0.232813 0.502083 0.056250 0.137500 1.000000
0 602 0.233984 0.500694 0.058594 0.140278 1.000000
0 603 0.233984 0.500694 0.058594 0.140278 1.000000
0 604 0.235156 0.500000 0.046875 0.144444 1.000000
0 605 0.232031 0.495833 0.040625 0.136111 1.000000
0 606 0.232031 0.497222 0.040625 0.138889 1.000000
0 607 0.229687 0.495833 0.035937 0.136111 1.000000
0 608 0.227734 0.490972 0.038281 0.143056 1.000000
0 609 0.220703 0.485417 0.036719 0.148611 1.000000
0 610 0.219141 0.486806 0.038281 0.159722 1.000000
0 611 0.216797 0.479861 0.038281 0.159722 1.000000
0 612 0.215234 0.479861 0.038281 0.159722 1.000000
0 613 0.214453 0.480556 0.036719 0.161111 1.000000
0 614 0.209375 0.481250 0.035937 0.170833 1.000000
0 615 0.210938 0.478472 0.040625 0.176389 1.000000
0 616 0.211719 0.477083 0.042188 0.173611 1.000000
0 617 0.214062 0.468750 0.042188 0.173611 1.000000
0 618 0.212891 0.463194 0.044531 0.173611 1.000000
0 619 0.212109 0.457639 0.044531 0.173611 1.000000
0 620 0.210938 0.454861 0.048438 0.176389 1.000000
0 621 0.210156 0.450694 0.048438 0.176389 1.000000
0 622 0.201953 0.445139 0.030469 0.173611 1.000000
0 623 0.198828 0.447917 0.033594 0.179167 1.000000
0 624 0.195703 0.444444 0.033594 0.163889 1.000000
0 625 0.192969 0.445139 0.035937 0.162500 1.000000
0 626 0.192188 0.447917 0.035937 0.162500 1.000000
0 627 0.191406 0.450694 0.035937 0.162500 1.000000
0 628 0.191406 0.453472 0.035937 0.162500 1.000000
0 629 0.192578 0.447917 0.038281 0.151389 1.000000
0 630 0.192578 0.442361 0.032031 0.151389 1.000000
0 631 0.192969 0.438194 0.031250 0.156944 1.000000
0 632 0.193750 0.433333 0.034375 0.161111 1.000000
0 633 0.196484 0.428472 0.038281 0.168056 1.000000
0 634 0.198828 0.422917 0.038281 0.168056 1.000000
0 635 0.198828 0.422917 0.038281 0.168056 1.000000
0 636 0.198828 0.417361 0.038281 0.168056 1.000000
0 637 0.198828 0.417361 0.038281 0.168056 1.000000
0 638 0.198828 0.424306 0.038281 0.168056 1.000000
0 639 0.199219 0.423611 0.039062 0.161111 1.000000
0 640 0.199219 0.423611 0.039062 0.161111 1.000000
0 641 0.198437 0.425000 0.039062 0.161111 1.000000
0 642 0.195312 0.425000 0.034375 0.161111 1.000000
0 643 0.194141 0.424306 0.035156 0.165278 1.000000
0 644 0.190234 0.423611 0.033594 0.166667 1.000000
0 645 0.190234 0.423611 0.033594 0.166667 1.000000
0 646 0.186328 0.423611 0.033594 0.166667 1.000000
0 647 0.183984 0.423611 0.033594 0.166667 1.000000
0 648 0.182422 0.429167 0.033594 0.166667 1.000000
0 649 0.177344 0.435417 0.035937 0.173611 1.000000
0 650 0.175391 0.437500 0.036719 0.172222 1.000000
0 651 0.173047 0.441667 0.036719 0.172222 1.000000
0 652 0.169922 0.441667 0.036719 0.172222 1.000000
0 653 0.168750 0.444444 0.035937 0.169444 1.000000
0 654 0.165234 0.446528 0.036719 0.170833 1.000000
0 655 0.161328 0.447917 0.039844 0.170833 1.000000
0 656 0.157812 0.447917 0.040625 0.165278 1.000000
0 657 0.153906 0.450000 0.043750 0.169444 1.000000
0 658 0.152344 0.450000 0.043750 0.169444 1.000000
0 659 0.148828 0.449306 0.041406 0.165278 1.000000
0 660 0.144141 0.452778 0.042969 0.169444 1.000000
0 661 0.141797 0.452778 0.042969 0.169444 1.000000
0 662 0.139844 0.452778 0.039062 0.169444 1.000000
0 663 0.135937 0.452778 0.039062 0.169444 1.000000
0 664 0.135937 0.452778 0.039062 0.169444 1.000000
0 665 0.130078 0.455556 0.042969 0.175000 1.000000
0 666 0.128516 0.458333 0.042969 0.175000 1.000000
0 667 0.125391 0.459722 0.042969 0.175000 1.000000
0 668 0.125391 0.459722 0.042969 0.175000 1.000000
0 669 0.125391 0.459722 0.039844 0.175000 1.000000
0 670 0.121875 0.462500 0.037500 0.175000 1.000000
0 671 0.119141 0.461111 0.035156 0.175000 1.000000
0 672 0.119141 0.461111 0.035156 0.175000 1.000000
0 673 0.118359 0.461111 0.033594 0.175000 1.000000
0 674 0.114453 0.459722 0.033594 0.175000 1.000000
0 675 0.108984 0.461111 0.033594 0.175000 1.000000
0 676 0.104297 0.461111 0.033594 0.175000 1.000000
0 677 0.101953 0.461806 0.038281 0.176389 1.000000
0 678 0.101953 0.466667 0.039844 0.180556 1.000000
0 679 0.099609 0.466667 0.039844 0.180556 1.000000
0 680 0.095703 0.468056 0.039844 0.180556 1.000000
0 681 0.093359 0.469444 0.039844 0.180556 1.000000
0 682 0.090625 0.470833 0.040625 0.186111 1.000000
0 683 0.089063 0.470833 0.040625 0.186111 1.000000
0 684 0.085938 0.470833 0.040625 0.186111 1.000000
0 685 0.078125 0.472917 0.035937 0.190278 1.000000
0 686 0.076172 0.476389 0.036719 0.186111 1.000000
0 687 0.073828 0.479167 0.036719 0.186111 1.000000
0 688 0.069922 0.479167 0.036719 0.186111 1.000000
0 689 0.069141 0.479861 0.035156 0.187500 1.000000
0 690 0.061719 0.479167 0.032813 0.186111 1.000000
0 691 0.059766 0.479167 0.033594 0.191667 1.000000
0 692 0.055469 0.478472 0.031250 0.193056 1.000000
0 693 0.052344 0.476389 0.034375 0.188889 1.000000
0 694 0.052344 0.476389 0.034375 0.188889 1.000000
0 695 0.042969 0.479167 0.031250 0.186111 1.000000
0 696 0.039453 0.478472 0.035156 0.187500 1.000000
0 697 0.037500 0.478472 0.039062 0.187500 1.000000
0 698 0.033594 0.478472 0.039062 0.187500 1.000000
0 699 0.030469 0.478472 0.039062 0.187500 1.000000
0 700 0.030469 0.478472 0.039062 0.187500 1.000000
0 701 0.028125 0.479861 0.039062 0.187500 1.000000
0 702 0.026562 0.480556 0.042188 0.188889 1.000000
0 703 0.025781 0.480556 0.042188 0.188889 1.000000
0 704 0.021875 0.479167 0.042188 0.188889 1.000000
0 705 0.022656 0.480556 0.042188 0.188889 1.000000
0 706 0.023047 0.483333 0.042969 0.194444 1.000000
0 707 0.023047 0.483333 0.042969 0.194444 1.000000
0 708 0.020313 0.483333 0.040625 0.194444 1.000000
0 709 0.020313 0.483333 0.040625 0.194444 1.000000
0 710 0.019922 0.486111 0.039844 0.194444 1.000000
0 711 0.019922 0.486111 0.039844 0.194444 1.000000
0 712 0.019922 0.486111 0.039844 0.194444 1.000000
0 713 0.019922 0.486111 0.039844 0.194444 1.000000
0 714 0.018750 0.486111 0.037500 0.194444 1.000000
0 715 0.018750 0.488889 0.037500 0.194444 1.000000
0 716 0.017969 0.488889 0.035937 0.194444 1.000000
0 717 0.017969 0.488889 0.035937 0.194444 1.000000
0 718 0.017969 0.488889 0.035937 0.194444 1.000000
0 719 0.018750 0.489583 0.034375 0.198611 1.000000
0 720 0.023438 0.486806 0.032813 0.190278 1.000000
0 721 0.023438 0.490972 0.032813 0.190278 1.000000
0 722 0.025781 0.490972 0.032813 0.190278 1.000000
0 723 0.028125 0.489583 0.032813 0.190278 1.000000
0 724 0.028125 0.489583 0.032813 0.190278 1.000000
0 725 0.032813 0.490278 0.042188 0.191667 1.000000
0 726 0.037891 0.490278 0.046094 0.186111 1.000000
