0 1 0.917969 0.454861 0.025000 0.165278 1.000000
0 2 0.919141 0.454861 0.027344 0.165278 1.000000
0 3 0.919141 0.454861 0.027344 0.165278 1.000000
0 4 0.920703 0.454861 0.028906 0.165278 1.000000
0 5 0.921094 0.456250 0.031250 0.165278 1.000000
0 6 0.921094 0.454167 0.032813 0.166667 1.000000
0 7 0.921875 0.454167 0.031250 0.166667 1.000000
0 8 0.921875 0.454861 0.031250 0.168056 1.000000
0 9 0.921875 0.453472 0.031250 0.168056 1.000000
0 10 0.922656 0.454861 0.032813 0.168056 1.000000
0 11 0.922656 0.453472 0.032813 0.168056 1.000000
0 12 0.925000 0.453472 0.032813 0.168056 1.000000
0 13 0.925781 0.454167 0.032813 0.166667 1.000000
0 14 0.927344 0.453472 0.031250 0.168056 1.000000
0 15 0.928516 0.453472 0.028906 0.168056 1.000000
0 16 0.931250 0.454167 0.025000 0.166667 1.000000
0 17 0.932813 0.455556 0.025000 0.166667 1.000000
0 18 0.933203 0.455556 0.024219 0.166667 1.000000
0 19 0.933984 0.455556 0.024219 0.166667 1.000000
0 20 0.934375 0.454167 0.025000 0.166667 1.000000
0 21 0.936719 0.453472 0.029687 0.168056 1.000000
0 22 0.937500 0.455556 0.031250 0.166667 1.000000
0 23 0.938281 0.453472 0.032813 0.168056 1.000000
0 24 0.938281 0.454861 0.032813 0.168056 1.000000
0 25 0.939063 0.456250 0.034375 0.168056 1.000000
0 26 0.939063 0.454861 0.034375 0.168056 1.000000
0 27 0.939453 0.455556 0.035156 0.166667 1.000000
0 28 0.939453 0.455556 0.035156 0.166667 1.000000
0 29 0.939453 0.455556 0.035156 0.166667 1.000000
0 30 0.941016 0.455556 0.035156 0.166667 1.000000
0 31 0.940234 0.455556 0.035156 0.166667 1.000000
0 32 0.940234 0.455556 0.035156 0.166667 1.000000
0 33 0.941016 0.455556 0.035156 0.166667 1.000000
0 34 0.941406 0.455556 0.034375 0.166667 1.000000
0 35 0.942187 0.455556 0.034375 0.166667 1.000000
0 36 0.943359 0.455556 0.033594 0.166667 1.000000
0 37 0.944922 0.453472 0.032031 0.168056 1.000000
0 38 0.945703 0.454167 0.030469 0.169444 1.000000
0 39 0.946484 0.454167 0.028906 0.169444 1.000000
0 40 0.948047 0.454167 0.027344 0.169444 1.000000
0 41 0.949219 0.454167 0.026562 0.169444 1.000000
0 42 0.950000 0.454861 0.025000 0.168056 1.000000
0 43 0.950000 0.454861 0.026562 0.170833 1.000000
0 44 0.950000 0.454861 0.026562 0.170833 1.000000
0 45 0.950781 0.454861 0.026562 0.170833 1.000000
0 46 0.950781 0.454861 0.026562 0.170833 1.000000
0 47 0.950781 0.454861 0.026562 0.170833 1.000000
0 48 0.951562 0.454861 0.026562 0.170833 1.000000
0 49 0.952344 0.454861 0.026562 0.170833 1.000000
0 50 0.952344 0.454861 0.026562 0.170833 1.000000
0 51 0.952734 0.454167 0.027344 0.172222 1.000000
0 52 0.952344 0.454167 0.026562 0.172222 1.000000
0 53 0.953125 0.452778 0.026562 0.172222 1.000000
0 54 0.952734 0.454167 0.027344 0.172222 1.000000
0 55 0.952734 0.454167 0.027344 0.172222 1.000000
0 56 0.953516 0.453472 0.027344 0.170833 1.000000
0 57 0.953516 0.453472 0.027344 0.170833 1.000000
0 58 0.953125 0.452778 0.028125 0.169444 1.000000
0 59 0.953906 0.454167 0.028125 0.169444 1.000000
0 60 0.953906 0.452778 0.028125 0.169444 1.000000
0 61 0.953906 0.452778 0.028125 0.169444 1.000000
0 62 0.953906 0.454167 0.028125 0.169444 1.000000
0 63 0.953906 0.452778 0.029687 0.169444 1.000000
0 64 0.953906 0.452778 0.028125 0.169444 1.000000
0 65 0.953906 0.452778 0.029687 0.172222 1.000000
0 66 0.953906 0.454167 0.029687 0.172222 1.000000
0 67 0.954688 0.454861 0.028125 0.168056 1.000000
0 68 0.953906 0.453472 0.029687 0.168056 1.000000
0 69 0.953906 0.453472 0.028125 0.170833 1.000000
0 70 0.954297 0.454167 0.028906 0.172222 1.000000
0 71 0.954688 0.454167 0.028125 0.169444 1.000000
0 72 0.955078 0.454167 0.028906 0.169444 1.000000
0 73 0.954688 0.454167 0.029687 0.169444 1.000000
0 74 0.954688 0.454167 0.026562 0.169444 1.000000
0 75 0.955859 0.453472 0.028906 0.170833 1.000000
0 76 0.955859 0.453472 0.028906 0.170833 1.000000
0 77 0.955859 0.453472 0.028906 0.170833 1.000000
0 78 0.955859 0.453472 0.028906 0.170833 1.000000
0 79 0.955859 0.452778 0.028906 0.172222 1.000000
0 80 0.957031 0.454167 0.029687 0.172222 1.000000
0 81 0.955469 0.453472 0.031250 0.170833 1.000000
0 82 0.956250 0.453472 0.032813 0.170833 1.000000
0 83 0.955469 0.454167 0.032813 0.172222 1.000000
0 84 0.956250 0.453472 0.031250 0.170833 1.000000
0 85 0.957812 0.453472 0.028125 0.170833 1.000000
0 86 0.959375 0.453472 0.028125 0.170833 1.000000
0 87 0.959375 0.452778 0.028125 0.169444 1.000000
0 88 0.959375 0.454167 0.028125 0.169444 1.000000
0 89 0.960547 0.454167 0.027344 0.169444 1.000000
0 90 0.960547 0.452778 0.027344 0.169444 1.000000
0 91 0.960938 0.451389 0.028125 0.166667 1.000000
0 92 0.961719 0.452083 0.028125 0.168056 1.000000
0 93 0.962109 0.451389 0.028906 0.166667 1.000000
0 94 0.962891 0.450694 0.030469 0.165278 1.000000
0 95 0.963281 0.450694 0.031250 0.165278 1.000000
0 96 0.964063 0.450694 0.032813 0.165278 1.000000
0 97 0.964063 0.450000 0.034375 0.166667 1.000000
0 98 0.964063 0.450000 0.034375 0.166667 1.000000
0 99 0.964063 0.450000 0.034375 0.166667 1.000000
0 100 0.965625 0.450000 0.035937 0.166667 1.000000
0 101 0.965625 0.450000 0.035937 0.166667 1.000000
0 102 0.966406 0.450000 0.037500 0.166667 1.000000
0 103 0.967578 0.447917 0.038281 0.168056 1.000000
0 104 0.969141 0.447917 0.038281 0.168056 1.000000
0 105 0.970313 0.448611 0.037500 0.169444 1.000000
0 106 0.972656 0.448611 0.035937 0.169444 1.000000
0 107 0.973437 0.448611 0.032813 0.169444 1.000000
0 108 0.976172 0.448611 0.030469 0.169444 1.000000
0 109 0.978125 0.447917 0.026562 0.168056 1.000000
0 110 0.980469 0.447917 0.026562 0.168056 1.000000
0 111 0.981250 0.448611 0.028125 0.169444 1.000000
0 112 0.981250 0.448611 0.028125 0.169444 1.000000
0 113 0.982422 0.448611 0.030469 0.169444 1.000000
0 114 0.983594 0.448611 0.032813 0.169444 1.000000
0 115 0.983594 0.450000 0.032813 0.169444 1.000000
0 116 0.983594 0.450000 0.032813 0.169444 1.000000
0 117 0.983594 0.450000 0.032813 0.169444 1.000000
0 118 0.983594 0.450000 0.032813 0.166667 1.000000
0 119 0.983594 0.450000 0.032813 0.166667 1.000000
0 120 0.984375 0.452083 0.031250 0.165278 1.000000
0 121 0.985156 0.452778 0.029687 0.163889 1.000000
0 122 0.986719 0.455556 0.026562 0.161111 1.000000
0 123 0.989453 0.455556 0.021094 0.161111 1.000000
0 124 0.992578 0.456250 0.014844 0.162500 1.000000
0 125 0.994531 0.456944 0.010937 0.161111 1.000000
0 126 0.995313 0.456250 0.009375 0.159722 1.000000
0 127 0.996094 0.455556 0.007812 0.158333 1.000000
0 128 0.998047 0.480556 0.003906 0.111111 1.000000
0 300 0.996094 0.527778 0.007812 0.044444 1.000000
0 301 0.994531 0.526389 0.010937 0.080556 1.000000
0 302 0.993750 0.550000 0.012500 0.127778 1.000000
0 303 0.992969 0.548611 0.014063 0.127778 1.000000
0 304 0.991797 0.547222 0.016406 0.133333 1.000000
0 305 0.991016 0.543750 0.017969 0.140278 1.000000
0 306 0.989453 0.542361 0.021094 0.143056 1.000000
0 307 0.989453 0.540972 0.021094 0.143056 1.000000
0 308 0.987500 0.540278 0.025000 0.144444 1.000000
0 309 0.987500 0.536111 0.025000 0.144444 1.000000
0 310 0.986719 0.535417 0.026562 0.140278 1.000000
0 311 0.986719 0.534028 0.026562 0.140278 1.000000
0 312 0.986328 0.533333 0.027344 0.138889 1.000000
0 313 0.985156 0.533333 0.029687 0.138889 1.000000
0 314 0.985156 0.533333 0.029687 0.138889 1.000000
0 315 0.984766 0.534028 0.030469 0.140278 1.000000
0 316 0.984766 0.534028 0.030469 0.140278 1.000000
0 317 0.984766 0.534028 0.030469 0.140278 1.000000
0 318 0.984766 0.534028 0.030469 0.140278 1.000000
0 319 0.983984 0.533333 0.032031 0.138889 1.000000
0 320 0.983984 0.532639 0.032031 0.137500 1.000000
0 321 0.983594 0.532639 0.032813 0.137500 1.000000
0 322 0.983594 0.529861 0.032813 0.137500 1.000000
0 323 0.985156 0.527778 0.029687 0.138889 1.000000
0 324 0.985156 0.527778 0.029687 0.138889 1.000000
0 325 0.985156 0.523611 0.029687 0.141667 1.000000
0 326 0.985156 0.525000 0.029687 0.144444 1.000000
0 327 0.985156 0.525000 0.029687 0.144444 1.000000
0 328 0.984766 0.525000 0.030469 0.144444 1.000000
0 329 0.984766 0.525000 0.030469 0.138889 1.000000
0 330 0.984766 0.527083 0.030469 0.137500 1.000000
0 331 0.984375 0.527778 0.031250 0.136111 1.000000
0 332 0.984375 0.527083 0.028125 0.134722 1.000000
0 333 0.985156 0.523611 0.028125 0.136111 1.000000
0 334 0.984375 0.522917 0.028125 0.140278 1.000000
0 335 0.983594 0.520833 0.026562 0.141667 1.000000
0 336 0.983203 0.519444 0.024219 0.141667 1.000000
0 337 0.983203 0.519444 0.024219 0.141667 1.000000
0 338 0.982031 0.520833 0.026562 0.141667 1.000000
0 339 0.982812 0.521528 0.026562 0.140278 1.000000
0 340 0.982031 0.522917 0.026562 0.140278 1.000000
0 341 0.981250 0.522222 0.026562 0.138889 1.000000
0 342 0.979297 0.520833 0.024219 0.141667 1.000000
0 343 0.977734 0.520833 0.024219 0.141667 1.000000
0 344 0.975781 0.520139 0.023438 0.140278 1.000000
0 345 0.973437 0.520833 0.021875 0.138889 1.000000
0 346 0.971094 0.520833 0.020313 0.136111 1.000000
0 347 0.970703 0.522222 0.022656 0.133333 1.000000
0 348 0.969141 0.525694 0.024219 0.131944 1.000000
0 349 0.968359 0.525694 0.024219 0.131944 1.000000
0 350 0.968359 0.527083 0.024219 0.131944 1.000000
0 351 0.966406 0.526389 0.023438 0.130556 1.000000
0 352 0.965625 0.526389 0.023438 0.130556 1.000000
0 353 0.964063 0.526389 0.023438 0.130556 1.000000
0 354 0.961719 0.526389 0.023438 0.127778 1.000000
0 355 0.960156 0.527778 0.023438 0.127778 1.000000
0 356 0.956641 0.529167 0.024219 0.122222 1.000000
0 357 0.954297 0.530556 0.024219 0.122222 1.000000
0 358 0.950000 0.528472 0.025000 0.120833 1.000000
0 359 0.947656 0.526389 0.023438 0.122222 1.000000
0 360 0.946484 0.526389 0.024219 0.125000 1.000000
0 361 0.942578 0.525694 0.024219 0.129167 1.000000
0 362 0.939844 0.526389 0.023438 0.130556 1.000000
0 363 0.936719 0.527083 0.026562 0.131944 1.000000
0 364 0.932422 0.527778 0.030469 0.130556 1.000000
0 365 0.929688 0.530556 0.034375 0.127778 1.000000
0 366 0.926562 0.530556 0.039062 0.122222 1.000000
0 367 0.926172 0.532639 0.038281 0.120833 1.000000
0 368 0.925391 0.532639 0.036719 0.120833 1.000000
0 369 0.923438 0.534722 0.035937 0.125000 1.000000
0 370 0.921094 0.536111 0.035937 0.127778 1.000000
0 371 0.920312 0.538889 0.035937 0.127778 1.000000
0 372 0.918359 0.542361 0.033594 0.129167 1.000000
0 373 0.917188 0.543056 0.031250 0.125000 1.000000
0 374 0.915625 0.544444 0.031250 0.122222 1.000000
0 375 0.914062 0.545833 0.031250 0.119444 1.000000
0 376 0.912500 0.545833 0.031250 0.119444 1.000000
0 377 0.910937 0.545833 0.029687 0.119444 1.000000
0 378 0.910156 0.550000 0.029687 0.127778 1.000000
0 379 0.910937 0.551389 0.031250 0.130556 1.000000
0 380 0.910547 0.554167 0.032031 0.130556 1.000000
0 381 0.910547 0.558333 0.033594 0.127778 1.000000
0 382 0.910547 0.558333 0.033594 0.125000 1.000000
0 383 0.909375 0.559028 0.034375 0.123611 1.000000
0 384 0.909375 0.558333 0.034375 0.122222 1.000000
0 385 0.908984 0.556944 0.035156 0.125000 1.000000
0 386 0.906641 0.561111 0.035156 0.133333 1.000000
0 387 0.905078 0.559722 0.035156 0.133333 1.000000
0 388 0.905078 0.559722 0.035156 0.136111 1.000000
0 389 0.904297 0.561111 0.035156 0.136111 1.000000
0 390 0.903125 0.556944 0.032813 0.130556 1.000000
0 391 0.902344 0.554167 0.032813 0.130556 1.000000
0 392 0.900000 0.547222 0.031250 0.127778 1.000000
0 393 0.899219 0.545833 0.031250 0.133333 1.000000
0 394 0.898438 0.545139 0.031250 0.137500 1.000000
0 395 0.898047 0.546528 0.032031 0.137500 1.000000
0 396 0.897266 0.547917 0.033594 0.140278 1.000000
0 397 0.896484 0.550000 0.033594 0.138889 1.000000
0 398 0.896484 0.548611 0.033594 0.138889 1.000000
0 399 0.895703 0.546528 0.035156 0.134722 1.000000
0 400 0.895312 0.544444 0.034375 0.136111 1.000000
0 401 0.892969 0.546528 0.032813 0.143056 1.000000
0 402 0.891406 0.548611 0.034375 0.147222 1.000000
0 403 0.891406 0.548611 0.034375 0.147222 1.000000
0 404 0.890625 0.550000 0.034375 0.147222 1.000000
0 405 0.890625 0.550000 0.032813 0.147222 1.000000
0 406 0.889062 0.547222 0.032813 0.144444 1.000000
0 407 0.888281 0.543056 0.032813 0.144444 1.000000
0 408 0.885938 0.537500 0.032813 0.144444 1.000000
0 409 0.885156 0.534722 0.032813 0.147222 1.000000
0 410 0.883594 0.534722 0.032813 0.152778 1.000000
0 411 0.882031 0.534722 0.035937 0.152778 1.000000
0 412 0.881250 0.536111 0.037500 0.155556 1.000000
0 413 0.878906 0.534722 0.037500 0.152778 1.000000
0 414 0.877344 0.530556 0.039062 0.150000 1.000000
0 415 0.875391 0.525000 0.038281 0.150000 1.000000
0 416 0.874219 0.518750 0.035937 0.148611 1.000000
0 417 0.870313 0.513194 0.034375 0.151389 1.000000
0 418 0.867969 0.513889 0.032813 0.161111 1.000000
0 419 0.866406 0.509028 0.034375 0.156944 1.000000
0 420 0.864844 0.506250 0.034375 0.156944 1.000000
0 421 0.863281 0.504861 0.035937 0.159722 1.000000
0 422 0.860938 0.500000 0.037500 0.155556 1.000000
0 423 0.859375 0.494444 0.035937 0.155556 1.000000
0 424 0.856250 0.487500 0.035937 0.155556 1.000000
0 425 0.853125 0.482639 0.034375 0.154167 1.000000
0 426 0.849219 0.481944 0.034375 0.163889 1.000000
0 427 0.846094 0.479861 0.035937 0.162500 1.000000
0 428 0.842969 0.479167 0.037500 0.163889 1.000000
0 429 0.839844 0.481944 0.037500 0.163889 1.000000
0 430 0.835938 0.479861 0.040625 0.159722 1.000000
0 431 0.832031 0.477778 0.037500 0.158333 1.000000
0 432 0.829688 0.472222 0.035937 0.155556 1.000000
0 433 0.826172 0.469444 0.033594 0.158333 1.000000
0 434 0.823047 0.468056 0.033594 0.163889 1.000000
0 435 0.818359 0.470833 0.032031 0.169444 1.000000
0 436 0.815625 0.468056 0.032813 0.166667 1.000000
0 437 0.812109 0.468056 0.035156 0.163889 1.000000
0 438 0.807813 0.470833 0.037500 0.163889 1.000000
0 439 0.803906 0.468750 0.042188 0.159722 1.000000
0 440 0.800781 0.466667 0.040625 0.158333 1.000000
0 441 0.796094 0.462500 0.039062 0.158333 1.000000
0 442 0.792578 0.459722 0.036719 0.158333 1.000000
0 443 0.787109 0.461806 0.036719 0.168056 1.000000
0 444 0.782813 0.461806 0.035937 0.168056 1.000000
0 445 0.778125 0.461806 0.037500 0.168056 1.000000
0 446 0.773828 0.465278 0.041406 0.166667 1.000000
0 447 0.767578 0.465278 0.041406 0.161111 1.000000
0 448 0.762891 0.464583 0.041406 0.156944 1.000000
0 449 0.759766 0.462500 0.039844 0.155556 1.000000
0 450 0.756250 0.459028 0.037500 0.156944 1.000000
0 451 0.751172 0.461806 0.036719 0.162500 1.000000
0 452 0.746484 0.463889 0.036719 0.166667 1.000000
0 453 0.742578 0.464583 0.035156 0.165278 1.000000
0 454 0.737109 0.465972 0.035156 0.165278 1.000000
0 455 0.733594 0.468056 0.035937 0.163889 1.000000
0 456 0.728906 0.468056 0.037500 0.158333 1.000000
0 457 0.724609 0.464583 0.039844 0.156944 1.000000
0 458 0.719141 0.461111 0.038281 0.155556 1.000000
0 459 0.713672 0.456250 0.039844 0.154167 1.000000
0 460 0.709766 0.456944 0.039844 0.158333 1.000000
0 461 0.705469 0.459722 0.039062 0.166667 1.000000
0 462 0.701562 0.461111 0.039062 0.166667 1.000000
0 463 0.696094 0.462500 0.039062 0.163889 1.000000
0 464 0.689844 0.463889 0.039062 0.161111 1.000000
0 465 0.684375 0.463889 0.037500 0.155556 1.000000
0 466 0.679688 0.461111 0.037500 0.152778 1.000000
0 467 0.673438 0.459722 0.037500 0.152778 1.000000
0 468 0.668750 0.455556 0.039062 0.152778 1.000000
0 469 0.664844 0.459028 0.039062 0.162500 1.000000
0 470 0.660156 0.460417 0.039062 0.162500 1.000000
0 471 0.656641 0.461111 0.038281 0.161111 1.000000
0 472 0.652734 0.462500 0.038281 0.158333 1.000000
0 473 0.650781 0.464583 0.039062 0.151389 1.000000
0 474 0.647656 0.465278 0.039062 0.147222 1.000000
0 475 0.643750 0.469444 0.037500 0.144444 1.000000
0 476 0.639844 0.469444 0.039062 0.150000 1.000000
0 477 0.636719 0.472222 0.037500 0.152778 1.000000
0 478 0.633203 0.472222 0.035156 0.150000 1.000000
0 479 0.630469 0.475694 0.034375 0.151389 1.000000
0 480 0.628125 0.478472 0.034375 0.151389 1.000000
0 481 0.624219 0.477778 0.034375 0.144444 1.000000
0 482 0.620313 0.478472 0.034375 0.140278 1.000000
0 483 0.617969 0.475694 0.032813 0.140278 1.000000
0 484 0.614062 0.481250 0.032813 0.148611 1.000000
0 485 0.611719 0.484722 0.031250 0.155556 1.000000
0 486 0.608594 0.486806 0.032813 0.154167 1.000000
0 487 0.607031 0.490278 0.034375 0.152778 1.000000
0 488 0.605469 0.495833 0.034375 0.150000 1.000000
0 489 0.603906 0.498611 0.034375 0.147222 1.000000
0 490 0.603125 0.498611 0.035937 0.144444 1.000000
0 491 0.601562 0.498611 0.034375 0.144444 1.000000
0 492 0.601562 0.504167 0.034375 0.150000 1.000000
0 493 0.600000 0.509722 0.034375 0.155556 1.000000
0 494 0.598437 0.515278 0.034375 0.155556 1.000000
0 495 0.596875 0.520833 0.034375 0.155556 1.000000
0 496 0.593750 0.527083 0.035937 0.156944 1.000000
0 497 0.591406 0.527778 0.034375 0.152778 1.000000
0 498 0.590625 0.529167 0.034375 0.150000 1.000000
0 499 0.589844 0.529167 0.032813 0.147222 1.000000
0 500 0.587500 0.531250 0.031250 0.148611 1.000000
0 501 0.584375 0.540972 0.031250 0.159722 1.000000
0 502 0.582031 0.545139 0.035937 0.162500 1.000000
0 503 0.579688 0.550694 0.035937 0.159722 1.000000
0 504 0.575781 0.556944 0.037500 0.158333 1.000000
0 505 0.575781 0.561806 0.039062 0.156944 1.000000
0 506 0.575000 0.565278 0.039062 0.152778 1.000000
0 507 0.573438 0.565278 0.039062 0.150000 1.000000
0 508 0.572266 0.564583 0.041406 0.151389 1.000000
0 509 0.569922 0.568056 0.044531 0.155556 1.000000
0 510 0.567969 0.575694 0.045312 0.165278 1.000000
0 511 0.565625 0.579861 0.045312 0.165278 1.000000
0 512 0.562500 0.585417 0.043750 0.168056 1.000000
0 513 0.560547 0.590278 0.041406 0.163889 1.000000
0 514 0.557813 0.593056 0.037500 0.158333 1.000000
0 515 0.553125 0.594444 0.037500 0.155556 1.000000
0 516 0.547266 0.595139 0.041406 0.154167 1.000000
0 517 0.542188 0.596528 0.043750 0.156944 1.000000
0 518 0.537109 0.602778 0.046094 0.166667 1.000000
0 519 0.532813 0.605556 0.046875 0.166667 1.000000
0 520 0.528516 0.611111 0.049219 0.169444 1.000000
0 521 0.526172 0.614583 0.049219 0.168056 1.000000
0 522 0.524219 0.618750 0.048438 0.162500 1.000000
0 523 0.523438 0.620833 0.046875 0.161111 1.000000
0 524 0.520312 0.620833 0.045312 0.158333 1.000000
0 525 0.513281 0.620833 0.048438 0.158333 1.000000
0 526 0.506250 0.626389 0.050000 0.163889 1.000000
0 527 0.501172 0.630556 0.052344 0.166667 1.000000
0 528 0.497656 0.636806 0.057813 0.168056 1.000000
0 529 0.493750 0.641667 0.056250 0.166667 1.000000
0 530 0.487891 0.645833 0.050781 0.163889 1.000000
0 531 0.484766 0.647222 0.046094 0.161111 1.000000
0 532 0.481250 0.648611 0.040625 0.161111 1.000000
0 533 0.474219 0.647917 0.032813 0.162500 1.000000
0 534 0.468750 0.648611 0.035937 0.163889 1.000000
0 535 0.464062 0.650000 0.045312 0.163889 1.000000
0 536 0.463672 0.654167 0.055469 0.163889 1.000000
0 537 0.462109 0.656944 0.061719 0.163889 1.000000
0 538 0.462500 0.660417 0.067187 0.165278 1.000000
0 539 0.460938 0.665972 0.068750 0.159722 1.000000
0 540 0.459375 0.665972 0.062500 0.159722 1.000000
0 541 0.459766 0.665278 0.053906 0.158333 1.000000
0 542 0.460938 0.664583 0.045312 0.159722 1.000000
0 543 0.464062 0.665278 0.037500 0.158333 1.000000
0 544 0.464844 0.662500 0.037500 0.161111 1.000000
0 545 0.470313 0.663889 0.040625 0.161111 1.000000
0 546 0.474609 0.668750 0.042969 0.165278 1.000000
0 547 0.477734 0.672917 0.042969 0.165278 1.000000
0 548 0.481250 0.679167 0.046875 0.163889 1.000000
0 549 0.485156 0.679167 0.046875 0.161111 1.000000
0 550 0.489063 0.680556 0.046875 0.161111 1.000000
0 551 0.495312 0.679167 0.042188 0.163889 1.000000
0 552 0.500781 0.675000 0.039062 0.166667 1.000000
0 553 0.506641 0.675000 0.038281 0.172222 1.000000
0 554 0.512500 0.673611 0.039062 0.169444 1.000000
0 555 0.520312 0.675000 0.040625 0.169444 1.000000
0 556 0.527734 0.675694 0.042969 0.168056 1.000000
0 557 0.535547 0.677778 0.046094 0.166667 1.000000
0 558 0.542188 0.682639 0.051562 0.165278 1.000000
0 559 0.549219 0.686111 0.057813 0.161111 1.000000
0 560 0.557031 0.690278 0.064062 0.152778 1.000000
0 561 0.566406 0.693056 0.067187 0.147222 1.000000
0 562 0.574609 0.694444 0.067969 0.144444 1.000000
0 563 0.582031 0.697222 0.070312 0.144444 1.000000
0 564 0.587109 0.695139 0.072656 0.145833 1.000000
0 565 0.593359 0.693750 0.071094 0.148611 1.000000
0 566 0.596875 0.693056 0.068750 0.150000 1.000000
0 567 0.600000 0.690278 0.064062 0.152778 1.000000
0 568 0.603125 0.690278 0.057813 0.158333 1.000000
0 569 0.606641 0.691667 0.049219 0.161111 1.000000
0 570 0.607812 0.690972 0.040625 0.165278 1.000000
0 571 0.611719 0.693056 0.035937 0.166667 1.000000
0 572 0.616406 0.694444 0.035937 0.166667 1.000000
0 573 0.622656 0.697222 0.039062 0.161111 1.000000
0 574 0.625781 0.700694 0.048438 0.156944 1.000000
0 575 0.629687 0.702778 0.057813 0.155556 1.000000
0 576 0.635156 0.703472 0.064062 0.154167 1.000000
0 577 0.639062 0.705556 0.062500 0.155556 1.000000
0 578 0.641406 0.706944 0.059375 0.158333 1.000000
0 579 0.644141 0.705556 0.057031 0.161111 1.000000
0 580 0.645312 0.703472 0.050000 0.165278 1.000000
0 581 0.646094 0.702083 0.043750 0.170833 1.000000
0 582 0.646875 0.700694 0.037500 0.173611 1.000000
0 583 0.647656 0.700000 0.031250 0.175000 1.000000
0 584 0.649219 0.700000 0.031250 0.175000 1.000000
0 585 0.650000 0.700000 0.034375 0.172222 1.000000
0 586 0.649219 0.703472 0.040625 0.170833 1.000000
0 587 0.651563 0.705556 0.050000 0.166667 1.000000
0 588 0.656641 0.706944 0.060156 0.163889 1.000000
0 589 0.663672 0.709722 0.063281 0.161111 1.000000
0 590 0.672266 0.711111 0.063281 0.161111 1.000000
0 591 0.679297 0.709722 0.060156 0.161111 1.000000
0 592 0.687500 0.707639 0.056250 0.159722 1.000000
0 593 0.692187 0.704167 0.053125 0.158333 1.000000
0 594 0.697266 0.704167 0.050781 0.161111 1.000000
0 595 0.704688 0.700694 0.046875 0.165278 1.000000
0 596 0.714063 0.700000 0.045312 0.172222 1.000000
0 597 0.726562 0.700000 0.048438 0.175000 1.000000
0 598 0.738672 0.698611 0.050781 0.175000 1.000000
0 599 0.749609 0.697222 0.055469 0.172222 1.000000
0 600 0.760156 0.698611 0.057813 0.169444 1.000000
0 601 0.771094 0.700000 0.057813 0.166667 1.000000
0 602 0.782422 0.703472 0.050781 0.165278 1.000000
0 603 0.791016 0.704167 0.047656 0.166667 1.000000
0 604 0.796094 0.705556 0.045312 0.169444 1.000000
0 605 0.801562 0.703472 0.040625 0.173611 1.000000
0 606 0.813281 0.702778 0.042188 0.177778 1.000000
0 607 0.823438 0.701389 0.045312 0.180556 1.000000
0 608 0.831250 0.701389 0.046875 0.180556 1.000000
0 609 0.839063 0.702778 0.051562 0.177778 1.000000
0 610 0.846875 0.701389 0.053125 0.172222 1.000000
0 611 0.855469 0.703472 0.048438 0.168056 1.000000
0 612 0.862500 0.704167 0.040625 0.166667 1.000000
0 613 0.869531 0.704167 0.032813 0.166667 1.000000
0 614 0.876563 0.703472 0.028125 0.168056 1.000000
0 615 0.882812 0.700694 0.031250 0.170833 1.000000
0 616 0.893750 0.697222 0.035937 0.169444 1.000000
0 617 0.902344 0.697222 0.042188 0.172222 1.000000
0 618 0.907422 0.696528 0.046094 0.170833 1.000000
0 619 0.915234 0.695833 0.049219 0.169444 1.000000
0 620 0.925781 0.697917 0.051562 0.170833 1.000000
0 621 0.930859 0.700694 0.042969 0.168056 1.000000
0 622 0.933594 0.702778 0.042188 0.169444 1.000000
0 623 0.940625 0.702778 0.043750 0.172222 1.000000
0 624 0.945312 0.702778 0.043750 0.175000 1.000000
0 625 0.950781 0.700000 0.042188 0.180556 1.000000
0 626 0.956250 0.700694 0.039062 0.181944 1.000000
0 627 0.958594 0.700000 0.042188 0.183333 1.000000
0 628 0.960156 0.697917 0.043750 0.181944 1.000000
0 629 0.962500 0.699306 0.043750 0.176389 1.000000
0 630 0.966797 0.701389 0.039844 0.175000 1.000000
0 631 0.969141 0.701389 0.038281 0.175000 1.000000
0 632 0.970703 0.700000 0.036719 0.175000 1.000000
0 633 0.971875 0.697222 0.032813 0.177778 1.000000
0 634 0.973437 0.694444 0.032813 0.175000 1.000000
0 635 0.974219 0.690278 0.034375 0.175000 1.000000
0 636 0.973047 0.686806 0.036719 0.170833 1.000000
0 637 0.971094 0.684028 0.042188 0.168056 1.000000
0 638 0.968750 0.685417 0.045312 0.165278 1.000000
0 639 0.966797 0.687500 0.042969 0.161111 1.000000
0 640 0.966406 0.687500 0.039062 0.158333 1.000000
0 641 0.966797 0.687500 0.036719 0.158333 1.000000
0 642 0.967578 0.686806 0.035156 0.159722 1.000000
0 643 0.969141 0.684028 0.036719 0.162500 1.000000
0 644 0.969922 0.680556 0.036719 0.166667 1.000000
0 645 0.969922 0.679167 0.036719 0.169444 1.000000
0 646 0.972656 0.680556 0.034375 0.172222 1.000000
0 647 0.975000 0.679167 0.028125 0.172222 1.000000
0 648 0.974609 0.680556 0.027344 0.172222 1.000000
0 649 0.974609 0.683333 0.027344 0.172222 1.000000
0 650 0.973437 0.684722 0.028125 0.169444 1.000000
0 651 0.973437 0.684722 0.028125 0.169444 1.000000
0 652 0.974219 0.683333 0.026562 0.169444 1.000000
0 653 0.975000 0.680556 0.025000 0.175000 1.000000
0 654 0.974609 0.677778 0.027344 0.177778 1.000000
0 655 0.975391 0.676389 0.028906 0.180556 1.000000
0 656 0.974609 0.675000 0.028906 0.180556 1.000000
0 657 0.974609 0.674306 0.032031 0.181944 1.000000
0 658 0.973828 0.675000 0.032031 0.180556 1.000000
0 659 0.972656 0.677083 0.032813 0.176389 1.000000
0 660 0.971875 0.679167 0.034375 0.172222 1.000000
0 661 0.971484 0.682639 0.036719 0.170833 1.000000
0 662 0.971484 0.683333 0.036719 0.166667 1.000000
0 663 0.970703 0.683333 0.036719 0.166667 1.000000
0 664 0.969922 0.684722 0.036719 0.166667 1.000000
0 665 0.969141 0.684722 0.036719 0.169444 1.000000
0 666 0.968359 0.683333 0.036719 0.169444 1.000000
0 667 0.967969 0.681944 0.035937 0.163889 1.000000
0 668 0.967187 0.677778 0.034375 0.155556 1.000000
0 669 0.965625 0.677778 0.032813 0.155556 1.000000
0 670 0.964844 0.676389 0.032813 0.158333 1.000000
0 671 0.963281 0.676389 0.031250 0.163889 1.000000
0 672 0.963281 0.677083 0.031250 0.170833 1.000000
0 673 0.963281 0.675000 0.032813 0.172222 1.000000
0 674 0.962500 0.676389 0.034375 0.175000 1.000000
0 675 0.963281 0.677083 0.034375 0.170833 1.000000
0 676 0.962109 0.675694 0.036719 0.162500 1.000000
0 677 0.962891 0.681250 0.036719 0.162500 1.000000
0 678 0.962891 0.688194 0.039844 0.159722 1.000000
0 679 0.962891 0.693750 0.039844 0.159722 1.000000
0 680 0.964453 0.696528 0.039844 0.159722 1.000000
0 681 0.964844 0.700694 0.039062 0.162500 1.000000
0 682 0.965625 0.705556 0.037500 0.166667 1.000000
0 683 0.966406 0.711111 0.037500 0.166667 1.000000
0 684 0.967187 0.713194 0.035937 0.159722 1.000000
0 685 0.969141 0.715972 0.038281 0.151389 1.000000
0 686 0.969141 0.722917 0.038281 0.151389 1.000000
0 687 0.971484 0.728472 0.036719 0.151389 1.000000
0 688 0.972656 0.733333 0.035937 0.155556 1.000000
0 689 0.975781 0.735417 0.034375 0.159722 1.000000
0 690 0.978125 0.738194 0.034375 0.165278 1.000000
0 691 0.980859 0.740278 0.035156 0.166667 1.000000
0 692 0.982812 0.739583 0.034375 0.159722 1.000000
0 693 0.983594 0.737500 0.032813 0.155556 1.000000
0 694 0.983984 0.742361 0.032031 0.151389 1.000000
0 695 0.984766 0.748611 0.030469 0.152778 1.000000
0 696 0.985938 0.752083 0.028125 0.156944 1.000000
0 697 0.987500 0.754861 0.025000 0.159722 1.000000
0 698 0.988281 0.755556 0.023438 0.161111 1.000000
0 699 0.989062 0.757639 0.021875 0.165278 1.000000
0 700 0.989844 0.765278 0.020313 0.147222 1.000000
0 701 0.991406 0.763194 0.017188 0.143056 1.000000
0 702 0.992969 0.764583 0.014063 0.129167 1.000000
0 703 0.995313 0.762500 0.009375 0.116667 1.000000
0 704 0.996094 0.762500 0.007812 0.108333 1.000000
0 705 0.997656 0.761111 0.004687 0.105556 1.000000
0 740 0.996484 0.686111 0.007031 0.097222 1.000000
0 741 0.995703 0.684028 0.008594 0.118056 1.000000
0 742 0.994531 0.689583 0.010937 0.140278 1.000000
0 743 0.993359 0.684028 0.013281 0.143056 1.000000
0 744 0.992188 0.670833 0.015625 0.158333 1.000000
0 745 0.990625 0.663194 0.018750 0.151389 1.000000
0 746 0.989062 0.661111 0.021875 0.147222 1.000000
0 747 0.985938 0.662500 0.028125 0.147222 1.000000
0 748 0.983594 0.662500 0.032813 0.147222 1.000000
0 749 0.980469 0.661111 0.032813 0.150000 1.000000
0 750 0.977344 0.658333 0.032813 0.155556 1.000000
0 751 0.972266 0.654167 0.032031 0.158333 1.000000
0 752 0.969922 0.651389 0.032031 0.158333 1.000000
0 753 0.964844 0.645833 0.035937 0.152778 1.000000
0 754 0.961328 0.642361 0.036719 0.148611 1.000000
0 755 0.958203 0.640278 0.036719 0.147222 1.000000
0 756 0.955469 0.641667 0.039062 0.144444 1.000000
0 757 0.952344 0.641667 0.039062 0.144444 1.000000
0 758 0.949219 0.640972 0.039062 0.148611 1.000000
0 759 0.943750 0.638889 0.035937 0.152778 1.000000
0 760 0.940625 0.635417 0.034375 0.154167 1.000000
0 761 0.937891 0.634028 0.035156 0.156944 1.000000
0 762 0.933203 0.629167 0.036719 0.155556 1.000000
0 763 0.929688 0.627083 0.035937 0.148611 1.000000
0 764 0.925781 0.625000 0.034375 0.144444 1.000000
0 765 0.921094 0.626389 0.034375 0.141667 1.000000
0 766 0.917188 0.627083 0.032813 0.143056 1.000000
0 767 0.914453 0.625000 0.032031 0.144444 1.000000
0 768 0.910937 0.623611 0.034375 0.147222 1.000000
0 769 0.907813 0.622222 0.035937 0.150000 1.000000
0 770 0.905078 0.622222 0.038281 0.152778 1.000000
0 771 0.900781 0.618056 0.040625 0.150000 1.000000
0 772 0.897656 0.613889 0.042188 0.144444 1.000000
0 773 0.896094 0.615278 0.043750 0.141667 1.000000
0 774 0.894531 0.617361 0.045312 0.140278 1.000000
0 775 0.894531 0.617361 0.045312 0.140278 1.000000
0 776 0.892969 0.616667 0.042188 0.144444 1.000000
0 777 0.892578 0.613889 0.038281 0.147222 1.000000
0 778 0.890625 0.611806 0.039062 0.151389 1.000000
0 779 0.888281 0.611111 0.039062 0.152778 1.000000
0 780 0.886719 0.606944 0.040625 0.150000 1.000000
0 781 0.884375 0.604861 0.040625 0.145833 1.000000
0 782 0.883594 0.605556 0.039062 0.144444 1.000000
0 783 0.883594 0.605556 0.037500 0.141667 1.000000
0 784 0.884375 0.606944 0.034375 0.138889 1.000000
0 785 0.885156 0.606250 0.032813 0.143056 1.000000
0 786 0.885156 0.606250 0.032813 0.145833 1.000000
0 787 0.882422 0.603472 0.036719 0.148611 1.000000
0 788 0.882422 0.602778 0.036719 0.150000 1.000000
0 789 0.881250 0.601389 0.039062 0.152778 1.000000
0 790 0.880469 0.599306 0.040625 0.145833 1.000000
0 791 0.880469 0.597917 0.045312 0.143056 1.000000
0 792 0.881250 0.600694 0.043750 0.143056 1.000000
0 793 0.882812 0.600000 0.042188 0.141667 1.000000
0 794 0.883203 0.600000 0.038281 0.144444 1.000000
0 795 0.883984 0.598611 0.033594 0.144444 1.000000
0 796 0.885156 0.595833 0.031250 0.150000 1.000000
0 797 0.885156 0.594444 0.031250 0.150000 1.000000
0 798 0.885156 0.591667 0.031250 0.150000 1.000000
0 799 0.883984 0.589583 0.033594 0.148611 1.000000
0 800 0.885156 0.588194 0.032813 0.143056 1.000000
0 801 0.884766 0.590278 0.030469 0.141667 1.000000
0 802 0.883984 0.588889 0.030469 0.138889 1.000000
0 803 0.885547 0.588889 0.030469 0.138889 1.000000
0 804 0.886328 0.588889 0.030469 0.144444 1.000000
0 805 0.888672 0.587500 0.030469 0.147222 1.000000
0 806 0.889062 0.584722 0.029687 0.147222 1.000000
0 807 0.889844 0.584028 0.029687 0.151389 1.000000
0 808 0.890625 0.583333 0.031250 0.150000 1.000000
0 809 0.891797 0.581944 0.033594 0.144444 1.000000
0 810 0.892578 0.581250 0.033594 0.140278 1.000000
0 811 0.893359 0.582639 0.033594 0.137500 1.000000
0 812 0.894922 0.581944 0.033594 0.138889 1.000000
0 813 0.896094 0.581944 0.032813 0.141667 1.000000
0 814 0.894922 0.580556 0.028906 0.141667 1.000000
0 815 0.894141 0.579861 0.028906 0.145833 1.000000
0 816 0.893750 0.577778 0.028125 0.147222 1.000000
0 817 0.892969 0.577778 0.028125 0.150000 1.000000
0 818 0.891406 0.578472 0.028125 0.145833 1.000000
0 819 0.889062 0.577778 0.028125 0.141667 1.000000
0 820 0.887500 0.577778 0.031250 0.136111 1.000000
0 821 0.885156 0.580556 0.029687 0.136111 1.000000
0 822 0.882031 0.580556 0.029687 0.136111 1.000000
0 823 0.882031 0.579167 0.028125 0.141667 1.000000
0 824 0.880469 0.579167 0.028125 0.144444 1.000000
0 825 0.879687 0.579167 0.028125 0.147222 1.000000
0 826 0.877734 0.579167 0.030469 0.147222 1.000000
0 827 0.877734 0.577778 0.030469 0.147222 1.000000
0 828 0.877344 0.577778 0.031250 0.141667 1.000000
0 829 0.876563 0.577083 0.031250 0.134722 1.000000
0 830 0.875000 0.578472 0.031250 0.134722 1.000000
0 831 0.873437 0.578472 0.031250 0.134722 1.000000
0 832 0.872656 0.578472 0.029687 0.137500 1.000000
0 833 0.871875 0.577778 0.028125 0.138889 1.000000
0 834 0.870313 0.577083 0.028125 0.145833 1.000000
0 835 0.868750 0.575694 0.028125 0.145833 1.000000
0 836 0.867188 0.575694 0.028125 0.145833 1.000000
0 837 0.866406 0.575000 0.028125 0.141667 1.000000
0 838 0.864453 0.575694 0.028906 0.134722 1.000000
0 839 0.861328 0.577083 0.028906 0.134722 1.000000
0 840 0.860547 0.578472 0.028906 0.134722 1.000000
0 841 0.858594 0.576389 0.028125 0.136111 1.000000
0 842 0.859375 0.576389 0.028125 0.138889 1.000000
0 843 0.858594 0.575694 0.029687 0.140278 1.000000
0 844 0.857812 0.575694 0.029687 0.143056 1.000000
0 845 0.857031 0.575000 0.031250 0.141667 1.000000
0 846 0.857031 0.575000 0.031250 0.138889 1.000000
0 847 0.857031 0.576389 0.032813 0.136111 1.000000
0 848 0.857812 0.578472 0.032813 0.131944 1.000000
0 849 0.858203 0.577083 0.032031 0.131944 1.000000
0 850 0.859375 0.577778 0.031250 0.133333 1.000000
0 851 0.860938 0.577083 0.031250 0.137500 1.000000
0 852 0.861328 0.575694 0.028906 0.140278 1.000000
0 853 0.862500 0.577083 0.028125 0.143056 1.000000
0 854 0.864062 0.576389 0.028125 0.141667 1.000000
0 855 0.864062 0.576389 0.028125 0.138889 1.000000
0 856 0.865234 0.576389 0.027344 0.136111 1.000000
0 857 0.865234 0.577083 0.027344 0.131944 1.000000
0 858 0.864844 0.576389 0.028125 0.130556 1.000000
0 859 0.865625 0.575694 0.028125 0.134722 1.000000
0 860 0.867969 0.574306 0.028125 0.134722 1.000000
0 861 0.869531 0.573611 0.028125 0.138889 1.000000
0 862 0.870703 0.572917 0.028906 0.140278 1.000000
0 863 0.871094 0.572222 0.029687 0.138889 1.000000
0 864 0.871094 0.572222 0.032813 0.136111 1.000000
0 865 0.872656 0.571528 0.032813 0.131944 1.000000
0 866 0.874219 0.570833 0.032813 0.127778 1.000000
0 867 0.875781 0.571528 0.032813 0.129167 1.000000
0 868 0.877734 0.570833 0.030469 0.133333 1.000000
0 869 0.878516 0.568056 0.028906 0.136111 1.000000
0 870 0.878125 0.566667 0.028125 0.138889 1.000000
0 871 0.877734 0.565278 0.027344 0.141667 1.000000
0 872 0.876953 0.565278 0.027344 0.141667 1.000000
0 873 0.876172 0.563194 0.027344 0.137500 1.000000
0 874 0.874609 0.564583 0.027344 0.134722 1.000000
0 875 0.872266 0.563889 0.027344 0.127778 1.000000
0 876 0.869531 0.563889 0.028125 0.127778 1.000000
0 877 0.866406 0.562500 0.028125 0.130556 1.000000
0 878 0.862500 0.560417 0.026562 0.131944 1.000000
0 879 0.860938 0.559722 0.028125 0.136111 1.000000
0 880 0.858203 0.556944 0.028906 0.136111 1.000000
0 881 0.855859 0.555556 0.028906 0.138889 1.000000
0 882 0.853516 0.554167 0.028906 0.136111 1.000000
0 883 0.849609 0.555556 0.030469 0.130556 1.000000
0 884 0.847266 0.555556 0.030469 0.127778 1.000000
0 885 0.844141 0.554167 0.028906 0.127778 1.000000
0 886 0.843359 0.553472 0.028906 0.129167 1.000000
0 887 0.841406 0.551389 0.026562 0.130556 1.000000
0 888 0.839844 0.550694 0.026562 0.134722 1.000000
0 889 0.838281 0.548611 0.026562 0.136111 1.000000
0 890 0.836719 0.546528 0.026562 0.137500 1.000000
0 891 0.835156 0.545833 0.026562 0.136111 1.000000
0 892 0.833594 0.547222 0.026562 0.133333 1.000000
0 893 0.831250 0.546528 0.028125 0.126389 1.000000
0 894 0.829688 0.546528 0.028125 0.126389 1.000000
0 895 0.828125 0.546528 0.028125 0.126389 1.000000
0 896 0.826562 0.547222 0.026562 0.130556 1.000000
0 897 0.825781 0.546528 0.026562 0.131944 1.000000
0 898 0.825000 0.544444 0.026562 0.133333 1.000000
0 899 0.824219 0.543056 0.026562 0.133333 1.000000
0 900 0.824219 0.544444 0.028125 0.133333 1.000000
0 901 0.824219 0.543056 0.029687 0.130556 1.000000
0 902 0.822656 0.543750 0.029687 0.126389 1.000000
0 903 0.822656 0.543750 0.029687 0.126389 1.000000
0 904 0.822656 0.544444 0.028125 0.127778 1.000000
0 905 0.821875 0.541667 0.026562 0.127778 1.000000
0 906 0.821875 0.540278 0.026562 0.130556 1.000000
0 907 0.821875 0.538889 0.026562 0.133333 1.000000
0 908 0.821094 0.538889 0.025000 0.133333 1.000000
0 909 0.821094 0.537500 0.025000 0.133333 1.000000
0 910 0.821094 0.537500 0.025000 0.130556 1.000000
0 911 0.821875 0.538194 0.025000 0.126389 1.000000
0 912 0.822656 0.537500 0.026562 0.122222 1.000000
0 913 0.822656 0.536111 0.026562 0.122222 1.000000
0 914 0.824219 0.537500 0.026562 0.125000 1.000000
0 915 0.824219 0.536111 0.026562 0.127778 1.000000
0 916 0.825781 0.533333 0.026562 0.127778 1.000000
0 917 0.826562 0.534722 0.026562 0.133333 1.000000
0 918 0.827344 0.536111 0.026562 0.133333 1.000000
0 919 0.828906 0.538194 0.026562 0.131944 1.000000
0 920 0.831250 0.539583 0.028125 0.131944 1.000000
0 921 0.832031 0.540278 0.029687 0.130556 1.000000
0 922 0.834375 0.541667 0.029687 0.127778 1.000000
0 923 0.835938 0.540972 0.029687 0.126389 1.000000
0 924 0.836719 0.538194 0.029687 0.126389 1.000000
0 925 0.836719 0.536111 0.029687 0.127778 1.000000
0 926 0.837500 0.534722 0.026562 0.130556 1.000000
0 927 0.838281 0.531944 0.026562 0.130556 1.000000
0 928 0.839844 0.530556 0.026562 0.130556 1.000000
0 929 0.839844 0.529861 0.026562 0.129167 1.000000
0 930 0.840234 0.531250 0.027344 0.129167 1.000000
0 931 0.841797 0.529861 0.027344 0.129167 1.000000
0 932 0.841016 0.531250 0.027344 0.126389 1.000000
0 933 0.842578 0.530556 0.028906 0.125000 1.000000
0 934 0.843359 0.529167 0.027344 0.125000 1.000000
0 935 0.845703 0.527778 0.027344 0.125000 1.000000
0 936 0.848047 0.526389 0.027344 0.125000 1.000000
0 937 0.848828 0.522917 0.025781 0.126389 1.000000
0 938 0.851953 0.522222 0.025781 0.127778 1.000000
0 939 0.855078 0.522222 0.025781 0.127778 1.000000
0 940 0.857422 0.520833 0.025781 0.127778 1.000000
0 941 0.859375 0.520833 0.025000 0.125000 1.000000
0 942 0.862500 0.519444 0.025000 0.125000 1.000000
0 943 0.864844 0.518056 0.025000 0.125000 1.000000
0 944 0.867969 0.515278 0.025000 0.125000 1.000000
0 945 0.870313 0.512500 0.025000 0.125000 1.000000
0 946 0.873437 0.513194 0.025000 0.123611 1.000000
0 947 0.875781 0.510417 0.025000 0.123611 1.000000
0 948 0.878125 0.509722 0.026562 0.125000 1.000000
0 949 0.878125 0.509722 0.031250 0.125000 1.000000
0 950 0.878906 0.510417 0.034375 0.126389 1.000000
0 951 0.881250 0.509722 0.037500 0.125000 1.000000
0 952 0.882812 0.511111 0.037500 0.122222 1.000000
0 953 0.885938 0.509028 0.037500 0.123611 1.000000
0 954 0.887500 0.509028 0.037500 0.120833 1.000000
0 955 0.890234 0.508333 0.036719 0.122222 1.000000
0 956 0.891016 0.508333 0.035156 0.122222 1.000000
0 957 0.892578 0.505556 0.033594 0.122222 1.000000
0 958 0.892578 0.505556 0.032031 0.122222 1.000000
0 959 0.892969 0.505556 0.031250 0.122222 1.000000
0 960 0.892969 0.504167 0.029687 0.122222 1.000000
0 961 0.892188 0.503472 0.026562 0.123611 1.000000
0 962 0.891016 0.502778 0.024219 0.125000 1.000000
0 963 0.892578 0.502778 0.025781 0.125000 1.000000
0 964 0.892969 0.502083 0.026562 0.123611 1.000000
0 965 0.893750 0.502083 0.031250 0.123611 1.000000
0 966 0.892969 0.502083 0.034375 0.123611 1.000000
0 967 0.892969 0.502778 0.035937 0.122222 1.000000
0 968 0.893750 0.503472 0.035937 0.120833 1.000000
0 969 0.893750 0.502778 0.034375 0.119444 1.000000
0 970 0.893359 0.501389 0.032031 0.119444 1.000000
0 971 0.892188 0.500694 0.029687 0.118056 1.000000
0 972 0.891016 0.500000 0.027344 0.122222 1.000000
0 973 0.890625 0.500000 0.025000 0.122222 1.000000
0 974 0.889062 0.498611 0.023438 0.122222 1.000000
0 975 0.889062 0.497917 0.023438 0.123611 1.000000
0 976 0.888281 0.497917 0.026562 0.123611 1.000000
0 977 0.888281 0.499306 0.028125 0.123611 1.000000
0 978 0.887891 0.500000 0.028906 0.122222 1.000000
0 979 0.887891 0.499306 0.027344 0.120833 1.000000
0 980 0.886719 0.501389 0.025000 0.119444 1.000000
0 981 0.885547 0.500694 0.024219 0.120833 1.000000
0 982 0.882812 0.500000 0.021875 0.122222 1.000000
0 983 0.881250 0.500694 0.020313 0.123611 1.000000
0 984 0.880078 0.500000 0.021094 0.125000 1.000000
0 985 0.878125 0.499306 0.020313 0.123611 1.000000
0 986 0.875000 0.499306 0.023438 0.123611 1.000000
0 987 0.872656 0.498611 0.026562 0.122222 1.000000
0 988 0.870313 0.498611 0.028125 0.122222 1.000000
0 989 0.869141 0.500000 0.028906 0.122222 1.000000
0 990 0.869141 0.500000 0.028906 0.122222 1.000000
0 991 0.866797 0.498611 0.027344 0.122222 1.000000
0 992 0.866406 0.497222 0.026562 0.122222 1.000000
0 993 0.865625 0.495833 0.026562 0.122222 1.000000
0 994 0.864062 0.494444 0.026562 0.122222 1.000000
0 995 0.862500 0.495833 0.028125 0.122222 1.000000
0 996 0.861328 0.497222 0.028906 0.122222 1.000000
0 997 0.860547 0.496528 0.030469 0.120833 1.000000
0 998 0.858984 0.497222 0.030469 0.122222 1.000000
0 999 0.856641 0.497222 0.030469 0.122222 1.000000
0 1000 0.855859 0.499306 0.030469 0.120833 1.000000
0 1001 0.852734 0.500694 0.030469 0.118056 1.000000
0 1002 0.850781 0.500000 0.029687 0.116667 1.000000
0 1003 0.847656 0.500000 0.028125 0.116667 1.000000
0 1004 0.844531 0.498611 0.026562 0.116667 1.000000
0 1005 0.841797 0.498611 0.025781 0.119444 1.000000
0 1006 0.839453 0.495833 0.025781 0.119444 1.000000
0 1007 0.835938 0.495139 0.025000 0.120833 1.000000
0 1008 0.833984 0.494444 0.024219 0.122222 1.000000
0 1009 0.832422 0.494444 0.024219 0.122222 1.000000
0 1010 0.828516 0.495139 0.025781 0.123611 1.000000
0 1011 0.826562 0.495833 0.028125 0.119444 1.000000
0 1012 0.824219 0.495833 0.028125 0.116667 1.000000
0 1013 0.821094 0.495833 0.028125 0.116667 1.000000
0 1014 0.816406 0.493056 0.029687 0.113889 1.000000
0 1015 0.812500 0.489583 0.031250 0.112500 1.000000
0 1016 0.807813 0.487500 0.031250 0.116667 1.000000
0 1017 0.800000 0.487500 0.031250 0.119444 1.000000
0 1018 0.792188 0.484722 0.032813 0.122222 1.000000
0 1019 0.784375 0.483333 0.032813 0.122222 1.000000
0 1020 0.774219 0.480556 0.032813 0.122222 1.000000
0 1021 0.763281 0.478472 0.034375 0.118056 1.000000
0 1022 0.751563 0.476389 0.032813 0.116667 1.000000
0 1023 0.740625 0.473611 0.032813 0.116667 1.000000
0 1024 0.730469 0.470139 0.032813 0.115278 1.000000
0 1025 0.717187 0.466667 0.034375 0.116667 1.000000
0 1026 0.703906 0.462500 0.035937 0.119444 1.000000
0 1027 0.689063 0.458333 0.037500 0.122222 1.000000
0 1028 0.675391 0.454861 0.039844 0.123611 1.000000
0 1029 0.660937 0.450000 0.039062 0.122222 1.000000
0 1030 0.646875 0.445833 0.035937 0.119444 1.000000
0 1031 0.633594 0.442361 0.032813 0.118056 1.000000
0 1032 0.617188 0.436111 0.034375 0.116667 1.000000
0 1033 0.600000 0.430556 0.034375 0.116667 1.000000
0 1034 0.584375 0.427083 0.035937 0.118056 1.000000
0 1035 0.567969 0.424306 0.037500 0.123611 1.000000
0 1036 0.551562 0.420833 0.039062 0.122222 1.000000
0 1037 0.533984 0.420139 0.039844 0.123611 1.000000
0 1038 0.517969 0.418056 0.039062 0.125000 1.000000
0 1039 0.500000 0.416667 0.037500 0.122222 1.000000
0 1040 0.482422 0.412500 0.036719 0.119444 1.000000
0 1041 0.463281 0.406944 0.035937 0.119444 1.000000
0 1042 0.440625 0.400694 0.039062 0.120833 1.000000
0 1043 0.419531 0.397222 0.042188 0.122222 1.000000
0 1044 0.396875 0.392361 0.043750 0.126389 1.000000
0 1045 0.374219 0.388194 0.043750 0.126389 1.000000
0 1046 0.353125 0.384028 0.042188 0.126389 1.000000
0 1047 0.332813 0.379167 0.037500 0.125000 1.000000
0 1048 0.312500 0.372222 0.034375 0.122222 1.000000
0 1049 0.292187 0.365278 0.034375 0.122222 1.000000
0 1050 0.269141 0.359028 0.038281 0.123611 1.000000
0 1051 0.248438 0.352778 0.040625 0.122222 1.000000
0 1052 0.227344 0.350000 0.042188 0.127778 1.000000
0 1053 0.207422 0.347222 0.046094 0.127778 1.000000
0 1054 0.188672 0.345833 0.046094 0.127778 1.000000
0 1055 0.169531 0.345833 0.042188 0.127778 1.000000
0 1056 0.151562 0.343056 0.042188 0.127778 1.000000
0 1057 0.133203 0.340972 0.036719 0.126389 1.000000
0 1058 0.116016 0.338889 0.035156 0.127778 1.000000
0 1059 0.095312 0.335417 0.042188 0.126389 1.000000
0 1060 0.073047 0.333333 0.042969 0.127778 1.000000
0 1061 0.053906 0.334028 0.048438 0.131944 1.000000
0 1062 0.036719 0.335417 0.048438 0.131944 1.000000
0 1063 0.021094 0.338194 0.042188 0.131944 1.000000
0 1064 0.010156 0.338194 0.020313 0.131944 1.000000
0 1104 0.007031 0.432639 0.014063 0.065278 1.000000
0 1105 0.010156 0.402083 0.020313 0.131944 1.000000
0 1106 0.011328 0.404167 0.022656 0.136111 1.000000
0 1107 0.013281 0.404861 0.026562 0.134722 1.000000
0 1108 0.017969 0.406250 0.034375 0.134722 1.000000
0 1109 0.024219 0.404861 0.034375 0.134722 1.000000
0 1110 0.031250 0.404861 0.034375 0.134722 1.000000
0 1111 0.035547 0.403472 0.036719 0.134722 1.000000
0 1112 0.041016 0.406944 0.039844 0.141667 1.000000
0 1113 0.048438 0.409722 0.046875 0.141667 1.000000
0 1114 0.055469 0.412500 0.048438 0.138889 1.000000
0 1115 0.060547 0.416667 0.046094 0.138889 1.000000
0 1116 0.067969 0.418056 0.042188 0.136111 1.000000
0 1117 0.076563 0.418056 0.037500 0.133333 1.000000
0 1118 0.086328 0.417361 0.032031 0.134722 1.000000
0 1119 0.093750 0.418750 0.031250 0.137500 1.000000
0 1120 0.100000 0.418056 0.034375 0.136111 1.000000
0 1121 0.107031 0.420139 0.039062 0.140278 1.000000
0 1122 0.117188 0.420833 0.050000 0.138889 1.000000
0 1123 0.125781 0.422222 0.051562 0.138889 1.000000
0 1124 0.135156 0.425694 0.053125 0.137500 1.000000
0 1125 0.142969 0.429167 0.048438 0.136111 1.000000
0 1126 0.158594 0.430556 0.048438 0.133333 1.000000
0 1127 0.169141 0.429167 0.047656 0.136111 1.000000
0 1128 0.178125 0.428472 0.040625 0.137500 1.000000
0 1129 0.188281 0.426389 0.034375 0.136111 1.000000
0 1130 0.196094 0.426389 0.035937 0.138889 1.000000
0 1131 0.204687 0.427778 0.040625 0.144444 1.000000
0 1132 0.214062 0.431250 0.046875 0.143056 1.000000
0 1133 0.222266 0.434028 0.050781 0.140278 1.000000
0 1134 0.231250 0.438889 0.048438 0.138889 1.000000
0 1135 0.237500 0.439583 0.043750 0.137500 1.000000
0 1136 0.247656 0.439583 0.043750 0.134722 1.000000
0 1137 0.256250 0.440972 0.034375 0.137500 1.000000
0 1138 0.264062 0.440278 0.028125 0.136111 1.000000
0 1139 0.273047 0.441667 0.030469 0.138889 1.000000
0 1140 0.279297 0.443056 0.035156 0.138889 1.000000
0 1141 0.288281 0.446528 0.042188 0.137500 1.000000
0 1142 0.294922 0.449306 0.044531 0.137500 1.000000
0 1143 0.300000 0.454167 0.043750 0.138889 1.000000
0 1144 0.303125 0.459028 0.040625 0.137500 1.000000
0 1145 0.306641 0.462500 0.035156 0.133333 1.000000
0 1146 0.310937 0.467361 0.028125 0.134722 1.000000
0 1147 0.317188 0.468750 0.026562 0.137500 1.000000
0 1148 0.322656 0.472222 0.023438 0.138889 1.000000
0 1149 0.325000 0.474306 0.025000 0.143056 1.000000
0 1150 0.328906 0.478472 0.026562 0.143056 1.000000
0 1151 0.333984 0.482639 0.030469 0.143056 1.000000
0 1152 0.341406 0.488194 0.035937 0.143056 1.000000
0 1153 0.346094 0.493056 0.037500 0.141667 1.000000
0 1154 0.349219 0.499306 0.042188 0.140278 1.000000
0 1155 0.351562 0.504167 0.046875 0.136111 1.000000
0 1156 0.351953 0.509722 0.047656 0.133333 1.000000
0 1157 0.352734 0.512500 0.049219 0.133333 1.000000
0 1158 0.354297 0.516667 0.046094 0.133333 1.000000
0 1159 0.357031 0.518750 0.042188 0.134722 1.000000
0 1160 0.358594 0.519444 0.035937 0.138889 1.000000
0 1161 0.363672 0.521528 0.030469 0.140278 1.000000
0 1162 0.367969 0.523611 0.026562 0.141667 1.000000
0 1163 0.371875 0.523611 0.025000 0.141667 1.000000
0 1164 0.375000 0.526389 0.025000 0.141667 1.000000
0 1165 0.378906 0.529167 0.026562 0.141667 1.000000
0 1166 0.384375 0.530556 0.031250 0.138889 1.000000
0 1167 0.391016 0.534722 0.036719 0.136111 1.000000
0 1168 0.394922 0.538889 0.042969 0.133333 1.000000
0 1169 0.397266 0.539583 0.049219 0.131944 1.000000
0 1170 0.398828 0.539583 0.052344 0.131944 1.000000
0 1171 0.399219 0.538889 0.053125 0.133333 1.000000
0 1172 0.400000 0.538889 0.051562 0.133333 1.000000
0 1173 0.400000 0.538889 0.050000 0.133333 1.000000
0 1174 0.403906 0.537500 0.051562 0.130556 1.000000
0 1175 0.408594 0.538889 0.051562 0.133333 1.000000
0 1176 0.412500 0.535417 0.046875 0.134722 1.000000
0 1177 0.417969 0.534028 0.042188 0.137500 1.000000
0 1178 0.419922 0.531944 0.038281 0.141667 1.000000
0 1179 0.422266 0.530556 0.036719 0.141667 1.000000
0 1180 0.423438 0.529167 0.034375 0.141667 1.000000
0 1181 0.425781 0.529167 0.032813 0.141667 1.000000
0 1182 0.427344 0.530556 0.031250 0.141667 1.000000
0 1183 0.430469 0.531944 0.028125 0.138889 1.000000
0 1184 0.435156 0.533333 0.034375 0.136111 1.000000
0 1185 0.437891 0.536806 0.041406 0.131944 1.000000
0 1186 0.438281 0.537500 0.045312 0.130556 1.000000
0 1187 0.437891 0.536111 0.047656 0.130556 1.000000
0 1188 0.436719 0.536111 0.045312 0.130556 1.000000
0 1189 0.437500 0.534722 0.043750 0.127778 1.000000
0 1190 0.441406 0.534722 0.043750 0.125000 1.000000
0 1191 0.446094 0.534722 0.042188 0.125000 1.000000
0 1192 0.451172 0.536111 0.039844 0.127778 1.000000
0 1193 0.452344 0.533333 0.039062 0.127778 1.000000
0 1194 0.451953 0.531944 0.039844 0.130556 1.000000
0 1195 0.453125 0.531944 0.040625 0.130556 1.000000
0 1196 0.453906 0.530556 0.042188 0.130556 1.000000
0 1197 0.456641 0.530556 0.041406 0.127778 1.000000
0 1198 0.459766 0.530556 0.036719 0.127778 1.000000
0 1199 0.463281 0.531944 0.031250 0.127778 1.000000
0 1200 0.465234 0.530556 0.027344 0.130556 1.000000
0 1201 0.467578 0.527778 0.025781 0.133333 1.000000
0 1202 0.467578 0.525000 0.032031 0.136111 1.000000
0 1203 0.468359 0.522917 0.033594 0.140278 1.000000
0 1204 0.468750 0.519444 0.031250 0.138889 1.000000
0 1205 0.470313 0.517361 0.028125 0.140278 1.000000
0 1206 0.470313 0.513889 0.025000 0.141667 1.000000
0 1207 0.469922 0.512500 0.024219 0.141667 1.000000
0 1208 0.469922 0.511806 0.024219 0.140278 1.000000
0 1209 0.470313 0.512500 0.025000 0.136111 1.000000
0 1210 0.471094 0.518056 0.026562 0.136111 1.000000
0 1211 0.475000 0.520139 0.032813 0.134722 1.000000
0 1212 0.479297 0.525000 0.036719 0.133333 1.000000
0 1213 0.480469 0.526389 0.045312 0.127778 1.000000
0 1214 0.480859 0.527083 0.052344 0.126389 1.000000
0 1215 0.482031 0.527083 0.054688 0.126389 1.000000
0 1216 0.481250 0.527083 0.054688 0.126389 1.000000
0 1217 0.482812 0.525000 0.050000 0.125000 1.000000
0 1218 0.483594 0.525000 0.042188 0.125000 1.000000
0 1219 0.486719 0.526389 0.035937 0.127778 1.000000
0 1220 0.491797 0.523611 0.033594 0.130556 1.000000
0 1221 0.496484 0.522222 0.032031 0.133333 1.000000
0 1222 0.497656 0.520833 0.037500 0.133333 1.000000
0 1223 0.497266 0.519444 0.044531 0.133333 1.000000
0 1224 0.497656 0.518750 0.050000 0.131944 1.000000
0 1225 0.500000 0.519444 0.053125 0.127778 1.000000
0 1226 0.500781 0.520833 0.057813 0.125000 1.000000
0 1227 0.501172 0.522222 0.055469 0.122222 1.000000
0 1228 0.499219 0.522222 0.050000 0.122222 1.000000
0 1229 0.497656 0.522222 0.042188 0.125000 1.000000
0 1230 0.498828 0.521528 0.032031 0.123611 1.000000
0 1231 0.503125 0.521528 0.021875 0.126389 1.000000
0 1232 0.501953 0.520833 0.022656 0.127778 1.000000
0 1233 0.501563 0.519444 0.028125 0.127778 1.000000
0 1234 0.500000 0.519444 0.034375 0.127778 1.000000
0 1235 0.496875 0.520139 0.035937 0.129167 1.000000
0 1236 0.493750 0.519444 0.037500 0.127778 1.000000
0 1237 0.492188 0.520139 0.034375 0.126389 1.000000
0 1238 0.489063 0.520139 0.031250 0.126389 1.000000
0 1239 0.487109 0.517361 0.027344 0.129167 1.000000
0 1240 0.487891 0.515972 0.025781 0.131944 1.000000
0 1241 0.486719 0.513889 0.020313 0.133333 1.000000
0 1242 0.486719 0.511111 0.020313 0.133333 1.000000
0 1243 0.485156 0.511111 0.020313 0.133333 1.000000
0 1244 0.487109 0.511806 0.027344 0.129167 1.000000
0 1245 0.487500 0.513889 0.029687 0.127778 1.000000
0 1246 0.486719 0.516667 0.034375 0.125000 1.000000
0 1247 0.486328 0.520833 0.035156 0.119444 1.000000
0 1248 0.484375 0.522222 0.034375 0.113889 1.000000
0 1249 0.481250 0.522222 0.034375 0.111111 1.000000
0 1250 0.478125 0.520833 0.037500 0.108333 1.000000
0 1251 0.475000 0.518056 0.040625 0.108333 1.000000
0 1252 0.471875 0.513194 0.040625 0.115278 1.000000
0 1253 0.471094 0.508333 0.040625 0.116667 1.000000
0 1254 0.471094 0.504167 0.042188 0.119444 1.000000
0 1255 0.470703 0.500000 0.039844 0.122222 1.000000
0 1256 0.469531 0.495833 0.035937 0.122222 1.000000
0 1257 0.467969 0.493056 0.034375 0.116667 1.000000
0 1258 0.466406 0.491667 0.034375 0.116667 1.000000
0 1259 0.464844 0.488889 0.039062 0.113889 1.000000
0 1260 0.465234 0.487500 0.041406 0.108333 1.000000
0 1261 0.466016 0.485417 0.044531 0.106944 1.000000
0 1262 0.465625 0.481944 0.046875 0.105556 1.000000
0 1263 0.466797 0.479167 0.049219 0.111111 1.000000
0 1264 0.464062 0.476389 0.051562 0.111111 1.000000
0 1265 0.463281 0.473611 0.048438 0.111111 1.000000
0 1266 0.462500 0.472222 0.043750 0.111111 1.000000
0 1267 0.466406 0.472917 0.048438 0.112500 1.000000
0 1268 0.469531 0.475000 0.051562 0.116667 1.000000
0 1269 0.468750 0.475694 0.056250 0.120833 1.000000
0 1270 0.468750 0.478472 0.065625 0.123611 1.000000
0 1271 0.467969 0.477778 0.067187 0.127778 1.000000
0 1272 0.468750 0.477778 0.060937 0.141667 1.000000
0 1273 0.468750 0.474306 0.054688 0.137500 1.000000
0 1274 0.470313 0.479167 0.043750 0.138889 1.000000
0 1275 0.467187 0.486111 0.050000 0.127778 1.000000
0 1276 0.470703 0.487500 0.047656 0.130556 1.000000
0 1277 0.478516 0.484028 0.036719 0.131944 1.000000
0 1278 0.484375 0.485417 0.031250 0.134722 1.000000
0 1279 0.488281 0.487500 0.032813 0.133333 1.000000
0 1280 0.492969 0.488889 0.032813 0.130556 1.000000
0 1281 0.497266 0.488194 0.035156 0.131944 1.000000
0 1282 0.500000 0.487500 0.040625 0.133333 1.000000
0 1283 0.502344 0.484722 0.046875 0.136111 1.000000
0 1284 0.507031 0.484722 0.051562 0.138889 1.000000
0 1285 0.511719 0.482639 0.054688 0.137500 1.000000
0 1286 0.517969 0.483333 0.060937 0.138889 1.000000
0 1287 0.526563 0.484722 0.062500 0.136111 1.000000
0 1288 0.534375 0.486806 0.057813 0.134722 1.000000
0 1289 0.541406 0.490278 0.046875 0.133333 1.000000
0 1290 0.544531 0.490278 0.040625 0.127778 1.000000
0 1291 0.545312 0.488194 0.031250 0.129167 1.000000
0 1292 0.551562 0.483333 0.034375 0.130556 1.000000
0 1293 0.558203 0.479167 0.041406 0.133333 1.000000
0 1294 0.561719 0.475000 0.050000 0.133333 1.000000
0 1295 0.563281 0.475000 0.053125 0.133333 1.000000
0 1296 0.566797 0.473611 0.058594 0.136111 1.000000
0 1297 0.569141 0.472222 0.060156 0.133333 1.000000
0 1298 0.575391 0.473611 0.064844 0.130556 1.000000
0 1299 0.582422 0.470833 0.069531 0.127778 1.000000
0 1300 0.592187 0.468056 0.068750 0.125000 1.000000
0 1301 0.602344 0.465278 0.067187 0.122222 1.000000
0 1302 0.612891 0.459028 0.069531 0.120833 1.000000
0 1303 0.621875 0.454861 0.065625 0.118056 1.000000
0 1304 0.629297 0.448611 0.060156 0.119444 1.000000
0 1305 0.639062 0.443056 0.048438 0.119444 1.000000
0 1306 0.645312 0.438194 0.035937 0.120833 1.000000
0 1307 0.651563 0.434028 0.034375 0.123611 1.000000
0 1308 0.657813 0.429167 0.037500 0.125000 1.000000
0 1309 0.661719 0.424306 0.045312 0.126389 1.000000
0 1310 0.667578 0.421528 0.052344 0.126389 1.000000
0 1311 0.671484 0.418056 0.060156 0.127778 1.000000
0 1312 0.675781 0.413889 0.065625 0.125000 1.000000
0 1313 0.681250 0.409722 0.068750 0.125000 1.000000
0 1314 0.687109 0.404167 0.071094 0.130556 1.000000
0 1315 0.694531 0.396528 0.064062 0.131944 1.000000
0 1316 0.700000 0.390972 0.060937 0.134722 1.000000
0 1317 0.706641 0.383333 0.055469 0.133333 1.000000
0 1318 0.713672 0.376389 0.050781 0.136111 1.000000
0 1319 0.720313 0.373611 0.043750 0.136111 1.000000
0 1320 0.727344 0.370139 0.037500 0.131944 1.000000
0 1321 0.733984 0.367361 0.030469 0.131944 1.000000
0 1322 0.739062 0.365278 0.029687 0.130556 1.000000
0 1323 0.744922 0.360417 0.030469 0.126389 1.000000
0 1324 0.750391 0.358333 0.028906 0.127778 1.000000
0 1325 0.754297 0.355556 0.028906 0.127778 1.000000
