0 1 0.660156 0.372222 0.020313 0.125000 1.000000
0 2 0.660156 0.370833 0.020313 0.125000 1.000000
0 3 0.659766 0.370833 0.019531 0.125000 1.000000
0 4 0.658984 0.370833 0.019531 0.125000 1.000000
0 5 0.657031 0.370833 0.021875 0.125000 1.000000
0 6 0.657031 0.370833 0.021875 0.125000 1.000000
0 7 0.657031 0.369444 0.021875 0.125000 1.000000
0 8 0.656250 0.369444 0.020313 0.125000 1.000000
0 9 0.656641 0.369444 0.021094 0.125000 1.000000
0 10 0.656641 0.369444 0.021094 0.125000 1.000000
0 11 0.653906 0.368056 0.020313 0.125000 1.000000
0 12 0.653125 0.369444 0.020313 0.125000 1.000000
0 13 0.652344 0.369444 0.020313 0.125000 1.000000
0 14 0.650781 0.369444 0.018750 0.125000 1.000000
0 15 0.650781 0.368056 0.018750 0.125000 1.000000
0 16 0.649219 0.369444 0.023438 0.125000 1.000000
0 17 0.648438 0.368056 0.023438 0.125000 1.000000
0 18 0.648438 0.368056 0.023438 0.125000 1.000000
0 19 0.648828 0.368056 0.022656 0.127778 1.000000
0 20 0.648828 0.366667 0.022656 0.127778 1.000000
0 21 0.648828 0.366667 0.022656 0.127778 1.000000
0 22 0.648828 0.366667 0.022656 0.127778 1.000000
0 23 0.648828 0.365278 0.022656 0.127778 1.000000
0 24 0.648828 0.365278 0.022656 0.127778 1.000000
0 25 0.647656 0.365278 0.026562 0.127778 1.000000
0 26 0.647656 0.363889 0.028125 0.125000 1.000000
0 27 0.647656 0.363194 0.029687 0.123611 1.000000
0 28 0.647266 0.362500 0.032031 0.122222 1.000000
0 29 0.647266 0.362500 0.032031 0.122222 1.000000
0 30 0.647656 0.361111 0.034375 0.122222 1.000000
0 31 0.647656 0.361111 0.034375 0.122222 1.000000
0 32 0.647656 0.361111 0.034375 0.122222 1.000000
0 33 0.647656 0.360417 0.032813 0.123611 1.000000
0 34 0.648047 0.359722 0.032031 0.125000 1.000000
0 35 0.648047 0.359722 0.030469 0.125000 1.000000
0 36 0.648438 0.359722 0.028125 0.125000 1.000000
0 37 0.648438 0.359722 0.028125 0.125000 1.000000
0 38 0.649219 0.359722 0.026562 0.125000 1.000000
0 39 0.650000 0.359722 0.026562 0.125000 1.000000
0 40 0.650781 0.359722 0.026562 0.125000 1.000000
0 41 0.650781 0.359722 0.026562 0.125000 1.000000
0 42 0.650781 0.359722 0.026562 0.125000 1.000000
0 43 0.650781 0.359722 0.026562 0.125000 1.000000
0 44 0.650781 0.359722 0.026562 0.125000 1.000000
0 45 0.652344 0.359722 0.026562 0.125000 1.000000
0 46 0.653125 0.356944 0.026562 0.125000 1.000000
0 47 0.654687 0.356944 0.023438 0.125000 1.000000
0 48 0.655469 0.356944 0.023438 0.125000 1.000000
0 49 0.655469 0.356944 0.021875 0.125000 1.000000
0 50 0.655859 0.356944 0.021094 0.125000 1.000000
0 51 0.655859 0.356944 0.021094 0.125000 1.000000
0 52 0.657422 0.356944 0.021094 0.125000 1.000000
0 53 0.657422 0.356944 0.021094 0.125000 1.000000
0 54 0.657813 0.359028 0.021875 0.123611 1.000000
0 55 0.658594 0.356250 0.023438 0.123611 1.000000
0 56 0.660547 0.356250 0.027344 0.123611 1.000000
0 57 0.661328 0.356250 0.028906 0.123611 1.000000
0 58 0.662500 0.354861 0.031250 0.123611 1.000000
0 59 0.663281 0.354861 0.032813 0.123611 1.000000
0 60 0.664062 0.354861 0.034375 0.123611 1.000000
0 61 0.664062 0.354861 0.034375 0.123611 1.000000
0 62 0.664062 0.354861 0.034375 0.123611 1.000000
0 63 0.664062 0.354861 0.034375 0.123611 1.000000
0 64 0.664062 0.354861 0.034375 0.123611 1.000000
0 65 0.665234 0.354861 0.032031 0.123611 1.000000
0 66 0.666016 0.354861 0.030469 0.123611 1.000000
0 67 0.666797 0.356250 0.030469 0.123611 1.000000
0 68 0.668359 0.354861 0.030469 0.123611 1.000000
0 69 0.669922 0.353472 0.030469 0.123611 1.000000
0 70 0.672266 0.353472 0.027344 0.123611 1.000000
0 71 0.674609 0.353472 0.027344 0.123611 1.000000
0 72 0.676562 0.354861 0.025000 0.123611 1.000000
0 73 0.678125 0.354861 0.025000 0.123611 1.000000
0 74 0.678125 0.354861 0.025000 0.123611 1.000000
0 75 0.678906 0.354861 0.026562 0.123611 1.000000
0 76 0.679688 0.354861 0.028125 0.123611 1.000000
0 77 0.680469 0.354861 0.028125 0.123611 1.000000
0 78 0.681250 0.356250 0.028125 0.123611 1.000000
0 79 0.682031 0.355556 0.029687 0.122222 1.000000
0 80 0.682422 0.355556 0.030469 0.122222 1.000000
0 81 0.682813 0.354861 0.031250 0.120833 1.000000
0 82 0.683594 0.354861 0.029687 0.120833 1.000000
0 83 0.685156 0.352778 0.028125 0.122222 1.000000
0 84 0.686719 0.352083 0.026562 0.123611 1.000000
0 85 0.689063 0.351389 0.025000 0.122222 1.000000
0 86 0.691016 0.349306 0.022656 0.120833 1.000000
0 87 0.692578 0.350694 0.022656 0.120833 1.000000
0 88 0.693750 0.350000 0.021875 0.122222 1.000000
0 89 0.694141 0.350000 0.022656 0.122222 1.000000
0 90 0.694922 0.350000 0.022656 0.122222 1.000000
0 91 0.697656 0.348611 0.026562 0.122222 1.000000
0 92 0.700000 0.350000 0.031250 0.122222 1.000000
0 93 0.700781 0.350000 0.032813 0.122222 1.000000
0 94 0.701562 0.350000 0.034375 0.122222 1.000000
0 95 0.701562 0.350000 0.034375 0.122222 1.000000
0 96 0.702344 0.349306 0.032813 0.120833 1.000000
0 97 0.703125 0.350000 0.031250 0.122222 1.000000
0 98 0.703125 0.348611 0.031250 0.122222 1.000000
0 99 0.705469 0.345833 0.029687 0.119444 1.000000
0 100 0.706641 0.345833 0.027344 0.119444 1.000000
0 101 0.708594 0.345139 0.026562 0.120833 1.000000
0 102 0.710547 0.344444 0.024219 0.122222 1.000000
0 103 0.712109 0.344444 0.022656 0.122222 1.000000
0 104 0.713672 0.344444 0.021094 0.122222 1.000000
0 105 0.715625 0.344444 0.023438 0.122222 1.000000
0 106 0.717969 0.344444 0.025000 0.122222 1.000000
0 107 0.719531 0.344444 0.026562 0.122222 1.000000
0 108 0.720313 0.345139 0.028125 0.123611 1.000000
0 109 0.721484 0.345139 0.030469 0.123611 1.000000
0 110 0.721484 0.345139 0.030469 0.123611 1.000000
0 111 0.723047 0.343750 0.030469 0.123611 1.000000
0 112 0.723047 0.343750 0.030469 0.123611 1.000000
0 113 0.724609 0.343750 0.030469 0.123611 1.000000
0 114 0.725781 0.343056 0.028125 0.122222 1.000000
0 115 0.726562 0.342361 0.026562 0.120833 1.000000
0 116 0.728516 0.343056 0.024219 0.122222 1.000000
0 117 0.730469 0.342361 0.021875 0.123611 1.000000
0 118 0.732812 0.340972 0.021875 0.123611 1.000000
0 119 0.733594 0.342361 0.021875 0.123611 1.000000
0 120 0.733594 0.343750 0.021875 0.120833 1.000000
0 121 0.735547 0.343056 0.027344 0.119444 1.000000
0 122 0.737891 0.344444 0.030469 0.119444 1.000000
0 123 0.739453 0.346528 0.033594 0.120833 1.000000
0 124 0.741016 0.345833 0.033594 0.119444 1.000000
0 125 0.742188 0.345833 0.034375 0.119444 1.000000
0 126 0.744922 0.346528 0.035156 0.118056 1.000000
0 127 0.746484 0.347917 0.033594 0.118056 1.000000
0 128 0.750000 0.348611 0.031250 0.119444 1.000000
0 129 0.755469 0.348611 0.028125 0.122222 1.000000
0 130 0.762891 0.348611 0.025781 0.119444 1.000000
0 131 0.768359 0.348611 0.025781 0.122222 1.000000
0 132 0.775391 0.348611 0.025781 0.122222 1.000000
0 133 0.785547 0.349306 0.022656 0.120833 1.000000
0 134 0.792188 0.350000 0.023438 0.122222 1.000000
0 135 0.799219 0.350000 0.026562 0.122222 1.000000
0 136 0.809375 0.350694 0.032813 0.123611 1.000000
0 137 0.818750 0.352778 0.034375 0.125000 1.000000
0 138 0.826172 0.354167 0.038281 0.122222 1.000000
0 139 0.833984 0.356250 0.036719 0.120833 1.000000
0 140 0.841797 0.357639 0.038281 0.120833 1.000000
0 141 0.849609 0.357639 0.038281 0.120833 1.000000
0 142 0.858594 0.359028 0.037500 0.123611 1.000000
0 143 0.867969 0.359028 0.037500 0.123611 1.000000
0 144 0.877344 0.358333 0.037500 0.122222 1.000000
0 145 0.884375 0.361111 0.040625 0.122222 1.000000
0 146 0.893750 0.361806 0.037500 0.120833 1.000000
0 147 0.903516 0.362500 0.035156 0.125000 1.000000
0 148 0.913281 0.362500 0.032813 0.125000 1.000000
0 149 0.921094 0.365278 0.029687 0.125000 1.000000
0 150 0.928906 0.365278 0.029687 0.125000 1.000000
0 151 0.936719 0.368056 0.029687 0.127778 1.000000
0 152 0.943750 0.369444 0.029687 0.127778 1.000000
0 153 0.951562 0.370833 0.029687 0.127778 1.000000
0 154 0.957812 0.375000 0.029687 0.127778 1.000000
0 155 0.964844 0.375000 0.029687 0.127778 1.000000
0 156 0.971094 0.377778 0.031250 0.125000 1.000000
0 157 0.978125 0.379167 0.031250 0.125000 1.000000
0 158 0.985156 0.379861 0.029687 0.126389 1.000000
0 159 0.989062 0.379861 0.021875 0.126389 1.000000
0 160 0.992969 0.381250 0.014063 0.129167 1.000000
0 234 0.994531 0.520833 0.010937 0.069444 1.000000
0 235 0.994922 0.541667 0.010156 0.113889 1.000000
0 236 0.993750 0.536806 0.012500 0.126389 1.000000
0 237 0.992188 0.536806 0.015625 0.126389 1.000000
0 238 0.989844 0.534722 0.020313 0.125000 1.000000
0 239 0.987109 0.533333 0.025781 0.130556 1.000000
0 240 0.985156 0.531944 0.026562 0.130556 1.000000
0 241 0.980469 0.528472 0.026562 0.131944 1.000000
0 242 0.975781 0.529861 0.026562 0.131944 1.000000
0 243 0.970313 0.527083 0.026562 0.131944 1.000000
0 244 0.964063 0.525000 0.029687 0.125000 1.000000
0 245 0.958594 0.523611 0.029687 0.125000 1.000000
0 246 0.952734 0.525000 0.032031 0.127778 1.000000
0 247 0.948047 0.523611 0.032031 0.127778 1.000000
0 248 0.944141 0.522222 0.032031 0.127778 1.000000
0 249 0.937500 0.519444 0.031250 0.130556 1.000000
0 250 0.932813 0.519444 0.031250 0.133333 1.000000
0 251 0.927344 0.519444 0.031250 0.133333 1.000000
0 252 0.922656 0.518056 0.031250 0.133333 1.000000
0 253 0.917969 0.516667 0.031250 0.127778 1.000000
0 254 0.913281 0.515278 0.031250 0.122222 1.000000
0 255 0.907813 0.513889 0.029687 0.122222 1.000000
0 256 0.901953 0.513889 0.027344 0.125000 1.000000
0 257 0.895703 0.512500 0.027344 0.125000 1.000000
0 258 0.889844 0.508333 0.029687 0.127778 1.000000
0 259 0.884766 0.509028 0.032031 0.129167 1.000000
0 260 0.875781 0.506944 0.032813 0.130556 1.000000
0 261 0.870313 0.506250 0.034375 0.126389 1.000000
0 262 0.863281 0.504167 0.035937 0.122222 1.000000
0 263 0.856250 0.505556 0.035937 0.122222 1.000000
0 264 0.848437 0.504861 0.032813 0.120833 1.000000
0 265 0.840625 0.504167 0.031250 0.122222 1.000000
0 266 0.835156 0.502778 0.029687 0.125000 1.000000
0 267 0.829297 0.500000 0.028906 0.127778 1.000000
0 268 0.823047 0.500000 0.028906 0.127778 1.000000
0 269 0.817578 0.497222 0.028906 0.127778 1.000000
0 270 0.810547 0.497222 0.028906 0.127778 1.000000
0 271 0.804297 0.496528 0.027344 0.123611 1.000000
0 272 0.798047 0.497917 0.027344 0.123611 1.000000
0 273 0.791797 0.495833 0.025781 0.125000 1.000000
0 274 0.785937 0.494444 0.025000 0.125000 1.000000
0 275 0.778906 0.493056 0.023438 0.125000 1.000000
0 276 0.774219 0.491667 0.025000 0.127778 1.000000
0 277 0.768359 0.489583 0.027344 0.129167 1.000000
0 278 0.761719 0.488889 0.029687 0.127778 1.000000
0 279 0.757812 0.488194 0.028125 0.126389 1.000000
0 280 0.750391 0.488889 0.030469 0.122222 1.000000
0 281 0.744922 0.486111 0.030469 0.122222 1.000000
0 282 0.737109 0.486111 0.030469 0.122222 1.000000
0 283 0.733203 0.486111 0.030469 0.122222 1.000000
0 284 0.729688 0.485417 0.028125 0.126389 1.000000
0 285 0.725000 0.483333 0.026562 0.127778 1.000000
0 286 0.720313 0.483333 0.026562 0.127778 1.000000
0 287 0.716406 0.481944 0.026562 0.127778 1.000000
0 288 0.712500 0.483333 0.026562 0.127778 1.000000
0 289 0.707812 0.480556 0.025000 0.122222 1.000000
0 290 0.704688 0.480556 0.023438 0.122222 1.000000
0 291 0.700781 0.480556 0.023438 0.122222 1.000000
0 292 0.696875 0.479167 0.023438 0.125000 1.000000
0 293 0.692969 0.476389 0.023438 0.127778 1.000000
0 294 0.688281 0.475000 0.023438 0.127778 1.000000
0 295 0.683594 0.472917 0.025000 0.129167 1.000000
0 296 0.681250 0.472222 0.028125 0.127778 1.000000
0 297 0.675391 0.470833 0.028906 0.125000 1.000000
0 298 0.671484 0.470833 0.030469 0.119444 1.000000
0 299 0.666797 0.470833 0.030469 0.119444 1.000000
0 300 0.662891 0.470833 0.030469 0.122222 1.000000
0 301 0.659375 0.468750 0.028125 0.123611 1.000000
0 302 0.654687 0.467361 0.028125 0.126389 1.000000
0 303 0.652344 0.465972 0.026562 0.129167 1.000000
0 304 0.648438 0.465278 0.026562 0.130556 1.000000
0 305 0.644531 0.465278 0.026562 0.130556 1.000000
0 306 0.641406 0.466667 0.026562 0.127778 1.000000
0 307 0.637500 0.464583 0.026562 0.123611 1.000000
0 308 0.634375 0.463194 0.026562 0.120833 1.000000
0 309 0.630469 0.463889 0.023438 0.122222 1.000000
0 310 0.626563 0.462500 0.023438 0.122222 1.000000
0 311 0.622656 0.461111 0.023438 0.122222 1.000000
0 312 0.618750 0.460417 0.023438 0.126389 1.000000
0 313 0.614062 0.458333 0.025000 0.127778 1.000000
0 314 0.610938 0.458333 0.026562 0.127778 1.000000
0 315 0.608594 0.457639 0.026562 0.123611 1.000000
0 316 0.603125 0.459028 0.028125 0.120833 1.000000
0 317 0.600000 0.458333 0.028125 0.119444 1.000000
0 318 0.596094 0.456944 0.028125 0.119444 1.000000
0 319 0.593750 0.456944 0.028125 0.119444 1.000000
0 320 0.591016 0.456250 0.027344 0.118056 1.000000
0 321 0.588672 0.456250 0.027344 0.118056 1.000000
0 322 0.586328 0.454861 0.027344 0.115278 1.000000
0 323 0.584375 0.455556 0.028125 0.113889 1.000000
0 324 0.581641 0.456944 0.032031 0.111111 1.000000
0 325 0.580078 0.456944 0.035156 0.111111 1.000000
0 326 0.575000 0.456944 0.040625 0.111111 1.000000
0 327 0.572656 0.456944 0.045312 0.111111 1.000000
0 328 0.571875 0.455556 0.048438 0.111111 1.000000
0 329 0.570312 0.452778 0.050000 0.111111 1.000000
0 330 0.566406 0.452778 0.054688 0.113889 1.000000
0 331 0.560937 0.450694 0.051562 0.115278 1.000000
0 332 0.555859 0.450000 0.046094 0.119444 1.000000
0 333 0.550781 0.448611 0.042188 0.119444 1.000000
0 334 0.545312 0.445833 0.035937 0.122222 1.000000
0 335 0.541406 0.444444 0.032813 0.125000 1.000000
0 336 0.539062 0.443056 0.032813 0.125000 1.000000
0 337 0.535156 0.442361 0.029687 0.123611 1.000000
0 338 0.533203 0.443056 0.028906 0.122222 1.000000
0 339 0.528125 0.444444 0.029687 0.122222 1.000000
0 340 0.521875 0.443056 0.035937 0.119444 1.000000
0 341 0.516406 0.445139 0.039062 0.118056 1.000000
0 342 0.513281 0.445139 0.039062 0.118056 1.000000
0 343 0.510938 0.443056 0.037500 0.119444 1.000000
0 344 0.509375 0.441667 0.037500 0.119444 1.000000
0 345 0.507031 0.440972 0.034375 0.120833 1.000000
0 346 0.502734 0.440278 0.027344 0.122222 1.000000
0 347 0.498437 0.438889 0.028125 0.122222 1.000000
0 348 0.495312 0.437500 0.028125 0.122222 1.000000
0 349 0.489844 0.437500 0.028125 0.122222 1.000000
0 350 0.483984 0.438889 0.033594 0.119444 1.000000
0 351 0.477734 0.440278 0.039844 0.116667 1.000000
0 352 0.472656 0.441667 0.042188 0.113889 1.000000
0 353 0.469531 0.443056 0.042188 0.113889 1.000000
0 354 0.466797 0.441667 0.038281 0.111111 1.000000
0 355 0.464062 0.441667 0.037500 0.111111 1.000000
0 356 0.460547 0.441667 0.036719 0.108333 1.000000
0 357 0.458203 0.440972 0.035156 0.109722 1.000000
0 358 0.456250 0.440278 0.032813 0.113889 1.000000
0 359 0.453906 0.437500 0.032813 0.116667 1.000000
0 360 0.452344 0.435417 0.031250 0.118056 1.000000
0 361 0.450781 0.434028 0.032813 0.118056 1.000000
0 362 0.448437 0.431250 0.032813 0.118056 1.000000
0 363 0.446875 0.428472 0.032813 0.118056 1.000000
0 364 0.445312 0.429167 0.032813 0.119444 1.000000
0 365 0.443359 0.427778 0.033594 0.116667 1.000000
0 366 0.441016 0.427778 0.032031 0.116667 1.000000
0 367 0.441016 0.427778 0.032031 0.116667 1.000000
0 368 0.440234 0.425000 0.030469 0.116667 1.000000
0 369 0.439453 0.427083 0.028906 0.115278 1.000000
0 370 0.439453 0.427083 0.028906 0.115278 1.000000
0 371 0.436719 0.429167 0.029687 0.113889 1.000000
0 372 0.435937 0.427778 0.031250 0.116667 1.000000
0 373 0.437500 0.427778 0.034375 0.116667 1.000000
0 374 0.437500 0.427778 0.037500 0.116667 1.000000
0 375 0.437891 0.426389 0.035156 0.113889 1.000000
0 376 0.437891 0.426389 0.035156 0.113889 1.000000
0 377 0.438672 0.426389 0.035156 0.113889 1.000000
0 378 0.440234 0.425000 0.033594 0.116667 1.000000
0 379 0.441797 0.423611 0.032031 0.116667 1.000000
0 380 0.444531 0.421528 0.029687 0.118056 1.000000
0 381 0.447656 0.420833 0.026562 0.119444 1.000000
0 382 0.450391 0.421528 0.022656 0.120833 1.000000
0 383 0.450781 0.419444 0.023438 0.119444 1.000000
0 384 0.451562 0.418750 0.025000 0.118056 1.000000
0 385 0.454297 0.418056 0.030469 0.116667 1.000000
0 386 0.457031 0.416667 0.035937 0.113889 1.000000
0 387 0.457813 0.414583 0.037500 0.115278 1.000000
0 388 0.458984 0.412500 0.039844 0.113889 1.000000
0 389 0.458984 0.408333 0.039844 0.116667 1.000000
0 390 0.460156 0.405556 0.039062 0.116667 1.000000
0 391 0.461719 0.400000 0.037500 0.116667 1.000000
0 392 0.464062 0.395833 0.034375 0.119444 1.000000
0 393 0.466406 0.390278 0.031250 0.116667 1.000000
0 394 0.469531 0.384722 0.028125 0.119444 1.000000
0 395 0.472656 0.381944 0.026562 0.122222 1.000000
0 396 0.475781 0.380556 0.023438 0.119444 1.000000
0 397 0.476953 0.377083 0.025781 0.120833 1.000000
0 398 0.478906 0.376389 0.026562 0.119444 1.000000
0 399 0.482812 0.375000 0.034375 0.116667 1.000000
0 400 0.485156 0.371528 0.039062 0.115278 1.000000
0 401 0.485938 0.370139 0.040625 0.112500 1.000000
0 402 0.486719 0.370139 0.040625 0.112500 1.000000
0 403 0.488281 0.365972 0.040625 0.112500 1.000000
0 404 0.489844 0.362500 0.037500 0.113889 1.000000
0 405 0.492969 0.358333 0.035937 0.111111 1.000000
0 406 0.497656 0.354167 0.035937 0.113889 1.000000
0 407 0.502344 0.347222 0.035937 0.113889 1.000000
0 408 0.507422 0.343056 0.032031 0.113889 1.000000
0 409 0.510156 0.338889 0.031250 0.116667 1.000000
0 410 0.510938 0.332639 0.032813 0.115278 1.000000
0 411 0.513281 0.327778 0.034375 0.116667 1.000000
0 412 0.514844 0.323611 0.034375 0.119444 1.000000
0 413 0.516797 0.320833 0.033594 0.122222 1.000000
0 414 0.519141 0.313889 0.032031 0.116667 1.000000
0 415 0.522266 0.309028 0.028906 0.115278 1.000000
0 416 0.524609 0.302778 0.024219 0.116667 1.000000
0 417 0.528516 0.294444 0.024219 0.116667 1.000000
0 418 0.529297 0.286111 0.025781 0.116667 1.000000
0 419 0.530469 0.278472 0.028125 0.120833 1.000000
0 420 0.532813 0.272917 0.031250 0.120833 1.000000
0 421 0.534766 0.268750 0.035156 0.120833 1.000000
0 422 0.535156 0.261111 0.034375 0.122222 1.000000
0 423 0.537891 0.256250 0.033594 0.120833 1.000000
0 424 0.541016 0.252083 0.033594 0.120833 1.000000
0 425 0.544922 0.245833 0.033594 0.119444 1.000000
0 426 0.548438 0.238889 0.031250 0.116667 1.000000
0 427 0.550000 0.234722 0.029687 0.119444 1.000000
0 428 0.551953 0.229167 0.028906 0.125000 1.000000
0 429 0.551953 0.226389 0.028906 0.125000 1.000000
0 430 0.552734 0.223611 0.028906 0.125000 1.000000
0 431 0.553516 0.222222 0.027344 0.122222 1.000000
0 432 0.555078 0.219444 0.025781 0.122222 1.000000
0 433 0.556250 0.215278 0.025000 0.119444 1.000000
0 434 0.558594 0.211806 0.023438 0.118056 1.000000
0 435 0.559375 0.207639 0.023438 0.118056 1.000000
0 436 0.560156 0.202778 0.023438 0.122222 1.000000
0 437 0.560156 0.198611 0.021875 0.122222 1.000000
0 438 0.561328 0.195833 0.025781 0.125000 1.000000
0 439 0.561328 0.193056 0.027344 0.125000 1.000000
0 440 0.560156 0.191667 0.026562 0.127778 1.000000
0 441 0.560937 0.188889 0.028125 0.125000 1.000000
0 442 0.561328 0.186806 0.028906 0.123611 1.000000
0 443 0.560156 0.183333 0.029687 0.119444 1.000000
0 444 0.557813 0.180556 0.028125 0.122222 1.000000
0 445 0.556250 0.176389 0.028125 0.122222 1.000000
0 446 0.553906 0.175000 0.026562 0.125000 1.000000
0 447 0.552344 0.172222 0.026562 0.127778 1.000000
0 448 0.550781 0.172222 0.026562 0.127778 1.000000
0 449 0.549219 0.170833 0.026562 0.127778 1.000000
0 450 0.546094 0.170833 0.026562 0.125000 1.000000
0 451 0.543750 0.170833 0.026562 0.125000 1.000000
0 452 0.541797 0.168056 0.024219 0.122222 1.000000
0 453 0.539453 0.165278 0.024219 0.122222 1.000000
0 454 0.537109 0.163889 0.024219 0.122222 1.000000
0 455 0.534766 0.161111 0.024219 0.125000 1.000000
0 456 0.531641 0.159028 0.022656 0.126389 1.000000
0 457 0.528516 0.157639 0.022656 0.126389 1.000000
0 458 0.526172 0.155556 0.024219 0.125000 1.000000
0 459 0.523828 0.154861 0.025781 0.123611 1.000000
0 460 0.520703 0.154167 0.025781 0.122222 1.000000
0 461 0.516797 0.152778 0.025781 0.122222 1.000000
0 462 0.513281 0.150000 0.028125 0.122222 1.000000
0 463 0.508594 0.147222 0.026562 0.122222 1.000000
0 464 0.504297 0.145139 0.025781 0.123611 1.000000
0 465 0.498828 0.143750 0.025781 0.123611 1.000000
0 466 0.494141 0.143750 0.025781 0.123611 1.000000
0 467 0.489844 0.143750 0.025000 0.126389 1.000000
0 468 0.484375 0.145139 0.025000 0.126389 1.000000
0 469 0.478125 0.143056 0.025000 0.122222 1.000000
0 470 0.471875 0.143056 0.025000 0.122222 1.000000
0 471 0.467187 0.141667 0.025000 0.122222 1.000000
0 472 0.463281 0.138889 0.025000 0.122222 1.000000
0 473 0.457813 0.136111 0.025000 0.122222 1.000000
0 474 0.453125 0.138889 0.023438 0.122222 1.000000
0 475 0.449219 0.138889 0.021875 0.122222 1.000000
0 476 0.444531 0.140278 0.021875 0.122222 1.000000
0 477 0.441016 0.140278 0.024219 0.119444 1.000000
0 478 0.435937 0.143056 0.023438 0.119444 1.000000
0 479 0.430469 0.141667 0.025000 0.116667 1.000000
0 480 0.425781 0.141667 0.025000 0.116667 1.000000
0 481 0.421094 0.140278 0.025000 0.119444 1.000000
0 482 0.416406 0.138889 0.025000 0.119444 1.000000
0 483 0.412500 0.140972 0.025000 0.123611 1.000000
0 484 0.407813 0.140972 0.025000 0.123611 1.000000
0 485 0.403906 0.142361 0.025000 0.123611 1.000000
0 486 0.398438 0.145139 0.025000 0.123611 1.000000
0 487 0.395313 0.146528 0.025000 0.120833 1.000000
0 488 0.392188 0.147917 0.025000 0.118056 1.000000
0 489 0.389453 0.147917 0.022656 0.118056 1.000000
0 490 0.387109 0.149306 0.022656 0.118056 1.000000
0 491 0.384766 0.150694 0.022656 0.118056 1.000000
0 492 0.382031 0.152083 0.021875 0.120833 1.000000
0 493 0.379688 0.154861 0.021875 0.120833 1.000000
0 494 0.378125 0.156944 0.021875 0.119444 1.000000
0 495 0.376563 0.160417 0.023438 0.118056 1.000000
0 496 0.373047 0.162500 0.024219 0.116667 1.000000
0 497 0.369922 0.163889 0.024219 0.116667 1.000000
0 498 0.366797 0.166667 0.024219 0.116667 1.000000
0 499 0.363672 0.166667 0.024219 0.116667 1.000000
0 500 0.360547 0.168056 0.024219 0.119444 1.000000
0 501 0.356641 0.170833 0.024219 0.119444 1.000000
0 502 0.353516 0.173611 0.024219 0.119444 1.000000
0 503 0.349609 0.176389 0.025781 0.119444 1.000000
0 504 0.345703 0.179167 0.025781 0.119444 1.000000
0 505 0.342578 0.180556 0.025781 0.119444 1.000000
0 506 0.337891 0.181944 0.025781 0.119444 1.000000
0 507 0.334375 0.180556 0.025000 0.116667 1.000000
0 508 0.328906 0.180556 0.023438 0.116667 1.000000
0 509 0.324219 0.181944 0.023438 0.116667 1.000000
0 510 0.319141 0.184028 0.022656 0.118056 1.000000
0 511 0.312891 0.186806 0.022656 0.118056 1.000000
0 512 0.306641 0.188194 0.022656 0.118056 1.000000
0 513 0.300391 0.189583 0.022656 0.118056 1.000000
0 514 0.294141 0.192361 0.022656 0.118056 1.000000
0 515 0.286328 0.195139 0.022656 0.118056 1.000000
0 516 0.277734 0.197917 0.022656 0.112500 1.000000
0 517 0.269141 0.197917 0.022656 0.112500 1.000000
0 518 0.260547 0.197917 0.022656 0.112500 1.000000
0 519 0.251953 0.197917 0.022656 0.112500 1.000000
0 520 0.242578 0.200694 0.022656 0.112500 1.000000
0 521 0.231641 0.200694 0.022656 0.112500 1.000000
0 522 0.223828 0.202083 0.022656 0.112500 1.000000
0 523 0.212500 0.202778 0.025000 0.111111 1.000000
0 524 0.203125 0.206944 0.025000 0.113889 1.000000
0 525 0.192188 0.209028 0.028125 0.115278 1.000000
0 526 0.181250 0.210417 0.028125 0.115278 1.000000
0 527 0.169141 0.211111 0.025781 0.119444 1.000000
0 528 0.157812 0.213889 0.028125 0.119444 1.000000
0 529 0.146094 0.215278 0.028125 0.119444 1.000000
0 530 0.133594 0.215278 0.028125 0.119444 1.000000
0 531 0.121875 0.215278 0.028125 0.119444 1.000000
0 532 0.109375 0.216667 0.025000 0.119444 1.000000
0 533 0.096484 0.216667 0.027344 0.119444 1.000000
0 534 0.087109 0.218056 0.028906 0.119444 1.000000
0 535 0.077344 0.220833 0.031250 0.119444 1.000000
0 536 0.068750 0.223611 0.031250 0.119444 1.000000
0 537 0.060937 0.225000 0.031250 0.119444 1.000000
0 538 0.053906 0.226389 0.031250 0.119444 1.000000
0 539 0.047656 0.226389 0.031250 0.119444 1.000000
0 540 0.043750 0.225000 0.028125 0.119444 1.000000
0 541 0.040234 0.226389 0.027344 0.122222 1.000000
0 542 0.037891 0.226389 0.027344 0.122222 1.000000
0 543 0.037109 0.226389 0.027344 0.122222 1.000000
0 544 0.037109 0.226389 0.027344 0.122222 1.000000
0 545 0.038672 0.227778 0.027344 0.122222 1.000000
0 546 0.039453 0.230556 0.027344 0.122222 1.000000
0 547 0.041406 0.233333 0.026562 0.122222 1.000000
0 548 0.044531 0.236111 0.026562 0.122222 1.000000
0 549 0.047656 0.236111 0.026562 0.122222 1.000000
0 550 0.052344 0.238889 0.026562 0.122222 1.000000
0 551 0.057031 0.238889 0.026562 0.122222 1.000000
0 552 0.063281 0.238889 0.026562 0.122222 1.000000
0 553 0.071094 0.240278 0.028125 0.122222 1.000000
0 554 0.078125 0.241667 0.028125 0.122222 1.000000
0 555 0.086719 0.241667 0.028125 0.122222 1.000000
0 556 0.094531 0.241667 0.028125 0.122222 1.000000
0 557 0.104688 0.244444 0.028125 0.122222 1.000000
0 558 0.114062 0.245833 0.028125 0.122222 1.000000
0 559 0.123438 0.247917 0.028125 0.118056 1.000000
0 560 0.132812 0.250694 0.028125 0.118056 1.000000
0 561 0.143750 0.252083 0.028125 0.118056 1.000000
0 562 0.154688 0.253472 0.028125 0.118056 1.000000
0 563 0.164844 0.256250 0.028125 0.118056 1.000000
0 564 0.173437 0.256250 0.028125 0.118056 1.000000
0 565 0.182812 0.259028 0.028125 0.118056 1.000000
0 566 0.192969 0.259028 0.028125 0.118056 1.000000
0 567 0.201563 0.260417 0.028125 0.118056 1.000000
0 568 0.211328 0.260417 0.028906 0.118056 1.000000
0 569 0.220312 0.262500 0.029687 0.122222 1.000000
0 570 0.227734 0.265278 0.033594 0.122222 1.000000
0 571 0.237109 0.266667 0.033594 0.122222 1.000000
0 572 0.244922 0.269444 0.033594 0.122222 1.000000
0 573 0.250781 0.270833 0.035937 0.119444 1.000000
0 574 0.260156 0.273611 0.034375 0.119444 1.000000
0 575 0.266406 0.275000 0.034375 0.119444 1.000000
0 576 0.274219 0.277778 0.031250 0.122222 1.000000
0 577 0.280469 0.277778 0.031250 0.122222 1.000000
0 578 0.287500 0.279167 0.029687 0.122222 1.000000
0 579 0.293750 0.279167 0.029687 0.122222 1.000000
0 580 0.300000 0.280556 0.028125 0.122222 1.000000
0 581 0.306250 0.280556 0.028125 0.122222 1.000000
0 582 0.312109 0.280556 0.025781 0.122222 1.000000
0 583 0.317969 0.283333 0.023438 0.122222 1.000000
0 584 0.324219 0.282639 0.023438 0.120833 1.000000
0 585 0.329688 0.285417 0.023438 0.120833 1.000000
0 586 0.336719 0.286806 0.023438 0.120833 1.000000
0 587 0.344531 0.288194 0.023438 0.120833 1.000000
0 588 0.353516 0.288194 0.025781 0.120833 1.000000
0 589 0.362891 0.288194 0.025781 0.120833 1.000000
0 590 0.372266 0.288194 0.025781 0.120833 1.000000
0 591 0.383984 0.288194 0.025781 0.120833 1.000000
0 592 0.394922 0.288194 0.025781 0.120833 1.000000
0 593 0.409766 0.288194 0.025781 0.120833 1.000000
0 594 0.422266 0.288194 0.025781 0.120833 1.000000
0 595 0.436328 0.288194 0.025781 0.120833 1.000000
0 596 0.450000 0.289583 0.028125 0.123611 1.000000
0 597 0.463281 0.290972 0.029687 0.123611 1.000000
0 598 0.478906 0.290972 0.029687 0.123611 1.000000
0 599 0.494531 0.292361 0.029687 0.123611 1.000000
0 600 0.508984 0.295139 0.032031 0.123611 1.000000
0 601 0.523828 0.296528 0.032031 0.123611 1.000000
0 602 0.537891 0.296528 0.030469 0.123611 1.000000
0 603 0.552734 0.295139 0.030469 0.123611 1.000000
0 604 0.566016 0.296528 0.030469 0.123611 1.000000
0 605 0.580078 0.296528 0.030469 0.123611 1.000000
0 606 0.594141 0.299306 0.030469 0.123611 1.000000
0 607 0.606641 0.299306 0.030469 0.123611 1.000000
0 608 0.619922 0.302083 0.030469 0.123611 1.000000
0 609 0.631641 0.303472 0.030469 0.123611 1.000000
0 610 0.641797 0.306250 0.030469 0.123611 1.000000
0 611 0.657422 0.307639 0.030469 0.123611 1.000000
0 612 0.669141 0.307639 0.030469 0.123611 1.000000
0 613 0.681641 0.308333 0.032031 0.122222 1.000000
0 614 0.694141 0.311111 0.032031 0.125000 1.000000
0 615 0.705859 0.310417 0.033594 0.123611 1.000000
0 616 0.718750 0.311111 0.034375 0.122222 1.000000
0 617 0.731250 0.312500 0.032813 0.125000 1.000000
0 618 0.742188 0.315278 0.032813 0.125000 1.000000
0 619 0.756250 0.313889 0.031250 0.125000 1.000000
0 620 0.767969 0.315278 0.031250 0.125000 1.000000
0 621 0.778125 0.318750 0.028125 0.123611 1.000000
0 622 0.790625 0.320139 0.028125 0.123611 1.000000
0 623 0.800000 0.322917 0.028125 0.123611 1.000000
0 624 0.808984 0.323611 0.030469 0.122222 1.000000
0 625 0.815625 0.325000 0.031250 0.122222 1.000000
0 626 0.823828 0.327778 0.032031 0.125000 1.000000
0 627 0.830078 0.329167 0.032031 0.125000 1.000000
0 628 0.837109 0.331944 0.032031 0.125000 1.000000
0 629 0.844141 0.333333 0.032031 0.125000 1.000000
0 630 0.849219 0.333333 0.031250 0.122222 1.000000
0 631 0.855859 0.333333 0.028906 0.125000 1.000000
0 632 0.862500 0.333333 0.026562 0.127778 1.000000
0 633 0.867188 0.334722 0.026562 0.127778 1.000000
0 634 0.872656 0.334722 0.026562 0.127778 1.000000
0 635 0.876563 0.334722 0.026562 0.127778 1.000000
0 636 0.880469 0.336111 0.026562 0.127778 1.000000
0 637 0.885156 0.335417 0.029687 0.126389 1.000000
0 638 0.888281 0.335417 0.029687 0.126389 1.000000
0 639 0.890625 0.336806 0.029687 0.129167 1.000000
0 640 0.893750 0.336806 0.029687 0.129167 1.000000
0 641 0.895312 0.336806 0.029687 0.129167 1.000000
0 642 0.896875 0.335417 0.029687 0.129167 1.000000
0 643 0.899219 0.335417 0.031250 0.126389 1.000000
0 644 0.899219 0.335417 0.032813 0.126389 1.000000
0 645 0.900000 0.335417 0.032813 0.126389 1.000000
0 646 0.901563 0.336111 0.032813 0.127778 1.000000
0 647 0.903906 0.335417 0.029687 0.129167 1.000000
0 648 0.905469 0.334028 0.029687 0.129167 1.000000
0 649 0.906250 0.334028 0.029687 0.129167 1.000000
0 650 0.907031 0.332639 0.029687 0.129167 1.000000
0 651 0.908594 0.334028 0.029687 0.129167 1.000000
0 652 0.909375 0.332639 0.029687 0.129167 1.000000
0 653 0.910547 0.331944 0.030469 0.130556 1.000000
0 654 0.912109 0.333333 0.033594 0.130556 1.000000
0 655 0.912500 0.332639 0.032813 0.129167 1.000000
0 656 0.913281 0.334028 0.032813 0.129167 1.000000
0 657 0.914062 0.334028 0.031250 0.129167 1.000000
0 658 0.914844 0.333333 0.031250 0.125000 1.000000
0 659 0.915625 0.333333 0.031250 0.130556 1.000000
0 660 0.916406 0.333333 0.029687 0.130556 1.000000
0 661 0.917188 0.334028 0.029687 0.129167 1.000000
0 662 0.917969 0.334028 0.029687 0.129167 1.000000
0 663 0.919922 0.334722 0.027344 0.127778 1.000000
0 664 0.920703 0.335417 0.025781 0.126389 1.000000
0 665 0.923047 0.336111 0.022656 0.127778 1.000000
0 666 0.923828 0.336111 0.022656 0.127778 1.000000
0 667 0.923828 0.338194 0.024219 0.129167 1.000000
0 668 0.925000 0.341667 0.028125 0.127778 1.000000
0 669 0.925781 0.342361 0.031250 0.126389 1.000000
0 670 0.926562 0.343750 0.031250 0.126389 1.000000
0 671 0.927734 0.349306 0.035156 0.126389 1.000000
0 672 0.928125 0.352778 0.037500 0.125000 1.000000
0 673 0.928125 0.356944 0.037500 0.125000 1.000000
0 674 0.928906 0.359722 0.037500 0.125000 1.000000
0 675 0.929688 0.364583 0.035937 0.126389 1.000000
0 676 0.930469 0.368750 0.034375 0.126389 1.000000
0 677 0.933203 0.372917 0.032031 0.129167 1.000000
0 678 0.935156 0.378472 0.029687 0.129167 1.000000
0 679 0.938672 0.384722 0.027344 0.130556 1.000000
0 680 0.939453 0.390972 0.027344 0.129167 1.000000
0 681 0.941797 0.396528 0.027344 0.129167 1.000000
0 682 0.942578 0.403472 0.027344 0.129167 1.000000
0 683 0.944141 0.409028 0.028906 0.129167 1.000000
0 684 0.946875 0.416667 0.031250 0.130556 1.000000
0 685 0.949609 0.423611 0.033594 0.130556 1.000000
0 686 0.951172 0.431944 0.033594 0.130556 1.000000
0 687 0.953516 0.437500 0.033594 0.130556 1.000000
0 688 0.953906 0.444444 0.035937 0.133333 1.000000
0 689 0.955469 0.450000 0.035937 0.130556 1.000000
0 690 0.957031 0.455556 0.035937 0.130556 1.000000
0 691 0.957812 0.459722 0.037500 0.127778 1.000000
0 692 0.960938 0.463889 0.037500 0.127778 1.000000
0 693 0.962500 0.469444 0.037500 0.127778 1.000000
0 694 0.966406 0.475000 0.035937 0.127778 1.000000
0 695 0.967969 0.479167 0.035937 0.130556 1.000000
0 696 0.969531 0.483333 0.035937 0.130556 1.000000
0 697 0.971094 0.487500 0.035937 0.130556 1.000000
0 698 0.972656 0.493056 0.035937 0.130556 1.000000
0 699 0.974219 0.497222 0.035937 0.130556 1.000000
0 700 0.975781 0.501389 0.035937 0.130556 1.000000
0 701 0.977344 0.504167 0.035937 0.130556 1.000000
0 702 0.978125 0.509028 0.037500 0.129167 1.000000
0 703 0.978906 0.511806 0.037500 0.129167 1.000000
0 704 0.979688 0.515972 0.037500 0.129167 1.000000
0 705 0.980469 0.518750 0.037500 0.129167 1.000000
0 706 0.981250 0.520139 0.037500 0.129167 1.000000
0 707 0.982031 0.520139 0.035937 0.129167 1.000000
0 708 0.982422 0.521528 0.035156 0.129167 1.000000
0 709 0.982812 0.522917 0.034375 0.129167 1.000000
0 710 0.983594 0.524306 0.032813 0.129167 1.000000
0 711 0.984375 0.528472 0.031250 0.129167 1.000000
0 712 0.984375 0.531250 0.031250 0.129167 1.000000
0 713 0.984375 0.531250 0.031250 0.129167 1.000000
0 714 0.983203 0.532639 0.033594 0.129167 1.000000
0 715 0.982031 0.534028 0.035937 0.129167 1.000000
0 716 0.980469 0.536806 0.039062 0.129167 1.000000
0 717 0.979688 0.538194 0.040625 0.129167 1.000000
0 718 0.981641 0.538194 0.036719 0.129167 1.000000
0 719 0.983594 0.538194 0.032813 0.129167 1.000000
0 720 0.986328 0.538194 0.027344 0.129167 1.000000
0 721 0.986719 0.536806 0.026562 0.129167 1.000000
0 722 0.986719 0.536806 0.026562 0.129167 1.000000
0 723 0.985156 0.536806 0.026562 0.129167 1.000000
0 724 0.983594 0.537500 0.026562 0.130556 1.000000
0 725 0.981250 0.536111 0.026562 0.130556 1.000000
0 726 0.977344 0.536111 0.026562 0.130556 1.000000
0 727 0.974219 0.534722 0.026562 0.130556 1.000000
0 728 0.971094 0.534722 0.026562 0.130556 1.000000
0 729 0.967187 0.533333 0.026562 0.130556 1.000000
0 730 0.963281 0.531944 0.026562 0.130556 1.000000
0 731 0.958594 0.531944 0.026562 0.130556 1.000000
0 732 0.954688 0.530556 0.026562 0.130556 1.000000
0 733 0.950781 0.529167 0.026562 0.130556 1.000000
0 734 0.946094 0.529167 0.026562 0.130556 1.000000
0 735 0.942578 0.527083 0.027344 0.129167 1.000000
0 736 0.937500 0.525000 0.028125 0.127778 1.000000
0 737 0.932813 0.525694 0.029687 0.129167 1.000000
0 738 0.928906 0.526389 0.031250 0.130556 1.000000
0 739 0.925000 0.525694 0.034375 0.129167 1.000000
0 740 0.919531 0.525000 0.037500 0.130556 1.000000
0 741 0.914844 0.525000 0.037500 0.130556 1.000000
0 742 0.910156 0.523611 0.037500 0.130556 1.000000
0 743 0.906250 0.523611 0.037500 0.130556 1.000000
0 744 0.900781 0.522222 0.042188 0.130556 1.000000
0 745 0.896094 0.520833 0.042188 0.130556 1.000000
0 746 0.893750 0.520833 0.039062 0.130556 1.000000
0 747 0.892188 0.520833 0.035937 0.130556 1.000000
0 748 0.889062 0.520833 0.034375 0.133333 1.000000
0 749 0.884766 0.522222 0.032031 0.133333 1.000000
0 750 0.878906 0.522222 0.032813 0.127778 1.000000
0 751 0.872656 0.520139 0.034375 0.131944 1.000000
0 752 0.867969 0.521528 0.034375 0.131944 1.000000
0 753 0.861719 0.522222 0.035937 0.133333 1.000000
0 754 0.858594 0.522222 0.035937 0.127778 1.000000
0 755 0.852344 0.522222 0.035937 0.127778 1.000000
0 756 0.848437 0.520833 0.035937 0.127778 1.000000
0 757 0.844531 0.523611 0.034375 0.127778 1.000000
0 758 0.841016 0.523611 0.035156 0.125000 1.000000
0 759 0.837109 0.523611 0.032031 0.127778 1.000000
0 760 0.833203 0.522222 0.032031 0.127778 1.000000
0 761 0.829688 0.523611 0.034375 0.127778 1.000000
0 762 0.824609 0.525000 0.039844 0.127778 1.000000
0 763 0.819922 0.525000 0.039844 0.127778 1.000000
0 764 0.814453 0.527083 0.041406 0.126389 1.000000
0 765 0.810547 0.527778 0.044531 0.125000 1.000000
0 766 0.805859 0.526389 0.044531 0.125000 1.000000
0 767 0.805469 0.526389 0.042188 0.127778 1.000000
0 768 0.803125 0.525694 0.039062 0.131944 1.000000
0 769 0.801562 0.525694 0.034375 0.134722 1.000000
0 770 0.800000 0.524306 0.031250 0.137500 1.000000
0 771 0.797656 0.525694 0.031250 0.137500 1.000000
0 772 0.792969 0.527083 0.031250 0.137500 1.000000
0 773 0.789062 0.529861 0.031250 0.137500 1.000000
0 774 0.786328 0.531250 0.032031 0.134722 1.000000
0 775 0.784766 0.533333 0.041406 0.130556 1.000000
0 776 0.782031 0.536111 0.045312 0.133333 1.000000
0 777 0.778516 0.535417 0.047656 0.131944 1.000000
0 778 0.773438 0.536806 0.046875 0.129167 1.000000
0 779 0.768750 0.536806 0.046875 0.129167 1.000000
0 780 0.767578 0.536111 0.046094 0.127778 1.000000
0 781 0.767188 0.533333 0.042188 0.133333 1.000000
0 782 0.767188 0.531944 0.037500 0.136111 1.000000
0 783 0.766406 0.533333 0.032813 0.138889 1.000000
0 784 0.766797 0.531250 0.028906 0.140278 1.000000
0 785 0.765234 0.532639 0.027344 0.143056 1.000000
0 786 0.762109 0.532639 0.027344 0.143056 1.000000
0 787 0.760938 0.533333 0.026562 0.138889 1.000000
0 788 0.761719 0.536806 0.032813 0.140278 1.000000
0 789 0.761719 0.537500 0.035937 0.136111 1.000000
0 790 0.760156 0.539583 0.037500 0.134722 1.000000
0 791 0.757812 0.539583 0.037500 0.134722 1.000000
0 792 0.755078 0.538889 0.039844 0.133333 1.000000
0 793 0.752734 0.538889 0.039844 0.133333 1.000000
0 794 0.750000 0.537500 0.037500 0.133333 1.000000
0 795 0.749219 0.536111 0.034375 0.133333 1.000000
0 796 0.749609 0.534722 0.027344 0.130556 1.000000
0 797 0.748047 0.534722 0.027344 0.133333 1.000000
0 798 0.748047 0.533333 0.027344 0.133333 1.000000
0 799 0.746875 0.534722 0.028125 0.136111 1.000000
0 800 0.746094 0.536111 0.031250 0.136111 1.000000
0 801 0.745313 0.536111 0.031250 0.136111 1.000000
0 802 0.745313 0.536111 0.031250 0.136111 1.000000
0 803 0.744531 0.535417 0.031250 0.134722 1.000000
0 804 0.744531 0.536111 0.031250 0.130556 1.000000
0 805 0.744141 0.536806 0.028906 0.129167 1.000000
0 806 0.742969 0.534722 0.028125 0.125000 1.000000
0 807 0.742188 0.534722 0.026562 0.125000 1.000000
0 808 0.742969 0.533333 0.026562 0.125000 1.000000
0 809 0.743750 0.532639 0.025000 0.129167 1.000000
0 810 0.743750 0.530556 0.025000 0.130556 1.000000
0 811 0.742969 0.529167 0.025000 0.133333 1.000000
0 812 0.742188 0.530556 0.026562 0.133333 1.000000
0 813 0.741406 0.529167 0.028125 0.133333 1.000000
0 814 0.740625 0.528472 0.028125 0.129167 1.000000
0 815 0.740625 0.527778 0.028125 0.125000 1.000000
0 816 0.740625 0.529167 0.028125 0.125000 1.000000
0 817 0.739062 0.530556 0.026562 0.125000 1.000000
0 818 0.737109 0.530556 0.027344 0.127778 1.000000
0 819 0.736719 0.529167 0.028125 0.130556 1.000000
0 820 0.735156 0.529861 0.028125 0.134722 1.000000
0 821 0.733594 0.528472 0.028125 0.134722 1.000000
0 822 0.731250 0.529167 0.028125 0.130556 1.000000
0 823 0.731250 0.529167 0.028125 0.130556 1.000000
0 824 0.729688 0.530556 0.028125 0.127778 1.000000
0 825 0.728125 0.531944 0.026562 0.125000 1.000000
0 826 0.727734 0.532639 0.027344 0.129167 1.000000
0 827 0.727734 0.534028 0.027344 0.129167 1.000000
0 828 0.726172 0.531944 0.030469 0.130556 1.000000
0 829 0.725000 0.531250 0.031250 0.129167 1.000000
0 830 0.725781 0.529861 0.031250 0.123611 1.000000
0 831 0.726562 0.531250 0.031250 0.123611 1.000000
0 832 0.725000 0.532639 0.031250 0.123611 1.000000
0 833 0.721875 0.534028 0.031250 0.123611 1.000000
0 834 0.721875 0.534028 0.031250 0.123611 1.000000
0 835 0.720313 0.531250 0.031250 0.123611 1.000000
0 836 0.720703 0.529167 0.028906 0.125000 1.000000
0 837 0.719922 0.529167 0.028906 0.125000 1.000000
0 838 0.718359 0.525694 0.027344 0.120833 1.000000
0 839 0.717578 0.527083 0.025781 0.120833 1.000000
0 840 0.717578 0.527083 0.025781 0.120833 1.000000
0 841 0.716797 0.527778 0.024219 0.125000 1.000000
0 842 0.716016 0.525000 0.024219 0.125000 1.000000
0 843 0.716797 0.523611 0.024219 0.125000 1.000000
0 844 0.717187 0.523611 0.026562 0.125000 1.000000
0 845 0.715625 0.520833 0.028125 0.119444 1.000000
0 846 0.715625 0.522222 0.028125 0.119444 1.000000
0 847 0.714844 0.522222 0.029687 0.119444 1.000000
0 848 0.714844 0.521528 0.029687 0.120833 1.000000
0 849 0.714844 0.520139 0.029687 0.123611 1.000000
0 850 0.715625 0.518750 0.029687 0.126389 1.000000
0 851 0.716406 0.515278 0.029687 0.119444 1.000000
0 852 0.716406 0.514583 0.029687 0.118056 1.000000
0 853 0.717969 0.515972 0.029687 0.118056 1.000000
0 854 0.717969 0.515278 0.026562 0.119444 1.000000
0 855 0.719531 0.513889 0.026562 0.119444 1.000000
0 856 0.719531 0.512500 0.026562 0.125000 1.000000
0 857 0.720313 0.512500 0.026562 0.125000 1.000000
0 858 0.721875 0.506944 0.026562 0.119444 1.000000
0 859 0.723437 0.503472 0.028125 0.115278 1.000000
0 860 0.724219 0.503472 0.028125 0.115278 1.000000
0 861 0.724219 0.503472 0.028125 0.115278 1.000000
0 862 0.725000 0.504167 0.028125 0.119444 1.000000
0 863 0.725000 0.501389 0.028125 0.122222 1.000000
0 864 0.726562 0.498611 0.028125 0.125000 1.000000
0 865 0.726562 0.493750 0.028125 0.120833 1.000000
0 866 0.726562 0.490278 0.028125 0.116667 1.000000
0 867 0.726562 0.488889 0.028125 0.116667 1.000000
0 868 0.726562 0.490278 0.028125 0.116667 1.000000
0 869 0.726562 0.488889 0.028125 0.116667 1.000000
0 870 0.726562 0.487500 0.028125 0.119444 1.000000
0 871 0.726562 0.486111 0.028125 0.122222 1.000000
0 872 0.726562 0.483333 0.028125 0.122222 1.000000
0 873 0.725781 0.478472 0.028125 0.118056 1.000000
0 874 0.725000 0.476389 0.028125 0.113889 1.000000
0 875 0.723437 0.476389 0.028125 0.113889 1.000000
0 876 0.721094 0.476389 0.028125 0.113889 1.000000
0 877 0.718750 0.477778 0.028125 0.116667 1.000000
0 878 0.715625 0.475000 0.028125 0.116667 1.000000
0 879 0.711719 0.470833 0.028125 0.119444 1.000000
0 880 0.709375 0.468056 0.028125 0.119444 1.000000
0 881 0.707031 0.462500 0.029687 0.113889 1.000000
0 882 0.703906 0.461111 0.029687 0.113889 1.000000
0 883 0.701562 0.462500 0.029687 0.113889 1.000000
0 884 0.699609 0.461111 0.027344 0.113889 1.000000
0 885 0.697266 0.459722 0.027344 0.113889 1.000000
0 886 0.694922 0.458333 0.027344 0.116667 1.000000
0 887 0.692969 0.456944 0.026562 0.119444 1.000000
0 888 0.691406 0.452778 0.026562 0.116667 1.000000
0 889 0.691406 0.448611 0.026562 0.108333 1.000000
0 890 0.689844 0.448611 0.026562 0.108333 1.000000
0 891 0.688281 0.449306 0.026562 0.109722 1.000000
0 892 0.685937 0.450000 0.026562 0.113889 1.000000
0 893 0.685156 0.448611 0.026562 0.113889 1.000000
0 894 0.685156 0.448611 0.026562 0.113889 1.000000
0 895 0.683594 0.443056 0.026562 0.113889 1.000000
0 896 0.682813 0.441667 0.026562 0.111111 1.000000
0 897 0.682031 0.443056 0.026562 0.111111 1.000000
0 898 0.682813 0.443056 0.026562 0.111111 1.000000
0 899 0.682031 0.441667 0.026562 0.111111 1.000000
0 900 0.682813 0.440278 0.025000 0.113889 1.000000
0 901 0.682813 0.437500 0.025000 0.113889 1.000000
0 902 0.683203 0.434028 0.025781 0.109722 1.000000
0 903 0.683203 0.431944 0.030469 0.102778 1.000000
0 904 0.683594 0.431250 0.031250 0.101389 1.000000
0 905 0.683984 0.433333 0.032031 0.102778 1.000000
0 906 0.683203 0.433333 0.032031 0.102778 1.000000
0 907 0.682813 0.431250 0.032813 0.101389 1.000000
0 908 0.681250 0.431944 0.029687 0.102778 1.000000
0 909 0.681250 0.429167 0.029687 0.102778 1.000000
0 910 0.682031 0.429167 0.029687 0.102778 1.000000
0 911 0.680469 0.427778 0.029687 0.102778 1.000000
0 912 0.679688 0.426389 0.031250 0.097222 1.000000
0 913 0.682422 0.427778 0.036719 0.091667 1.000000
0 914 0.683984 0.429861 0.038281 0.093056 1.000000
0 915 0.685937 0.429167 0.040625 0.088889 1.000000
0 916 0.687891 0.429167 0.036719 0.086111 1.000000
0 917 0.690234 0.430556 0.033594 0.086111 1.000000
0 918 0.691016 0.431250 0.030469 0.087500 1.000000
0 919 0.691406 0.432639 0.031250 0.087500 1.000000
0 920 0.690625 0.432639 0.031250 0.087500 1.000000
0 921 0.689844 0.431250 0.031250 0.087500 1.000000
0 922 0.690234 0.431250 0.033594 0.090278 1.000000
0 923 0.688672 0.431250 0.033594 0.090278 1.000000
0 924 0.687891 0.428472 0.033594 0.090278 1.000000
0 925 0.687500 0.428472 0.031250 0.090278 1.000000
0 926 0.686328 0.426389 0.028906 0.097222 1.000000
0 927 0.685937 0.423611 0.028125 0.097222 1.000000
0 928 0.684375 0.423611 0.026562 0.100000 1.000000
0 929 0.683594 0.422222 0.023438 0.102778 1.000000
0 930 0.682031 0.422222 0.023438 0.102778 1.000000
0 931 0.681250 0.420833 0.023438 0.102778 1.000000
0 932 0.681641 0.420833 0.024219 0.100000 1.000000
0 933 0.682813 0.421528 0.026562 0.101389 1.000000
0 934 0.682813 0.422222 0.029687 0.100000 1.000000
0 935 0.682813 0.420833 0.034375 0.100000 1.000000
0 936 0.684375 0.422222 0.034375 0.100000 1.000000
0 937 0.684375 0.423611 0.034375 0.100000 1.000000
0 938 0.687500 0.420833 0.034375 0.100000 1.000000
0 939 0.689063 0.419444 0.031250 0.100000 1.000000
0 940 0.689844 0.418750 0.029687 0.101389 1.000000
0 941 0.691406 0.416667 0.026562 0.100000 1.000000
0 942 0.692187 0.415278 0.025000 0.100000 1.000000
0 943 0.692187 0.413889 0.025000 0.102778 1.000000
0 944 0.693750 0.413889 0.025000 0.102778 1.000000
0 945 0.696875 0.412500 0.025000 0.102778 1.000000
0 946 0.698828 0.413194 0.025781 0.104167 1.000000
0 947 0.700781 0.413889 0.026562 0.105556 1.000000
0 948 0.703125 0.413889 0.028125 0.102778 1.000000
0 949 0.704688 0.415278 0.028125 0.102778 1.000000
0 950 0.707031 0.415278 0.026562 0.105556 1.000000
0 951 0.708594 0.413889 0.026562 0.105556 1.000000
0 952 0.709766 0.413194 0.025781 0.106944 1.000000
0 953 0.713281 0.411806 0.023438 0.106944 1.000000
0 954 0.714063 0.411111 0.021875 0.108333 1.000000
0 955 0.715625 0.409722 0.020313 0.108333 1.000000
0 956 0.716016 0.410417 0.022656 0.109722 1.000000
0 957 0.717578 0.410417 0.022656 0.109722 1.000000
0 958 0.718750 0.412500 0.025000 0.108333 1.000000
0 959 0.719141 0.411111 0.025781 0.105556 1.000000
0 960 0.720703 0.411111 0.025781 0.105556 1.000000
0 961 0.723437 0.412500 0.025000 0.105556 1.000000
0 962 0.724219 0.411806 0.023438 0.106944 1.000000
0 963 0.725000 0.413889 0.021875 0.108333 1.000000
0 964 0.727344 0.413889 0.021875 0.108333 1.000000
0 965 0.728125 0.413889 0.021875 0.108333 1.000000
0 966 0.729688 0.412500 0.021875 0.108333 1.000000
0 967 0.732422 0.413194 0.021094 0.109722 1.000000
0 968 0.732031 0.413889 0.023438 0.111111 1.000000
0 969 0.732812 0.412500 0.025000 0.108333 1.000000
0 970 0.733984 0.413194 0.027344 0.109722 1.000000
0 971 0.734766 0.413194 0.027344 0.109722 1.000000
0 972 0.735547 0.414583 0.027344 0.109722 1.000000
0 973 0.735938 0.415972 0.029687 0.109722 1.000000
0 974 0.737500 0.415972 0.031250 0.109722 1.000000
0 975 0.739062 0.416667 0.031250 0.108333 1.000000
0 976 0.739062 0.418056 0.031250 0.108333 1.000000
0 977 0.739844 0.418056 0.031250 0.108333 1.000000
0 978 0.740625 0.416667 0.031250 0.111111 1.000000
0 979 0.741406 0.416667 0.028125 0.111111 1.000000
0 980 0.742969 0.417361 0.025000 0.112500 1.000000
0 981 0.744141 0.417361 0.022656 0.112500 1.000000
0 982 0.744141 0.416667 0.022656 0.111111 1.000000
0 983 0.744141 0.416667 0.022656 0.111111 1.000000
0 984 0.744141 0.416667 0.022656 0.111111 1.000000
0 985 0.743359 0.418056 0.022656 0.111111 1.000000
0 986 0.743359 0.418056 0.021094 0.108333 1.000000
0 987 0.743359 0.418056 0.021094 0.108333 1.000000
0 988 0.742578 0.418750 0.021094 0.109722 1.000000
0 989 0.741016 0.418750 0.019531 0.109722 1.000000
0 990 0.741016 0.418750 0.019531 0.109722 1.000000
0 991 0.739844 0.419444 0.020313 0.111111 1.000000
0 992 0.739062 0.416667 0.020313 0.111111 1.000000
0 993 0.737891 0.415278 0.022656 0.111111 1.000000
0 994 0.737891 0.415278 0.022656 0.111111 1.000000
0 995 0.735156 0.414583 0.026562 0.112500 1.000000
0 996 0.734375 0.413889 0.026562 0.111111 1.000000
0 997 0.732031 0.414583 0.029687 0.112500 1.000000
0 998 0.731250 0.414583 0.029687 0.112500 1.000000
0 999 0.729688 0.414583 0.031250 0.112500 1.000000
0 1000 0.728125 0.415278 0.031250 0.111111 1.000000
0 1001 0.726562 0.416667 0.031250 0.111111 1.000000
0 1002 0.725781 0.416667 0.031250 0.111111 1.000000
0 1003 0.723437 0.416667 0.031250 0.111111 1.000000
0 1004 0.721094 0.416667 0.031250 0.111111 1.000000
0 1005 0.718750 0.415278 0.031250 0.111111 1.000000
0 1006 0.717187 0.415278 0.031250 0.111111 1.000000
0 1007 0.715234 0.413194 0.028906 0.112500 1.000000
0 1008 0.712500 0.412500 0.026562 0.111111 1.000000
0 1009 0.710938 0.411111 0.025000 0.111111 1.000000
0 1010 0.708203 0.411111 0.024219 0.111111 1.000000
0 1011 0.705469 0.410417 0.023438 0.112500 1.000000
0 1012 0.702344 0.409028 0.023438 0.112500 1.000000
0 1013 0.697656 0.406250 0.023438 0.112500 1.000000
0 1014 0.692969 0.406250 0.023438 0.112500 1.000000
0 1015 0.688281 0.404861 0.023438 0.112500 1.000000
0 1016 0.681641 0.402778 0.025781 0.111111 1.000000
0 1017 0.675391 0.400000 0.025781 0.111111 1.000000
0 1018 0.667578 0.397222 0.025781 0.111111 1.000000
0 1019 0.658594 0.392361 0.026562 0.112500 1.000000
0 1020 0.649219 0.388194 0.026562 0.112500 1.000000
0 1021 0.636719 0.384028 0.026562 0.112500 1.000000
0 1022 0.624219 0.382639 0.026562 0.112500 1.000000
0 1023 0.613281 0.381250 0.026562 0.112500 1.000000
0 1024 0.598437 0.379861 0.028125 0.112500 1.000000
0 1025 0.585547 0.376389 0.028906 0.111111 1.000000
0 1026 0.570703 0.372222 0.028906 0.111111 1.000000
0 1027 0.555859 0.366667 0.028906 0.111111 1.000000
0 1028 0.541797 0.361111 0.028906 0.111111 1.000000
0 1029 0.526563 0.356250 0.031250 0.112500 1.000000
0 1030 0.509766 0.349306 0.030469 0.112500 1.000000
0 1031 0.492578 0.343056 0.030469 0.113889 1.000000
0 1032 0.476953 0.338194 0.027344 0.115278 1.000000
0 1033 0.460547 0.332639 0.027344 0.115278 1.000000
0 1034 0.443359 0.327083 0.027344 0.115278 1.000000
0 1035 0.425000 0.324306 0.028125 0.115278 1.000000
0 1036 0.407031 0.320139 0.028125 0.115278 1.000000
0 1037 0.387500 0.318750 0.028125 0.115278 1.000000
0 1038 0.367188 0.313889 0.031250 0.111111 1.000000
0 1039 0.346094 0.311111 0.029687 0.111111 1.000000
0 1040 0.324219 0.309028 0.029687 0.112500 1.000000
0 1041 0.299219 0.306250 0.031250 0.115278 1.000000
0 1042 0.275000 0.300694 0.031250 0.115278 1.000000
0 1043 0.250000 0.296528 0.031250 0.115278 1.000000
0 1044 0.226562 0.288194 0.031250 0.115278 1.000000
0 1045 0.200781 0.281250 0.031250 0.115278 1.000000
0 1046 0.175000 0.273611 0.029687 0.119444 1.000000
0 1047 0.149219 0.266667 0.029687 0.119444 1.000000
0 1048 0.125781 0.261111 0.029687 0.119444 1.000000
0 1049 0.098437 0.255556 0.031250 0.116667 1.000000
0 1050 0.076172 0.250000 0.033594 0.116667 1.000000
0 1051 0.051953 0.243056 0.038281 0.116667 1.000000
0 1052 0.026953 0.240278 0.038281 0.116667 1.000000
0 1053 0.010156 0.237500 0.020313 0.116667 1.000000
0 1310 0.087500 0.430556 0.031250 0.138889 1.000000
0 1311 0.098437 0.427778 0.031250 0.138889 1.000000
0 1312 0.110156 0.426389 0.031250 0.138889 1.000000
0 1313 0.121094 0.420833 0.029687 0.138889 1.000000
0 1314 0.132812 0.416667 0.031250 0.138889 1.000000
0 1315 0.142187 0.409722 0.028125 0.136111 1.000000
0 1316 0.153906 0.403472 0.029687 0.134722 1.000000
0 1317 0.164062 0.397917 0.031250 0.134722 1.000000
0 1318 0.175391 0.392361 0.033594 0.134722 1.000000
0 1319 0.185547 0.386806 0.032031 0.134722 1.000000
0 1320 0.196484 0.381944 0.032031 0.130556 1.000000
0 1321 0.208203 0.377778 0.032031 0.130556 1.000000
0 1322 0.217578 0.375000 0.033594 0.130556 1.000000
0 1323 0.228906 0.370833 0.032813 0.130556 1.000000
0 1324 0.238281 0.365972 0.032813 0.131944 1.000000
0 1325 0.247266 0.361111 0.030469 0.127778 1.000000
