0 1 0.247266 0.715278 0.033594 0.161111 0.000000 0.000000 1.000000
0 2 0.238281 0.712500 0.032813 0.158333 -0.008984 -0.002778 1.000000
0 3 0.238281 0.713889 0.032813 0.161111 0.000000 0.001389 1.000000
0 4 0.222656 0.709722 0.032813 0.158333 -0.015625 -0.004167 1.000000
0 5 0.215625 0.705556 0.032813 0.161111 -0.007031 -0.004167 1.000000
0 6 0.208594 0.701389 0.032813 0.152778 -0.007031 -0.004167 1.000000
0 7 0.200781 0.700000 0.032813 0.155556 -0.007812 -0.001389 1.000000
0 8 0.200781 0.700000 0.032813 0.155556 0.000000 0.000000 1.000000
0 9 0.187891 0.695833 0.035156 0.152778 -0.012891 -0.004167 1.000000
0 10 0.181641 0.695833 0.036719 0.155556 -0.006250 0.000000 1.000000
0 11 0.175781 0.693056 0.035937 0.155556 -0.005859 -0.002778 1.000000
0 12 0.170313 0.691667 0.035937 0.155556 -0.005469 -0.001389 1.000000
0 13 0.170313 0.691667 0.035937 0.155556 0.000000 0.000000 1.000000
0 14 0.161719 0.688889 0.035937 0.155556 -0.008594 -0.002778 1.000000
0 15 0.158594 0.686111 0.037500 0.155556 -0.003125 -0.002778 1.000000
0 16 0.157031 0.681944 0.039062 0.155556 -0.001563 -0.004167 1.000000
0 17 0.156641 0.679167 0.038281 0.155556 -0.000391 -0.002778 1.000000
0 18 0.156641 0.679167 0.038281 0.155556 0.000000 0.000000 1.000000
0 19 0.157812 0.669444 0.032813 0.150000 0.001172 -0.009722 1.000000
0 20 0.158594 0.667361 0.031250 0.151389 0.000781 -0.002083 1.000000
0 21 0.160547 0.669444 0.030469 0.155556 0.001953 0.002083 1.000000
0 22 0.162891 0.668750 0.033594 0.154167 0.002344 -0.000694 1.000000
0 23 0.162891 0.668750 0.033594 0.154167 0.000000 0.000000 1.000000
0 24 0.168359 0.668056 0.039844 0.152778 0.005469 -0.000694 1.000000
0 25 0.169141 0.668056 0.039844 0.152778 0.000781 0.000000 1.000000
0 26 0.169922 0.668056 0.039844 0.152778 0.000781 0.000000 1.000000
0 27 0.170703 0.669444 0.039844 0.155556 0.000781 0.001389 1.000000
0 28 0.170703 0.669444 0.039844 0.155556 0.000000 0.000000 1.000000
0 29 0.171094 0.669444 0.039062 0.155556 0.000391 0.000000 1.000000
0 30 0.171094 0.668750 0.039062 0.156944 0.000000 -0.000694 1.000000
0 31 0.171875 0.668750 0.039062 0.156944 0.000781 0.000000 1.000000
0 32 0.171875 0.668750 0.037500 0.154167 0.000000 0.000000 1.000000
0 33 0.171875 0.668750 0.037500 0.154167 0.000000 0.000000 1.000000
0 34 0.174609 0.671528 0.039844 0.154167 0.002734 0.002778 1.000000
0 35 0.175391 0.671528 0.039844 0.154167 0.000781 0.000000 1.000000
0 36 0.176172 0.671528 0.039844 0.154167 0.000781 0.000000 1.000000
0 37 0.176953 0.671528 0.039844 0.154167 0.000781 0.000000 1.000000
0 38 0.176563 0.671528 0.039062 0.154167 -0.000391 0.000000 1.000000
0 39 0.176563 0.671528 0.037500 0.154167 0.000000 0.000000 1.000000
0 40 0.176953 0.668750 0.033594 0.154167 0.000391 -0.002778 1.000000
0 41 0.178125 0.668750 0.031250 0.154167 0.001172 0.000000 1.000000
0 42 0.178906 0.668750 0.028125 0.154167 0.000781 0.000000 1.000000
0 43 0.178906 0.668750 0.028125 0.154167 0.000000 0.000000 1.000000
0 44 0.180469 0.669444 0.026562 0.155556 0.001563 0.000694 1.000000
0 45 0.178906 0.669444 0.025000 0.155556 -0.001563 0.000000 1.000000
0 46 0.178125 0.669444 0.025000 0.155556 -0.000781 0.000000 1.000000
0 47 0.177344 0.669444 0.025000 0.155556 -0.000781 0.000000 1.000000
0 48 0.177344 0.669444 0.025000 0.155556 0.000000 0.000000 1.000000
0 49 0.174219 0.668750 0.025000 0.154167 -0.003125 -0.000694 1.000000
0 50 0.172656 0.668750 0.025000 0.154167 -0.001563 0.000000 1.000000
0 51 0.171484 0.668056 0.025781 0.155556 -0.001172 -0.000694 1.000000
0 52 0.169922 0.665972 0.027344 0.154167 -0.001563 -0.002083 1.000000
0 53 0.169922 0.665972 0.027344 0.154167 0.000000 0.000000 1.000000
0 54 0.166797 0.663194 0.027344 0.154167 -0.003125 -0.002778 1.000000
0 55 0.164844 0.660417 0.026562 0.156944 -0.001953 -0.002778 1.000000
0 56 0.163281 0.656250 0.026562 0.156944 -0.001563 -0.004167 1.000000
0 57 0.162109 0.656250 0.030469 0.156944 -0.001172 0.000000 1.000000
0 58 0.162109 0.656250 0.030469 0.156944 0.000000 0.000000 1.000000
0 59 0.155859 0.653472 0.030469 0.156944 -0.006250 -0.002778 1.000000
0 60 0.152734 0.655556 0.028906 0.155556 -0.003125 0.002083 1.000000
0 61 0.150391 0.654167 0.028906 0.152778 -0.002344 -0.001389 1.000000
0 62 0.148047 0.652778 0.028906 0.150000 -0.002344 -0.001389 1.000000
0 63 0.148047 0.652778 0.028906 0.150000 0.000000 0.000000 1.000000
0 64 0.142969 0.652778 0.034375 0.150000 -0.005078 0.000000 1.000000
0 65 0.141406 0.652083 0.037500 0.151389 -0.001563 -0.000694 1.000000
0 66 0.140234 0.651389 0.039844 0.152778 -0.001172 -0.000694 1.000000
0 67 0.139844 0.649306 0.039062 0.154167 -0.000391 -0.002083 1.000000
0 68 0.139844 0.649306 0.039062 0.154167 0.000000 0.000000 1.000000
0 69 0.131641 0.644444 0.030469 0.155556 -0.008203 -0.004861 1.000000
0 70 0.128516 0.642361 0.028906 0.156944 -0.003125 -0.002083 1.000000
0 71 0.126172 0.639583 0.028906 0.156944 -0.002344 -0.002778 1.000000
0 72 0.124219 0.636806 0.028125 0.156944 -0.001953 -0.002778 1.000000
0 73 0.124219 0.636806 0.028125 0.156944 0.000000 0.000000 1.000000
0 74 0.121484 0.636806 0.030469 0.156944 -0.002734 0.000000 1.000000
0 75 0.122266 0.638194 0.030469 0.156944 0.000781 0.001389 1.000000
0 76 0.121094 0.637500 0.034375 0.152778 -0.001172 -0.000694 1.000000
0 77 0.120313 0.637500 0.035937 0.152778 -0.000781 0.000000 1.000000
0 78 0.120313 0.637500 0.035937 0.152778 0.000000 0.000000 1.000000
0 79 0.122656 0.634722 0.039062 0.152778 0.002344 -0.002778 1.000000
0 80 0.125781 0.634722 0.042188 0.152778 0.003125 0.000000 1.000000
0 81 0.128125 0.633333 0.042188 0.152778 0.002344 -0.001389 1.000000
0 82 0.130469 0.631944 0.042188 0.152778 0.002344 -0.001389 1.000000
0 83 0.130469 0.631944 0.042188 0.152778 0.000000 0.000000 1.000000
0 84 0.129688 0.625694 0.037500 0.156944 -0.000781 -0.006250 1.000000
0 85 0.130469 0.624306 0.032813 0.159722 0.000781 -0.001389 1.000000
0 86 0.134375 0.622222 0.031250 0.161111 0.003906 -0.002083 1.000000
0 87 0.140234 0.622222 0.033594 0.161111 0.005859 0.000000 1.000000
0 88 0.140234 0.622222 0.033594 0.161111 0.000000 0.000000 1.000000
0 89 0.158594 0.621528 0.037500 0.156944 0.018359 -0.000694 1.000000
0 90 0.168750 0.623611 0.037500 0.152778 0.010156 0.002083 1.000000
0 91 0.179688 0.626389 0.037500 0.152778 0.010937 0.002778 1.000000
0 92 0.190625 0.627083 0.037500 0.148611 0.010937 0.000694 1.000000
0 93 0.190625 0.627083 0.037500 0.148611 0.000000 0.000000 1.000000
0 94 0.217578 0.627778 0.042969 0.144444 0.026953 0.000694 1.000000
0 95 0.233594 0.629167 0.050000 0.147222 0.016016 0.001389 1.000000
0 96 0.247656 0.629167 0.051562 0.144444 0.014063 0.000000 1.000000
0 97 0.262500 0.628472 0.053125 0.145833 0.014844 -0.000694 1.000000
0 98 0.262500 0.628472 0.053125 0.145833 0.000000 0.000000 1.000000
0 99 0.286719 0.629861 0.042188 0.143056 0.024219 0.001389 1.000000
0 100 0.303125 0.627778 0.043750 0.141667 0.016406 -0.002083 1.000000
0 101 0.319922 0.623611 0.044531 0.141667 0.016797 -0.004167 1.000000
0 102 0.337500 0.627083 0.048438 0.148611 0.017578 0.003472 1.000000
0 103 0.337500 0.627083 0.048438 0.148611 0.000000 0.000000 1.000000
0 104 0.368750 0.622222 0.046875 0.141667 0.031250 -0.004861 1.000000
0 105 0.383984 0.625000 0.046094 0.141667 0.015234 0.002778 1.000000
0 106 0.396875 0.625000 0.040625 0.141667 0.012891 0.000000 1.000000
0 107 0.410156 0.624306 0.035937 0.140278 0.013281 -0.000694 1.000000
0 108 0.410156 0.624306 0.035937 0.140278 0.000000 0.000000 1.000000
0 109 0.441797 0.619444 0.042969 0.141667 0.031641 -0.004861 1.000000
0 110 0.457031 0.618750 0.046875 0.143056 0.015234 -0.000694 1.000000
0 111 0.472656 0.616667 0.048438 0.141667 0.015625 -0.002083 1.000000
0 112 0.485938 0.613889 0.050000 0.138889 0.013281 -0.002778 1.000000
0 113 0.485938 0.613889 0.050000 0.138889 0.000000 0.000000 1.000000
0 114 0.509766 0.615278 0.047656 0.136111 0.023828 0.001389 1.000000
0 115 0.519141 0.617361 0.044531 0.134722 0.009375 0.002083 1.000000
0 116 0.526563 0.615278 0.037500 0.136111 0.007422 -0.002083 1.000000
0 117 0.538281 0.611806 0.039062 0.140278 0.011719 -0.003472 1.000000
0 118 0.538281 0.611806 0.039062 0.140278 0.000000 0.000000 1.000000
0 119 0.558984 0.611806 0.044531 0.145833 0.020703 0.000000 1.000000
0 120 0.564453 0.610417 0.047656 0.145833 0.005469 -0.001389 1.000000
0 121 0.567969 0.609722 0.051562 0.141667 0.003516 -0.000694 1.000000
0 122 0.574219 0.609722 0.050000 0.138889 0.006250 0.000000 1.000000
0 123 0.574219 0.609722 0.050000 0.138889 0.000000 0.000000 1.000000
0 124 0.579688 0.611111 0.037500 0.141667 0.005469 0.001389 1.000000
0 125 0.578125 0.609722 0.032813 0.141667 -0.001563 -0.001389 1.000000
0 126 0.576562 0.608333 0.028125 0.144444 -0.001563 -0.001389 1.000000
0 127 0.576562 0.606250 0.032813 0.145833 0.000000 -0.002083 1.000000
0 128 0.576562 0.606250 0.032813 0.145833 0.000000 0.000000 1.000000
0 129 0.569531 0.606250 0.043750 0.145833 -0.007031 0.000000 1.000000
0 130 0.563281 0.606250 0.050000 0.145833 -0.006250 0.000000 1.000000
0 131 0.560547 0.606944 0.047656 0.144444 -0.002734 0.000694 1.000000
0 132 0.558203 0.608333 0.042969 0.144444 -0.002344 0.001389 1.000000
0 133 0.558203 0.608333 0.042969 0.144444 0.000000 0.000000 1.000000
0 134 0.545703 0.606944 0.028906 0.147222 -0.012500 -0.001389 1.000000
0 135 0.541797 0.605556 0.030469 0.147222 -0.003906 -0.001389 1.000000
0 136 0.537109 0.604167 0.030469 0.150000 -0.004687 -0.001389 1.000000
0 137 0.533984 0.602778 0.030469 0.152778 -0.003125 -0.001389 1.000000
0 138 0.533984 0.602778 0.030469 0.152778 0.000000 0.000000 1.000000
0 139 0.525391 0.602083 0.030469 0.151389 -0.008594 -0.000694 1.000000
0 140 0.521484 0.603472 0.032031 0.151389 -0.003906 0.001389 1.000000
0 141 0.516797 0.604167 0.032031 0.147222 -0.004687 0.000694 1.000000
0 142 0.512500 0.605556 0.031250 0.144444 -0.004297 0.001389 1.000000
0 143 0.512500 0.605556 0.031250 0.144444 0.000000 0.000000 1.000000
0 144 0.498437 0.604167 0.037500 0.144444 -0.014063 -0.001389 1.000000
0 145 0.495312 0.602778 0.040625 0.144444 -0.003125 -0.001389 1.000000
0 146 0.491406 0.600000 0.045312 0.144444 -0.003906 -0.002778 1.000000
0 147 0.489453 0.600000 0.047656 0.144444 -0.001953 0.000000 1.000000
0 148 0.489453 0.600000 0.047656 0.144444 0.000000 0.000000 1.000000
0 149 0.481250 0.604167 0.046875 0.141667 -0.008203 0.004167 1.000000
0 150 0.475000 0.604167 0.043750 0.141667 -0.006250 0.000000 1.000000
0 151 0.469531 0.604167 0.042188 0.141667 -0.005469 0.000000 1.000000
0 152 0.460156 0.604167 0.032813 0.141667 -0.009375 0.000000 1.000000
0 153 0.460156 0.604167 0.032813 0.141667 0.000000 0.000000 1.000000
0 154 0.450781 0.601389 0.031250 0.147222 -0.009375 -0.002778 1.000000
0 155 0.446484 0.601389 0.033594 0.150000 -0.004297 0.000000 1.000000
0 156 0.441797 0.601389 0.033594 0.144444 -0.004687 0.000000 1.000000
0 157 0.437500 0.602778 0.032813 0.144444 -0.004297 0.001389 1.000000
0 158 0.437500 0.602778 0.032813 0.144444 0.000000 0.000000 1.000000
0 159 0.428125 0.606250 0.031250 0.140278 -0.009375 0.003472 1.000000
0 160 0.424609 0.606250 0.030469 0.143056 -0.003516 0.000000 1.000000
0 161 0.419141 0.605556 0.028906 0.141667 -0.005469 -0.000694 1.000000
0 162 0.416406 0.604861 0.029687 0.145833 -0.002734 -0.000694 1.000000
0 163 0.416406 0.604861 0.029687 0.145833 0.000000 0.000000 1.000000
0 164 0.408594 0.605556 0.042188 0.147222 -0.007812 0.000694 1.000000
0 165 0.405469 0.604167 0.043750 0.144444 -0.003125 -0.001389 1.000000
0 166 0.401953 0.604167 0.041406 0.141667 -0.003516 0.000000 1.000000
0 167 0.396875 0.606250 0.040625 0.140278 -0.005078 0.002083 1.000000
0 168 0.396875 0.606250 0.040625 0.140278 0.000000 0.000000 1.000000
0 169 0.385156 0.603472 0.032813 0.140278 -0.011719 -0.002778 1.000000
0 170 0.381641 0.602778 0.030469 0.141667 -0.003516 -0.000694 1.000000
0 171 0.377734 0.601389 0.032031 0.147222 -0.003906 -0.001389 1.000000
0 172 0.373828 0.600694 0.032031 0.148611 -0.003906 -0.000694 1.000000
0 173 0.373828 0.600694 0.032031 0.148611 0.000000 0.000000 1.000000
0 174 0.367188 0.596528 0.034375 0.143056 -0.006641 -0.004167 1.000000
0 175 0.363281 0.597222 0.034375 0.141667 -0.003906 0.000694 1.000000
0 176 0.358594 0.598611 0.032813 0.138889 -0.004687 0.001389 1.000000
0 177 0.354297 0.600000 0.030469 0.141667 -0.004297 0.001389 1.000000
0 178 0.354297 0.600000 0.030469 0.141667 0.000000 0.000000 1.000000
0 179 0.345703 0.598611 0.028906 0.144444 -0.008594 -0.001389 1.000000
0 180 0.342187 0.597222 0.028125 0.144444 -0.003516 -0.001389 1.000000
0 181 0.339844 0.595833 0.029687 0.147222 -0.002344 -0.001389 1.000000
0 182 0.335547 0.597222 0.038281 0.150000 -0.004297 0.001389 1.000000
0 183 0.335547 0.597222 0.038281 0.150000 0.000000 0.000000 1.000000
0 184 0.328516 0.595833 0.038281 0.141667 -0.007031 -0.001389 1.000000
0 185 0.323437 0.597222 0.037500 0.141667 -0.005078 0.001389 1.000000
0 186 0.317969 0.597222 0.035937 0.138889 -0.005469 0.000000 1.000000
0 187 0.313281 0.597222 0.032813 0.138889 -0.004687 0.000000 1.000000
0 188 0.313281 0.597222 0.032813 0.138889 0.000000 0.000000 1.000000
0 189 0.306641 0.595139 0.030469 0.145833 -0.006641 -0.002083 1.000000
0 190 0.302344 0.594444 0.029687 0.150000 -0.004297 -0.000694 1.000000
0 191 0.298438 0.592361 0.029687 0.148611 -0.003906 -0.002083 1.000000
0 192 0.294922 0.593056 0.030469 0.150000 -0.003516 0.000694 1.000000
0 193 0.294922 0.593056 0.030469 0.150000 0.000000 0.000000 1.000000
0 194 0.286719 0.591667 0.032813 0.141667 -0.008203 -0.001389 1.000000
0 195 0.282031 0.591667 0.032813 0.141667 -0.004687 0.000000 1.000000
0 196 0.277734 0.591667 0.030469 0.141667 -0.004297 0.000000 1.000000
0 197 0.273047 0.591667 0.030469 0.144444 -0.004687 0.000000 1.000000
0 198 0.273047 0.591667 0.030469 0.144444 0.000000 0.000000 1.000000
0 199 0.264844 0.588194 0.029687 0.148611 -0.008203 -0.003472 1.000000
0 200 0.260937 0.588889 0.029687 0.152778 -0.003906 0.000694 1.000000
0 201 0.257812 0.587500 0.032813 0.150000 -0.003125 -0.001389 1.000000
0 202 0.255078 0.587500 0.035156 0.147222 -0.002734 0.000000 1.000000
0 203 0.255078 0.587500 0.035156 0.147222 0.000000 0.000000 1.000000
0 204 0.246875 0.588889 0.035937 0.141667 -0.008203 0.001389 1.000000
0 205 0.242969 0.590278 0.032813 0.141667 -0.003906 0.001389 1.000000
0 206 0.240234 0.590278 0.032031 0.141667 -0.002734 0.000000 1.000000
0 207 0.237500 0.590972 0.031250 0.145833 -0.002734 0.000694 1.000000
0 208 0.237500 0.590972 0.031250 0.145833 0.000000 0.000000 1.000000
0 209 0.231250 0.589583 0.029687 0.148611 -0.006250 -0.001389 1.000000
0 210 0.228906 0.590278 0.029687 0.150000 -0.002344 0.000694 1.000000
0 211 0.225781 0.590278 0.029687 0.150000 -0.003125 0.000000 1.000000
0 212 0.223047 0.588194 0.030469 0.145833 -0.002734 -0.002083 1.000000
0 213 0.223047 0.588194 0.030469 0.145833 0.000000 0.000000 1.000000
0 214 0.218359 0.590278 0.032031 0.141667 -0.004687 0.002083 1.000000
0 215 0.215234 0.590278 0.032031 0.141667 -0.003125 0.000000 1.000000
0 216 0.211719 0.588889 0.029687 0.141667 -0.003516 -0.001389 1.000000
0 217 0.209766 0.590278 0.028906 0.144444 -0.001953 0.001389 1.000000
0 218 0.209766 0.590278 0.028906 0.144444 0.000000 0.000000 1.000000
0 219 0.204687 0.588889 0.031250 0.150000 -0.005078 -0.001389 1.000000
0 220 0.202734 0.588194 0.033594 0.145833 -0.001953 -0.000694 1.000000
0 221 0.200000 0.588889 0.034375 0.144444 -0.002734 0.000694 1.000000
0 222 0.196484 0.590278 0.033594 0.144444 -0.003516 0.001389 1.000000
0 223 0.196484 0.590278 0.033594 0.144444 0.000000 0.000000 1.000000
0 224 0.189062 0.589583 0.032813 0.140278 -0.007422 -0.000694 1.000000
0 225 0.185156 0.589583 0.031250 0.140278 -0.003906 0.000000 1.000000
0 226 0.183984 0.588889 0.033594 0.141667 -0.001172 -0.000694 1.000000
0 227 0.180469 0.588194 0.032813 0.145833 -0.003516 -0.000694 1.000000
0 228 0.180469 0.588194 0.032813 0.145833 0.000000 0.000000 1.000000
0 229 0.175000 0.586111 0.034375 0.144444 -0.005469 -0.002083 1.000000
0 230 0.173437 0.585417 0.034375 0.137500 -0.001563 -0.000694 1.000000
0 231 0.169141 0.586111 0.032031 0.136111 -0.004297 0.000694 1.000000
0 232 0.165625 0.587500 0.031250 0.138889 -0.003516 0.001389 1.000000
0 233 0.165625 0.587500 0.031250 0.138889 0.000000 0.000000 1.000000
0 234 0.159375 0.586111 0.031250 0.141667 -0.006250 -0.001389 1.000000
0 235 0.157812 0.584028 0.034375 0.145833 -0.001563 -0.002083 1.000000
0 236 0.156641 0.584722 0.036719 0.147222 -0.001172 0.000694 1.000000
0 237 0.153906 0.583333 0.039062 0.147222 -0.002734 -0.001389 1.000000
0 238 0.153906 0.583333 0.039062 0.147222 0.000000 0.000000 1.000000
0 239 0.149219 0.581250 0.045312 0.140278 -0.004687 -0.002083 1.000000
0 240 0.142969 0.582639 0.042188 0.140278 -0.006250 0.001389 1.000000
0 241 0.139063 0.581250 0.040625 0.140278 -0.003906 -0.001389 1.000000
0 242 0.133594 0.581250 0.035937 0.140278 -0.005469 0.000000 1.000000
0 243 0.133594 0.581250 0.035937 0.140278 0.000000 0.000000 1.000000
0 244 0.122656 0.579167 0.029687 0.147222 -0.010937 -0.002083 1.000000
0 245 0.118750 0.577778 0.031250 0.150000 -0.003906 -0.001389 1.000000
0 246 0.113672 0.577778 0.032031 0.150000 -0.005078 0.000000 1.000000
0 247 0.108594 0.577778 0.032813 0.147222 -0.005078 0.000000 1.000000
0 248 0.108594 0.577778 0.032813 0.147222 0.000000 0.000000 1.000000
0 249 0.095312 0.577778 0.032813 0.138889 -0.013281 0.000000 1.000000
0 250 0.087891 0.579167 0.033594 0.138889 -0.007422 0.001389 1.000000
0 251 0.081641 0.580556 0.033594 0.138889 -0.006250 0.001389 1.000000
0 252 0.074609 0.579167 0.033594 0.141667 -0.007031 -0.001389 1.000000
0 253 0.074609 0.579167 0.033594 0.141667 0.000000 0.000000 1.000000
0 254 0.060547 0.577778 0.033594 0.147222 -0.014063 -0.001389 1.000000
0 255 0.054297 0.575000 0.033594 0.147222 -0.006250 -0.002778 1.000000
0 256 0.046875 0.575000 0.035937 0.150000 -0.007422 0.000000 1.000000
0 257 0.040625 0.576389 0.037500 0.147222 -0.006250 0.001389 1.000000
0 258 0.040625 0.576389 0.037500 0.147222 0.000000 0.000000 1.000000
0 259 0.026953 0.576389 0.044531 0.141667 -0.013672 0.000000 1.000000
0 260 0.020313 0.575000 0.040625 0.141667 -0.006641 -0.001389 1.000000
0 261 0.016406 0.575000 0.032813 0.144444 -0.003906 0.000000 1.000000
0 262 0.010547 0.572222 0.021094 0.144444 -0.005859 -0.002778 1.000000
0 263 0.011328 0.572222 0.022656 0.144444 0.000781 0.000000 1.000000
0 360 0.007812 0.554167 0.015625 0.127778 -0.000036 -0.000186 1.000000
0 361 0.012500 0.555556 0.025000 0.125000 0.004687 0.001389 1.000000
0 362 0.019531 0.559722 0.031250 0.133333 0.007031 0.004167 1.000000
0 363 0.019531 0.559722 0.031250 0.133333 0.000000 0.000000 1.000000
0 364 0.041406 0.558333 0.029687 0.133333 0.021875 -0.001389 1.000000
0 365 0.051562 0.559028 0.029687 0.134722 0.010156 0.000694 1.000000
0 366 0.063281 0.560417 0.029687 0.137500 0.011719 0.001389 1.000000
0 367 0.073047 0.561806 0.030469 0.137500 0.009766 0.001389 1.000000
0 368 0.073047 0.561806 0.030469 0.137500 0.000000 0.000000 1.000000
0 369 0.094922 0.566667 0.035156 0.133333 0.021875 0.004861 1.000000
0 370 0.105469 0.567361 0.035937 0.129167 0.010547 0.000694 1.000000
0 371 0.115625 0.567361 0.037500 0.126389 0.010156 0.000000 1.000000
0 372 0.124219 0.566667 0.037500 0.125000 0.008594 -0.000694 1.000000
0 373 0.124219 0.566667 0.037500 0.125000 0.000000 0.000000 1.000000
0 374 0.142187 0.572222 0.037500 0.136111 0.017969 0.005556 1.000000
0 375 0.151562 0.573611 0.037500 0.136111 0.009375 0.001389 1.000000
0 376 0.160156 0.576389 0.035937 0.136111 0.008594 0.002778 1.000000
0 377 0.169531 0.579167 0.035937 0.136111 0.009375 0.002778 1.000000
0 378 0.169531 0.579167 0.035937 0.136111 0.000000 0.000000 1.000000
0 379 0.185156 0.581944 0.035937 0.130556 0.015625 0.002778 1.000000
0 380 0.194141 0.577778 0.033594 0.127778 0.008984 -0.004167 1.000000
0 381 0.201563 0.575000 0.031250 0.127778 0.007422 -0.002778 1.000000
0 382 0.207813 0.576389 0.031250 0.130556 0.006250 0.001389 1.000000
0 383 0.207813 0.576389 0.031250 0.130556 0.000000 0.000000 1.000000
0 384 0.221875 0.583333 0.031250 0.144444 0.014063 0.006944 1.000000
0 385 0.228125 0.584722 0.032813 0.144444 0.006250 0.001389 1.000000
0 386 0.233984 0.586111 0.032031 0.138889 0.005859 0.001389 1.000000
0 387 0.241406 0.587500 0.032813 0.136111 0.007422 0.001389 1.000000
0 388 0.241406 0.587500 0.032813 0.136111 0.000000 0.000000 1.000000
0 389 0.253125 0.587500 0.032813 0.133333 0.011719 0.000000 1.000000
0 390 0.258594 0.586111 0.034375 0.133333 0.005469 -0.001389 1.000000
0 391 0.264844 0.583333 0.037500 0.133333 0.006250 -0.002778 1.000000
0 392 0.270313 0.590972 0.037500 0.145833 0.005469 0.007639 1.000000
0 393 0.270313 0.590972 0.037500 0.145833 0.000000 0.000000 1.000000
0 394 0.282422 0.595139 0.041406 0.145833 0.012109 0.004167 1.000000
0 395 0.287109 0.597222 0.041406 0.141667 0.004687 0.002083 1.000000
0 396 0.291797 0.600000 0.041406 0.138889 0.004687 0.002778 1.000000
0 397 0.295312 0.600000 0.040625 0.138889 0.003516 0.000000 1.000000
0 398 0.295312 0.600000 0.040625 0.138889 0.000000 0.000000 1.000000
0 399 0.300781 0.597222 0.035937 0.138889 0.005469 -0.002778 1.000000
0 400 0.305078 0.597917 0.036719 0.140278 0.004297 0.000694 1.000000
0 401 0.309375 0.602778 0.037500 0.150000 0.004297 0.004861 1.000000
0 402 0.313672 0.605556 0.042969 0.152778 0.004297 0.002778 1.000000
0 403 0.313672 0.605556 0.042969 0.152778 0.000000 0.000000 1.000000
0 404 0.316406 0.609722 0.039062 0.147222 0.002734 0.004167 1.000000
0 405 0.317188 0.613889 0.034375 0.144444 0.000781 0.004167 1.000000
0 406 0.318359 0.615278 0.033594 0.141667 0.001172 0.001389 1.000000
0 407 0.319922 0.615972 0.033594 0.140278 0.001563 0.000694 1.000000
0 408 0.319922 0.615972 0.033594 0.140278 0.000000 0.000000 1.000000
0 409 0.326953 0.618750 0.039844 0.143056 0.007031 0.002778 1.000000
0 410 0.329688 0.622222 0.042188 0.147222 0.002734 0.003472 1.000000
0 411 0.332031 0.625000 0.046875 0.150000 0.002344 0.002778 1.000000
0 412 0.334375 0.630556 0.050000 0.150000 0.002344 0.005556 1.000000
0 413 0.334375 0.630556 0.050000 0.150000 0.000000 0.000000 1.000000
0 414 0.335547 0.634722 0.049219 0.144444 0.001172 0.004167 1.000000
0 415 0.335938 0.635417 0.045312 0.143056 0.000391 0.000694 1.000000
0 416 0.335938 0.635417 0.039062 0.143056 0.000000 0.000000 1.000000
0 417 0.337891 0.635417 0.038281 0.145833 0.001953 0.000000 1.000000
0 418 0.337891 0.635417 0.038281 0.145833 0.000000 0.000000 1.000000
0 419 0.342187 0.641667 0.040625 0.155556 0.004297 0.006250 1.000000
0 420 0.343750 0.645139 0.040625 0.154167 0.001563 0.003472 1.000000
0 421 0.345313 0.647917 0.040625 0.151389 0.001563 0.002778 1.000000
0 422 0.346484 0.651389 0.041406 0.150000 0.001172 0.003472 1.000000
0 423 0.346484 0.651389 0.041406 0.150000 0.000000 0.000000 1.000000
0 424 0.348047 0.652778 0.042969 0.144444 0.001563 0.001389 1.000000
0 425 0.346094 0.652778 0.042188 0.144444 -0.001953 0.000000 1.000000
0 426 0.347656 0.653472 0.045312 0.148611 0.001563 0.000694 1.000000
0 427 0.350391 0.652778 0.050781 0.147222 0.002734 -0.000694 1.000000
0 428 0.350391 0.652778 0.050781 0.147222 0.000000 0.000000 1.000000
0 429 0.353125 0.659028 0.057813 0.151389 0.002734 0.006250 1.000000
0 430 0.352344 0.662500 0.057813 0.150000 -0.000781 0.003472 1.000000
0 431 0.351953 0.665278 0.053906 0.147222 -0.000391 0.002778 1.000000
0 432 0.349609 0.666667 0.049219 0.147222 -0.002344 0.001389 1.000000
0 433 0.349609 0.666667 0.049219 0.147222 0.000000 0.000000 1.000000
0 434 0.346875 0.666667 0.040625 0.147222 -0.002734 0.000000 1.000000
0 435 0.346094 0.672222 0.040625 0.155556 -0.000781 0.005556 1.000000
0 436 0.346094 0.674306 0.042188 0.156944 0.000000 0.002083 1.000000
0 437 0.344531 0.677778 0.045312 0.155556 -0.001563 0.003472 1.000000
0 438 0.344531 0.677778 0.045312 0.155556 0.000000 0.000000 1.000000
0 439 0.341797 0.681944 0.042969 0.150000 -0.002734 0.004167 1.000000
0 440 0.341406 0.681944 0.040625 0.150000 -0.000391 0.000000 1.000000
0 441 0.339844 0.683333 0.037500 0.150000 -0.001563 0.001389 1.000000
0 442 0.338672 0.681944 0.036719 0.150000 -0.001172 -0.001389 1.000000
0 443 0.338672 0.681944 0.036719 0.150000 0.000000 0.000000 1.000000
0 444 0.335156 0.683333 0.035937 0.152778 -0.003516 0.001389 1.000000
0 445 0.334375 0.684722 0.035937 0.152778 -0.000781 0.001389 1.000000
0 446 0.332813 0.686111 0.040625 0.152778 -0.001563 0.001389 1.000000
0 447 0.331250 0.687500 0.045312 0.147222 -0.001563 0.001389 1.000000
0 448 0.331250 0.687500 0.045312 0.147222 0.000000 0.000000 1.000000
0 449 0.330469 0.693056 0.051562 0.141667 -0.000781 0.005556 1.000000
0 450 0.332813 0.694444 0.051562 0.138889 0.002344 0.001389 1.000000
0 451 0.333594 0.694444 0.045312 0.138889 0.000781 0.000000 1.000000
0 452 0.335547 0.697222 0.039844 0.138889 0.001953 0.002778 1.000000
0 453 0.335547 0.697222 0.039844 0.138889 0.000000 0.000000 1.000000
0 454 0.338672 0.704861 0.039844 0.145833 0.003125 0.007639 1.000000
0 455 0.340234 0.712500 0.039844 0.147222 0.001563 0.007639 1.000000
0 456 0.342969 0.717361 0.039062 0.145833 0.002734 0.004861 1.000000
0 457 0.344531 0.721528 0.040625 0.143056 0.001563 0.004167 1.000000
0 458 0.344531 0.721528 0.040625 0.143056 0.000000 0.000000 1.000000
0 459 0.346875 0.725694 0.037500 0.134722 0.002344 0.004167 1.000000
0 460 0.349219 0.726389 0.043750 0.136111 0.002344 0.000694 1.000000
0 461 0.352344 0.726389 0.048438 0.136111 0.003125 0.000000 1.000000
0 462 0.356250 0.725000 0.054688 0.138889 0.003906 -0.001389 1.000000
0 463 0.356250 0.725000 0.054688 0.138889 0.000000 0.000000 1.000000
0 464 0.350781 0.721528 0.067187 0.137500 -0.005469 -0.003472 1.000000
0 465 0.347656 0.722222 0.071875 0.138889 -0.003125 0.000694 1.000000
0 466 0.341797 0.722222 0.067969 0.138889 -0.005859 0.000000 1.000000
0 467 0.339844 0.719444 0.062500 0.138889 -0.001953 -0.002778 1.000000
0 468 0.339844 0.719444 0.062500 0.138889 0.000000 0.000000 1.000000
0 469 0.347656 0.722222 0.070312 0.138889 0.007812 0.002778 1.000000
0 470 0.349219 0.719444 0.073438 0.133333 0.001563 -0.002778 1.000000
0 471 0.350000 0.718056 0.075000 0.130556 0.000781 -0.001389 1.000000
0 472 0.348438 0.720833 0.073438 0.130556 -0.001563 0.002778 1.000000
0 473 0.348438 0.720833 0.073438 0.130556 0.000000 0.000000 1.000000
0 474 0.347656 0.718056 0.054688 0.130556 -0.000781 -0.002778 1.000000
0 475 0.347656 0.718056 0.039062 0.133333 0.000000 0.000000 1.000000
0 476 0.349219 0.715278 0.032813 0.136111 0.001563 -0.002778 1.000000
0 477 0.353125 0.713889 0.034375 0.138889 0.003906 -0.001389 1.000000
0 478 0.353125 0.713889 0.034375 0.138889 0.000000 0.000000 1.000000
0 479 0.355859 0.708333 0.041406 0.141667 0.002734 -0.005556 1.000000
0 480 0.355859 0.709722 0.042969 0.150000 0.000000 0.001389 1.000000
0 481 0.355078 0.704167 0.042969 0.147222 -0.000781 -0.005556 1.000000
0 482 0.353906 0.701389 0.042188 0.147222 -0.001172 -0.002778 1.000000
0 483 0.353906 0.701389 0.042188 0.147222 0.000000 0.000000 1.000000
0 484 0.353125 0.693750 0.040625 0.148611 -0.000781 -0.007639 1.000000
0 485 0.353125 0.690972 0.040625 0.148611 0.000000 -0.002778 1.000000
0 486 0.354687 0.689583 0.040625 0.148611 0.001563 -0.001389 1.000000
0 487 0.355469 0.690972 0.035937 0.148611 0.000781 0.001389 1.000000
0 488 0.355469 0.690972 0.035937 0.148611 0.000000 0.000000 1.000000
0 489 0.358984 0.695139 0.033594 0.140278 0.003516 0.004167 1.000000
0 490 0.362500 0.699306 0.037500 0.137500 0.003516 0.004167 1.000000
0 491 0.365234 0.700694 0.042969 0.137500 0.002734 0.001389 1.000000
0 492 0.367578 0.701389 0.050781 0.136111 0.002344 0.000694 1.000000
0 493 0.367578 0.701389 0.050781 0.136111 0.000000 0.000000 1.000000
0 494 0.369922 0.697917 0.046094 0.134722 0.002344 -0.003472 1.000000
0 495 0.369531 0.695139 0.046875 0.134722 -0.000391 -0.002778 1.000000
0 496 0.368359 0.695139 0.044531 0.134722 -0.001172 0.000000 1.000000
0 497 0.365625 0.695139 0.040625 0.137500 -0.002734 0.000000 1.000000
0 498 0.364453 0.695139 0.041406 0.137500 -0.001172 0.000000 1.000000
0 499 0.363672 0.695833 0.039844 0.136111 -0.000781 0.000694 1.000000
0 500 0.364844 0.695833 0.040625 0.136111 0.001172 0.000000 1.000000
0 501 0.368359 0.696528 0.038281 0.134722 0.003516 0.000694 1.000000
0 502 0.372266 0.697222 0.041406 0.133333 0.003906 0.000694 1.000000
0 503 0.372266 0.697222 0.041406 0.133333 0.000000 0.000000 1.000000
0 504 0.376563 0.698611 0.037500 0.136111 0.004297 0.001389 1.000000
0 505 0.376563 0.698611 0.034375 0.136111 0.000000 0.000000 1.000000
0 506 0.377344 0.698611 0.032813 0.136111 0.000781 0.000000 1.000000
0 507 0.376563 0.698611 0.035937 0.136111 -0.000781 0.000000 1.000000
0 508 0.377344 0.698611 0.034375 0.136111 0.000781 0.000000 1.000000
0 509 0.379297 0.702778 0.039844 0.133333 0.001953 0.004167 1.000000
0 510 0.381641 0.703472 0.039844 0.131944 0.002344 0.000694 1.000000
0 511 0.385156 0.704167 0.039062 0.130556 0.003516 0.000694 1.000000
0 512 0.387891 0.704167 0.035156 0.130556 0.002734 0.000000 1.000000
0 513 0.387891 0.704167 0.035156 0.130556 0.000000 0.000000 1.000000
0 514 0.392578 0.697917 0.035156 0.134722 0.004687 -0.006250 1.000000
0 515 0.391406 0.691667 0.034375 0.127778 -0.001172 -0.006250 1.000000
0 516 0.391797 0.686111 0.035156 0.127778 0.000391 -0.005556 1.000000
0 517 0.390625 0.683333 0.040625 0.127778 -0.001172 -0.002778 1.000000
0 518 0.390625 0.683333 0.040625 0.127778 0.000000 0.000000 1.000000
0 519 0.390625 0.685417 0.043750 0.134722 0.000000 0.002083 1.000000
0 520 0.390625 0.684722 0.045312 0.130556 0.000000 -0.000694 1.000000
0 521 0.392969 0.686111 0.045312 0.127778 0.002344 0.001389 1.000000
0 522 0.397266 0.686111 0.044531 0.127778 0.004297 0.000000 1.000000
0 523 0.397266 0.686111 0.044531 0.127778 0.000000 0.000000 1.000000
0 524 0.402734 0.686111 0.032031 0.127778 0.005469 0.000000 1.000000
0 525 0.403516 0.684722 0.032031 0.127778 0.000781 -0.001389 1.000000
0 526 0.405078 0.684028 0.032031 0.129167 0.001563 -0.000694 1.000000
0 527 0.407031 0.683333 0.029687 0.130556 0.001953 -0.000694 1.000000
0 528 0.407031 0.683333 0.029687 0.130556 0.000000 0.000000 1.000000
0 529 0.412500 0.676389 0.034375 0.116667 0.005469 -0.006944 1.000000
0 530 0.416406 0.677778 0.042188 0.116667 0.003906 0.001389 1.000000
0 531 0.417969 0.676389 0.051562 0.116667 0.001563 -0.001389 1.000000
0 532 0.421484 0.677083 0.046094 0.118056 0.003516 0.000694 1.000000
0 533 0.421484 0.677083 0.046094 0.118056 0.000000 0.000000 1.000000
0 534 0.419531 0.673611 0.039062 0.116667 -0.001953 -0.003472 1.000000
0 535 0.416406 0.672917 0.035937 0.115278 -0.003125 -0.000694 1.000000
0 536 0.414062 0.670833 0.035937 0.113889 -0.002344 -0.002083 1.000000
0 537 0.414062 0.669444 0.035937 0.113889 0.000000 -0.001389 1.000000
0 538 0.414062 0.669444 0.035937 0.113889 0.000000 0.000000 1.000000
0 539 0.417578 0.666667 0.039844 0.119444 0.003516 -0.002778 1.000000
0 540 0.420312 0.663889 0.040625 0.122222 0.002734 -0.002778 1.000000
0 541 0.422656 0.663194 0.045312 0.126389 0.002344 -0.000694 1.000000
0 542 0.421484 0.661111 0.046094 0.130556 -0.001172 -0.002083 1.000000
0 543 0.421484 0.661111 0.046094 0.130556 0.000000 0.000000 1.000000
0 544 0.417578 0.656944 0.041406 0.130556 -0.003906 -0.004167 1.000000
0 545 0.411719 0.652083 0.039062 0.120833 -0.005859 -0.004861 1.000000
0 546 0.408594 0.654861 0.035937 0.129167 -0.003125 0.002778 1.000000
0 547 0.407031 0.654167 0.037500 0.127778 -0.001563 -0.000694 1.000000
0 548 0.407031 0.654167 0.037500 0.127778 0.000000 0.000000 1.000000
0 549 0.403516 0.655556 0.033594 0.127778 -0.003516 0.001389 1.000000
