0 1 0.704688 0.527778 0.051562 0.205556 1.000000
0 2 0.695312 0.528472 0.050000 0.201389 1.000000
0 3 0.684375 0.528472 0.051562 0.201389 1.000000
0 4 0.673438 0.528472 0.050000 0.204167 1.000000
0 5 0.661719 0.528472 0.051562 0.201389 1.000000
0 6 0.649219 0.527083 0.050000 0.201389 1.000000
0 7 0.634766 0.529167 0.049219 0.197222 1.000000
0 8 0.619922 0.528472 0.049219 0.198611 1.000000
0 9 0.603906 0.529167 0.050000 0.197222 1.000000
0 10 0.589063 0.528472 0.048438 0.198611 1.000000
0 11 0.573047 0.527778 0.050781 0.200000 1.000000
0 12 0.559766 0.528472 0.047656 0.201389 1.000000
0 13 0.544922 0.527778 0.047656 0.202778 1.000000
0 14 0.530859 0.526389 0.047656 0.205556 1.000000
0 15 0.517578 0.526389 0.047656 0.205556 1.000000
0 16 0.505078 0.525000 0.047656 0.208333 1.000000
0 17 0.493359 0.524306 0.047656 0.209722 1.000000
0 18 0.482812 0.522917 0.046875 0.209722 1.000000
0 19 0.473438 0.522917 0.043750 0.212500 1.000000
0 20 0.464453 0.521528 0.042969 0.215278 1.000000
0 21 0.456250 0.520833 0.042188 0.216667 1.000000
0 22 0.450000 0.521528 0.042188 0.215278 1.000000
0 23 0.444141 0.520833 0.044531 0.216667 1.000000
0 24 0.440234 0.520139 0.044531 0.215278 1.000000
0 25 0.436719 0.518056 0.043750 0.213889 1.000000
0 26 0.434766 0.518056 0.042969 0.213889 1.000000
0 27 0.433984 0.516667 0.042969 0.216667 1.000000
0 28 0.433984 0.516667 0.042969 0.216667 1.000000
0 29 0.434375 0.516667 0.042188 0.216667 1.000000
0 30 0.435937 0.516667 0.042188 0.216667 1.000000
0 31 0.437109 0.516667 0.042969 0.216667 1.000000
0 32 0.438281 0.517361 0.042188 0.215278 1.000000
0 33 0.439844 0.518056 0.042188 0.213889 1.000000
0 34 0.441406 0.518056 0.042188 0.213889 1.000000
0 35 0.443359 0.518056 0.042969 0.213889 1.000000
0 36 0.446094 0.520139 0.043750 0.212500 1.000000
0 37 0.448828 0.522222 0.042969 0.213889 1.000000
0 38 0.450781 0.522917 0.042188 0.215278 1.000000
0 39 0.453516 0.524306 0.042969 0.215278 1.000000
0 40 0.456641 0.525000 0.042969 0.213889 1.000000
0 41 0.459375 0.527083 0.042188 0.215278 1.000000
0 42 0.462891 0.529861 0.042969 0.215278 1.000000
0 43 0.466016 0.529861 0.041406 0.212500 1.000000
0 44 0.469141 0.531944 0.041406 0.211111 1.000000
0 45 0.472266 0.531250 0.041406 0.209722 1.000000
0 46 0.475781 0.532639 0.040625 0.206944 1.000000
0 47 0.479297 0.533333 0.041406 0.205556 1.000000
0 48 0.481641 0.533333 0.041406 0.205556 1.000000
0 49 0.484766 0.533333 0.041406 0.205556 1.000000
0 50 0.487500 0.534028 0.040625 0.206944 1.000000
0 51 0.489844 0.533333 0.042188 0.205556 1.000000
0 52 0.492578 0.534028 0.042969 0.204167 1.000000
0 53 0.494922 0.535417 0.042969 0.204167 1.000000
0 54 0.497266 0.541667 0.042969 0.208333 1.000000
0 55 0.499609 0.545833 0.042969 0.205556 1.000000
0 56 0.502344 0.550000 0.042188 0.200000 1.000000
0 57 0.504297 0.556250 0.041406 0.190278 1.000000
0 58 0.507031 0.563194 0.040625 0.176389 1.000000
0 59 0.510156 0.564583 0.040625 0.173611 1.000000
0 60 0.512500 0.565278 0.040625 0.172222 1.000000
0 61 0.514453 0.563889 0.039844 0.175000 1.000000
0 62 0.516406 0.564583 0.039062 0.176389 1.000000
0 63 0.517578 0.564583 0.038281 0.176389 1.000000
0 64 0.518359 0.563889 0.035156 0.180556 1.000000
0 65 0.519531 0.562500 0.031250 0.183333 1.000000
0 66 0.519531 0.562500 0.029687 0.186111 1.000000
0 67 0.520703 0.559028 0.032031 0.190278 1.000000
0 68 0.522266 0.556944 0.032031 0.188889 1.000000
0 69 0.523828 0.555556 0.032031 0.188889 1.000000
0 70 0.525781 0.549306 0.035937 0.179167 1.000000
0 71 0.526172 0.546528 0.042969 0.179167 1.000000
0 72 0.523438 0.547917 0.051562 0.179167 1.000000
0 73 0.524219 0.547917 0.057813 0.179167 1.000000
0 74 0.525781 0.545139 0.057813 0.181944 1.000000
0 75 0.528516 0.543056 0.055469 0.183333 1.000000
0 76 0.533203 0.538194 0.053906 0.181944 1.000000
0 77 0.533203 0.538194 0.053906 0.181944 1.000000
0 78 0.537109 0.532639 0.050781 0.176389 1.000000
0 79 0.545312 0.522222 0.040625 0.158333 1.000000
0 80 0.550391 0.513889 0.035156 0.147222 1.000000
0 81 0.553516 0.510417 0.033594 0.143056 1.000000
0 82 0.555859 0.506944 0.032031 0.141667 1.000000
0 83 0.559375 0.505556 0.029687 0.147222 1.000000
0 84 0.562891 0.503472 0.025781 0.151389 1.000000
0 85 0.565234 0.500694 0.024219 0.154167 1.000000
0 86 0.566406 0.486806 0.023438 0.176389 1.000000
0 87 0.568750 0.472917 0.023438 0.201389 1.000000
0 88 0.572266 0.461806 0.021094 0.218056 1.000000
0 89 0.573438 0.448611 0.021875 0.230556 1.000000
0 90 0.576953 0.437500 0.025781 0.233333 1.000000
0 91 0.583203 0.434028 0.030469 0.220833 1.000000
0 92 0.587109 0.427778 0.033594 0.213889 1.000000
0 93 0.590625 0.416667 0.034375 0.211111 1.000000
0 94 0.595313 0.410417 0.040625 0.201389 1.000000
0 95 0.600000 0.408333 0.043750 0.197222 1.000000
0 96 0.605078 0.405556 0.046094 0.191667 1.000000
0 97 0.607812 0.406250 0.054688 0.190278 1.000000
0 98 0.609766 0.409028 0.063281 0.184722 1.000000
0 99 0.608984 0.404861 0.069531 0.187500 1.000000
0 100 0.607031 0.400000 0.073438 0.191667 1.000000
0 101 0.604297 0.400694 0.069531 0.204167 1.000000
0 102 0.604688 0.404861 0.070312 0.209722 1.000000
0 103 0.603516 0.411111 0.064844 0.211111 1.000000
0 104 0.606250 0.425694 0.067187 0.206944 1.000000
0 105 0.608984 0.434028 0.066406 0.190278 1.000000
0 106 0.613672 0.441667 0.064844 0.175000 1.000000
0 107 0.617188 0.446528 0.062500 0.165278 1.000000
0 108 0.622656 0.445833 0.059375 0.166667 1.000000
0 109 0.627734 0.443750 0.055469 0.170833 1.000000
0 110 0.632812 0.444444 0.051562 0.169444 1.000000
0 111 0.636328 0.445139 0.049219 0.168056 1.000000
0 112 0.638672 0.448611 0.049219 0.161111 1.000000
0 113 0.640234 0.452083 0.050781 0.154167 1.000000
0 114 0.641797 0.454167 0.050781 0.150000 1.000000
0 115 0.643750 0.452778 0.050000 0.152778 1.000000
0 116 0.643359 0.451389 0.047656 0.155556 1.000000
0 117 0.642969 0.450694 0.045312 0.156944 1.000000
0 118 0.641797 0.452778 0.042969 0.163889 1.000000
0 119 0.639844 0.454167 0.043750 0.163889 1.000000
0 120 0.633984 0.454861 0.044531 0.162500 1.000000
0 121 0.628906 0.456250 0.045312 0.159722 1.000000
0 122 0.625000 0.457639 0.043750 0.159722 1.000000
0 123 0.620703 0.460417 0.041406 0.156944 1.000000
0 124 0.617969 0.461806 0.042188 0.154167 1.000000
0 125 0.615234 0.463889 0.042969 0.152778 1.000000
0 126 0.611719 0.463889 0.043750 0.152778 1.000000
0 127 0.607812 0.463889 0.042188 0.152778 1.000000
0 128 0.601953 0.463194 0.039844 0.154167 1.000000
0 129 0.595703 0.461111 0.035156 0.152778 1.000000
0 130 0.591406 0.459028 0.035937 0.148611 1.000000
0 131 0.587500 0.459028 0.037500 0.148611 1.000000
0 132 0.584766 0.459722 0.038281 0.147222 1.000000
0 133 0.581250 0.461806 0.037500 0.143056 1.000000
0 134 0.575781 0.464583 0.039062 0.143056 1.000000
0 135 0.568359 0.468056 0.038281 0.147222 1.000000
0 136 0.560547 0.472222 0.038281 0.155556 1.000000
0 137 0.554688 0.476389 0.037500 0.158333 1.000000
0 138 0.549219 0.477778 0.035937 0.158333 1.000000
0 139 0.543750 0.481250 0.035937 0.162500 1.000000
0 140 0.539062 0.482639 0.034375 0.162500 1.000000
0 141 0.534766 0.484028 0.033594 0.159722 1.000000
0 142 0.531250 0.485417 0.032813 0.156944 1.000000
0 143 0.526953 0.487500 0.030469 0.152778 1.000000
0 144 0.523438 0.488194 0.031250 0.151389 1.000000
0 145 0.519922 0.489583 0.030469 0.151389 1.000000
0 146 0.517578 0.490278 0.032031 0.150000 1.000000
0 147 0.516016 0.493056 0.033594 0.152778 1.000000
0 148 0.513672 0.497917 0.033594 0.159722 1.000000
0 149 0.510938 0.500694 0.034375 0.162500 1.000000
0 150 0.508984 0.502778 0.035156 0.163889 1.000000
0 151 0.506641 0.506250 0.036719 0.165278 1.000000
0 152 0.505078 0.509722 0.036719 0.169444 1.000000
0 153 0.503125 0.511806 0.035937 0.168056 1.000000
0 154 0.501563 0.512500 0.035937 0.163889 1.000000
0 155 0.500391 0.514583 0.036719 0.165278 1.000000
0 156 0.498828 0.514583 0.036719 0.165278 1.000000
0 157 0.497656 0.514583 0.035937 0.165278 1.000000
0 158 0.494922 0.514583 0.036719 0.165278 1.000000
0 159 0.492578 0.515278 0.035156 0.166667 1.000000
0 160 0.490625 0.515972 0.035937 0.168056 1.000000
0 161 0.487891 0.518056 0.036719 0.169444 1.000000
0 162 0.485938 0.520139 0.035937 0.170833 1.000000
0 163 0.482812 0.522917 0.039062 0.173611 1.000000
0 164 0.481250 0.525000 0.039062 0.172222 1.000000
0 165 0.479297 0.526389 0.039844 0.169444 1.000000
0 166 0.478516 0.527083 0.039844 0.168056 1.000000
0 167 0.477734 0.527083 0.039844 0.170833 1.000000
0 168 0.476562 0.527083 0.039062 0.170833 1.000000
0 169 0.475000 0.526389 0.040625 0.172222 1.000000
0 170 0.473438 0.526389 0.040625 0.172222 1.000000
0 171 0.471875 0.525694 0.040625 0.173611 1.000000
0 172 0.469531 0.525694 0.039062 0.176389 1.000000
0 173 0.468359 0.526389 0.038281 0.177778 1.000000
0 174 0.467187 0.526389 0.039062 0.177778 1.000000
0 175 0.466406 0.526389 0.037500 0.177778 1.000000
0 176 0.467187 0.525000 0.032813 0.172222 1.000000
0 177 0.469922 0.525000 0.028906 0.172222 1.000000
0 178 0.469922 0.526389 0.032031 0.175000 1.000000
0 179 0.469922 0.527083 0.035156 0.173611 1.000000
0 180 0.469531 0.525694 0.035937 0.173611 1.000000
0 181 0.470703 0.523611 0.044531 0.172222 1.000000
0 182 0.473438 0.522917 0.048438 0.170833 1.000000
0 183 0.475000 0.522222 0.048438 0.169444 1.000000
0 184 0.475781 0.521528 0.045312 0.162500 1.000000
0 185 0.477344 0.522222 0.042188 0.161111 1.000000
0 186 0.477344 0.522222 0.040625 0.161111 1.000000
0 187 0.478125 0.521528 0.037500 0.162500 1.000000
0 188 0.479297 0.520833 0.035156 0.163889 1.000000
0 189 0.478906 0.520833 0.034375 0.163889 1.000000
0 190 0.478516 0.520139 0.033594 0.165278 1.000000
0 191 0.478516 0.519444 0.035156 0.166667 1.000000
0 192 0.477734 0.519444 0.035156 0.166667 1.000000
0 193 0.476953 0.520139 0.035156 0.168056 1.000000
0 194 0.475781 0.521528 0.034375 0.170833 1.000000
0 195 0.475000 0.522917 0.034375 0.173611 1.000000
0 196 0.475000 0.523611 0.034375 0.175000 1.000000
0 197 0.474609 0.525000 0.035156 0.177778 1.000000
0 198 0.473828 0.526389 0.035156 0.180556 1.000000
0 199 0.473438 0.528472 0.034375 0.181944 1.000000
0 200 0.473438 0.530556 0.034375 0.183333 1.000000
0 201 0.473438 0.531944 0.035937 0.183333 1.000000
0 202 0.471875 0.533333 0.037500 0.183333 1.000000
0 203 0.471484 0.534028 0.038281 0.181944 1.000000
0 204 0.471094 0.534722 0.039062 0.180556 1.000000
0 205 0.471484 0.534722 0.038281 0.180556 1.000000
0 206 0.471484 0.535417 0.038281 0.179167 1.000000
0 207 0.471094 0.535417 0.039062 0.179167 1.000000
0 208 0.471094 0.534722 0.039062 0.180556 1.000000
0 209 0.471094 0.534722 0.039062 0.180556 1.000000
0 210 0.470703 0.535417 0.039844 0.179167 1.000000
0 211 0.469922 0.535417 0.039844 0.179167 1.000000
0 212 0.469531 0.536111 0.039062 0.177778 1.000000
0 213 0.469531 0.536111 0.039062 0.177778 1.000000
0 214 0.468750 0.536111 0.039062 0.177778 1.000000
0 215 0.468359 0.536111 0.039844 0.177778 1.000000
0 216 0.468359 0.536111 0.039844 0.177778 1.000000
0 217 0.468359 0.536111 0.039844 0.177778 1.000000
0 218 0.468750 0.536111 0.039062 0.175000 1.000000
0 219 0.469531 0.536111 0.040625 0.175000 1.000000
0 220 0.470313 0.536806 0.040625 0.173611 1.000000
0 221 0.470703 0.538194 0.041406 0.170833 1.000000
0 222 0.470703 0.539583 0.041406 0.168056 1.000000
0 223 0.471875 0.542361 0.042188 0.165278 1.000000
0 224 0.471875 0.546528 0.039062 0.162500 1.000000
0 225 0.471094 0.549306 0.032813 0.162500 1.000000
0 226 0.472656 0.551389 0.031250 0.163889 1.000000
0 227 0.473438 0.553472 0.032813 0.162500 1.000000
0 228 0.471484 0.553472 0.039844 0.162500 1.000000
0 229 0.471484 0.554167 0.042969 0.163889 1.000000
0 230 0.472656 0.556250 0.045312 0.168056 1.000000
0 231 0.473828 0.559028 0.046094 0.170833 1.000000
0 232 0.476562 0.562500 0.046875 0.175000 1.000000
0 233 0.482812 0.565972 0.048438 0.173611 1.000000
0 234 0.490234 0.570139 0.042969 0.165278 1.000000
0 235 0.495703 0.570139 0.039844 0.162500 1.000000
0 236 0.500781 0.572222 0.034375 0.161111 1.000000
0 237 0.505078 0.575000 0.035156 0.166667 1.000000
0 238 0.510156 0.574306 0.035937 0.168056 1.000000
0 239 0.515625 0.572222 0.035937 0.175000 1.000000
0 240 0.519141 0.559028 0.035156 0.195833 1.000000
0 241 0.523828 0.550000 0.035156 0.211111 1.000000
0 242 0.529297 0.534028 0.035156 0.231944 1.000000
0 243 0.535937 0.522917 0.039062 0.234722 1.000000
0 244 0.542188 0.520139 0.035937 0.226389 1.000000
0 245 0.553516 0.520139 0.039844 0.223611 1.000000
0 246 0.559766 0.520833 0.042969 0.227778 1.000000
0 247 0.565234 0.522917 0.047656 0.223611 1.000000
0 248 0.570703 0.520139 0.052344 0.212500 1.000000
0 249 0.575781 0.523611 0.056250 0.205556 1.000000
0 250 0.581250 0.527778 0.057813 0.202778 1.000000
0 251 0.584766 0.532639 0.057031 0.212500 1.000000
0 252 0.580078 0.536806 0.057031 0.226389 1.000000
0 253 0.577344 0.543056 0.056250 0.241667 1.000000
0 254 0.576172 0.548611 0.055469 0.252778 1.000000
0 255 0.577344 0.556944 0.053125 0.258333 1.000000
0 256 0.578516 0.568056 0.058594 0.261111 1.000000
0 257 0.579297 0.575694 0.058594 0.259722 1.000000
0 258 0.579297 0.584722 0.055469 0.244444 1.000000
0 259 0.583984 0.595139 0.055469 0.223611 1.000000
0 260 0.592187 0.604861 0.046875 0.206944 1.000000
0 261 0.595703 0.606944 0.042969 0.202778 1.000000
0 262 0.598828 0.606250 0.038281 0.206944 1.000000
0 263 0.603125 0.605556 0.031250 0.211111 1.000000
0 264 0.605859 0.607639 0.028906 0.220833 1.000000
0 265 0.606641 0.611111 0.030469 0.225000 1.000000
0 266 0.607031 0.613889 0.031250 0.225000 1.000000
0 267 0.607422 0.615278 0.032031 0.216667 1.000000
0 268 0.608203 0.620833 0.032031 0.208333 1.000000
0 269 0.608984 0.627083 0.032031 0.198611 1.000000
0 270 0.607812 0.630556 0.035937 0.191667 1.000000
0 271 0.608984 0.636111 0.038281 0.180556 1.000000
0 272 0.609766 0.637500 0.038281 0.177778 1.000000
0 273 0.610547 0.637500 0.038281 0.177778 1.000000
0 274 0.610938 0.637500 0.037500 0.180556 1.000000
0 275 0.610938 0.638889 0.035937 0.180556 1.000000
0 276 0.611719 0.642361 0.035937 0.181944 1.000000
0 277 0.611719 0.647222 0.035937 0.186111 1.000000
0 278 0.611719 0.651389 0.035937 0.188889 1.000000
0 279 0.610547 0.654167 0.033594 0.194444 1.000000
0 280 0.610938 0.657639 0.031250 0.201389 1.000000
0 281 0.610938 0.660417 0.026562 0.206944 1.000000
0 282 0.609375 0.663194 0.021875 0.209722 1.000000
0 283 0.607812 0.665972 0.021875 0.209722 1.000000
0 284 0.605078 0.668056 0.024219 0.208333 1.000000
0 285 0.602734 0.669444 0.024219 0.208333 1.000000
0 286 0.601172 0.669444 0.025781 0.208333 1.000000
0 287 0.596484 0.668056 0.030469 0.208333 1.000000
0 288 0.592187 0.666667 0.034375 0.208333 1.000000
0 289 0.588672 0.665278 0.038281 0.208333 1.000000
0 290 0.584375 0.664583 0.042188 0.209722 1.000000
0 291 0.580859 0.663194 0.044531 0.209722 1.000000
0 292 0.576953 0.661806 0.046094 0.209722 1.000000
0 293 0.573438 0.659722 0.046875 0.211111 1.000000
0 294 0.569922 0.656944 0.047656 0.211111 1.000000
0 295 0.566406 0.653472 0.046875 0.212500 1.000000
0 296 0.562891 0.647917 0.042969 0.212500 1.000000
0 297 0.559766 0.641667 0.042969 0.211111 1.000000
0 298 0.557422 0.636806 0.039844 0.209722 1.000000
0 299 0.553906 0.631250 0.039062 0.209722 1.000000
0 300 0.550000 0.626389 0.037500 0.208333 1.000000
0 301 0.546484 0.624306 0.038281 0.206944 1.000000
0 302 0.542578 0.622917 0.036719 0.204167 1.000000
0 303 0.539062 0.622917 0.037500 0.204167 1.000000
0 304 0.534766 0.625000 0.035156 0.202778 1.000000
0 305 0.530469 0.626389 0.035937 0.202778 1.000000
0 306 0.526563 0.627083 0.037500 0.204167 1.000000
0 307 0.523438 0.626389 0.037500 0.202778 1.000000
0 308 0.523438 0.626389 0.037500 0.202778 1.000000
0 309 0.519922 0.623611 0.036719 0.202778 1.000000
0 310 0.514062 0.620833 0.037500 0.202778 1.000000
0 311 0.511719 0.615278 0.035937 0.200000 1.000000
0 312 0.509375 0.610417 0.035937 0.195833 1.000000
0 313 0.506641 0.606250 0.035156 0.193056 1.000000
0 314 0.504297 0.600000 0.035156 0.186111 1.000000
0 315 0.501563 0.595833 0.035937 0.183333 1.000000
0 316 0.498437 0.593056 0.035937 0.183333 1.000000
0 317 0.495703 0.592361 0.035156 0.184722 1.000000
0 318 0.492188 0.591667 0.037500 0.186111 1.000000
0 319 0.489063 0.590972 0.037500 0.187500 1.000000
0 320 0.485156 0.590972 0.037500 0.187500 1.000000
0 321 0.480859 0.589583 0.038281 0.187500 1.000000
0 322 0.476172 0.588194 0.038281 0.187500 1.000000
0 323 0.471484 0.586806 0.038281 0.184722 1.000000
0 324 0.466797 0.584722 0.039844 0.183333 1.000000
0 325 0.462891 0.579167 0.038281 0.175000 1.000000
0 326 0.459375 0.575694 0.037500 0.170833 1.000000
0 327 0.455469 0.574306 0.034375 0.170833 1.000000
0 328 0.453125 0.572222 0.032813 0.166667 1.000000
0 329 0.449609 0.570139 0.033594 0.168056 1.000000
0 330 0.446484 0.568056 0.033594 0.166667 1.000000
0 331 0.444141 0.567361 0.038281 0.170833 1.000000
0 332 0.441797 0.565278 0.041406 0.169444 1.000000
0 333 0.439453 0.565278 0.039844 0.169444 1.000000
0 334 0.437109 0.565278 0.039844 0.169444 1.000000
0 335 0.435156 0.565278 0.037500 0.169444 1.000000
0 336 0.433984 0.564583 0.033594 0.170833 1.000000
0 337 0.432031 0.564583 0.032813 0.170833 1.000000
0 338 0.430078 0.564583 0.032031 0.170833 1.000000
0 339 0.428516 0.563194 0.032031 0.173611 1.000000
0 340 0.426953 0.563194 0.032031 0.173611 1.000000
0 341 0.425391 0.562500 0.032031 0.175000 1.000000
0 342 0.423828 0.561806 0.032031 0.176389 1.000000
0 343 0.422266 0.561111 0.032031 0.177778 1.000000
0 344 0.420703 0.559028 0.032031 0.181944 1.000000
0 345 0.419531 0.557639 0.032813 0.181944 1.000000
0 346 0.418750 0.555556 0.032813 0.183333 1.000000
0 347 0.416797 0.554167 0.030469 0.183333 1.000000
0 348 0.415234 0.552778 0.027344 0.183333 1.000000
0 349 0.414844 0.551389 0.025000 0.183333 1.000000
0 350 0.416016 0.549306 0.024219 0.181944 1.000000
0 351 0.416797 0.547222 0.024219 0.180556 1.000000
0 352 0.418359 0.545833 0.024219 0.180556 1.000000
0 353 0.419922 0.545833 0.024219 0.180556 1.000000
0 354 0.421875 0.545833 0.023438 0.180556 1.000000
0 355 0.425000 0.545833 0.025000 0.180556 1.000000
0 356 0.427734 0.545139 0.025781 0.181944 1.000000
0 357 0.430859 0.544444 0.028906 0.180556 1.000000
0 358 0.433984 0.544444 0.030469 0.180556 1.000000
0 359 0.435937 0.543750 0.031250 0.179167 1.000000
0 360 0.437891 0.543056 0.032031 0.180556 1.000000
0 361 0.439844 0.542361 0.032813 0.181944 1.000000
0 362 0.441797 0.542361 0.032031 0.181944 1.000000
0 363 0.443359 0.541667 0.032031 0.183333 1.000000
0 364 0.445312 0.542361 0.031250 0.184722 1.000000
0 365 0.446875 0.542361 0.031250 0.184722 1.000000
0 366 0.447656 0.542361 0.029687 0.184722 1.000000
0 367 0.448828 0.542361 0.028906 0.184722 1.000000
0 368 0.450781 0.542361 0.028125 0.184722 1.000000
0 369 0.451562 0.542361 0.026562 0.184722 1.000000
0 370 0.452344 0.542361 0.025000 0.184722 1.000000
0 371 0.452734 0.541667 0.024219 0.183333 1.000000
0 372 0.452734 0.541667 0.022656 0.183333 1.000000
0 373 0.453516 0.541667 0.022656 0.183333 1.000000
0 374 0.453906 0.541667 0.021875 0.183333 1.000000
0 375 0.454688 0.541667 0.021875 0.183333 1.000000
0 376 0.455469 0.541667 0.021875 0.183333 1.000000
0 377 0.455859 0.541667 0.022656 0.183333 1.000000
0 378 0.456250 0.541667 0.023438 0.183333 1.000000
0 379 0.457422 0.541667 0.024219 0.183333 1.000000
0 380 0.458203 0.541667 0.024219 0.183333 1.000000
0 381 0.458984 0.541667 0.024219 0.183333 1.000000
0 382 0.459766 0.541667 0.025781 0.183333 1.000000
0 383 0.460547 0.541667 0.025781 0.183333 1.000000
0 384 0.461719 0.542361 0.026562 0.181944 1.000000
0 385 0.462500 0.541667 0.026562 0.183333 1.000000
0 386 0.463672 0.541667 0.027344 0.183333 1.000000
0 387 0.464453 0.541667 0.027344 0.183333 1.000000
0 388 0.466016 0.541667 0.027344 0.183333 1.000000
0 389 0.467187 0.542361 0.028125 0.184722 1.000000
0 390 0.468750 0.541667 0.028125 0.183333 1.000000
0 391 0.470313 0.541667 0.028125 0.183333 1.000000
0 392 0.471875 0.541667 0.028125 0.183333 1.000000
0 393 0.473438 0.541667 0.028125 0.183333 1.000000
0 394 0.475391 0.541667 0.027344 0.183333 1.000000
0 395 0.476953 0.541667 0.027344 0.183333 1.000000
0 396 0.478906 0.541667 0.026562 0.183333 1.000000
0 397 0.480469 0.541667 0.026562 0.183333 1.000000
0 398 0.482812 0.541667 0.026562 0.183333 1.000000
0 399 0.484766 0.541667 0.027344 0.183333 1.000000
0 400 0.486719 0.541667 0.026562 0.183333 1.000000
0 401 0.488281 0.541667 0.026562 0.183333 1.000000
0 402 0.489844 0.540972 0.026562 0.181944 1.000000
0 403 0.491016 0.540972 0.027344 0.181944 1.000000
0 404 0.492969 0.541667 0.026562 0.180556 1.000000
0 405 0.496875 0.541667 0.031250 0.180556 1.000000
0 406 0.498047 0.543056 0.028906 0.180556 1.000000
0 407 0.500391 0.543750 0.028906 0.179167 1.000000
0 408 0.501953 0.542361 0.028906 0.179167 1.000000
0 409 0.502344 0.540972 0.029687 0.179167 1.000000
0 410 0.504297 0.539583 0.028906 0.181944 1.000000
0 411 0.505859 0.539583 0.030469 0.187500 1.000000
0 412 0.507422 0.536806 0.030469 0.187500 1.000000
0 413 0.508984 0.533333 0.030469 0.183333 1.000000
0 414 0.510547 0.532639 0.030469 0.184722 1.000000
0 415 0.512109 0.531944 0.030469 0.186111 1.000000
0 416 0.513672 0.531250 0.030469 0.187500 1.000000
0 417 0.516406 0.528472 0.034375 0.184722 1.000000
0 418 0.517188 0.524306 0.034375 0.181944 1.000000
0 419 0.519141 0.521528 0.035156 0.181944 1.000000
0 420 0.520312 0.518750 0.034375 0.181944 1.000000
0 421 0.523438 0.515278 0.034375 0.183333 1.000000
0 422 0.525781 0.511111 0.035937 0.180556 1.000000
0 423 0.527734 0.509028 0.035156 0.179167 1.000000
0 424 0.529687 0.505556 0.034375 0.175000 1.000000
0 425 0.531641 0.501389 0.032031 0.169444 1.000000
0 426 0.533594 0.498611 0.031250 0.166667 1.000000
0 427 0.534766 0.493056 0.028906 0.161111 1.000000
0 428 0.535937 0.491667 0.029687 0.163889 1.000000
0 429 0.536719 0.490278 0.029687 0.163889 1.000000
0 430 0.537891 0.488194 0.030469 0.165278 1.000000
0 431 0.538672 0.487500 0.030469 0.166667 1.000000
0 432 0.539844 0.486806 0.031250 0.168056 1.000000
0 433 0.540625 0.485417 0.031250 0.168056 1.000000
0 434 0.541406 0.485417 0.031250 0.168056 1.000000
0 435 0.542578 0.485417 0.030469 0.168056 1.000000
0 436 0.543359 0.484028 0.028906 0.168056 1.000000
0 437 0.542188 0.482639 0.025000 0.168056 1.000000
0 438 0.542188 0.481250 0.025000 0.168056 1.000000
0 439 0.542578 0.477778 0.025781 0.166667 1.000000
0 440 0.542578 0.477778 0.025781 0.166667 1.000000
0 441 0.542969 0.473611 0.026562 0.163889 1.000000
0 442 0.541406 0.465972 0.034375 0.159722 1.000000
0 443 0.539062 0.465278 0.037500 0.158333 1.000000
0 444 0.538281 0.463889 0.040625 0.155556 1.000000
0 445 0.537891 0.464583 0.044531 0.154167 1.000000
0 446 0.537109 0.465972 0.049219 0.151389 1.000000
0 447 0.536719 0.466667 0.053125 0.150000 1.000000
0 448 0.536719 0.467361 0.056250 0.151389 1.000000
0 449 0.536719 0.467361 0.057813 0.151389 1.000000
0 450 0.537109 0.465972 0.058594 0.151389 1.000000
0 451 0.536719 0.464583 0.057813 0.151389 1.000000
0 452 0.535547 0.464583 0.053906 0.148611 1.000000
0 453 0.532813 0.464583 0.046875 0.145833 1.000000
0 454 0.529687 0.465278 0.037500 0.144444 1.000000
0 455 0.524609 0.466667 0.028906 0.141667 1.000000
0 456 0.521875 0.468750 0.031250 0.140278 1.000000
0 457 0.517969 0.468056 0.037500 0.138889 1.000000
0 458 0.513672 0.467361 0.041406 0.140278 1.000000
0 459 0.510547 0.466667 0.041406 0.141667 1.000000
0 460 0.507422 0.465278 0.047656 0.144444 1.000000
0 461 0.504687 0.464583 0.053125 0.145833 1.000000
0 462 0.501953 0.463889 0.055469 0.147222 1.000000
0 463 0.497656 0.463889 0.053125 0.147222 1.000000
0 464 0.491797 0.463889 0.044531 0.147222 1.000000
0 465 0.487109 0.461806 0.038281 0.145833 1.000000
0 466 0.484766 0.459722 0.035156 0.144444 1.000000
0 467 0.482031 0.458333 0.031250 0.144444 1.000000
0 468 0.475000 0.455556 0.032813 0.141667 1.000000
0 469 0.466797 0.454167 0.038281 0.141667 1.000000
0 470 0.459375 0.453472 0.039062 0.143056 1.000000
0 471 0.454297 0.453472 0.044531 0.143056 1.000000
0 472 0.449609 0.454167 0.050781 0.141667 1.000000
0 473 0.447266 0.455556 0.052344 0.138889 1.000000
0 474 0.444922 0.455556 0.050781 0.138889 1.000000
0 475 0.441406 0.455556 0.046875 0.136111 1.000000
0 476 0.436719 0.454167 0.042188 0.136111 1.000000
0 477 0.431641 0.451389 0.035156 0.138889 1.000000
0 478 0.428906 0.449306 0.032813 0.143056 1.000000
0 479 0.426953 0.447222 0.032031 0.144444 1.000000
0 480 0.423438 0.447222 0.031250 0.147222 1.000000
0 481 0.419141 0.445833 0.035156 0.147222 1.000000
0 482 0.414062 0.445139 0.039062 0.145833 1.000000
0 483 0.410156 0.445139 0.040625 0.145833 1.000000
0 484 0.405859 0.445833 0.042969 0.144444 1.000000
0 485 0.401562 0.447222 0.043750 0.141667 1.000000
0 486 0.397656 0.447917 0.045312 0.140278 1.000000
0 487 0.393750 0.448611 0.048438 0.138889 1.000000
0 488 0.391406 0.450694 0.048438 0.134722 1.000000
0 489 0.388281 0.452778 0.050000 0.130556 1.000000
0 490 0.385937 0.454861 0.053125 0.129167 1.000000
0 491 0.387500 0.456944 0.059375 0.127778 1.000000
0 492 0.388281 0.456944 0.065625 0.127778 1.000000
0 493 0.390625 0.455556 0.065625 0.130556 1.000000
0 494 0.389844 0.454861 0.064062 0.131944 1.000000
0 495 0.390234 0.454167 0.057031 0.133333 1.000000
0 496 0.390234 0.454861 0.047656 0.134722 1.000000
0 497 0.398047 0.455556 0.050781 0.133333 1.000000
0 498 0.400391 0.456944 0.052344 0.136111 1.000000
0 499 0.398438 0.459722 0.054688 0.138889 1.000000
0 500 0.395313 0.461806 0.056250 0.140278 1.000000
0 501 0.394141 0.455556 0.053906 0.155556 1.000000
0 502 0.398438 0.451389 0.057813 0.166667 1.000000
0 503 0.402344 0.451389 0.056250 0.175000 1.000000
0 504 0.405469 0.457639 0.053125 0.168056 1.000000
0 505 0.407031 0.464583 0.050000 0.168056 1.000000
0 506 0.407422 0.475000 0.050781 0.147222 1.000000
0 507 0.414844 0.481250 0.054688 0.137500 1.000000
0 508 0.425000 0.479861 0.051562 0.140278 1.000000
0 509 0.431250 0.477083 0.043750 0.143056 1.000000
0 510 0.435547 0.477778 0.044531 0.150000 1.000000
0 511 0.437109 0.477083 0.044531 0.154167 1.000000
0 512 0.433984 0.470833 0.039844 0.166667 1.000000
0 513 0.433594 0.456250 0.037500 0.195833 1.000000
0 514 0.432422 0.447917 0.036719 0.212500 1.000000
0 515 0.430859 0.431944 0.044531 0.213889 1.000000
0 516 0.434766 0.426389 0.050781 0.208333 1.000000
0 517 0.440625 0.420139 0.060937 0.198611 1.000000
0 518 0.444531 0.413194 0.070312 0.187500 1.000000
0 519 0.448437 0.409722 0.075000 0.175000 1.000000
0 520 0.450391 0.418750 0.069531 0.176389 1.000000
0 521 0.451953 0.421528 0.055469 0.170833 1.000000
0 522 0.450781 0.423611 0.045312 0.177778 1.000000
0 523 0.454297 0.413194 0.036719 0.195833 1.000000
0 524 0.453516 0.415278 0.038281 0.191667 1.000000
0 525 0.458984 0.427083 0.047656 0.156944 1.000000
0 526 0.460547 0.430556 0.046094 0.155556 1.000000
0 527 0.460938 0.435417 0.043750 0.159722 1.000000
0 528 0.462500 0.441667 0.040625 0.163889 1.000000
0 529 0.464453 0.451389 0.039844 0.163889 1.000000
0 530 0.465234 0.463889 0.036719 0.166667 1.000000
0 531 0.465625 0.476389 0.034375 0.172222 1.000000
0 532 0.466406 0.483333 0.032813 0.161111 1.000000
0 533 0.466406 0.487500 0.032813 0.152778 1.000000
0 534 0.467969 0.490278 0.034375 0.150000 1.000000
0 535 0.468750 0.495833 0.035937 0.161111 1.000000
0 536 0.469141 0.497222 0.035156 0.161111 1.000000
0 537 0.469141 0.497917 0.035156 0.159722 1.000000
0 538 0.468750 0.497917 0.035937 0.159722 1.000000
0 539 0.468750 0.497917 0.034375 0.159722 1.000000
0 540 0.468750 0.496528 0.034375 0.162500 1.000000
0 541 0.467187 0.495833 0.035937 0.163889 1.000000
0 542 0.464453 0.494444 0.038281 0.166667 1.000000
0 543 0.460547 0.494444 0.035156 0.172222 1.000000
0 544 0.458984 0.495833 0.035156 0.172222 1.000000
