0 1 0.637500 0.595833 0.050000 0.194444 0.000000 0.000000 1.000000
0 2 0.633203 0.594444 0.047656 0.194444 -0.004297 -0.001389 1.000000
0 3 0.628516 0.594444 0.049219 0.194444 -0.004687 0.000000 1.000000
0 4 0.623828 0.593750 0.046094 0.193056 -0.004687 -0.000694 1.000000
0 5 0.618359 0.594444 0.047656 0.194444 -0.005469 0.000694 1.000000
0 6 0.612891 0.593750 0.047656 0.193056 -0.005469 -0.000694 1.000000
0 7 0.605469 0.594444 0.050000 0.194444 -0.007422 0.000694 1.000000
0 8 0.600000 0.594444 0.048438 0.194444 -0.005469 0.000000 1.000000
0 9 0.592969 0.593750 0.051562 0.193056 -0.007031 -0.000694 1.000000
0 10 0.585938 0.593750 0.053125 0.193056 -0.007031 0.000000 1.000000
0 11 0.579688 0.593750 0.053125 0.193056 -0.006250 0.000000 1.000000
0 12 0.572266 0.593750 0.052344 0.193056 -0.007422 0.000000 1.000000
0 13 0.566016 0.593750 0.052344 0.193056 -0.006250 0.000000 1.000000
0 14 0.557422 0.593750 0.052344 0.193056 -0.008594 0.000000 1.000000
0 15 0.552734 0.593056 0.052344 0.191667 -0.004687 -0.000694 1.000000
0 16 0.545312 0.593750 0.050000 0.193056 -0.007422 0.000694 1.000000
0 17 0.538281 0.592361 0.050000 0.193056 -0.007031 -0.001389 1.000000
0 18 0.530469 0.592361 0.050000 0.193056 -0.007812 0.000000 1.000000
0 19 0.522656 0.592361 0.048438 0.193056 -0.007812 0.000000 1.000000
0 20 0.515625 0.590972 0.046875 0.193056 -0.007031 -0.001389 1.000000
0 21 0.510156 0.591667 0.046875 0.194444 -0.005469 0.000694 1.000000
0 22 0.503516 0.593056 0.046094 0.194444 -0.006641 0.001389 1.000000
0 23 0.497266 0.592361 0.044531 0.193056 -0.006250 -0.000694 1.000000
0 24 0.491406 0.592361 0.043750 0.193056 -0.005859 0.000000 1.000000
0 25 0.486328 0.592361 0.041406 0.193056 -0.005078 0.000000 1.000000
0 26 0.481641 0.592361 0.039844 0.190278 -0.004687 0.000000 1.000000
0 27 0.477344 0.593750 0.037500 0.190278 -0.004297 0.001389 1.000000
0 28 0.473828 0.595139 0.038281 0.190278 -0.003516 0.001389 1.000000
0 29 0.469922 0.595833 0.038281 0.188889 -0.003906 0.000694 1.000000
0 30 0.467578 0.595833 0.038281 0.188889 -0.002344 0.000000 1.000000
0 31 0.466016 0.596528 0.038281 0.187500 -0.001563 0.000694 1.000000
0 32 0.464844 0.596528 0.040625 0.187500 -0.001172 0.000000 1.000000
0 33 0.461328 0.596528 0.035156 0.187500 -0.003516 0.000000 1.000000
0 34 0.464453 0.596528 0.041406 0.187500 0.003125 0.000000 1.000000
0 35 0.462500 0.596528 0.039062 0.187500 -0.001953 0.000000 1.000000
0 36 0.463672 0.597222 0.041406 0.188889 0.001172 0.000694 1.000000
0 37 0.464844 0.600000 0.043750 0.188889 0.001172 0.002778 1.000000
0 38 0.466797 0.602083 0.047656 0.190278 0.001953 0.002083 1.000000
0 39 0.466406 0.600000 0.050000 0.191667 -0.000391 -0.002083 1.000000
0 40 0.466797 0.596528 0.050781 0.198611 0.000391 -0.003472 1.000000
0 41 0.467187 0.595139 0.050000 0.204167 0.000391 -0.001389 1.000000
0 42 0.467969 0.593056 0.051562 0.208333 0.000781 -0.002083 1.000000
0 43 0.468750 0.593056 0.051562 0.208333 0.000781 0.000000 1.000000
0 44 0.469922 0.588889 0.049219 0.216667 0.001172 -0.004167 1.000000
0 45 0.470703 0.586111 0.047656 0.222222 0.000781 -0.002778 1.000000
0 46 0.471484 0.585417 0.046094 0.220833 0.000781 -0.000694 1.000000
0 47 0.473047 0.584722 0.042969 0.219444 0.001563 -0.000694 1.000000
0 48 0.473438 0.587500 0.042188 0.222222 0.000391 0.002778 1.000000
0 49 0.474219 0.586111 0.040625 0.225000 0.000781 -0.001389 1.000000
0 50 0.475391 0.586111 0.039844 0.225000 0.001172 0.000000 1.000000
0 51 0.476172 0.586806 0.039844 0.223611 0.000781 0.000694 1.000000
0 52 0.476953 0.587500 0.038281 0.222222 0.000781 0.000694 1.000000
0 53 0.477734 0.588889 0.038281 0.219444 0.000781 0.001389 1.000000
0 54 0.477734 0.588194 0.036719 0.220833 0.000000 -0.000694 1.000000
0 55 0.478516 0.586806 0.036719 0.223611 0.000781 -0.001389 1.000000
0 56 0.478906 0.584028 0.037500 0.229167 0.000391 -0.002778 1.000000
0 57 0.478516 0.584028 0.036719 0.229167 -0.000391 0.000000 1.000000
0 58 0.478906 0.586111 0.037500 0.225000 0.000391 0.002083 1.000000
0 59 0.478516 0.588194 0.036719 0.223611 -0.000391 0.002083 1.000000
0 60 0.479297 0.593056 0.038281 0.222222 0.000781 0.004861 1.000000
0 61 0.480078 0.597222 0.036719 0.225000 0.000781 0.004167 1.000000
0 62 0.479687 0.604861 0.035937 0.220833 -0.000391 0.007639 1.000000
0 63 0.478516 0.610417 0.036719 0.218056 -0.001172 0.005556 1.000000
0 64 0.478906 0.615278 0.034375 0.216667 0.000391 0.004861 1.000000
0 65 0.478906 0.619444 0.034375 0.213889 0.000000 0.004167 1.000000
0 66 0.479687 0.622917 0.035937 0.209722 0.000781 0.003472 1.000000
0 67 0.480469 0.628472 0.035937 0.206944 0.000781 0.005556 1.000000
0 68 0.481641 0.636111 0.038281 0.202778 0.001172 0.007639 1.000000
0 69 0.480078 0.639583 0.036719 0.201389 -0.001563 0.003472 1.000000
0 70 0.481641 0.639583 0.039844 0.201389 0.001563 0.000000 1.000000
0 71 0.481641 0.639583 0.038281 0.195833 0.000000 0.000000 1.000000
0 72 0.479297 0.640278 0.036719 0.186111 -0.002344 0.000694 1.000000
0 73 0.479297 0.638889 0.036719 0.180556 0.000000 -0.001389 1.000000
0 74 0.479297 0.650000 0.035156 0.183333 0.000000 0.011111 1.000000
0 75 0.480469 0.651389 0.042188 0.177778 0.001172 0.001389 1.000000
0 76 0.478516 0.652083 0.046094 0.173611 -0.001953 0.000694 1.000000
0 77 0.475391 0.652778 0.052344 0.169444 -0.003125 0.000694 1.000000
0 78 0.473047 0.651389 0.057031 0.163889 -0.002344 -0.001389 1.000000
0 79 0.469922 0.651389 0.063281 0.161111 -0.003125 0.000000 1.000000
0 80 0.467578 0.653472 0.067969 0.168056 -0.002344 0.002083 1.000000
0 81 0.463281 0.654167 0.076563 0.175000 -0.004297 0.000694 1.000000
0 82 0.463281 0.654167 0.076563 0.175000 0.000000 0.000000 1.000000
0 83 0.459766 0.655556 0.083594 0.177778 -0.003516 0.001389 1.000000
0 84 0.450781 0.653472 0.085938 0.181944 -0.008984 -0.002083 1.000000
0 85 0.435547 0.650000 0.067969 0.188889 -0.015234 -0.003472 1.000000
0 86 0.430078 0.649306 0.067969 0.190278 -0.005469 -0.000694 1.000000
0 87 0.424219 0.652083 0.065625 0.184722 -0.005859 0.002778 1.000000
0 88 0.417187 0.649306 0.065625 0.184722 -0.007031 -0.002778 1.000000
0 89 0.410547 0.647222 0.063281 0.180556 -0.006641 -0.002083 1.000000
0 90 0.404687 0.646528 0.059375 0.176389 -0.005859 -0.000694 1.000000
0 91 0.399219 0.647222 0.054688 0.172222 -0.005469 0.000694 1.000000
0 92 0.392578 0.647917 0.052344 0.168056 -0.006641 0.000694 1.000000
0 93 0.378125 0.645833 0.060937 0.158333 -0.014453 -0.002083 1.000000
0 94 0.366797 0.645139 0.066406 0.156944 -0.011328 -0.000694 1.000000
0 95 0.358203 0.643750 0.069531 0.154167 -0.008594 -0.001389 1.000000
0 96 0.354687 0.644444 0.070312 0.155556 -0.003516 0.000694 1.000000
0 97 0.353125 0.644444 0.073438 0.155556 -0.001563 0.000000 1.000000
0 98 0.353125 0.643056 0.073438 0.158333 0.000000 -0.001389 1.000000
0 99 0.351562 0.642361 0.070312 0.159722 -0.001563 -0.000694 1.000000
0 100 0.349219 0.639583 0.064062 0.159722 -0.002344 -0.002778 1.000000
0 101 0.344531 0.636806 0.057813 0.159722 -0.004687 -0.002778 1.000000
0 102 0.338281 0.635417 0.053125 0.156944 -0.006250 -0.001389 1.000000
0 103 0.334766 0.636806 0.057031 0.159722 -0.003516 0.001389 1.000000
0 104 0.333203 0.637500 0.058594 0.161111 -0.001563 0.000694 1.000000
0 105 0.333594 0.637500 0.057813 0.161111 0.000391 0.000000 1.000000
0 106 0.333984 0.637500 0.057031 0.161111 0.000391 0.000000 1.000000
0 107 0.335547 0.636806 0.058594 0.162500 0.001563 -0.000694 1.000000
0 108 0.335547 0.634028 0.058594 0.162500 0.000000 -0.002778 1.000000
0 109 0.335547 0.632639 0.060156 0.159722 0.000000 -0.001389 1.000000
0 110 0.332813 0.631944 0.065625 0.158333 -0.002734 -0.000694 1.000000
0 111 0.330078 0.634028 0.071094 0.162500 -0.002734 0.002083 1.000000
0 112 0.328906 0.636806 0.071875 0.162500 -0.001172 0.002778 1.000000
0 113 0.328906 0.638194 0.071875 0.159722 0.000000 0.001389 1.000000
0 114 0.328906 0.638194 0.071875 0.159722 0.000000 0.000000 1.000000
0 115 0.327344 0.637500 0.068750 0.161111 -0.001563 -0.000694 1.000000
0 116 0.327344 0.636806 0.070312 0.162500 0.000000 -0.000694 1.000000
0 117 0.329297 0.632639 0.072656 0.159722 0.001953 -0.004167 1.000000
0 118 0.332031 0.631250 0.073438 0.159722 0.002734 -0.001389 1.000000
0 119 0.338281 0.629861 0.071875 0.159722 0.006250 -0.001389 1.000000
0 120 0.343359 0.629167 0.069531 0.158333 0.005078 -0.000694 1.000000
0 121 0.350781 0.629167 0.065625 0.161111 0.007422 0.000000 1.000000
0 122 0.357812 0.628472 0.059375 0.162500 0.007031 -0.000694 1.000000
0 123 0.361719 0.627778 0.057813 0.163889 0.003906 -0.000694 1.000000
0 124 0.364453 0.625694 0.061719 0.168056 0.002734 -0.002083 1.000000
0 125 0.367578 0.623611 0.066406 0.172222 0.003125 -0.002083 1.000000
0 126 0.372266 0.620833 0.069531 0.172222 0.004687 -0.002778 1.000000
0 127 0.382031 0.619444 0.081250 0.172222 0.009766 -0.001389 1.000000
0 128 0.385937 0.618056 0.078125 0.172222 0.003906 -0.001389 1.000000
0 129 0.391797 0.618056 0.074219 0.172222 0.005859 0.000000 1.000000
0 130 0.395313 0.618750 0.067187 0.170833 0.003516 0.000694 1.000000
0 131 0.402344 0.618750 0.060937 0.170833 0.007031 0.000000 1.000000
0 132 0.409766 0.618056 0.053906 0.172222 0.007422 -0.000694 1.000000
0 133 0.418750 0.618750 0.046875 0.176389 0.008984 0.000694 1.000000
0 134 0.427344 0.618056 0.039062 0.180556 0.008594 -0.000694 1.000000
0 135 0.432812 0.616667 0.040625 0.180556 0.005469 -0.001389 1.000000
0 136 0.439063 0.615278 0.046875 0.177778 0.006250 -0.001389 1.000000
0 137 0.446875 0.614583 0.051562 0.176389 0.007812 -0.000694 1.000000
0 138 0.452734 0.615278 0.049219 0.175000 0.005859 0.000694 1.000000
0 139 0.458594 0.618056 0.050000 0.172222 0.005859 0.002778 1.000000
0 140 0.460156 0.618056 0.045312 0.172222 0.001563 0.000000 1.000000
0 141 0.464062 0.618056 0.046875 0.172222 0.003906 0.000000 1.000000
0 142 0.467187 0.618056 0.048438 0.172222 0.003125 0.000000 1.000000
0 143 0.469531 0.617361 0.046875 0.173611 0.002344 -0.000694 1.000000
0 144 0.471875 0.615972 0.046875 0.176389 0.002344 -0.001389 1.000000
0 145 0.473828 0.615972 0.046094 0.176389 0.001953 0.000000 1.000000
0 146 0.475781 0.614583 0.045312 0.179167 0.001953 -0.001389 1.000000
0 147 0.475781 0.613194 0.042188 0.179167 0.000000 -0.001389 1.000000
0 148 0.476562 0.613194 0.042188 0.181944 0.000781 0.000000 1.000000
0 149 0.477734 0.611806 0.041406 0.181944 0.001172 -0.001389 1.000000
0 150 0.479297 0.611806 0.041406 0.181944 0.001563 0.000000 1.000000
0 151 0.480078 0.611111 0.041406 0.183333 0.000781 -0.000694 1.000000
0 152 0.480469 0.610417 0.039062 0.184722 0.000391 -0.000694 1.000000
0 153 0.481641 0.606944 0.036719 0.191667 0.001172 -0.003472 1.000000
0 154 0.482422 0.601389 0.036719 0.202778 0.000781 -0.005556 1.000000
0 155 0.484766 0.596528 0.038281 0.212500 0.002344 -0.004861 1.000000
0 156 0.484375 0.598611 0.034375 0.208333 -0.000391 0.002083 1.000000
0 157 0.485547 0.595833 0.033594 0.211111 0.001172 -0.002778 1.000000
0 158 0.485938 0.585417 0.034375 0.226389 0.000391 -0.010417 1.000000
0 159 0.486328 0.585417 0.036719 0.223611 0.000391 0.000000 1.000000
0 160 0.486719 0.581250 0.035937 0.223611 0.000391 -0.004167 1.000000
0 161 0.486719 0.581250 0.035937 0.220833 0.000000 0.000000 1.000000
0 162 0.487500 0.579861 0.037500 0.218056 0.000781 -0.001389 1.000000
0 163 0.487109 0.577083 0.036719 0.218056 -0.000391 -0.002778 1.000000
0 164 0.487109 0.577778 0.036719 0.216667 0.000000 0.000694 1.000000
0 165 0.486719 0.580556 0.035937 0.211111 -0.000391 0.002778 1.000000
0 166 0.487109 0.587500 0.036719 0.194444 0.000391 0.006944 1.000000
0 167 0.487109 0.588194 0.035156 0.193056 0.000000 0.000694 1.000000
0 168 0.487109 0.589583 0.033594 0.190278 0.000000 0.001389 1.000000
0 169 0.487109 0.589583 0.033594 0.190278 0.000000 0.000000 1.000000
0 170 0.487891 0.590972 0.033594 0.190278 0.000781 0.001389 1.000000
0 171 0.487500 0.590972 0.034375 0.190278 -0.000391 0.000000 1.000000
0 172 0.488672 0.588889 0.036719 0.191667 0.001172 -0.002083 1.000000
0 173 0.487891 0.586806 0.038281 0.195833 -0.000781 -0.002083 1.000000
0 174 0.488281 0.586111 0.037500 0.197222 0.000391 -0.000694 1.000000
0 175 0.488281 0.587500 0.037500 0.194444 0.000000 0.001389 1.000000
0 176 0.487891 0.592361 0.038281 0.190278 -0.000391 0.004861 1.000000
0 177 0.487891 0.596528 0.036719 0.190278 0.000000 0.004167 1.000000
0 178 0.487109 0.600000 0.035156 0.191667 -0.000781 0.003472 1.000000
0 179 0.488281 0.604167 0.035937 0.188889 0.001172 0.004167 1.000000
0 180 0.487500 0.607639 0.037500 0.184722 -0.000781 0.003472 1.000000
0 181 0.487500 0.607639 0.037500 0.184722 0.000000 0.000000 1.000000
0 182 0.487500 0.609722 0.037500 0.183333 0.000000 0.002083 1.000000
0 183 0.487891 0.618056 0.041406 0.186111 0.000391 0.008333 1.000000
0 184 0.487891 0.618750 0.041406 0.184722 0.000000 0.000694 1.000000
0 185 0.488672 0.620139 0.041406 0.181944 0.000781 0.001389 1.000000
0 186 0.488672 0.620833 0.041406 0.180556 0.000000 0.000694 1.000000
0 187 0.488281 0.621528 0.040625 0.179167 -0.000391 0.000694 1.000000
0 188 0.488281 0.620139 0.040625 0.181944 0.000000 -0.001389 1.000000
0 189 0.487891 0.615972 0.039844 0.190278 -0.000391 -0.004167 1.000000
0 190 0.488672 0.604167 0.039844 0.213889 0.000781 -0.011806 1.000000
0 191 0.488672 0.595139 0.036719 0.231944 0.000000 -0.009028 1.000000
0 192 0.490234 0.575694 0.033594 0.256944 0.001563 -0.019444 1.000000
0 193 0.491016 0.570139 0.036719 0.254167 0.000781 -0.005556 1.000000
0 194 0.491406 0.557639 0.037500 0.259722 0.000391 -0.012500 1.000000
0 195 0.492578 0.547222 0.035156 0.261111 0.001172 -0.010417 1.000000
0 196 0.492578 0.542361 0.035156 0.254167 0.000000 -0.004861 1.000000
0 197 0.494141 0.540278 0.035156 0.250000 0.001563 -0.002083 1.000000
0 198 0.495703 0.540972 0.038281 0.240278 0.001563 0.000694 1.000000
0 199 0.498047 0.543056 0.039844 0.236111 0.002344 0.002083 1.000000
0 200 0.498047 0.541667 0.039844 0.236111 0.000000 -0.001389 1.000000
0 201 0.496875 0.538194 0.039062 0.234722 -0.001172 -0.003472 1.000000
0 202 0.494531 0.536111 0.035937 0.236111 -0.002344 -0.002083 1.000000
0 203 0.493750 0.536806 0.040625 0.237500 -0.000781 0.000694 1.000000
0 204 0.491016 0.545139 0.038281 0.231944 -0.002734 0.008333 1.000000
0 205 0.490234 0.556944 0.038281 0.225000 -0.000781 0.011806 1.000000
0 206 0.490625 0.564583 0.039062 0.226389 0.000391 0.007639 1.000000
0 207 0.491406 0.574306 0.040625 0.204167 0.000781 0.009722 1.000000
0 208 0.493359 0.586111 0.039844 0.180556 0.001953 0.011806 1.000000
0 209 0.492578 0.585417 0.038281 0.179167 -0.000781 -0.000694 1.000000
0 210 0.492969 0.587500 0.037500 0.180556 0.000391 0.002083 1.000000
0 211 0.493359 0.586806 0.035156 0.181944 0.000391 -0.000694 1.000000
0 212 0.496484 0.586806 0.027344 0.187500 0.003125 0.000000 1.000000
0 213 0.496484 0.584722 0.027344 0.188889 0.000000 -0.002083 1.000000
0 214 0.495312 0.584722 0.028125 0.188889 -0.001172 0.000000 1.000000
0 215 0.494531 0.586111 0.031250 0.188889 -0.000781 0.001389 1.000000
0 216 0.493750 0.587500 0.032813 0.188889 -0.000781 0.001389 1.000000
0 217 0.493359 0.588889 0.035156 0.186111 -0.000391 0.001389 1.000000
0 218 0.491016 0.589583 0.038281 0.184722 -0.002344 0.000694 1.000000
0 219 0.488672 0.588889 0.042969 0.183333 -0.002344 -0.000694 1.000000
0 220 0.485938 0.588194 0.046875 0.184722 -0.002734 -0.000694 1.000000
0 221 0.483594 0.588194 0.050000 0.184722 -0.002344 0.000000 1.000000
0 222 0.483594 0.585417 0.050000 0.184722 0.000000 -0.002778 1.000000
0 223 0.484375 0.584028 0.051562 0.184722 0.000781 -0.001389 1.000000
0 224 0.482422 0.582639 0.055469 0.184722 -0.001953 -0.001389 1.000000
0 225 0.481250 0.582639 0.056250 0.184722 -0.001172 0.000000 1.000000
0 226 0.475781 0.581944 0.054688 0.186111 -0.005469 -0.000694 1.000000
0 227 0.471875 0.580556 0.054688 0.186111 -0.003906 -0.001389 1.000000
0 228 0.467969 0.579861 0.053125 0.187500 -0.003906 -0.000694 1.000000
0 229 0.463672 0.577083 0.046094 0.190278 -0.004297 -0.002778 1.000000
0 230 0.460156 0.576389 0.045312 0.191667 -0.003516 -0.000694 1.000000
0 231 0.457813 0.575000 0.043750 0.191667 -0.002344 -0.001389 1.000000
0 232 0.455859 0.574306 0.044531 0.193056 -0.001953 -0.000694 1.000000
0 233 0.453906 0.575000 0.040625 0.191667 -0.001953 0.000694 1.000000
0 234 0.452344 0.575000 0.042188 0.191667 -0.001563 0.000000 1.000000
0 235 0.450391 0.575000 0.041406 0.191667 -0.001953 0.000000 1.000000
0 236 0.448047 0.575000 0.041406 0.191667 -0.002344 0.000000 1.000000
0 237 0.446484 0.575000 0.042969 0.191667 -0.001563 0.000000 1.000000
0 238 0.446094 0.575000 0.046875 0.191667 -0.000391 0.000000 1.000000
0 239 0.444531 0.574306 0.048438 0.190278 -0.001563 -0.000694 1.000000
