0 37 0.516406 0.643056 0.056771 0.258333 0.000000 0.000000 1.000000
0 38 0.517448 0.645370 0.057813 0.261111 0.001042 0.002315 1.000000
0 39 0.517188 0.648611 0.056250 0.263889 -0.000260 0.003241 1.000000
0 40 0.516406 0.652315 0.053646 0.267593 -0.000781 0.003704 1.000000
0 41 0.516667 0.653241 0.052083 0.267593 0.000260 0.000926 1.000000
0 42 0.516667 0.654630 0.051042 0.266667 0.000000 0.001389 1.000000
0 43 0.516927 0.656019 0.050521 0.265741 0.000260 0.001389 1.000000
0 44 0.516927 0.656019 0.049479 0.263889 0.000000 0.000000 1.000000
0 45 0.517969 0.658333 0.050521 0.264815 0.001042 0.002315 1.000000
0 46 0.519271 0.659722 0.052083 0.265741 0.001302 0.001389 1.000000
0 47 0.520833 0.660185 0.054167 0.262963 0.001563 0.000463 1.000000
0 48 0.523177 0.661111 0.053646 0.262963 0.002344 0.000926 1.000000
0 49 0.523438 0.662037 0.052083 0.262963 0.000260 0.000926 1.000000
0 50 0.524479 0.662037 0.051042 0.262963 0.001042 0.000000 1.000000
0 51 0.524740 0.662037 0.049479 0.262963 0.000260 0.000000 1.000000
0 52 0.525260 0.662963 0.048438 0.262963 0.000521 0.000926 1.000000
0 53 0.526042 0.662963 0.046875 0.262963 0.000781 0.000000 1.000000
0 54 0.526563 0.663889 0.045833 0.262963 0.000521 0.000926 1.000000
0 55 0.526563 0.663426 0.045833 0.262037 0.000000 -0.000463 1.000000
0 56 0.526563 0.664352 0.045833 0.262037 0.000000 0.000926 1.000000
0 57 0.526042 0.664352 0.045833 0.262037 -0.000521 0.000000 1.000000
0 58 0.526042 0.665278 0.045833 0.262037 0.000000 0.000926 1.000000
0 59 0.526042 0.665278 0.045833 0.262037 0.000000 0.000000 1.000000
0 60 0.526042 0.666204 0.045833 0.262037 0.000000 0.000926 1.000000
0 61 0.525260 0.666204 0.046354 0.262037 -0.000781 0.000000 1.000000
0 62 0.525000 0.667130 0.046875 0.262037 -0.000260 0.000926 1.000000
0 63 0.524740 0.666667 0.047396 0.261111 -0.000260 -0.000463 1.000000
0 64 0.524479 0.667593 0.047917 0.261111 -0.000260 0.000926 1.000000
0 65 0.524479 0.666667 0.047917 0.261111 0.000000 -0.000926 1.000000
0 66 0.524219 0.666667 0.047396 0.261111 -0.000260 0.000000 1.000000
0 67 0.523698 0.667130 0.047396 0.262037 -0.000521 0.000463 1.000000
0 68 0.523698 0.667130 0.047396 0.262037 0.000000 0.000000 1.000000
0 69 0.522917 0.667593 0.046875 0.262963 -0.000781 0.000463 1.000000
0 70 0.522396 0.667593 0.046875 0.262963 -0.000521 0.000000 1.000000
0 71 0.521875 0.668056 0.046875 0.263889 -0.000521 0.000463 1.000000
0 72 0.521875 0.668056 0.046875 0.263889 0.000000 0.000000 1.000000
0 73 0.521094 0.668519 0.046354 0.264815 -0.000781 0.000463 1.000000
0 74 0.520573 0.668519 0.046354 0.264815 -0.000521 0.000000 1.000000
0 75 0.520573 0.668981 0.046354 0.265741 0.000000 0.000463 1.000000
0 76 0.519792 0.668056 0.045833 0.265741 -0.000781 -0.000926 1.000000
0 77 0.519271 0.668056 0.045833 0.265741 -0.000521 0.000000 1.000000
0 78 0.519271 0.668056 0.045833 0.265741 0.000000 0.000000 1.000000
0 79 0.518750 0.668056 0.045833 0.265741 -0.000521 0.000000 1.000000
0 80 0.517969 0.668056 0.045312 0.265741 -0.000781 0.000000 1.000000
0 81 0.517969 0.667593 0.045312 0.264815 0.000000 -0.000463 1.000000
0 82 0.517969 0.666667 0.045312 0.264815 0.000000 -0.000926 1.000000
0 83 0.517969 0.666667 0.045312 0.264815 0.000000 0.000000 1.000000
0 84 0.517969 0.665278 0.045312 0.263889 0.000000 -0.001389 1.000000
0 85 0.517969 0.665278 0.045312 0.263889 0.000000 0.000000 1.000000
0 86 0.518229 0.664352 0.045833 0.263889 0.000260 -0.000926 1.000000
0 87 0.518229 0.663889 0.045833 0.262963 0.000000 -0.000463 1.000000
0 88 0.518750 0.662963 0.045833 0.262963 0.000521 -0.000926 1.000000
0 89 0.518750 0.662963 0.045833 0.262963 0.000000 0.000000 1.000000
0 90 0.518750 0.661574 0.045833 0.262037 0.000000 -0.001389 1.000000
0 91 0.518750 0.661574 0.045833 0.262037 0.000000 0.000000 1.000000
0 92 0.518750 0.661574 0.045833 0.263889 0.000000 0.000000 1.000000
0 93 0.518750 0.662500 0.045833 0.265741 0.000000 0.000926 1.000000
0 94 0.518750 0.662500 0.045833 0.267593 0.000000 0.000000 1.000000
0 95 0.518750 0.663426 0.045833 0.269444 0.000000 0.000926 1.000000
0 96 0.518229 0.659259 0.045833 0.270370 -0.000521 -0.004167 1.000000
0 97 0.518490 0.658796 0.045312 0.269444 0.000260 -0.000463 1.000000
0 98 0.518229 0.657407 0.044792 0.268519 -0.000260 -0.001389 1.000000
0 99 0.518750 0.656944 0.044792 0.267593 0.000521 -0.000463 1.000000
0 100 0.519010 0.655556 0.044271 0.266667 0.000260 -0.001389 1.000000
0 101 0.519531 0.655093 0.044271 0.265741 0.000521 -0.000463 1.000000
0 102 0.519271 0.653704 0.043750 0.264815 -0.000260 -0.001389 1.000000
0 103 0.519531 0.653241 0.043229 0.263889 0.000260 -0.000463 1.000000
0 104 0.520052 0.652778 0.043229 0.262963 0.000521 -0.000463 1.000000
0 105 0.519792 0.651389 0.042708 0.262037 -0.000260 -0.001389 1.000000
0 106 0.520312 0.650926 0.042708 0.261111 0.000521 -0.000463 1.000000
0 107 0.520573 0.649537 0.042188 0.260185 0.000260 -0.001389 1.000000
0 108 0.520573 0.650000 0.042188 0.261111 0.000000 0.000463 1.000000
0 109 0.520833 0.649537 0.041667 0.262037 0.000260 -0.000463 1.000000
0 110 0.520573 0.650000 0.041146 0.261111 -0.000260 0.000463 1.000000
0 111 0.520312 0.650926 0.040625 0.261111 -0.000260 0.000926 1.000000
0 112 0.520573 0.651852 0.040104 0.261111 0.000260 0.000926 1.000000
0 113 0.520312 0.651389 0.039583 0.260185 -0.000260 -0.000463 1.000000
0 114 0.520052 0.652315 0.039062 0.260185 -0.000260 0.000926 1.000000
0 115 0.519792 0.653241 0.038542 0.260185 -0.000260 0.000926 1.000000
0 116 0.519531 0.652778 0.038021 0.259259 -0.000260 -0.000463 1.000000
0 117 0.519792 0.653704 0.037500 0.259259 0.000260 0.000926 1.000000
0 118 0.519531 0.654630 0.036979 0.259259 -0.000260 0.000926 1.000000
0 119 0.519271 0.655093 0.036458 0.258333 -0.000260 0.000463 1.000000
0 120 0.519010 0.655093 0.035937 0.258333 -0.000260 0.000000 1.000000
0 121 0.519531 0.656019 0.035937 0.258333 0.000521 0.000926 1.000000
0 122 0.519271 0.656481 0.035417 0.257407 -0.000260 0.000463 1.000000
0 123 0.520052 0.657407 0.036979 0.255556 0.000781 0.000926 1.000000
0 124 0.520573 0.658796 0.039062 0.252778 0.000521 0.001389 1.000000
0 125 0.521354 0.660185 0.040625 0.250000 0.000781 0.001389 1.000000
0 126 0.522396 0.662037 0.042708 0.248148 0.001042 0.001852 1.000000
0 127 0.523177 0.662500 0.044271 0.245370 0.000781 0.000463 1.000000
0 128 0.523177 0.665741 0.046354 0.242593 0.000000 0.003241 1.000000
0 129 0.523177 0.669444 0.047396 0.235185 0.000000 0.003704 1.000000
0 130 0.523438 0.674074 0.047917 0.227778 0.000260 0.004630 1.000000
0 131 0.525000 0.675000 0.047917 0.225926 0.001563 0.000926 1.000000
0 132 0.526042 0.676852 0.047917 0.224074 0.001042 0.001852 1.000000
0 133 0.527344 0.678704 0.047396 0.222222 0.001302 0.001852 1.000000
0 134 0.528906 0.680093 0.047396 0.219444 0.001563 0.001389 1.000000
0 135 0.530208 0.681944 0.046875 0.217593 0.001302 0.001852 1.000000
0 136 0.531250 0.683796 0.046875 0.215741 0.001042 0.001852 1.000000
0 137 0.532031 0.684259 0.048438 0.212963 0.000781 0.000463 1.000000
0 138 0.532292 0.686111 0.050000 0.211111 0.000260 0.001852 1.000000
0 139 0.532552 0.687963 0.051562 0.209259 0.000260 0.001852 1.000000
0 140 0.532813 0.689815 0.053125 0.207407 0.000260 0.001852 1.000000
0 141 0.536458 0.688426 0.051042 0.208333 0.003646 -0.001389 1.000000
0 142 0.539583 0.686111 0.048958 0.209259 0.003125 -0.002315 1.000000
0 143 0.542969 0.683796 0.047396 0.210185 0.003385 -0.002315 1.000000
0 144 0.546615 0.681019 0.045312 0.212037 0.003646 -0.002778 1.000000
0 145 0.549740 0.677778 0.043229 0.212963 0.003125 -0.003241 1.000000
0 146 0.556771 0.674074 0.053125 0.211111 0.007031 -0.003704 1.000000
0 147 0.561458 0.671296 0.054167 0.211111 0.004687 -0.002778 1.000000
0 148 0.565625 0.669907 0.055208 0.215741 0.004167 -0.001389 1.000000
0 149 0.567448 0.670370 0.051562 0.216667 0.001823 0.000463 1.000000
0 150 0.571354 0.670370 0.047917 0.214815 0.003906 0.000000 1.000000
0 151 0.574740 0.670370 0.047396 0.212963 0.003385 0.000000 1.000000
0 152 0.578125 0.670370 0.046875 0.211111 0.003385 0.000000 1.000000
0 153 0.580990 0.670833 0.046354 0.210185 0.002865 0.000463 1.000000
0 154 0.584375 0.671759 0.045833 0.208333 0.003385 0.000926 1.000000
0 155 0.587760 0.671759 0.045312 0.206481 0.003385 0.000000 1.000000
0 156 0.591146 0.671759 0.045833 0.204630 0.003385 0.000000 1.000000
0 157 0.595573 0.672685 0.047396 0.202778 0.004427 0.000926 1.000000
0 158 0.601562 0.675463 0.046875 0.200926 0.005990 0.002778 1.000000
0 159 0.604167 0.678704 0.046875 0.200000 0.002604 0.003241 1.000000
0 160 0.606250 0.682870 0.046875 0.191667 0.002083 0.004167 1.000000
0 161 0.605990 0.683333 0.046354 0.185185 -0.000260 0.000463 1.000000
0 162 0.607031 0.683796 0.046354 0.178704 0.001042 0.000463 1.000000
0 163 0.607812 0.682407 0.045833 0.172222 0.000781 -0.001389 1.000000
0 164 0.608854 0.681019 0.045833 0.165741 0.001042 -0.001389 1.000000
0 165 0.609115 0.681481 0.045312 0.161111 0.000260 0.000463 1.000000
0 166 0.610156 0.681019 0.045312 0.156481 0.001042 -0.000463 1.000000
0 167 0.609896 0.680556 0.044792 0.153704 -0.000260 -0.000463 1.000000
0 168 0.610417 0.679167 0.044792 0.150926 0.000521 -0.001389 1.000000
0 169 0.610677 0.676852 0.044271 0.155556 0.000260 -0.002315 1.000000
0 170 0.610417 0.671759 0.043750 0.158333 -0.000260 -0.005093 1.000000
0 171 0.609896 0.672222 0.044792 0.159259 -0.000521 0.000463 1.000000
0 172 0.609115 0.673148 0.045312 0.159259 -0.000781 0.000926 1.000000
0 173 0.608854 0.673148 0.045833 0.159259 -0.000260 0.000000 1.000000
0 174 0.608073 0.674537 0.046354 0.160185 -0.000781 0.001389 1.000000
0 175 0.607292 0.674537 0.046875 0.160185 -0.000781 0.000000 1.000000
0 176 0.606510 0.675463 0.047396 0.160185 -0.000781 0.000926 1.000000
0 177 0.605729 0.675926 0.047917 0.161111 -0.000781 0.000463 1.000000
0 178 0.604948 0.676852 0.048438 0.161111 -0.000781 0.000926 1.000000
0 179 0.604688 0.678241 0.048958 0.162037 -0.000260 0.001389 1.000000
0 180 0.603906 0.679167 0.049479 0.160185 -0.000781 0.000926 1.000000
0 181 0.603125 0.680556 0.050000 0.159259 -0.000781 0.001389 1.000000
0 182 0.602604 0.678704 0.051042 0.164815 -0.000521 -0.001852 1.000000
0 183 0.601302 0.676852 0.051562 0.170370 -0.001302 -0.001852 1.000000
0 184 0.599479 0.668519 0.052083 0.187037 -0.001823 -0.008333 1.000000
0 185 0.598698 0.667593 0.052604 0.188889 -0.000781 -0.000926 1.000000
0 186 0.596875 0.664352 0.053125 0.202778 -0.001823 -0.003241 1.000000
0 187 0.596094 0.664815 0.051562 0.216667 -0.000781 0.000463 1.000000
0 188 0.595313 0.661111 0.052083 0.227778 -0.000781 -0.003704 1.000000
0 189 0.594531 0.661574 0.052604 0.232407 -0.000781 0.000463 1.000000
0 190 0.597656 0.665741 0.060937 0.240741 0.003125 0.004167 1.000000
0 191 0.598958 0.668519 0.064583 0.242593 0.001302 0.002778 1.000000
0 192 0.600000 0.671296 0.067708 0.244444 0.001042 0.002778 1.000000
0 193 0.601302 0.674074 0.071354 0.246296 0.001302 0.002778 1.000000
0 194 0.602604 0.679630 0.075000 0.253704 0.001302 0.005556 1.000000
0 195 0.601042 0.683333 0.072917 0.257407 -0.001563 0.003704 1.000000
0 196 0.593490 0.684722 0.057813 0.256481 -0.007552 0.001389 1.000000
0 197 0.597396 0.690278 0.066667 0.263889 0.003906 0.005556 1.000000
0 198 0.594271 0.693519 0.061458 0.266667 -0.003125 0.003241 1.000000
0 199 0.591927 0.697222 0.057813 0.270370 -0.002344 0.003704 1.000000
0 200 0.589063 0.700926 0.054167 0.274074 -0.002865 0.003704 1.000000
0 201 0.588281 0.708333 0.053646 0.275926 -0.000781 0.007407 1.000000
0 202 0.587240 0.715741 0.052604 0.277778 -0.001042 0.007407 1.000000
0 203 0.589063 0.718056 0.052083 0.276852 0.001823 0.002315 1.000000
0 204 0.591146 0.721296 0.052083 0.277778 0.002083 0.003241 1.000000
0 205 0.593750 0.725926 0.052083 0.279630 0.002604 0.004630 1.000000
0 206 0.595833 0.729630 0.052083 0.281481 0.002083 0.003704 1.000000
0 207 0.597917 0.732870 0.052083 0.282407 0.002083 0.003241 1.000000
0 208 0.600521 0.736574 0.052083 0.284259 0.002604 0.003704 1.000000
0 209 0.602865 0.741204 0.052604 0.286111 0.002344 0.004630 1.000000
0 210 0.605469 0.744444 0.052604 0.287037 0.002604 0.003241 1.000000
0 211 0.604948 0.741667 0.052604 0.303704 -0.000521 -0.002778 1.000000
0 212 0.604948 0.736574 0.052604 0.319444 0.000000 -0.005093 1.000000
0 213 0.604948 0.736574 0.052604 0.328704 0.000000 0.000000 1.000000
0 214 0.605469 0.735185 0.052604 0.342593 0.000521 -0.001389 1.000000
0 215 0.605469 0.733796 0.052604 0.354630 0.000000 -0.001389 1.000000
0 216 0.605469 0.738889 0.052604 0.361111 0.000000 0.005093 1.000000
0 217 0.605729 0.744907 0.053125 0.356481 0.000260 0.006019 1.000000
0 218 0.607292 0.759722 0.053125 0.339815 0.001563 0.014815 1.000000
0 219 0.608333 0.759259 0.053125 0.346296 0.001042 -0.000463 1.000000
0 220 0.608333 0.758796 0.053125 0.352778 0.000000 -0.000463 1.000000
0 221 0.608333 0.760648 0.053125 0.347222 0.000000 0.001852 1.000000
0 222 0.608333 0.763426 0.053125 0.341667 0.000000 0.002778 1.000000
0 223 0.608333 0.764815 0.053125 0.335185 0.000000 0.001389 1.000000
0 224 0.608333 0.764815 0.053125 0.333333 0.000000 0.000000 1.000000
0 225 0.608333 0.765741 0.053125 0.331481 0.000000 0.000926 1.000000
0 226 0.608333 0.765278 0.053125 0.328704 0.000000 -0.000463 1.000000
0 227 0.608333 0.762963 0.053125 0.331481 0.000000 -0.002315 1.000000
0 228 0.608333 0.760648 0.053125 0.334259 0.000000 -0.002315 1.000000
0 229 0.608594 0.759722 0.053646 0.334259 0.000260 -0.000926 1.000000
0 230 0.608854 0.759259 0.054167 0.335185 0.000260 -0.000463 1.000000
0 231 0.609115 0.759259 0.054688 0.335185 0.000260 0.000000 1.000000
0 232 0.609375 0.758796 0.055208 0.336111 0.000260 -0.000463 1.000000
0 233 0.609635 0.757870 0.055729 0.336111 0.000260 -0.000926 1.000000
0 234 0.609896 0.757407 0.056250 0.337037 0.000260 -0.000463 1.000000
0 235 0.610156 0.757407 0.056771 0.337037 0.000260 0.000000 1.000000
0 236 0.608333 0.757870 0.053125 0.339815 -0.001823 0.000463 1.000000
0 237 0.607292 0.757407 0.051042 0.338889 -0.001042 -0.000463 1.000000
0 238 0.606510 0.757870 0.049479 0.337963 -0.000781 0.000463 1.000000
0 239 0.606510 0.757407 0.049479 0.337037 0.000000 -0.000463 1.000000
0 240 0.606250 0.756944 0.047917 0.336111 -0.000260 -0.000463 1.000000
0 241 0.605990 0.756944 0.047396 0.336111 -0.000260 0.000000 1.000000
0 242 0.605208 0.756481 0.046875 0.335185 -0.000781 -0.000463 1.000000
0 243 0.604948 0.756481 0.046354 0.335185 -0.000260 0.000000 1.000000
0 244 0.604688 0.756019 0.045833 0.334259 -0.000260 -0.000463 1.000000
0 245 0.604167 0.755093 0.044792 0.332407 -0.000521 -0.000926 1.000000
0 246 0.602865 0.754167 0.043229 0.330556 -0.001302 -0.000926 1.000000
0 247 0.602344 0.753241 0.042188 0.330556 -0.000521 -0.000926 1.000000
0 248 0.602083 0.753241 0.041667 0.330556 -0.000260 0.000000 1.000000
0 249 0.601562 0.753241 0.040625 0.330556 -0.000521 0.000000 1.000000
0 250 0.600781 0.753241 0.040104 0.330556 -0.000781 0.000000 1.000000
0 251 0.600781 0.751852 0.040104 0.331481 0.000000 -0.001389 1.000000
0 252 0.600521 0.749537 0.040625 0.332407 -0.000260 -0.002315 1.000000
0 253 0.600260 0.747222 0.041146 0.333333 -0.000260 -0.002315 1.000000
0 254 0.600521 0.744907 0.041667 0.334259 0.000260 -0.002315 1.000000
0 255 0.600260 0.742593 0.042188 0.335185 -0.000260 -0.002315 1.000000
0 256 0.600000 0.743519 0.042708 0.331481 -0.000260 0.000926 1.000000
0 257 0.600260 0.743519 0.043229 0.327778 0.000260 0.000000 1.000000
0 258 0.600000 0.743519 0.043750 0.324074 -0.000260 0.000000 1.000000
0 259 0.599740 0.744444 0.044271 0.320370 -0.000260 0.000926 1.000000
0 260 0.599740 0.744444 0.044271 0.314815 0.000000 0.000000 1.000000
0 261 0.599479 0.745833 0.044792 0.310185 -0.000260 0.001389 1.000000
0 262 0.599219 0.746296 0.045312 0.305556 -0.000260 0.000463 1.000000
0 263 0.598958 0.744444 0.045833 0.305556 -0.000260 -0.001852 1.000000
0 264 0.599219 0.743519 0.046354 0.305556 0.000260 -0.000926 1.000000
0 265 0.598958 0.736111 0.046875 0.316667 -0.000260 -0.007407 1.000000
0 266 0.598698 0.732870 0.047396 0.319444 -0.000260 -0.003241 1.000000
0 267 0.596354 0.722222 0.042708 0.329630 -0.002344 -0.010648 1.000000
0 268 0.595052 0.718981 0.041146 0.341667 -0.001302 -0.003241 1.000000
0 269 0.593750 0.714352 0.039583 0.341667 -0.001302 -0.004630 1.000000
0 270 0.593229 0.708796 0.038542 0.341667 -0.000521 -0.005556 1.000000
0 271 0.592187 0.722222 0.056250 0.314815 -0.001042 0.013426 1.000000
0 272 0.594010 0.723611 0.056771 0.313889 0.001823 0.001389 1.000000
0 273 0.593229 0.721759 0.056250 0.312037 -0.000781 -0.001852 1.000000
0 310 0.560937 0.648611 0.032292 0.249074 -0.000873 -0.001977 1.000000
0 311 0.556771 0.646759 0.039583 0.252778 -0.004167 -0.001852 1.000000
0 312 0.561458 0.649074 0.028125 0.253704 0.004687 0.002315 1.000000
0 313 0.558854 0.650000 0.034375 0.253704 -0.002604 0.000926 1.000000
0 314 0.555990 0.651389 0.040104 0.252778 -0.002865 0.001389 1.000000
0 315 0.552865 0.652315 0.046354 0.252778 -0.003125 0.000926 1.000000
0 316 0.550000 0.652778 0.052083 0.251852 -0.002865 0.000463 1.000000
0 317 0.549740 0.653704 0.052604 0.251852 -0.000260 0.000926 1.000000
0 318 0.549740 0.654167 0.052604 0.250926 0.000000 0.000463 1.000000
0 319 0.549479 0.654630 0.053125 0.250000 -0.000260 0.000463 1.000000
0 320 0.549479 0.655556 0.053125 0.250000 0.000000 0.000926 1.000000
0 321 0.546354 0.654630 0.059375 0.255556 -0.003125 -0.000926 1.000000
0 322 0.547396 0.655556 0.060417 0.253704 0.001042 0.000926 1.000000
0 323 0.548438 0.656481 0.061458 0.251852 0.001042 0.000926 1.000000
0 324 0.549479 0.657407 0.062500 0.250000 0.001042 0.000926 1.000000
0 325 0.550781 0.658333 0.064062 0.248148 0.001302 0.000926 1.000000
0 326 0.551823 0.659259 0.065104 0.246296 0.001042 0.000926 1.000000
0 327 0.552865 0.660185 0.066146 0.244444 0.001042 0.000926 1.000000
0 328 0.553906 0.661111 0.067187 0.242593 0.001042 0.000926 1.000000
0 329 0.554948 0.662037 0.068229 0.240741 0.001042 0.000926 1.000000
0 330 0.555990 0.662037 0.069271 0.240741 0.001042 0.000000 1.000000
0 331 0.557031 0.662037 0.070312 0.240741 0.001042 0.000000 1.000000
0 332 0.558073 0.662500 0.071354 0.241667 0.001042 0.000463 1.000000
0 333 0.559635 0.660648 0.071354 0.243519 0.001563 -0.001852 1.000000
0 334 0.560677 0.657870 0.071354 0.245370 0.001042 -0.002778 1.000000
0 335 0.561719 0.656481 0.071354 0.248148 0.001042 -0.001389 1.000000
0 336 0.563281 0.653704 0.071354 0.250000 0.001563 -0.002778 1.000000
0 337 0.564323 0.651852 0.071354 0.251852 0.001042 -0.001852 1.000000
0 338 0.565885 0.649074 0.071354 0.253704 0.001563 -0.002778 1.000000
0 339 0.566667 0.647685 0.070833 0.256481 0.000781 -0.001389 1.000000
0 340 0.567708 0.646759 0.070833 0.258333 0.001042 -0.000926 1.000000
0 341 0.569271 0.650463 0.070833 0.252778 0.001563 0.003704 1.000000
0 342 0.570312 0.652315 0.070833 0.247222 0.001042 0.001852 1.000000
0 343 0.570573 0.662037 0.069271 0.238889 0.000260 0.009722 1.000000
0 344 0.571354 0.666204 0.067708 0.234259 0.000781 0.004167 1.000000
0 345 0.565104 0.674537 0.079167 0.230556 -0.006250 0.008333 1.000000
0 346 0.559375 0.678241 0.090625 0.225000 -0.005729 0.003704 1.000000
0 347 0.559896 0.679167 0.086458 0.226852 0.000521 0.000926 1.000000
0 348 0.560937 0.680093 0.082292 0.228704 0.001042 0.000926 1.000000
0 349 0.561979 0.681019 0.078125 0.230556 0.001042 0.000926 1.000000
0 350 0.562500 0.681944 0.073958 0.232407 0.000521 0.000926 1.000000
0 351 0.563542 0.683333 0.069792 0.235185 0.001042 0.001389 1.000000
0 352 0.564583 0.684259 0.065625 0.237037 0.001042 0.000926 1.000000
0 353 0.565365 0.686111 0.061979 0.238889 0.000781 0.001852 1.000000
0 354 0.566406 0.687037 0.057813 0.240741 0.001042 0.000926 1.000000
0 355 0.567448 0.687963 0.053646 0.242593 0.001042 0.000926 1.000000
0 356 0.566927 0.688889 0.051562 0.244444 -0.000521 0.000926 1.000000
0 357 0.567187 0.689815 0.048958 0.246296 0.000260 0.000926 1.000000
0 358 0.567448 0.690741 0.046354 0.248148 0.000260 0.000926 1.000000
0 359 0.567708 0.691667 0.043750 0.250000 0.000260 0.000926 1.000000
0 360 0.567708 0.692593 0.040625 0.251852 0.000000 0.000926 1.000000
0 361 0.567708 0.694444 0.039583 0.251852 0.000000 0.001852 1.000000
0 362 0.567448 0.696296 0.039062 0.251852 -0.000260 0.001852 1.000000
0 363 0.567448 0.697685 0.038021 0.252778 0.000000 0.001389 1.000000
0 364 0.567448 0.699537 0.036979 0.252778 0.000000 0.001852 1.000000
0 365 0.567448 0.701389 0.035937 0.252778 0.000000 0.001852 1.000000
0 366 0.566927 0.697685 0.034896 0.254630 -0.000521 -0.003704 1.000000
0 367 0.567448 0.698148 0.034896 0.255556 0.000521 0.000463 1.000000
0 368 0.567708 0.699074 0.034375 0.257407 0.000260 0.000926 1.000000
0 369 0.569271 0.697222 0.037500 0.253704 0.001563 -0.001852 1.000000
0 370 0.570573 0.695370 0.040104 0.250000 0.001302 -0.001852 1.000000
0 371 0.571875 0.691667 0.042708 0.251852 0.001302 -0.003704 1.000000
0 372 0.573438 0.687037 0.045833 0.253704 0.001563 -0.004630 1.000000
0 373 0.574219 0.682407 0.048438 0.255556 0.000781 -0.004630 1.000000
0 374 0.575521 0.677778 0.051042 0.257407 0.001302 -0.004630 1.000000
0 375 0.577083 0.673148 0.054167 0.259259 0.001563 -0.004630 1.000000
0 376 0.578385 0.668519 0.056771 0.261111 0.001302 -0.004630 1.000000
0 377 0.580729 0.660648 0.059375 0.267593 0.002344 -0.007870 1.000000
0 378 0.579167 0.661574 0.056250 0.263889 -0.001563 0.000926 1.000000
0 379 0.577604 0.662037 0.053125 0.259259 -0.001563 0.000463 1.000000
0 380 0.576302 0.659259 0.049479 0.262963 -0.001302 -0.002778 1.000000
0 381 0.579948 0.654630 0.055729 0.262963 0.003646 -0.004630 1.000000
0 382 0.576042 0.650926 0.063542 0.262963 -0.003906 -0.003704 1.000000
0 383 0.572135 0.645833 0.071354 0.262037 -0.003906 -0.005093 1.000000
0 384 0.571354 0.641204 0.073958 0.262037 -0.000781 -0.004630 1.000000
0 385 0.577083 0.637037 0.063542 0.261111 0.005729 -0.004167 1.000000
0 386 0.582292 0.632407 0.053125 0.261111 0.005208 -0.004630 1.000000
0 387 0.582812 0.627315 0.053125 0.260185 0.000521 -0.005093 1.000000
0 388 0.584115 0.624537 0.053646 0.258333 0.001302 -0.002778 1.000000
0 389 0.583594 0.623611 0.054688 0.258333 -0.000521 -0.000926 1.000000
0 390 0.583333 0.622222 0.056250 0.257407 -0.000260 -0.001389 1.000000
0 391 0.585156 0.622685 0.059896 0.258333 0.001823 0.000463 1.000000
0 392 0.586458 0.622222 0.063542 0.259259 0.001302 -0.000463 1.000000
0 393 0.588281 0.622685 0.067187 0.260185 0.001823 0.000463 1.000000
0 394 0.590104 0.623148 0.070833 0.261111 0.001823 0.000463 1.000000
0 395 0.591927 0.627315 0.074479 0.254630 0.001823 0.004167 1.000000
0 396 0.589323 0.631481 0.071354 0.250000 -0.002604 0.004167 1.000000
0 429 0.624219 0.660648 0.065104 0.256481 0.001057 0.000884 1.000000
0 430 0.625000 0.653704 0.065625 0.274074 0.000781 -0.006944 1.000000
0 431 0.627604 0.656019 0.065625 0.271296 0.002604 0.002315 1.000000
0 432 0.631771 0.659722 0.061458 0.267593 0.004167 0.003704 1.000000
0 433 0.636198 0.671296 0.058854 0.262963 0.004427 0.011574 1.000000
0 434 0.639844 0.675926 0.056771 0.264815 0.003646 0.004630 1.000000
0 435 0.643490 0.692130 0.054688 0.262037 0.003646 0.016204 1.000000
0 436 0.647396 0.698148 0.052083 0.266667 0.003906 0.006019 1.000000
0 437 0.650000 0.695370 0.050000 0.290741 0.002604 -0.002778 1.000000
0 438 0.652083 0.700926 0.047917 0.292593 0.002083 0.005556 1.000000
0 439 0.654687 0.708796 0.051042 0.297222 0.002604 0.007870 1.000000
0 440 0.657813 0.716204 0.054167 0.300926 0.003125 0.007407 1.000000
0 441 0.658333 0.727778 0.053125 0.312963 0.000521 0.011574 1.000000
0 442 0.660417 0.733796 0.054167 0.313889 0.002083 0.006019 1.000000
0 443 0.662240 0.740741 0.055729 0.314815 0.001823 0.006944 1.000000
0 444 0.663281 0.744907 0.054688 0.312037 0.001042 0.004167 1.000000
0 445 0.665365 0.750463 0.056771 0.312037 0.002083 0.005556 1.000000
0 446 0.666406 0.755556 0.056771 0.311111 0.001042 0.005093 1.000000
0 447 0.668229 0.761111 0.057292 0.311111 0.001823 0.005556 1.000000
0 448 0.669271 0.763426 0.057292 0.313889 0.001042 0.002315 1.000000
0 449 0.670052 0.765278 0.057813 0.317593 0.000781 0.001852 1.000000
0 450 0.671094 0.768056 0.058854 0.321296 0.001042 0.002778 1.000000
0 451 0.671875 0.769907 0.059375 0.325000 0.000781 0.001852 1.000000
0 452 0.672917 0.771759 0.060417 0.328704 0.001042 0.001852 1.000000
0 453 0.674479 0.773148 0.061458 0.331481 0.001563 0.001389 1.000000
0 454 0.675260 0.775000 0.061979 0.335185 0.000781 0.001852 1.000000
0 455 0.675260 0.776852 0.060937 0.338889 0.000000 0.001852 1.000000
0 456 0.675260 0.778704 0.059896 0.342593 0.000000 0.001852 1.000000
0 457 0.674740 0.780093 0.057813 0.343519 -0.000521 0.001389 1.000000
0 458 0.674219 0.780093 0.055729 0.343519 -0.000521 0.000000 1.000000
0 459 0.673958 0.780556 0.054167 0.344444 -0.000260 0.000463 1.000000
0 460 0.671354 0.778704 0.055208 0.340741 -0.002604 -0.001852 1.000000
0 461 0.670312 0.777778 0.053125 0.338889 -0.001042 -0.000926 1.000000
0 462 0.669531 0.776852 0.050521 0.337037 -0.000781 -0.000926 1.000000
0 463 0.666927 0.776852 0.054688 0.335185 -0.002604 0.000000 1.000000
0 464 0.666927 0.775463 0.054688 0.332407 0.000000 -0.001389 1.000000
0 465 0.666146 0.774537 0.055208 0.330556 -0.000781 -0.000926 1.000000
0 466 0.665625 0.773611 0.056250 0.328704 -0.000521 -0.000926 1.000000
0 467 0.666927 0.773611 0.059896 0.323148 0.001302 0.000000 1.000000
0 468 0.669531 0.771296 0.059896 0.324074 0.002604 -0.002315 1.000000
0 469 0.671615 0.770833 0.059896 0.325000 0.002083 -0.000463 1.000000
0 470 0.671615 0.768981 0.059896 0.325000 0.000000 -0.001852 1.000000
0 471 0.672656 0.769444 0.057813 0.325926 0.001042 0.000463 1.000000
0 472 0.673958 0.769444 0.055208 0.325926 0.001302 0.000000 1.000000
0 473 0.673177 0.768981 0.055729 0.326852 -0.000781 -0.000463 1.000000
0 474 0.672396 0.768981 0.056250 0.326852 -0.000781 0.000000 1.000000
0 475 0.671875 0.769444 0.057292 0.327778 -0.000521 0.000463 1.000000
0 476 0.671094 0.768981 0.057813 0.328704 -0.000781 -0.000463 1.000000
0 477 0.671354 0.768981 0.058333 0.328704 0.000260 0.000000 1.000000
0 478 0.671875 0.769444 0.058333 0.329630 0.000521 0.000463 1.000000
0 479 0.672135 0.769444 0.058854 0.329630 0.000260 0.000000 1.000000
0 480 0.672396 0.768981 0.059375 0.330556 0.000260 -0.000463 1.000000
0 481 0.672396 0.769444 0.059375 0.331481 0.000000 0.000463 1.000000
0 482 0.672396 0.768519 0.059375 0.329630 0.000000 -0.000926 1.000000
0 483 0.670573 0.768056 0.054688 0.330556 -0.001823 -0.000463 1.000000
0 484 0.669531 0.773611 0.058854 0.319444 -0.001042 0.005556 1.000000
0 485 0.667708 0.775000 0.057292 0.316667 -0.001823 0.001389 1.000000
0 486 0.667188 0.775000 0.056250 0.314815 -0.000521 0.000000 1.000000
0 487 0.666406 0.774537 0.054688 0.312037 -0.000781 -0.000463 1.000000
0 488 0.666146 0.774074 0.054167 0.311111 -0.000260 -0.000463 1.000000
0 489 0.665104 0.774074 0.054167 0.303704 -0.001042 0.000000 1.000000
0 490 0.664844 0.775463 0.053646 0.299074 -0.000260 0.001389 1.000000
0 491 0.663802 0.771296 0.053646 0.300000 -0.001042 -0.004167 1.000000
0 492 0.662760 0.767130 0.053646 0.300926 -0.001042 -0.004167 1.000000
0 493 0.661979 0.762500 0.053125 0.302778 -0.000781 -0.004630 1.000000
0 494 0.660937 0.759722 0.053125 0.306481 -0.001042 -0.002778 1.000000
0 495 0.660156 0.754630 0.052604 0.307407 -0.000781 -0.005093 1.000000
0 496 0.658854 0.750000 0.052083 0.307407 -0.001302 -0.004630 1.000000
0 497 0.656771 0.743056 0.048958 0.302778 -0.002083 -0.006944 1.000000
0 498 0.655469 0.739815 0.048438 0.303704 -0.001302 -0.003241 1.000000
0 499 0.654167 0.736111 0.047917 0.303704 -0.001302 -0.003704 1.000000
0 500 0.648958 0.732870 0.058333 0.304630 -0.005208 -0.003241 1.000000
0 501 0.642448 0.732870 0.070312 0.297222 -0.006510 0.000000 1.000000
0 502 0.636198 0.733796 0.081771 0.289815 -0.006250 0.000926 1.000000
0 503 0.632552 0.731019 0.088021 0.282407 -0.003646 -0.002778 1.000000
0 504 0.633333 0.731944 0.085417 0.275000 0.000781 0.000926 1.000000
0 505 0.633073 0.731019 0.084896 0.267593 -0.000260 -0.000926 1.000000
0 506 0.632031 0.731019 0.086979 0.260185 -0.001042 0.000000 1.000000
0 507 0.629687 0.731019 0.091667 0.252778 -0.002344 0.000000 1.000000
0 508 0.629687 0.734722 0.090625 0.245370 0.000000 0.003704 1.000000
0 509 0.633333 0.729167 0.085417 0.249074 0.003646 -0.005556 1.000000
0 510 0.635677 0.729630 0.080729 0.246296 0.002344 0.000463 1.000000
0 511 0.635417 0.730556 0.079167 0.242593 -0.000260 0.000926 1.000000
0 512 0.635938 0.731481 0.078125 0.238889 0.000521 0.000926 1.000000
0 513 0.635677 0.732870 0.076563 0.234259 -0.000260 0.001389 1.000000
0 514 0.635938 0.733796 0.075000 0.230556 0.000260 0.000926 1.000000
0 515 0.635938 0.735648 0.073958 0.226852 0.000000 0.001852 1.000000
0 516 0.636198 0.736574 0.072396 0.223148 0.000260 0.000926 1.000000
0 517 0.635938 0.735648 0.070833 0.219444 -0.000260 -0.000926 1.000000
0 518 0.636979 0.734722 0.069792 0.219444 0.001042 -0.000926 1.000000
0 519 0.637240 0.728704 0.068229 0.225926 0.000260 -0.006019 1.000000
0 520 0.636979 0.729167 0.066667 0.223148 -0.000260 0.000463 1.000000
0 521 0.637500 0.724537 0.065625 0.228704 0.000521 -0.004630 1.000000
0 522 0.638281 0.723611 0.064062 0.228704 0.000781 -0.000926 1.000000
0 523 0.641146 0.715278 0.062500 0.230556 0.002865 -0.008333 1.000000
0 524 0.644271 0.707870 0.061458 0.228704 0.003125 -0.007407 1.000000
0 525 0.647656 0.694444 0.059896 0.227778 0.003385 -0.013426 1.000000
0 526 0.648438 0.691204 0.058333 0.226852 0.000781 -0.003241 1.000000
0 527 0.650000 0.689352 0.057292 0.228704 0.001563 -0.001852 1.000000
0 528 0.651042 0.687963 0.056250 0.231481 0.001042 -0.001389 1.000000
0 529 0.652604 0.688426 0.055208 0.234259 0.001563 0.000463 1.000000
0 530 0.653906 0.688426 0.054688 0.237963 0.001302 0.000000 1.000000
0 531 0.656250 0.685648 0.057292 0.236111 0.002344 -0.002778 1.000000
0 532 0.658073 0.683333 0.059896 0.235185 0.001823 -0.002315 1.000000
0 533 0.659896 0.681019 0.062500 0.234259 0.001823 -0.002315 1.000000
0 534 0.662760 0.678704 0.066146 0.233333 0.002865 -0.002315 1.000000
0 535 0.668229 0.679630 0.076042 0.238889 0.005469 0.000926 1.000000
0 536 0.670052 0.675926 0.077604 0.237037 0.001823 -0.003704 1.000000
0 537 0.668750 0.671759 0.073958 0.232407 -0.001302 -0.004167 1.000000
0 538 0.667448 0.668056 0.070312 0.228704 -0.001302 -0.003704 1.000000
0 539 0.663802 0.656944 0.063021 0.226852 -0.003646 -0.011111 1.000000
0 540 0.662500 0.653704 0.058333 0.225926 -0.001302 -0.003241 1.000000
0 541 0.659896 0.650463 0.052083 0.225000 -0.002604 -0.003241 1.000000
0 542 0.660417 0.650000 0.053125 0.222222 0.000521 -0.000463 1.000000
0 543 0.660417 0.651389 0.054167 0.217593 0.000000 0.001389 1.000000
0 544 0.661719 0.652778 0.052604 0.214815 0.001302 0.001389 1.000000
0 545 0.662500 0.654167 0.053125 0.208333 0.000781 0.001389 1.000000
0 546 0.664062 0.653241 0.053125 0.212037 0.001563 -0.000926 1.000000
0 547 0.666406 0.645833 0.048438 0.215741 0.002344 -0.007407 1.000000
0 548 0.668750 0.639815 0.043750 0.220370 0.002344 -0.006019 1.000000
0 549 0.671354 0.629167 0.039583 0.225000 0.002604 -0.010648 1.000000
0 550 0.674479 0.629630 0.044792 0.218519 0.003125 0.000463 1.000000
0 551 0.677344 0.631019 0.050521 0.212037 0.002865 0.001389 1.000000
0 552 0.681250 0.634722 0.059375 0.210185 0.003906 0.003704 1.000000
0 553 0.688021 0.638889 0.072917 0.198148 0.006771 0.004167 1.000000
0 554 0.690104 0.645370 0.078125 0.198148 0.002083 0.006481 1.000000
0 555 0.692969 0.653704 0.074479 0.201852 0.002865 0.008333 1.000000
0 556 0.696354 0.657407 0.072917 0.200000 0.003385 0.003704 1.000000
0 557 0.704427 0.662500 0.057813 0.208333 0.008073 0.005093 1.000000
0 558 0.710156 0.662963 0.055729 0.212963 0.005729 0.000463 1.000000
0 559 0.719792 0.662963 0.045833 0.218519 0.009635 0.000000 1.000000
0 560 0.729948 0.663889 0.035937 0.224074 0.010156 0.000926 1.000000
0 561 0.739583 0.662037 0.029167 0.224074 0.009635 -0.001852 1.000000
0 562 0.747135 0.662037 0.034896 0.227778 0.007552 0.000000 1.000000
0 563 0.756771 0.663426 0.039583 0.232407 0.009635 0.001389 1.000000
0 564 0.767708 0.665741 0.048958 0.237037 0.010937 0.002315 1.000000
0 565 0.778385 0.674537 0.057813 0.226852 0.010677 0.008796 1.000000
0 566 0.782813 0.687037 0.063542 0.209259 0.004427 0.012500 1.000000
0 567 0.783594 0.695833 0.063021 0.215741 0.000781 0.008796 1.000000
0 568 0.784635 0.700463 0.063021 0.219444 0.001042 0.004630 1.000000
0 569 0.786979 0.699537 0.053125 0.219444 0.002344 -0.000926 1.000000
0 570 0.790885 0.699074 0.044271 0.224074 0.003906 -0.000463 1.000000
0 571 0.791667 0.697685 0.038542 0.230556 0.000781 -0.001389 1.000000
0 572 0.795052 0.698611 0.040104 0.226852 0.003385 0.000926 1.000000
0 573 0.798177 0.701389 0.039062 0.230556 0.003125 0.002778 1.000000
0 574 0.803125 0.700463 0.042708 0.230556 0.004948 -0.000926 1.000000
0 575 0.804427 0.707870 0.045312 0.239815 0.001302 0.007407 1.000000
0 576 0.805990 0.711574 0.046354 0.232407 0.001563 0.003704 1.000000
0 577 0.808333 0.710185 0.046875 0.233333 0.002344 -0.001389 1.000000
0 578 0.808073 0.700000 0.046354 0.231481 -0.000260 -0.010185 1.000000
0 579 0.807292 0.689815 0.044792 0.233333 -0.000781 -0.010185 1.000000
0 580 0.803385 0.673148 0.040104 0.238889 -0.003906 -0.016667 1.000000
0 581 0.800781 0.666204 0.038021 0.237963 -0.002604 -0.006944 1.000000
0 582 0.796094 0.658796 0.036979 0.237963 -0.004687 -0.007407 1.000000
0 583 0.788542 0.662500 0.036458 0.228704 -0.007552 0.003704 1.000000
