0 1 0.634635 0.174074 0.029687 0.159259 0.000000 0.000000 1.000000
0 2 0.634635 0.174537 0.029687 0.160185 0.000000 0.000463 1.000000
0 3 0.635417 0.174537 0.030208 0.160185 0.000781 0.000000 1.000000
0 4 0.635417 0.173611 0.030208 0.160185 0.000000 -0.000926 1.000000
0 5 0.636198 0.173611 0.030729 0.160185 0.000781 0.000000 1.000000
0 6 0.636719 0.174074 0.030729 0.159259 0.000521 0.000463 1.000000
0 7 0.636458 0.174537 0.030208 0.160185 -0.000260 0.000463 1.000000
0 8 0.636979 0.174537 0.030208 0.160185 0.000521 0.000000 1.000000
0 9 0.637500 0.174537 0.030208 0.160185 0.000521 0.000000 1.000000
0 10 0.637500 0.175926 0.030208 0.159259 0.000000 0.001389 1.000000
0 11 0.637760 0.175000 0.029687 0.159259 0.000260 -0.000926 1.000000
0 12 0.637500 0.175000 0.029167 0.159259 -0.000260 0.000000 1.000000
0 13 0.638021 0.175463 0.030208 0.160185 0.000521 0.000463 1.000000
0 14 0.637240 0.174537 0.028646 0.160185 -0.000781 -0.000926 1.000000
0 15 0.637240 0.174537 0.028646 0.160185 0.000000 0.000000 1.000000
0 16 0.636719 0.175000 0.028646 0.159259 -0.000521 0.000463 1.000000
0 17 0.635417 0.174074 0.029167 0.159259 -0.001302 -0.000926 1.000000
0 18 0.635156 0.174074 0.029687 0.159259 -0.000260 0.000000 1.000000
0 19 0.634896 0.174537 0.029167 0.160185 -0.000260 0.000463 1.000000
0 20 0.634635 0.175463 0.029687 0.160185 -0.000260 0.000926 1.000000
0 21 0.634115 0.176389 0.029687 0.160185 -0.000521 0.000926 1.000000
0 22 0.634115 0.179167 0.029687 0.160185 0.000000 0.002778 1.000000
0 23 0.632812 0.180556 0.029167 0.159259 -0.001302 0.001389 1.000000
0 24 0.632292 0.184259 0.029167 0.159259 -0.000521 0.003704 1.000000
0 25 0.631771 0.185648 0.029167 0.160185 -0.000521 0.001389 1.000000
0 26 0.631250 0.189352 0.029167 0.158333 -0.000521 0.003704 1.000000
0 27 0.630729 0.193056 0.029167 0.158333 -0.000521 0.003704 1.000000
0 28 0.630469 0.202778 0.028646 0.157407 -0.000260 0.009722 1.000000
0 29 0.630469 0.206944 0.029687 0.156481 0.000000 0.004167 1.000000
0 30 0.628906 0.218981 0.029687 0.156481 -0.001563 0.012037 1.000000
0 31 0.628385 0.225000 0.029687 0.155556 -0.000521 0.006019 1.000000
0 32 0.627865 0.233333 0.030729 0.153704 -0.000521 0.008333 1.000000
0 33 0.627083 0.238889 0.030208 0.151852 -0.000781 0.005556 1.000000
0 34 0.625781 0.246296 0.029687 0.151852 -0.001302 0.007407 1.000000
0 35 0.625260 0.246759 0.029687 0.152778 -0.000521 0.000463 1.000000
0 36 0.623958 0.251389 0.030208 0.152778 -0.001302 0.004630 1.000000
0 37 0.622917 0.251852 0.030208 0.151852 -0.001042 0.000463 1.000000
0 38 0.622396 0.253241 0.030208 0.152778 -0.000521 0.001389 1.000000
0 39 0.621354 0.254630 0.029167 0.150000 -0.001042 0.001389 1.000000
0 40 0.620833 0.257407 0.029167 0.150000 -0.000521 0.002778 1.000000
0 41 0.619792 0.258796 0.029167 0.150926 -0.001042 0.001389 1.000000
0 42 0.619271 0.260648 0.029167 0.150926 -0.000521 0.001852 1.000000
0 43 0.619271 0.261111 0.029167 0.150000 0.000000 0.000463 1.000000
0 44 0.619792 0.262037 0.029167 0.150000 0.000521 0.000926 1.000000
0 45 0.619271 0.263426 0.029167 0.149074 -0.000521 0.001389 1.000000
0 46 0.621354 0.264352 0.029167 0.150926 0.002083 0.000926 1.000000
0 47 0.623177 0.264352 0.030729 0.150926 0.001823 0.000000 1.000000
0 48 0.624740 0.266204 0.029687 0.150926 0.001563 0.001852 1.000000
0 49 0.625781 0.266667 0.029687 0.151852 0.001042 0.000463 1.000000
0 50 0.626823 0.268056 0.029687 0.150926 0.001042 0.001389 1.000000
0 51 0.627344 0.268056 0.029687 0.150926 0.000521 0.000000 1.000000
0 52 0.627865 0.268519 0.029687 0.151852 0.000521 0.000463 1.000000
0 53 0.628125 0.268519 0.030208 0.151852 0.000260 0.000000 1.000000
0 54 0.627604 0.268519 0.030208 0.151852 -0.000521 0.000000 1.000000
0 55 0.626563 0.268981 0.030208 0.152778 -0.001042 0.000463 1.000000
0 56 0.627083 0.269444 0.030208 0.153704 0.000521 0.000463 1.000000
0 57 0.627083 0.269444 0.030208 0.153704 0.000000 0.000000 1.000000
0 58 0.627083 0.269444 0.030208 0.153704 0.000000 0.000000 1.000000
0 59 0.626823 0.268981 0.030729 0.154630 -0.000260 -0.000463 1.000000
0 60 0.626302 0.268519 0.029687 0.155556 -0.000521 -0.000463 1.000000
0 61 0.625781 0.268056 0.029687 0.156481 -0.000521 -0.000463 1.000000
0 62 0.625260 0.267130 0.029687 0.156481 -0.000521 -0.000926 1.000000
0 63 0.624479 0.267593 0.030208 0.157407 -0.000781 0.000463 1.000000
0 64 0.624479 0.267130 0.030208 0.158333 0.000000 -0.000463 1.000000
0 65 0.624219 0.266667 0.029687 0.159259 -0.000260 -0.000463 1.000000
0 66 0.623698 0.267593 0.030729 0.159259 -0.000521 0.000926 1.000000
0 67 0.623698 0.266667 0.030729 0.159259 0.000000 -0.000926 1.000000
0 68 0.622917 0.267130 0.030208 0.160185 -0.000781 0.000463 1.000000
0 69 0.622917 0.267130 0.031250 0.158333 0.000000 0.000000 1.000000
0 70 0.622917 0.268056 0.031250 0.158333 0.000000 0.000926 1.000000
0 71 0.622917 0.268519 0.031250 0.159259 0.000000 0.000463 1.000000
0 72 0.622917 0.269444 0.031250 0.159259 0.000000 0.000926 1.000000
0 73 0.622396 0.269907 0.031250 0.158333 -0.000521 0.000463 1.000000
0 74 0.621354 0.270833 0.032292 0.158333 -0.001042 0.000926 1.000000
0 75 0.621354 0.270833 0.032292 0.158333 0.000000 0.000000 1.000000
0 76 0.620833 0.271296 0.032292 0.159259 -0.000521 0.000463 1.000000
0 77 0.620313 0.271296 0.032292 0.159259 -0.000521 0.000000 1.000000
0 78 0.619271 0.270833 0.031250 0.158333 -0.001042 -0.000463 1.000000
0 79 0.617448 0.271759 0.029687 0.158333 -0.001823 0.000926 1.000000
0 80 0.616667 0.270833 0.029167 0.158333 -0.000781 -0.000926 1.000000
0 81 0.616406 0.270833 0.028646 0.158333 -0.000260 0.000000 1.000000
0 82 0.616406 0.269444 0.029687 0.159259 0.000000 -0.001389 1.000000
0 83 0.615625 0.268981 0.029167 0.160185 -0.000781 -0.000463 1.000000
0 84 0.615104 0.266667 0.029167 0.159259 -0.000521 -0.002315 1.000000
0 85 0.614583 0.266204 0.029167 0.160185 -0.000521 -0.000463 1.000000
0 86 0.613802 0.263426 0.028646 0.160185 -0.000781 -0.002778 1.000000
0 87 0.613542 0.262500 0.028125 0.160185 -0.000260 -0.000926 1.000000
0 88 0.613021 0.259722 0.028125 0.160185 -0.000521 -0.002778 1.000000
0 89 0.613021 0.259722 0.028125 0.160185 0.000000 0.000000 1.000000
0 90 0.612500 0.258796 0.028125 0.158333 -0.000521 -0.000926 1.000000
0 91 0.612500 0.259259 0.028125 0.159259 0.000000 0.000463 1.000000
0 92 0.611979 0.258796 0.029167 0.158333 -0.000521 -0.000463 1.000000
0 93 0.611458 0.259722 0.029167 0.158333 -0.000521 0.000926 1.000000
0 94 0.609896 0.260648 0.029167 0.158333 -0.001563 0.000926 1.000000
0 95 0.608854 0.262500 0.028125 0.156481 -0.001042 0.001852 1.000000
0 96 0.608073 0.262037 0.028646 0.155556 -0.000781 -0.000463 1.000000
0 97 0.607031 0.262963 0.028646 0.153704 -0.001042 0.000926 1.000000
0 98 0.606250 0.263889 0.029167 0.153704 -0.000781 0.000926 1.000000
0 99 0.605990 0.265278 0.028646 0.152778 -0.000260 0.001389 1.000000
0 100 0.604688 0.266204 0.027083 0.152778 -0.001302 0.000926 1.000000
0 101 0.604167 0.268056 0.027083 0.152778 -0.000521 0.001852 1.000000
0 102 0.603906 0.269444 0.026562 0.151852 -0.000260 0.001389 1.000000
0 103 0.603385 0.269907 0.026562 0.150926 -0.000521 0.000463 1.000000
0 104 0.603125 0.271296 0.027083 0.150000 -0.000260 0.001389 1.000000
0 105 0.603125 0.271759 0.027083 0.149074 0.000000 0.000463 1.000000
0 106 0.603125 0.273611 0.027083 0.149074 0.000000 0.001852 1.000000
0 107 0.603125 0.275000 0.027083 0.150000 0.000000 0.001389 1.000000
0 108 0.603385 0.276389 0.026562 0.149074 0.000260 0.001389 1.000000
0 109 0.603385 0.278241 0.026562 0.149074 0.000000 0.001852 1.000000
0 110 0.602604 0.278704 0.027083 0.148148 -0.000781 0.000463 1.000000
0 111 0.602604 0.278241 0.027083 0.147222 0.000000 -0.000463 1.000000
0 112 0.602604 0.280093 0.027083 0.147222 0.000000 0.001852 1.000000
0 113 0.602083 0.280556 0.027083 0.146296 -0.000521 0.000463 1.000000
0 114 0.602083 0.280093 0.027083 0.147222 0.000000 -0.000463 1.000000
0 115 0.602083 0.280556 0.027083 0.146296 0.000000 0.000463 1.000000
0 116 0.602083 0.281481 0.027083 0.146296 0.000000 0.000926 1.000000
0 117 0.601823 0.281481 0.027604 0.146296 -0.000260 0.000000 1.000000
0 118 0.601823 0.282407 0.027604 0.146296 0.000000 0.000926 1.000000
0 119 0.601823 0.282870 0.027604 0.147222 0.000000 0.000463 1.000000
0 120 0.601302 0.282407 0.027604 0.146296 -0.000521 -0.000463 1.000000
0 121 0.601302 0.283333 0.027604 0.146296 0.000000 0.000926 1.000000
0 122 0.600781 0.282870 0.027604 0.147222 -0.000521 -0.000463 1.000000
0 123 0.600781 0.283333 0.027604 0.148148 0.000000 0.000463 1.000000
0 124 0.600781 0.284259 0.027604 0.148148 0.000000 0.000926 1.000000
0 125 0.600260 0.285648 0.027604 0.147222 -0.000521 0.001389 1.000000
0 126 0.600260 0.285648 0.027604 0.147222 0.000000 0.000000 1.000000
0 127 0.599740 0.285185 0.027604 0.146296 -0.000521 -0.000463 1.000000
0 128 0.599740 0.286111 0.027604 0.146296 0.000000 0.000926 1.000000
0 129 0.600000 0.286574 0.028125 0.147222 0.000260 0.000463 1.000000
0 130 0.599479 0.287500 0.028125 0.147222 -0.000521 0.000926 1.000000
0 131 0.599479 0.287963 0.028125 0.148148 0.000000 0.000463 1.000000
0 132 0.599479 0.287037 0.028125 0.146296 0.000000 -0.000926 1.000000
0 133 0.598698 0.287500 0.027604 0.147222 -0.000781 0.000463 1.000000
0 134 0.598958 0.288426 0.028125 0.147222 0.000260 0.000926 1.000000
0 135 0.598958 0.288889 0.028125 0.148148 0.000000 0.000463 1.000000
0 136 0.598698 0.289352 0.028646 0.147222 -0.000260 0.000463 1.000000
0 137 0.598698 0.290278 0.027604 0.147222 0.000000 0.000926 1.000000
0 138 0.599219 0.290278 0.028646 0.147222 0.000521 0.000000 1.000000
0 139 0.598698 0.290741 0.028646 0.148148 -0.000521 0.000463 1.000000
0 140 0.598437 0.290278 0.028125 0.147222 -0.000260 -0.000463 1.000000
0 141 0.598698 0.290741 0.028646 0.146296 0.000260 0.000463 1.000000
0 142 0.598177 0.290741 0.028646 0.146296 -0.000521 0.000000 1.000000
0 143 0.598958 0.291204 0.027083 0.147222 0.000781 0.000463 1.000000
0 144 0.599219 0.291667 0.026562 0.146296 0.000260 0.000463 1.000000
0 145 0.599479 0.291667 0.027083 0.146296 0.000260 0.000000 1.000000
0 146 0.599219 0.291204 0.027604 0.147222 -0.000260 -0.000463 1.000000
0 147 0.599219 0.291667 0.027604 0.148148 0.000000 0.000463 1.000000
0 148 0.599479 0.292130 0.028125 0.147222 0.000260 0.000463 1.000000
0 149 0.598698 0.291667 0.027604 0.148148 -0.000781 -0.000463 1.000000
0 150 0.598177 0.290278 0.027604 0.147222 -0.000521 -0.001389 1.000000
0 151 0.598437 0.289815 0.027083 0.146296 0.000260 -0.000463 1.000000
0 152 0.598177 0.289352 0.026562 0.145370 -0.000260 -0.000463 1.000000
0 153 0.598698 0.288889 0.026562 0.146296 0.000521 -0.000463 1.000000
0 154 0.598698 0.288889 0.026562 0.146296 0.000000 0.000000 1.000000
0 155 0.598437 0.287963 0.026042 0.146296 -0.000260 -0.000926 1.000000
0 156 0.598177 0.285185 0.026562 0.146296 -0.000260 -0.002778 1.000000
0 157 0.598177 0.283333 0.026562 0.146296 0.000000 -0.001852 1.000000
0 158 0.598177 0.282407 0.026562 0.146296 0.000000 -0.000926 1.000000
0 159 0.598437 0.281019 0.027083 0.147222 0.000260 -0.001389 1.000000
0 160 0.598437 0.278704 0.027083 0.148148 0.000000 -0.002315 1.000000
0 161 0.598177 0.276389 0.026562 0.147222 -0.000260 -0.002315 1.000000
0 162 0.597656 0.272222 0.026562 0.146296 -0.000521 -0.004167 1.000000
0 163 0.597656 0.268519 0.026562 0.146296 0.000000 -0.003704 1.000000
0 164 0.597135 0.263889 0.026562 0.146296 -0.000521 -0.004630 1.000000
0 165 0.597135 0.261574 0.026562 0.145370 0.000000 -0.002315 1.000000
0 166 0.596354 0.259259 0.026042 0.146296 -0.000781 -0.002315 1.000000
0 167 0.595833 0.257407 0.026042 0.146296 -0.000521 -0.001852 1.000000
0 168 0.595052 0.255556 0.025521 0.146296 -0.000781 -0.001852 1.000000
0 169 0.595313 0.253704 0.026042 0.148148 0.000260 -0.001852 1.000000
0 170 0.595052 0.253241 0.026562 0.147222 -0.000260 -0.000463 1.000000
0 171 0.595052 0.251852 0.026562 0.146296 0.000000 -0.001389 1.000000
0 172 0.595052 0.251389 0.026562 0.145370 0.000000 -0.000463 1.000000
0 173 0.594792 0.251389 0.026042 0.145370 -0.000260 0.000000 1.000000
0 174 0.594531 0.252778 0.026562 0.146296 -0.000260 0.001389 1.000000
0 175 0.594271 0.253704 0.026042 0.146296 -0.000260 0.000926 1.000000
0 176 0.593490 0.256481 0.026562 0.148148 -0.000781 0.002778 1.000000
0 177 0.592969 0.256481 0.026562 0.148148 -0.000521 0.000000 1.000000
0 178 0.591667 0.258796 0.026042 0.149074 -0.001302 0.002315 1.000000
0 179 0.591667 0.258333 0.026042 0.148148 0.000000 -0.000463 1.000000
0 180 0.590885 0.260185 0.026562 0.148148 -0.000781 0.001852 1.000000
0 181 0.590625 0.260185 0.027083 0.148148 -0.000260 0.000000 1.000000
0 182 0.589583 0.261111 0.026042 0.148148 -0.001042 0.000926 1.000000
0 183 0.589063 0.261111 0.026042 0.148148 -0.000521 0.000000 1.000000
0 184 0.588802 0.260185 0.026562 0.148148 -0.000260 -0.000926 1.000000
0 185 0.588542 0.258333 0.027083 0.148148 -0.000260 -0.001852 1.000000
0 186 0.588802 0.258333 0.028646 0.150000 0.000260 0.000000 1.000000
0 187 0.588802 0.259259 0.028646 0.150000 0.000000 0.000926 1.000000
0 188 0.587760 0.260648 0.027604 0.149074 -0.001042 0.001389 1.000000
0 189 0.588281 0.263426 0.028646 0.152778 0.000521 0.002778 1.000000
0 190 0.587760 0.266204 0.027604 0.152778 -0.000521 0.002778 1.000000
0 191 0.587240 0.268519 0.027604 0.153704 -0.000521 0.002315 1.000000
0 192 0.586979 0.270370 0.028125 0.155556 -0.000260 0.001852 1.000000
0 193 0.587240 0.269907 0.028646 0.158333 0.000260 -0.000463 1.000000
0 194 0.586979 0.267593 0.030208 0.153704 -0.000260 -0.002315 1.000000
0 195 0.586719 0.267593 0.030729 0.155556 -0.000260 0.000000 1.000000
0 196 0.585417 0.268056 0.029167 0.156481 -0.001302 0.000463 1.000000
0 197 0.584115 0.268981 0.029687 0.154630 -0.001302 0.000926 1.000000
0 198 0.582292 0.273611 0.029167 0.160185 -0.001823 0.004630 1.000000
0 199 0.581510 0.275000 0.028646 0.161111 -0.000781 0.001389 1.000000
0 200 0.580469 0.279167 0.028646 0.169444 -0.001042 0.004167 1.000000
0 201 0.580990 0.279167 0.029687 0.171296 0.000521 0.000000 1.000000
0 202 0.581250 0.277778 0.031250 0.172222 0.000260 -0.001389 1.000000
0 203 0.582031 0.278241 0.033854 0.175000 0.000781 0.000463 1.000000
0 204 0.582552 0.278241 0.034896 0.175000 0.000521 0.000000 1.000000
0 205 0.584375 0.278241 0.033333 0.180556 0.001823 0.000000 1.000000
0 206 0.586198 0.277315 0.031771 0.182407 0.001823 -0.000926 1.000000
0 207 0.588281 0.276389 0.031771 0.182407 0.002083 -0.000926 1.000000
0 208 0.591146 0.275000 0.030208 0.183333 0.002865 -0.001389 1.000000
0 209 0.592448 0.275000 0.030729 0.185185 0.001302 0.000000 1.000000
0 210 0.594010 0.274074 0.030729 0.187037 0.001563 -0.000926 1.000000
0 211 0.594531 0.273611 0.031771 0.187963 0.000521 -0.000463 1.000000
0 212 0.594792 0.273611 0.032292 0.189815 0.000260 0.000000 1.000000
0 213 0.595313 0.273611 0.033333 0.191667 0.000521 0.000000 1.000000
0 214 0.596354 0.273611 0.034375 0.193519 0.001042 0.000000 1.000000
0 215 0.596354 0.272685 0.035417 0.195370 0.000000 -0.000926 1.000000
0 216 0.595573 0.272222 0.035937 0.196296 -0.000781 -0.000463 1.000000
0 217 0.594531 0.271296 0.036979 0.198148 -0.001042 -0.000926 1.000000
0 218 0.592708 0.270370 0.035417 0.200000 -0.001823 -0.000926 1.000000
0 219 0.591927 0.270370 0.036979 0.201852 -0.000781 0.000000 1.000000
0 220 0.589323 0.268981 0.035937 0.202778 -0.002604 -0.001389 1.000000
0 221 0.589583 0.267130 0.036458 0.200926 0.000260 -0.001852 1.000000
0 222 0.588802 0.264815 0.036979 0.198148 -0.000781 -0.002315 1.000000
0 223 0.588281 0.262963 0.038021 0.196296 -0.000521 -0.001852 1.000000
0 224 0.588021 0.262037 0.038542 0.196296 -0.000260 -0.000926 1.000000
0 225 0.588281 0.260185 0.039062 0.194444 0.000260 -0.001852 1.000000
0 226 0.587760 0.260648 0.039062 0.193519 -0.000521 0.000463 1.000000
0 227 0.588802 0.260185 0.038021 0.194444 0.001042 -0.000463 1.000000
0 228 0.589323 0.259259 0.036979 0.194444 0.000521 -0.000926 1.000000
0 229 0.589844 0.260185 0.035937 0.196296 0.000521 0.000926 1.000000
0 230 0.590365 0.258796 0.036979 0.195370 0.000521 -0.001389 1.000000
0 231 0.590885 0.257870 0.035937 0.195370 0.000521 -0.000926 1.000000
0 232 0.590365 0.256481 0.035937 0.196296 -0.000521 -0.001389 1.000000
0 233 0.591146 0.256019 0.035417 0.195370 0.000781 -0.000463 1.000000
0 234 0.591146 0.255556 0.035417 0.196296 0.000000 -0.000463 1.000000
0 235 0.591146 0.254167 0.034375 0.193519 0.000000 -0.001389 1.000000
0 236 0.591146 0.253704 0.034375 0.194444 0.000000 -0.000463 1.000000
0 237 0.591927 0.253704 0.034896 0.194444 0.000781 0.000000 1.000000
0 238 0.591927 0.253241 0.034896 0.193519 0.000000 -0.000463 1.000000
0 239 0.591927 0.252778 0.035937 0.192593 0.000000 -0.000463 1.000000
0 240 0.591146 0.253241 0.035417 0.193519 -0.000781 0.000463 1.000000
0 241 0.591146 0.253704 0.035417 0.196296 0.000000 0.000463 1.000000
0 242 0.591146 0.254167 0.035417 0.197222 0.000000 0.000463 1.000000
0 243 0.590625 0.254630 0.035417 0.198148 -0.000521 0.000463 1.000000
0 244 0.590365 0.254630 0.034896 0.198148 -0.000260 0.000000 1.000000
0 245 0.590365 0.253704 0.034896 0.198148 0.000000 -0.000926 1.000000
0 246 0.590365 0.253704 0.034896 0.198148 0.000000 0.000000 1.000000
0 247 0.589844 0.253704 0.034896 0.198148 -0.000521 0.000000 1.000000
0 248 0.589323 0.254167 0.035937 0.199074 -0.000521 0.000463 1.000000
0 249 0.589323 0.253241 0.033854 0.197222 0.000000 -0.000926 1.000000
0 250 0.589063 0.254630 0.034375 0.198148 -0.000260 0.001389 1.000000
0 251 0.588281 0.254630 0.034896 0.200000 -0.000781 0.000000 1.000000
0 252 0.588021 0.254630 0.035417 0.201852 -0.000260 0.000000 1.000000
0 253 0.587500 0.255093 0.034375 0.202778 -0.000521 0.000463 1.000000
0 254 0.587500 0.253241 0.034375 0.200926 0.000000 -0.001852 1.000000
0 255 0.587760 0.252778 0.034896 0.203704 0.000260 -0.000463 1.000000
0 256 0.588281 0.252778 0.034896 0.203704 0.000521 0.000000 1.000000
0 257 0.588802 0.250000 0.034896 0.203704 0.000521 -0.002778 1.000000
0 258 0.589323 0.247685 0.034896 0.200926 0.000521 -0.002315 1.000000
0 259 0.589844 0.247222 0.034896 0.203704 0.000521 -0.000463 1.000000
0 260 0.589844 0.245833 0.034896 0.204630 0.000000 -0.001389 1.000000
0 261 0.590885 0.241667 0.034896 0.198148 0.001042 -0.004167 1.000000
0 262 0.591406 0.241204 0.034896 0.199074 0.000521 -0.000463 1.000000
0 263 0.592187 0.237500 0.035417 0.195370 0.000781 -0.003704 1.000000
0 264 0.592708 0.236111 0.035417 0.196296 0.000521 -0.001389 1.000000
0 265 0.593229 0.235185 0.035417 0.196296 0.000521 -0.000926 1.000000
0 266 0.593750 0.234259 0.035417 0.198148 0.000521 -0.000926 1.000000
0 267 0.594271 0.232870 0.035417 0.199074 0.000521 -0.001389 1.000000
0 268 0.595313 0.232407 0.034375 0.198148 0.001042 -0.000463 1.000000
0 269 0.595052 0.234259 0.033854 0.200000 -0.000260 0.001852 1.000000
0 270 0.594792 0.234259 0.034375 0.198148 -0.000260 0.000000 1.000000
0 271 0.594531 0.232870 0.032813 0.195370 -0.000260 -0.001389 1.000000
0 272 0.593750 0.234259 0.032292 0.194444 -0.000781 0.001389 1.000000
0 273 0.592969 0.237037 0.032813 0.194444 -0.000781 0.002778 1.000000
0 274 0.592187 0.237500 0.031250 0.193519 -0.000781 0.000463 1.000000
0 275 0.591927 0.237037 0.031771 0.190741 -0.000260 -0.000463 1.000000
0 276 0.590885 0.237037 0.031771 0.188889 -0.001042 0.000000 1.000000
0 277 0.589583 0.238889 0.032292 0.187037 -0.001302 0.001852 1.000000
0 278 0.589844 0.239352 0.031771 0.186111 0.000260 0.000463 1.000000
0 279 0.587760 0.240278 0.031771 0.186111 -0.002083 0.000926 1.000000
0 280 0.587500 0.240741 0.031250 0.185185 -0.000260 0.000463 1.000000
0 281 0.587760 0.241667 0.032813 0.183333 0.000260 0.000926 1.000000
0 282 0.586719 0.242593 0.032813 0.183333 -0.001042 0.000926 1.000000
0 283 0.585938 0.242593 0.032292 0.181481 -0.000781 0.000000 1.000000
0 284 0.585417 0.243981 0.032292 0.180556 -0.000521 0.001389 1.000000
0 285 0.584115 0.243981 0.031771 0.180556 -0.001302 0.000000 1.000000
0 286 0.583594 0.244444 0.031771 0.179630 -0.000521 0.000463 1.000000
0 287 0.582552 0.244907 0.031771 0.178704 -0.001042 0.000463 1.000000
0 288 0.582552 0.243056 0.031771 0.176852 0.000000 -0.001852 1.000000
0 289 0.582031 0.241667 0.031771 0.175926 -0.000521 -0.001389 1.000000
0 290 0.582031 0.241204 0.031771 0.175000 0.000000 -0.000463 1.000000
0 291 0.581510 0.237037 0.031771 0.174074 -0.000521 -0.004167 1.000000
0 292 0.580729 0.235648 0.031250 0.173148 -0.000781 -0.001389 1.000000
0 293 0.580208 0.231944 0.031250 0.171296 -0.000521 -0.003704 1.000000
0 294 0.579948 0.231481 0.030729 0.170370 -0.000260 -0.000463 1.000000
0 295 0.579167 0.230093 0.030208 0.169444 -0.000781 -0.001389 1.000000
0 296 0.579167 0.230093 0.030208 0.169444 0.000000 0.000000 1.000000
0 297 0.578385 0.230556 0.029687 0.170370 -0.000781 0.000463 1.000000
0 298 0.577865 0.229630 0.029687 0.168519 -0.000521 -0.000926 1.000000
0 299 0.577083 0.228704 0.028125 0.166667 -0.000781 -0.000926 1.000000
0 300 0.576562 0.228241 0.028125 0.165741 -0.000521 -0.000463 1.000000
0 301 0.577604 0.227315 0.029167 0.165741 0.001042 -0.000926 1.000000
0 302 0.578906 0.226852 0.029687 0.166667 0.001302 -0.000463 1.000000
0 303 0.580469 0.226852 0.029687 0.166667 0.001563 0.000000 1.000000
0 304 0.582031 0.226389 0.029687 0.167593 0.001563 -0.000463 1.000000
0 305 0.584115 0.225000 0.028646 0.164815 0.002083 -0.001389 1.000000
0 306 0.585417 0.225463 0.029167 0.165741 0.001302 0.000463 1.000000
0 307 0.586979 0.225000 0.029167 0.164815 0.001563 -0.000463 1.000000
0 308 0.588281 0.225926 0.028646 0.164815 0.001302 0.000926 1.000000
0 309 0.589583 0.225000 0.029167 0.164815 0.001302 -0.000926 1.000000
0 310 0.590625 0.225000 0.030208 0.164815 0.001042 0.000000 1.000000
0 311 0.591146 0.225926 0.030208 0.164815 0.000521 0.000926 1.000000
0 312 0.591667 0.226389 0.030208 0.163889 0.000521 0.000463 1.000000
0 313 0.592969 0.227315 0.030729 0.163889 0.001302 0.000926 1.000000
0 314 0.593750 0.228241 0.031250 0.163889 0.000781 0.000926 1.000000
0 315 0.594271 0.227778 0.031250 0.162963 0.000521 -0.000463 1.000000
0 316 0.595052 0.228704 0.030729 0.162963 0.000781 0.000926 1.000000
0 317 0.595573 0.229630 0.030729 0.162963 0.000521 0.000926 1.000000
0 318 0.595833 0.230556 0.030208 0.162963 0.000260 0.000926 1.000000
0 319 0.596875 0.231481 0.030208 0.162963 0.001042 0.000926 1.000000
0 320 0.597396 0.232870 0.030208 0.163889 0.000521 0.001389 1.000000
0 321 0.597917 0.233333 0.031250 0.164815 0.000521 0.000463 1.000000
0 322 0.598437 0.233333 0.030208 0.162963 0.000521 0.000000 1.000000
0 323 0.598958 0.233333 0.030208 0.162963 0.000521 0.000000 1.000000
0 324 0.599479 0.233333 0.030208 0.162963 0.000521 0.000000 1.000000
0 325 0.600521 0.232407 0.030208 0.162963 0.001042 -0.000926 1.000000
0 326 0.600521 0.231019 0.030208 0.162037 0.000000 -0.001389 1.000000
0 327 0.601042 0.231019 0.030208 0.162037 0.000521 0.000000 1.000000
0 328 0.601562 0.230556 0.030208 0.162963 0.000521 -0.000463 1.000000
0 329 0.602344 0.229167 0.029687 0.163889 0.000781 -0.001389 1.000000
0 330 0.602604 0.229167 0.030208 0.163889 0.000260 0.000000 1.000000
0 331 0.603646 0.227315 0.030208 0.163889 0.001042 -0.001852 1.000000
0 332 0.604167 0.227315 0.029167 0.163889 0.000521 0.000000 1.000000
0 333 0.605469 0.224537 0.029687 0.163889 0.001302 -0.002778 1.000000
0 334 0.605729 0.222685 0.030208 0.163889 0.000260 -0.001852 1.000000
0 335 0.607292 0.219907 0.030208 0.163889 0.001563 -0.002778 1.000000
0 336 0.607812 0.218981 0.030208 0.163889 0.000521 -0.000926 1.000000
0 337 0.608854 0.218056 0.030208 0.163889 0.001042 -0.000926 1.000000
0 338 0.609896 0.216204 0.030208 0.163889 0.001042 -0.001852 1.000000
0 339 0.610417 0.216204 0.030208 0.163889 0.000521 0.000000 1.000000
0 340 0.610938 0.216204 0.030208 0.163889 0.000521 0.000000 1.000000
0 341 0.610938 0.216204 0.030208 0.163889 0.000000 0.000000 1.000000
0 342 0.610938 0.216204 0.030208 0.163889 0.000000 0.000000 1.000000
0 343 0.609896 0.218056 0.030208 0.163889 -0.001042 0.001852 1.000000
0 344 0.608333 0.220833 0.030208 0.163889 -0.001563 0.002778 1.000000
0 345 0.607812 0.225926 0.030208 0.164815 -0.000521 0.005093 1.000000
0 346 0.606771 0.229630 0.030208 0.164815 -0.001042 0.003704 1.000000
0 347 0.606771 0.233333 0.031250 0.164815 0.000000 0.003704 1.000000
0 348 0.606771 0.235185 0.031250 0.164815 0.000000 0.001852 1.000000
0 349 0.606771 0.236111 0.031250 0.162963 0.000000 0.000926 1.000000
0 350 0.606250 0.237037 0.031250 0.162963 -0.000521 0.000926 1.000000
0 351 0.606771 0.239352 0.031250 0.162037 0.000521 0.002315 1.000000
0 352 0.606771 0.240741 0.031250 0.162963 0.000000 0.001389 1.000000
0 353 0.607292 0.245370 0.031250 0.162963 0.000521 0.004630 1.000000
0 354 0.607031 0.248148 0.030729 0.162963 -0.000260 0.002778 1.000000
0 355 0.607552 0.254167 0.031771 0.163889 0.000521 0.006019 1.000000
0 356 0.607812 0.255556 0.032292 0.164815 0.000260 0.001389 1.000000
0 357 0.607812 0.258796 0.032292 0.163889 0.000000 0.003241 1.000000
0 358 0.607031 0.260648 0.031771 0.163889 -0.000781 0.001852 1.000000
0 359 0.608073 0.262963 0.032813 0.164815 0.001042 0.002315 1.000000
0 360 0.607812 0.266204 0.032292 0.163889 -0.000260 0.003241 1.000000
0 361 0.607031 0.267593 0.030729 0.164815 -0.000781 0.001389 1.000000
0 362 0.607552 0.268519 0.030729 0.164815 0.000521 0.000926 1.000000
0 363 0.607031 0.269444 0.029687 0.162963 -0.000521 0.000926 1.000000
0 364 0.607812 0.270370 0.031250 0.162963 0.000781 0.000926 1.000000
0 365 0.607812 0.271759 0.031250 0.163889 0.000000 0.001389 1.000000
0 366 0.607812 0.271759 0.031250 0.163889 0.000000 0.000000 1.000000
0 367 0.607812 0.271296 0.031250 0.164815 0.000000 -0.000463 1.000000
0 368 0.608333 0.270370 0.031250 0.164815 0.000521 -0.000926 1.000000
0 369 0.607812 0.268056 0.030208 0.163889 -0.000521 -0.002315 1.000000
0 370 0.607552 0.267130 0.029687 0.163889 -0.000260 -0.000926 1.000000
0 371 0.608073 0.262500 0.029687 0.163889 0.000521 -0.004630 1.000000
0 372 0.607812 0.262037 0.029167 0.162963 -0.000260 -0.000463 1.000000
0 373 0.608333 0.258333 0.030208 0.162963 0.000521 -0.003704 1.000000
0 374 0.608073 0.256944 0.029687 0.163889 -0.000260 -0.001389 1.000000
0 375 0.608854 0.251852 0.030208 0.162963 0.000781 -0.005093 1.000000
0 376 0.609896 0.249074 0.030208 0.162963 0.001042 -0.002778 1.000000
0 377 0.610417 0.242130 0.030208 0.162037 0.000521 -0.006944 1.000000
0 378 0.610938 0.239352 0.030208 0.162037 0.000521 -0.002778 1.000000
0 379 0.611979 0.232407 0.030208 0.162963 0.001042 -0.006944 1.000000
0 380 0.613021 0.228704 0.030208 0.162963 0.001042 -0.003704 1.000000
0 381 0.613021 0.222222 0.030208 0.162963 0.000000 -0.006481 1.000000
0 382 0.613542 0.218519 0.030208 0.162963 0.000521 -0.003704 1.000000
0 383 0.614062 0.215741 0.030208 0.162963 0.000521 -0.002778 1.000000
0 384 0.614062 0.212963 0.030208 0.162963 0.000000 -0.002778 1.000000
0 385 0.614583 0.207870 0.030208 0.162037 0.000521 -0.005093 1.000000
0 386 0.615104 0.206019 0.030208 0.162037 0.000521 -0.001852 1.000000
0 387 0.616146 0.200000 0.030208 0.161111 0.001042 -0.006019 1.000000
0 388 0.616146 0.197685 0.030208 0.162037 0.000000 -0.002315 1.000000
0 389 0.616406 0.193519 0.029687 0.162963 0.000260 -0.004167 1.000000
0 390 0.616927 0.191667 0.029687 0.162963 0.000521 -0.001852 1.000000
0 391 0.616927 0.189815 0.029687 0.162963 0.000000 -0.001852 1.000000
0 392 0.616927 0.190278 0.029687 0.163889 0.000000 0.000463 1.000000
0 393 0.617448 0.191204 0.029687 0.163889 0.000521 0.000926 1.000000
0 394 0.617188 0.191204 0.029167 0.163889 -0.000260 0.000000 1.000000
0 395 0.616927 0.194907 0.029687 0.163889 -0.000260 0.003704 1.000000
0 396 0.617188 0.197685 0.030208 0.163889 0.000260 0.002778 1.000000
0 397 0.616406 0.202315 0.030729 0.163889 -0.000781 0.004630 1.000000
0 398 0.616406 0.205093 0.030729 0.163889 0.000000 0.002778 1.000000
0 399 0.615885 0.209259 0.030729 0.162963 -0.000521 0.004167 1.000000
0 400 0.616146 0.211111 0.030208 0.162963 0.000260 0.001852 1.000000
0 401 0.616667 0.214352 0.030208 0.160185 0.000521 0.003241 1.000000
0 402 0.617188 0.216204 0.030208 0.160185 0.000521 0.001852 1.000000
0 403 0.617188 0.217593 0.030208 0.161111 0.000000 0.001389 1.000000
0 404 0.616667 0.217130 0.030208 0.162037 -0.000521 -0.000463 1.000000
0 405 0.616667 0.217130 0.030208 0.162037 0.000000 0.000000 1.000000
0 406 0.617188 0.218981 0.030208 0.162037 0.000521 0.001852 1.000000
0 407 0.617188 0.219907 0.030208 0.162037 0.000000 0.000926 1.000000
0 408 0.617188 0.221759 0.030208 0.162037 0.000000 0.001852 1.000000
0 409 0.617708 0.222222 0.030208 0.161111 0.000521 0.000463 1.000000
0 410 0.617708 0.224074 0.030208 0.161111 0.000000 0.001852 1.000000
0 411 0.617708 0.225000 0.030208 0.161111 0.000000 0.000926 1.000000
0 412 0.617708 0.225000 0.030208 0.161111 0.000000 0.000000 1.000000
0 413 0.617708 0.225926 0.030208 0.161111 0.000000 0.000926 1.000000
0 414 0.617188 0.226389 0.030208 0.160185 -0.000521 0.000463 1.000000
0 415 0.617188 0.227315 0.030208 0.162037 0.000000 0.000926 1.000000
0 416 0.616667 0.227315 0.030208 0.162037 -0.000521 0.000000 1.000000
0 417 0.616146 0.229167 0.030208 0.162037 -0.000521 0.001852 1.000000
0 418 0.616667 0.230556 0.030208 0.162963 0.000521 0.001389 1.000000
0 419 0.615625 0.230556 0.030208 0.162963 -0.001042 0.000000 1.000000
0 420 0.615625 0.230556 0.030208 0.162963 0.000000 0.000000 1.000000
0 421 0.615625 0.230556 0.030208 0.162963 0.000000 0.000000 1.000000
0 422 0.615625 0.231481 0.030208 0.162963 0.000000 0.000926 1.000000
0 423 0.615625 0.230093 0.030208 0.162037 0.000000 -0.001389 1.000000
0 424 0.615625 0.231019 0.029167 0.162037 0.000000 0.000926 1.000000
0 425 0.616146 0.229630 0.030208 0.162963 0.000521 -0.001389 1.000000
0 426 0.616146 0.229630 0.030208 0.162963 0.000000 0.000000 1.000000
0 427 0.616667 0.229167 0.029167 0.163889 0.000521 -0.000463 1.000000
0 428 0.617708 0.227778 0.029167 0.162963 0.001042 -0.001389 1.000000
0 429 0.619531 0.225000 0.029687 0.164815 0.001823 -0.002778 1.000000
0 430 0.620052 0.224074 0.029687 0.166667 0.000521 -0.000926 1.000000
0 431 0.622917 0.223611 0.029167 0.167593 0.002865 -0.000463 1.000000
0 432 0.624219 0.222685 0.029687 0.167593 0.001302 -0.000926 1.000000
0 433 0.627865 0.226852 0.029687 0.168519 0.003646 0.004167 1.000000
0 434 0.630208 0.231019 0.030208 0.169444 0.002344 0.004167 1.000000
0 435 0.633333 0.239352 0.030208 0.169444 0.003125 0.008333 1.000000
0 436 0.634375 0.242593 0.030208 0.170370 0.001042 0.003241 1.000000
0 437 0.637760 0.254167 0.030729 0.176852 0.003385 0.011574 1.000000
0 438 0.638281 0.257870 0.030729 0.176852 0.000521 0.003704 1.000000
0 439 0.639844 0.268519 0.030729 0.177778 0.001563 0.010648 1.000000
0 440 0.640365 0.272222 0.030729 0.177778 0.000521 0.003704 1.000000
0 441 0.642969 0.277778 0.030729 0.177778 0.002604 0.005556 1.000000
0 442 0.644010 0.280093 0.030729 0.178704 0.001042 0.002315 1.000000
0 443 0.645052 0.280093 0.030729 0.178704 0.001042 0.000000 1.000000
0 444 0.646094 0.282407 0.031771 0.179630 0.001042 0.002315 1.000000
0 445 0.647656 0.282407 0.031771 0.179630 0.001563 0.000000 1.000000
0 446 0.648698 0.283333 0.031771 0.179630 0.001042 0.000926 1.000000
0 447 0.650260 0.285648 0.031771 0.182407 0.001563 0.002315 1.000000
0 448 0.651302 0.285648 0.031771 0.182407 0.001042 0.000000 1.000000
0 449 0.653385 0.288426 0.031771 0.184259 0.002083 0.002778 1.000000
0 450 0.654687 0.290278 0.032292 0.184259 0.001302 0.001852 1.000000
0 451 0.656250 0.291204 0.032292 0.184259 0.001563 0.000926 1.000000
0 452 0.657292 0.292593 0.032292 0.185185 0.001042 0.001389 1.000000
0 453 0.658333 0.294444 0.032292 0.187037 0.001042 0.001852 1.000000
0 454 0.658073 0.295370 0.032813 0.187037 -0.000260 0.000926 1.000000
0 455 0.658594 0.298611 0.032813 0.187963 0.000521 0.003241 1.000000
0 456 0.658333 0.301389 0.033333 0.187963 -0.000260 0.002778 1.000000
0 457 0.657552 0.304167 0.032813 0.187963 -0.000781 0.002778 1.000000
0 458 0.656771 0.305093 0.032292 0.187963 -0.000781 0.000926 1.000000
0 459 0.654167 0.303241 0.032292 0.187963 -0.002604 -0.001852 1.000000
0 460 0.652604 0.301852 0.032292 0.188889 -0.001563 -0.001389 1.000000
0 461 0.651042 0.300000 0.032292 0.187037 -0.001563 -0.001852 1.000000
0 462 0.650000 0.298148 0.032292 0.187037 -0.001042 -0.001852 1.000000
0 463 0.647917 0.295370 0.031250 0.187037 -0.002083 -0.002778 1.000000
0 464 0.647135 0.295370 0.031771 0.187037 -0.000781 0.000000 1.000000
0 465 0.646354 0.291667 0.032292 0.185185 -0.000781 -0.003704 1.000000
0 466 0.645833 0.291667 0.032292 0.185185 -0.000521 0.000000 1.000000
0 467 0.645312 0.290741 0.032292 0.185185 -0.000521 -0.000926 1.000000
0 468 0.645833 0.290741 0.032292 0.185185 0.000521 0.000000 1.000000
0 469 0.645573 0.292130 0.031771 0.186111 -0.000260 0.001389 1.000000
0 470 0.645312 0.292130 0.032292 0.186111 -0.000260 0.000000 1.000000
0 471 0.645573 0.293056 0.032813 0.186111 0.000260 0.000926 1.000000
0 472 0.645312 0.293056 0.033333 0.186111 -0.000260 0.000000 1.000000
0 473 0.645833 0.293981 0.033333 0.186111 0.000521 0.000926 1.000000
0 474 0.645312 0.293056 0.033333 0.186111 -0.000521 -0.000926 1.000000
0 475 0.645833 0.293519 0.033333 0.187037 0.000521 0.000463 1.000000
0 476 0.646094 0.293519 0.033854 0.187037 0.000260 0.000000 1.000000
0 477 0.646094 0.294444 0.033854 0.187037 0.000000 0.000926 1.000000
0 478 0.646094 0.295833 0.033854 0.187963 0.000000 0.001389 1.000000
0 479 0.646094 0.295833 0.034896 0.187963 0.000000 0.000000 1.000000
0 480 0.646615 0.296296 0.034896 0.188889 0.000521 0.000463 1.000000
0 481 0.646354 0.295370 0.034375 0.187037 -0.000260 -0.000926 1.000000
0 482 0.645052 0.295370 0.034896 0.185185 -0.001302 0.000000 1.000000
0 483 0.644531 0.294907 0.032813 0.186111 -0.000521 -0.000463 1.000000
0 484 0.644010 0.293981 0.033854 0.186111 -0.000521 -0.000926 1.000000
0 485 0.640885 0.294444 0.033854 0.187037 -0.003125 0.000463 1.000000
0 486 0.640885 0.293981 0.033854 0.186111 0.000000 -0.000463 1.000000
0 487 0.641146 0.294444 0.034375 0.185185 0.000260 0.000463 1.000000
0 488 0.641146 0.294444 0.034375 0.185185 0.000000 0.000000 1.000000
0 489 0.639062 0.293981 0.033333 0.184259 -0.002083 -0.000463 1.000000
0 490 0.638802 0.293056 0.033854 0.184259 -0.000260 -0.000926 1.000000
0 491 0.637500 0.293056 0.033333 0.184259 -0.001302 0.000000 1.000000
0 492 0.637500 0.293981 0.033333 0.184259 0.000000 0.000926 1.000000
0 493 0.636979 0.295370 0.033333 0.181481 -0.000521 0.001389 1.000000
0 494 0.636458 0.295833 0.033333 0.180556 -0.000521 0.000463 1.000000
0 495 0.634635 0.296759 0.032813 0.180556 -0.001823 0.000926 1.000000
0 496 0.634635 0.296759 0.032813 0.180556 0.000000 0.000000 1.000000
0 497 0.634635 0.299537 0.032813 0.184259 0.000000 0.002778 1.000000
0 498 0.634635 0.300463 0.032813 0.184259 0.000000 0.000926 1.000000
0 499 0.633854 0.301389 0.032292 0.189815 -0.000781 0.000926 1.000000
0 500 0.633854 0.299074 0.032292 0.187037 0.000000 -0.002315 1.000000
0 501 0.634375 0.297222 0.032292 0.185185 0.000521 -0.001852 1.000000
0 502 0.634115 0.295833 0.031771 0.182407 -0.000260 -0.001389 1.000000
0 503 0.634635 0.293519 0.031771 0.179630 0.000521 -0.002315 1.000000
0 504 0.634896 0.292593 0.031250 0.177778 0.000260 -0.000926 1.000000
0 505 0.634896 0.289352 0.031250 0.175000 0.000000 -0.003241 1.000000
0 506 0.635156 0.287037 0.030729 0.172222 0.000260 -0.002315 1.000000
0 507 0.635677 0.286111 0.030729 0.170370 0.000521 -0.000926 1.000000
0 508 0.635417 0.286574 0.030208 0.169444 -0.000260 0.000463 1.000000
0 509 0.635938 0.286574 0.030208 0.167593 0.000521 0.000000 1.000000
0 510 0.635677 0.287037 0.029687 0.166667 -0.000260 0.000463 1.000000
0 511 0.635677 0.287500 0.029687 0.165741 0.000000 0.000463 1.000000
0 512 0.635417 0.289352 0.029167 0.163889 -0.000260 0.001852 1.000000
0 513 0.635417 0.289815 0.029167 0.162963 0.000000 0.000463 1.000000
0 514 0.635156 0.290278 0.028646 0.162037 -0.000260 0.000463 1.000000
0 515 0.635156 0.293519 0.028646 0.161111 0.000000 0.003241 1.000000
0 516 0.634635 0.294444 0.028646 0.159259 -0.000521 0.000926 1.000000
0 517 0.634896 0.294907 0.029167 0.158333 0.000260 0.000463 1.000000
0 518 0.634896 0.294907 0.029167 0.160185 0.000000 0.000000 1.000000
0 519 0.634896 0.296759 0.029167 0.158333 0.000000 0.001852 1.000000
0 520 0.634896 0.297685 0.029167 0.158333 0.000000 0.000926 1.000000
0 521 0.634896 0.299074 0.029167 0.157407 0.000000 0.001389 1.000000
0 522 0.634896 0.299074 0.029167 0.155556 0.000000 0.000000 1.000000
0 523 0.636458 0.297685 0.029167 0.154630 0.001563 -0.001389 1.000000
0 524 0.638542 0.291204 0.029167 0.152778 0.002083 -0.006481 1.000000
0 525 0.642448 0.279630 0.028646 0.151852 0.003906 -0.011574 1.000000
0 526 0.644010 0.279630 0.028646 0.151852 0.001563 0.000000 1.000000
0 527 0.644531 0.280093 0.028646 0.150926 0.000521 0.000463 1.000000
0 528 0.645833 0.279630 0.028125 0.150000 0.001302 -0.000463 1.000000
0 529 0.647396 0.286111 0.028125 0.150000 0.001563 0.006481 1.000000
0 530 0.648438 0.288889 0.028125 0.148148 0.001042 0.002778 1.000000
0 531 0.650000 0.294907 0.027083 0.147222 0.001563 0.006019 1.000000
0 532 0.650260 0.296296 0.026562 0.146296 0.000260 0.001389 1.000000
0 533 0.652344 0.299074 0.026562 0.146296 0.002083 0.002778 1.000000
0 534 0.652865 0.299537 0.026562 0.145370 0.000521 0.000463 1.000000
0 535 0.653646 0.300000 0.026042 0.144444 0.000781 0.000463 1.000000
0 536 0.654687 0.300000 0.026042 0.144444 0.001042 0.000000 1.000000
0 537 0.654687 0.300463 0.026042 0.143519 0.000000 0.000463 1.000000
0 538 0.654427 0.300000 0.025521 0.142593 -0.000260 -0.000463 1.000000
0 539 0.655469 0.298148 0.025521 0.142593 0.001042 -0.001852 1.000000
0 540 0.655729 0.296296 0.026042 0.140741 0.000260 -0.001852 1.000000
0 541 0.655729 0.292593 0.026042 0.142593 0.000000 -0.003704 1.000000
0 542 0.656510 0.291204 0.025521 0.141667 0.000781 -0.001389 1.000000
0 543 0.657031 0.290278 0.025521 0.141667 0.000521 -0.000926 1.000000
0 544 0.657292 0.288426 0.025000 0.141667 0.000260 -0.001852 1.000000
0 545 0.657552 0.287500 0.025521 0.141667 0.000260 -0.000926 1.000000
0 546 0.658073 0.287500 0.025521 0.141667 0.000521 0.000000 1.000000
0 547 0.658594 0.285185 0.024479 0.142593 0.000521 -0.002315 1.000000
0 548 0.659115 0.284259 0.024479 0.142593 0.000521 -0.000926 1.000000
0 549 0.659635 0.276389 0.024479 0.141667 0.000521 -0.007870 1.000000
0 550 0.659896 0.272222 0.023958 0.140741 0.000260 -0.004167 1.000000
0 551 0.660677 0.265741 0.023438 0.140741 0.000781 -0.006481 1.000000
0 552 0.660677 0.263889 0.023438 0.142593 0.000000 -0.001852 1.000000
0 553 0.661198 0.262963 0.023438 0.142593 0.000521 -0.000926 1.000000
0 554 0.660937 0.262963 0.023958 0.142593 -0.000260 0.000000 1.000000
0 555 0.661458 0.266667 0.023958 0.142593 0.000521 0.003704 1.000000
0 556 0.661719 0.269444 0.023438 0.142593 0.000260 0.002778 1.000000
0 557 0.662240 0.276852 0.023438 0.142593 0.000521 0.007407 1.000000
0 558 0.663021 0.280556 0.023958 0.144444 0.000781 0.003704 1.000000
0 559 0.663021 0.286111 0.023958 0.144444 0.000000 0.005556 1.000000
0 560 0.662760 0.287963 0.024479 0.142593 -0.000260 0.001852 1.000000
0 561 0.662760 0.291204 0.024479 0.141667 0.000000 0.003241 1.000000
0 562 0.663021 0.292593 0.023958 0.140741 0.000260 0.001389 1.000000
0 563 0.663542 0.294907 0.023958 0.143519 0.000521 0.002315 1.000000
0 564 0.663021 0.295833 0.025000 0.143519 -0.000521 0.000926 1.000000
0 565 0.662500 0.297685 0.025000 0.143519 -0.000521 0.001852 1.000000
0 566 0.661979 0.297222 0.025000 0.142593 -0.000521 -0.000463 1.000000
0 567 0.661719 0.298611 0.026562 0.141667 -0.000260 0.001389 1.000000
0 568 0.660156 0.300000 0.026562 0.142593 -0.001563 0.001389 1.000000
0 569 0.658333 0.299537 0.026042 0.141667 -0.001823 -0.000463 1.000000
0 570 0.658333 0.299074 0.026042 0.142593 0.000000 -0.000463 1.000000
0 571 0.656771 0.300000 0.026042 0.142593 -0.001563 0.000926 1.000000
0 572 0.655208 0.301389 0.026042 0.141667 -0.001563 0.001389 1.000000
0 573 0.654687 0.301389 0.026042 0.141667 -0.000521 0.000000 1.000000
0 574 0.653646 0.301852 0.026042 0.142593 -0.001042 0.000463 1.000000
0 575 0.653646 0.301389 0.026042 0.141667 0.000000 -0.000463 1.000000
0 576 0.651563 0.299074 0.026042 0.140741 -0.002083 -0.002315 1.000000
0 577 0.650260 0.297685 0.025521 0.141667 -0.001302 -0.001389 1.000000
0 578 0.647135 0.287037 0.025521 0.140741 -0.003125 -0.010648 1.000000
0 579 0.645573 0.281019 0.025521 0.141667 -0.001563 -0.006019 1.000000
0 580 0.641927 0.268981 0.025521 0.141667 -0.003646 -0.012037 1.000000
0 581 0.638802 0.262963 0.025521 0.140741 -0.003125 -0.006019 1.000000
0 582 0.633073 0.253241 0.025521 0.141667 -0.005729 -0.009722 1.000000
0 583 0.627083 0.248611 0.026042 0.141667 -0.005990 -0.004630 1.000000
