0 1 0.268359 0.509722 0.028906 0.125000 1.000000
0 2 0.259375 0.506944 0.028125 0.125000 1.000000
0 3 0.259375 0.506944 0.028125 0.125000 1.000000
0 4 0.243359 0.506250 0.027344 0.123611 1.000000
0 5 0.235547 0.505556 0.025781 0.122222 1.000000
0 6 0.228906 0.503472 0.023438 0.120833 1.000000
0 7 0.221094 0.501389 0.023438 0.119444 1.000000
0 8 0.221094 0.501389 0.023438 0.119444 1.000000
0 9 0.210938 0.498611 0.028125 0.119444 1.000000
0 10 0.203125 0.497222 0.028125 0.122222 1.000000
0 11 0.196094 0.495139 0.029687 0.120833 1.000000
0 12 0.190625 0.493750 0.031250 0.120833 1.000000
0 13 0.190625 0.493750 0.031250 0.120833 1.000000
0 14 0.179297 0.490972 0.030469 0.120833 1.000000
0 15 0.175000 0.490972 0.028125 0.120833 1.000000
0 16 0.171484 0.487500 0.025781 0.119444 1.000000
0 17 0.169531 0.486111 0.026562 0.119444 1.000000
0 18 0.169531 0.486111 0.026562 0.119444 1.000000
0 19 0.167187 0.480556 0.025000 0.116667 1.000000
0 20 0.166406 0.475694 0.025000 0.118056 1.000000
0 21 0.164453 0.472917 0.022656 0.118056 1.000000
0 22 0.163672 0.470833 0.021094 0.119444 1.000000
0 23 0.163672 0.470833 0.021094 0.119444 1.000000
0 24 0.161719 0.466667 0.020313 0.122222 1.000000
0 25 0.161719 0.466667 0.020313 0.122222 1.000000
0 26 0.160938 0.465972 0.020313 0.120833 1.000000
0 27 0.161328 0.468750 0.021094 0.120833 1.000000
0 28 0.161328 0.468750 0.021094 0.120833 1.000000
0 29 0.160156 0.469444 0.021875 0.116667 1.000000
0 30 0.159375 0.469444 0.021875 0.116667 1.000000
0 31 0.157812 0.470139 0.021875 0.115278 1.000000
0 32 0.158203 0.470833 0.022656 0.113889 1.000000
0 33 0.158203 0.470833 0.022656 0.113889 1.000000
0 34 0.156250 0.470833 0.023438 0.113889 1.000000
0 35 0.155469 0.471528 0.023438 0.115278 1.000000
0 36 0.155078 0.470833 0.024219 0.116667 1.000000
0 37 0.153906 0.470833 0.025000 0.116667 1.000000
0 38 0.153906 0.470833 0.025000 0.116667 1.000000
0 39 0.150781 0.469444 0.029687 0.116667 1.000000
0 40 0.150000 0.469444 0.029687 0.116667 1.000000
0 41 0.148828 0.468056 0.028906 0.116667 1.000000
0 42 0.149219 0.468056 0.026562 0.116667 1.000000
0 43 0.149219 0.468056 0.026562 0.116667 1.000000
0 44 0.147656 0.466667 0.026562 0.116667 1.000000
0 45 0.146094 0.466667 0.026562 0.116667 1.000000
0 46 0.143750 0.465972 0.028125 0.115278 1.000000
0 47 0.142578 0.465972 0.028906 0.115278 1.000000
0 48 0.142578 0.465972 0.028906 0.115278 1.000000
0 49 0.137500 0.468056 0.034375 0.111111 1.000000
0 50 0.136719 0.468750 0.034375 0.109722 1.000000
0 51 0.135156 0.469444 0.035937 0.108333 1.000000
0 52 0.133594 0.469444 0.035937 0.108333 1.000000
0 53 0.133594 0.469444 0.035937 0.108333 1.000000
0 54 0.131250 0.469444 0.037500 0.111111 1.000000
0 55 0.129688 0.469444 0.040625 0.111111 1.000000
0 56 0.125781 0.468750 0.039062 0.115278 1.000000
0 57 0.120313 0.465278 0.037500 0.113889 1.000000
0 58 0.120313 0.465278 0.037500 0.113889 1.000000
0 59 0.110547 0.461111 0.035156 0.116667 1.000000
0 60 0.107031 0.459722 0.034375 0.119444 1.000000
0 61 0.103516 0.459722 0.033594 0.119444 1.000000
0 62 0.100391 0.458333 0.032031 0.119444 1.000000
0 63 0.100391 0.458333 0.032031 0.119444 1.000000
0 64 0.093359 0.459722 0.030469 0.116667 1.000000
0 65 0.090234 0.460417 0.030469 0.115278 1.000000
0 66 0.085547 0.461111 0.030469 0.116667 1.000000
0 67 0.082031 0.462500 0.032813 0.116667 1.000000
0 68 0.082031 0.462500 0.032813 0.116667 1.000000
0 69 0.077734 0.461806 0.039844 0.120833 1.000000
0 70 0.076953 0.460417 0.039844 0.120833 1.000000
0 71 0.074609 0.460417 0.036719 0.123611 1.000000
0 72 0.070703 0.457639 0.033594 0.126389 1.000000
0 73 0.070703 0.457639 0.033594 0.126389 1.000000
0 74 0.066797 0.452778 0.030469 0.127778 1.000000
0 75 0.066016 0.452778 0.030469 0.130556 1.000000
0 76 0.065625 0.451389 0.028125 0.130556 1.000000
0 77 0.064062 0.452778 0.028125 0.130556 1.000000
0 78 0.064062 0.452778 0.028125 0.130556 1.000000
0 79 0.059766 0.456250 0.035156 0.126389 1.000000
0 80 0.058203 0.457639 0.035156 0.123611 1.000000
0 81 0.058594 0.459028 0.042188 0.120833 1.000000
0 82 0.061719 0.459722 0.045312 0.119444 1.000000
0 83 0.061719 0.459722 0.045312 0.119444 1.000000
0 84 0.071094 0.458333 0.043750 0.122222 1.000000
0 85 0.074219 0.457639 0.039062 0.123611 1.000000
0 86 0.078516 0.455556 0.033594 0.125000 1.000000
0 87 0.080859 0.454167 0.027344 0.127778 1.000000
0 88 0.080859 0.454167 0.027344 0.127778 1.000000
0 89 0.095703 0.452778 0.025781 0.127778 1.000000
0 90 0.103125 0.452083 0.023438 0.126389 1.000000
0 91 0.114062 0.454167 0.025000 0.125000 1.000000
0 92 0.124219 0.455556 0.028125 0.122222 1.000000
0 93 0.124219 0.455556 0.028125 0.122222 1.000000
0 94 0.149219 0.456944 0.035937 0.119444 1.000000
0 95 0.163281 0.455556 0.040625 0.116667 1.000000
0 96 0.178516 0.456250 0.044531 0.118056 1.000000
0 97 0.195312 0.459028 0.042188 0.118056 1.000000
0 98 0.195312 0.459028 0.042188 0.118056 1.000000
0 99 0.224219 0.461111 0.042188 0.116667 1.000000
0 100 0.238281 0.463889 0.040625 0.116667 1.000000
0 101 0.253516 0.461806 0.039844 0.112500 1.000000
0 102 0.271484 0.462500 0.042969 0.113889 1.000000
0 103 0.271484 0.462500 0.042969 0.113889 1.000000
0 104 0.303125 0.458333 0.043750 0.108333 1.000000
0 105 0.318750 0.459722 0.046875 0.108333 1.000000
0 106 0.334375 0.460417 0.037500 0.112500 1.000000
0 107 0.343750 0.461111 0.035937 0.111111 1.000000
0 108 0.343750 0.461111 0.035937 0.111111 1.000000
0 109 0.369141 0.457639 0.035156 0.115278 1.000000
0 110 0.383203 0.456250 0.035156 0.118056 1.000000
0 111 0.401953 0.449306 0.030469 0.112500 1.000000
0 112 0.415625 0.446528 0.032813 0.109722 1.000000
0 113 0.415625 0.446528 0.032813 0.109722 1.000000
0 114 0.445703 0.447222 0.025781 0.111111 1.000000
0 115 0.458594 0.445833 0.028125 0.113889 1.000000
0 116 0.472656 0.445833 0.026562 0.116667 1.000000
0 117 0.484375 0.442361 0.028125 0.118056 1.000000
0 118 0.484375 0.442361 0.028125 0.118056 1.000000
0 119 0.505469 0.440278 0.029687 0.119444 1.000000
0 120 0.515625 0.437500 0.029687 0.113889 1.000000
0 121 0.524219 0.436111 0.025000 0.113889 1.000000
0 122 0.530469 0.436111 0.026562 0.113889 1.000000
0 123 0.530469 0.436111 0.026562 0.113889 1.000000
0 124 0.542188 0.434028 0.026562 0.118056 1.000000
0 125 0.546875 0.429167 0.025000 0.116667 1.000000
0 126 0.552344 0.428472 0.025000 0.120833 1.000000
0 127 0.554297 0.426389 0.025781 0.119444 1.000000
0 128 0.554297 0.426389 0.025781 0.119444 1.000000
0 129 0.554297 0.424306 0.025781 0.118056 1.000000
0 130 0.552734 0.424306 0.024219 0.115278 1.000000
0 131 0.551172 0.425694 0.024219 0.112500 1.000000
0 132 0.548828 0.425000 0.024219 0.113889 1.000000
0 133 0.548828 0.425000 0.024219 0.113889 1.000000
0 134 0.544922 0.420833 0.024219 0.113889 1.000000
0 135 0.541406 0.419444 0.026562 0.113889 1.000000
0 136 0.538672 0.418056 0.028906 0.111111 1.000000
0 137 0.535156 0.417361 0.029687 0.106944 1.000000
0 138 0.535156 0.417361 0.029687 0.106944 1.000000
0 139 0.532031 0.419444 0.035937 0.105556 1.000000
0 140 0.532422 0.418056 0.032031 0.102778 1.000000
0 141 0.532031 0.418056 0.031250 0.100000 1.000000
0 142 0.531250 0.417361 0.031250 0.101389 1.000000
0 143 0.531250 0.417361 0.031250 0.101389 1.000000
0 144 0.531250 0.415278 0.034375 0.105556 1.000000
0 145 0.531641 0.413889 0.035156 0.105556 1.000000
0 146 0.532422 0.413889 0.036719 0.105556 1.000000
0 147 0.535937 0.413194 0.034375 0.109722 1.000000
0 148 0.535937 0.413194 0.034375 0.109722 1.000000
0 149 0.540625 0.411806 0.028125 0.112500 1.000000
0 150 0.542188 0.411806 0.028125 0.112500 1.000000
0 151 0.543750 0.409722 0.028125 0.111111 1.000000
0 152 0.543359 0.410417 0.028906 0.109722 1.000000
0 153 0.543359 0.410417 0.028906 0.109722 1.000000
0 154 0.545312 0.412500 0.028125 0.108333 1.000000
0 155 0.545703 0.413889 0.027344 0.108333 1.000000
0 156 0.548438 0.414583 0.029687 0.109722 1.000000
0 157 0.551562 0.418056 0.031250 0.108333 1.000000
0 158 0.551562 0.418056 0.031250 0.108333 1.000000
0 159 0.557813 0.418750 0.032813 0.109722 1.000000
0 160 0.558594 0.419444 0.029687 0.108333 1.000000
0 161 0.560156 0.420833 0.028125 0.111111 1.000000
0 162 0.561328 0.420833 0.025781 0.111111 1.000000
0 163 0.561328 0.420833 0.025781 0.111111 1.000000
0 164 0.564844 0.420139 0.026562 0.109722 1.000000
0 165 0.566406 0.419444 0.026562 0.108333 1.000000
0 166 0.568750 0.418056 0.026562 0.105556 1.000000
0 167 0.571875 0.420139 0.025000 0.106944 1.000000
0 168 0.571875 0.420139 0.025000 0.106944 1.000000
0 169 0.578906 0.419444 0.026562 0.105556 1.000000
0 170 0.580859 0.419444 0.027344 0.105556 1.000000
0 171 0.582031 0.419444 0.026562 0.108333 1.000000
0 172 0.586328 0.418750 0.028906 0.106944 1.000000
0 173 0.586328 0.418750 0.028906 0.106944 1.000000
0 174 0.592578 0.416667 0.027344 0.105556 1.000000
0 175 0.593750 0.416667 0.025000 0.105556 1.000000
0 176 0.596094 0.418056 0.025000 0.102778 1.000000
0 177 0.594531 0.418056 0.023438 0.102778 1.000000
0 178 0.594531 0.418056 0.023438 0.102778 1.000000
0 179 0.587891 0.411806 0.025781 0.101389 1.000000
0 180 0.589063 0.408333 0.020313 0.105556 1.000000
0 181 0.589844 0.402083 0.021875 0.115278 1.000000
0 182 0.587891 0.392361 0.025781 0.112500 1.000000
0 183 0.587891 0.392361 0.025781 0.112500 1.000000
0 184 0.583594 0.390972 0.034375 0.115278 1.000000
0 185 0.581250 0.392361 0.037500 0.112500 1.000000
0 186 0.578906 0.391667 0.037500 0.111111 1.000000
0 187 0.577734 0.394444 0.036719 0.116667 1.000000
0 188 0.577734 0.394444 0.036719 0.116667 1.000000
0 189 0.573438 0.388889 0.037500 0.127778 1.000000
0 190 0.569141 0.390278 0.039844 0.136111 1.000000
0 191 0.565625 0.394444 0.045312 0.138889 1.000000
0 192 0.563281 0.412500 0.048438 0.105556 1.000000
0 193 0.563281 0.412500 0.048438 0.105556 1.000000
0 194 0.558984 0.411806 0.053906 0.112500 1.000000
0 195 0.556641 0.418056 0.053906 0.105556 1.000000
0 196 0.558203 0.419444 0.050781 0.105556 1.000000
0 197 0.557031 0.422222 0.048438 0.105556 1.000000
0 198 0.557031 0.422222 0.048438 0.105556 1.000000
0 199 0.550391 0.418750 0.041406 0.098611 1.000000
0 200 0.547656 0.418056 0.039062 0.097222 1.000000
0 201 0.542969 0.419444 0.029687 0.097222 1.000000
0 202 0.539844 0.418056 0.029687 0.097222 1.000000
0 203 0.539844 0.418056 0.029687 0.097222 1.000000
0 204 0.533203 0.419444 0.033594 0.100000 1.000000
0 205 0.530469 0.420139 0.037500 0.101389 1.000000
0 206 0.528125 0.419444 0.039062 0.105556 1.000000
0 207 0.526563 0.420833 0.040625 0.108333 1.000000
0 208 0.526563 0.420833 0.040625 0.108333 1.000000
0 209 0.523438 0.419444 0.042188 0.113889 1.000000
0 210 0.522656 0.418750 0.040625 0.115278 1.000000
0 211 0.524219 0.419444 0.040625 0.116667 1.000000
0 212 0.527344 0.419444 0.039062 0.116667 1.000000
0 213 0.527344 0.419444 0.039062 0.116667 1.000000
0 214 0.532813 0.418750 0.032813 0.115278 1.000000
0 215 0.532813 0.420833 0.028125 0.113889 1.000000
0 216 0.530859 0.422917 0.024219 0.112500 1.000000
0 217 0.530469 0.425694 0.023438 0.112500 1.000000
0 218 0.530469 0.425694 0.023438 0.112500 1.000000
0 219 0.530469 0.425694 0.028125 0.112500 1.000000
0 220 0.529297 0.427083 0.030469 0.109722 1.000000
0 221 0.526953 0.429861 0.030469 0.109722 1.000000
0 222 0.523828 0.430556 0.033594 0.108333 1.000000
0 223 0.523828 0.430556 0.033594 0.108333 1.000000
0 224 0.513281 0.429861 0.032813 0.106944 1.000000
0 225 0.511719 0.429861 0.032813 0.109722 1.000000
0 226 0.511719 0.429167 0.032813 0.108333 1.000000
0 227 0.509766 0.428472 0.033594 0.109722 1.000000
0 228 0.509766 0.428472 0.033594 0.109722 1.000000
0 229 0.505469 0.428472 0.026562 0.104167 1.000000
0 230 0.503906 0.427778 0.026562 0.105556 1.000000
0 231 0.503125 0.426389 0.025000 0.108333 1.000000
0 232 0.504297 0.427778 0.027344 0.111111 1.000000
0 233 0.504297 0.427778 0.027344 0.111111 1.000000
0 234 0.499609 0.422222 0.033594 0.105556 1.000000
0 235 0.496094 0.422222 0.039062 0.102778 1.000000
0 236 0.494141 0.422917 0.038281 0.104167 1.000000
0 237 0.491406 0.422222 0.037500 0.105556 1.000000
0 238 0.491406 0.422222 0.037500 0.105556 1.000000
0 239 0.489453 0.418750 0.038281 0.109722 1.000000
0 240 0.488281 0.417361 0.039062 0.112500 1.000000
0 241 0.486719 0.412500 0.039062 0.108333 1.000000
0 242 0.483594 0.412500 0.035937 0.108333 1.000000
0 243 0.483594 0.412500 0.035937 0.108333 1.000000
0 244 0.476953 0.413889 0.035156 0.111111 1.000000
0 245 0.473047 0.410417 0.030469 0.109722 1.000000
0 246 0.466406 0.408333 0.026562 0.111111 1.000000
0 247 0.462500 0.408333 0.026562 0.113889 1.000000
0 248 0.462500 0.408333 0.026562 0.113889 1.000000
0 249 0.451562 0.405556 0.028125 0.111111 1.000000
0 250 0.444531 0.404167 0.026562 0.108333 1.000000
0 251 0.436328 0.407639 0.024219 0.109722 1.000000
0 252 0.428906 0.406944 0.026562 0.108333 1.000000
0 253 0.428906 0.406944 0.026562 0.108333 1.000000
0 254 0.417969 0.404167 0.026562 0.111111 1.000000
0 255 0.412500 0.403472 0.026562 0.115278 1.000000
0 256 0.406250 0.401389 0.031250 0.113889 1.000000
0 257 0.400000 0.400000 0.034375 0.111111 1.000000
0 258 0.400000 0.400000 0.034375 0.111111 1.000000
0 259 0.385937 0.398611 0.039062 0.108333 1.000000
0 260 0.378125 0.398611 0.037500 0.105556 1.000000
0 261 0.370312 0.396528 0.034375 0.104167 1.000000
0 262 0.360156 0.397222 0.029687 0.108333 1.000000
0 263 0.360156 0.397222 0.029687 0.108333 1.000000
0 264 0.344531 0.393056 0.023438 0.111111 1.000000
0 265 0.339062 0.390972 0.021875 0.112500 1.000000
0 266 0.332422 0.389583 0.024219 0.112500 1.000000
0 267 0.327344 0.388889 0.023438 0.111111 1.000000
0 268 0.327344 0.388889 0.023438 0.111111 1.000000
0 269 0.314453 0.386111 0.022656 0.108333 1.000000
0 270 0.307812 0.385417 0.026562 0.106944 1.000000
0 271 0.301563 0.384722 0.028125 0.108333 1.000000
0 272 0.295312 0.384722 0.031250 0.111111 1.000000
0 273 0.295312 0.384722 0.031250 0.111111 1.000000
0 274 0.281641 0.384722 0.032031 0.113889 1.000000
0 275 0.276562 0.381944 0.029687 0.113889 1.000000
0 276 0.269531 0.381250 0.029687 0.109722 1.000000
0 277 0.263672 0.381944 0.032031 0.111111 1.000000
0 278 0.263672 0.381944 0.032031 0.111111 1.000000
0 279 0.251953 0.381944 0.028906 0.108333 1.000000
0 280 0.245312 0.381944 0.025000 0.111111 1.000000
0 281 0.240234 0.381250 0.024219 0.109722 1.000000
0 282 0.234375 0.381944 0.023438 0.111111 1.000000
0 283 0.234375 0.381944 0.023438 0.111111 1.000000
0 284 0.221094 0.380556 0.021875 0.111111 1.000000
0 285 0.214844 0.381944 0.021875 0.111111 1.000000
0 286 0.208594 0.382639 0.020313 0.109722 1.000000
0 287 0.203125 0.382639 0.021875 0.109722 1.000000
0 288 0.203125 0.382639 0.021875 0.109722 1.000000
0 289 0.190625 0.379167 0.020313 0.105556 1.000000
0 290 0.184375 0.379861 0.020313 0.109722 1.000000
0 291 0.179688 0.379167 0.021875 0.113889 1.000000
0 292 0.173828 0.377778 0.024219 0.111111 1.000000
0 293 0.173828 0.377778 0.024219 0.111111 1.000000
0 294 0.162500 0.377083 0.026562 0.112500 1.000000
0 295 0.157031 0.377083 0.029687 0.112500 1.000000
0 296 0.152344 0.378472 0.029687 0.112500 1.000000
0 297 0.148047 0.377778 0.030469 0.111111 1.000000
0 298 0.148047 0.377778 0.030469 0.111111 1.000000
0 299 0.138281 0.376389 0.029687 0.108333 1.000000
0 300 0.135547 0.376389 0.030469 0.108333 1.000000
0 301 0.127734 0.374306 0.027344 0.106944 1.000000
0 302 0.120703 0.375000 0.025781 0.108333 1.000000
0 303 0.120703 0.375000 0.025781 0.108333 1.000000
0 304 0.106641 0.375000 0.021094 0.111111 1.000000
0 305 0.101562 0.375000 0.021875 0.111111 1.000000
0 306 0.096875 0.374306 0.021875 0.109722 1.000000
0 307 0.092578 0.375000 0.024219 0.111111 1.000000
0 308 0.092578 0.375000 0.024219 0.111111 1.000000
0 309 0.087109 0.376389 0.027344 0.108333 1.000000
0 310 0.084375 0.377778 0.028125 0.105556 1.000000
0 311 0.082031 0.378472 0.029687 0.106944 1.000000
0 312 0.079687 0.377083 0.028125 0.104167 1.000000
0 313 0.079687 0.377083 0.028125 0.104167 1.000000
0 314 0.071484 0.375000 0.024219 0.105556 1.000000
0 315 0.069141 0.372222 0.022656 0.105556 1.000000
0 316 0.067187 0.370833 0.021875 0.105556 1.000000
0 317 0.065625 0.370833 0.021875 0.108333 1.000000
0 318 0.065625 0.370833 0.021875 0.108333 1.000000
0 319 0.063281 0.370833 0.023438 0.105556 1.000000
0 320 0.064062 0.372222 0.025000 0.105556 1.000000
0 321 0.064453 0.370833 0.025781 0.102778 1.000000
0 322 0.065625 0.370139 0.025000 0.101389 1.000000
0 323 0.065625 0.370139 0.025000 0.101389 1.000000
0 324 0.066406 0.368750 0.023438 0.104167 1.000000
0 325 0.067969 0.368056 0.025000 0.105556 1.000000
0 326 0.069141 0.368750 0.025781 0.109722 1.000000
0 327 0.071094 0.368750 0.026562 0.109722 1.000000
0 328 0.071094 0.368750 0.026562 0.109722 1.000000
0 329 0.073438 0.369444 0.028125 0.105556 1.000000
0 330 0.075000 0.369444 0.028125 0.105556 1.000000
0 331 0.076172 0.370833 0.028906 0.102778 1.000000
0 332 0.077344 0.370139 0.026562 0.101389 1.000000
0 333 0.077344 0.370139 0.026562 0.101389 1.000000
0 334 0.082031 0.368056 0.029687 0.108333 1.000000
0 335 0.083984 0.369444 0.030469 0.111111 1.000000
0 336 0.087500 0.370139 0.032813 0.109722 1.000000
0 337 0.090625 0.370833 0.032813 0.111111 1.000000
0 338 0.090625 0.370833 0.032813 0.111111 1.000000
0 339 0.097266 0.372917 0.028906 0.106944 1.000000
0 340 0.100000 0.371528 0.026562 0.104167 1.000000
0 341 0.104297 0.371528 0.027344 0.104167 1.000000
0 342 0.110547 0.371528 0.030469 0.106944 1.000000
0 343 0.110547 0.371528 0.030469 0.106944 1.000000
0 344 0.117969 0.370139 0.035937 0.112500 1.000000
0 345 0.122656 0.370139 0.035937 0.112500 1.000000
0 346 0.125781 0.372917 0.035937 0.112500 1.000000
0 347 0.130078 0.373611 0.036719 0.111111 1.000000
0 348 0.130078 0.373611 0.036719 0.111111 1.000000
0 349 0.133203 0.373611 0.035156 0.105556 1.000000
0 350 0.135547 0.372222 0.030469 0.102778 1.000000
0 351 0.142187 0.369444 0.034375 0.100000 1.000000
0 352 0.146094 0.370139 0.032813 0.106944 1.000000
0 353 0.146094 0.370139 0.032813 0.106944 1.000000
0 354 0.157031 0.371528 0.035937 0.109722 1.000000
0 355 0.161719 0.373611 0.035937 0.108333 1.000000
0 356 0.165625 0.375000 0.034375 0.108333 1.000000
0 357 0.168750 0.375000 0.031250 0.108333 1.000000
0 358 0.168750 0.375694 0.031250 0.106944 1.000000
0 359 0.175000 0.375000 0.025000 0.105556 1.000000
0 360 0.180859 0.373611 0.028906 0.105556 1.000000
0 361 0.186719 0.372222 0.032813 0.105556 1.000000
0 362 0.192578 0.373611 0.033594 0.108333 1.000000
0 363 0.192578 0.373611 0.033594 0.108333 1.000000
0 364 0.202344 0.373611 0.035937 0.108333 1.000000
0 365 0.207422 0.376389 0.035156 0.108333 1.000000
0 366 0.210156 0.378472 0.034375 0.106944 1.000000
0 367 0.213281 0.378472 0.031250 0.106944 1.000000
0 368 0.213281 0.378472 0.031250 0.106944 1.000000
0 369 0.224219 0.377083 0.031250 0.106944 1.000000
0 370 0.230859 0.375694 0.032031 0.106944 1.000000
0 371 0.239063 0.377083 0.034375 0.109722 1.000000
0 372 0.244531 0.376389 0.035937 0.108333 1.000000
0 373 0.244531 0.376389 0.035937 0.108333 1.000000
0 374 0.255078 0.379167 0.033594 0.108333 1.000000
0 375 0.258203 0.379861 0.032031 0.104167 1.000000
0 376 0.262500 0.379861 0.025000 0.104167 1.000000
0 377 0.265625 0.379167 0.025000 0.105556 1.000000
0 378 0.265625 0.379167 0.025000 0.105556 1.000000
0 379 0.276562 0.376389 0.031250 0.108333 1.000000
0 380 0.280859 0.375000 0.036719 0.108333 1.000000
0 381 0.285547 0.373611 0.038281 0.108333 1.000000
0 382 0.289844 0.375000 0.039062 0.111111 1.000000
0 383 0.289844 0.375000 0.039062 0.111111 1.000000
0 384 0.296094 0.376389 0.034375 0.108333 1.000000
0 385 0.297656 0.375694 0.032813 0.106944 1.000000
0 386 0.299219 0.372917 0.029687 0.106944 1.000000
0 387 0.303906 0.372222 0.031250 0.108333 1.000000
0 388 0.303906 0.370833 0.031250 0.108333 1.000000
0 389 0.316016 0.368056 0.033594 0.108333 1.000000
0 390 0.319141 0.369444 0.038281 0.111111 1.000000
0 391 0.321875 0.370139 0.039062 0.112500 1.000000
0 392 0.326562 0.370139 0.034375 0.106944 1.000000
0 393 0.326562 0.370139 0.034375 0.106944 1.000000
0 394 0.328906 0.368750 0.028125 0.104167 1.000000
0 395 0.330859 0.368750 0.025781 0.104167 1.000000
0 396 0.335547 0.368056 0.027344 0.108333 1.000000
0 397 0.339844 0.367361 0.031250 0.109722 1.000000
0 398 0.339844 0.367361 0.031250 0.109722 1.000000
0 399 0.345313 0.365278 0.040625 0.111111 1.000000
0 400 0.350000 0.366667 0.040625 0.111111 1.000000
0 401 0.352344 0.366667 0.035937 0.108333 1.000000
0 402 0.353516 0.366667 0.033594 0.105556 1.000000
0 403 0.353516 0.366667 0.033594 0.105556 1.000000
0 404 0.353125 0.366667 0.028125 0.108333 1.000000
0 405 0.356250 0.365278 0.029687 0.108333 1.000000
0 406 0.359375 0.364583 0.032813 0.106944 1.000000
0 407 0.362109 0.366667 0.033594 0.108333 1.000000
0 408 0.362109 0.366667 0.033594 0.108333 1.000000
0 409 0.365625 0.369444 0.035937 0.108333 1.000000
0 410 0.369141 0.370833 0.033594 0.105556 1.000000
0 411 0.368750 0.372222 0.031250 0.105556 1.000000
0 412 0.369922 0.373611 0.027344 0.105556 1.000000
0 413 0.369922 0.373611 0.027344 0.105556 1.000000
0 414 0.373437 0.372917 0.025000 0.106944 1.000000
0 415 0.376563 0.372222 0.028125 0.108333 1.000000
0 416 0.378906 0.370139 0.034375 0.106944 1.000000
0 417 0.379688 0.370833 0.037500 0.108333 1.000000
0 418 0.380469 0.370833 0.039062 0.108333 1.000000
0 419 0.385547 0.374306 0.035156 0.106944 1.000000
0 420 0.385937 0.375000 0.034375 0.105556 1.000000
0 421 0.385937 0.375000 0.031250 0.105556 1.000000
0 422 0.386328 0.375000 0.027344 0.105556 1.000000
0 423 0.386328 0.375000 0.027344 0.105556 1.000000
0 424 0.392969 0.374306 0.028125 0.109722 1.000000
0 425 0.394922 0.374306 0.032031 0.109722 1.000000
0 426 0.397266 0.374306 0.035156 0.109722 1.000000
0 427 0.400000 0.376389 0.034375 0.111111 1.000000
0 428 0.400000 0.376389 0.034375 0.111111 1.000000
0 429 0.403906 0.379167 0.026562 0.105556 1.000000
0 430 0.403906 0.379167 0.025000 0.105556 1.000000
0 431 0.403906 0.379167 0.023438 0.105556 1.000000
0 432 0.407813 0.379167 0.025000 0.108333 1.000000
0 433 0.407813 0.379167 0.025000 0.108333 1.000000
0 434 0.410938 0.379861 0.031250 0.106944 1.000000
0 435 0.412891 0.381250 0.035156 0.106944 1.000000
0 436 0.414062 0.384028 0.034375 0.106944 1.000000
0 437 0.414062 0.386111 0.032813 0.105556 1.000000
0 438 0.414062 0.386111 0.032813 0.105556 1.000000
0 439 0.412500 0.388889 0.031250 0.105556 1.000000
0 440 0.412500 0.388889 0.026562 0.105556 1.000000
0 441 0.414062 0.387500 0.025000 0.108333 1.000000
0 442 0.417969 0.388889 0.025000 0.111111 1.000000
0 443 0.417969 0.388889 0.025000 0.111111 1.000000
0 444 0.422266 0.390278 0.028906 0.108333 1.000000
0 445 0.425781 0.392361 0.029687 0.106944 1.000000
0 446 0.426563 0.394444 0.028125 0.105556 1.000000
0 447 0.427344 0.395833 0.026562 0.105556 1.000000
0 448 0.427344 0.395833 0.026562 0.105556 1.000000
0 449 0.431250 0.395833 0.021875 0.108333 1.000000
0 450 0.434375 0.395833 0.025000 0.108333 1.000000
0 451 0.437500 0.396528 0.025000 0.109722 1.000000
0 452 0.440234 0.396528 0.030469 0.109722 1.000000
0 453 0.440234 0.396528 0.030469 0.109722 1.000000
0 454 0.446875 0.397222 0.029687 0.108333 1.000000
0 455 0.448437 0.398611 0.031250 0.108333 1.000000
0 456 0.449609 0.400000 0.030469 0.105556 1.000000
0 457 0.451172 0.398611 0.028906 0.108333 1.000000
0 458 0.451172 0.398611 0.028906 0.108333 1.000000
0 459 0.457031 0.397917 0.023438 0.109722 1.000000
0 460 0.462500 0.397917 0.023438 0.109722 1.000000
0 461 0.466406 0.397917 0.025000 0.109722 1.000000
0 462 0.471484 0.400000 0.028906 0.108333 1.000000
0 463 0.471484 0.400000 0.028906 0.108333 1.000000
0 464 0.480469 0.403472 0.021875 0.106944 1.000000
0 465 0.482031 0.405556 0.020313 0.102778 1.000000
0 466 0.484375 0.405556 0.018750 0.105556 1.000000
0 467 0.489453 0.406250 0.021094 0.104167 1.000000
0 468 0.489453 0.406250 0.021094 0.104167 1.000000
0 469 0.499609 0.406250 0.025781 0.106944 1.000000
0 470 0.502344 0.409028 0.029687 0.106944 1.000000
0 471 0.506250 0.409722 0.031250 0.108333 1.000000
0 472 0.510156 0.411111 0.029687 0.105556 1.000000
0 473 0.510156 0.411111 0.029687 0.105556 1.000000
0 474 0.514062 0.413889 0.029687 0.105556 1.000000
0 475 0.515625 0.413194 0.026562 0.106944 1.000000
0 476 0.517969 0.412500 0.025000 0.108333 1.000000
0 477 0.521875 0.412500 0.025000 0.108333 1.000000
0 478 0.521875 0.412500 0.025000 0.108333 1.000000
0 479 0.530859 0.411111 0.027344 0.111111 1.000000
0 480 0.534375 0.411111 0.028125 0.108333 1.000000
0 481 0.537891 0.412500 0.025781 0.108333 1.000000
0 482 0.539062 0.412500 0.025000 0.108333 1.000000
0 483 0.539062 0.412500 0.025000 0.108333 1.000000
0 484 0.544141 0.413889 0.021094 0.108333 1.000000
0 485 0.548828 0.413889 0.022656 0.108333 1.000000
0 486 0.553516 0.413194 0.024219 0.109722 1.000000
0 487 0.556250 0.411806 0.028125 0.109722 1.000000
0 488 0.556250 0.411806 0.028125 0.109722 1.000000
0 489 0.562500 0.413194 0.031250 0.109722 1.000000
0 490 0.566406 0.415278 0.029687 0.108333 1.000000
0 491 0.568750 0.418056 0.029687 0.108333 1.000000
0 492 0.570312 0.420139 0.028125 0.106944 1.000000
0 493 0.570312 0.420139 0.028125 0.106944 1.000000
0 494 0.575391 0.421528 0.025781 0.106944 1.000000
0 495 0.579688 0.424306 0.025000 0.106944 1.000000
0 496 0.584375 0.423611 0.025000 0.108333 1.000000
0 497 0.588281 0.425694 0.026562 0.109722 1.000000
0 498 0.588281 0.425694 0.026562 0.109722 1.000000
0 499 0.596484 0.428472 0.024219 0.106944 1.000000
0 500 0.599219 0.430556 0.023438 0.105556 1.000000
0 501 0.603516 0.431250 0.022656 0.104167 1.000000
0 502 0.607031 0.431944 0.020313 0.105556 1.000000
0 503 0.607031 0.431944 0.020313 0.105556 1.000000
0 504 0.615625 0.431250 0.025000 0.106944 1.000000
0 505 0.617969 0.431944 0.028125 0.108333 1.000000
0 506 0.622656 0.431250 0.026562 0.106944 1.000000
0 507 0.625391 0.431944 0.025781 0.105556 1.000000
0 508 0.625391 0.431944 0.025781 0.105556 1.000000
0 509 0.630078 0.432639 0.024219 0.104167 1.000000
0 510 0.633594 0.433333 0.025000 0.105556 1.000000
0 511 0.637500 0.430556 0.025000 0.105556 1.000000
0 512 0.642188 0.431250 0.025000 0.106944 1.000000
0 513 0.642188 0.431250 0.025000 0.106944 1.000000
0 514 0.650000 0.430556 0.025000 0.105556 1.000000
0 515 0.654687 0.429167 0.025000 0.105556 1.000000
0 516 0.657031 0.430556 0.023438 0.105556 1.000000
0 517 0.660156 0.430556 0.023438 0.105556 1.000000
0 518 0.660156 0.430556 0.023438 0.105556 1.000000
0 519 0.665625 0.429167 0.020313 0.105556 1.000000
0 520 0.669141 0.428472 0.021094 0.106944 1.000000
0 521 0.672656 0.427778 0.023438 0.108333 1.000000
0 522 0.675391 0.426389 0.025781 0.108333 1.000000
0 523 0.675391 0.426389 0.025781 0.108333 1.000000
0 524 0.683594 0.427778 0.026562 0.108333 1.000000
0 525 0.685937 0.427083 0.028125 0.106944 1.000000
0 526 0.688281 0.426389 0.028125 0.105556 1.000000
0 527 0.689844 0.425000 0.025000 0.105556 1.000000
0 528 0.689844 0.425000 0.025000 0.105556 1.000000
0 529 0.695312 0.422917 0.023438 0.106944 1.000000
0 530 0.698047 0.423611 0.022656 0.108333 1.000000
0 531 0.700781 0.422222 0.023438 0.105556 1.000000
0 532 0.703125 0.422222 0.023438 0.105556 1.000000
0 533 0.703125 0.422222 0.023438 0.105556 1.000000
0 534 0.708984 0.423611 0.022656 0.102778 1.000000
0 535 0.710938 0.423611 0.021875 0.102778 1.000000
0 536 0.712891 0.423611 0.022656 0.102778 1.000000
0 537 0.712891 0.424306 0.025781 0.104167 1.000000
0 538 0.712891 0.424306 0.025781 0.104167 1.000000
0 539 0.716016 0.422917 0.030469 0.106944 1.000000
0 540 0.719531 0.422917 0.029687 0.106944 1.000000
0 541 0.722656 0.422917 0.029687 0.106944 1.000000
0 542 0.726562 0.422917 0.028125 0.106944 1.000000
0 543 0.726562 0.422917 0.028125 0.106944 1.000000
0 544 0.729688 0.422917 0.029687 0.104167 1.000000
0 545 0.731250 0.421528 0.028125 0.104167 1.000000
0 546 0.731641 0.420833 0.025781 0.105556 1.000000
0 547 0.733594 0.420833 0.023438 0.108333 1.000000
0 548 0.733594 0.420833 0.023438 0.108333 1.000000
0 549 0.739844 0.419444 0.023438 0.108333 1.000000
