0 1 0.490625 0.348611 0.037500 0.116667 1.000000
0 2 0.492969 0.347917 0.045312 0.115278 1.000000
0 3 0.492969 0.347917 0.045312 0.115278 1.000000
0 4 0.492969 0.351389 0.043750 0.111111 1.000000
0 5 0.492188 0.352778 0.037500 0.111111 1.000000
0 6 0.492969 0.353472 0.031250 0.109722 1.000000
0 7 0.496875 0.354167 0.029687 0.113889 1.000000
0 8 0.496875 0.354167 0.029687 0.113889 1.000000
0 9 0.497266 0.354167 0.022656 0.116667 1.000000
0 10 0.497656 0.354861 0.026562 0.118056 1.000000
0 11 0.498437 0.354167 0.029687 0.116667 1.000000
0 12 0.501563 0.354167 0.037500 0.113889 1.000000
0 13 0.501563 0.354167 0.037500 0.113889 1.000000
0 14 0.502344 0.358333 0.037500 0.111111 1.000000
0 15 0.502344 0.361111 0.029687 0.108333 1.000000
0 16 0.505469 0.362500 0.028125 0.108333 1.000000
0 17 0.505469 0.363889 0.023438 0.111111 1.000000
0 18 0.505469 0.363889 0.023438 0.111111 1.000000
0 19 0.507422 0.362500 0.027344 0.113889 1.000000
0 20 0.508594 0.362500 0.029687 0.113889 1.000000
0 21 0.509375 0.362500 0.032813 0.113889 1.000000
0 22 0.513672 0.363889 0.039844 0.113889 1.000000
0 23 0.513672 0.363889 0.039844 0.113889 1.000000
0 24 0.516797 0.365278 0.038281 0.108333 1.000000
0 25 0.517969 0.365278 0.031250 0.108333 1.000000
0 26 0.521094 0.365278 0.026562 0.108333 1.000000
0 27 0.525781 0.365278 0.021875 0.108333 1.000000
0 28 0.525781 0.365278 0.021875 0.108333 1.000000
0 29 0.533984 0.367361 0.019531 0.112500 1.000000
0 30 0.540625 0.366667 0.028125 0.111111 1.000000
0 31 0.546094 0.369444 0.032813 0.111111 1.000000
0 32 0.550000 0.372222 0.034375 0.111111 1.000000
0 33 0.550000 0.372222 0.034375 0.111111 1.000000
0 34 0.557813 0.372917 0.031250 0.106944 1.000000
0 35 0.564063 0.375000 0.026562 0.105556 1.000000
0 36 0.571484 0.374306 0.024219 0.106944 1.000000
0 37 0.584375 0.372917 0.032813 0.106944 1.000000
0 38 0.584375 0.372917 0.032813 0.106944 1.000000
0 39 0.601172 0.373611 0.030469 0.108333 1.000000
0 40 0.610547 0.373611 0.030469 0.111111 1.000000
0 41 0.619531 0.375000 0.029687 0.111111 1.000000
0 42 0.631641 0.375000 0.028906 0.111111 1.000000
0 43 0.631641 0.375000 0.028906 0.111111 1.000000
0 44 0.655078 0.374306 0.027344 0.112500 1.000000
0 45 0.667969 0.373611 0.026562 0.113889 1.000000
0 46 0.678906 0.374306 0.028125 0.112500 1.000000
0 47 0.691406 0.372917 0.029687 0.112500 1.000000
0 48 0.690625 0.372917 0.028125 0.112500 1.000000
0 49 0.713672 0.373611 0.030469 0.113889 1.000000
0 50 0.723437 0.373611 0.031250 0.113889 1.000000
0 51 0.732812 0.373611 0.031250 0.113889 1.000000
0 52 0.741016 0.373611 0.032031 0.113889 1.000000
0 53 0.741016 0.373611 0.032031 0.113889 1.000000
0 54 0.755469 0.373611 0.028125 0.113889 1.000000
0 55 0.759375 0.374306 0.029687 0.112500 1.000000
0 56 0.761328 0.374306 0.028906 0.112500 1.000000
0 57 0.760938 0.373611 0.028125 0.111111 1.000000
0 58 0.760938 0.373611 0.028125 0.111111 1.000000
0 59 0.759375 0.373611 0.026562 0.111111 1.000000
0 60 0.757422 0.373611 0.024219 0.111111 1.000000
0 61 0.753906 0.373611 0.020313 0.111111 1.000000
0 62 0.753516 0.375000 0.022656 0.111111 1.000000
0 63 0.753516 0.375000 0.022656 0.111111 1.000000
0 64 0.750391 0.373611 0.025781 0.108333 1.000000
0 65 0.746484 0.374306 0.030469 0.106944 1.000000
0 66 0.742188 0.376389 0.031250 0.108333 1.000000
0 67 0.738281 0.376389 0.031250 0.108333 1.000000
0 68 0.738281 0.376389 0.031250 0.108333 1.000000
0 69 0.727344 0.377778 0.029687 0.105556 1.000000
0 70 0.721094 0.378472 0.026562 0.104167 1.000000
0 71 0.713281 0.379861 0.026562 0.104167 1.000000
0 72 0.705078 0.379861 0.024219 0.104167 1.000000
0 73 0.704688 0.379167 0.025000 0.102778 1.000000
0 74 0.686719 0.381944 0.023438 0.102778 1.000000
0 75 0.678516 0.381944 0.022656 0.102778 1.000000
0 76 0.669922 0.383333 0.022656 0.102778 1.000000
0 77 0.662500 0.384722 0.023438 0.105556 1.000000
0 78 0.662500 0.384722 0.023438 0.105556 1.000000
0 79 0.653125 0.383333 0.023438 0.105556 1.000000
0 80 0.652734 0.384028 0.024219 0.106944 1.000000
0 81 0.652344 0.384028 0.023438 0.106944 1.000000
0 82 0.654687 0.383333 0.023438 0.108333 1.000000
0 83 0.654687 0.383333 0.023438 0.108333 1.000000
0 84 0.658594 0.381944 0.020313 0.108333 1.000000
0 85 0.660937 0.381944 0.020313 0.108333 1.000000
0 86 0.664844 0.381250 0.021875 0.106944 1.000000
0 87 0.668750 0.381250 0.023438 0.106944 1.000000
0 88 0.668750 0.381944 0.025000 0.108333 1.000000
0 89 0.675000 0.380556 0.029687 0.108333 1.000000
0 90 0.678906 0.380556 0.032813 0.108333 1.000000
0 91 0.683203 0.379861 0.033594 0.106944 1.000000
0 92 0.688281 0.379167 0.032813 0.108333 1.000000
0 93 0.688281 0.379167 0.032813 0.108333 1.000000
0 94 0.699219 0.374306 0.029687 0.109722 1.000000
0 95 0.704688 0.372917 0.025000 0.109722 1.000000
0 96 0.710938 0.370833 0.020313 0.111111 1.000000
0 97 0.717187 0.369444 0.017188 0.111111 1.000000
0 98 0.717187 0.369444 0.017188 0.111111 1.000000
0 99 0.730078 0.368056 0.021094 0.111111 1.000000
0 100 0.738281 0.368056 0.023438 0.111111 1.000000
0 101 0.746484 0.368056 0.027344 0.111111 1.000000
0 102 0.755469 0.368056 0.035937 0.111111 1.000000
0 103 0.755469 0.368056 0.035937 0.111111 1.000000
0 104 0.778125 0.366667 0.039062 0.108333 1.000000
0 105 0.789453 0.366667 0.038281 0.108333 1.000000
0 106 0.802344 0.365972 0.037500 0.109722 1.000000
0 107 0.815234 0.365972 0.036719 0.109722 1.000000
0 108 0.815234 0.365972 0.036719 0.109722 1.000000
0 109 0.840625 0.363889 0.028125 0.111111 1.000000
0 110 0.853906 0.363889 0.023438 0.111111 1.000000
0 111 0.867188 0.362500 0.017188 0.111111 1.000000
0 112 0.880078 0.362500 0.016406 0.113889 1.000000
0 113 0.880078 0.362500 0.016406 0.113889 1.000000
0 114 0.904687 0.360417 0.025000 0.109722 1.000000
0 115 0.916016 0.360417 0.032031 0.109722 1.000000
0 116 0.927344 0.360417 0.039062 0.109722 1.000000
0 117 0.941016 0.361111 0.039844 0.108333 1.000000
0 118 0.941016 0.361111 0.039844 0.108333 1.000000
0 119 0.965234 0.361111 0.036719 0.108333 1.000000
0 120 0.978906 0.362500 0.034375 0.108333 1.000000
0 121 0.987891 0.362500 0.024219 0.111111 1.000000
0 122 0.994141 0.361111 0.011719 0.111111 1.000000
0 123 0.994531 0.361806 0.010937 0.112500 1.000000
