0 1 0.765625 0.393056 0.015625 0.072222 1.000000
0 2 0.757031 0.394444 0.020313 0.072222 1.000000
0 3 0.750000 0.393056 0.020313 0.072222 1.000000
0 4 0.741406 0.393750 0.020313 0.070833 1.000000
0 5 0.741406 0.393750 0.020313 0.070833 1.000000
0 6 0.724609 0.388889 0.024219 0.066667 1.000000
0 7 0.717578 0.388889 0.017969 0.066667 1.000000
0 8 0.708984 0.388889 0.017969 0.066667 1.000000
0 9 0.700391 0.387500 0.017969 0.066667 1.000000
0 10 0.700391 0.387500 0.017969 0.066667 1.000000
0 11 0.682422 0.388889 0.017969 0.066667 1.000000
0 12 0.675391 0.390278 0.017969 0.066667 1.000000
0 13 0.664453 0.391667 0.024219 0.066667 1.000000
0 14 0.656250 0.387500 0.021875 0.061111 1.000000
0 15 0.656250 0.387500 0.021875 0.061111 1.000000
0 16 0.639062 0.386111 0.021875 0.061111 1.000000
0 17 0.632812 0.386111 0.021875 0.061111 1.000000
0 18 0.624219 0.387500 0.020313 0.061111 1.000000
0 19 0.619531 0.388889 0.014063 0.061111 1.000000
0 20 0.619531 0.388889 0.014063 0.061111 1.000000
0 21 0.607031 0.388889 0.014063 0.061111 1.000000
0 22 0.600781 0.387500 0.017188 0.061111 1.000000
0 23 0.596094 0.386111 0.015625 0.061111 1.000000
0 24 0.590625 0.386111 0.012500 0.061111 1.000000
0 25 0.591406 0.386111 0.014063 0.061111 1.000000
0 26 0.581641 0.385417 0.016406 0.056944 1.000000
0 27 0.575391 0.386806 0.017969 0.059722 1.000000
0 28 0.571484 0.387500 0.017969 0.063889 1.000000
0 29 0.567578 0.385417 0.022656 0.065278 1.000000
0 30 0.567578 0.385417 0.022656 0.065278 1.000000
0 31 0.555859 0.386806 0.022656 0.079167 1.000000
0 32 0.553906 0.386806 0.023438 0.079167 1.000000
0 33 0.554688 0.386111 0.018750 0.080556 1.000000
0 34 0.553906 0.387500 0.023438 0.080556 1.000000
0 35 0.553906 0.387500 0.023438 0.080556 1.000000
0 36 0.548438 0.384722 0.023438 0.080556 1.000000
0 37 0.547266 0.383333 0.016406 0.083333 1.000000
0 38 0.543750 0.380556 0.021875 0.083333 1.000000
0 39 0.543359 0.378472 0.030469 0.079167 1.000000
0 40 0.543359 0.378472 0.030469 0.079167 1.000000
0 41 0.543750 0.377778 0.031250 0.086111 1.000000
0 42 0.543750 0.377083 0.028125 0.087500 1.000000
0 43 0.542578 0.375000 0.025781 0.088889 1.000000
0 44 0.540625 0.375000 0.021875 0.088889 1.000000
0 45 0.540625 0.375000 0.021875 0.088889 1.000000
0 46 0.545312 0.368750 0.021875 0.093056 1.000000
0 47 0.547656 0.368056 0.020313 0.097222 1.000000
0 48 0.547656 0.366667 0.018750 0.100000 1.000000
0 49 0.550000 0.365278 0.021875 0.097222 1.000000
0 50 0.550000 0.365278 0.021875 0.097222 1.000000
0 51 0.552344 0.365972 0.017188 0.098611 1.000000
0 52 0.553906 0.367361 0.017188 0.098611 1.000000
0 53 0.555469 0.368056 0.020313 0.097222 1.000000
0 54 0.555469 0.368750 0.023438 0.095833 1.000000
0 55 0.555469 0.368750 0.023438 0.095833 1.000000
0 56 0.556641 0.371528 0.030469 0.095833 1.000000
0 57 0.555469 0.372222 0.028125 0.100000 1.000000
0 58 0.555859 0.370833 0.030469 0.102778 1.000000
0 59 0.554688 0.366667 0.026562 0.100000 1.000000
0 60 0.554688 0.366667 0.026562 0.100000 1.000000
0 61 0.552344 0.364583 0.025000 0.104167 1.000000
0 62 0.551172 0.363194 0.027344 0.104167 1.000000
0 63 0.552734 0.362500 0.027344 0.105556 1.000000
0 64 0.554688 0.363889 0.026562 0.105556 1.000000
0 65 0.554688 0.363889 0.026562 0.105556 1.000000
0 66 0.554688 0.359722 0.026562 0.097222 1.000000
0 67 0.553906 0.365278 0.029687 0.102778 1.000000
0 68 0.555469 0.365278 0.031250 0.100000 1.000000
0 69 0.556250 0.366667 0.031250 0.100000 1.000000
0 70 0.556250 0.366667 0.031250 0.100000 1.000000
0 71 0.558594 0.365278 0.031250 0.097222 1.000000
0 72 0.555078 0.363889 0.035156 0.100000 1.000000
0 73 0.553125 0.362500 0.039062 0.102778 1.000000
0 74 0.555078 0.362500 0.041406 0.105556 1.000000
0 75 0.555078 0.362500 0.041406 0.105556 1.000000
0 76 0.555078 0.361111 0.041406 0.102778 1.000000
0 77 0.555469 0.359722 0.035937 0.097222 1.000000
0 78 0.557031 0.361111 0.032813 0.094444 1.000000
0 79 0.560156 0.363194 0.031250 0.098611 1.000000
0 80 0.560156 0.363194 0.031250 0.098611 1.000000
0 81 0.564453 0.365278 0.030469 0.102778 1.000000
0 82 0.565625 0.369444 0.032813 0.105556 1.000000
0 83 0.567969 0.368750 0.032813 0.104167 1.000000
0 84 0.571094 0.371528 0.032813 0.104167 1.000000
0 85 0.571094 0.371528 0.032813 0.104167 1.000000
0 86 0.576562 0.372222 0.028125 0.105556 1.000000
0 87 0.581641 0.373611 0.022656 0.105556 1.000000
0 88 0.584766 0.372222 0.022656 0.105556 1.000000
0 89 0.586719 0.368056 0.025000 0.102778 1.000000
0 90 0.586719 0.368056 0.025000 0.102778 1.000000
0 91 0.590625 0.370833 0.032813 0.108333 1.000000
0 92 0.593750 0.370833 0.037500 0.108333 1.000000
0 93 0.596094 0.372222 0.035937 0.108333 1.000000
0 94 0.598047 0.375000 0.030469 0.111111 1.000000
0 95 0.598047 0.375000 0.030469 0.111111 1.000000
0 96 0.610547 0.376389 0.022656 0.111111 1.000000
0 97 0.612109 0.375000 0.025781 0.108333 1.000000
0 98 0.614453 0.373611 0.025781 0.108333 1.000000
0 99 0.614844 0.372222 0.029687 0.111111 1.000000
0 100 0.614844 0.372222 0.029687 0.111111 1.000000
0 101 0.619531 0.375000 0.029687 0.113889 1.000000
0 102 0.623047 0.377778 0.028906 0.111111 1.000000
0 103 0.627344 0.379861 0.023438 0.109722 1.000000
0 104 0.629687 0.378472 0.023438 0.106944 1.000000
0 105 0.629687 0.378472 0.023438 0.106944 1.000000
0 106 0.632812 0.377083 0.025000 0.112500 1.000000
0 107 0.635547 0.375694 0.030469 0.112500 1.000000
0 108 0.634766 0.376389 0.028906 0.113889 1.000000
0 109 0.637891 0.378472 0.025781 0.118056 1.000000
0 110 0.637891 0.378472 0.025781 0.118056 1.000000
0 111 0.641406 0.381944 0.026562 0.113889 1.000000
0 112 0.643750 0.383333 0.026562 0.111111 1.000000
0 113 0.646875 0.383333 0.025000 0.111111 1.000000
0 114 0.649609 0.381944 0.025781 0.111111 1.000000
0 115 0.649609 0.381944 0.025781 0.111111 1.000000
0 116 0.652344 0.381944 0.026562 0.113889 1.000000
0 117 0.654687 0.383333 0.025000 0.113889 1.000000
0 118 0.656250 0.386111 0.025000 0.116667 1.000000
0 119 0.655469 0.388194 0.025000 0.115278 1.000000
0 120 0.655469 0.388194 0.025000 0.115278 1.000000
0 121 0.654687 0.390278 0.025000 0.113889 1.000000
0 122 0.651563 0.389583 0.025000 0.112500 1.000000
0 123 0.650000 0.388194 0.025000 0.112500 1.000000
0 124 0.650781 0.386806 0.025000 0.112500 1.000000
0 125 0.650781 0.386806 0.025000 0.112500 1.000000
0 126 0.646094 0.389583 0.023438 0.120833 1.000000
0 127 0.639062 0.390278 0.037500 0.119444 1.000000
0 128 0.635156 0.390278 0.039062 0.119444 1.000000
0 129 0.631250 0.392361 0.037500 0.118056 1.000000
0 130 0.632031 0.392361 0.037500 0.118056 1.000000
0 131 0.628125 0.388889 0.026562 0.116667 1.000000
0 132 0.623437 0.383333 0.029687 0.113889 1.000000
0 133 0.622656 0.372917 0.026562 0.104167 1.000000
0 134 0.614844 0.376389 0.026562 0.116667 1.000000
0 135 0.614844 0.376389 0.026562 0.116667 1.000000
0 136 0.605469 0.373611 0.025000 0.119444 1.000000
0 137 0.597656 0.372222 0.028125 0.122222 1.000000
0 138 0.589453 0.372222 0.025781 0.116667 1.000000
0 139 0.580469 0.370833 0.026562 0.116667 1.000000
0 140 0.580859 0.370833 0.027344 0.116667 1.000000
0 141 0.563281 0.369444 0.031250 0.127778 1.000000
0 142 0.555078 0.364583 0.028906 0.126389 1.000000
0 143 0.542969 0.354167 0.035937 0.113889 1.000000
0 144 0.533203 0.351389 0.038281 0.113889 1.000000
0 145 0.531641 0.355556 0.041406 0.122222 1.000000
0 146 0.514844 0.350694 0.042188 0.120833 1.000000
0 147 0.507031 0.349306 0.040625 0.118056 1.000000
0 148 0.501953 0.347917 0.038281 0.118056 1.000000
0 149 0.494922 0.346528 0.039844 0.118056 1.000000
0 150 0.494922 0.346528 0.039844 0.118056 1.000000
0 151 0.473828 0.337500 0.039844 0.113889 1.000000
0 152 0.462500 0.333333 0.037500 0.113889 1.000000
0 153 0.452344 0.329167 0.039062 0.113889 1.000000
0 154 0.443750 0.328472 0.039062 0.112500 1.000000
0 155 0.443750 0.328472 0.039062 0.112500 1.000000
0 156 0.428125 0.327778 0.039062 0.111111 1.000000
0 157 0.420703 0.336111 0.035156 0.111111 1.000000
0 158 0.413672 0.327778 0.035156 0.111111 1.000000
0 159 0.403516 0.325000 0.035156 0.111111 1.000000
0 160 0.403516 0.322917 0.035156 0.112500 1.000000
0 161 0.382812 0.315972 0.034375 0.115278 1.000000
0 162 0.371875 0.309722 0.040625 0.111111 1.000000
0 163 0.363281 0.311806 0.042188 0.112500 1.000000
0 164 0.355469 0.312500 0.045312 0.113889 1.000000
0 165 0.355469 0.312500 0.045312 0.113889 1.000000
0 166 0.338281 0.315278 0.035937 0.108333 1.000000
0 167 0.331641 0.315278 0.028906 0.113889 1.000000
0 168 0.328906 0.312500 0.025000 0.113889 1.000000
0 169 0.325391 0.312500 0.025781 0.116667 1.000000
0 170 0.325391 0.312500 0.025781 0.116667 1.000000
0 171 0.313281 0.305556 0.028125 0.111111 1.000000
0 172 0.310937 0.304861 0.029687 0.109722 1.000000
0 173 0.311719 0.304167 0.032813 0.108333 1.000000
0 174 0.314063 0.303472 0.031250 0.106944 1.000000
0 175 0.314063 0.303472 0.031250 0.106944 1.000000
0 176 0.316406 0.304861 0.026562 0.104167 1.000000
0 177 0.323047 0.304861 0.022656 0.104167 1.000000
0 178 0.329688 0.303472 0.021875 0.104167 1.000000
0 179 0.334375 0.302083 0.023438 0.104167 1.000000
0 180 0.334375 0.302083 0.023438 0.104167 1.000000
0 181 0.342187 0.301389 0.034375 0.105556 1.000000
0 182 0.349219 0.302778 0.035937 0.105556 1.000000
0 183 0.357812 0.304167 0.037500 0.102778 1.000000
0 184 0.366406 0.306944 0.037500 0.102778 1.000000
0 185 0.366406 0.306944 0.037500 0.102778 1.000000
0 186 0.382422 0.307639 0.032031 0.098611 1.000000
0 187 0.391406 0.307639 0.028125 0.098611 1.000000
0 188 0.403125 0.305556 0.025000 0.100000 1.000000
0 189 0.411719 0.304861 0.028125 0.101389 1.000000
0 190 0.411719 0.304861 0.028125 0.101389 1.000000
0 191 0.430469 0.304861 0.025000 0.104167 1.000000
0 192 0.441406 0.305556 0.029687 0.102778 1.000000
0 193 0.451562 0.306944 0.031250 0.100000 1.000000
0 194 0.463281 0.311806 0.034375 0.101389 1.000000
0 195 0.463281 0.311806 0.034375 0.101389 1.000000
0 196 0.478125 0.313889 0.032813 0.094444 1.000000
0 197 0.486328 0.312500 0.028906 0.094444 1.000000
0 198 0.494531 0.312500 0.029687 0.097222 1.000000
0 199 0.504687 0.310417 0.034375 0.098611 1.000000
0 200 0.504687 0.310417 0.034375 0.098611 1.000000
0 201 0.525391 0.308333 0.030469 0.100000 1.000000
0 202 0.534375 0.306944 0.028125 0.100000 1.000000
0 203 0.543750 0.305556 0.031250 0.100000 1.000000
0 204 0.552344 0.305556 0.029687 0.102778 1.000000
0 205 0.552344 0.305556 0.029687 0.102778 1.000000
0 206 0.570312 0.304167 0.028125 0.102778 1.000000
0 207 0.578906 0.302778 0.028125 0.105556 1.000000
0 208 0.585547 0.301389 0.030469 0.102778 1.000000
0 209 0.595313 0.301389 0.032813 0.102778 1.000000
0 210 0.595313 0.301389 0.032813 0.102778 1.000000
0 211 0.611328 0.303472 0.035156 0.101389 1.000000
0 212 0.618359 0.303472 0.035156 0.101389 1.000000
0 213 0.625781 0.303472 0.032813 0.101389 1.000000
0 214 0.632812 0.303472 0.032813 0.101389 1.000000
0 215 0.632812 0.303472 0.032813 0.101389 1.000000
0 216 0.645312 0.302778 0.031250 0.100000 1.000000
0 217 0.651172 0.301389 0.028906 0.100000 1.000000
0 218 0.655078 0.300694 0.025781 0.101389 1.000000
0 219 0.660156 0.301389 0.023438 0.102778 1.000000
0 220 0.660156 0.301389 0.023438 0.102778 1.000000
0 221 0.667969 0.300000 0.020313 0.100000 1.000000
0 222 0.672266 0.300000 0.021094 0.100000 1.000000
0 223 0.676562 0.300000 0.021875 0.100000 1.000000
0 224 0.680469 0.300000 0.025000 0.100000 1.000000
0 225 0.680469 0.300000 0.025000 0.100000 1.000000
0 226 0.688281 0.300000 0.029687 0.100000 1.000000
0 227 0.691016 0.300000 0.032031 0.100000 1.000000
0 228 0.695312 0.301389 0.029687 0.100000 1.000000
0 229 0.699219 0.301389 0.032813 0.100000 1.000000
0 230 0.699219 0.301389 0.032813 0.100000 1.000000
0 231 0.703906 0.301389 0.026562 0.100000 1.000000
0 232 0.707031 0.300694 0.025000 0.101389 1.000000
0 233 0.709375 0.300694 0.021875 0.101389 1.000000
0 234 0.711719 0.300694 0.018750 0.101389 1.000000
0 235 0.711719 0.300694 0.018750 0.101389 1.000000
0 236 0.717187 0.302083 0.018750 0.101389 1.000000
0 237 0.719531 0.303472 0.020313 0.101389 1.000000
0 238 0.721094 0.304167 0.025000 0.102778 1.000000
0 239 0.723828 0.304167 0.028906 0.102778 1.000000
0 240 0.723828 0.304167 0.028906 0.102778 1.000000
0 241 0.730078 0.305556 0.028906 0.102778 1.000000
0 242 0.733594 0.305556 0.026562 0.102778 1.000000
0 243 0.735938 0.305556 0.025000 0.102778 1.000000
0 244 0.738281 0.305556 0.021875 0.102778 1.000000
0 245 0.738281 0.305556 0.021875 0.102778 1.000000
0 246 0.741406 0.305556 0.017188 0.102778 1.000000
0 247 0.742969 0.305556 0.017188 0.102778 1.000000
0 248 0.746094 0.306944 0.020313 0.102778 1.000000
0 249 0.748437 0.306250 0.025000 0.101389 1.000000
0 250 0.748437 0.306250 0.025000 0.101389 1.000000
0 251 0.752344 0.309028 0.032813 0.101389 1.000000
0 252 0.755469 0.309028 0.032813 0.101389 1.000000
0 253 0.758594 0.309722 0.032813 0.100000 1.000000
0 254 0.760938 0.309722 0.031250 0.100000 1.000000
0 255 0.760938 0.309722 0.031250 0.100000 1.000000
0 256 0.763281 0.311111 0.023438 0.100000 1.000000
0 257 0.761719 0.311111 0.020313 0.102778 1.000000
0 258 0.759766 0.311806 0.016406 0.104167 1.000000
0 259 0.758594 0.313194 0.018750 0.104167 1.000000
0 260 0.758594 0.313194 0.018750 0.104167 1.000000
0 261 0.752344 0.317361 0.023438 0.104167 1.000000
0 262 0.747656 0.318750 0.029687 0.104167 1.000000
0 263 0.744141 0.321528 0.032031 0.101389 1.000000
0 264 0.741016 0.323611 0.032031 0.102778 1.000000
0 265 0.741016 0.323611 0.032031 0.102778 1.000000
0 266 0.732031 0.323611 0.031250 0.097222 1.000000
0 267 0.725781 0.323611 0.026562 0.097222 1.000000
0 268 0.719141 0.321528 0.022656 0.098611 1.000000
0 269 0.711719 0.322222 0.020313 0.100000 1.000000
0 270 0.711719 0.322222 0.020313 0.100000 1.000000
0 271 0.695703 0.323611 0.016406 0.102778 1.000000
0 272 0.686328 0.325000 0.019531 0.105556 1.000000
0 273 0.677344 0.325000 0.023438 0.105556 1.000000
0 274 0.670312 0.327778 0.025000 0.105556 1.000000
0 275 0.670312 0.327778 0.025000 0.105556 1.000000
0 276 0.655859 0.330556 0.024219 0.105556 1.000000
0 277 0.647656 0.333333 0.021875 0.105556 1.000000
0 278 0.639062 0.334028 0.021875 0.104167 1.000000
0 279 0.631250 0.335417 0.021875 0.104167 1.000000
0 280 0.631250 0.335417 0.021875 0.104167 1.000000
0 281 0.612500 0.338194 0.020313 0.104167 1.000000
0 282 0.603125 0.339583 0.021875 0.104167 1.000000
0 283 0.594531 0.340972 0.023438 0.104167 1.000000
0 284 0.583984 0.340972 0.025781 0.104167 1.000000
0 285 0.583984 0.340972 0.025781 0.104167 1.000000
0 286 0.565625 0.343056 0.031250 0.102778 1.000000
0 287 0.560937 0.343056 0.028125 0.102778 1.000000
0 288 0.553125 0.345833 0.028125 0.102778 1.000000
0 289 0.546094 0.344444 0.026562 0.102778 1.000000
0 290 0.546094 0.344444 0.026562 0.102778 1.000000
0 291 0.532031 0.345833 0.026562 0.102778 1.000000
0 292 0.526563 0.345833 0.025000 0.102778 1.000000
0 293 0.520312 0.345833 0.025000 0.102778 1.000000
0 294 0.516406 0.343750 0.023438 0.101389 1.000000
0 295 0.516406 0.343750 0.023438 0.101389 1.000000
0 296 0.509375 0.342361 0.021875 0.104167 1.000000
0 297 0.506250 0.340972 0.021875 0.104167 1.000000
0 298 0.501563 0.340972 0.021875 0.104167 1.000000
0 299 0.496875 0.340972 0.021875 0.104167 1.000000
0 300 0.496875 0.340972 0.021875 0.104167 1.000000
0 301 0.485938 0.339583 0.021875 0.104167 1.000000
0 302 0.481250 0.339583 0.021875 0.104167 1.000000
0 303 0.476562 0.339583 0.023438 0.104167 1.000000
0 304 0.472656 0.339583 0.023438 0.104167 1.000000
0 305 0.472656 0.339583 0.023438 0.104167 1.000000
0 306 0.459766 0.339583 0.024219 0.104167 1.000000
0 307 0.454688 0.338889 0.025000 0.105556 1.000000
0 308 0.447656 0.340278 0.025000 0.102778 1.000000
0 309 0.441016 0.341667 0.024219 0.108333 1.000000
0 310 0.441016 0.341667 0.024219 0.108333 1.000000
0 311 0.427734 0.343056 0.027344 0.108333 1.000000
0 312 0.421094 0.343750 0.028125 0.104167 1.000000
0 313 0.414062 0.347222 0.025000 0.105556 1.000000
0 314 0.408594 0.350000 0.026562 0.105556 1.000000
0 315 0.408594 0.350000 0.026562 0.105556 1.000000
0 316 0.394531 0.355556 0.026562 0.105556 1.000000
0 317 0.389844 0.356944 0.026562 0.105556 1.000000
0 318 0.382812 0.358333 0.026562 0.105556 1.000000
0 319 0.375000 0.361111 0.026562 0.105556 1.000000
0 320 0.375000 0.361111 0.026562 0.105556 1.000000
0 321 0.360938 0.363889 0.029687 0.102778 1.000000
0 322 0.353906 0.365278 0.028125 0.102778 1.000000
0 323 0.346875 0.365278 0.028125 0.102778 1.000000
0 324 0.340625 0.366667 0.026562 0.102778 1.000000
0 325 0.340625 0.366667 0.026562 0.102778 1.000000
0 326 0.327344 0.370833 0.023438 0.102778 1.000000
0 327 0.319531 0.370833 0.023438 0.102778 1.000000
0 328 0.313281 0.373611 0.023438 0.105556 1.000000
0 329 0.307031 0.376389 0.023438 0.102778 1.000000
0 330 0.307031 0.376389 0.023438 0.102778 1.000000
0 331 0.296875 0.380556 0.025000 0.102778 1.000000
0 332 0.291406 0.384722 0.028125 0.102778 1.000000
0 333 0.285938 0.386806 0.028125 0.104167 1.000000
0 334 0.281250 0.388889 0.028125 0.102778 1.000000
0 335 0.281250 0.388889 0.028125 0.102778 1.000000
0 336 0.271094 0.393750 0.026562 0.104167 1.000000
0 337 0.267188 0.396528 0.025000 0.104167 1.000000
0 338 0.263281 0.399306 0.023438 0.104167 1.000000
0 339 0.260937 0.402083 0.021875 0.104167 1.000000
0 340 0.260937 0.402083 0.021875 0.104167 1.000000
0 341 0.254688 0.406944 0.018750 0.108333 1.000000
0 342 0.253125 0.408333 0.018750 0.105556 1.000000
0 343 0.249219 0.411111 0.020313 0.105556 1.000000
0 344 0.246484 0.413889 0.021094 0.105556 1.000000
0 345 0.246484 0.413889 0.021094 0.105556 1.000000
0 346 0.241406 0.416667 0.026562 0.105556 1.000000
0 347 0.238672 0.419444 0.027344 0.105556 1.000000
0 348 0.237109 0.420833 0.027344 0.105556 1.000000
0 349 0.233203 0.422222 0.025781 0.105556 1.000000
0 350 0.233203 0.422222 0.025781 0.105556 1.000000
0 351 0.230859 0.425000 0.022656 0.105556 1.000000
0 352 0.228516 0.426389 0.019531 0.108333 1.000000
0 353 0.227344 0.429167 0.018750 0.108333 1.000000
0 354 0.225000 0.430556 0.018750 0.108333 1.000000
0 355 0.225000 0.430556 0.018750 0.108333 1.000000
0 356 0.222656 0.433333 0.023438 0.105556 1.000000
0 357 0.221094 0.434722 0.026562 0.105556 1.000000
0 358 0.219531 0.436111 0.031250 0.105556 1.000000
0 359 0.217969 0.438194 0.032813 0.104167 1.000000
0 360 0.217969 0.438194 0.032813 0.104167 1.000000
0 361 0.213281 0.439583 0.031250 0.104167 1.000000
0 362 0.210547 0.441667 0.030469 0.105556 1.000000
0 363 0.210547 0.441667 0.028906 0.105556 1.000000
0 364 0.209375 0.443056 0.025000 0.105556 1.000000
0 365 0.209375 0.443056 0.025000 0.105556 1.000000
0 366 0.211719 0.445139 0.023438 0.106944 1.000000
0 367 0.212891 0.447222 0.019531 0.108333 1.000000
0 368 0.214062 0.449306 0.020313 0.109722 1.000000
0 369 0.215625 0.450000 0.021875 0.108333 1.000000
0 370 0.215625 0.450000 0.021875 0.108333 1.000000
0 371 0.219531 0.453472 0.029687 0.106944 1.000000
0 372 0.219922 0.454861 0.028906 0.106944 1.000000
0 373 0.220312 0.456250 0.028125 0.106944 1.000000
0 374 0.221875 0.456250 0.026562 0.106944 1.000000
0 375 0.221875 0.456250 0.026562 0.106944 1.000000
0 376 0.226172 0.459722 0.024219 0.108333 1.000000
0 377 0.230078 0.459722 0.019531 0.108333 1.000000
0 378 0.231641 0.458333 0.016406 0.105556 1.000000
0 379 0.234375 0.455556 0.017188 0.105556 1.000000
0 380 0.234766 0.455556 0.017969 0.105556 1.000000
0 381 0.239063 0.454167 0.018750 0.108333 1.000000
0 382 0.239453 0.454167 0.019531 0.108333 1.000000
0 383 0.241406 0.452778 0.021875 0.105556 1.000000
0 384 0.244531 0.452778 0.028125 0.105556 1.000000
0 385 0.244531 0.452778 0.028125 0.105556 1.000000
0 386 0.248438 0.451389 0.031250 0.105556 1.000000
0 387 0.249219 0.450000 0.031250 0.105556 1.000000
0 388 0.252344 0.450000 0.029687 0.105556 1.000000
0 389 0.255469 0.447222 0.026562 0.105556 1.000000
0 390 0.255469 0.447222 0.026562 0.105556 1.000000
0 391 0.262500 0.445833 0.018750 0.111111 1.000000
0 392 0.267188 0.443056 0.018750 0.108333 1.000000
0 393 0.271875 0.440972 0.017188 0.109722 1.000000
0 394 0.275781 0.440972 0.018750 0.109722 1.000000
0 395 0.275781 0.440972 0.018750 0.109722 1.000000
0 396 0.285938 0.436806 0.029687 0.106944 1.000000
0 397 0.289844 0.436111 0.031250 0.105556 1.000000
0 398 0.293750 0.436111 0.032813 0.105556 1.000000
0 399 0.297656 0.434028 0.034375 0.106944 1.000000
0 400 0.297656 0.434028 0.034375 0.106944 1.000000
0 401 0.305469 0.431944 0.032813 0.108333 1.000000
0 402 0.310937 0.429167 0.028125 0.108333 1.000000
0 403 0.317578 0.429167 0.024219 0.108333 1.000000
0 404 0.324219 0.426389 0.020313 0.108333 1.000000
0 405 0.324219 0.426389 0.020313 0.108333 1.000000
0 406 0.337891 0.426389 0.017969 0.108333 1.000000
0 407 0.342578 0.427778 0.019531 0.108333 1.000000
0 408 0.347656 0.429167 0.026562 0.108333 1.000000
0 409 0.351562 0.431250 0.031250 0.106944 1.000000
0 410 0.351562 0.431250 0.031250 0.106944 1.000000
0 411 0.352344 0.433333 0.031250 0.105556 1.000000
0 412 0.355859 0.436111 0.028906 0.105556 1.000000
0 413 0.359375 0.437500 0.018750 0.105556 1.000000
0 414 0.360547 0.436111 0.017969 0.105556 1.000000
0 415 0.360547 0.436111 0.017969 0.105556 1.000000
0 416 0.360547 0.437500 0.014844 0.105556 1.000000
0 417 0.358203 0.438889 0.014844 0.105556 1.000000
0 418 0.355859 0.441667 0.014844 0.105556 1.000000
0 419 0.354297 0.441667 0.014844 0.105556 1.000000
0 420 0.354297 0.441667 0.014844 0.105556 1.000000
0 421 0.353906 0.445833 0.026562 0.108333 1.000000
0 422 0.355469 0.445833 0.032813 0.105556 1.000000
0 423 0.351953 0.445833 0.032031 0.105556 1.000000
0 424 0.348438 0.446528 0.029687 0.104167 1.000000
0 425 0.348438 0.446528 0.029687 0.104167 1.000000
0 426 0.341406 0.448611 0.029687 0.108333 1.000000
0 427 0.337891 0.448611 0.028906 0.108333 1.000000
0 428 0.333594 0.448611 0.028125 0.108333 1.000000
0 429 0.329297 0.448611 0.024219 0.108333 1.000000
0 430 0.329297 0.448611 0.024219 0.108333 1.000000
0 431 0.312500 0.448611 0.020313 0.108333 1.000000
0 432 0.303906 0.448611 0.018750 0.108333 1.000000
0 433 0.294531 0.450694 0.018750 0.106944 1.000000
0 434 0.285547 0.451389 0.017969 0.105556 1.000000
0 435 0.285547 0.451389 0.017969 0.105556 1.000000
0 436 0.267969 0.453472 0.028125 0.104167 1.000000
0 437 0.260937 0.454167 0.031250 0.102778 1.000000
0 438 0.250781 0.454167 0.032813 0.100000 1.000000
0 439 0.241406 0.454167 0.032813 0.100000 1.000000
0 440 0.241406 0.454167 0.032813 0.100000 1.000000
0 441 0.227344 0.454167 0.028125 0.102778 1.000000
0 442 0.221484 0.451389 0.024219 0.102778 1.000000
0 443 0.216016 0.452083 0.022656 0.104167 1.000000
0 444 0.212500 0.451389 0.020313 0.108333 1.000000
0 445 0.212500 0.451389 0.020313 0.108333 1.000000
0 446 0.201563 0.452778 0.021875 0.108333 1.000000
0 447 0.198828 0.452778 0.027344 0.105556 1.000000
0 448 0.195703 0.453472 0.033594 0.106944 1.000000
0 449 0.192578 0.454861 0.033594 0.106944 1.000000
0 450 0.192578 0.454861 0.033594 0.106944 1.000000
0 451 0.185156 0.453472 0.032813 0.101389 1.000000
0 452 0.181250 0.454167 0.032813 0.102778 1.000000
0 453 0.180859 0.454861 0.032031 0.104167 1.000000
0 454 0.180469 0.454167 0.025000 0.105556 1.000000
0 455 0.180469 0.454167 0.025000 0.105556 1.000000
0 456 0.183594 0.453472 0.020313 0.109722 1.000000
0 457 0.185938 0.454167 0.020313 0.108333 1.000000
0 458 0.187500 0.454167 0.021875 0.108333 1.000000
0 459 0.189844 0.455556 0.029687 0.105556 1.000000
0 460 0.189844 0.455556 0.029687 0.105556 1.000000
0 461 0.193359 0.459722 0.036719 0.102778 1.000000
0 462 0.191797 0.461111 0.036719 0.102778 1.000000
0 463 0.190625 0.461111 0.034375 0.100000 1.000000
0 464 0.191406 0.462500 0.034375 0.100000 1.000000
0 465 0.191406 0.462500 0.034375 0.100000 1.000000
0 466 0.196094 0.463194 0.032813 0.098611 1.000000
0 467 0.200000 0.463194 0.029687 0.098611 1.000000
0 468 0.206250 0.463889 0.029687 0.100000 1.000000
0 469 0.209375 0.461806 0.029687 0.101389 1.000000
0 470 0.209375 0.461806 0.029687 0.101389 1.000000
0 471 0.213672 0.460417 0.032031 0.104167 1.000000
0 472 0.216797 0.461111 0.033594 0.105556 1.000000
0 473 0.219141 0.461111 0.033594 0.105556 1.000000
0 474 0.222266 0.462500 0.035156 0.105556 1.000000
0 475 0.222266 0.463889 0.035156 0.105556 1.000000
0 476 0.230469 0.465278 0.032813 0.102778 1.000000
0 477 0.235156 0.465278 0.029687 0.102778 1.000000
0 478 0.242969 0.463889 0.029687 0.102778 1.000000
0 479 0.248438 0.465278 0.029687 0.108333 1.000000
0 480 0.248438 0.465278 0.029687 0.108333 1.000000
0 481 0.254688 0.464583 0.032813 0.109722 1.000000
0 482 0.259375 0.464583 0.032813 0.109722 1.000000
0 483 0.266797 0.465278 0.035156 0.108333 1.000000
0 484 0.272656 0.467361 0.032813 0.106944 1.000000
0 485 0.272656 0.467361 0.032813 0.106944 1.000000
0 486 0.289062 0.471528 0.025000 0.104167 1.000000
0 487 0.296484 0.472222 0.025781 0.105556 1.000000
0 488 0.304688 0.472222 0.026562 0.105556 1.000000
0 489 0.311328 0.472222 0.028906 0.108333 1.000000
0 490 0.311328 0.472222 0.028906 0.108333 1.000000
0 491 0.324219 0.472222 0.032813 0.108333 1.000000
0 492 0.331250 0.473611 0.039062 0.108333 1.000000
0 493 0.336719 0.476389 0.039062 0.108333 1.000000
0 494 0.341797 0.478472 0.035156 0.106944 1.000000
0 495 0.341797 0.478472 0.035156 0.106944 1.000000
0 496 0.357031 0.481944 0.031250 0.102778 1.000000
0 497 0.364844 0.484722 0.028125 0.105556 1.000000
0 498 0.371875 0.485417 0.025000 0.106944 1.000000
0 499 0.377344 0.485417 0.029687 0.109722 1.000000
0 500 0.377344 0.485417 0.029687 0.109722 1.000000
0 501 0.388281 0.485417 0.032813 0.109722 1.000000
0 502 0.396875 0.488194 0.037500 0.109722 1.000000
0 503 0.401953 0.490278 0.038281 0.108333 1.000000
0 504 0.407813 0.494444 0.034375 0.108333 1.000000
0 505 0.407813 0.494444 0.034375 0.108333 1.000000
0 506 0.422266 0.495833 0.025781 0.105556 1.000000
0 507 0.431641 0.497222 0.022656 0.105556 1.000000
0 508 0.438281 0.494444 0.026562 0.108333 1.000000
0 509 0.444141 0.495139 0.028906 0.112500 1.000000
0 510 0.444141 0.495139 0.028906 0.112500 1.000000
0 511 0.457813 0.493750 0.035937 0.109722 1.000000
0 512 0.464844 0.494444 0.039062 0.108333 1.000000
0 513 0.470703 0.495833 0.038281 0.105556 1.000000
0 514 0.476172 0.497222 0.033594 0.105556 1.000000
0 515 0.476172 0.497222 0.033594 0.105556 1.000000
0 516 0.493750 0.500694 0.031250 0.106944 1.000000
0 517 0.501953 0.499306 0.028906 0.106944 1.000000
0 518 0.508594 0.499306 0.028125 0.109722 1.000000
0 519 0.514844 0.498611 0.029687 0.111111 1.000000
0 520 0.514844 0.498611 0.029687 0.111111 1.000000
0 521 0.529687 0.498611 0.034375 0.111111 1.000000
0 522 0.538281 0.498611 0.035937 0.108333 1.000000
0 523 0.545312 0.501389 0.034375 0.108333 1.000000
0 524 0.553516 0.501389 0.028906 0.108333 1.000000
0 525 0.553516 0.501389 0.028906 0.108333 1.000000
0 526 0.575000 0.503472 0.025000 0.106944 1.000000
0 527 0.582812 0.502778 0.028125 0.108333 1.000000
0 528 0.589844 0.502778 0.029687 0.111111 1.000000
0 529 0.598437 0.503472 0.031250 0.112500 1.000000
0 530 0.598437 0.503472 0.031250 0.112500 1.000000
0 531 0.619531 0.505556 0.039062 0.111111 1.000000
0 532 0.625000 0.506944 0.034375 0.111111 1.000000
0 533 0.634766 0.507639 0.032031 0.112500 1.000000
0 534 0.644531 0.509722 0.029687 0.111111 1.000000
0 535 0.644531 0.509722 0.029687 0.111111 1.000000
0 536 0.665625 0.511806 0.028125 0.112500 1.000000
0 537 0.673438 0.510417 0.031250 0.115278 1.000000
0 538 0.680469 0.511111 0.032813 0.116667 1.000000
0 539 0.685937 0.511111 0.031250 0.113889 1.000000
0 540 0.685937 0.511111 0.031250 0.113889 1.000000
0 541 0.703516 0.514583 0.038281 0.112500 1.000000
0 542 0.711328 0.514583 0.033594 0.112500 1.000000
0 543 0.721875 0.517361 0.028125 0.112500 1.000000
0 544 0.731641 0.519444 0.025781 0.111111 1.000000
0 545 0.731641 0.519444 0.025781 0.111111 1.000000
0 546 0.746484 0.519444 0.032031 0.111111 1.000000
0 547 0.753516 0.519444 0.033594 0.113889 1.000000
0 548 0.764062 0.519444 0.037500 0.113889 1.000000
0 549 0.772656 0.520833 0.039062 0.113889 1.000000
0 550 0.771875 0.519444 0.040625 0.113889 1.000000
0 551 0.787109 0.524306 0.033594 0.109722 1.000000
0 552 0.795703 0.524306 0.035156 0.109722 1.000000
0 553 0.805859 0.525000 0.030469 0.111111 1.000000
0 554 0.811328 0.523611 0.030469 0.111111 1.000000
0 555 0.811328 0.523611 0.030469 0.111111 1.000000
0 556 0.818359 0.522222 0.033594 0.113889 1.000000
0 557 0.821484 0.522222 0.033594 0.113889 1.000000
0 558 0.825391 0.520833 0.035156 0.111111 1.000000
0 559 0.830469 0.522222 0.032813 0.111111 1.000000
0 560 0.830469 0.522222 0.032813 0.111111 1.000000
0 561 0.840625 0.524306 0.026562 0.109722 1.000000
0 562 0.846094 0.522917 0.025000 0.109722 1.000000
0 563 0.846875 0.520833 0.028125 0.113889 1.000000
0 564 0.848437 0.518056 0.031250 0.113889 1.000000
0 565 0.848437 0.518056 0.031250 0.113889 1.000000
0 566 0.855078 0.509722 0.041406 0.111111 1.000000
0 567 0.855469 0.508333 0.040625 0.111111 1.000000
0 568 0.856250 0.508333 0.037500 0.111111 1.000000
0 569 0.860547 0.506250 0.036719 0.109722 1.000000
0 570 0.860547 0.506250 0.036719 0.109722 1.000000
0 571 0.870313 0.499306 0.028125 0.109722 1.000000
0 572 0.870313 0.495139 0.028125 0.109722 1.000000
0 573 0.870313 0.494444 0.028125 0.116667 1.000000
0 574 0.871094 0.491667 0.029687 0.116667 1.000000
0 575 0.871094 0.491667 0.029687 0.116667 1.000000
0 576 0.876953 0.486806 0.032031 0.112500 1.000000
0 577 0.880469 0.486111 0.029687 0.111111 1.000000
0 578 0.886719 0.487500 0.026562 0.111111 1.000000
0 579 0.892969 0.487500 0.023438 0.111111 1.000000
0 580 0.892969 0.487500 0.023438 0.111111 1.000000
0 581 0.896484 0.485417 0.028906 0.115278 1.000000
0 582 0.898438 0.483333 0.031250 0.113889 1.000000
0 583 0.902344 0.481250 0.037500 0.112500 1.000000
0 584 0.906250 0.478472 0.039062 0.109722 1.000000
0 585 0.906250 0.478472 0.039062 0.109722 1.000000
0 586 0.913281 0.480556 0.032813 0.108333 1.000000
0 587 0.921094 0.481250 0.032813 0.106944 1.000000
0 588 0.926562 0.480556 0.029687 0.108333 1.000000
0 589 0.932031 0.479167 0.026562 0.111111 1.000000
0 590 0.932031 0.479167 0.026562 0.111111 1.000000
0 591 0.939844 0.476389 0.029687 0.113889 1.000000
0 592 0.942969 0.475000 0.029687 0.111111 1.000000
0 593 0.948438 0.475000 0.031250 0.111111 1.000000
0 594 0.952344 0.475000 0.029687 0.111111 1.000000
0 595 0.952344 0.475000 0.029687 0.111111 1.000000
0 596 0.962500 0.477778 0.025000 0.111111 1.000000
0 597 0.967187 0.475694 0.023438 0.109722 1.000000
0 598 0.971875 0.473611 0.023438 0.111111 1.000000
0 599 0.975391 0.473611 0.027344 0.116667 1.000000
0 600 0.975391 0.473611 0.027344 0.116667 1.000000
0 601 0.983203 0.470833 0.033594 0.113889 1.000000
0 602 0.984375 0.470833 0.031250 0.113889 1.000000
0 603 0.986719 0.468056 0.026562 0.105556 1.000000
0 604 0.989062 0.468056 0.021875 0.105556 1.000000
0 605 0.989062 0.468056 0.021875 0.105556 1.000000
