0 1 0.244010 0.694907 0.097396 0.141667 0.000000 0.000000 1.000000
0 2 0.244271 0.694444 0.097917 0.140741 0.000260 -0.000463 1.000000
0 3 0.244271 0.695370 0.096875 0.140741 0.000000 0.000926 1.000000
0 4 0.244792 0.695833 0.095833 0.141667 0.000521 0.000463 1.000000
0 5 0.244792 0.695833 0.096875 0.141667 0.000000 0.000000 1.000000
0 6 0.245052 0.696759 0.097396 0.141667 0.000260 0.000926 1.000000
0 7 0.244792 0.697685 0.096875 0.141667 -0.000260 0.000926 1.000000
0 8 0.244792 0.696759 0.096875 0.143519 0.000000 -0.000926 1.000000
0 9 0.245052 0.694907 0.097396 0.143519 0.000260 -0.001852 1.000000
0 10 0.245573 0.693981 0.098437 0.143519 0.000521 -0.000926 1.000000
0 11 0.245833 0.692593 0.098958 0.144444 0.000260 -0.001389 1.000000
0 12 0.247396 0.688426 0.095833 0.149074 0.001563 -0.004167 1.000000
0 13 0.247656 0.682407 0.096354 0.159259 0.000260 -0.006019 1.000000
0 14 0.249479 0.679630 0.096875 0.164815 0.001823 -0.002778 1.000000
0 15 0.250781 0.676389 0.097396 0.171296 0.001302 -0.003241 1.000000
0 16 0.252083 0.673148 0.097917 0.177778 0.001302 -0.003241 1.000000
0 17 0.251042 0.669444 0.097917 0.185185 -0.001042 -0.003704 1.000000
0 18 0.250521 0.668519 0.097917 0.187037 -0.000521 -0.000926 1.000000
0 19 0.251563 0.666667 0.095833 0.188889 0.001042 -0.001852 1.000000
0 20 0.253385 0.665741 0.096354 0.190741 0.001823 -0.000926 1.000000
0 21 0.253385 0.663889 0.097396 0.192593 0.000000 -0.001852 1.000000
0 22 0.252604 0.662963 0.096875 0.196296 -0.000781 -0.000926 1.000000
0 23 0.252344 0.662963 0.097396 0.200000 -0.000260 0.000000 1.000000
0 24 0.252344 0.661111 0.097396 0.201852 0.000000 -0.001852 1.000000
0 25 0.252865 0.659722 0.098437 0.204630 0.000521 -0.001389 1.000000
0 26 0.252604 0.658796 0.097917 0.206481 -0.000260 -0.000926 1.000000
0 27 0.253125 0.657870 0.097917 0.210185 0.000521 -0.000926 1.000000
0 28 0.253125 0.656019 0.097917 0.212037 0.000000 -0.001852 1.000000
0 29 0.252865 0.655556 0.097396 0.214815 -0.000260 -0.000463 1.000000
0 30 0.253385 0.653704 0.097396 0.216667 0.000521 -0.001852 1.000000
0 31 0.252604 0.651852 0.098958 0.218519 -0.000781 -0.001852 1.000000
0 32 0.251563 0.651852 0.100000 0.220370 -0.001042 0.000000 1.000000
0 33 0.251302 0.650926 0.101562 0.222222 -0.000260 -0.000926 1.000000
0 34 0.250521 0.650000 0.103125 0.224074 -0.000781 -0.000926 1.000000
0 35 0.250000 0.649537 0.103125 0.225000 -0.000521 -0.000463 1.000000
0 36 0.248438 0.648148 0.101042 0.225926 -0.001563 -0.001389 1.000000
0 37 0.247396 0.648148 0.100000 0.227778 -0.001042 0.000000 1.000000
0 38 0.246875 0.646296 0.098958 0.233333 -0.000521 -0.001852 1.000000
0 39 0.246354 0.645370 0.096875 0.233333 -0.000521 -0.000926 1.000000
0 40 0.245312 0.644444 0.095833 0.235185 -0.001042 -0.000926 1.000000
0 41 0.244271 0.643981 0.094792 0.237963 -0.001042 -0.000463 1.000000
0 42 0.243750 0.643519 0.093750 0.238889 -0.000521 -0.000463 1.000000
0 43 0.242708 0.643519 0.092708 0.238889 -0.001042 0.000000 1.000000
0 44 0.241667 0.643056 0.091667 0.239815 -0.001042 -0.000463 1.000000
0 45 0.240625 0.642130 0.090625 0.241667 -0.001042 -0.000926 1.000000
0 46 0.240625 0.641667 0.090625 0.242593 0.000000 -0.000463 1.000000
0 47 0.239844 0.641204 0.090104 0.243519 -0.000781 -0.000463 1.000000
0 48 0.240885 0.640278 0.088021 0.247222 0.001042 -0.000926 1.000000
0 49 0.240365 0.639352 0.088021 0.247222 -0.000521 -0.000926 1.000000
0 50 0.242188 0.638426 0.085417 0.247222 0.001823 -0.000926 1.000000
0 51 0.243229 0.638426 0.082292 0.247222 0.001042 0.000000 1.000000
0 52 0.243750 0.637500 0.073958 0.247222 0.000521 -0.000926 1.000000
0 53 0.241927 0.637963 0.069271 0.248148 -0.001823 0.000463 1.000000
0 54 0.239583 0.636574 0.064583 0.250926 -0.002344 -0.001389 1.000000
0 55 0.240625 0.635185 0.063542 0.251852 0.001042 -0.001389 1.000000
0 56 0.239844 0.632407 0.084896 0.255556 -0.000781 -0.002778 1.000000
0 57 0.233594 0.632407 0.110937 0.257407 -0.006250 0.000000 1.000000
0 58 0.229167 0.633333 0.133333 0.257407 -0.004427 0.000926 1.000000
0 59 0.231510 0.632870 0.132812 0.254630 0.002344 -0.000463 1.000000
0 60 0.237240 0.633796 0.123438 0.262037 0.005729 0.000926 1.000000
0 61 0.245312 0.625463 0.106250 0.284259 0.008073 -0.008333 1.000000
0 62 0.249479 0.624537 0.102083 0.282407 0.004167 -0.000926 1.000000
0 63 0.245573 0.627778 0.113021 0.270370 -0.003906 0.003241 1.000000
0 64 0.246094 0.637500 0.147396 0.254630 0.000521 0.009722 1.000000
0 65 0.246875 0.636111 0.148958 0.259259 0.000781 -0.001389 1.000000
0 66 0.250781 0.634259 0.143229 0.255556 0.003906 -0.001852 1.000000
0 67 0.256771 0.634722 0.126042 0.256481 0.005990 0.000463 1.000000
0 68 0.252865 0.637037 0.132812 0.246296 -0.003906 0.002315 1.000000
0 69 0.248698 0.639352 0.129688 0.249074 -0.004167 0.002315 1.000000
0 70 0.249740 0.639815 0.120313 0.242593 0.001042 0.000463 1.000000
0 71 0.261198 0.639352 0.115104 0.247222 0.011458 -0.000463 1.000000
0 72 0.266927 0.636574 0.119271 0.249074 0.005729 -0.002778 1.000000
0 73 0.264583 0.634722 0.118750 0.256481 -0.002344 -0.001852 1.000000
0 74 0.272135 0.633333 0.107813 0.261111 0.007552 -0.001389 1.000000
0 75 0.281250 0.630093 0.090625 0.263889 0.009115 -0.003241 1.000000
0 76 0.291927 0.629167 0.070312 0.267593 0.010677 -0.000926 1.000000
0 77 0.296094 0.627315 0.063021 0.269444 0.004167 -0.001852 1.000000
0 78 0.296094 0.624074 0.058854 0.274074 0.000000 -0.003241 1.000000
0 79 0.296094 0.623611 0.059896 0.273148 0.000000 -0.000463 1.000000
0 80 0.298698 0.623611 0.055729 0.271296 0.002604 0.000000 1.000000
0 81 0.298958 0.625463 0.055208 0.275000 0.000260 0.001852 1.000000
0 82 0.299479 0.625926 0.055208 0.274074 0.000521 0.000463 1.000000
0 83 0.301302 0.625463 0.054688 0.273148 0.001823 -0.000463 1.000000
0 84 0.303125 0.625926 0.054167 0.272222 0.001823 0.000463 1.000000
0 85 0.303646 0.625000 0.052083 0.270370 0.000521 -0.000926 1.000000
0 86 0.307031 0.623148 0.052604 0.274074 0.003385 -0.001852 1.000000
0 87 0.306771 0.622685 0.050000 0.275000 -0.000260 -0.000463 1.000000
0 88 0.306771 0.621759 0.048958 0.275000 0.000000 -0.000926 1.000000
0 89 0.307031 0.623148 0.047396 0.272222 0.000260 0.001389 1.000000
0 90 0.306510 0.623611 0.048438 0.269444 -0.000521 0.000463 1.000000
0 91 0.305208 0.625000 0.050000 0.274074 -0.001302 0.001389 1.000000
0 92 0.308594 0.625926 0.050521 0.275926 0.003385 0.000926 1.000000
0 93 0.308854 0.628241 0.043750 0.271296 0.000260 0.002315 1.000000
0 94 0.307031 0.628704 0.049479 0.266667 -0.001823 0.000463 1.000000
0 95 0.303646 0.629167 0.052083 0.263889 -0.003385 0.000463 1.000000
0 96 0.303125 0.631944 0.069792 0.260185 -0.000521 0.002778 1.000000
0 97 0.307292 0.629167 0.079167 0.252778 0.004167 -0.002778 1.000000
0 98 0.312500 0.631481 0.081250 0.255556 0.005208 0.002315 1.000000
0 99 0.313021 0.631019 0.078125 0.252778 0.000521 -0.000463 1.000000
0 100 0.313021 0.634722 0.090625 0.243519 0.000000 0.003704 1.000000
0 101 0.310156 0.638889 0.094271 0.240741 -0.002865 0.004167 1.000000
0 102 0.307812 0.638426 0.093750 0.237963 -0.002344 -0.000463 1.000000
0 103 0.306250 0.638889 0.091667 0.235185 -0.001563 0.000463 1.000000
0 104 0.308854 0.639352 0.082292 0.230556 0.002604 0.000463 1.000000
0 105 0.307552 0.642130 0.086979 0.232407 -0.001302 0.002778 1.000000
0 106 0.307292 0.646296 0.089583 0.235185 -0.000260 0.004167 1.000000
0 107 0.307292 0.642130 0.091667 0.234259 0.000000 -0.004167 1.000000
0 108 0.307812 0.635648 0.088542 0.250926 0.000521 -0.006481 1.000000
0 109 0.306771 0.630556 0.082292 0.253704 -0.001042 -0.005093 1.000000
0 110 0.308854 0.624537 0.072917 0.250926 0.002083 -0.006019 1.000000
0 111 0.315104 0.622222 0.066667 0.253704 0.006250 -0.002315 1.000000
0 112 0.317969 0.628704 0.058854 0.268519 0.002865 0.006481 1.000000
0 113 0.317188 0.628241 0.068750 0.267593 -0.000781 -0.000463 1.000000
0 114 0.314844 0.628704 0.078646 0.266667 -0.002344 0.000463 1.000000
0 115 0.304688 0.629167 0.091667 0.256481 -0.010156 0.000463 1.000000
0 116 0.310937 0.632870 0.104167 0.256481 0.006250 0.003704 1.000000
0 117 0.323437 0.635648 0.104167 0.256481 0.012500 0.002778 1.000000
0 118 0.325000 0.632870 0.104167 0.250926 0.001563 -0.002778 1.000000
0 119 0.325260 0.635185 0.108854 0.250000 0.000260 0.002315 1.000000
0 120 0.326562 0.641204 0.106250 0.232407 0.001302 0.006019 1.000000
0 121 0.325521 0.642593 0.108333 0.233333 -0.001042 0.001389 1.000000
0 122 0.327604 0.643056 0.109375 0.236111 0.002083 0.000463 1.000000
0 123 0.326302 0.639352 0.104688 0.239815 -0.001302 -0.003704 1.000000
0 124 0.333333 0.636574 0.093750 0.247222 0.007031 -0.002778 1.000000
0 125 0.328125 0.636111 0.103125 0.240741 -0.005208 -0.000463 1.000000
0 126 0.328646 0.638889 0.104167 0.240741 0.000521 0.002778 1.000000
0 127 0.329688 0.638426 0.104167 0.245370 0.001042 -0.000463 1.000000
0 128 0.335417 0.633333 0.094792 0.248148 0.005729 -0.005093 1.000000
0 129 0.340365 0.629167 0.079687 0.250926 0.004948 -0.004167 1.000000
0 130 0.347396 0.630093 0.064583 0.250926 0.007031 0.000926 1.000000
0 131 0.355729 0.633796 0.052083 0.250926 0.008333 0.003704 1.000000
0 132 0.360677 0.636574 0.036979 0.254630 0.004948 0.002778 1.000000
0 133 0.360156 0.636574 0.036979 0.243519 -0.000521 0.000000 1.000000
0 134 0.360156 0.636111 0.039062 0.242593 0.000000 -0.000463 1.000000
0 135 0.360677 0.636574 0.041146 0.237963 0.000521 0.000463 1.000000
0 136 0.366146 0.638426 0.053125 0.236111 0.005469 0.001852 1.000000
0 137 0.373437 0.640278 0.059375 0.232407 0.007292 0.001852 1.000000
0 138 0.371875 0.641204 0.059375 0.228704 -0.001563 0.000926 1.000000
0 139 0.377344 0.641667 0.069271 0.229630 0.005469 0.000463 1.000000
0 140 0.379948 0.641204 0.075521 0.232407 0.002604 -0.000463 1.000000
0 141 0.380469 0.642130 0.075521 0.232407 0.000521 0.000926 1.000000
0 142 0.379688 0.643056 0.078125 0.232407 -0.000781 0.000926 1.000000
0 143 0.378385 0.638426 0.080729 0.245370 -0.001302 -0.004630 1.000000
0 144 0.376823 0.632407 0.083854 0.257407 -0.001563 -0.006019 1.000000
0 145 0.377344 0.628704 0.082812 0.268519 0.000521 -0.003704 1.000000
0 146 0.374219 0.623611 0.080729 0.278704 -0.003125 -0.005093 1.000000
0 147 0.372396 0.621759 0.077083 0.286111 -0.001823 -0.001852 1.000000
0 148 0.369010 0.618056 0.070312 0.291667 -0.003385 -0.003704 1.000000
0 149 0.367708 0.618519 0.067708 0.292593 -0.001302 0.000463 1.000000
0 150 0.367448 0.619907 0.067187 0.295370 -0.000260 0.001389 1.000000
0 151 0.367708 0.621296 0.067708 0.294444 0.000260 0.001389 1.000000
0 152 0.372656 0.624537 0.077604 0.289815 0.004948 0.003241 1.000000
0 153 0.376302 0.629167 0.084896 0.284259 0.003646 0.004630 1.000000
0 154 0.378906 0.629167 0.093229 0.265741 0.002604 0.000000 1.000000
0 155 0.377604 0.633796 0.093750 0.260185 -0.001302 0.004630 1.000000
0 156 0.382292 0.637500 0.087500 0.254630 0.004687 0.003704 1.000000
0 157 0.384375 0.633333 0.086458 0.250000 0.002083 -0.004167 1.000000
0 158 0.391927 0.640278 0.070312 0.245370 0.007552 0.006944 1.000000
0 159 0.393490 0.637037 0.069271 0.242593 0.001563 -0.003241 1.000000
0 160 0.396615 0.637037 0.067187 0.251852 0.003125 0.000000 1.000000
0 161 0.395833 0.633333 0.064583 0.257407 -0.000781 -0.003704 1.000000
0 162 0.397656 0.628704 0.064062 0.266667 0.001823 -0.004630 1.000000
0 163 0.398958 0.624537 0.063542 0.273148 0.001302 -0.004167 1.000000
0 164 0.400781 0.621296 0.063021 0.279630 0.001823 -0.003241 1.000000
0 165 0.402604 0.617130 0.062500 0.286111 0.001823 -0.004167 1.000000
0 166 0.405469 0.618056 0.065104 0.287963 0.002865 0.000926 1.000000
0 167 0.407031 0.621759 0.070312 0.287963 0.001563 0.003704 1.000000
0 168 0.410156 0.619444 0.079687 0.275926 0.003125 -0.002315 1.000000
0 169 0.406510 0.624074 0.091146 0.279630 -0.003646 0.004630 1.000000
0 170 0.409115 0.629167 0.089063 0.269444 0.002604 0.005093 1.000000
0 171 0.410156 0.634259 0.084896 0.259259 0.001042 0.005093 1.000000
0 172 0.411979 0.636574 0.081250 0.256481 0.001823 0.002315 1.000000
0 173 0.410156 0.634259 0.085938 0.261111 -0.001823 -0.002315 1.000000
0 174 0.414062 0.631481 0.102083 0.264815 0.003906 -0.002778 1.000000
0 175 0.423438 0.633333 0.105208 0.261111 0.009375 0.001852 1.000000
0 176 0.434635 0.634259 0.133854 0.259259 0.011198 0.000926 1.000000
0 177 0.433594 0.631481 0.134896 0.251852 -0.001042 -0.002778 1.000000
0 178 0.429948 0.633333 0.138021 0.248148 -0.003646 0.001852 1.000000
0 179 0.430469 0.633796 0.136979 0.250926 0.000521 0.000463 1.000000
0 180 0.427344 0.633796 0.128646 0.252778 -0.003125 0.000000 1.000000
0 181 0.434115 0.630556 0.099479 0.253704 0.006771 -0.003241 1.000000
0 182 0.442969 0.630093 0.055729 0.252778 0.008854 -0.000463 1.000000
0 183 0.442969 0.631481 0.049479 0.251852 0.000000 0.001389 1.000000
0 184 0.444792 0.630093 0.046875 0.254630 0.001823 -0.001389 1.000000
0 185 0.442448 0.630556 0.043229 0.253704 -0.002344 0.000463 1.000000
0 186 0.440104 0.631019 0.044792 0.254630 -0.002344 0.000463 1.000000
0 187 0.440365 0.630093 0.045312 0.252778 0.000260 -0.000926 1.000000
0 188 0.439844 0.628704 0.047396 0.257407 -0.000521 -0.001389 1.000000
0 189 0.440885 0.627778 0.044271 0.257407 0.001042 -0.000926 1.000000
0 190 0.440625 0.628704 0.044792 0.257407 -0.000260 0.000926 1.000000
0 191 0.438542 0.629167 0.045833 0.258333 -0.002083 0.000463 1.000000
0 192 0.434115 0.625000 0.055729 0.262963 -0.004427 -0.004167 1.000000
0 193 0.434635 0.628704 0.059896 0.266667 0.000521 0.003704 1.000000
0 194 0.438021 0.629630 0.058333 0.264815 0.003385 0.000926 1.000000
0 195 0.438021 0.627315 0.060417 0.267593 0.000000 -0.002315 1.000000
0 196 0.437500 0.628241 0.061458 0.265741 -0.000521 0.000926 1.000000
0 197 0.437240 0.630093 0.063021 0.263889 -0.000260 0.001852 1.000000
0 198 0.435937 0.631019 0.062500 0.260185 -0.001302 0.000926 1.000000
0 199 0.435937 0.632407 0.056250 0.262963 0.000000 0.001389 1.000000
0 200 0.439323 0.631019 0.041146 0.265741 0.003385 -0.001389 1.000000
0 201 0.443229 0.630093 0.051042 0.265741 0.003906 -0.000926 1.000000
0 202 0.437500 0.631019 0.060417 0.267593 -0.005729 0.000926 1.000000
0 203 0.427083 0.630093 0.066667 0.267593 -0.010417 -0.000926 1.000000
0 204 0.420833 0.612963 0.070833 0.246296 -0.006250 -0.017130 1.000000
0 205 0.422917 0.618519 0.082292 0.268519 0.002083 0.005556 1.000000
0 206 0.429948 0.614352 0.103646 0.258333 0.007031 -0.004167 1.000000
0 207 0.439583 0.613889 0.123958 0.268519 0.009635 -0.000463 1.000000
0 208 0.437500 0.616204 0.100000 0.299074 -0.002083 0.002315 1.000000
0 209 0.443490 0.618056 0.103646 0.287963 0.005990 0.001852 1.000000
0 210 0.443229 0.624537 0.109375 0.278704 -0.000260 0.006481 1.000000
0 211 0.434635 0.627315 0.089063 0.273148 -0.008594 0.002778 1.000000
0 212 0.410417 0.628241 0.075000 0.269444 -0.024219 0.000926 1.000000
0 213 0.414583 0.629167 0.064583 0.265741 0.004167 0.000926 1.000000
0 214 0.415885 0.629630 0.061979 0.262963 0.001302 0.000463 1.000000
0 215 0.400260 0.627778 0.090104 0.264815 -0.015625 -0.001852 1.000000
0 216 0.402604 0.627315 0.082292 0.269444 0.002344 -0.000463 1.000000
0 217 0.395052 0.626389 0.093229 0.273148 -0.007552 -0.000926 1.000000
0 218 0.389583 0.621759 0.091667 0.267593 -0.005469 -0.004630 1.000000
0 219 0.388021 0.617593 0.081250 0.262963 -0.001563 -0.004167 1.000000
0 220 0.388281 0.630556 0.090104 0.270370 0.000260 0.012963 1.000000
0 221 0.382812 0.634722 0.104167 0.260185 -0.005469 0.004167 1.000000
0 222 0.380469 0.637037 0.109896 0.257407 -0.002344 0.002315 1.000000
0 223 0.377344 0.637963 0.115104 0.255556 -0.003125 0.000926 1.000000
0 224 0.368229 0.631481 0.098958 0.268519 -0.009115 -0.006481 1.000000
0 225 0.350260 0.628704 0.101562 0.274074 -0.017969 -0.002778 1.000000
0 226 0.342969 0.626389 0.089063 0.284259 -0.007292 -0.002315 1.000000
0 227 0.329948 0.623148 0.070312 0.287037 -0.013021 -0.003241 1.000000
0 228 0.309375 0.611111 0.055208 0.266667 -0.020573 -0.012037 1.000000
0 229 0.303906 0.611111 0.051562 0.268519 -0.005469 0.000000 1.000000
0 230 0.289583 0.618519 0.066667 0.277778 -0.014323 0.007407 1.000000
0 231 0.274479 0.625926 0.081250 0.283333 -0.015104 0.007407 1.000000
0 232 0.248958 0.636574 0.105208 0.263889 -0.025521 0.010648 1.000000
0 233 0.243229 0.641667 0.101042 0.253704 -0.005729 0.005093 1.000000
0 234 0.240625 0.646759 0.097917 0.245370 -0.002604 0.005093 1.000000
0 235 0.239063 0.648148 0.092708 0.242593 -0.001563 0.001389 1.000000
0 236 0.238021 0.646296 0.089583 0.242593 -0.001042 -0.001852 1.000000
0 237 0.238802 0.643981 0.093229 0.245370 0.000781 -0.002315 1.000000
0 238 0.241406 0.641667 0.097396 0.255556 0.002604 -0.002315 1.000000
0 239 0.244531 0.635648 0.102604 0.260185 0.003125 -0.006019 1.000000
0 240 0.248958 0.633333 0.102083 0.268519 0.004427 -0.002315 1.000000
0 241 0.248698 0.633333 0.099479 0.266667 -0.000260 0.000000 1.000000
0 242 0.248177 0.634259 0.096354 0.266667 -0.000521 0.000926 1.000000
0 243 0.246615 0.636111 0.092188 0.266667 -0.001563 0.001852 1.000000
0 244 0.244531 0.636111 0.089063 0.264815 -0.002083 0.000000 1.000000
0 245 0.242708 0.636111 0.085417 0.262963 -0.001823 0.000000 1.000000
0 246 0.242448 0.637037 0.084896 0.262963 -0.000260 0.000926 1.000000
0 247 0.242969 0.634722 0.084896 0.267593 0.000521 -0.002315 1.000000
0 248 0.242969 0.634259 0.085938 0.266667 0.000000 -0.000463 1.000000
0 249 0.241146 0.632870 0.085417 0.269444 -0.001823 -0.001389 1.000000
0 250 0.240365 0.630556 0.082812 0.272222 -0.000781 -0.002315 1.000000
0 251 0.240885 0.627315 0.082812 0.282407 0.000521 -0.003241 1.000000
0 252 0.240104 0.625463 0.082292 0.286111 -0.000781 -0.001852 1.000000
0 253 0.239583 0.627778 0.081250 0.281481 -0.000521 0.002315 1.000000
0 254 0.241406 0.633796 0.085938 0.271296 0.001823 0.006019 1.000000
0 255 0.241927 0.633796 0.085938 0.269444 0.000521 0.000000 1.000000
0 256 0.244531 0.635648 0.090104 0.265741 0.002604 0.001852 1.000000
0 257 0.243229 0.636574 0.088542 0.262037 -0.001302 0.000926 1.000000
0 258 0.240104 0.638889 0.084375 0.257407 -0.003125 0.002315 1.000000
0 259 0.239583 0.640278 0.085417 0.254630 -0.000521 0.001389 1.000000
0 260 0.240365 0.641667 0.086979 0.251852 0.000781 0.001389 1.000000
0 261 0.235937 0.642130 0.096875 0.249074 -0.004427 0.000463 1.000000
0 262 0.236458 0.643519 0.097917 0.250000 0.000521 0.001389 1.000000
0 263 0.242188 0.644444 0.092708 0.253704 0.005729 0.000926 1.000000
0 264 0.249479 0.642130 0.083333 0.252778 0.007292 -0.002315 1.000000
0 265 0.248958 0.640741 0.082292 0.251852 -0.000521 -0.001389 1.000000
0 266 0.249219 0.638889 0.080729 0.253704 0.000260 -0.001852 1.000000
0 267 0.247396 0.637963 0.078125 0.257407 -0.001823 -0.000926 1.000000
0 268 0.246094 0.636111 0.076563 0.262963 -0.001302 -0.001852 1.000000
0 269 0.245833 0.635185 0.076042 0.266667 -0.000260 -0.000926 1.000000
0 270 0.247656 0.634722 0.078646 0.271296 0.001823 -0.000463 1.000000
0 271 0.252604 0.633333 0.087500 0.268519 0.004948 -0.001389 1.000000
0 272 0.253125 0.634259 0.088542 0.264815 0.000521 0.000926 1.000000
0 273 0.247917 0.633796 0.087500 0.263889 -0.005208 -0.000463 1.000000
0 274 0.243490 0.632870 0.089063 0.263889 -0.004427 -0.000926 1.000000
0 275 0.243750 0.634722 0.089583 0.267593 0.000260 0.001852 1.000000
0 276 0.239063 0.635185 0.088542 0.264815 -0.004687 0.000463 1.000000
0 277 0.233854 0.633796 0.094792 0.263889 -0.005208 -0.001389 1.000000
0 278 0.233073 0.633796 0.096354 0.262037 -0.000781 0.000000 1.000000
0 279 0.237240 0.634259 0.091146 0.266667 0.004167 0.000463 1.000000
0 280 0.235417 0.632407 0.088542 0.272222 -0.001823 -0.001852 1.000000
0 281 0.226562 0.629167 0.072917 0.278704 -0.008854 -0.003241 1.000000
0 282 0.214583 0.628241 0.060417 0.284259 -0.011979 -0.000926 1.000000
0 283 0.210938 0.625000 0.068750 0.285185 -0.003646 -0.003241 1.000000
0 284 0.213281 0.618981 0.088021 0.287963 0.002344 -0.006019 1.000000
0 285 0.211198 0.620370 0.091146 0.300000 -0.002083 0.001389 1.000000
0 286 0.209896 0.622222 0.088542 0.300000 -0.001302 0.001852 1.000000
0 287 0.202865 0.625000 0.097396 0.298148 -0.007031 0.002778 1.000000
0 288 0.191927 0.625000 0.105729 0.294444 -0.010937 0.000000 1.000000
0 289 0.187240 0.624074 0.107813 0.288889 -0.004687 -0.000926 1.000000
0 290 0.183854 0.628241 0.106250 0.293519 -0.003385 0.004167 1.000000
0 291 0.179688 0.630093 0.108333 0.284259 -0.004167 0.001852 1.000000
0 292 0.174219 0.632407 0.116146 0.287037 -0.005469 0.002315 1.000000
0 293 0.173698 0.631481 0.119271 0.285185 -0.000521 -0.000926 1.000000
0 294 0.174219 0.631944 0.119271 0.284259 0.000521 0.000463 1.000000
0 295 0.174740 0.632407 0.118229 0.283333 0.000521 0.000463 1.000000
0 296 0.177865 0.631481 0.113021 0.281481 0.003125 -0.000926 1.000000
0 297 0.183333 0.631944 0.110417 0.280556 0.005469 0.000463 1.000000
0 298 0.187240 0.629630 0.109896 0.283333 0.003906 -0.002315 1.000000
0 299 0.186719 0.627778 0.107813 0.287037 -0.000521 -0.001852 1.000000
0 300 0.184896 0.626389 0.095833 0.287963 -0.001823 -0.001389 1.000000
0 301 0.184375 0.626852 0.083333 0.287037 -0.000521 0.000463 1.000000
0 302 0.185156 0.627315 0.073438 0.284259 0.000781 0.000463 1.000000
0 303 0.183333 0.629630 0.067708 0.283333 -0.001823 0.002315 1.000000
0 304 0.182292 0.633796 0.065625 0.276852 -0.001042 0.004167 1.000000
0 305 0.183073 0.635185 0.068229 0.268519 0.000781 0.001389 1.000000
0 306 0.186979 0.637500 0.075000 0.265741 0.003906 0.002315 1.000000
0 307 0.191667 0.640278 0.084375 0.262037 0.004687 0.002778 1.000000
0 308 0.196615 0.641667 0.093229 0.255556 0.004948 0.001389 1.000000
0 309 0.199219 0.640741 0.100521 0.259259 0.002604 -0.000926 1.000000
0 310 0.202083 0.638426 0.106250 0.271296 0.002865 -0.002315 1.000000
0 311 0.211458 0.634722 0.107292 0.275000 0.009375 -0.003704 1.000000
0 312 0.235417 0.630556 0.087500 0.285185 0.023958 -0.004167 1.000000
0 313 0.234375 0.631481 0.089583 0.285185 -0.001042 0.000926 1.000000
0 314 0.246615 0.629630 0.074479 0.290741 0.012240 -0.001852 1.000000
0 315 0.257292 0.627778 0.065625 0.288889 0.010677 -0.001852 1.000000
0 316 0.267188 0.631481 0.083333 0.287037 0.009896 0.003704 1.000000
0 317 0.273958 0.634259 0.088542 0.283333 0.006771 0.002778 1.000000
0 318 0.282552 0.634259 0.075521 0.283333 0.008594 0.000000 1.000000
0 319 0.300781 0.637963 0.066146 0.277778 0.018229 0.003704 1.000000
0 320 0.334896 0.646296 0.085417 0.261111 0.034115 0.008333 1.000000
0 321 0.344531 0.646759 0.104688 0.262037 0.009635 0.000463 1.000000
0 322 0.352865 0.645370 0.120313 0.262963 0.008333 -0.001389 1.000000
0 323 0.354948 0.642593 0.116146 0.264815 0.002083 -0.002778 1.000000
0 324 0.368229 0.633333 0.089583 0.279630 0.013281 -0.009259 1.000000
0 325 0.378906 0.627315 0.071354 0.287963 0.010677 -0.006019 1.000000
0 326 0.389062 0.623611 0.053125 0.291667 0.010156 -0.003704 1.000000
0 327 0.395052 0.619907 0.046354 0.295370 0.005990 -0.003704 1.000000
0 328 0.414583 0.620370 0.072917 0.294444 0.019531 0.000463 1.000000
0 329 0.421615 0.623148 0.079687 0.290741 0.007031 0.002778 1.000000
0 330 0.425781 0.625463 0.079687 0.287963 0.004167 0.002315 1.000000
0 331 0.428906 0.627315 0.071354 0.282407 0.003125 0.001852 1.000000
0 332 0.445833 0.634259 0.069792 0.268519 0.016927 0.006944 1.000000
0 333 0.446615 0.632870 0.071354 0.273148 0.000781 -0.001389 1.000000
0 334 0.456250 0.636111 0.062500 0.274074 0.009635 0.003241 1.000000
0 335 0.473698 0.639815 0.069271 0.275926 0.017448 0.003704 1.000000
0 336 0.484635 0.636574 0.074479 0.267593 0.010937 -0.003241 1.000000
0 337 0.486719 0.638426 0.070312 0.263889 0.002083 0.001852 1.000000
0 338 0.487500 0.639352 0.068750 0.263889 0.000781 0.000926 1.000000
0 339 0.488802 0.639352 0.066146 0.263889 0.001302 0.000000 1.000000
0 340 0.489583 0.637037 0.064583 0.259259 0.000781 -0.002315 1.000000
0 341 0.489323 0.635185 0.065104 0.264815 -0.000260 -0.001852 1.000000
0 342 0.489583 0.631944 0.064583 0.273148 0.000260 -0.003241 1.000000
0 343 0.490104 0.627778 0.066667 0.279630 0.000521 -0.004167 1.000000
0 344 0.491146 0.621296 0.082292 0.283333 0.001042 -0.006481 1.000000
0 345 0.489063 0.617130 0.087500 0.280556 -0.002083 -0.004167 1.000000
0 346 0.489844 0.615741 0.085938 0.275926 0.000781 -0.001389 1.000000
0 347 0.490365 0.605093 0.104688 0.336111 0.000521 -0.010648 1.000000
0 348 0.491146 0.601389 0.107292 0.341667 0.000781 -0.003704 1.000000
0 349 0.492448 0.603704 0.113021 0.333333 0.001302 0.002315 1.000000
0 350 0.492448 0.606944 0.116146 0.328704 0.000000 0.003241 1.000000
0 351 0.492448 0.607407 0.119271 0.322222 0.000000 0.000463 1.000000
0 352 0.492448 0.609259 0.119271 0.318519 0.000000 0.001852 1.000000
0 353 0.492708 0.612037 0.118750 0.318519 0.000260 0.002778 1.000000
0 354 0.492448 0.611111 0.120313 0.314815 -0.000260 -0.000926 1.000000
0 355 0.492448 0.612037 0.119271 0.312963 0.000000 0.000926 1.000000
0 356 0.492969 0.613426 0.119271 0.315741 0.000521 0.001389 1.000000
0 357 0.492448 0.613889 0.121354 0.316667 -0.000521 0.000463 1.000000
0 358 0.492708 0.612963 0.120833 0.311111 0.000260 -0.000926 1.000000
0 359 0.492969 0.614352 0.121354 0.312037 0.000260 0.001389 1.000000
0 360 0.492448 0.617130 0.119271 0.312037 -0.000521 0.002778 1.000000
0 361 0.492708 0.617593 0.117708 0.309259 0.000260 0.000463 1.000000
0 362 0.492708 0.618981 0.115625 0.306481 0.000000 0.001389 1.000000
0 363 0.492708 0.620370 0.113542 0.303704 0.000000 0.001389 1.000000
0 364 0.492708 0.620833 0.111458 0.300926 0.000000 0.000463 1.000000
0 365 0.491927 0.622222 0.109896 0.298148 -0.000781 0.001389 1.000000
0 366 0.491927 0.623611 0.108854 0.295370 0.000000 0.001389 1.000000
0 367 0.489583 0.628241 0.113542 0.287963 -0.002344 0.004630 1.000000
0 368 0.484896 0.634722 0.109375 0.271296 -0.004687 0.006481 1.000000
0 369 0.486719 0.635648 0.089063 0.275000 0.001823 0.000926 1.000000
0 370 0.493229 0.636111 0.063542 0.277778 0.006510 0.000463 1.000000
0 371 0.494792 0.635185 0.052083 0.274074 0.001563 -0.000926 1.000000
0 372 0.495833 0.637037 0.052083 0.268519 0.001042 0.001852 1.000000
0 373 0.499219 0.636574 0.052604 0.267593 0.003385 -0.000463 1.000000
0 374 0.501823 0.635648 0.066146 0.273148 0.002604 -0.000926 1.000000
0 375 0.507031 0.621296 0.084896 0.298148 0.005208 -0.014352 1.000000
0 376 0.507031 0.618056 0.127604 0.310185 0.000000 -0.003241 1.000000
0 377 0.507552 0.615741 0.126562 0.312963 0.000521 -0.002315 1.000000
0 378 0.506771 0.617130 0.129167 0.306481 -0.000781 0.001389 1.000000
0 379 0.506250 0.623148 0.128125 0.301852 -0.000521 0.006019 1.000000
0 380 0.507031 0.623611 0.127604 0.299074 0.000781 0.000463 1.000000
0 381 0.508594 0.619907 0.124479 0.302778 0.001563 -0.003704 1.000000
0 382 0.511719 0.616204 0.114062 0.308333 0.003125 -0.003704 1.000000
0 383 0.508073 0.620833 0.096354 0.302778 -0.003646 0.004630 1.000000
0 384 0.496094 0.634259 0.070312 0.279630 -0.011979 0.013426 1.000000
0 385 0.498437 0.634259 0.062500 0.283333 0.002344 0.000000 1.000000
0 386 0.494010 0.635185 0.066146 0.283333 -0.004427 0.000926 1.000000
0 387 0.488021 0.636574 0.079167 0.280556 -0.005990 0.001389 1.000000
0 388 0.485677 0.633333 0.077604 0.279630 -0.002344 -0.003241 1.000000
0 389 0.487240 0.631481 0.079687 0.281481 0.001563 -0.001852 1.000000
0 390 0.492188 0.632407 0.087500 0.275926 0.004948 0.000926 1.000000
0 391 0.495573 0.633796 0.095312 0.278704 0.003385 0.001389 1.000000
0 392 0.497917 0.637963 0.103125 0.275926 0.002344 0.004167 1.000000
0 393 0.501042 0.637037 0.109375 0.274074 0.003125 -0.000926 1.000000
0 394 0.503906 0.637500 0.114062 0.273148 0.002865 0.000463 1.000000
0 395 0.506250 0.637500 0.115625 0.275000 0.002344 0.000000 1.000000
0 396 0.509115 0.634722 0.117188 0.273148 0.002865 -0.002778 1.000000
0 397 0.509375 0.635648 0.114583 0.273148 0.000260 0.000926 1.000000
0 398 0.509896 0.636574 0.111458 0.271296 0.000521 0.000926 1.000000
0 399 0.509375 0.635185 0.107292 0.272222 -0.000521 -0.001389 1.000000
0 400 0.508073 0.634259 0.099479 0.272222 -0.001302 -0.000926 1.000000
0 401 0.507292 0.633796 0.095833 0.273148 -0.000781 -0.000463 1.000000
0 402 0.506771 0.633333 0.090625 0.274074 -0.000521 -0.000463 1.000000
0 403 0.503646 0.631481 0.082292 0.274074 -0.003125 -0.001852 1.000000
0 404 0.501563 0.632407 0.071875 0.277778 -0.002083 0.000926 1.000000
0 405 0.496354 0.630556 0.066667 0.283333 -0.005208 -0.001852 1.000000
0 406 0.491406 0.629630 0.071354 0.275926 -0.004948 -0.000926 1.000000
0 407 0.489583 0.627315 0.082292 0.280556 -0.001823 -0.002315 1.000000
0 408 0.486719 0.629167 0.094271 0.282407 -0.002865 0.001852 1.000000
0 409 0.490365 0.629167 0.086979 0.282407 0.003646 0.000000 1.000000
0 410 0.502344 0.631944 0.064062 0.284259 0.011979 0.002778 1.000000
0 411 0.503906 0.631481 0.061979 0.279630 0.001563 -0.000463 1.000000
0 412 0.506250 0.627778 0.047917 0.283333 0.002344 -0.003704 1.000000
0 413 0.505208 0.628704 0.046875 0.287037 -0.001042 0.000926 1.000000
0 414 0.504427 0.627778 0.046354 0.285185 -0.000781 -0.000926 1.000000
0 415 0.503125 0.625926 0.045833 0.283333 -0.001302 -0.001852 1.000000
0 416 0.503125 0.624074 0.048958 0.281481 0.000000 -0.001852 1.000000
0 417 0.503125 0.623148 0.052083 0.279630 0.000000 -0.000926 1.000000
0 418 0.503385 0.626852 0.056771 0.288889 0.000260 0.003704 1.000000
0 419 0.507292 0.628704 0.052083 0.290741 0.003906 0.001852 1.000000
0 420 0.508333 0.629630 0.047917 0.287037 0.001042 0.000926 1.000000
0 421 0.506771 0.630093 0.046875 0.282407 -0.001563 0.000463 1.000000
0 422 0.505729 0.629630 0.047917 0.277778 -0.001042 -0.000463 1.000000
0 423 0.505990 0.630093 0.045312 0.282407 0.000260 0.000463 1.000000
0 424 0.507552 0.631019 0.048438 0.278704 0.001563 0.000926 1.000000
0 425 0.506250 0.632407 0.048958 0.281481 -0.001302 0.001389 1.000000
0 426 0.507552 0.637963 0.056771 0.268519 0.001302 0.005556 1.000000
0 427 0.509115 0.644444 0.064062 0.251852 0.001563 0.006481 1.000000
0 428 0.510156 0.651389 0.071354 0.236111 0.001042 0.006944 1.000000
0 429 0.508854 0.653241 0.065625 0.234259 -0.001302 0.001852 1.000000
0 430 0.508073 0.654167 0.066146 0.232407 -0.000781 0.000926 1.000000
0 431 0.507552 0.652315 0.067187 0.232407 -0.000521 -0.001852 1.000000
0 432 0.505208 0.654167 0.064583 0.226852 -0.002344 0.001852 1.000000
0 433 0.505729 0.656019 0.064583 0.223148 0.000521 0.001852 1.000000
0 434 0.505469 0.660185 0.064062 0.220370 -0.000260 0.004167 1.000000
0 435 0.506771 0.660185 0.065625 0.222222 0.001302 0.000000 1.000000
0 436 0.508854 0.660648 0.064583 0.221296 0.002083 0.000463 1.000000
0 437 0.507292 0.663426 0.069792 0.217593 -0.001563 0.002778 1.000000
0 438 0.506771 0.664352 0.067708 0.213889 -0.000521 0.000926 1.000000
0 439 0.507552 0.663889 0.069271 0.212963 0.000781 -0.000463 1.000000
0 440 0.502865 0.664352 0.080729 0.212037 -0.004687 0.000463 1.000000
0 441 0.500781 0.662963 0.089063 0.216667 -0.002083 -0.001389 1.000000
0 442 0.496615 0.659722 0.093229 0.217593 -0.004167 -0.003241 1.000000
0 443 0.491406 0.658796 0.099479 0.223148 -0.005208 -0.000926 1.000000
0 444 0.485156 0.651389 0.111979 0.236111 -0.006250 -0.007407 1.000000
0 445 0.480990 0.650000 0.115104 0.240741 -0.004167 -0.001389 1.000000
0 446 0.481510 0.647222 0.108854 0.244444 0.000521 -0.002778 1.000000
0 447 0.491927 0.645370 0.093229 0.255556 0.010417 -0.001852 1.000000
0 448 0.500000 0.638889 0.082292 0.264815 0.008073 -0.006481 1.000000
0 449 0.507812 0.636111 0.088542 0.277778 0.007812 -0.002778 1.000000
0 450 0.508073 0.636574 0.091146 0.275000 0.000260 0.000463 1.000000
0 451 0.511198 0.627315 0.074479 0.286111 0.003125 -0.009259 1.000000
0 452 0.509896 0.618519 0.066667 0.288889 -0.001302 -0.008796 1.000000
0 453 0.514583 0.610185 0.072917 0.275926 0.004687 -0.008333 1.000000
0 454 0.510156 0.604630 0.066146 0.277778 -0.004427 -0.005556 1.000000
0 455 0.514323 0.608796 0.079687 0.287963 0.004167 0.004167 1.000000
0 456 0.516406 0.622222 0.080729 0.292593 0.002083 0.013426 1.000000
0 457 0.515885 0.626389 0.071354 0.286111 -0.000521 0.004167 1.000000
0 458 0.514323 0.624537 0.063021 0.280556 -0.001563 -0.001852 1.000000
0 459 0.511979 0.630556 0.061458 0.283333 -0.002344 0.006019 1.000000
0 460 0.521875 0.642593 0.087500 0.257407 0.009896 0.012037 1.000000
0 461 0.520833 0.650000 0.084375 0.242593 -0.001042 0.007407 1.000000
0 462 0.519531 0.656481 0.088021 0.231481 -0.001302 0.006481 1.000000
0 463 0.519010 0.662037 0.089063 0.220370 -0.000521 0.005556 1.000000
0 464 0.519271 0.668056 0.089583 0.208333 0.000260 0.006019 1.000000
0 465 0.519271 0.669907 0.089583 0.202778 0.000000 0.001852 1.000000
0 466 0.519010 0.669444 0.091146 0.203704 -0.000260 -0.000463 1.000000
0 467 0.518750 0.670370 0.092708 0.201852 -0.000260 0.000926 1.000000
0 468 0.518229 0.671296 0.093750 0.203704 -0.000521 0.000926 1.000000
0 469 0.517708 0.670833 0.091667 0.204630 -0.000521 -0.000463 1.000000
0 470 0.519531 0.671296 0.093229 0.201852 0.001823 0.000463 1.000000
0 471 0.519271 0.671296 0.091667 0.205556 -0.000260 0.000000 1.000000
0 472 0.519010 0.670370 0.090104 0.207407 -0.000260 -0.000926 1.000000
0 473 0.519792 0.667593 0.089583 0.209259 0.000781 -0.002778 1.000000
0 474 0.520052 0.667130 0.089063 0.215741 0.000260 -0.000463 1.000000
0 475 0.519271 0.659259 0.086458 0.224074 -0.000781 -0.007870 1.000000
0 476 0.520312 0.643056 0.088542 0.260185 0.001042 -0.016204 1.000000
0 477 0.519271 0.634259 0.090625 0.275926 -0.001042 -0.008796 1.000000
0 478 0.518490 0.626389 0.089063 0.291667 -0.000781 -0.007870 1.000000
0 479 0.514062 0.621759 0.086458 0.302778 -0.004427 -0.004630 1.000000
0 480 0.500521 0.615278 0.066667 0.317593 -0.013542 -0.006481 1.000000
0 481 0.497396 0.612500 0.066667 0.319444 -0.003125 -0.002778 1.000000
0 482 0.495573 0.612037 0.067187 0.320370 -0.001823 -0.000463 1.000000
0 483 0.495052 0.615278 0.069271 0.319444 -0.000521 0.003241 1.000000
0 484 0.496094 0.624074 0.066146 0.296296 0.001042 0.008796 1.000000
0 485 0.490885 0.626389 0.078646 0.291667 -0.005208 0.002315 1.000000
0 486 0.475781 0.638889 0.101562 0.268519 -0.015104 0.012500 1.000000
0 487 0.473698 0.647222 0.120313 0.251852 -0.002083 0.008333 1.000000
0 488 0.468229 0.656019 0.119792 0.232407 -0.005469 0.008796 1.000000
0 489 0.468490 0.658796 0.122396 0.232407 0.000260 0.002778 1.000000
0 490 0.467448 0.659259 0.116146 0.227778 -0.001042 0.000463 1.000000
0 491 0.467187 0.658333 0.112500 0.222222 -0.000260 -0.000926 1.000000
0 492 0.463802 0.660648 0.100521 0.226852 -0.003385 0.002315 1.000000
0 493 0.465625 0.657407 0.100000 0.233333 0.001823 -0.003241 1.000000
0 494 0.461719 0.650000 0.097396 0.246296 -0.003906 -0.007407 1.000000
0 495 0.455208 0.648611 0.104167 0.245370 -0.006510 -0.001389 1.000000
0 496 0.448177 0.636574 0.119271 0.275000 -0.007031 -0.012037 1.000000
0 497 0.445573 0.637500 0.121354 0.278704 -0.002604 0.000926 1.000000
0 498 0.433594 0.637037 0.121354 0.279630 -0.011979 -0.000463 1.000000
0 499 0.418229 0.637037 0.115625 0.277778 -0.015365 0.000000 1.000000
0 500 0.400260 0.628241 0.079687 0.295370 -0.017969 -0.008796 1.000000
0 501 0.400521 0.627778 0.063542 0.305556 0.000260 -0.000463 1.000000
0 502 0.395313 0.625000 0.057292 0.288889 -0.005208 -0.002778 1.000000
0 503 0.384635 0.631481 0.063021 0.290741 -0.010677 0.006481 1.000000
0 504 0.365365 0.633796 0.091146 0.284259 -0.019271 0.002315 1.000000
0 505 0.355729 0.632407 0.107292 0.281481 -0.009635 -0.001389 1.000000
0 506 0.348698 0.633333 0.102604 0.283333 -0.007031 0.000926 1.000000
0 507 0.344010 0.635648 0.093229 0.278704 -0.004687 0.002315 1.000000
0 508 0.339323 0.638889 0.083854 0.275926 -0.004687 0.003241 1.000000
0 509 0.338542 0.640278 0.084375 0.267593 -0.000781 0.001389 1.000000
0 510 0.339323 0.637963 0.083854 0.274074 0.000781 -0.002315 1.000000
0 511 0.339323 0.639352 0.083854 0.273148 0.000000 0.001389 1.000000
0 512 0.339323 0.637963 0.083854 0.274074 0.000000 -0.001389 1.000000
0 513 0.339323 0.639352 0.083854 0.273148 0.000000 0.001389 1.000000
0 514 0.339323 0.639815 0.083854 0.274074 0.000000 0.000463 1.000000
0 515 0.339323 0.640278 0.083854 0.275000 0.000000 0.000463 1.000000
0 516 0.339323 0.634722 0.083854 0.278704 0.000000 -0.005556 1.000000
0 517 0.336458 0.634722 0.085417 0.284259 -0.002865 0.000000 1.000000
0 518 0.336719 0.637037 0.086979 0.277778 0.000260 0.002315 1.000000
0 519 0.336979 0.639815 0.088542 0.275926 0.000260 0.002778 1.000000
0 520 0.336979 0.636111 0.086458 0.277778 0.000000 -0.003704 1.000000
0 521 0.337500 0.634722 0.085417 0.280556 0.000521 -0.001389 1.000000
0 522 0.338281 0.636111 0.083854 0.279630 0.000781 0.001389 1.000000
0 523 0.338802 0.637500 0.083854 0.278704 0.000521 0.001389 1.000000
0 524 0.340365 0.639352 0.080729 0.273148 0.001563 0.001852 1.000000
0 525 0.340365 0.638426 0.080729 0.276852 0.000000 -0.000926 1.000000
0 526 0.339844 0.636574 0.080729 0.278704 -0.000521 -0.001852 1.000000
0 527 0.338802 0.635185 0.082812 0.279630 -0.001042 -0.001389 1.000000
0 528 0.337500 0.635185 0.085417 0.281481 -0.001302 0.000000 1.000000
0 529 0.336458 0.636111 0.086458 0.274074 -0.001042 0.000926 1.000000
0 530 0.335938 0.637037 0.088542 0.275926 -0.000521 0.000926 1.000000
0 531 0.335938 0.637037 0.088542 0.277778 0.000000 0.000000 1.000000
0 532 0.335677 0.636111 0.088021 0.277778 -0.000260 -0.000926 1.000000
0 533 0.335417 0.635185 0.087500 0.277778 -0.000260 -0.000926 1.000000
0 534 0.335938 0.636574 0.086458 0.271296 0.000521 0.001389 1.000000
0 535 0.336198 0.637500 0.089063 0.275000 0.000260 0.000926 1.000000
0 536 0.335677 0.635648 0.089063 0.278704 -0.000521 -0.001852 1.000000
0 537 0.333333 0.637037 0.092708 0.277778 -0.002344 0.001389 1.000000
0 538 0.328125 0.638889 0.098958 0.277778 -0.005208 0.001852 1.000000
0 539 0.322656 0.640741 0.110937 0.274074 -0.005469 0.001852 1.000000
0 540 0.324740 0.639815 0.106771 0.275926 0.002083 -0.000926 1.000000
0 541 0.335677 0.639352 0.095312 0.276852 0.010937 -0.000463 1.000000
0 542 0.344531 0.637037 0.088021 0.275926 0.008854 -0.002315 1.000000
0 543 0.355469 0.643519 0.082812 0.268519 0.010937 0.006481 1.000000
0 544 0.359635 0.648611 0.096354 0.247222 0.004167 0.005093 1.000000
0 545 0.356771 0.651389 0.108333 0.243519 -0.002865 0.002778 1.000000
0 546 0.346615 0.650926 0.132812 0.248148 -0.010156 -0.000463 1.000000
0 547 0.342448 0.648148 0.143229 0.250000 -0.004167 -0.002778 1.000000
0 548 0.343229 0.646759 0.141667 0.252778 0.000781 -0.001389 1.000000
0 549 0.342708 0.649537 0.142708 0.263889 -0.000521 0.002778 1.000000
0 550 0.339583 0.648611 0.151042 0.275000 -0.003125 -0.000926 1.000000
0 551 0.346094 0.644907 0.132812 0.275000 0.006510 -0.003704 1.000000
0 552 0.336458 0.646296 0.096875 0.283333 -0.009635 0.001389 1.000000
0 553 0.336458 0.643519 0.087500 0.285185 0.000000 -0.002778 1.000000
0 554 0.336719 0.644907 0.092188 0.287963 0.000260 0.001389 1.000000
0 555 0.338281 0.640278 0.094271 0.295370 0.001563 -0.004630 1.000000
0 556 0.335417 0.629630 0.103125 0.303704 -0.002865 -0.010648 1.000000
0 557 0.330729 0.620370 0.109375 0.309259 -0.004687 -0.009259 1.000000
0 558 0.336979 0.619907 0.093750 0.317593 0.006250 -0.000463 1.000000
0 559 0.336198 0.625463 0.092188 0.313889 -0.000781 0.005556 1.000000
0 560 0.336198 0.632407 0.090104 0.307407 0.000000 0.006944 1.000000
0 561 0.341667 0.635185 0.100000 0.309259 0.005469 0.002778 1.000000
0 562 0.342969 0.638426 0.120313 0.297222 0.001302 0.003241 1.000000
0 563 0.342708 0.643519 0.136458 0.288889 -0.000260 0.005093 1.000000
0 564 0.335417 0.656481 0.158333 0.262963 -0.007292 0.012963 1.000000
0 565 0.333333 0.657407 0.135417 0.261111 -0.002083 0.000926 1.000000
0 566 0.332292 0.656944 0.112500 0.263889 -0.001042 -0.000463 1.000000
0 567 0.312760 0.655556 0.114062 0.264815 -0.019531 -0.001389 1.000000
0 568 0.314583 0.655093 0.112500 0.267593 0.001823 -0.000463 1.000000
0 569 0.316146 0.654630 0.111458 0.262963 0.001563 -0.000463 1.000000
0 570 0.315104 0.655093 0.108333 0.262037 -0.001042 0.000463 1.000000
0 571 0.313802 0.655556 0.107813 0.264815 -0.001302 0.000463 1.000000
0 572 0.313542 0.650000 0.107292 0.275926 -0.000260 -0.005556 1.000000
0 573 0.315625 0.647222 0.098958 0.279630 0.002083 -0.002778 1.000000
0 574 0.322917 0.645833 0.096875 0.282407 0.007292 -0.001389 1.000000
0 575 0.325260 0.644444 0.096354 0.287037 0.002344 -0.001389 1.000000
0 576 0.328646 0.641204 0.083333 0.291667 0.003385 -0.003241 1.000000
0 577 0.333073 0.639815 0.075521 0.294444 0.004427 -0.001389 1.000000
0 578 0.334896 0.639352 0.063542 0.297222 0.001823 -0.000463 1.000000
0 579 0.334896 0.639815 0.056250 0.294444 0.000000 0.000463 1.000000
0 580 0.330208 0.635648 0.058333 0.302778 -0.004687 -0.004167 1.000000
0 581 0.328385 0.637500 0.067187 0.300926 -0.001823 0.001852 1.000000
0 582 0.327344 0.637963 0.074479 0.298148 -0.001042 0.000463 1.000000
0 583 0.326302 0.638426 0.074479 0.299074 -0.001042 0.000463 1.000000
0 584 0.339844 0.641204 0.099479 0.293519 0.013542 0.002778 1.000000
0 585 0.345573 0.642130 0.109896 0.291667 0.005729 0.000926 1.000000
0 586 0.347656 0.641667 0.108854 0.292593 0.002083 -0.000463 1.000000
0 587 0.347656 0.641667 0.109896 0.290741 0.000000 0.000000 1.000000
0 588 0.352344 0.641204 0.101562 0.291667 0.004687 -0.000463 1.000000
0 589 0.352865 0.642593 0.102604 0.288889 0.000521 0.001389 1.000000
0 590 0.352083 0.641667 0.101042 0.290741 -0.000781 -0.000926 1.000000
0 591 0.353125 0.642593 0.102083 0.290741 0.001042 0.000926 1.000000
0 592 0.352083 0.643519 0.102083 0.287037 -0.001042 0.000926 1.000000
0 593 0.352604 0.643519 0.103125 0.287037 0.000521 0.000000 1.000000
0 594 0.350000 0.645370 0.104167 0.285185 -0.002604 0.001852 1.000000
0 595 0.350000 0.644444 0.106250 0.285185 0.000000 -0.000926 1.000000
0 596 0.348438 0.643981 0.105208 0.286111 -0.001563 -0.000463 1.000000
0 597 0.347135 0.643981 0.104688 0.286111 -0.001302 0.000000 1.000000
0 598 0.346615 0.643981 0.104688 0.286111 -0.000521 0.000000 1.000000
0 599 0.346615 0.643519 0.102604 0.287037 0.000000 -0.000463 1.000000
0 600 0.344792 0.643519 0.104167 0.288889 -0.001823 0.000000 1.000000
0 601 0.344792 0.642130 0.103125 0.289815 0.000000 -0.001389 1.000000
0 602 0.343750 0.641667 0.102083 0.290741 -0.001042 -0.000463 1.000000
0 603 0.342969 0.641667 0.101562 0.292593 -0.000781 0.000000 1.000000
0 604 0.341406 0.642593 0.100521 0.288889 -0.001563 0.000926 1.000000
0 605 0.341146 0.641204 0.101042 0.293519 -0.000260 -0.001389 1.000000
0 606 0.341406 0.642130 0.100521 0.289815 0.000260 0.000926 1.000000
0 607 0.341146 0.643056 0.101042 0.289815 -0.000260 0.000926 1.000000
0 608 0.338021 0.641204 0.097917 0.293519 -0.003125 -0.001852 1.000000
0 609 0.338542 0.640278 0.096875 0.295370 0.000521 -0.000926 1.000000
0 610 0.337500 0.641204 0.093750 0.293519 -0.001042 0.000926 1.000000
0 611 0.335417 0.640278 0.088542 0.295370 -0.002083 -0.000926 1.000000
0 612 0.328646 0.639352 0.093750 0.297222 -0.006771 -0.000926 1.000000
0 613 0.325000 0.638426 0.096875 0.299074 -0.003646 -0.000926 1.000000
0 614 0.323698 0.640278 0.101562 0.295370 -0.001302 0.001852 1.000000
0 615 0.322396 0.642130 0.106250 0.291667 -0.001302 0.001852 1.000000
0 616 0.320833 0.643056 0.111458 0.287963 -0.001563 0.000926 1.000000
0 617 0.321875 0.640741 0.111458 0.292593 0.001042 -0.002315 1.000000
0 618 0.321615 0.638889 0.108854 0.296296 -0.000260 -0.001852 1.000000
0 619 0.323177 0.639815 0.107813 0.290741 0.001563 0.000926 1.000000
0 620 0.319792 0.640741 0.113542 0.288889 -0.003385 0.000926 1.000000
0 621 0.313281 0.643519 0.125521 0.290741 -0.006510 0.002778 1.000000
0 622 0.313802 0.643519 0.125521 0.287037 0.000521 0.000000 1.000000
0 623 0.314323 0.643981 0.124479 0.284259 0.000521 0.000463 1.000000
0 624 0.314063 0.641667 0.122917 0.285185 -0.000260 -0.002315 1.000000
0 625 0.311719 0.643519 0.125521 0.292593 -0.002344 0.001852 1.000000
0 626 0.312760 0.642130 0.123438 0.291667 0.001042 -0.001389 1.000000
0 627 0.312500 0.642130 0.121875 0.289815 -0.000260 0.000000 1.000000
0 628 0.312500 0.641204 0.120833 0.287963 0.000000 -0.000926 1.000000
0 629 0.311719 0.641667 0.121354 0.288889 -0.000781 0.000463 1.000000
0 630 0.311719 0.641204 0.119271 0.289815 0.000000 -0.000463 1.000000
0 631 0.311198 0.641667 0.119271 0.290741 -0.000521 0.000463 1.000000
0 632 0.312760 0.641667 0.122396 0.288889 0.001563 0.000000 1.000000
0 633 0.313542 0.641204 0.122917 0.289815 0.000781 -0.000463 1.000000
0 634 0.313281 0.641204 0.123438 0.291667 -0.000260 0.000000 1.000000
0 635 0.313021 0.640741 0.123958 0.292593 -0.000260 -0.000463 1.000000
0 636 0.313281 0.641204 0.124479 0.293519 0.000260 0.000463 1.000000
0 637 0.313281 0.641667 0.122396 0.292593 0.000000 0.000463 1.000000
0 638 0.313281 0.641667 0.122396 0.290741 0.000000 0.000000 1.000000
0 639 0.313021 0.642130 0.122917 0.289815 -0.000260 0.000463 1.000000
0 640 0.312760 0.643056 0.123438 0.289815 -0.000260 0.000926 1.000000
0 641 0.312760 0.643519 0.123438 0.288889 0.000000 0.000463 1.000000
0 642 0.312500 0.642593 0.123958 0.290741 -0.000260 -0.000926 1.000000
0 643 0.312240 0.644444 0.124479 0.287037 -0.000260 0.001852 1.000000
0 644 0.313281 0.642130 0.124479 0.289815 0.001042 -0.002315 1.000000
0 645 0.312500 0.643056 0.123958 0.286111 -0.000781 0.000926 1.000000
0 646 0.313281 0.643056 0.125521 0.287963 0.000781 0.000000 1.000000
0 647 0.313281 0.643056 0.123438 0.289815 0.000000 0.000000 1.000000
0 648 0.314323 0.643981 0.123438 0.291667 0.001042 0.000926 1.000000
0 649 0.315104 0.645370 0.122917 0.288889 0.000781 0.001389 1.000000
0 650 0.313542 0.643981 0.126042 0.289815 -0.001563 -0.001389 1.000000
0 651 0.313542 0.644444 0.126042 0.287037 0.000000 0.000463 1.000000
0 652 0.308333 0.645370 0.115625 0.281481 -0.005208 0.000926 1.000000
0 653 0.304688 0.645833 0.110417 0.278704 -0.003646 0.000463 1.000000
0 654 0.302083 0.646296 0.102083 0.275926 -0.002604 0.000463 1.000000
0 655 0.303125 0.644444 0.100000 0.275926 0.001042 -0.001852 1.000000
0 656 0.301042 0.640278 0.103125 0.291667 -0.002083 -0.004167 1.000000
0 657 0.302865 0.633333 0.104688 0.305556 0.001823 -0.006944 1.000000
0 658 0.308594 0.618981 0.096354 0.334259 0.005729 -0.014352 1.000000
0 659 0.316406 0.601852 0.083854 0.368519 0.007812 -0.017130 1.000000
0 660 0.315625 0.583333 0.072917 0.405556 -0.000781 -0.018519 1.000000
0 661 0.306250 0.583796 0.087500 0.406481 -0.009375 0.000463 1.000000
0 662 0.302604 0.585648 0.089583 0.404630 -0.003646 0.001852 1.000000
0 663 0.301823 0.592130 0.089063 0.393519 -0.000781 0.006481 1.000000
0 664 0.301042 0.590278 0.092708 0.400926 -0.000781 -0.001852 1.000000
0 665 0.300781 0.587500 0.093229 0.399074 -0.000260 -0.002778 1.000000
0 666 0.301563 0.586574 0.089583 0.391667 0.000781 -0.000926 1.000000
0 667 0.299740 0.591204 0.092188 0.393519 -0.001823 0.004630 1.000000
0 668 0.301042 0.595370 0.093750 0.385185 0.001302 0.004167 1.000000
0 669 0.300521 0.599537 0.092708 0.376852 -0.000521 0.004167 1.000000
0 670 0.297656 0.601852 0.098437 0.372222 -0.002865 0.002315 1.000000
0 671 0.296615 0.603704 0.100521 0.366667 -0.001042 0.001852 1.000000
0 672 0.296354 0.610648 0.105208 0.354630 -0.000260 0.006944 1.000000
0 673 0.295312 0.610648 0.105208 0.354630 -0.001042 0.000000 1.000000
0 674 0.294792 0.610648 0.106250 0.354630 -0.000521 0.000000 1.000000
0 675 0.293229 0.612500 0.105208 0.350926 -0.001563 0.001852 1.000000
0 676 0.292969 0.617593 0.107813 0.340741 -0.000260 0.005093 1.000000
0 677 0.292448 0.618981 0.109896 0.336111 -0.000521 0.001389 1.000000
0 678 0.292187 0.621759 0.109375 0.332407 -0.000260 0.002778 1.000000
0 679 0.290885 0.622222 0.109896 0.331481 -0.001302 0.000463 1.000000
0 680 0.291927 0.624074 0.111979 0.325926 0.001042 0.001852 1.000000
0 681 0.291406 0.627778 0.110937 0.320370 -0.000521 0.003704 1.000000
0 682 0.290365 0.627315 0.110937 0.319444 -0.001042 -0.000463 1.000000
0 683 0.290625 0.630556 0.112500 0.314815 0.000260 0.003241 1.000000
0 684 0.289323 0.629630 0.110937 0.314815 -0.001302 -0.000926 1.000000
0 685 0.288021 0.631481 0.112500 0.311111 -0.001302 0.001852 1.000000
0 686 0.291406 0.632407 0.115104 0.311111 0.003385 0.000926 1.000000
0 687 0.289062 0.633796 0.112500 0.308333 -0.002344 0.001389 1.000000
0 688 0.289583 0.631481 0.115625 0.311111 0.000521 -0.002315 1.000000
0 689 0.288802 0.631481 0.116146 0.309259 -0.000781 0.000000 1.000000
0 690 0.288281 0.631481 0.117188 0.307407 -0.000521 0.000000 1.000000
0 691 0.289323 0.632407 0.115104 0.305556 0.001042 0.000926 1.000000
0 692 0.289323 0.631944 0.115104 0.302778 0.000000 -0.000463 1.000000
0 693 0.289062 0.631019 0.115625 0.306481 -0.000260 -0.000926 1.000000
0 694 0.289062 0.629630 0.115625 0.307407 0.000000 -0.001389 1.000000
0 695 0.288802 0.631019 0.116146 0.306481 -0.000260 0.001389 1.000000
0 696 0.288542 0.633333 0.116667 0.307407 -0.000260 0.002315 1.000000
0 697 0.289323 0.634722 0.115104 0.308333 0.000781 0.001389 1.000000
0 698 0.289323 0.630556 0.116146 0.309259 0.000000 -0.004167 1.000000
0 699 0.288281 0.631944 0.116146 0.308333 -0.001042 0.001389 1.000000
0 700 0.287760 0.632407 0.118229 0.305556 -0.000521 0.000463 1.000000
0 701 0.289583 0.631481 0.113542 0.305556 0.001823 -0.000926 1.000000
0 702 0.289323 0.632870 0.114062 0.308333 -0.000260 0.001389 1.000000
0 703 0.288542 0.634722 0.116667 0.308333 -0.000781 0.001852 1.000000
0 704 0.289583 0.634259 0.115625 0.307407 0.001042 -0.000463 1.000000
0 705 0.289583 0.634722 0.113542 0.304630 0.000000 0.000463 1.000000
0 706 0.289844 0.633333 0.114062 0.307407 0.000260 -0.001389 1.000000
0 707 0.289583 0.633333 0.113542 0.309259 -0.000260 0.000000 1.000000
0 708 0.289323 0.632407 0.111979 0.307407 -0.000260 -0.000926 1.000000
0 709 0.289583 0.634259 0.111458 0.307407 0.000260 0.001852 1.000000
0 710 0.289844 0.631944 0.113021 0.306481 0.000260 -0.002315 1.000000
0 711 0.290365 0.631481 0.111979 0.303704 0.000521 -0.000463 1.000000
0 712 0.290885 0.634722 0.110937 0.308333 0.000521 0.003241 1.000000
0 713 0.290365 0.638426 0.108854 0.312037 -0.000521 0.003704 1.000000
0 714 0.289844 0.633333 0.110937 0.309259 -0.000521 -0.005093 1.000000
0 715 0.289583 0.633796 0.109375 0.312037 -0.000260 0.000463 1.000000
0 716 0.291406 0.633796 0.107813 0.308333 0.001823 0.000000 1.000000
0 717 0.292187 0.634259 0.105208 0.303704 0.000781 0.000463 1.000000
0 718 0.291406 0.632407 0.108854 0.305556 -0.000781 -0.001852 1.000000
0 719 0.290885 0.633333 0.106771 0.305556 -0.000521 0.000926 1.000000
0 720 0.291146 0.632870 0.106250 0.304630 0.000260 -0.000463 1.000000
0 721 0.291927 0.633796 0.105729 0.304630 0.000781 0.000926 1.000000
0 722 0.292187 0.634722 0.105208 0.304630 0.000260 0.000926 1.000000
0 723 0.292448 0.635185 0.104688 0.305556 0.000260 0.000463 1.000000
0 724 0.293229 0.636111 0.105208 0.305556 0.000781 0.000926 1.000000
0 725 0.293750 0.636111 0.105208 0.305556 0.000521 0.000000 1.000000
0 726 0.295833 0.636574 0.104167 0.308333 0.002083 0.000463 1.000000
0 727 0.297135 0.635648 0.101562 0.310185 0.001302 -0.000926 1.000000
0 728 0.299219 0.635185 0.100521 0.312963 0.002083 -0.000463 1.000000
0 729 0.302083 0.634259 0.097917 0.314815 0.002865 -0.000926 1.000000
0 730 0.304167 0.633333 0.093750 0.307407 0.002083 -0.000926 1.000000
0 731 0.304948 0.633796 0.095312 0.302778 0.000781 0.000463 1.000000
0 732 0.306510 0.636111 0.097396 0.301852 0.001563 0.002315 1.000000
0 733 0.309896 0.637963 0.094792 0.303704 0.003385 0.001852 1.000000
0 734 0.310677 0.636111 0.096354 0.300000 0.000781 -0.001852 1.000000
0 735 0.311979 0.637963 0.095833 0.301852 0.001302 0.001852 1.000000
0 736 0.313542 0.638426 0.091667 0.300926 0.001563 0.000463 1.000000
0 737 0.315625 0.637037 0.095833 0.298148 0.002083 -0.001389 1.000000
0 738 0.315365 0.637963 0.097396 0.298148 -0.000260 0.000926 1.000000
0 739 0.317969 0.637963 0.096354 0.298148 0.002604 0.000000 1.000000
0 740 0.321094 0.638889 0.094271 0.298148 0.003125 0.000926 1.000000
0 741 0.322396 0.639815 0.094792 0.298148 0.001302 0.000926 1.000000
0 742 0.323698 0.639352 0.096354 0.297222 0.001302 -0.000463 1.000000
0 743 0.324740 0.639815 0.097396 0.296296 0.001042 0.000463 1.000000
0 744 0.326562 0.639352 0.096875 0.295370 0.001823 -0.000463 1.000000
0 745 0.328906 0.639815 0.096354 0.294444 0.002344 0.000463 1.000000
0 746 0.329948 0.640278 0.096354 0.293519 0.001042 0.000463 1.000000
0 747 0.333333 0.641667 0.095833 0.290741 0.003385 0.001389 1.000000
0 748 0.339583 0.641667 0.095833 0.290741 0.006250 0.000000 1.000000
0 749 0.344010 0.641667 0.098437 0.290741 0.004427 0.000000 1.000000
0 750 0.351823 0.641204 0.094271 0.289815 0.007812 -0.000463 1.000000
0 751 0.358854 0.643056 0.095833 0.286111 0.007031 0.001852 1.000000
0 752 0.366927 0.644444 0.102604 0.281481 0.008073 0.001389 1.000000
0 753 0.371615 0.646296 0.110937 0.277778 0.004687 0.001852 1.000000
0 754 0.377604 0.646759 0.113542 0.276852 0.005990 0.000463 1.000000
0 755 0.384896 0.647222 0.114583 0.275926 0.007292 0.000463 1.000000
0 756 0.404687 0.642593 0.098958 0.283333 0.019792 -0.004630 1.000000
0 757 0.417448 0.640741 0.090104 0.287037 0.012760 -0.001852 1.000000
0 758 0.429688 0.639352 0.076042 0.289815 0.012240 -0.001389 1.000000
0 759 0.442708 0.637500 0.077083 0.293519 0.013021 -0.001852 1.000000
0 760 0.452865 0.637037 0.089063 0.292593 0.010156 -0.000463 1.000000
0 761 0.459375 0.636111 0.103125 0.296296 0.006510 -0.000926 1.000000
0 762 0.464062 0.637037 0.107292 0.292593 0.004687 0.000926 1.000000
0 763 0.463021 0.638426 0.107292 0.289815 -0.001042 0.001389 1.000000
0 764 0.473438 0.633333 0.096875 0.292593 0.010417 -0.005093 1.000000
0 765 0.478906 0.629167 0.084896 0.291667 0.005469 -0.004167 1.000000
0 766 0.488281 0.626389 0.077604 0.291667 0.009375 -0.002778 1.000000
0 767 0.498437 0.625926 0.070833 0.294444 0.010156 -0.000463 1.000000
0 768 0.522135 0.625926 0.047396 0.298148 0.023698 0.000000 1.000000
0 769 0.527344 0.625926 0.058854 0.303704 0.005208 0.000000 1.000000
0 770 0.536719 0.625926 0.073438 0.298148 0.009375 0.000000 1.000000
0 771 0.544010 0.625926 0.088021 0.292593 0.007292 0.000000 1.000000
0 772 0.549740 0.629167 0.098437 0.284259 0.005729 0.003241 1.000000
0 773 0.553906 0.630093 0.094271 0.282407 0.004167 0.000926 1.000000
0 774 0.555990 0.629630 0.088021 0.277778 0.002083 -0.000463 1.000000
0 775 0.560677 0.628241 0.081771 0.278704 0.004687 -0.001389 1.000000
0 776 0.579167 0.626852 0.066667 0.287037 0.018490 -0.001389 1.000000
0 777 0.590104 0.623611 0.057292 0.291667 0.010937 -0.003241 1.000000
0 778 0.601042 0.625000 0.047917 0.287037 0.010937 0.001389 1.000000
0 779 0.604167 0.622222 0.058333 0.283333 0.003125 -0.002778 1.000000
0 780 0.612240 0.625463 0.073438 0.286111 0.008073 0.003241 1.000000
0 781 0.617448 0.626389 0.082812 0.284259 0.005208 0.000926 1.000000
0 782 0.617188 0.627315 0.082292 0.282407 -0.000260 0.000926 1.000000
0 784 0.632552 0.631019 0.057813 0.275000 0.007682 0.001852 1.000000
0 785 0.644271 0.629630 0.051042 0.268519 0.011719 -0.001389 1.000000
0 786 0.642969 0.626389 0.056771 0.275000 -0.001302 -0.003241 1.000000
0 787 0.645573 0.624074 0.055729 0.277778 0.002604 -0.002315 1.000000
0 788 0.653906 0.618981 0.068229 0.286111 0.008333 -0.005093 1.000000
0 789 0.659896 0.617130 0.072917 0.282407 0.005990 -0.001852 1.000000
0 790 0.664062 0.617593 0.070833 0.283333 0.004167 0.000463 1.000000
0 791 0.669271 0.620833 0.071875 0.282407 0.005208 0.003241 1.000000
0 792 0.672917 0.626852 0.072917 0.272222 0.003646 0.006019 1.000000
0 793 0.677344 0.625926 0.068229 0.262963 0.004427 -0.000926 1.000000
0 794 0.682292 0.629167 0.061458 0.254630 0.004948 0.003241 1.000000
0 795 0.680990 0.631481 0.060937 0.251852 -0.001302 0.002315 1.000000
0 796 0.680469 0.630093 0.072396 0.258333 -0.000521 -0.001389 1.000000
0 797 0.679688 0.631481 0.072917 0.259259 -0.000781 0.001389 1.000000
0 798 0.684375 0.632870 0.063542 0.260185 0.004687 0.001389 1.000000
0 799 0.687500 0.630093 0.060417 0.250926 0.003125 -0.002778 1.000000
0 800 0.689063 0.641204 0.087500 0.237963 0.001563 0.011111 1.000000
0 801 0.685417 0.647685 0.098958 0.226852 -0.003646 0.006481 1.000000
0 802 0.684635 0.649537 0.098437 0.225000 -0.000781 0.001852 1.000000
0 803 0.683854 0.654630 0.103125 0.211111 -0.000781 0.005093 1.000000
0 804 0.685937 0.665741 0.100000 0.192593 0.002083 0.011111 1.000000
0 805 0.686719 0.666204 0.097396 0.187963 0.000781 0.000463 1.000000
0 806 0.686198 0.668519 0.098437 0.187037 -0.000521 0.002315 1.000000
0 807 0.686979 0.669907 0.097917 0.184259 0.000781 0.001389 1.000000
0 808 0.685677 0.670370 0.100521 0.179630 -0.001302 0.000463 1.000000
0 809 0.686198 0.671759 0.097396 0.176852 0.000521 0.001389 1.000000
0 810 0.686198 0.670833 0.099479 0.178704 0.000000 -0.000926 1.000000
0 811 0.685937 0.672222 0.100000 0.177778 -0.000260 0.001389 1.000000
0 812 0.686198 0.670833 0.098437 0.178704 0.000260 -0.001389 1.000000
0 813 0.686198 0.671296 0.100521 0.177778 0.000000 0.000463 1.000000
0 814 0.685937 0.671759 0.100000 0.176852 -0.000260 0.000463 1.000000
0 815 0.685417 0.671296 0.098958 0.177778 -0.000521 -0.000463 1.000000
0 816 0.685677 0.670370 0.097396 0.177778 0.000260 -0.000926 1.000000
0 817 0.686719 0.671759 0.097396 0.175000 0.001042 0.001389 1.000000
0 818 0.686719 0.670833 0.098437 0.173148 0.000000 -0.000926 1.000000
0 819 0.686719 0.669444 0.098437 0.175926 0.000000 -0.001389 1.000000
0 820 0.687240 0.672222 0.099479 0.177778 0.000521 0.002778 1.000000
0 821 0.687240 0.672222 0.097396 0.175926 0.000000 0.000000 1.000000
0 822 0.687760 0.673148 0.098437 0.175926 0.000521 0.000926 1.000000
0 823 0.685677 0.671296 0.098437 0.179630 -0.002083 -0.001852 1.000000
0 824 0.687500 0.661574 0.095833 0.200926 0.001823 -0.009722 1.000000
0 825 0.692708 0.654630 0.086458 0.214815 0.005208 -0.006944 1.000000
0 826 0.697917 0.646296 0.077083 0.231481 0.005208 -0.008333 1.000000
0 827 0.699740 0.640741 0.073438 0.246296 0.001823 -0.005556 1.000000
0 828 0.701823 0.625000 0.076563 0.261111 0.002083 -0.015741 1.000000
0 829 0.702604 0.622685 0.073958 0.265741 0.000781 -0.002315 1.000000
0 830 0.705208 0.624074 0.071875 0.272222 0.002604 0.001389 1.000000
0 831 0.705208 0.624537 0.071875 0.273148 0.000000 0.000463 1.000000
0 832 0.705990 0.625000 0.074479 0.274074 0.000781 0.000463 1.000000
0 833 0.705469 0.624537 0.073438 0.273148 -0.000521 -0.000463 1.000000
0 834 0.704427 0.624074 0.072396 0.272222 -0.001042 -0.000463 1.000000
0 835 0.704688 0.622222 0.068750 0.272222 0.000260 -0.001852 1.000000
0 836 0.705469 0.623611 0.072396 0.276852 0.000781 0.001389 1.000000
0 837 0.704688 0.624537 0.069792 0.280556 -0.000781 0.000926 1.000000
0 838 0.705469 0.623148 0.071354 0.279630 0.000781 -0.001389 1.000000
0 839 0.705990 0.621296 0.071354 0.277778 0.000521 -0.001852 1.000000
0 840 0.704948 0.618981 0.069271 0.276852 -0.001042 -0.002315 1.000000
0 841 0.704427 0.622222 0.071354 0.285185 -0.000521 0.003241 1.000000
0 842 0.705469 0.621759 0.071354 0.286111 0.001042 -0.000463 1.000000
0 843 0.704948 0.621759 0.071354 0.286111 -0.000521 0.000000 1.000000
0 844 0.704427 0.623611 0.071354 0.282407 -0.000521 0.001852 1.000000
0 845 0.704427 0.621296 0.071354 0.287037 0.000000 -0.002315 1.000000
0 846 0.703906 0.621296 0.071354 0.287037 -0.000521 0.000000 1.000000
0 847 0.704948 0.621296 0.072396 0.287037 0.001042 0.000000 1.000000
0 848 0.709115 0.621296 0.071354 0.287037 0.004167 0.000000 1.000000
0 849 0.707552 0.621296 0.073438 0.287037 -0.001563 0.000000 1.000000
0 850 0.708333 0.621296 0.070833 0.287037 0.000781 0.000000 1.000000
0 851 0.707812 0.621296 0.070833 0.287037 -0.000521 0.000000 1.000000
0 852 0.707292 0.622222 0.070833 0.285185 -0.000521 0.000926 1.000000
0 853 0.706771 0.622685 0.070833 0.284259 -0.000521 0.000463 1.000000
0 854 0.707031 0.623611 0.070312 0.282407 0.000260 0.000926 1.000000
0 855 0.707292 0.623611 0.070833 0.282407 0.000260 0.000000 1.000000
0 856 0.707552 0.622222 0.071354 0.281481 0.000260 -0.001389 1.000000
0 857 0.707031 0.621759 0.071354 0.280556 -0.000521 -0.000463 1.000000
0 858 0.706510 0.621296 0.071354 0.279630 -0.000521 -0.000463 1.000000
0 859 0.706510 0.621296 0.071354 0.281481 0.000000 0.000000 1.000000
0 860 0.707031 0.622685 0.071354 0.284259 0.000521 0.001389 1.000000
0 861 0.706250 0.622685 0.072917 0.284259 -0.000781 0.000000 1.000000
0 862 0.705990 0.620833 0.074479 0.282407 -0.000260 -0.001852 1.000000
0 863 0.704688 0.619907 0.073958 0.280556 -0.001302 -0.000926 1.000000
0 864 0.704688 0.621296 0.087500 0.283333 0.000000 0.001389 1.000000
0 865 0.704427 0.622685 0.084896 0.286111 -0.000260 0.001389 1.000000
0 866 0.703646 0.621759 0.083333 0.286111 -0.000781 -0.000926 1.000000
0 867 0.703906 0.620370 0.086979 0.283333 0.000260 -0.001389 1.000000
0 868 0.703646 0.620370 0.086458 0.283333 -0.000260 0.000000 1.000000
0 869 0.702865 0.623148 0.082812 0.281481 -0.000781 0.002778 1.000000
0 870 0.702865 0.625000 0.077604 0.279630 0.000000 0.001852 1.000000
0 871 0.702865 0.625463 0.077604 0.273148 0.000000 0.000463 1.000000
0 872 0.702865 0.637500 0.078646 0.249074 0.000000 0.012037 1.000000
0 873 0.703125 0.648148 0.080208 0.233333 0.000260 0.010648 1.000000
0 874 0.703646 0.656019 0.082292 0.213889 0.000521 0.007870 1.000000
0 875 0.704948 0.665278 0.081771 0.195370 0.001302 0.009259 1.000000
0 876 0.704167 0.679167 0.084375 0.169444 -0.000781 0.013889 1.000000
0 877 0.703646 0.681019 0.084375 0.163889 -0.000521 0.001852 1.000000
0 878 0.703385 0.680093 0.084896 0.165741 -0.000260 -0.000926 1.000000
0 879 0.703385 0.680093 0.084896 0.167593 0.000000 0.000000 1.000000
0 880 0.703125 0.678704 0.085417 0.168519 -0.000260 -0.001389 1.000000
0 881 0.703385 0.679167 0.085938 0.167593 0.000260 0.000463 1.000000
0 882 0.703646 0.679167 0.084375 0.167593 0.000260 0.000000 1.000000
0 883 0.703646 0.679167 0.084375 0.167593 0.000000 0.000000 1.000000
0 884 0.703646 0.677778 0.084375 0.170370 0.000000 -0.001389 1.000000
0 885 0.703646 0.676389 0.084375 0.173148 0.000000 -0.001389 1.000000
0 886 0.703646 0.676389 0.084375 0.173148 0.000000 0.000000 1.000000
0 887 0.703646 0.675000 0.084375 0.177778 0.000000 -0.001389 1.000000
0 888 0.703646 0.672222 0.084375 0.181481 0.000000 -0.002778 1.000000
0 889 0.709375 0.668519 0.082292 0.190741 0.005729 -0.003704 1.000000
0 890 0.709115 0.663889 0.082812 0.198148 -0.000260 -0.004630 1.000000
0 891 0.709635 0.659259 0.088021 0.207407 0.000521 -0.004630 1.000000
0 892 0.710156 0.654630 0.093229 0.216667 0.000521 -0.004630 1.000000
0 893 0.712500 0.652778 0.103125 0.220370 0.002344 -0.001852 1.000000
0 894 0.714063 0.652778 0.106250 0.224074 0.001563 0.000000 1.000000
0 895 0.714844 0.653704 0.104688 0.224074 0.000781 0.000926 1.000000
0 896 0.720313 0.658796 0.097917 0.215741 0.005469 0.005093 1.000000
0 897 0.725781 0.661111 0.091146 0.203704 0.005469 0.002315 1.000000
0 898 0.730208 0.664352 0.085417 0.191667 0.004427 0.003241 1.000000
0 899 0.733594 0.669444 0.082812 0.183333 0.003385 0.005093 1.000000
0 900 0.736719 0.665741 0.079687 0.188889 0.003125 -0.003704 1.000000
0 901 0.740625 0.663426 0.083333 0.195370 0.003906 -0.002315 1.000000
0 902 0.744271 0.660185 0.089583 0.203704 0.003646 -0.003241 1.000000
0 903 0.745313 0.654167 0.093750 0.215741 0.001042 -0.006019 1.000000
0 904 0.745313 0.646296 0.098958 0.235185 0.000000 -0.007870 1.000000
0 905 0.745573 0.639815 0.093229 0.248148 0.000260 -0.006481 1.000000
0 906 0.745313 0.636111 0.078125 0.255556 -0.000260 -0.003704 1.000000
0 907 0.742708 0.633796 0.066667 0.262037 -0.002604 -0.002315 1.000000
0 908 0.744271 0.631944 0.046875 0.265741 0.001563 -0.001852 1.000000
0 909 0.745573 0.630556 0.044271 0.270370 0.001302 -0.001389 1.000000
0 910 0.745833 0.635648 0.044792 0.262037 0.000260 0.005093 1.000000
0 911 0.745573 0.632407 0.045312 0.268519 -0.000260 -0.003241 1.000000
0 912 0.742969 0.629630 0.052604 0.275926 -0.002604 -0.002778 1.000000
0 913 0.741667 0.625463 0.051042 0.275000 -0.001302 -0.004167 1.000000
0 914 0.739323 0.621759 0.051562 0.271296 -0.002344 -0.003704 1.000000
0 915 0.738281 0.618981 0.054688 0.267593 -0.001042 -0.002778 1.000000
0 916 0.738542 0.620833 0.054167 0.263889 0.000260 0.001852 1.000000
0 917 0.738281 0.623148 0.053646 0.261111 -0.000260 0.002315 1.000000
0 918 0.737500 0.625463 0.051042 0.258333 -0.000781 0.002315 1.000000
0 919 0.733854 0.625000 0.052083 0.259259 -0.003646 -0.000463 1.000000
0 920 0.730469 0.624537 0.052604 0.260185 -0.003385 -0.000463 1.000000
0 921 0.726042 0.623148 0.052083 0.264815 -0.004427 -0.001389 1.000000
0 922 0.725000 0.623611 0.046875 0.265741 -0.001042 0.000463 1.000000
0 923 0.726042 0.625000 0.051042 0.262963 0.001042 0.001389 1.000000
0 924 0.729427 0.620833 0.058854 0.260185 0.003385 -0.004167 1.000000
0 925 0.732031 0.618981 0.065104 0.258333 0.002604 -0.001852 1.000000
0 926 0.726042 0.618519 0.054167 0.259259 -0.005990 -0.000463 1.000000
0 927 0.726562 0.618056 0.056250 0.260185 0.000521 -0.000463 1.000000
0 928 0.725521 0.618519 0.046875 0.259259 -0.001042 0.000463 1.000000
0 929 0.726562 0.619444 0.050000 0.257407 0.001042 0.000926 1.000000
0 930 0.727344 0.620370 0.048438 0.255556 0.000781 0.000926 1.000000
0 931 0.727344 0.621296 0.048438 0.253704 0.000000 0.000926 1.000000
0 932 0.727083 0.622222 0.047917 0.251852 -0.000260 0.000926 1.000000
0 933 0.725781 0.619444 0.051562 0.257407 -0.001302 -0.002778 1.000000
0 934 0.724740 0.617130 0.056771 0.262037 -0.001042 -0.002315 1.000000
0 935 0.729688 0.618056 0.073958 0.260185 0.004948 0.000926 1.000000
0 936 0.728646 0.619444 0.092708 0.257407 -0.001042 0.001389 1.000000
0 937 0.728385 0.618981 0.114062 0.258333 -0.000260 -0.000463 1.000000
0 938 0.737760 0.618519 0.118229 0.259259 0.009375 -0.000463 1.000000
0 939 0.739844 0.618519 0.122396 0.259259 0.002083 0.000000 1.000000
0 940 0.741927 0.618056 0.125521 0.260185 0.002083 -0.000463 1.000000
0 941 0.739323 0.618056 0.120313 0.260185 -0.002604 0.000000 1.000000
0 942 0.738021 0.617593 0.116667 0.261111 -0.001302 -0.000463 1.000000
0 943 0.734635 0.617130 0.108854 0.262037 -0.003385 -0.000463 1.000000
0 944 0.723958 0.617130 0.079167 0.262037 -0.010677 0.000000 1.000000
0 945 0.725781 0.616667 0.063021 0.262963 0.001823 -0.000463 1.000000
0 946 0.725781 0.617130 0.059896 0.256481 0.000000 0.000463 1.000000
0 947 0.725260 0.615741 0.065104 0.259259 -0.000521 -0.001389 1.000000
0 948 0.723958 0.612500 0.064583 0.267593 -0.001302 -0.003241 1.000000
0 949 0.722917 0.609722 0.063542 0.271296 -0.001042 -0.002778 1.000000
0 950 0.724479 0.609722 0.071875 0.271296 0.001563 0.000000 1.000000
0 951 0.723437 0.611574 0.070833 0.267593 -0.001042 0.001852 1.000000
0 952 0.723177 0.613426 0.073438 0.262037 -0.000260 0.001852 1.000000
0 953 0.727083 0.614815 0.069792 0.257407 0.003906 0.001389 1.000000
0 954 0.727604 0.616667 0.068750 0.251852 0.000521 0.001852 1.000000
0 955 0.726823 0.622685 0.068229 0.239815 -0.000781 0.006019 1.000000
0 956 0.725781 0.630556 0.066146 0.222222 -0.001042 0.007870 1.000000
0 957 0.725000 0.639815 0.064583 0.209259 -0.000781 0.009259 1.000000
0 958 0.725781 0.640278 0.066146 0.213889 0.000781 0.000463 1.000000
0 959 0.725260 0.643519 0.065104 0.200000 -0.000521 0.003241 1.000000
0 960 0.726302 0.650463 0.061979 0.186111 0.001042 0.006944 1.000000
0 961 0.723177 0.654630 0.064062 0.177778 -0.003125 0.004167 1.000000
0 962 0.721875 0.655556 0.061458 0.175926 -0.001302 0.000926 1.000000
0 963 0.718490 0.653704 0.063021 0.179630 -0.003385 -0.001852 1.000000
0 964 0.715365 0.651852 0.064062 0.183333 -0.003125 -0.001852 1.000000
0 967 0.699740 0.641204 0.083854 0.191667 -0.005208 -0.003549 1.000000
0 968 0.682292 0.638426 0.066667 0.197222 -0.017448 -0.002778 1.000000
0 969 0.671615 0.636574 0.054688 0.202778 -0.010677 -0.001852 1.000000
0 970 0.665885 0.633333 0.053646 0.207407 -0.005729 -0.003241 1.000000
0 971 0.664062 0.630556 0.057292 0.211111 -0.001823 -0.002778 1.000000
0 972 0.655990 0.626852 0.048438 0.214815 -0.008073 -0.003704 1.000000
0 976 0.631250 0.624074 0.045833 0.224074 -0.006185 -0.000694 1.000000
0 977 0.618750 0.618981 0.053125 0.228704 -0.012500 -0.005093 1.000000
0 978 0.617969 0.620370 0.052604 0.229630 -0.000781 0.001389 1.000000
0 979 0.617708 0.620833 0.056250 0.228704 -0.000260 0.000463 1.000000
0 980 0.615625 0.621296 0.053125 0.233333 -0.002083 0.000463 1.000000
0 981 0.615104 0.616204 0.056250 0.237963 -0.000521 -0.005093 1.000000
0 982 0.613802 0.613889 0.049479 0.242593 -0.001302 -0.002315 1.000000
0 983 0.612500 0.611574 0.052083 0.247222 -0.001302 -0.002315 1.000000
0 984 0.619531 0.608333 0.073438 0.251852 0.007031 -0.003241 1.000000
0 985 0.620052 0.607870 0.074479 0.252778 0.000521 -0.000463 1.000000
0 986 0.615365 0.607407 0.065104 0.253704 -0.004687 -0.000463 1.000000
0 987 0.615625 0.604630 0.069792 0.250000 0.000260 -0.002778 1.000000
0 988 0.614323 0.616667 0.055729 0.240741 -0.001302 0.012037 1.000000
0 989 0.613802 0.613889 0.045312 0.240741 -0.000521 -0.002778 1.000000
0 990 0.613802 0.614352 0.044271 0.241667 0.000000 0.000463 1.000000
0 991 0.616927 0.613889 0.050521 0.242593 0.003125 -0.000463 1.000000
0 992 0.623177 0.612500 0.074479 0.243519 0.006250 -0.001389 1.000000
0 993 0.622917 0.611574 0.080208 0.241667 -0.000260 -0.000926 1.000000
0 994 0.621615 0.607870 0.084896 0.243519 -0.001302 -0.003704 1.000000
0 995 0.621875 0.606944 0.086458 0.260185 0.000260 -0.000926 1.000000
0 996 0.620573 0.612500 0.084896 0.260185 -0.001302 0.005556 1.000000
0 997 0.622135 0.609259 0.085938 0.262963 0.001563 -0.003241 1.000000
0 998 0.617708 0.613426 0.086458 0.250926 -0.004427 0.004167 1.000000
0 999 0.615885 0.619907 0.091146 0.241667 -0.001823 0.006481 1.000000
0 1000 0.613281 0.617130 0.085938 0.249074 -0.002604 -0.002778 1.000000
0 1001 0.612240 0.614352 0.076563 0.250926 -0.001042 -0.002778 1.000000
0 1002 0.609115 0.614815 0.063021 0.248148 -0.003125 0.000463 1.000000
0 1003 0.608594 0.614352 0.048438 0.245370 -0.000521 -0.000463 1.000000
0 1004 0.611458 0.611574 0.039583 0.247222 0.002865 -0.002778 1.000000
0 1005 0.611979 0.612037 0.038542 0.240741 0.000521 0.000463 1.000000
0 1006 0.610938 0.613889 0.046875 0.235185 -0.001042 0.001852 1.000000
0 1007 0.610417 0.617130 0.050000 0.225000 -0.000521 0.003241 1.000000
0 1008 0.609375 0.616204 0.054167 0.232407 -0.001042 -0.000926 1.000000
0 1009 0.610156 0.615278 0.054688 0.239815 0.000781 -0.000926 1.000000
0 1010 0.610417 0.609722 0.055208 0.237963 0.000260 -0.005556 1.000000
0 1011 0.611198 0.612963 0.055729 0.244444 0.000781 0.003241 1.000000
0 1012 0.612240 0.612500 0.053646 0.245370 0.001042 -0.000463 1.000000
0 1013 0.614583 0.618056 0.054167 0.236111 0.002344 0.005556 1.000000
0 1014 0.620833 0.623611 0.054167 0.226852 0.006250 0.005556 1.000000
0 1015 0.623177 0.627778 0.056771 0.216667 0.002344 0.004167 1.000000
0 1016 0.621094 0.633333 0.067187 0.207407 -0.002083 0.005556 1.000000
0 1017 0.619531 0.635185 0.077604 0.205556 -0.001563 0.001852 1.000000
0 1018 0.618750 0.635185 0.066667 0.205556 -0.000781 0.000000 1.000000
0 1019 0.618229 0.632407 0.063542 0.212963 -0.000521 -0.002778 1.000000
0 1020 0.622917 0.625463 0.051042 0.228704 0.004687 -0.006944 1.000000
0 1021 0.622917 0.618056 0.047917 0.232407 0.000000 -0.007407 1.000000
0 1022 0.622917 0.612963 0.044792 0.237037 0.000000 -0.005093 1.000000
0 1023 0.621354 0.612963 0.048958 0.242593 -0.001563 0.000000 1.000000
0 1024 0.617448 0.613426 0.048438 0.243519 -0.003906 0.000463 1.000000
0 1025 0.616927 0.615741 0.047396 0.238889 -0.000521 0.002315 1.000000
0 1026 0.616927 0.618519 0.047396 0.235185 0.000000 0.002778 1.000000
0 1027 0.617188 0.620833 0.047917 0.230556 0.000260 0.002315 1.000000
0 1028 0.615625 0.612963 0.044792 0.244444 -0.001563 -0.007870 1.000000
0 1029 0.617188 0.614352 0.039583 0.241667 0.001563 0.001389 1.000000
0 1030 0.619531 0.614815 0.049479 0.238889 0.002344 0.000463 1.000000
0 1031 0.620833 0.614815 0.055208 0.237037 0.001302 0.000000 1.000000
0 1032 0.617969 0.618519 0.058854 0.227778 -0.002865 0.003704 1.000000
0 1033 0.617708 0.622685 0.056250 0.219444 -0.000260 0.004167 1.000000
0 1034 0.610677 0.627315 0.064062 0.208333 -0.007031 0.004630 1.000000
0 1035 0.605729 0.630556 0.070833 0.201852 -0.004948 0.003241 1.000000
0 1036 0.599740 0.634259 0.081771 0.194444 -0.005990 0.003704 1.000000
0 1037 0.593750 0.633796 0.092708 0.193519 -0.005990 -0.000463 1.000000
0 1038 0.594792 0.634722 0.090625 0.189815 0.001042 0.000926 1.000000
0 1039 0.596615 0.631944 0.090104 0.193519 0.001823 -0.002778 1.000000
0 1040 0.603906 0.627778 0.071354 0.211111 0.007292 -0.004167 1.000000
0 1041 0.617188 0.624537 0.045833 0.221296 0.013281 -0.003241 1.000000
0 1042 0.617969 0.622222 0.044271 0.218519 0.000781 -0.002315 1.000000
0 1043 0.618750 0.621296 0.052083 0.224074 0.000781 -0.000926 1.000000
0 1044 0.617188 0.620833 0.056250 0.230556 -0.001563 -0.000463 1.000000
0 1045 0.616927 0.618519 0.053646 0.233333 -0.000260 -0.002315 1.000000
0 1046 0.615365 0.613889 0.056771 0.242593 -0.001563 -0.004630 1.000000
0 1047 0.616667 0.611111 0.057292 0.246296 0.001302 -0.002778 1.000000
0 1048 0.610156 0.596759 0.063021 0.221296 -0.006510 -0.014352 1.000000
0 1049 0.613802 0.609259 0.063021 0.240741 0.003646 0.012500 1.000000
0 1050 0.613542 0.612963 0.060417 0.244444 -0.000260 0.003704 1.000000
0 1051 0.614323 0.613889 0.059896 0.238889 0.000781 0.000926 1.000000
0 1052 0.610677 0.619907 0.055729 0.225000 -0.003646 0.006019 1.000000
0 1053 0.608854 0.618981 0.064583 0.223148 -0.001823 -0.000926 1.000000
0 1054 0.608594 0.622685 0.069271 0.230556 -0.000260 0.003704 1.000000
0 1055 0.608333 0.617593 0.078125 0.235185 -0.000260 -0.005093 1.000000
0 1056 0.610938 0.612500 0.070833 0.236111 0.002604 -0.005093 1.000000
0 1057 0.611979 0.611111 0.061458 0.242593 0.001042 -0.001389 1.000000
0 1058 0.615365 0.612037 0.056771 0.242593 0.003385 0.000926 1.000000
0 1059 0.617708 0.611111 0.050000 0.242593 0.002344 -0.000926 1.000000
0 1060 0.623698 0.612037 0.040104 0.237037 0.005990 0.000926 1.000000
0 1061 0.628646 0.613426 0.044792 0.236111 0.004948 0.001389 1.000000
0 1062 0.633594 0.616667 0.049479 0.233333 0.004948 0.003241 1.000000
0 1063 0.633854 0.621296 0.056250 0.224074 0.000260 0.004630 1.000000
0 1064 0.631771 0.620370 0.067708 0.229630 -0.002083 -0.000926 1.000000
0 1065 0.628385 0.616667 0.068229 0.235185 -0.003385 -0.003704 1.000000
0 1066 0.626042 0.613426 0.068750 0.241667 -0.002344 -0.003241 1.000000
0 1067 0.625260 0.610648 0.067187 0.243519 -0.000781 -0.002778 1.000000
0 1068 0.615885 0.603241 0.055729 0.228704 -0.009375 -0.007407 1.000000
0 1069 0.613281 0.600926 0.056771 0.224074 -0.002604 -0.002315 1.000000
0 1070 0.611198 0.602315 0.056771 0.226852 -0.002083 0.001389 1.000000
0 1071 0.610417 0.611574 0.055208 0.234259 -0.000781 0.009259 1.000000
0 1072 0.608333 0.622222 0.051042 0.220370 -0.002083 0.010648 1.000000
0 1073 0.615885 0.621759 0.059896 0.221296 0.007552 -0.000463 1.000000
0 1074 0.618750 0.621759 0.058333 0.221296 0.002865 0.000000 1.000000
0 1075 0.624219 0.618519 0.070312 0.227778 0.005469 -0.003241 1.000000
0 1076 0.625521 0.615278 0.078125 0.234259 0.001302 -0.003241 1.000000
0 1077 0.622656 0.613426 0.076563 0.237963 -0.002865 -0.001852 1.000000
0 1078 0.623698 0.609259 0.077604 0.235185 0.001042 -0.004167 1.000000
0 1079 0.626823 0.605556 0.082812 0.233333 0.003125 -0.003704 1.000000
0 1080 0.628385 0.610648 0.085938 0.243519 0.001563 0.005093 1.000000
0 1081 0.626042 0.615278 0.076042 0.243519 -0.002344 0.004630 1.000000
0 1082 0.628125 0.615278 0.067708 0.236111 0.002083 0.000000 1.000000
0 1083 0.628646 0.615741 0.060417 0.233333 0.000521 0.000463 1.000000
0 1084 0.635156 0.618519 0.068229 0.233333 0.006510 0.002778 1.000000
0 1085 0.636458 0.621296 0.068750 0.227778 0.001302 0.002778 1.000000
0 1086 0.638021 0.617130 0.069792 0.236111 0.001563 -0.004167 1.000000
0 1087 0.636719 0.620370 0.065104 0.229630 -0.001302 0.003241 1.000000
0 1088 0.639062 0.620370 0.068750 0.229630 0.002344 0.000000 1.000000
0 1089 0.640365 0.618981 0.070312 0.232407 0.001302 -0.001389 1.000000
0 1090 0.641667 0.616204 0.071875 0.230556 0.001302 -0.002778 1.000000
0 1091 0.646875 0.616204 0.071875 0.234259 0.005208 0.000000 1.000000
0 1092 0.651042 0.621759 0.069792 0.230556 0.004167 0.005556 1.000000
0 1093 0.650260 0.625000 0.070312 0.231481 -0.000781 0.003241 1.000000
0 1094 0.648958 0.624537 0.069792 0.239815 -0.001302 -0.000463 1.000000
0 1095 0.650000 0.621296 0.073958 0.229630 0.001042 -0.003241 1.000000
0 1096 0.645833 0.615741 0.067708 0.240741 -0.004167 -0.005556 1.000000
0 1097 0.645052 0.611574 0.070312 0.243519 -0.000781 -0.004167 1.000000
0 1098 0.644792 0.606944 0.072917 0.245370 -0.000260 -0.004630 1.000000
0 1099 0.639844 0.610185 0.074479 0.242593 -0.004948 0.003241 1.000000
0 1100 0.631510 0.612963 0.078646 0.238889 -0.008333 0.002778 1.000000
0 1101 0.630729 0.610648 0.072917 0.243519 -0.000781 -0.002315 1.000000
0 1102 0.628646 0.609722 0.070833 0.249074 -0.002083 -0.000926 1.000000
0 1103 0.627865 0.612963 0.066146 0.244444 -0.000781 0.003241 1.000000
0 1104 0.623958 0.616667 0.055208 0.240741 -0.003906 0.003704 1.000000
0 1105 0.620833 0.618519 0.053125 0.235185 -0.003125 0.001852 1.000000
0 1106 0.619792 0.619907 0.050000 0.230556 -0.001042 0.001389 1.000000
0 1107 0.617448 0.620833 0.047396 0.226852 -0.002344 0.000926 1.000000
0 1108 0.613281 0.622222 0.046354 0.229630 -0.004167 0.001389 1.000000
0 1109 0.611719 0.620833 0.045312 0.230556 -0.001563 -0.001389 1.000000
0 1110 0.609375 0.621759 0.048958 0.226852 -0.002344 0.000926 1.000000
0 1111 0.607812 0.627315 0.053125 0.210185 -0.001563 0.005556 1.000000
0 1112 0.608854 0.631944 0.050000 0.206481 0.001042 0.004630 1.000000
0 1113 0.609896 0.628241 0.048958 0.202778 0.001042 -0.003704 1.000000
0 1114 0.609896 0.629630 0.050000 0.201852 0.000000 0.001389 1.000000
0 1115 0.609375 0.628704 0.051042 0.203704 -0.000521 -0.000926 1.000000
0 1116 0.610417 0.630556 0.047917 0.212963 0.001042 0.001852 1.000000
0 1117 0.610677 0.630556 0.047396 0.227778 0.000260 0.000000 1.000000
0 1118 0.610417 0.629167 0.046875 0.226852 -0.000260 -0.001389 1.000000
0 1119 0.609896 0.628704 0.047917 0.224074 -0.000521 -0.000463 1.000000
0 1120 0.604948 0.629167 0.053646 0.221296 -0.004948 0.000463 1.000000
0 1121 0.603906 0.629167 0.050521 0.226852 -0.001042 0.000000 1.000000
0 1122 0.603646 0.628241 0.048958 0.234259 -0.000260 -0.000926 1.000000
0 1123 0.603125 0.625000 0.046875 0.237037 -0.000521 -0.003241 1.000000
0 1124 0.601823 0.620370 0.045312 0.238889 -0.001302 -0.004630 1.000000
0 1125 0.601823 0.625463 0.046354 0.250926 0.000000 0.005093 1.000000
0 1126 0.601562 0.631019 0.046875 0.252778 -0.000260 0.005556 1.000000
0 1127 0.601302 0.633796 0.047396 0.249074 -0.000260 0.002778 1.000000
0 1128 0.601302 0.634722 0.051562 0.249074 0.000000 0.000926 1.000000
0 1129 0.600260 0.634722 0.052604 0.249074 -0.001042 0.000000 1.000000
0 1130 0.600260 0.635648 0.055729 0.249074 0.000000 0.000926 1.000000
0 1131 0.600521 0.632407 0.052083 0.250000 0.000260 -0.003241 1.000000
0 1132 0.599740 0.632870 0.050521 0.256481 -0.000781 0.000463 1.000000
0 1133 0.599479 0.631944 0.048958 0.262037 -0.000260 -0.000926 1.000000
0 1134 0.599219 0.631944 0.048438 0.263889 -0.000260 0.000000 1.000000
0 1135 0.599479 0.630556 0.047917 0.261111 0.000260 -0.001389 1.000000
0 1136 0.599740 0.623611 0.047396 0.275000 0.000260 -0.006944 1.000000
0 1137 0.599219 0.620833 0.043229 0.282407 -0.000521 -0.002778 1.000000
0 1138 0.596875 0.620833 0.041667 0.280556 -0.002344 0.000000 1.000000
0 1139 0.597396 0.622685 0.045833 0.282407 0.000521 0.001852 1.000000
0 1140 0.596615 0.620370 0.047396 0.283333 -0.000781 -0.002315 1.000000
0 1141 0.594792 0.619444 0.046875 0.285185 -0.001823 -0.000926 1.000000
0 1142 0.594010 0.619907 0.048438 0.286111 -0.000781 0.000463 1.000000
0 1143 0.594271 0.618981 0.046875 0.284259 0.000260 -0.000926 1.000000
0 1144 0.594010 0.618981 0.047396 0.282407 -0.000260 0.000000 1.000000
0 1145 0.593490 0.619444 0.046354 0.279630 -0.000521 0.000463 1.000000
0 1146 0.594271 0.619444 0.046875 0.277778 0.000781 0.000000 1.000000
0 1147 0.594010 0.620370 0.048438 0.281481 -0.000260 0.000926 1.000000
0 1148 0.594271 0.620370 0.047917 0.281481 0.000260 0.000000 1.000000
0 1149 0.594271 0.618981 0.047917 0.280556 0.000000 -0.001389 1.000000
0 1150 0.593750 0.617593 0.050000 0.279630 -0.000521 -0.001389 1.000000
0 1151 0.593750 0.619907 0.047917 0.282407 0.000000 0.002315 1.000000
0 1152 0.594271 0.621296 0.046875 0.283333 0.000521 0.001389 1.000000
0 1153 0.594271 0.621296 0.046875 0.283333 0.000000 0.000000 1.000000
0 1154 0.594531 0.621296 0.047396 0.281481 0.000260 0.000000 1.000000
0 1155 0.594010 0.620370 0.046354 0.279630 -0.000521 -0.000926 1.000000
0 1156 0.595052 0.622222 0.046354 0.281481 0.001042 0.001852 1.000000
0 1157 0.595313 0.622685 0.043750 0.280556 0.000260 0.000463 1.000000
0 1158 0.596354 0.622685 0.043750 0.280556 0.001042 0.000000 1.000000
0 1159 0.595833 0.622222 0.042708 0.277778 -0.000521 -0.000463 1.000000
0 1160 0.595833 0.622222 0.042708 0.281481 0.000000 0.000000 1.000000
0 1161 0.595833 0.620833 0.042708 0.280556 0.000000 -0.001389 1.000000
0 1162 0.596094 0.619907 0.043229 0.280556 0.000260 -0.000926 1.000000
0 1163 0.596615 0.623611 0.042188 0.280556 0.000521 0.003704 1.000000
0 1164 0.596875 0.620833 0.041667 0.280556 0.000260 -0.002778 1.000000
0 1165 0.596094 0.619907 0.044271 0.282407 -0.000781 -0.000926 1.000000
0 1166 0.595052 0.619444 0.046354 0.283333 -0.001042 -0.000463 1.000000
0 1167 0.594792 0.620833 0.044792 0.282407 -0.000260 0.001389 1.000000
0 1168 0.595573 0.621296 0.045312 0.281481 0.000781 0.000463 1.000000
0 1169 0.596094 0.620833 0.046354 0.280556 0.000521 -0.000463 1.000000
0 1170 0.595833 0.621296 0.044792 0.279630 -0.000260 0.000463 1.000000
0 1171 0.595573 0.620370 0.044271 0.281481 -0.000260 -0.000926 1.000000
0 1172 0.595833 0.619444 0.044792 0.283333 0.000260 -0.000926 1.000000
0 1173 0.595313 0.620833 0.044792 0.282407 -0.000521 0.001389 1.000000
0 1174 0.595573 0.620833 0.045312 0.282407 0.000260 0.000000 1.000000
0 1175 0.595052 0.620833 0.045312 0.282407 -0.000521 0.000000 1.000000
0 1176 0.594792 0.620833 0.045833 0.282407 -0.000260 0.000000 1.000000
0 1177 0.595052 0.620833 0.046354 0.282407 0.000260 0.000000 1.000000
0 1178 0.594531 0.620833 0.046354 0.282407 -0.000521 0.000000 1.000000
0 1179 0.594792 0.619907 0.046875 0.284259 0.000260 -0.000926 1.000000
0 1180 0.594271 0.618981 0.046875 0.286111 -0.000521 -0.000926 1.000000
0 1181 0.594792 0.617593 0.046875 0.287037 0.000521 -0.001389 1.000000
0 1182 0.595052 0.616204 0.046354 0.287963 0.000260 -0.001389 1.000000
0 1183 0.594792 0.615278 0.045833 0.289815 -0.000260 -0.000926 1.000000
0 1184 0.595052 0.614815 0.045312 0.290741 0.000260 -0.000463 1.000000
0 1185 0.595313 0.613889 0.044792 0.292593 0.000260 -0.000926 1.000000
0 1186 0.595573 0.613889 0.044271 0.290741 0.000260 0.000000 1.000000
0 1187 0.596094 0.614352 0.044271 0.289815 0.000521 0.000463 1.000000
0 1188 0.596354 0.613889 0.043750 0.290741 0.000260 -0.000463 1.000000
0 1189 0.596615 0.612500 0.043229 0.291667 0.000260 -0.001389 1.000000
0 1190 0.596354 0.612500 0.042708 0.291667 -0.000260 0.000000 1.000000
0 1191 0.596615 0.612037 0.042188 0.290741 0.000260 -0.000463 1.000000
0 1192 0.596875 0.611111 0.041667 0.292593 0.000260 -0.000926 1.000000
0 1193 0.597135 0.611574 0.041146 0.295370 0.000260 0.000463 1.000000
0 1194 0.596615 0.612963 0.042188 0.296296 -0.000521 0.001389 1.000000
0 1195 0.596094 0.612963 0.043229 0.296296 -0.000521 0.000000 1.000000
0 1196 0.595573 0.612500 0.044271 0.300926 -0.000521 -0.000463 1.000000
0 1197 0.596615 0.611574 0.043229 0.295370 0.001042 -0.000926 1.000000
0 1198 0.596354 0.612963 0.043750 0.298148 -0.000260 0.001389 1.000000
0 1199 0.596354 0.612500 0.042708 0.299074 0.000000 -0.000463 1.000000
0 1200 0.596354 0.611574 0.042708 0.299074 0.000000 -0.000926 1.000000
0 1201 0.596615 0.612037 0.043229 0.300000 0.000260 0.000463 1.000000
0 1202 0.596094 0.612500 0.043229 0.297222 -0.000521 0.000463 1.000000
0 1203 0.596094 0.613426 0.043229 0.297222 0.000000 0.000926 1.000000
