0 1 0.414844 0.623148 0.047396 0.231481 0.000000 0.000000 1.000000
0 2 0.416146 0.625000 0.050000 0.227778 0.001302 0.001852 1.000000
0 3 0.416406 0.625463 0.050521 0.223148 0.000260 0.000463 1.000000
0 4 0.416406 0.626852 0.050521 0.222222 0.000000 0.001389 1.000000
0 5 0.416146 0.626852 0.052083 0.222222 -0.000260 0.000000 1.000000
0 6 0.416406 0.625926 0.051562 0.224074 0.000260 -0.000926 1.000000
0 7 0.416667 0.624074 0.051042 0.229630 0.000260 -0.001852 1.000000
0 8 0.416406 0.621296 0.049479 0.233333 -0.000260 -0.002778 1.000000
0 9 0.416406 0.620833 0.048438 0.236111 0.000000 -0.000463 1.000000
0 10 0.416406 0.621296 0.047396 0.237037 0.000000 0.000463 1.000000
0 11 0.415885 0.622222 0.047396 0.235185 -0.000521 0.000926 1.000000
0 12 0.416406 0.621759 0.048438 0.234259 0.000521 -0.000463 1.000000
0 13 0.415885 0.622222 0.048438 0.235185 -0.000521 0.000463 1.000000
0 14 0.415885 0.620833 0.048438 0.236111 0.000000 -0.001389 1.000000
0 15 0.415625 0.620370 0.047917 0.237037 -0.000260 -0.000463 1.000000
0 16 0.415885 0.622222 0.048438 0.235185 0.000260 0.001852 1.000000
0 17 0.415365 0.621759 0.047396 0.236111 -0.000521 -0.000463 1.000000
0 18 0.414583 0.620833 0.045833 0.234259 -0.000781 -0.000926 1.000000
0 19 0.412760 0.622222 0.045312 0.229630 -0.001823 0.001389 1.000000
0 20 0.410417 0.623611 0.050000 0.228704 -0.002344 0.001389 1.000000
0 21 0.409115 0.624537 0.049479 0.226852 -0.001302 0.000926 1.000000
0 22 0.407813 0.624074 0.046875 0.225926 -0.001302 -0.000463 1.000000
0 23 0.407813 0.625000 0.045833 0.225926 0.000000 0.000926 1.000000
0 24 0.406510 0.623148 0.047396 0.229630 -0.001302 -0.001852 1.000000
0 25 0.401823 0.619907 0.056771 0.230556 -0.004687 -0.003241 1.000000
0 26 0.402865 0.618519 0.061979 0.231481 0.001042 -0.001389 1.000000
0 27 0.410417 0.617593 0.056250 0.235185 0.007552 -0.000926 1.000000
0 28 0.422135 0.603241 0.058854 0.247222 0.011719 -0.014352 1.000000
0 29 0.421094 0.613889 0.069271 0.242593 -0.001042 0.010648 1.000000
0 30 0.423177 0.618519 0.070312 0.233333 0.002083 0.004630 1.000000
0 31 0.424219 0.621296 0.070312 0.225926 0.001042 0.002778 1.000000
0 32 0.425260 0.618056 0.070312 0.232407 0.001042 -0.003241 1.000000
0 33 0.424740 0.611574 0.069271 0.245370 -0.000521 -0.006481 1.000000
0 34 0.425000 0.609259 0.069792 0.250000 0.000260 -0.002315 1.000000
0 35 0.421094 0.612500 0.076563 0.243519 -0.003906 0.003241 1.000000
0 36 0.418490 0.613889 0.081771 0.246296 -0.002604 0.001389 1.000000
0 37 0.418490 0.613889 0.082812 0.246296 0.000000 0.000000 1.000000
0 38 0.417448 0.614352 0.081771 0.245370 -0.001042 0.000463 1.000000
0 39 0.417448 0.614352 0.081771 0.245370 0.000000 0.000000 1.000000
0 40 0.415885 0.613889 0.078646 0.242593 -0.001563 -0.000463 1.000000
0 41 0.414844 0.616667 0.073438 0.238889 -0.001042 0.002778 1.000000
0 42 0.414062 0.618981 0.069792 0.234259 -0.000781 0.002315 1.000000
0 43 0.414583 0.621759 0.070833 0.230556 0.000521 0.002778 1.000000
0 44 0.414583 0.622222 0.070833 0.231481 0.000000 0.000463 1.000000
0 45 0.414583 0.617130 0.070833 0.241667 0.000000 -0.005093 1.000000
0 46 0.416146 0.616204 0.072917 0.243519 0.001563 -0.000926 1.000000
0 47 0.416146 0.615278 0.076042 0.241667 0.000000 -0.000926 1.000000
0 48 0.412500 0.614352 0.068750 0.243519 -0.003646 -0.000926 1.000000
0 49 0.410677 0.613426 0.066146 0.245370 -0.001823 -0.000926 1.000000
0 50 0.408333 0.612963 0.064583 0.244444 -0.002344 -0.000463 1.000000
0 51 0.406250 0.613426 0.063542 0.243519 -0.002083 0.000463 1.000000
0 52 0.402083 0.613889 0.073958 0.242593 -0.004167 0.000463 1.000000
0 53 0.402083 0.615278 0.077083 0.239815 0.000000 0.001389 1.000000
0 54 0.402344 0.607870 0.079687 0.256481 0.000260 -0.007407 1.000000
0 55 0.402083 0.603241 0.087500 0.265741 -0.000260 -0.004630 1.000000
0 56 0.400521 0.607407 0.097917 0.257407 -0.001563 0.004167 1.000000
0 57 0.402083 0.618056 0.106250 0.236111 0.001563 0.010648 1.000000
0 58 0.402865 0.619444 0.111979 0.231481 0.000781 0.001389 1.000000
0 59 0.402344 0.612500 0.109896 0.247222 -0.000521 -0.006944 1.000000
0 60 0.403646 0.602778 0.105208 0.264815 0.001302 -0.009722 1.000000
0 61 0.403646 0.599537 0.098958 0.273148 0.000000 -0.003241 1.000000
0 62 0.403125 0.600926 0.094792 0.272222 -0.000521 0.001389 1.000000
0 63 0.402865 0.607870 0.103646 0.262037 -0.000260 0.006944 1.000000
0 64 0.402344 0.623148 0.114062 0.227778 -0.000521 0.015278 1.000000
0 65 0.401042 0.623611 0.113542 0.225000 -0.001302 0.000463 1.000000
0 66 0.400521 0.621296 0.114583 0.225926 -0.000521 -0.002315 1.000000
0 67 0.397656 0.619907 0.108854 0.226852 -0.002865 -0.001389 1.000000
0 68 0.397135 0.621296 0.099479 0.235185 -0.000521 0.001389 1.000000
0 69 0.395573 0.620370 0.088021 0.237037 -0.001563 -0.000926 1.000000
0 70 0.393750 0.618519 0.077083 0.235185 -0.001823 -0.001852 1.000000
0 71 0.393490 0.618519 0.063021 0.233333 -0.000260 0.000000 1.000000
0 72 0.384375 0.619907 0.057292 0.232407 -0.009115 0.001389 1.000000
0 73 0.379167 0.621759 0.069792 0.230556 -0.005208 0.001852 1.000000
0 74 0.371094 0.622685 0.081771 0.228704 -0.008073 0.000926 1.000000
0 75 0.367188 0.624074 0.093750 0.233333 -0.003906 0.001389 1.000000
0 76 0.367188 0.623148 0.097917 0.237037 0.000000 -0.000926 1.000000
0 77 0.360156 0.621759 0.085938 0.237963 -0.007031 -0.001389 1.000000
0 78 0.354948 0.621759 0.073438 0.239815 -0.005208 0.000000 1.000000
0 79 0.355208 0.621296 0.071875 0.240741 0.000260 -0.000463 1.000000
0 80 0.348438 0.620833 0.062500 0.243519 -0.006771 -0.000463 1.000000
0 81 0.346875 0.620370 0.064583 0.244444 -0.001563 -0.000463 1.000000
0 82 0.347135 0.618981 0.060937 0.245370 0.000260 -0.001389 1.000000
0 83 0.347135 0.619907 0.057813 0.243519 0.000000 0.000926 1.000000
0 84 0.342448 0.620370 0.053646 0.242593 -0.004687 0.000463 1.000000
0 85 0.340885 0.621296 0.055729 0.240741 -0.001563 0.000926 1.000000
0 86 0.338281 0.619444 0.055729 0.244444 -0.002604 -0.001852 1.000000
0 87 0.338281 0.618519 0.059896 0.246296 0.000000 -0.000926 1.000000
0 88 0.337240 0.616667 0.063021 0.246296 -0.001042 -0.001852 1.000000
0 89 0.336198 0.619444 0.060937 0.246296 -0.001042 0.002778 1.000000
0 90 0.335938 0.618056 0.059375 0.245370 -0.000260 -0.001389 1.000000
0 91 0.335417 0.617593 0.058333 0.242593 -0.000521 -0.000463 1.000000
0 92 0.337240 0.617130 0.060937 0.241667 0.001823 -0.000463 1.000000
0 93 0.336979 0.616667 0.060417 0.244444 -0.000260 -0.000463 1.000000
0 94 0.336458 0.617130 0.058333 0.245370 -0.000521 0.000463 1.000000
0 95 0.334896 0.617593 0.055208 0.246296 -0.001563 0.000463 1.000000
0 96 0.336979 0.618519 0.058333 0.244444 0.002083 0.000926 1.000000
0 97 0.340625 0.618981 0.065625 0.243519 0.003646 0.000463 1.000000
0 98 0.344792 0.618519 0.072917 0.242593 0.004167 -0.000463 1.000000
0 99 0.340625 0.618056 0.080208 0.241667 -0.004167 -0.000463 1.000000
0 100 0.345052 0.624074 0.088021 0.233333 0.004427 0.006019 1.000000
0 101 0.345573 0.623611 0.092188 0.230556 0.000521 -0.000463 1.000000
0 102 0.345313 0.624074 0.093750 0.231481 -0.000260 0.000463 1.000000
0 103 0.344010 0.624074 0.094271 0.231481 -0.001302 0.000000 1.000000
0 104 0.343750 0.623148 0.083333 0.231481 -0.000260 -0.000926 1.000000
0 105 0.345052 0.625000 0.075521 0.233333 0.001302 0.001852 1.000000
0 106 0.344531 0.625000 0.071354 0.231481 -0.000521 0.000000 1.000000
0 107 0.344010 0.627778 0.071354 0.225926 -0.000521 0.002778 1.000000
0 108 0.346354 0.625000 0.073958 0.233333 0.002344 -0.002778 1.000000
0 109 0.348698 0.622685 0.076563 0.239815 0.002344 -0.002315 1.000000
0 110 0.350521 0.618056 0.076042 0.243519 0.001823 -0.004630 1.000000
0 111 0.351562 0.614815 0.068750 0.250000 0.001042 -0.003241 1.000000
0 112 0.350260 0.612500 0.074479 0.241667 -0.001302 -0.002315 1.000000
0 113 0.347917 0.615741 0.086458 0.246296 -0.002344 0.003241 1.000000
0 114 0.348177 0.618519 0.092188 0.238889 0.000260 0.002778 1.000000
0 115 0.357812 0.619907 0.085417 0.236111 0.009635 0.001389 1.000000
0 116 0.385417 0.623148 0.095833 0.231481 0.027604 0.003241 1.000000
0 117 0.397917 0.625000 0.093750 0.225926 0.012500 0.001852 1.000000
0 118 0.396875 0.623611 0.095833 0.225000 -0.001042 -0.001389 1.000000
0 119 0.409635 0.627778 0.088021 0.222222 0.012760 0.004167 1.000000
0 120 0.418490 0.632407 0.099479 0.216667 0.008854 0.004630 1.000000
0 121 0.421094 0.631481 0.104688 0.216667 0.002604 -0.000926 1.000000
0 122 0.421875 0.630093 0.101042 0.221296 0.000781 -0.001389 1.000000
0 123 0.427083 0.626852 0.089583 0.224074 0.005208 -0.003241 1.000000
0 124 0.424219 0.620370 0.074479 0.231481 -0.002865 -0.006481 1.000000
0 125 0.415625 0.618056 0.081250 0.234259 -0.008594 -0.002315 1.000000
0 126 0.414844 0.618981 0.082812 0.236111 -0.000781 0.000926 1.000000
0 127 0.416146 0.618056 0.079167 0.236111 0.001302 -0.000926 1.000000
0 128 0.424740 0.617593 0.064062 0.235185 0.008594 -0.000463 1.000000
0 129 0.429167 0.618519 0.055208 0.233333 0.004427 0.000926 1.000000
0 130 0.434375 0.618981 0.045833 0.230556 0.005208 0.000463 1.000000
0 131 0.440104 0.621759 0.038542 0.228704 0.005729 0.002778 1.000000
0 132 0.445052 0.624074 0.030729 0.225926 0.004948 0.002315 1.000000
0 133 0.446354 0.624074 0.031250 0.225926 0.001302 0.000000 1.000000
0 134 0.444010 0.625463 0.039062 0.223148 -0.002344 0.001389 1.000000
0 135 0.446354 0.625926 0.043750 0.222222 0.002344 0.000463 1.000000
0 136 0.452865 0.628241 0.051562 0.217593 0.006510 0.002315 1.000000
0 137 0.456510 0.628241 0.053646 0.215741 0.003646 0.000000 1.000000
0 138 0.456510 0.629167 0.053646 0.215741 0.000000 0.000926 1.000000
0 139 0.460156 0.629630 0.054688 0.216667 0.003646 0.000463 1.000000
0 140 0.462760 0.631944 0.057813 0.215741 0.002604 0.002315 1.000000
0 141 0.461979 0.631944 0.058333 0.217593 -0.000781 0.000000 1.000000
0 142 0.460938 0.631481 0.062500 0.216667 -0.001042 -0.000463 1.000000
0 143 0.459896 0.630093 0.063542 0.219444 -0.001042 -0.001389 1.000000
0 144 0.458594 0.626389 0.065104 0.230556 -0.001302 -0.003704 1.000000
0 145 0.458594 0.624074 0.068229 0.235185 0.000000 -0.002315 1.000000
0 146 0.459896 0.622685 0.064583 0.239815 0.001302 -0.001389 1.000000
0 147 0.458073 0.619907 0.066146 0.241667 -0.001823 -0.002778 1.000000
0 148 0.452604 0.617593 0.061458 0.246296 -0.005469 -0.002315 1.000000
0 149 0.449479 0.617593 0.057292 0.248148 -0.003125 0.000000 1.000000
0 150 0.445052 0.617130 0.049479 0.243519 -0.004427 -0.000463 1.000000
0 151 0.442708 0.617130 0.045833 0.239815 -0.002344 0.000000 1.000000
0 152 0.437760 0.624537 0.053646 0.228704 -0.004948 0.007407 1.000000
0 153 0.432552 0.628704 0.060937 0.218519 -0.005208 0.004167 1.000000
0 154 0.423698 0.632870 0.078646 0.210185 -0.008854 0.004167 1.000000
0 155 0.418490 0.634722 0.089063 0.206481 -0.005208 0.001852 1.000000
0 156 0.411979 0.634259 0.101042 0.205556 -0.006510 -0.000463 1.000000
0 157 0.411979 0.635648 0.101042 0.206481 0.000000 0.001389 1.000000
0 158 0.410417 0.633333 0.105208 0.209259 -0.001563 -0.002315 1.000000
0 159 0.411198 0.631944 0.104688 0.212037 0.000781 -0.001389 1.000000
0 160 0.407292 0.628241 0.101042 0.221296 -0.003906 -0.003704 1.000000
0 161 0.404687 0.624074 0.092708 0.227778 -0.002604 -0.004167 1.000000
0 165 0.388021 0.618056 0.058333 0.237963 -0.004167 -0.001505 1.000000
0 166 0.385937 0.617593 0.062500 0.238889 -0.002083 -0.000463 1.000000
0 167 0.384896 0.617593 0.066667 0.240741 -0.001042 0.000000 1.000000
0 168 0.386198 0.619444 0.071354 0.235185 0.001302 0.001852 1.000000
0 169 0.387240 0.622222 0.071354 0.229630 0.001042 0.002778 1.000000
0 170 0.389583 0.624074 0.068750 0.225926 0.002344 0.001852 1.000000
0 171 0.390885 0.626389 0.069271 0.223148 0.001302 0.002315 1.000000
0 172 0.390104 0.628241 0.066667 0.223148 -0.000781 0.001852 1.000000
0 173 0.388021 0.624537 0.063542 0.226852 -0.002083 -0.003704 1.000000
0 174 0.388281 0.622222 0.064062 0.231481 0.000260 -0.002315 1.000000
0 175 0.396354 0.621759 0.079167 0.232407 0.008073 -0.000463 1.000000
0 176 0.399740 0.619907 0.086979 0.232407 0.003385 -0.001852 1.000000
0 177 0.401302 0.619907 0.090104 0.232407 0.001563 0.000000 1.000000
0 178 0.401562 0.619907 0.096875 0.230556 0.000260 0.000000 1.000000
0 179 0.400781 0.619907 0.098437 0.230556 -0.000781 0.000000 1.000000
0 180 0.406250 0.618519 0.088542 0.229630 0.005469 -0.001389 1.000000
0 181 0.420312 0.618981 0.072917 0.232407 0.014063 0.000463 1.000000
0 182 0.419271 0.616667 0.059375 0.231481 -0.001042 -0.002315 1.000000
0 183 0.417708 0.617593 0.052083 0.231481 -0.001563 0.000926 1.000000
0 184 0.420312 0.620370 0.059375 0.225926 0.002604 0.002778 1.000000
0 185 0.419792 0.620833 0.059375 0.225000 -0.000521 0.000463 1.000000
0 186 0.420052 0.621759 0.058854 0.225000 0.000260 0.000926 1.000000
0 187 0.420573 0.622222 0.057813 0.225926 0.000521 0.000463 1.000000
0 188 0.420052 0.621759 0.056771 0.225000 -0.000521 -0.000463 1.000000
0 189 0.419531 0.620833 0.055729 0.225000 -0.000521 -0.000926 1.000000
0 190 0.419271 0.619907 0.053125 0.226852 -0.000260 -0.000926 1.000000
0 191 0.417187 0.620370 0.051042 0.227778 -0.002083 0.000463 1.000000
0 192 0.412500 0.622222 0.059375 0.231481 -0.004687 0.001852 1.000000
0 193 0.408854 0.622685 0.064583 0.232407 -0.003646 0.000463 1.000000
0 194 0.408854 0.622222 0.066667 0.235185 0.000000 -0.000463 1.000000
0 195 0.409896 0.620370 0.065625 0.237037 0.001042 -0.001852 1.000000
0 196 0.410156 0.619444 0.067187 0.240741 0.000260 -0.000926 1.000000
0 197 0.410938 0.619907 0.066667 0.239815 0.000781 0.000463 1.000000
0 198 0.412500 0.616667 0.060417 0.242593 0.001563 -0.003241 1.000000
0 199 0.412500 0.612037 0.044792 0.255556 0.000000 -0.004630 1.000000
0 200 0.407292 0.619444 0.039583 0.238889 -0.005208 0.007407 1.000000
0 201 0.413542 0.618519 0.054167 0.237037 0.006250 -0.000926 1.000000
0 202 0.408333 0.618981 0.048958 0.237963 -0.005208 0.000463 1.000000
0 203 0.402865 0.620370 0.048438 0.237037 -0.005469 0.001389 1.000000
0 204 0.398177 0.622222 0.051562 0.237037 -0.004687 0.001852 1.000000
0 205 0.392708 0.621296 0.054167 0.237037 -0.005469 -0.000926 1.000000
0 206 0.387760 0.620370 0.067187 0.237037 -0.004948 -0.000926 1.000000
0 207 0.383333 0.616204 0.069792 0.245370 -0.004427 -0.004167 1.000000
0 208 0.394010 0.596759 0.088021 0.263889 0.010677 -0.019444 1.000000
0 209 0.402604 0.596759 0.086458 0.282407 0.008594 0.000000 1.000000
0 210 0.408333 0.596759 0.090625 0.282407 0.005729 0.000000 1.000000
0 211 0.403906 0.600463 0.091146 0.276852 -0.004427 0.003704 1.000000
0 212 0.378646 0.618056 0.071875 0.241667 -0.025260 0.017593 1.000000
0 213 0.375000 0.618519 0.062500 0.242593 -0.003646 0.000463 1.000000
0 214 0.376563 0.619444 0.059375 0.237037 0.001563 0.000926 1.000000
0 215 0.379427 0.621296 0.051562 0.231481 0.002865 0.001852 1.000000
0 216 0.381250 0.624537 0.047917 0.226852 0.001823 0.003241 1.000000
0 217 0.375781 0.626852 0.053646 0.222222 -0.005469 0.002315 1.000000
0 218 0.373437 0.626852 0.057292 0.222222 -0.002344 0.000000 1.000000
0 227 0.357812 0.617593 0.061458 0.237037 -0.001736 -0.001029 1.000000
0 228 0.359635 0.614352 0.060937 0.243519 0.001823 -0.003241 1.000000
0 229 0.360417 0.615278 0.058333 0.247222 0.000781 0.000926 1.000000
0 233 0.376823 0.618056 0.070312 0.241667 0.004102 0.000694 1.000000
0 234 0.376302 0.618056 0.069271 0.239815 -0.000521 0.000000 1.000000
0 235 0.376042 0.619444 0.068750 0.238889 -0.000260 0.001389 1.000000
0 236 0.376563 0.619907 0.069792 0.237963 0.000521 0.000463 1.000000
0 237 0.377344 0.618519 0.071354 0.237037 0.000781 -0.001389 1.000000
0 238 0.379167 0.618056 0.072917 0.237963 0.001823 -0.000463 1.000000
0 239 0.378646 0.617593 0.071875 0.238889 -0.000521 -0.000463 1.000000
0 240 0.375781 0.618519 0.069271 0.237037 -0.002865 0.000926 1.000000
0 241 0.376302 0.618519 0.073438 0.237037 0.000521 0.000000 1.000000
0 242 0.376823 0.618056 0.077604 0.236111 0.000521 -0.000463 1.000000
0 243 0.377865 0.618519 0.081771 0.237037 0.001042 0.000463 1.000000
0 244 0.377083 0.617593 0.080208 0.238889 -0.000781 -0.000926 1.000000
0 245 0.375521 0.616204 0.077083 0.239815 -0.001563 -0.001389 1.000000
0 246 0.372656 0.616204 0.078646 0.239815 -0.002865 0.000000 1.000000
0 247 0.369271 0.616667 0.080208 0.240741 -0.003385 0.000463 1.000000
0 248 0.364323 0.619444 0.079687 0.237037 -0.004948 0.002778 1.000000
0 249 0.363281 0.620833 0.081771 0.236111 -0.001042 0.001389 1.000000
0 250 0.361719 0.621296 0.081771 0.233333 -0.001563 0.000463 1.000000
0 251 0.361979 0.621759 0.082292 0.230556 0.000260 0.000463 1.000000
0 252 0.364063 0.627315 0.079167 0.219444 0.002083 0.005556 1.000000
0 253 0.365885 0.629630 0.073438 0.216667 0.001823 0.002315 1.000000
0 254 0.367969 0.631019 0.069271 0.213889 0.002083 0.001389 1.000000
0 255 0.368229 0.630556 0.069792 0.214815 0.000260 -0.000463 1.000000
0 256 0.369531 0.631944 0.069271 0.210185 0.001302 0.001389 1.000000
0 257 0.371094 0.632870 0.069271 0.210185 0.001563 0.000926 1.000000
0 258 0.369792 0.633333 0.067708 0.209259 -0.001302 0.000463 1.000000
0 259 0.370573 0.634259 0.070312 0.207407 0.000781 0.000926 1.000000
0 260 0.371354 0.635648 0.070833 0.206481 0.000781 0.001389 1.000000
0 261 0.367969 0.637037 0.079687 0.205556 -0.003385 0.001389 1.000000
0 262 0.365885 0.637037 0.085938 0.203704 -0.002083 0.000000 1.000000
0 263 0.367708 0.637500 0.084375 0.200926 0.001823 0.000463 1.000000
0 264 0.372917 0.638426 0.076042 0.199074 0.005208 0.000926 1.000000
0 265 0.373177 0.639815 0.077604 0.200000 0.000260 0.001389 1.000000
0 266 0.373437 0.637963 0.079167 0.200000 0.000260 -0.001852 1.000000
0 267 0.374219 0.638889 0.079687 0.200000 0.000781 0.000926 1.000000
0 268 0.375000 0.636111 0.080208 0.205556 0.000781 -0.002778 1.000000
0 269 0.373177 0.634722 0.078646 0.210185 -0.001823 -0.001389 1.000000
0 270 0.373177 0.631481 0.076563 0.212963 0.000000 -0.003241 1.000000
0 271 0.370833 0.629630 0.073958 0.216667 -0.002344 -0.001852 1.000000
0 272 0.369271 0.630556 0.070833 0.216667 -0.001563 0.000926 1.000000
0 273 0.369010 0.630093 0.070312 0.215741 -0.000260 -0.000463 1.000000
0 274 0.370833 0.630093 0.073958 0.217593 0.001823 0.000000 1.000000
0 275 0.366406 0.628241 0.078646 0.221296 -0.004427 -0.001852 1.000000
0 276 0.361719 0.625463 0.082812 0.225000 -0.004687 -0.002778 1.000000
0 277 0.359635 0.623148 0.088021 0.227778 -0.002083 -0.002315 1.000000
0 278 0.367188 0.620833 0.072917 0.230556 0.007552 -0.002315 1.000000
0 279 0.364063 0.621759 0.076042 0.226852 -0.003125 0.000926 1.000000
0 280 0.358073 0.623148 0.079687 0.229630 -0.005990 0.001389 1.000000
0 281 0.352604 0.622222 0.060417 0.231481 -0.005469 -0.000926 1.000000
0 282 0.348177 0.615741 0.048438 0.242593 -0.004427 -0.006481 1.000000
0 283 0.340365 0.610185 0.044271 0.253704 -0.007812 -0.005556 1.000000
0 284 0.342187 0.609259 0.058333 0.262963 0.001823 -0.000926 1.000000
0 285 0.342187 0.609722 0.060417 0.262037 0.000000 0.000463 1.000000
0 286 0.341927 0.611111 0.060937 0.261111 -0.000260 0.001389 1.000000
0 287 0.340365 0.612500 0.058854 0.260185 -0.001563 0.001389 1.000000
0 288 0.335417 0.614352 0.059375 0.260185 -0.004948 0.001852 1.000000
0 289 0.333333 0.613426 0.057292 0.256481 -0.002083 -0.000926 1.000000
0 290 0.330990 0.612500 0.057813 0.262037 -0.002344 -0.000926 1.000000
0 291 0.330208 0.615741 0.066667 0.250000 -0.000781 0.003241 1.000000
0 292 0.331510 0.612963 0.075521 0.251852 0.001302 -0.002778 1.000000
0 293 0.331250 0.611574 0.075000 0.262037 -0.000260 -0.001389 1.000000
0 294 0.330729 0.610648 0.075000 0.262037 -0.000521 -0.000926 1.000000
0 295 0.329688 0.608796 0.072917 0.265741 -0.001042 -0.001852 1.000000
0 296 0.328125 0.609259 0.070833 0.264815 -0.001563 0.000463 1.000000
0 297 0.332031 0.613889 0.078646 0.253704 0.003906 0.004630 1.000000
0 298 0.334635 0.616667 0.086979 0.248148 0.002604 0.002778 1.000000
0 299 0.334635 0.614352 0.089063 0.250926 0.000000 -0.002315 1.000000
0 300 0.331771 0.619444 0.080208 0.246296 -0.002865 0.005093 1.000000
0 301 0.330990 0.619907 0.075521 0.247222 -0.000781 0.000463 1.000000
0 302 0.330469 0.618981 0.071354 0.247222 -0.000521 -0.000926 1.000000
0 303 0.329167 0.619444 0.066667 0.248148 -0.001302 0.000463 1.000000
0 304 0.328125 0.617593 0.058333 0.250000 -0.001042 -0.001852 1.000000
0 305 0.328646 0.618519 0.056250 0.248148 0.000521 0.000926 1.000000
0 306 0.329167 0.620370 0.054167 0.246296 0.000521 0.001852 1.000000
0 307 0.330469 0.620370 0.054688 0.242593 0.001302 0.000000 1.000000
0 308 0.330990 0.623611 0.056771 0.232407 0.000521 0.003241 1.000000
0 309 0.327604 0.625463 0.051042 0.234259 -0.003385 0.001852 1.000000
0 310 0.319010 0.631019 0.049479 0.228704 -0.008594 0.005556 1.000000
0 311 0.316406 0.632870 0.049479 0.232407 -0.002604 0.001852 1.000000
0 312 0.314844 0.631481 0.046354 0.237037 -0.001563 -0.001389 1.000000
0 313 0.314583 0.631944 0.045833 0.236111 -0.000260 0.000463 1.000000
0 314 0.315885 0.628241 0.042188 0.241667 0.001302 -0.003704 1.000000
0 315 0.315365 0.625926 0.045312 0.248148 -0.000521 -0.002315 1.000000
0 316 0.315625 0.621759 0.051042 0.254630 0.000260 -0.004167 1.000000
0 317 0.310677 0.620370 0.061979 0.259259 -0.004948 -0.001389 1.000000
0 320 0.297396 0.631481 0.063542 0.238889 -0.004427 0.003704 1.000000
0 321 0.290104 0.633796 0.076042 0.236111 -0.007292 0.002315 1.000000
0 322 0.282552 0.635185 0.081771 0.233333 -0.007552 0.001389 1.000000
0 323 0.279687 0.636111 0.084375 0.229630 -0.002865 0.000926 1.000000
0 324 0.280208 0.640278 0.084375 0.239815 0.000521 0.004167 1.000000
0 325 0.278385 0.639352 0.086979 0.243519 -0.001823 -0.000926 1.000000
0 326 0.276562 0.638426 0.080208 0.249074 -0.001823 -0.000926 1.000000
0 327 0.271354 0.635185 0.068750 0.255556 -0.005208 -0.003241 1.000000
0 328 0.257552 0.631019 0.049479 0.263889 -0.013802 -0.004167 1.000000
0 329 0.254427 0.629630 0.051562 0.264815 -0.003125 -0.001389 1.000000
0 330 0.247396 0.628704 0.063542 0.266667 -0.007031 -0.000926 1.000000
0 331 0.243490 0.630556 0.070312 0.266667 -0.003906 0.001852 1.000000
0 332 0.233594 0.633796 0.076563 0.263889 -0.009896 0.003241 1.000000
0 333 0.232813 0.633333 0.076042 0.262963 -0.000781 -0.000463 1.000000
0 334 0.225260 0.635648 0.076563 0.262037 -0.007552 0.002315 1.000000
0 335 0.215625 0.637963 0.077083 0.261111 -0.009635 0.002315 1.000000
0 336 0.203385 0.641667 0.067187 0.253704 -0.012240 0.003704 1.000000
0 337 0.195833 0.642130 0.075000 0.250926 -0.007552 0.000463 1.000000
0 338 0.191667 0.643519 0.076042 0.250000 -0.004167 0.001389 1.000000
0 339 0.188542 0.647222 0.072917 0.253704 -0.003125 0.003704 1.000000
0 340 0.184375 0.647685 0.072917 0.256481 -0.004167 0.000463 1.000000
0 341 0.183333 0.646759 0.071875 0.258333 -0.001042 -0.000926 1.000000
0 342 0.182292 0.643981 0.069792 0.265741 -0.001042 -0.002778 1.000000
0 343 0.177083 0.640278 0.069792 0.273148 -0.005208 -0.003704 1.000000
0 344 0.170833 0.631481 0.078125 0.292593 -0.006250 -0.008796 1.000000
0 345 0.170573 0.628241 0.082812 0.300926 -0.000260 -0.003241 1.000000
0 346 0.169792 0.622685 0.084375 0.300926 -0.000781 -0.005556 1.000000
0 347 0.167708 0.616204 0.088542 0.287963 -0.002083 -0.006481 1.000000
0 348 0.162760 0.607407 0.105729 0.340741 -0.004948 -0.008796 1.000000
0 349 0.161979 0.606019 0.105208 0.350926 -0.000781 -0.001389 1.000000
0 350 0.158854 0.609722 0.101042 0.347222 -0.003125 0.003704 1.000000
0 351 0.157292 0.609722 0.104167 0.347222 -0.001563 0.000000 1.000000
0 352 0.155990 0.610185 0.105729 0.346296 -0.001302 0.000463 1.000000
0 353 0.154948 0.609259 0.106771 0.344444 -0.001042 -0.000926 1.000000
0 354 0.154167 0.609259 0.107292 0.342593 -0.000781 0.000000 1.000000
0 355 0.153646 0.609259 0.108333 0.340741 -0.000521 0.000000 1.000000
0 356 0.152083 0.610648 0.107292 0.336111 -0.001563 0.001389 1.000000
0 357 0.151302 0.611574 0.107813 0.334259 -0.000781 0.000926 1.000000
0 358 0.150521 0.611574 0.108333 0.336111 -0.000781 0.000000 1.000000
0 359 0.150000 0.613426 0.109375 0.336111 -0.000521 0.001852 1.000000
0 360 0.148698 0.615278 0.106771 0.330556 -0.001302 0.001852 1.000000
0 361 0.148438 0.615741 0.106250 0.327778 -0.000260 0.000463 1.000000
0 362 0.147917 0.616204 0.105208 0.325000 -0.000521 0.000463 1.000000
0 363 0.147917 0.617130 0.103125 0.323148 0.000000 0.000926 1.000000
0 364 0.147135 0.619444 0.100521 0.322222 -0.000781 0.002315 1.000000
0 365 0.146875 0.620370 0.098958 0.320370 -0.000260 0.000926 1.000000
0 366 0.147135 0.621759 0.097396 0.315741 0.000260 0.001389 1.000000
0 367 0.147396 0.622685 0.096875 0.310185 0.000260 0.000926 1.000000
0 368 0.147396 0.626852 0.094792 0.298148 0.000000 0.004167 1.000000
0 369 0.147656 0.630556 0.094271 0.296296 0.000260 0.003704 1.000000
0 370 0.147656 0.633333 0.094271 0.292593 0.000000 0.002778 1.000000
0 371 0.147396 0.636111 0.093750 0.288889 -0.000260 0.002778 1.000000
0 372 0.146875 0.635185 0.091667 0.288889 -0.000521 -0.000926 1.000000
0 373 0.145313 0.636111 0.089583 0.288889 -0.001563 0.000926 1.000000
0 374 0.141927 0.637037 0.089063 0.287037 -0.003385 0.000926 1.000000
0 375 0.141927 0.636574 0.080729 0.284259 0.000000 -0.000463 1.000000
0 376 0.141667 0.638426 0.070833 0.282407 -0.000260 0.001852 1.000000
0 377 0.140104 0.640278 0.073958 0.280556 -0.001563 0.001852 1.000000
0 378 0.144271 0.637963 0.086458 0.279630 0.004167 -0.002315 1.000000
0 379 0.157292 0.618519 0.117708 0.322222 0.013021 -0.019444 1.000000
0 380 0.158333 0.616204 0.125000 0.326852 0.001042 -0.002315 1.000000
0 381 0.156771 0.618056 0.127083 0.321296 -0.001563 0.001852 1.000000
0 382 0.156250 0.618981 0.129167 0.319444 -0.000521 0.000926 1.000000
0 383 0.156771 0.619907 0.127083 0.317593 0.000521 0.000926 1.000000
0 384 0.157552 0.634259 0.113021 0.287037 0.000781 0.014352 1.000000
0 385 0.153385 0.638889 0.095312 0.283333 -0.004167 0.004630 1.000000
0 386 0.135156 0.638426 0.085938 0.280556 -0.018229 -0.000463 1.000000
0 387 0.134375 0.638426 0.085417 0.280556 -0.000781 0.000000 1.000000
0 388 0.134115 0.639815 0.086979 0.283333 -0.000260 0.001389 1.000000
0 389 0.133594 0.640741 0.086979 0.285185 -0.000521 0.000926 1.000000
0 390 0.133854 0.641667 0.088542 0.287037 0.000260 0.000926 1.000000
0 391 0.133333 0.641667 0.088542 0.287037 -0.000521 0.000000 1.000000
0 392 0.132812 0.642593 0.088542 0.288889 -0.000521 0.000926 1.000000
0 393 0.132552 0.643056 0.088021 0.289815 -0.000260 0.000463 1.000000
0 394 0.132031 0.641667 0.086979 0.287037 -0.000521 -0.001389 1.000000
0 395 0.132031 0.642593 0.085938 0.288889 0.000000 0.000926 1.000000
0 396 0.132292 0.641667 0.084375 0.287037 0.000260 -0.000926 1.000000
0 397 0.132031 0.641204 0.083854 0.286111 -0.000260 -0.000463 1.000000
0 398 0.131510 0.641667 0.083854 0.287037 -0.000521 0.000463 1.000000
0 399 0.135156 0.640741 0.095312 0.285185 0.003646 -0.000926 1.000000
0 400 0.142448 0.638426 0.109896 0.284259 0.007292 -0.002315 1.000000
0 401 0.145313 0.637963 0.115625 0.285185 0.002865 -0.000463 1.000000
0 402 0.147656 0.637500 0.120313 0.282407 0.002344 -0.000463 1.000000
0 403 0.148958 0.637037 0.122917 0.281481 0.001302 -0.000463 1.000000
0 404 0.149479 0.637037 0.123958 0.283333 0.000521 0.000000 1.000000
0 405 0.149479 0.637963 0.120833 0.285185 0.000000 0.000926 1.000000
0 406 0.150521 0.637037 0.116667 0.288889 0.001042 -0.000926 1.000000
0 407 0.148698 0.634722 0.108854 0.289815 -0.001823 -0.002315 1.000000
0 408 0.133594 0.632407 0.081771 0.290741 -0.015104 -0.002315 1.000000
0 409 0.129948 0.633333 0.077604 0.290741 -0.003646 0.000926 1.000000
0 410 0.130990 0.634259 0.074479 0.290741 0.001042 0.000926 1.000000
0 411 0.130469 0.634722 0.073438 0.291667 -0.000521 0.000463 1.000000
0 412 0.143229 0.633333 0.056250 0.292593 0.012760 -0.001389 1.000000
0 413 0.142969 0.632870 0.047396 0.293519 -0.000260 -0.000463 1.000000
0 414 0.145313 0.632870 0.043750 0.295370 0.002344 0.000000 1.000000
0 415 0.145313 0.632870 0.043750 0.293519 0.000000 0.000000 1.000000
0 416 0.145313 0.632870 0.053125 0.293519 0.000000 0.000000 1.000000
0 417 0.144010 0.631944 0.054688 0.297222 -0.001302 -0.000926 1.000000
0 418 0.145833 0.631481 0.047917 0.298148 0.001823 -0.000463 1.000000
0 419 0.150000 0.628704 0.048958 0.296296 0.004167 -0.002778 1.000000
0 420 0.152344 0.631019 0.053646 0.295370 0.002344 0.002315 1.000000
0 421 0.151302 0.632870 0.051562 0.295370 -0.001042 0.001852 1.000000
0 422 0.151823 0.633333 0.052604 0.294444 0.000521 0.000463 1.000000
0 423 0.151562 0.631481 0.052083 0.292593 -0.000260 -0.001852 1.000000
0 424 0.151302 0.631019 0.051562 0.295370 -0.000260 -0.000463 1.000000
0 425 0.151302 0.630556 0.051562 0.296296 0.000000 -0.000463 1.000000
0 426 0.151562 0.630093 0.052083 0.295370 0.000260 -0.000463 1.000000
0 427 0.151302 0.630093 0.051562 0.295370 -0.000260 0.000000 1.000000
0 428 0.151562 0.631019 0.052083 0.295370 0.000260 0.000926 1.000000
0 429 0.151823 0.631019 0.052604 0.295370 0.000260 0.000000 1.000000
0 430 0.152083 0.631944 0.053125 0.295370 0.000260 0.000926 1.000000
0 431 0.151823 0.631944 0.052604 0.293519 -0.000260 0.000000 1.000000
0 432 0.151302 0.631019 0.051562 0.295370 -0.000521 -0.000926 1.000000
0 433 0.151823 0.630556 0.052604 0.296296 0.000521 -0.000463 1.000000
0 434 0.151823 0.630093 0.052604 0.297222 0.000000 -0.000463 1.000000
0 435 0.151823 0.630556 0.052604 0.296296 0.000000 0.000463 1.000000
0 436 0.151823 0.630556 0.052604 0.296296 0.000000 0.000000 1.000000
0 437 0.151823 0.630556 0.052604 0.296296 0.000000 0.000000 1.000000
0 438 0.151823 0.630093 0.052604 0.295370 0.000000 -0.000463 1.000000
0 439 0.151823 0.630093 0.052604 0.295370 0.000000 0.000000 1.000000
0 440 0.151823 0.631019 0.052604 0.295370 0.000000 0.000926 1.000000
0 441 0.151823 0.631019 0.052604 0.295370 0.000000 0.000000 1.000000
0 442 0.151823 0.631019 0.052604 0.295370 0.000000 0.000000 1.000000
0 443 0.151823 0.631019 0.052604 0.295370 0.000000 0.000000 1.000000
0 444 0.151823 0.631019 0.052604 0.295370 0.000000 0.000000 1.000000
0 445 0.151823 0.631019 0.052604 0.295370 0.000000 0.000000 1.000000
0 446 0.151823 0.631019 0.052604 0.295370 0.000000 0.000000 1.000000
0 447 0.151823 0.630556 0.052604 0.294444 0.000000 -0.000463 1.000000
0 448 0.152083 0.630556 0.053125 0.294444 0.000260 0.000000 1.000000
0 449 0.152083 0.630556 0.053125 0.294444 0.000000 0.000000 1.000000
0 450 0.152083 0.630556 0.053125 0.294444 0.000000 0.000000 1.000000
0 451 0.152344 0.630556 0.053646 0.294444 0.000260 0.000000 1.000000
0 452 0.151823 0.630556 0.050521 0.294444 -0.000521 0.000000 1.000000
0 453 0.149740 0.632407 0.047396 0.292593 -0.002083 0.001852 1.000000
0 454 0.152604 0.633333 0.047917 0.290741 0.002865 0.000926 1.000000
0 455 0.153646 0.635648 0.050000 0.287963 0.001042 0.002315 1.000000
0 456 0.152604 0.636111 0.048958 0.283333 -0.001042 0.000463 1.000000
0 457 0.153125 0.636574 0.046875 0.278704 0.000521 0.000463 1.000000
0 458 0.152344 0.637500 0.048438 0.278704 -0.000781 0.000926 1.000000
0 459 0.154688 0.635648 0.056250 0.282407 0.002344 -0.001852 1.000000
0 460 0.155990 0.636574 0.052604 0.282407 0.001302 0.000926 1.000000
0 461 0.159115 0.638426 0.055729 0.282407 0.003125 0.001852 1.000000
0 462 0.160677 0.640278 0.063021 0.275000 0.001563 0.001852 1.000000
0 463 0.166406 0.645370 0.078646 0.266667 0.005729 0.005093 1.000000
0 464 0.170573 0.656019 0.093229 0.249074 0.004167 0.010648 1.000000
0 465 0.170052 0.660185 0.092188 0.240741 -0.000521 0.004167 1.000000
0 466 0.171094 0.662037 0.091146 0.235185 0.001042 0.001852 1.000000
0 467 0.171094 0.665278 0.090104 0.230556 0.000000 0.003241 1.000000
0 468 0.170313 0.667130 0.091667 0.225000 -0.000781 0.001852 1.000000
0 469 0.171094 0.666667 0.091146 0.224074 0.000781 -0.000463 1.000000
0 470 0.169792 0.667130 0.092708 0.223148 -0.001302 0.000463 1.000000
0 471 0.170833 0.666667 0.091667 0.222222 0.001042 -0.000463 1.000000
0 472 0.170313 0.665741 0.092708 0.224074 -0.000521 -0.000926 1.000000
0 473 0.170833 0.665278 0.090625 0.226852 0.000521 -0.000463 1.000000
0 474 0.171354 0.663426 0.091667 0.232407 0.000521 -0.001852 1.000000
0 475 0.170833 0.660185 0.090625 0.238889 -0.000521 -0.003241 1.000000
0 476 0.173177 0.648148 0.090104 0.262963 0.002344 -0.012037 1.000000
0 477 0.168750 0.641667 0.082292 0.275926 -0.004427 -0.006481 1.000000
0 478 0.163542 0.635648 0.071875 0.289815 -0.005208 -0.006019 1.000000
0 479 0.162500 0.631019 0.068750 0.299074 -0.001042 -0.004630 1.000000
0 480 0.161719 0.627778 0.067187 0.301852 -0.000781 -0.003241 1.000000
0 481 0.163021 0.627778 0.066667 0.303704 0.001302 0.000000 1.000000
0 482 0.164844 0.626852 0.067187 0.300000 0.001823 -0.000926 1.000000
0 483 0.166406 0.627778 0.067187 0.294444 0.001563 0.000926 1.000000
0 484 0.164062 0.636111 0.079167 0.281481 -0.002344 0.008333 1.000000
0 485 0.157812 0.640278 0.089583 0.271296 -0.006250 0.004167 1.000000
0 486 0.146615 0.646296 0.106771 0.259259 -0.011198 0.006019 1.000000
0 487 0.138281 0.649537 0.111979 0.252778 -0.008333 0.003241 1.000000
0 488 0.131250 0.658333 0.127083 0.246296 -0.007031 0.008796 1.000000
0 489 0.131250 0.659259 0.126042 0.248148 0.000000 0.000926 1.000000
0 490 0.129167 0.662500 0.128125 0.241667 -0.002083 0.003241 1.000000
0 491 0.128125 0.662500 0.127083 0.239815 -0.001042 0.000000 1.000000
0 492 0.128125 0.660185 0.125000 0.242593 0.000000 -0.002315 1.000000
0 493 0.131250 0.657407 0.123958 0.248148 0.003125 -0.002778 1.000000
0 494 0.134896 0.654167 0.117708 0.243519 0.003646 -0.003241 1.000000
0 495 0.139583 0.652778 0.112500 0.248148 0.004687 -0.001389 1.000000
0 496 0.129427 0.648148 0.084896 0.257407 -0.010156 -0.004630 1.000000
0 497 0.127604 0.646296 0.084375 0.262963 -0.001823 -0.001852 1.000000
0 498 0.132292 0.643519 0.072917 0.268519 0.004687 -0.002778 1.000000
0 499 0.131510 0.641204 0.061979 0.273148 -0.000781 -0.002315 1.000000
0 500 0.128385 0.635185 0.056771 0.279630 -0.003125 -0.006019 1.000000
0 501 0.126823 0.635648 0.054688 0.278704 -0.001563 0.000463 1.000000
0 502 0.128125 0.638426 0.058333 0.275000 0.001302 0.002778 1.000000
0 503 0.127604 0.641204 0.063542 0.271296 -0.000521 0.002778 1.000000
0 504 0.121875 0.641204 0.072917 0.263889 -0.005729 0.000000 1.000000
0 505 0.113021 0.639815 0.082292 0.270370 -0.008854 -0.001389 1.000000
0 506 0.106250 0.637500 0.088542 0.275000 -0.006771 -0.002315 1.000000
0 507 0.101823 0.639815 0.088021 0.279630 -0.004427 0.002315 1.000000
0 508 0.097135 0.640741 0.089063 0.279630 -0.004687 0.000926 1.000000
0 509 0.097135 0.638426 0.090104 0.278704 0.000000 -0.002315 1.000000
0 510 0.096875 0.638426 0.088542 0.278704 -0.000260 0.000000 1.000000
0 511 0.098437 0.638426 0.087500 0.280556 0.001563 0.000000 1.000000
0 512 0.100260 0.640278 0.082812 0.276852 0.001823 0.001852 1.000000
0 513 0.100521 0.641204 0.082292 0.273148 0.000260 0.000926 1.000000
0 514 0.100260 0.639815 0.082812 0.274074 -0.000260 -0.001389 1.000000
0 515 0.100000 0.639815 0.083333 0.277778 -0.000260 0.000000 1.000000
0 516 0.098958 0.636574 0.086458 0.282407 -0.001042 -0.003241 1.000000
0 517 0.097135 0.637500 0.089063 0.282407 -0.001823 0.000926 1.000000
0 518 0.097396 0.637963 0.088542 0.283333 0.000260 0.000463 1.000000
0 519 0.097135 0.639352 0.090104 0.284259 -0.000260 0.001389 1.000000
0 520 0.097135 0.637500 0.089063 0.282407 0.000000 -0.001852 1.000000
0 521 0.099219 0.637037 0.086979 0.281481 0.002083 -0.000463 1.000000
0 522 0.100260 0.636574 0.083854 0.282407 0.001042 -0.000463 1.000000
0 523 0.100521 0.636574 0.082292 0.282407 0.000260 0.000000 1.000000
0 524 0.099740 0.636574 0.083854 0.282407 -0.000781 0.000000 1.000000
0 525 0.096615 0.636111 0.091146 0.283333 -0.003125 -0.000463 1.000000
0 526 0.095052 0.636111 0.095312 0.283333 -0.001563 0.000000 1.000000
0 527 0.092708 0.635648 0.097917 0.284259 -0.002344 -0.000463 1.000000
0 528 0.090885 0.637963 0.102604 0.279630 -0.001823 0.002315 1.000000
0 529 0.091146 0.637963 0.104167 0.279630 0.000260 0.000000 1.000000
0 530 0.090625 0.637500 0.105208 0.280556 -0.000521 -0.000463 1.000000
0 531 0.089844 0.637500 0.106771 0.280556 -0.000781 0.000000 1.000000
0 532 0.090104 0.641204 0.105208 0.278704 0.000260 0.003704 1.000000
0 533 0.088802 0.641667 0.106771 0.275926 -0.001302 0.000463 1.000000
0 534 0.088542 0.640741 0.110417 0.277778 -0.000260 -0.000926 1.000000
0 535 0.085417 0.637963 0.114583 0.283333 -0.003125 -0.002778 1.000000
0 536 0.081510 0.636574 0.118229 0.286111 -0.003906 -0.001389 1.000000
0 537 0.081510 0.637500 0.111979 0.284259 0.000000 0.000926 1.000000
0 538 0.084115 0.637963 0.106771 0.283333 0.002604 0.000463 1.000000
0 539 0.090104 0.637037 0.094792 0.285185 0.005990 -0.000926 1.000000
0 540 0.102344 0.635185 0.081771 0.281481 0.012240 -0.001852 1.000000
0 541 0.111719 0.637500 0.071354 0.271296 0.009375 0.002315 1.000000
0 542 0.116927 0.642130 0.069271 0.265741 0.005208 0.004630 1.000000
0 543 0.119531 0.643981 0.073438 0.262037 0.002604 0.001852 1.000000
0 544 0.123958 0.642130 0.083333 0.263889 0.004427 -0.001852 1.000000
0 545 0.125521 0.642593 0.087500 0.262963 0.001563 0.000463 1.000000
0 546 0.117708 0.643056 0.109375 0.263889 -0.007812 0.000463 1.000000
0 547 0.117188 0.647685 0.117708 0.271296 -0.000521 0.004630 1.000000
0 548 0.117448 0.647222 0.120313 0.270370 0.000260 -0.000463 1.000000
0 549 0.116667 0.645833 0.119792 0.273148 -0.000781 -0.001389 1.000000
0 550 0.117188 0.644444 0.116667 0.275926 0.000521 -0.001389 1.000000
0 551 0.117188 0.643056 0.105208 0.278704 0.000000 -0.001389 1.000000
0 552 0.119271 0.644444 0.086458 0.275926 0.002083 0.001389 1.000000
0 553 0.116667 0.643056 0.091667 0.278704 -0.002604 -0.001389 1.000000
0 554 0.112500 0.640278 0.096875 0.284259 -0.004167 -0.002778 1.000000
0 555 0.110156 0.633333 0.096354 0.294444 -0.002344 -0.006944 1.000000
0 556 0.113802 0.623148 0.092188 0.314815 0.003646 -0.010185 1.000000
0 557 0.113802 0.620370 0.091146 0.320370 0.000000 -0.002778 1.000000
0 558 0.113542 0.632870 0.085417 0.312037 -0.000260 0.012500 1.000000
0 559 0.114583 0.635185 0.086458 0.303704 0.001042 0.002315 1.000000
0 560 0.116146 0.633796 0.095833 0.306481 0.001563 -0.001389 1.000000
0 561 0.117708 0.636111 0.095833 0.305556 0.001563 0.002315 1.000000
0 562 0.115104 0.640741 0.094792 0.298148 -0.002604 0.004630 1.000000
0 563 0.113802 0.643056 0.092188 0.289815 -0.001302 0.002315 1.000000
0 564 0.110156 0.649537 0.151562 0.275000 -0.003646 0.006481 1.000000
0 565 0.106771 0.647685 0.146875 0.276852 -0.003385 -0.001852 1.000000
0 566 0.103906 0.645833 0.130729 0.278704 -0.002865 -0.001852 1.000000
0 567 0.091146 0.646759 0.113542 0.280556 -0.012760 0.000926 1.000000
0 568 0.087500 0.651389 0.114583 0.278704 -0.003646 0.004630 1.000000
0 569 0.087500 0.652778 0.110417 0.279630 0.000000 0.001389 1.000000
0 570 0.089323 0.650000 0.111979 0.277778 0.001823 -0.002778 1.000000
0 571 0.088021 0.649537 0.112500 0.282407 -0.001302 -0.000463 1.000000
0 572 0.100000 0.643981 0.103125 0.286111 0.011979 -0.005556 1.000000
0 573 0.111458 0.643056 0.116667 0.286111 0.011458 -0.000926 1.000000
0 574 0.119271 0.643056 0.120833 0.289815 0.007812 0.000000 1.000000
0 575 0.121875 0.641204 0.114583 0.293519 0.002604 -0.001852 1.000000
0 576 0.116406 0.640278 0.082812 0.297222 -0.005469 -0.000926 1.000000
0 577 0.110677 0.640278 0.067187 0.297222 -0.005729 0.000000 1.000000
0 578 0.101042 0.640278 0.071875 0.295370 -0.009635 0.000000 1.000000
0 579 0.101823 0.641204 0.069271 0.295370 0.000781 0.000926 1.000000
0 580 0.100521 0.642130 0.069792 0.295370 -0.001302 0.000926 1.000000
0 581 0.106510 0.639352 0.055729 0.299074 0.005990 -0.002778 1.000000
0 582 0.111458 0.635648 0.048958 0.302778 0.004948 -0.003704 1.000000
0 583 0.111198 0.634259 0.051562 0.300000 -0.000260 -0.001389 1.000000
0 584 0.114323 0.637963 0.075521 0.296296 0.003125 0.003704 1.000000
0 585 0.117448 0.638426 0.082812 0.295370 0.003125 0.000463 1.000000
0 586 0.124479 0.638889 0.093750 0.294444 0.007031 0.000463 1.000000
0 587 0.124479 0.640278 0.093750 0.293519 0.000000 0.001389 1.000000
0 588 0.128646 0.638889 0.097917 0.296296 0.004167 -0.001389 1.000000
0 589 0.128125 0.637963 0.097917 0.294444 -0.000521 -0.000926 1.000000
0 590 0.128906 0.637963 0.096354 0.298148 0.000781 0.000000 1.000000
0 591 0.128385 0.638889 0.097396 0.296296 -0.000521 0.000926 1.000000
0 592 0.128385 0.639815 0.098437 0.296296 0.000000 0.000926 1.000000
0 593 0.128646 0.638889 0.100000 0.296296 0.000260 -0.000926 1.000000
0 594 0.128385 0.638426 0.100521 0.295370 -0.000260 -0.000463 1.000000
0 595 0.128125 0.638889 0.101042 0.294444 -0.000260 0.000463 1.000000
0 596 0.127865 0.641204 0.101562 0.295370 -0.000260 0.002315 1.000000
0 597 0.128125 0.640741 0.101042 0.292593 0.000260 -0.000463 1.000000
0 598 0.128125 0.641204 0.101042 0.291667 0.000000 0.000463 1.000000
0 599 0.128125 0.641204 0.101042 0.291667 0.000000 0.000000 1.000000
0 600 0.127865 0.640278 0.101562 0.291667 -0.000260 -0.000926 1.000000
0 601 0.127604 0.640741 0.102083 0.292593 -0.000260 0.000463 1.000000
0 602 0.127604 0.640741 0.102083 0.292593 0.000000 0.000000 1.000000
0 603 0.127604 0.640278 0.102083 0.293519 0.000000 -0.000463 1.000000
0 604 0.127344 0.640278 0.100521 0.293519 -0.000260 0.000000 1.000000
0 605 0.127083 0.639815 0.098958 0.294444 -0.000260 -0.000463 1.000000
0 606 0.127083 0.639815 0.096875 0.294444 0.000000 0.000000 1.000000
0 607 0.126823 0.639352 0.097396 0.295370 -0.000260 -0.000463 1.000000
0 608 0.125781 0.639352 0.091146 0.295370 -0.001042 0.000000 1.000000
0 609 0.124479 0.638889 0.087500 0.296296 -0.001302 -0.000463 1.000000
0 610 0.122917 0.638889 0.084375 0.296296 -0.001563 0.000000 1.000000
0 611 0.120313 0.639352 0.082292 0.297222 -0.002604 0.000463 1.000000
0 612 0.113021 0.641204 0.075000 0.291667 -0.007292 0.001852 1.000000
0 613 0.108594 0.641667 0.067187 0.292593 -0.004427 0.000463 1.000000
0 614 0.104948 0.640741 0.063021 0.292593 -0.003646 -0.000926 1.000000
0 615 0.104167 0.642130 0.058333 0.291667 -0.000781 0.001389 1.000000
0 616 0.104688 0.642593 0.057292 0.290741 0.000521 0.000463 1.000000
0 617 0.101302 0.642593 0.067187 0.290741 -0.003385 0.000000 1.000000
0 618 0.098698 0.642593 0.076563 0.290741 -0.002604 0.000000 1.000000
0 619 0.091927 0.643981 0.096354 0.287963 -0.006771 0.001389 1.000000
0 620 0.089323 0.646759 0.121354 0.286111 -0.002604 0.002778 1.000000
0 621 0.088542 0.646759 0.119792 0.287963 -0.000781 0.000000 1.000000
0 622 0.087500 0.646296 0.117708 0.287037 -0.001042 -0.000463 1.000000
0 623 0.085677 0.646296 0.116146 0.287037 -0.001823 0.000000 1.000000
0 624 0.086458 0.644444 0.114583 0.290741 0.000781 -0.001852 1.000000
0 625 0.086198 0.644907 0.115104 0.287963 -0.000260 0.000463 1.000000
0 626 0.086979 0.643981 0.113542 0.287963 0.000781 -0.000926 1.000000
0 627 0.086198 0.645370 0.115104 0.285185 -0.000781 0.001389 1.000000
0 628 0.085938 0.644444 0.114583 0.288889 -0.000260 -0.000926 1.000000
0 629 0.085938 0.644907 0.115625 0.287963 0.000000 0.000463 1.000000
0 630 0.085938 0.644907 0.116667 0.289815 0.000000 0.000000 1.000000
0 631 0.085938 0.645370 0.117708 0.290741 0.000000 0.000463 1.000000
0 632 0.086719 0.644907 0.117188 0.287963 0.000781 -0.000463 1.000000
0 633 0.087240 0.643981 0.116146 0.289815 0.000521 -0.000926 1.000000
0 634 0.088281 0.643056 0.116146 0.289815 0.001042 -0.000926 1.000000
0 635 0.086979 0.643519 0.116667 0.288889 -0.001302 0.000463 1.000000
0 636 0.086979 0.644444 0.116667 0.290741 0.000000 0.000926 1.000000
0 637 0.087240 0.643981 0.116146 0.289815 0.000260 -0.000463 1.000000
0 638 0.087240 0.643519 0.117188 0.288889 0.000000 -0.000463 1.000000
0 639 0.087240 0.643981 0.118229 0.289815 0.000000 0.000463 1.000000
0 640 0.086979 0.643981 0.118750 0.289815 -0.000260 0.000000 1.000000
0 641 0.087760 0.643981 0.118229 0.289815 0.000781 0.000000 1.000000
0 642 0.088021 0.643981 0.117708 0.291667 0.000260 0.000000 1.000000
0 643 0.088281 0.643519 0.118229 0.290741 0.000260 -0.000463 1.000000
0 644 0.088021 0.643056 0.118750 0.293519 -0.000260 -0.000463 1.000000
0 645 0.088021 0.644444 0.118750 0.292593 0.000000 0.001389 1.000000
0 646 0.087240 0.643056 0.119271 0.293519 -0.000781 -0.001389 1.000000
0 647 0.086979 0.643519 0.119792 0.290741 -0.000260 0.000463 1.000000
0 648 0.087500 0.642593 0.119792 0.288889 0.000521 -0.000926 1.000000
0 649 0.089063 0.643519 0.117708 0.290741 0.001563 0.000926 1.000000
0 650 0.088281 0.643981 0.121354 0.291667 -0.000781 0.000463 1.000000
0 651 0.088281 0.643519 0.120313 0.292593 0.000000 -0.000463 1.000000
0 652 0.087500 0.644444 0.116667 0.290741 -0.000781 0.000926 1.000000
0 653 0.086458 0.645370 0.114583 0.288889 -0.001042 0.000926 1.000000
0 654 0.085938 0.646296 0.112500 0.287037 -0.000521 0.000926 1.000000
0 655 0.086458 0.647222 0.112500 0.285185 0.000521 0.000926 1.000000
0 656 0.086198 0.645370 0.111979 0.288889 -0.000260 -0.001852 1.000000
0 657 0.091406 0.643981 0.105729 0.287963 0.005208 -0.001389 1.000000
0 658 0.096615 0.643519 0.097396 0.296296 0.005208 -0.000463 1.000000
0 659 0.104427 0.635185 0.083854 0.312963 0.007812 -0.008333 1.000000
0 660 0.112240 0.607407 0.070312 0.366667 0.007812 -0.027778 1.000000
0 661 0.114062 0.586111 0.068750 0.403704 0.001823 -0.021296 1.000000
0 662 0.108594 0.576389 0.078646 0.423148 -0.005469 -0.009722 1.000000
0 663 0.106510 0.580093 0.085938 0.419444 -0.002083 0.003704 1.000000
0 664 0.105729 0.575926 0.086458 0.429630 -0.000781 -0.004167 1.000000
0 665 0.104427 0.578241 0.088021 0.426852 -0.001302 0.002315 1.000000
0 666 0.104948 0.575000 0.085938 0.429630 0.000521 -0.003241 1.000000
0 667 0.103125 0.577315 0.089583 0.425000 -0.001823 0.002315 1.000000
0 668 0.094010 0.586574 0.105729 0.410185 -0.009115 0.009259 1.000000
0 669 0.090885 0.590278 0.110937 0.399074 -0.003125 0.003704 1.000000
0 670 0.087500 0.602778 0.115625 0.370370 -0.003385 0.012500 1.000000
0 671 0.084375 0.606944 0.118750 0.360185 -0.003125 0.004167 1.000000
0 672 0.079687 0.611574 0.129167 0.356481 -0.004687 0.004630 1.000000
0 673 0.079427 0.612500 0.131771 0.350926 -0.000260 0.000926 1.000000
0 674 0.079427 0.612037 0.131771 0.351852 0.000000 -0.000463 1.000000
0 675 0.078906 0.615741 0.133854 0.348148 -0.000521 0.003704 1.000000
0 676 0.076042 0.621296 0.136458 0.337037 -0.002865 0.005556 1.000000
0 677 0.073177 0.624074 0.139063 0.331481 -0.002865 0.002778 1.000000
0 678 0.073177 0.625463 0.140104 0.328704 0.000000 0.001389 1.000000
0 679 0.072135 0.626852 0.142187 0.325926 -0.001042 0.001389 1.000000
0 680 0.071094 0.630093 0.142187 0.319444 -0.001042 0.003241 1.000000
0 681 0.070573 0.632870 0.141146 0.313889 -0.000521 0.002778 1.000000
0 682 0.070312 0.635648 0.140625 0.308333 -0.000260 0.002778 1.000000
0 683 0.070052 0.636111 0.140104 0.307407 -0.000260 0.000463 1.000000
0 684 0.069792 0.637037 0.139583 0.305556 -0.000260 0.000926 1.000000
0 685 0.069792 0.637500 0.139583 0.304630 0.000000 0.000463 1.000000
0 686 0.069531 0.637037 0.139063 0.305556 -0.000260 -0.000463 1.000000
0 687 0.069271 0.637037 0.138542 0.305556 -0.000260 0.000000 1.000000
0 688 0.068750 0.637500 0.137500 0.304630 -0.000521 0.000463 1.000000
0 689 0.068750 0.637500 0.137500 0.304630 0.000000 0.000000 1.000000
0 690 0.069010 0.637963 0.138021 0.303704 0.000260 0.000463 1.000000
0 691 0.069010 0.637963 0.138021 0.303704 0.000000 0.000000 1.000000
0 692 0.069010 0.637500 0.138021 0.304630 0.000000 -0.000463 1.000000
0 693 0.069010 0.637500 0.138021 0.304630 0.000000 0.000000 1.000000
0 694 0.069271 0.637500 0.138542 0.304630 0.000260 0.000000 1.000000
0 695 0.069531 0.637500 0.139063 0.304630 0.000260 0.000000 1.000000
0 696 0.069792 0.637500 0.139583 0.304630 0.000260 0.000000 1.000000
0 697 0.070052 0.637500 0.140104 0.304630 0.000260 0.000000 1.000000
0 698 0.070312 0.637500 0.140625 0.304630 0.000260 0.000000 1.000000
0 699 0.070312 0.637037 0.140625 0.303704 0.000000 -0.000463 1.000000
0 700 0.070573 0.637500 0.141146 0.304630 0.000260 0.000463 1.000000
0 701 0.070833 0.637500 0.141667 0.304630 0.000260 0.000000 1.000000
0 702 0.071094 0.637500 0.142187 0.304630 0.000260 0.000000 1.000000
0 703 0.071094 0.637500 0.142187 0.304630 0.000000 0.000000 1.000000
0 704 0.071354 0.637037 0.142708 0.303704 0.000260 -0.000463 1.000000
0 705 0.071615 0.637037 0.143229 0.303704 0.000260 0.000000 1.000000
0 706 0.071615 0.637037 0.143229 0.303704 0.000000 0.000000 1.000000
0 707 0.071875 0.636574 0.143750 0.302778 0.000260 -0.000463 1.000000
0 708 0.071875 0.636574 0.143750 0.302778 0.000000 0.000000 1.000000
0 709 0.072135 0.637500 0.144271 0.302778 0.000260 0.000926 1.000000
0 710 0.072396 0.637037 0.144792 0.301852 0.000260 -0.000463 1.000000
0 711 0.072396 0.637037 0.144792 0.301852 0.000000 0.000000 1.000000
0 712 0.072656 0.637037 0.145313 0.301852 0.000260 0.000000 1.000000
0 713 0.073177 0.636574 0.145313 0.300926 0.000521 -0.000463 1.000000
0 714 0.073438 0.636574 0.144792 0.300926 0.000260 0.000000 1.000000
0 715 0.073958 0.636574 0.144792 0.300926 0.000521 0.000000 1.000000
0 716 0.074740 0.637963 0.145313 0.303704 0.000781 0.001389 1.000000
0 717 0.075521 0.638426 0.143750 0.302778 0.000781 0.000463 1.000000
0 718 0.075781 0.637963 0.143229 0.301852 0.000260 -0.000463 1.000000
0 719 0.076042 0.637500 0.142708 0.300926 0.000260 -0.000463 1.000000
0 720 0.076823 0.637500 0.141146 0.300926 0.000781 0.000000 1.000000
0 721 0.077344 0.637500 0.140104 0.300926 0.000521 0.000000 1.000000
0 722 0.077865 0.637500 0.141146 0.300926 0.000521 0.000000 1.000000
0 723 0.079167 0.637963 0.138542 0.301852 0.001302 0.000463 1.000000
0 724 0.079687 0.637963 0.138542 0.301852 0.000521 0.000000 1.000000
0 725 0.079427 0.638426 0.139063 0.302778 -0.000260 0.000463 1.000000
0 726 0.080208 0.638426 0.140625 0.300926 0.000781 0.000000 1.000000
0 727 0.080729 0.637500 0.139583 0.299074 0.000521 -0.000926 1.000000
0 728 0.084115 0.638426 0.136979 0.300926 0.003385 0.000926 1.000000
0 729 0.085677 0.638889 0.134896 0.301852 0.001563 0.000463 1.000000
0 730 0.086198 0.637963 0.133854 0.300000 0.000521 -0.000926 1.000000
0 731 0.087760 0.639352 0.133854 0.300926 0.001563 0.001389 1.000000
0 732 0.088021 0.640741 0.135417 0.301852 0.000260 0.001389 1.000000
0 733 0.089323 0.639352 0.134896 0.299074 0.001302 -0.001389 1.000000
0 734 0.089583 0.640278 0.133333 0.299074 0.000260 0.000926 1.000000
0 735 0.090365 0.640278 0.131771 0.299074 0.000781 0.000000 1.000000
0 736 0.091927 0.641204 0.131771 0.299074 0.001563 0.000926 1.000000
0 737 0.091927 0.640741 0.131771 0.298148 0.000000 -0.000463 1.000000
0 738 0.093229 0.640741 0.131250 0.296296 0.001302 0.000000 1.000000
0 739 0.094010 0.641204 0.130729 0.297222 0.000781 0.000463 1.000000
0 740 0.096354 0.642130 0.132292 0.297222 0.002344 0.000926 1.000000
0 741 0.097135 0.642130 0.131771 0.293519 0.000781 0.000000 1.000000
0 742 0.098698 0.643056 0.131771 0.291667 0.001563 0.000926 1.000000
0 743 0.100000 0.642130 0.131250 0.289815 0.001302 -0.000926 1.000000
0 744 0.101302 0.643056 0.131771 0.291667 0.001302 0.000926 1.000000
0 745 0.102865 0.643981 0.131771 0.291667 0.001563 0.000926 1.000000
0 746 0.104167 0.644907 0.131250 0.289815 0.001302 0.000926 1.000000
0 747 0.105729 0.644444 0.132292 0.287037 0.001563 -0.000463 1.000000
0 748 0.111198 0.645833 0.131771 0.286111 0.005469 0.001389 1.000000
0 749 0.114583 0.645833 0.132292 0.286111 0.003385 0.000000 1.000000
0 750 0.119010 0.644907 0.134896 0.284259 0.004427 -0.000926 1.000000
0 751 0.125260 0.644444 0.131771 0.283333 0.006250 -0.000463 1.000000
0 752 0.135156 0.645370 0.129688 0.281481 0.009896 0.000926 1.000000
0 753 0.143229 0.645833 0.122917 0.278704 0.008073 0.000463 1.000000
0 754 0.152083 0.650000 0.111458 0.275926 0.008854 0.004167 1.000000
0 755 0.157292 0.653241 0.106250 0.276852 0.005208 0.003241 1.000000
0 756 0.164844 0.653704 0.098437 0.274074 0.007552 0.000463 1.000000
0 757 0.172917 0.653704 0.092708 0.275926 0.008073 0.000000 1.000000
0 758 0.187240 0.651852 0.098437 0.279630 0.014323 -0.001852 1.000000
0 759 0.200521 0.650000 0.096875 0.283333 0.013281 -0.001852 1.000000
0 760 0.223958 0.643519 0.087500 0.294444 0.023438 -0.006481 1.000000
0 761 0.226823 0.643056 0.092188 0.295370 0.002865 -0.000463 1.000000
0 762 0.227865 0.642593 0.094271 0.296296 0.001042 -0.000463 1.000000
0 763 0.227604 0.643519 0.094792 0.294444 -0.000260 0.000926 1.000000
0 764 0.230469 0.643056 0.095312 0.295370 0.002865 -0.000463 1.000000
0 765 0.233073 0.639352 0.096354 0.302778 0.002604 -0.003704 1.000000
0 766 0.237760 0.639352 0.088021 0.302778 0.004687 0.000000 1.000000
0 767 0.245312 0.637037 0.077083 0.298148 0.007552 -0.002315 1.000000
0 768 0.262240 0.632870 0.058854 0.295370 0.016927 -0.004167 1.000000
0 769 0.268750 0.633796 0.058333 0.297222 0.006510 0.000926 1.000000
0 770 0.271875 0.632870 0.060417 0.297222 0.003125 -0.000926 1.000000
0 771 0.277083 0.631944 0.068750 0.295370 0.005208 -0.000926 1.000000
0 772 0.279167 0.634722 0.075000 0.289815 0.002083 0.002778 1.000000
0 773 0.277604 0.635648 0.072917 0.286111 -0.001563 0.000926 1.000000
0 774 0.278906 0.637500 0.073438 0.284259 0.001302 0.001852 1.000000
0 775 0.279687 0.638889 0.075000 0.283333 0.000781 0.001389 1.000000
0 776 0.279948 0.634722 0.075521 0.280556 0.000260 -0.004167 1.000000
0 777 0.278385 0.631019 0.075521 0.278704 -0.001563 -0.003704 1.000000
0 778 0.276823 0.629167 0.075521 0.282407 -0.001563 -0.001852 1.000000
0 779 0.274219 0.627315 0.074479 0.284259 -0.002604 -0.001852 1.000000
0 780 0.273177 0.628241 0.076563 0.282407 -0.001042 0.000926 1.000000
0 781 0.272656 0.630556 0.077604 0.279630 -0.000521 0.002315 1.000000
0 782 0.272917 0.629630 0.077083 0.279630 0.000260 -0.000926 1.000000
0 783 0.272135 0.631944 0.078646 0.276852 -0.000781 0.002315 1.000000
0 784 0.271875 0.633333 0.080208 0.274074 -0.000260 0.001389 1.000000
0 785 0.271875 0.633333 0.079167 0.270370 0.000000 0.000000 1.000000
0 786 0.270833 0.631019 0.072917 0.267593 -0.001042 -0.002315 1.000000
0 787 0.268750 0.631944 0.063542 0.271296 -0.002083 0.000926 1.000000
0 788 0.258594 0.630556 0.051562 0.272222 -0.010156 -0.001389 1.000000
0 789 0.249219 0.630093 0.055729 0.273148 -0.009375 -0.000463 1.000000
0 790 0.245312 0.629630 0.062500 0.272222 -0.003906 -0.000463 1.000000
0 791 0.241406 0.630556 0.066146 0.268519 -0.003906 0.000926 1.000000
0 792 0.236979 0.632870 0.068750 0.263889 -0.004427 0.002315 1.000000
0 793 0.232813 0.633796 0.077083 0.262037 -0.004167 0.000926 1.000000
0 794 0.228125 0.634722 0.083333 0.260185 -0.004687 0.000926 1.000000
0 795 0.227083 0.636111 0.082292 0.259259 -0.001042 0.001389 1.000000
0 796 0.232813 0.635185 0.066667 0.255556 0.005729 -0.000926 1.000000
0 797 0.236719 0.636111 0.060937 0.253704 0.003906 0.000926 1.000000
0 798 0.238802 0.637963 0.067187 0.250000 0.002083 0.001852 1.000000
0 799 0.242969 0.642593 0.075521 0.242593 0.004167 0.004630 1.000000
0 800 0.246094 0.654167 0.085938 0.223148 0.003125 0.011574 1.000000
0 801 0.247396 0.660648 0.088542 0.210185 0.001302 0.006481 1.000000
0 802 0.247135 0.661111 0.088021 0.209259 -0.000260 0.000463 1.000000
0 803 0.247656 0.667130 0.089063 0.193519 0.000521 0.006019 1.000000
0 804 0.248177 0.680093 0.090104 0.167593 0.000521 0.012963 1.000000
0 805 0.247656 0.681944 0.089063 0.163889 -0.000521 0.001852 1.000000
0 806 0.248177 0.680093 0.090104 0.165741 0.000521 -0.001852 1.000000
0 807 0.248177 0.679630 0.090104 0.166667 0.000000 -0.000463 1.000000
0 808 0.247917 0.675463 0.089583 0.171296 -0.000260 -0.004167 1.000000
0 809 0.247656 0.677315 0.089063 0.173148 -0.000260 0.001852 1.000000
0 810 0.247656 0.677778 0.089063 0.174074 0.000000 0.000463 1.000000
0 811 0.247396 0.677315 0.088542 0.171296 -0.000260 -0.000463 1.000000
0 812 0.247656 0.679167 0.089063 0.169444 0.000260 0.001852 1.000000
0 813 0.247917 0.679167 0.089583 0.169444 0.000260 0.000000 1.000000
0 814 0.248177 0.679630 0.090104 0.170370 0.000260 0.000463 1.000000
0 815 0.247917 0.679167 0.090625 0.171296 -0.000260 -0.000463 1.000000
0 816 0.248958 0.678241 0.090625 0.171296 0.001042 -0.000926 1.000000
0 817 0.249219 0.678241 0.090104 0.171296 0.000260 0.000000 1.000000
0 818 0.250260 0.677778 0.089063 0.172222 0.001042 -0.000463 1.000000
0 819 0.251302 0.678704 0.088021 0.172222 0.001042 0.000926 1.000000
0 820 0.252344 0.680093 0.085938 0.169444 0.001042 0.001389 1.000000
0 821 0.252344 0.679630 0.084896 0.168519 0.000000 -0.000463 1.000000
0 822 0.252083 0.678704 0.084375 0.172222 -0.000260 -0.000926 1.000000
0 823 0.252604 0.675463 0.085417 0.180556 0.000521 -0.003241 1.000000
0 824 0.253125 0.660648 0.086458 0.204630 0.000521 -0.014815 1.000000
0 825 0.253646 0.654167 0.087500 0.221296 0.000521 -0.006481 1.000000
0 826 0.252865 0.647222 0.086979 0.235185 -0.000781 -0.006944 1.000000
0 827 0.253646 0.640741 0.088542 0.248148 0.000781 -0.006481 1.000000
0 828 0.261458 0.631481 0.070833 0.261111 0.007812 -0.009259 1.000000
0 829 0.265365 0.628241 0.071354 0.267593 0.003906 -0.003241 1.000000
0 830 0.267188 0.627778 0.072917 0.274074 0.001823 -0.000463 1.000000
0 831 0.267188 0.626389 0.072917 0.276852 0.000000 -0.001389 1.000000
0 832 0.266406 0.626852 0.074479 0.275926 -0.000781 0.000463 1.000000
0 833 0.266406 0.626389 0.074479 0.275000 0.000000 -0.000463 1.000000
0 834 0.266146 0.627315 0.075000 0.275000 -0.000260 0.000926 1.000000
0 835 0.266146 0.627778 0.075000 0.274074 0.000000 0.000463 1.000000
0 836 0.265625 0.627778 0.076042 0.272222 -0.000521 0.000000 1.000000
0 837 0.265625 0.625000 0.076042 0.277778 0.000000 -0.002778 1.000000
0 838 0.265104 0.626852 0.075000 0.275926 -0.000521 0.001852 1.000000
0 839 0.264844 0.626852 0.074479 0.274074 -0.000260 0.000000 1.000000
0 840 0.265625 0.626852 0.076042 0.272222 0.000781 0.000000 1.000000
0 841 0.264583 0.626389 0.076042 0.271296 -0.001042 -0.000463 1.000000
0 842 0.264583 0.628704 0.075000 0.272222 0.000000 0.002315 1.000000
0 843 0.264844 0.629167 0.077604 0.271296 0.000260 0.000463 1.000000
0 844 0.265104 0.630556 0.076042 0.268519 0.000260 0.001389 1.000000
0 845 0.265104 0.630556 0.076042 0.266667 0.000000 0.000000 1.000000
0 846 0.265104 0.629167 0.075000 0.267593 0.000000 -0.001389 1.000000
0 847 0.265625 0.628704 0.075000 0.270370 0.000521 -0.000463 1.000000
0 848 0.265885 0.628241 0.075521 0.269444 0.000260 -0.000463 1.000000
0 849 0.265885 0.629167 0.076563 0.269444 0.000000 0.000926 1.000000
0 850 0.265625 0.630093 0.077083 0.269444 -0.000260 0.000926 1.000000
0 851 0.266406 0.628704 0.076563 0.272222 0.000781 -0.001389 1.000000
0 852 0.265885 0.629167 0.076563 0.269444 -0.000521 0.000463 1.000000
0 853 0.266146 0.630556 0.076042 0.268519 0.000260 0.001389 1.000000
0 854 0.265885 0.630556 0.075521 0.268519 -0.000260 0.000000 1.000000
0 855 0.266406 0.630093 0.076563 0.269444 0.000521 -0.000463 1.000000
0 856 0.266146 0.628704 0.078125 0.268519 -0.000260 -0.001389 1.000000
0 857 0.265625 0.629167 0.078125 0.269444 -0.000521 0.000463 1.000000
0 858 0.266146 0.630556 0.077083 0.268519 0.000521 0.001389 1.000000
0 859 0.266406 0.630556 0.078646 0.268519 0.000260 0.000000 1.000000
0 860 0.265885 0.630556 0.077604 0.268519 -0.000521 0.000000 1.000000
0 861 0.265885 0.630093 0.077604 0.267593 0.000000 -0.000463 1.000000
0 862 0.265365 0.631019 0.077604 0.265741 -0.000521 0.000926 1.000000
0 863 0.265625 0.630093 0.078125 0.267593 0.000260 -0.000926 1.000000
0 864 0.266667 0.628704 0.079167 0.268519 0.001042 -0.001389 1.000000
0 865 0.265625 0.628704 0.082292 0.270370 -0.001042 0.000000 1.000000
0 866 0.266406 0.627315 0.084896 0.271296 0.000781 -0.001389 1.000000
0 867 0.266667 0.628704 0.084375 0.268519 0.000260 0.001389 1.000000
0 868 0.265365 0.630093 0.082812 0.265741 -0.001302 0.001389 1.000000
0 869 0.265625 0.631019 0.083333 0.263889 0.000260 0.000926 1.000000
0 870 0.265104 0.632407 0.081250 0.261111 -0.000521 0.001389 1.000000
0 871 0.265365 0.634722 0.079687 0.256481 0.000260 0.002315 1.000000
0 872 0.264323 0.641667 0.079687 0.240741 -0.001042 0.006944 1.000000
0 873 0.264583 0.646759 0.081250 0.230556 0.000260 0.005093 1.000000
0 874 0.264062 0.655093 0.084375 0.215741 -0.000521 0.008333 1.000000
0 875 0.264583 0.662500 0.085417 0.200926 0.000521 0.007407 1.000000
0 876 0.264323 0.675926 0.085938 0.174074 -0.000260 0.013426 1.000000
0 877 0.263542 0.677778 0.086458 0.174074 -0.000781 0.001852 1.000000
0 878 0.263021 0.675463 0.086458 0.175000 -0.000521 -0.002315 1.000000
0 879 0.263281 0.673611 0.086979 0.176852 0.000260 -0.001852 1.000000
0 880 0.263281 0.672685 0.088021 0.178704 0.000000 -0.000926 1.000000
0 881 0.263021 0.673148 0.087500 0.181481 -0.000260 0.000463 1.000000
0 882 0.262760 0.672685 0.085938 0.180556 -0.000260 -0.000463 1.000000
0 883 0.263542 0.671296 0.086458 0.179630 0.000781 -0.001389 1.000000
0 884 0.264062 0.671296 0.086458 0.181481 0.000521 0.000000 1.000000
0 885 0.263802 0.670833 0.085938 0.182407 -0.000260 -0.000463 1.000000
0 886 0.264062 0.670833 0.085417 0.184259 0.000260 0.000000 1.000000
0 887 0.264062 0.670370 0.085417 0.185185 0.000000 -0.000463 1.000000
0 888 0.264583 0.670833 0.084375 0.184259 0.000521 0.000463 1.000000
0 889 0.264323 0.671759 0.084896 0.184259 -0.000260 0.000926 1.000000
0 890 0.264062 0.670370 0.085417 0.185185 -0.000260 -0.001389 1.000000
0 891 0.263802 0.668519 0.085938 0.188889 -0.000260 -0.001852 1.000000
0 892 0.263021 0.666667 0.086458 0.192593 -0.000781 -0.001852 1.000000
0 893 0.261979 0.665741 0.085417 0.196296 -0.001042 -0.000926 1.000000
0 894 0.261458 0.663426 0.089583 0.199074 -0.000521 -0.002315 1.000000
0 895 0.258333 0.663426 0.091667 0.199074 -0.003125 0.000000 1.000000
0 896 0.260417 0.666204 0.103125 0.191667 0.002083 0.002778 1.000000
0 897 0.260677 0.668056 0.104688 0.187963 0.000260 0.001852 1.000000
0 898 0.261458 0.670370 0.103125 0.185185 0.000781 0.002315 1.000000
0 899 0.259375 0.673148 0.103125 0.179630 -0.002083 0.002778 1.000000
0 900 0.257812 0.672685 0.103125 0.180556 -0.001563 -0.000463 1.000000
0 901 0.257552 0.671759 0.102604 0.184259 -0.000260 -0.000926 1.000000
0 902 0.258073 0.666204 0.103646 0.195370 0.000521 -0.005556 1.000000
0 903 0.259635 0.659722 0.102604 0.210185 0.001563 -0.006481 1.000000
0 904 0.264583 0.645370 0.093750 0.237037 0.004948 -0.014352 1.000000
0 905 0.262240 0.642130 0.089063 0.243519 -0.002344 -0.003241 1.000000
0 906 0.261719 0.637963 0.088021 0.250000 -0.000521 -0.004167 1.000000
0 907 0.266146 0.636574 0.080208 0.252778 0.004427 -0.001389 1.000000
0 908 0.275000 0.633796 0.055208 0.250926 0.008854 -0.002778 1.000000
0 909 0.278125 0.634722 0.044792 0.249074 0.003125 0.000926 1.000000
0 910 0.278125 0.635185 0.041667 0.248148 0.000000 0.000463 1.000000
0 911 0.279948 0.633796 0.042188 0.250926 0.001823 -0.001389 1.000000
0 912 0.278646 0.631019 0.045833 0.256481 -0.001302 -0.002778 1.000000
0 913 0.276562 0.631019 0.048958 0.256481 -0.002083 0.000000 1.000000
0 914 0.276302 0.630093 0.048438 0.258333 -0.000260 -0.000926 1.000000
0 915 0.275521 0.629630 0.048958 0.261111 -0.000781 -0.000463 1.000000
0 916 0.275521 0.629167 0.050000 0.250926 0.000000 -0.000463 1.000000
0 917 0.277344 0.631944 0.051562 0.245370 0.001823 0.002778 1.000000
0 918 0.278646 0.632407 0.052083 0.244444 0.001302 0.000463 1.000000
0 919 0.279167 0.632407 0.052083 0.242593 0.000521 0.000000 1.000000
0 920 0.282031 0.630093 0.052604 0.247222 0.002865 -0.002315 1.000000
0 921 0.283854 0.629167 0.056250 0.247222 0.001823 -0.000926 1.000000
0 922 0.286979 0.629167 0.053125 0.249074 0.003125 0.000000 1.000000
0 923 0.289062 0.630556 0.051042 0.250000 0.002083 0.001389 1.000000
0 924 0.289583 0.631019 0.051042 0.249074 0.000521 0.000463 1.000000
0 925 0.290625 0.631019 0.047917 0.247222 0.001042 0.000000 1.000000
0 926 0.293490 0.630093 0.048438 0.249074 0.002865 -0.000926 1.000000
0 927 0.293229 0.628704 0.047917 0.248148 -0.000260 -0.001389 1.000000
0 928 0.292708 0.625926 0.046875 0.251852 -0.000521 -0.002778 1.000000
0 929 0.295052 0.625926 0.051562 0.253704 0.002344 0.000000 1.000000
0 930 0.296875 0.627315 0.053125 0.252778 0.001823 0.001389 1.000000
0 931 0.297135 0.627315 0.051562 0.252778 0.000260 0.000000 1.000000
0 932 0.295052 0.625463 0.046354 0.252778 -0.002083 -0.001852 1.000000
0 933 0.296094 0.625926 0.046354 0.251852 0.001042 0.000463 1.000000
0 934 0.297135 0.626389 0.050521 0.250926 0.001042 0.000463 1.000000
0 935 0.296354 0.626852 0.056250 0.250000 -0.000781 0.000463 1.000000
0 936 0.296094 0.627315 0.076563 0.249074 -0.000260 0.000463 1.000000
0 937 0.301302 0.627315 0.097396 0.250926 0.005208 0.000000 1.000000
0 938 0.303906 0.628241 0.104688 0.250926 0.002604 0.000926 1.000000
0 939 0.301302 0.627778 0.100521 0.253704 -0.002604 -0.000463 1.000000
0 940 0.301563 0.627778 0.116667 0.251852 0.000260 0.000000 1.000000
0 941 0.292448 0.627778 0.133854 0.251852 -0.009115 0.000000 1.000000
0 942 0.286719 0.628704 0.135937 0.251852 -0.005729 0.000926 1.000000
0 943 0.286979 0.628704 0.133333 0.251852 0.000260 0.000000 1.000000
0 944 0.296354 0.629167 0.111458 0.249074 0.009375 0.000463 1.000000
0 945 0.294531 0.629167 0.082812 0.247222 -0.001823 0.000000 1.000000
0 946 0.294010 0.627778 0.075521 0.244444 -0.000521 -0.001389 1.000000
0 947 0.293490 0.622685 0.068229 0.249074 -0.000521 -0.005093 1.000000
0 948 0.295312 0.610648 0.066667 0.273148 0.001823 -0.012037 1.000000
0 949 0.296094 0.609259 0.067187 0.274074 0.000781 -0.001389 1.000000
0 950 0.294010 0.609259 0.069271 0.274074 -0.002083 0.000000 1.000000
0 951 0.292708 0.609722 0.075000 0.275000 -0.001302 0.000463 1.000000
0 952 0.292969 0.615278 0.078646 0.265741 0.000260 0.005556 1.000000
0 953 0.292708 0.619907 0.079167 0.258333 -0.000260 0.004630 1.000000
0 954 0.290885 0.621759 0.075521 0.250926 -0.001823 0.001852 1.000000
0 955 0.290104 0.626389 0.069792 0.243519 -0.000781 0.004630 1.000000
0 956 0.293490 0.635185 0.070312 0.224074 0.003385 0.008796 1.000000
0 957 0.295573 0.638889 0.069271 0.212963 0.002083 0.003704 1.000000
0 958 0.296094 0.639815 0.070312 0.212963 0.000521 0.000926 1.000000
0 959 0.297656 0.645833 0.070312 0.202778 0.001563 0.006019 1.000000
0 960 0.299740 0.659259 0.069271 0.175926 0.002083 0.013426 1.000000
0 961 0.299479 0.662500 0.067708 0.171296 -0.000260 0.003241 1.000000
0 962 0.300521 0.664815 0.064583 0.164815 0.001042 0.002315 1.000000
0 963 0.301302 0.663889 0.060937 0.164815 0.000781 -0.000926 1.000000
0 964 0.303906 0.660648 0.053646 0.169444 0.002604 -0.003241 1.000000
0 965 0.309375 0.659259 0.053125 0.172222 0.005469 -0.001389 1.000000
0 968 0.321875 0.648148 0.060417 0.196296 0.004167 -0.003704 1.000000
0 969 0.324740 0.646296 0.063021 0.200000 0.002865 -0.001852 1.000000
0 970 0.328125 0.641667 0.063542 0.205556 0.003385 -0.004630 1.000000
0 971 0.332552 0.637500 0.059896 0.206481 0.004427 -0.004167 1.000000
0 972 0.345313 0.632870 0.046875 0.212037 0.012760 -0.004630 1.000000
0 973 0.349740 0.632407 0.052604 0.212963 0.004427 -0.000463 1.000000
0 974 0.361719 0.631019 0.075521 0.215741 0.011979 -0.001389 1.000000
0 975 0.367969 0.628704 0.088021 0.218519 0.006250 -0.002315 1.000000
0 980 0.394792 0.625926 0.048958 0.216667 0.005365 -0.000556 1.000000
0 981 0.403906 0.625463 0.061979 0.221296 0.009115 -0.000463 1.000000
0 982 0.410677 0.622685 0.071354 0.223148 0.006771 -0.002778 1.000000
0 983 0.414583 0.618981 0.072917 0.232407 0.003906 -0.003704 1.000000
0 984 0.409115 0.614352 0.070312 0.243519 -0.005469 -0.004630 1.000000
0 985 0.407031 0.611111 0.073438 0.238889 -0.002083 -0.003241 1.000000
0 986 0.409375 0.609259 0.073958 0.235185 0.002344 -0.001852 1.000000
0 987 0.412500 0.611111 0.073958 0.231481 0.003125 0.001852 1.000000
0 988 0.415104 0.617593 0.077083 0.231481 0.002604 0.006481 1.000000
0 989 0.416927 0.618056 0.074479 0.228704 0.001823 0.000463 1.000000
0 990 0.417708 0.618519 0.073958 0.229630 0.000781 0.000463 1.000000
0 991 0.406510 0.618981 0.095312 0.230556 -0.011198 0.000463 1.000000
0 992 0.410938 0.618981 0.086458 0.230556 0.004427 0.000000 1.000000
0 993 0.413281 0.617593 0.097396 0.235185 0.002344 -0.001389 1.000000
0 994 0.416927 0.609722 0.102604 0.249074 0.003646 -0.007870 1.000000
0 995 0.418229 0.607870 0.102083 0.250926 0.001302 -0.001852 1.000000
0 996 0.420052 0.603704 0.102604 0.259259 0.001823 -0.004167 1.000000
0 997 0.420312 0.604167 0.103125 0.258333 0.000260 0.000463 1.000000
0 998 0.421354 0.607870 0.098958 0.258333 0.001042 0.003704 1.000000
0 999 0.419792 0.614352 0.094792 0.243519 -0.001563 0.006481 1.000000
0 1000 0.411979 0.620833 0.078125 0.228704 -0.007812 0.006481 1.000000
0 1001 0.408594 0.620833 0.068229 0.228704 -0.003385 0.000000 1.000000
0 1002 0.404427 0.620833 0.059896 0.230556 -0.004167 0.000000 1.000000
0 1003 0.406250 0.619444 0.054167 0.231481 0.001823 -0.001389 1.000000
0 1004 0.415104 0.615278 0.043750 0.237963 0.008854 -0.004167 1.000000
0 1005 0.414062 0.612963 0.047917 0.233333 -0.001042 -0.002315 1.000000
0 1006 0.411719 0.611574 0.051562 0.225000 -0.002344 -0.001389 1.000000
0 1007 0.408594 0.617593 0.056771 0.222222 -0.003125 0.006019 1.000000
0 1008 0.404427 0.623148 0.059896 0.212963 -0.004167 0.005556 1.000000
0 1009 0.405729 0.623611 0.058333 0.213889 0.001302 0.000463 1.000000
0 1010 0.407292 0.621296 0.055208 0.216667 0.001563 -0.002315 1.000000
0 1011 0.410938 0.619907 0.052083 0.219444 0.003646 -0.001389 1.000000
0 1012 0.416406 0.622685 0.043229 0.217593 0.005469 0.002778 1.000000
0 1013 0.416667 0.626389 0.044792 0.210185 0.000260 0.003704 1.000000
0 1014 0.417969 0.628704 0.051562 0.201852 0.001302 0.002315 1.000000
0 1015 0.419531 0.630556 0.051562 0.190741 0.001563 0.001852 1.000000
0 1016 0.421354 0.637963 0.048958 0.192593 0.001823 0.007407 1.000000
0 1017 0.421094 0.640741 0.047396 0.188889 -0.000260 0.002778 1.000000
0 1018 0.421354 0.641204 0.045833 0.187963 0.000260 0.000463 1.000000
0 1019 0.420312 0.641204 0.045833 0.189815 -0.001042 0.000000 1.000000
0 1020 0.418490 0.632870 0.047396 0.199074 -0.001823 -0.008333 1.000000
0 1021 0.417187 0.629167 0.047917 0.210185 -0.001302 -0.003704 1.000000
0 1022 0.416146 0.625000 0.047917 0.220370 -0.001042 -0.004167 1.000000
0 1023 0.415104 0.620370 0.047917 0.225926 -0.001042 -0.004630 1.000000
0 1024 0.413542 0.614815 0.044792 0.237037 -0.001563 -0.005556 1.000000
0 1025 0.413542 0.611111 0.045833 0.225926 0.000000 -0.003704 1.000000
0 1026 0.413021 0.615278 0.045833 0.226852 -0.000521 0.004167 1.000000
0 1027 0.411458 0.618056 0.044792 0.219444 -0.001563 0.002778 1.000000
0 1028 0.411979 0.621759 0.042708 0.213889 0.000521 0.003704 1.000000
0 1029 0.413281 0.621296 0.043229 0.214815 0.001302 -0.000463 1.000000
0 1030 0.413542 0.618981 0.045833 0.219444 0.000260 -0.002315 1.000000
0 1031 0.414062 0.621296 0.048958 0.225926 0.000521 0.002315 1.000000
0 1032 0.416667 0.619907 0.053125 0.226852 0.002604 -0.001389 1.000000
0 1033 0.419271 0.621759 0.053125 0.223148 0.002604 0.001852 1.000000
0 1034 0.421094 0.624074 0.051562 0.216667 0.001823 0.002315 1.000000
0 1035 0.422135 0.625926 0.051562 0.205556 0.001042 0.001852 1.000000
0 1036 0.416146 0.631019 0.063542 0.199074 -0.005990 0.005093 1.000000
0 1037 0.410417 0.635185 0.075000 0.194444 -0.005729 0.004167 1.000000
0 1038 0.409115 0.638426 0.080729 0.187963 -0.001302 0.003241 1.000000
0 1039 0.409115 0.640741 0.081771 0.185185 0.000000 0.002315 1.000000
0 1040 0.410417 0.639352 0.080208 0.187963 0.001302 -0.001389 1.000000
0 1041 0.414844 0.637037 0.069271 0.188889 0.004427 -0.002315 1.000000
0 1042 0.420573 0.636111 0.053646 0.192593 0.005729 -0.000926 1.000000
0 1043 0.424479 0.632870 0.063542 0.200926 0.003906 -0.003241 1.000000
0 1044 0.422396 0.630093 0.062500 0.204630 -0.002083 -0.002778 1.000000
0 1045 0.416667 0.625926 0.052083 0.211111 -0.005729 -0.004167 1.000000
0 1046 0.413802 0.622222 0.043229 0.218519 -0.002865 -0.003704 1.000000
0 1047 0.412500 0.618056 0.042708 0.225000 -0.001302 -0.004167 1.000000
0 1048 0.410677 0.606944 0.046354 0.208333 -0.001823 -0.011111 1.000000
0 1049 0.412500 0.614815 0.042708 0.220370 0.001823 0.007870 1.000000
0 1050 0.413542 0.618519 0.046875 0.224074 0.001042 0.003704 1.000000
0 1051 0.414844 0.620833 0.051562 0.219444 0.001302 0.002315 1.000000
0 1052 0.418490 0.625463 0.057813 0.210185 0.003646 0.004630 1.000000
0 1053 0.416667 0.626389 0.054167 0.210185 -0.001823 0.000926 1.000000
0 1054 0.414583 0.626389 0.051042 0.213889 -0.002083 0.000000 1.000000
0 1055 0.413021 0.620833 0.055208 0.219444 -0.001563 -0.005556 1.000000
0 1056 0.414062 0.615278 0.057292 0.232407 0.001042 -0.005556 1.000000
0 1057 0.417448 0.612037 0.052604 0.242593 0.003385 -0.003241 1.000000
0 1058 0.418750 0.606481 0.053125 0.248148 0.001302 -0.005556 1.000000
0 1059 0.420052 0.601852 0.055729 0.244444 0.001302 -0.004630 1.000000
0 1060 0.422656 0.596296 0.053646 0.233333 0.002604 -0.005556 1.000000
0 1061 0.423698 0.598148 0.051562 0.231481 0.001042 0.001852 1.000000
0 1062 0.424740 0.602778 0.049479 0.231481 0.001042 0.004630 1.000000
0 1063 0.426302 0.612037 0.046354 0.237037 0.001563 0.009259 1.000000
0 1064 0.426563 0.618519 0.040625 0.224074 0.000260 0.006481 1.000000
0 1065 0.428125 0.618056 0.041667 0.225000 0.001563 -0.000463 1.000000
0 1066 0.426823 0.617593 0.044271 0.225926 -0.001302 -0.000463 1.000000
0 1067 0.425000 0.614352 0.045833 0.232407 -0.001823 -0.003241 1.000000
0 1068 0.425000 0.609259 0.047917 0.240741 0.000000 -0.005093 1.000000
0 1069 0.424479 0.605093 0.045833 0.234259 -0.000521 -0.004167 1.000000
0 1070 0.421354 0.599537 0.042708 0.225000 -0.003125 -0.005556 1.000000
0 1071 0.419010 0.594907 0.040104 0.213889 -0.002344 -0.004630 1.000000
0 1072 0.415365 0.613426 0.036979 0.236111 -0.003646 0.018519 1.000000
0 1073 0.414062 0.617130 0.039583 0.230556 -0.001302 0.003704 1.000000
0 1074 0.411198 0.620370 0.040104 0.227778 -0.002865 0.003241 1.000000
0 1075 0.409896 0.623611 0.044792 0.223148 -0.001302 0.003241 1.000000
0 1076 0.410677 0.623148 0.050521 0.224074 0.000781 -0.000463 1.000000
0 1077 0.413281 0.620833 0.053646 0.228704 0.002604 -0.002315 1.000000
0 1078 0.415625 0.615741 0.056250 0.235185 0.002344 -0.005093 1.000000
0 1079 0.417969 0.611574 0.058854 0.239815 0.002344 -0.004167 1.000000
0 1080 0.419792 0.603704 0.061458 0.238889 0.001823 -0.007870 1.000000
0 1081 0.420312 0.602778 0.063542 0.238889 0.000521 -0.000926 1.000000
0 1082 0.419271 0.609259 0.062500 0.242593 -0.001042 0.006481 1.000000
0 1083 0.419531 0.612500 0.065104 0.239815 0.000260 0.003241 1.000000
0 1084 0.421354 0.617130 0.065625 0.234259 0.001823 0.004630 1.000000
0 1085 0.424219 0.616204 0.065104 0.234259 0.002865 -0.000926 1.000000
0 1086 0.427083 0.615278 0.060417 0.234259 0.002865 -0.000926 1.000000
0 1087 0.429167 0.617593 0.058333 0.235185 0.002083 0.002315 1.000000
0 1088 0.432552 0.621759 0.058854 0.226852 0.003385 0.004167 1.000000
0 1089 0.434896 0.623148 0.058333 0.225926 0.002344 0.001389 1.000000
0 1090 0.436458 0.623611 0.058333 0.225000 0.001563 0.000463 1.000000
0 1091 0.438542 0.623611 0.058333 0.223148 0.002083 0.000000 1.000000
0 1092 0.444792 0.627778 0.063542 0.218519 0.006250 0.004167 1.000000
0 1093 0.445833 0.626389 0.061458 0.219444 0.001042 -0.001389 1.000000
0 1094 0.445312 0.626389 0.057292 0.221296 -0.000521 0.000000 1.000000
0 1095 0.444531 0.624537 0.056771 0.219444 -0.000781 -0.001852 1.000000
0 1096 0.441146 0.618056 0.052083 0.236111 -0.003385 -0.006481 1.000000
0 1097 0.439323 0.614352 0.053646 0.241667 -0.001823 -0.003704 1.000000
0 1098 0.438021 0.611574 0.054167 0.245370 -0.001302 -0.002778 1.000000
0 1099 0.436979 0.608796 0.056250 0.243519 -0.001042 -0.002778 1.000000
0 1100 0.434635 0.608333 0.058854 0.238889 -0.002344 -0.000463 1.000000
0 1101 0.431771 0.615741 0.058333 0.240741 -0.002865 0.007407 1.000000
0 1102 0.429167 0.618519 0.058333 0.233333 -0.002604 0.002778 1.000000
0 1103 0.427865 0.620370 0.066146 0.229630 -0.001302 0.001852 1.000000
0 1104 0.428385 0.622685 0.069271 0.232407 0.000521 0.002315 1.000000
0 1105 0.426302 0.623148 0.060937 0.231481 -0.002083 0.000463 1.000000
0 1106 0.421875 0.625000 0.053125 0.231481 -0.004427 0.001852 1.000000
0 1107 0.419531 0.624537 0.048438 0.228704 -0.002344 -0.000463 1.000000
0 1108 0.415365 0.626852 0.041146 0.227778 -0.004167 0.002315 1.000000
0 1109 0.414583 0.627315 0.038542 0.223148 -0.000781 0.000463 1.000000
0 1110 0.414323 0.627778 0.038021 0.218519 -0.000260 0.000463 1.000000
0 1111 0.412500 0.626852 0.039583 0.218519 -0.001823 -0.000926 1.000000
0 1112 0.407813 0.635185 0.043750 0.203704 -0.004687 0.008333 1.000000
0 1113 0.404948 0.637963 0.048438 0.198148 -0.002865 0.002778 1.000000
0 1114 0.404687 0.637500 0.047917 0.197222 -0.000260 -0.000463 1.000000
0 1115 0.400260 0.636574 0.053646 0.197222 -0.004427 -0.000926 1.000000
0 1116 0.399740 0.633796 0.053646 0.202778 -0.000521 -0.002778 1.000000
0 1117 0.399740 0.633796 0.050521 0.206481 0.000000 0.000000 1.000000
0 1118 0.400521 0.631944 0.048958 0.213889 0.000781 -0.001852 1.000000
0 1119 0.401823 0.631944 0.045312 0.221296 0.001302 0.000000 1.000000
0 1120 0.402604 0.630556 0.044792 0.225926 0.000781 -0.001389 1.000000
0 1121 0.400781 0.631481 0.049479 0.227778 -0.001823 0.000926 1.000000
0 1122 0.399740 0.631944 0.051562 0.228704 -0.001042 0.000463 1.000000
0 1123 0.398698 0.631481 0.052604 0.227778 -0.001042 -0.000463 1.000000
0 1124 0.394531 0.626389 0.052604 0.236111 -0.004167 -0.005093 1.000000
0 1125 0.391667 0.625000 0.050000 0.238889 -0.002865 -0.001389 1.000000
0 1126 0.389844 0.630093 0.047396 0.250926 -0.001823 0.005093 1.000000
0 1127 0.388802 0.633796 0.050521 0.250926 -0.001042 0.003704 1.000000
0 1128 0.387500 0.635648 0.053125 0.247222 -0.001302 0.001852 1.000000
0 1129 0.387240 0.637037 0.053646 0.244444 -0.000260 0.001389 1.000000
0 1130 0.386719 0.635648 0.054688 0.247222 -0.000521 -0.001389 1.000000
0 1131 0.383594 0.635185 0.055729 0.246296 -0.003125 -0.000463 1.000000
0 1132 0.379688 0.633796 0.050000 0.250926 -0.003906 -0.001389 1.000000
0 1133 0.379167 0.634722 0.048958 0.262037 -0.000521 0.000926 1.000000
0 1134 0.378125 0.635185 0.047917 0.261111 -0.001042 0.000463 1.000000
0 1135 0.377865 0.634259 0.047396 0.264815 -0.000260 -0.000926 1.000000
0 1136 0.375781 0.631944 0.046354 0.265741 -0.002083 -0.002315 1.000000
0 1137 0.374740 0.630556 0.045312 0.268519 -0.001042 -0.001389 1.000000
0 1138 0.373698 0.629167 0.045312 0.271296 -0.001042 -0.001389 1.000000
0 1139 0.371875 0.627778 0.047917 0.274074 -0.001823 -0.001389 1.000000
0 1140 0.370573 0.627315 0.051562 0.275000 -0.001302 -0.000463 1.000000
0 1141 0.370312 0.626852 0.053125 0.275926 -0.000260 -0.000463 1.000000
0 1142 0.370573 0.626389 0.052604 0.276852 0.000260 -0.000463 1.000000
0 1143 0.369792 0.625926 0.054167 0.277778 -0.000781 -0.000463 1.000000
0 1144 0.369792 0.626389 0.053125 0.278704 0.000000 0.000463 1.000000
0 1145 0.369010 0.625926 0.053646 0.279630 -0.000781 -0.000463 1.000000
0 1146 0.369010 0.625926 0.052604 0.277778 0.000000 0.000000 1.000000
0 1147 0.368750 0.625000 0.052083 0.279630 -0.000260 -0.000926 1.000000
0 1148 0.368490 0.625926 0.051562 0.279630 -0.000260 0.000926 1.000000
0 1149 0.369271 0.625463 0.053125 0.278704 0.000781 -0.000463 1.000000
0 1150 0.369531 0.626389 0.053646 0.278704 0.000260 0.000926 1.000000
0 1151 0.369271 0.625926 0.053125 0.277778 -0.000260 -0.000463 1.000000
0 1152 0.369010 0.625926 0.051562 0.277778 -0.000260 0.000000 1.000000
0 1153 0.368750 0.626389 0.051042 0.278704 -0.000260 0.000463 1.000000
0 1154 0.369010 0.625463 0.050521 0.278704 0.000260 -0.000926 1.000000
0 1155 0.368750 0.625926 0.050000 0.277778 -0.000260 0.000463 1.000000
0 1156 0.370052 0.626852 0.050521 0.277778 0.001302 0.000926 1.000000
0 1157 0.370312 0.626389 0.051042 0.276852 0.000260 -0.000463 1.000000
0 1158 0.370573 0.625926 0.050521 0.277778 0.000260 -0.000463 1.000000
0 1159 0.370312 0.625926 0.050000 0.279630 -0.000260 0.000000 1.000000
0 1160 0.370833 0.625926 0.050000 0.279630 0.000521 0.000000 1.000000
0 1161 0.370573 0.625926 0.049479 0.279630 -0.000260 0.000000 1.000000
0 1162 0.370573 0.625926 0.049479 0.279630 0.000000 0.000000 1.000000
0 1163 0.370573 0.625926 0.049479 0.279630 0.000000 0.000000 1.000000
0 1164 0.371094 0.625926 0.049479 0.279630 0.000521 0.000000 1.000000
0 1165 0.371354 0.625926 0.048958 0.279630 0.000260 0.000000 1.000000
0 1166 0.371615 0.625926 0.048438 0.279630 0.000260 0.000000 1.000000
0 1167 0.371875 0.625926 0.047917 0.279630 0.000260 0.000000 1.000000
0 1168 0.372917 0.625926 0.045833 0.279630 0.001042 0.000000 1.000000
0 1169 0.373437 0.625926 0.044792 0.279630 0.000521 0.000000 1.000000
0 1170 0.374479 0.625926 0.043750 0.279630 0.001042 0.000000 1.000000
0 1171 0.374740 0.625926 0.042188 0.279630 0.000260 0.000000 1.000000
0 1172 0.375000 0.625926 0.042708 0.279630 0.000260 0.000000 1.000000
0 1173 0.374740 0.625926 0.042188 0.279630 -0.000260 0.000000 1.000000
0 1174 0.375260 0.625926 0.042188 0.279630 0.000521 0.000000 1.000000
0 1175 0.375000 0.625926 0.042708 0.279630 -0.000260 0.000000 1.000000
0 1176 0.374740 0.625926 0.043229 0.279630 -0.000260 0.000000 1.000000
0 1177 0.374219 0.625926 0.044271 0.279630 -0.000521 0.000000 1.000000
0 1178 0.373958 0.625000 0.044792 0.279630 -0.000260 -0.000926 1.000000
0 1179 0.373698 0.625000 0.045312 0.279630 -0.000260 0.000000 1.000000
0 1180 0.373177 0.625000 0.046354 0.279630 -0.000521 0.000000 1.000000
0 1181 0.372917 0.625463 0.046875 0.280556 -0.000260 0.000463 1.000000
0 1182 0.372135 0.624537 0.047396 0.280556 -0.000781 -0.000926 1.000000
0 1183 0.371875 0.624537 0.047917 0.280556 -0.000260 0.000000 1.000000
0 1184 0.371875 0.624537 0.048958 0.280556 0.000000 0.000000 1.000000
0 1185 0.371094 0.624074 0.049479 0.281481 -0.000781 -0.000463 1.000000
0 1186 0.370833 0.623611 0.050000 0.282407 -0.000260 -0.000463 1.000000
0 1187 0.370312 0.623148 0.051042 0.283333 -0.000521 -0.000463 1.000000
0 1188 0.369792 0.622222 0.052083 0.287037 -0.000521 -0.000926 1.000000
0 1189 0.369271 0.620833 0.053125 0.289815 -0.000521 -0.001389 1.000000
0 1190 0.369010 0.620370 0.053646 0.290741 -0.000260 -0.000463 1.000000
0 1191 0.368229 0.619907 0.054167 0.291667 -0.000781 -0.000463 1.000000
0 1192 0.367448 0.619444 0.054688 0.292593 -0.000781 -0.000463 1.000000
0 1193 0.367188 0.618056 0.055208 0.293519 -0.000260 -0.001389 1.000000
0 1194 0.366406 0.617593 0.055729 0.294444 -0.000781 -0.000463 1.000000
0 1195 0.366146 0.617130 0.056250 0.295370 -0.000260 -0.000463 1.000000
0 1196 0.365365 0.616667 0.056771 0.296296 -0.000781 -0.000463 1.000000
0 1197 0.365365 0.617593 0.056771 0.296296 0.000000 0.000926 1.000000
0 1198 0.364323 0.616667 0.055729 0.296296 -0.001042 -0.000926 1.000000
0 1199 0.364063 0.616204 0.056250 0.297222 -0.000260 -0.000463 1.000000
0 1200 0.364063 0.616204 0.057292 0.297222 0.000000 0.000000 1.000000
0 1201 0.363802 0.616667 0.057813 0.298148 -0.000260 0.000463 1.000000
0 1202 0.363021 0.615741 0.058333 0.298148 -0.000781 -0.000926 1.000000
0 1203 0.362500 0.616204 0.058333 0.299074 -0.000521 0.000463 1.000000
