0 1 0.271094 0.373148 0.129688 0.464815 1.000000
0 2 0.269271 0.375463 0.131250 0.460185 1.000000
0 3 0.269010 0.378241 0.138021 0.456481 1.000000
0 4 0.266927 0.374537 0.141146 0.463889 1.000000
0 5 0.266146 0.373148 0.146875 0.464815 1.000000
0 6 0.263021 0.373148 0.147917 0.466667 1.000000
0 7 0.259635 0.372222 0.148438 0.468519 1.000000
0 8 0.250781 0.372685 0.142187 0.467593 1.000000
0 9 0.250521 0.376852 0.146875 0.459259 1.000000
0 10 0.248698 0.398148 0.151562 0.500000 1.000000
0 11 0.246354 0.404630 0.151042 0.490741 1.000000
0 12 0.246875 0.423611 0.150000 0.486111 1.000000
0 13 0.245833 0.429167 0.154167 0.487963 1.000000
0 14 0.241927 0.440278 0.150521 0.476852 1.000000
0 15 0.238281 0.439815 0.131771 0.481481 1.000000
0 16 0.240104 0.441667 0.089583 0.475926 1.000000
0 17 0.238021 0.440278 0.095833 0.482407 1.000000
0 18 0.234635 0.428241 0.127604 0.502778 1.000000
0 19 0.235937 0.416667 0.129167 0.516667 1.000000
0 20 0.237760 0.403241 0.121354 0.510185 1.000000
0 21 0.236458 0.404630 0.123958 0.512963 1.000000
0 22 0.234896 0.404167 0.121875 0.515741 1.000000
0 23 0.232552 0.404167 0.128646 0.512037 1.000000
0 24 0.225260 0.412963 0.150521 0.498148 1.000000
0 25 0.219792 0.418519 0.159375 0.487037 1.000000
0 26 0.211458 0.430556 0.164583 0.466667 1.000000
0 27 0.214583 0.437963 0.163542 0.453704 1.000000
0 28 0.210417 0.471759 0.163542 0.515741 1.000000
0 29 0.204427 0.481481 0.160938 0.535185 1.000000
0 30 0.203125 0.493519 0.136458 0.550000 1.000000
0 31 0.200260 0.493056 0.124479 0.552778 1.000000
0 32 0.197396 0.489815 0.108333 0.564815 1.000000
0 33 0.195833 0.484722 0.106250 0.567593 1.000000
0 34 0.193490 0.478704 0.146354 0.553704 1.000000
0 35 0.191927 0.467593 0.167187 0.527778 1.000000
0 36 0.193750 0.465741 0.175000 0.548148 1.000000
0 37 0.189062 0.492593 0.182292 0.572222 1.000000
0 38 0.186198 0.509259 0.194271 0.590741 1.000000
0 39 0.185938 0.513889 0.180208 0.598148 1.000000
0 40 0.183594 0.528241 0.152604 0.604630 1.000000
0 41 0.180469 0.527315 0.135937 0.608333 1.000000
0 42 0.171875 0.526389 0.111458 0.612037 1.000000
0 43 0.171094 0.528704 0.106771 0.611111 1.000000
0 44 0.164583 0.530093 0.115625 0.604630 1.000000
0 45 0.159115 0.532870 0.126562 0.604630 1.000000
0 46 0.144531 0.535648 0.148438 0.600926 1.000000
0 47 0.138021 0.538426 0.147917 0.595370 1.000000
0 48 0.132812 0.538889 0.188542 0.598148 1.000000
0 49 0.133333 0.536574 0.234375 0.599074 1.000000
0 50 0.133073 0.531944 0.266146 0.608333 1.000000
0 51 0.132812 0.532407 0.265625 0.611111 1.000000
0 52 0.143750 0.524537 0.242708 0.625000 1.000000
0 53 0.151302 0.517130 0.223438 0.630556 1.000000
0 54 0.152344 0.504167 0.183854 0.639815 1.000000
0 55 0.141927 0.500000 0.172396 0.648148 1.000000
0 56 0.126562 0.493981 0.193750 0.656481 1.000000
0 57 0.129688 0.493981 0.201042 0.656481 1.000000
0 58 0.133073 0.498611 0.201563 0.649074 1.000000
0 59 0.136979 0.502778 0.191667 0.644444 1.000000
0 60 0.166667 0.512963 0.179167 0.618519 1.000000
0 61 0.172917 0.519444 0.170833 0.611111 1.000000
0 62 0.173437 0.523148 0.170833 0.603704 1.000000
0 63 0.171875 0.521759 0.170833 0.606481 1.000000
0 64 0.161458 0.521296 0.192708 0.609259 1.000000
0 65 0.162760 0.524074 0.191146 0.607407 1.000000
0 66 0.158594 0.525463 0.197396 0.602778 1.000000
0 67 0.157552 0.527315 0.197396 0.604630 1.000000
0 68 0.165365 0.526852 0.185938 0.603704 1.000000
0 69 0.167708 0.526389 0.178125 0.599074 1.000000
0 70 0.169792 0.529630 0.179167 0.594444 1.000000
0 71 0.167448 0.528704 0.184896 0.596296 1.000000
0 72 0.154167 0.523148 0.210417 0.598148 1.000000
0 73 0.152604 0.520833 0.213542 0.597222 1.000000
0 74 0.154427 0.529630 0.209896 0.612963 1.000000
0 75 0.150521 0.529630 0.214583 0.603704 1.000000
0 76 0.146875 0.530556 0.220833 0.605556 1.000000
0 77 0.150521 0.529167 0.214583 0.602778 1.000000
0 78 0.159375 0.526852 0.197917 0.596296 1.000000
0 79 0.161979 0.531019 0.194792 0.595370 1.000000
0 80 0.161458 0.526852 0.194792 0.603704 1.000000
0 81 0.158854 0.525000 0.191667 0.611111 1.000000
0 82 0.154948 0.524074 0.200521 0.620370 1.000000
0 83 0.151823 0.527778 0.217188 0.622222 1.000000
0 84 0.150000 0.531481 0.223958 0.614815 1.000000
0 85 0.153385 0.529630 0.221354 0.611111 1.000000
0 86 0.172396 0.528704 0.206250 0.609259 1.000000
0 87 0.173698 0.530556 0.206771 0.605556 1.000000
0 88 0.174479 0.537037 0.207292 0.598148 1.000000
0 89 0.175000 0.536111 0.208333 0.600000 1.000000
0 90 0.170052 0.535185 0.218229 0.612963 1.000000
0 91 0.167969 0.536111 0.218229 0.614815 1.000000
0 92 0.169010 0.537037 0.215104 0.616667 1.000000
0 93 0.167448 0.538889 0.220312 0.618519 1.000000
0 94 0.164323 0.540741 0.228646 0.611111 1.000000
0 95 0.166406 0.539352 0.223438 0.608333 1.000000
0 96 0.171615 0.536574 0.214062 0.615741 1.000000
0 97 0.172656 0.534259 0.215104 0.624074 1.000000
0 98 0.170573 0.522222 0.210938 0.651852 1.000000
0 99 0.172135 0.515741 0.208854 0.662963 1.000000
0 100 0.174479 0.503241 0.196875 0.675000 1.000000
0 101 0.170573 0.506481 0.193229 0.685185 1.000000
0 102 0.169271 0.512963 0.196875 0.677778 1.000000
0 103 0.169010 0.513426 0.195312 0.675000 1.000000
0 104 0.173698 0.519907 0.184896 0.669444 1.000000
0 105 0.166406 0.527778 0.204687 0.668519 1.000000
0 106 0.163021 0.544444 0.212500 0.651852 1.000000
0 107 0.162240 0.549537 0.213021 0.636111 1.000000
0 108 0.165365 0.564352 0.217188 0.606481 1.000000
0 109 0.165625 0.574074 0.217708 0.590741 1.000000
0 110 0.165885 0.596296 0.218229 0.548148 1.000000
0 111 0.165625 0.600463 0.218750 0.534259 1.000000
0 112 0.165365 0.606944 0.217188 0.528704 1.000000
0 113 0.165104 0.606019 0.217708 0.532407 1.000000
0 114 0.166927 0.597222 0.221354 0.550000 1.000000
0 115 0.173177 0.582407 0.236979 0.579630 1.000000
0 116 0.180990 0.577315 0.248438 0.589815 1.000000
0 117 0.188802 0.573148 0.231771 0.601852 1.000000
0 118 0.220833 0.562963 0.166667 0.596296 1.000000
0 119 0.241406 0.559722 0.129688 0.610185 1.000000
0 120 0.262760 0.568981 0.133854 0.647222 1.000000
0 121 0.271094 0.564352 0.143229 0.667593 1.000000
0 122 0.302865 0.554630 0.186979 0.679630 1.000000
0 123 0.322396 0.552778 0.220833 0.681481 1.000000
0 124 0.340104 0.551852 0.259375 0.672222 1.000000
0 125 0.342708 0.553704 0.277083 0.674074 1.000000
0 126 0.347135 0.563426 0.286979 0.684259 1.000000
0 127 0.350260 0.565278 0.293229 0.686111 1.000000
0 128 0.353125 0.567130 0.298958 0.687963 1.000000
0 129 0.354427 0.568056 0.298438 0.687963 1.000000
0 130 0.355469 0.568981 0.297396 0.687963 1.000000
0 131 0.355990 0.569907 0.298438 0.689815 1.000000
0 132 0.352344 0.566204 0.306771 0.697222 1.000000
0 133 0.348698 0.571296 0.317188 0.688889 1.000000
0 134 0.344792 0.587037 0.328125 0.653704 1.000000
0 135 0.345052 0.600926 0.329688 0.627778 1.000000
0 136 0.346875 0.618519 0.322917 0.590741 1.000000
0 137 0.347656 0.639352 0.318229 0.550926 1.000000
0 138 0.344792 0.652315 0.321875 0.519444 1.000000
0 139 0.344271 0.650463 0.322917 0.528704 1.000000
0 140 0.343229 0.633333 0.323958 0.562963 1.000000
0 141 0.345313 0.622685 0.320833 0.576852 1.000000
0 142 0.348438 0.609722 0.319792 0.597222 1.000000
0 143 0.347656 0.601852 0.319271 0.618519 1.000000
0 144 0.348177 0.609259 0.323437 0.603704 1.000000
0 145 0.348698 0.617593 0.327604 0.588889 1.000000
0 146 0.352865 0.639352 0.320312 0.543519 1.000000
0 147 0.349740 0.646296 0.314063 0.531481 1.000000
0 148 0.346094 0.647685 0.315104 0.532407 1.000000
0 149 0.346094 0.643981 0.314063 0.536111 1.000000
0 150 0.347135 0.629167 0.315104 0.560185 1.000000
0 151 0.348177 0.620833 0.318229 0.569444 1.000000
0 152 0.348958 0.612500 0.323958 0.599074 1.000000
0 153 0.347656 0.615741 0.327604 0.590741 1.000000
0 154 0.347396 0.632870 0.331250 0.560185 1.000000
0 155 0.349479 0.637500 0.328125 0.543519 1.000000
0 156 0.347917 0.654167 0.320833 0.513889 1.000000
0 157 0.345833 0.655093 0.317708 0.513889 1.000000
0 158 0.341667 0.645833 0.318750 0.526852 1.000000
0 159 0.341146 0.636574 0.319792 0.543519 1.000000
0 160 0.341406 0.623611 0.329688 0.565741 1.000000
0 161 0.343229 0.616667 0.331250 0.581481 1.000000
0 162 0.343490 0.617593 0.336979 0.577778 1.000000
0 163 0.341406 0.624537 0.333854 0.569444 1.000000
0 164 0.329427 0.638426 0.294271 0.539815 1.000000
0 165 0.327604 0.640741 0.286458 0.533333 1.000000
0 166 0.321354 0.626389 0.251042 0.547222 1.000000
0 167 0.307292 0.610185 0.250000 0.564815 1.000000
0 168 0.282031 0.592130 0.213021 0.595370 1.000000
0 169 0.270573 0.585185 0.193229 0.600000 1.000000
0 170 0.274479 0.586111 0.172917 0.611111 1.000000
0 171 0.272135 0.589352 0.161979 0.619444 1.000000
0 172 0.265104 0.600000 0.162500 0.609259 1.000000
0 173 0.259896 0.603704 0.163542 0.603704 1.000000
0 174 0.256510 0.595370 0.166146 0.609259 1.000000
0 175 0.265365 0.584722 0.160938 0.610185 1.000000
0 176 0.272917 0.556944 0.164583 0.600926 1.000000
0 177 0.286979 0.546296 0.193750 0.587037 1.000000
0 178 0.257812 0.524074 0.139583 0.533333 1.000000
0 179 0.258854 0.519444 0.139583 0.509259 1.000000
0 180 0.258594 0.521296 0.146354 0.500000 1.000000
0 181 0.258073 0.523611 0.152604 0.489815 1.000000
0 182 0.259635 0.523148 0.155729 0.490741 1.000000
0 183 0.260937 0.519907 0.156250 0.495370 1.000000
0 184 0.269010 0.501852 0.144271 0.500000 1.000000
0 185 0.271615 0.492593 0.147396 0.501852 1.000000
0 186 0.273698 0.476852 0.143229 0.475926 1.000000
0 187 0.280208 0.474074 0.141667 0.461111 1.000000
0 188 0.309896 0.465741 0.188542 0.416667 1.000000
0 189 0.307812 0.480093 0.184375 0.393519 1.000000
0 190 0.310937 0.488889 0.191667 0.392593 1.000000
0 191 0.312500 0.485185 0.183333 0.400000 1.000000
0 192 0.314844 0.473611 0.185938 0.417593 1.000000
0 193 0.317188 0.468056 0.181250 0.434259 1.000000
0 194 0.337760 0.443981 0.158854 0.426852 1.000000
0 195 0.352344 0.434722 0.142187 0.410185 1.000000
0 196 0.365104 0.417593 0.135417 0.392593 1.000000
0 197 0.373698 0.418056 0.148438 0.391667 1.000000
0 198 0.418750 0.408796 0.150000 0.393519 1.000000
0 199 0.417969 0.409259 0.147396 0.392593 1.000000
0 200 0.420573 0.409259 0.196354 0.374074 1.000000
0 201 0.428125 0.401852 0.185417 0.394444 1.000000
0 202 0.433854 0.394444 0.175000 0.414815 1.000000
0 203 0.439323 0.388426 0.167187 0.423148 1.000000
0 205 0.489063 0.370370 0.107292 0.444444 1.000000
0 206 0.516406 0.358333 0.096354 0.453704 1.000000
0 207 0.515625 0.355556 0.095833 0.459259 1.000000
0 208 0.542188 0.354630 0.108333 0.459259 1.000000
0 209 0.558073 0.355556 0.128646 0.459259 1.000000
0 210 0.578385 0.355556 0.158854 0.470370 1.000000
0 211 0.589844 0.352778 0.180729 0.470370 1.000000
0 212 0.596615 0.347222 0.192188 0.468519 1.000000
0 213 0.608594 0.350926 0.198437 0.442593 1.000000
0 214 0.633073 0.367593 0.201563 0.442593 1.000000
0 215 0.642448 0.374537 0.197396 0.430556 1.000000
0 216 0.659375 0.389815 0.175000 0.396296 1.000000
0 217 0.663542 0.402315 0.165625 0.369444 1.000000
0 218 0.667188 0.418981 0.157292 0.336111 1.000000
0 219 0.668229 0.420370 0.157292 0.329630 1.000000
0 220 0.668229 0.420370 0.157292 0.329630 1.000000
0 221 0.668229 0.421759 0.157292 0.328704 1.000000
0 222 0.668750 0.423148 0.157292 0.327778 1.000000
0 223 0.668750 0.423148 0.157292 0.327778 1.000000
0 224 0.668229 0.423611 0.157292 0.326852 1.000000
0 225 0.668229 0.424074 0.157292 0.325926 1.000000
0 226 0.668750 0.425000 0.157292 0.327778 1.000000
0 227 0.668750 0.425000 0.157292 0.329630 1.000000
0 228 0.668750 0.425000 0.157292 0.327778 1.000000
0 229 0.668750 0.426852 0.157292 0.324074 1.000000
0 230 0.668229 0.426389 0.157292 0.325000 1.000000
0 231 0.668229 0.425000 0.157292 0.329630 1.000000
0 232 0.668750 0.421759 0.157292 0.332407 1.000000
0 233 0.667708 0.422685 0.157292 0.332407 1.000000
0 234 0.668229 0.423148 0.157292 0.331481 1.000000
0 235 0.668750 0.424074 0.157292 0.331481 1.000000
0 236 0.668750 0.423611 0.157292 0.330556 1.000000
0 237 0.667708 0.424074 0.157292 0.329630 1.000000
0 238 0.668229 0.422222 0.157292 0.331481 1.000000
0 239 0.668229 0.421759 0.157292 0.330556 1.000000
0 240 0.668750 0.421296 0.157292 0.333333 1.000000
0 241 0.667969 0.419444 0.156771 0.333333 1.000000
0 242 0.668229 0.418981 0.156250 0.332407 1.000000
0 243 0.668229 0.419907 0.156250 0.334259 1.000000
0 244 0.667708 0.419444 0.156250 0.335185 1.000000
0 245 0.668229 0.419907 0.156250 0.336111 1.000000
0 246 0.667969 0.419444 0.156771 0.335185 1.000000
0 247 0.667969 0.418981 0.156771 0.337963 1.000000
0 248 0.667969 0.412500 0.156771 0.352778 1.000000
0 249 0.667969 0.417130 0.156771 0.339815 1.000000
0 250 0.667448 0.417130 0.155729 0.339815 1.000000
0 251 0.665365 0.415741 0.160938 0.342593 1.000000
0 252 0.660417 0.411574 0.171875 0.334259 1.000000
0 253 0.666927 0.406944 0.157812 0.334259 1.000000
0 254 0.670052 0.404167 0.151562 0.337963 1.000000
0 255 0.672917 0.398148 0.145833 0.348148 1.000000
0 256 0.667969 0.396759 0.154688 0.354630 1.000000
0 257 0.665365 0.390278 0.159896 0.369444 1.000000
0 289 0.484635 0.359722 0.113021 0.462037 1.000000
0 290 0.481510 0.359722 0.110937 0.462037 1.000000
0 291 0.480729 0.359722 0.112500 0.462037 1.000000
0 292 0.476042 0.359722 0.112500 0.462037 1.000000
0 293 0.476562 0.358796 0.112500 0.462037 1.000000
0 294 0.476562 0.357870 0.112500 0.462037 1.000000
0 295 0.476823 0.356944 0.111979 0.462037 1.000000
0 296 0.476823 0.356019 0.111979 0.462037 1.000000
0 297 0.477865 0.358796 0.111979 0.462037 1.000000
0 298 0.477604 0.359722 0.111458 0.462037 1.000000
0 299 0.477604 0.360648 0.111458 0.462037 1.000000
0 300 0.476823 0.360648 0.108854 0.462037 1.000000
0 301 0.478646 0.360648 0.108333 0.462037 1.000000
0 302 0.480208 0.361111 0.108333 0.462963 1.000000
0 303 0.481771 0.360185 0.108333 0.462963 1.000000
0 304 0.482552 0.360185 0.107813 0.462963 1.000000
0 305 0.482552 0.360185 0.107813 0.462963 1.000000
0 306 0.482552 0.361111 0.107813 0.462963 1.000000
0 307 0.482292 0.361111 0.107292 0.462963 1.000000
0 308 0.482031 0.361111 0.103646 0.462963 1.000000
0 309 0.486719 0.362037 0.099479 0.462963 1.000000
0 310 0.487240 0.362037 0.099479 0.462963 1.000000
0 311 0.492969 0.359259 0.099479 0.462963 1.000000
0 312 0.494792 0.357407 0.098958 0.462963 1.000000
0 313 0.496354 0.357407 0.098958 0.462963 1.000000
0 314 0.498437 0.356481 0.095833 0.462963 1.000000
0 315 0.499219 0.357407 0.095312 0.461111 1.000000
0 316 0.499740 0.358333 0.095312 0.459259 1.000000
0 317 0.500781 0.359259 0.095312 0.457407 1.000000
0 318 0.501042 0.359259 0.094792 0.455556 1.000000
0 319 0.503125 0.359259 0.092708 0.455556 1.000000
0 320 0.505729 0.359259 0.088542 0.455556 1.000000
0 321 0.502344 0.359259 0.096354 0.455556 1.000000
0 322 0.504948 0.359259 0.092188 0.455556 1.000000
0 323 0.497917 0.362963 0.107292 0.450000 1.000000
0 324 0.484115 0.349537 0.133854 0.415741 1.000000
0 325 0.484375 0.351389 0.133333 0.410185 1.000000
0 326 0.482552 0.348611 0.155729 0.404630 1.000000
0 327 0.483594 0.349074 0.155729 0.403704 1.000000
0 328 0.484115 0.349074 0.155729 0.401852 1.000000
0 329 0.484635 0.349537 0.155729 0.400926 1.000000
0 330 0.485156 0.350000 0.155729 0.400000 1.000000
0 331 0.485677 0.352778 0.155729 0.394444 1.000000
0 332 0.486719 0.354630 0.155729 0.388889 1.000000
0 333 0.487240 0.356944 0.155729 0.382407 1.000000
0 334 0.487760 0.357870 0.155729 0.375000 1.000000
0 335 0.488281 0.359259 0.155729 0.372222 1.000000
0 336 0.488802 0.360185 0.155729 0.370370 1.000000
0 337 0.487760 0.361111 0.168229 0.370370 1.000000
0 338 0.486719 0.361574 0.180729 0.369444 1.000000
0 339 0.487240 0.370833 0.180729 0.387963 1.000000
0 340 0.487760 0.368981 0.180729 0.387963 1.000000
0 341 0.487760 0.367593 0.180729 0.375926 1.000000
0 342 0.488281 0.374537 0.180729 0.384259 1.000000
0 343 0.491927 0.384722 0.180729 0.410185 1.000000
0 344 0.491927 0.382870 0.180729 0.410185 1.000000
0 345 0.492188 0.381481 0.181250 0.409259 1.000000
0 346 0.492708 0.377778 0.181250 0.409259 1.000000
0 347 0.489583 0.377778 0.181250 0.409259 1.000000
0 348 0.486198 0.376852 0.173437 0.411111 1.000000
0 349 0.479167 0.379167 0.158333 0.406481 1.000000
0 350 0.479167 0.374537 0.157292 0.415741 1.000000
0 351 0.479167 0.376852 0.157292 0.411111 1.000000
0 352 0.479687 0.376389 0.157292 0.410185 1.000000
0 353 0.479948 0.376389 0.156771 0.410185 1.000000
0 354 0.480469 0.375000 0.156771 0.412963 1.000000
0 355 0.484375 0.371759 0.161458 0.415741 1.000000
0 356 0.487500 0.366667 0.157292 0.411111 1.000000
0 357 0.490885 0.358333 0.151562 0.420370 1.000000
0 358 0.489844 0.356019 0.151562 0.423148 1.000000
0 359 0.489323 0.354167 0.151562 0.426852 1.000000
0 360 0.489844 0.354167 0.151562 0.426852 1.000000
0 361 0.490885 0.353704 0.151562 0.425926 1.000000
0 362 0.491406 0.353704 0.151562 0.425926 1.000000
0 363 0.495833 0.351852 0.142708 0.429630 1.000000
0 364 0.498958 0.350463 0.136458 0.432407 1.000000
0 365 0.505469 0.349537 0.118229 0.434259 1.000000
0 366 0.505469 0.347685 0.113021 0.437963 1.000000
0 367 0.510156 0.346296 0.110937 0.440741 1.000000
0 368 0.515365 0.346296 0.106771 0.440741 1.000000
0 369 0.512760 0.346296 0.105729 0.440741 1.000000
0 370 0.513021 0.346296 0.108333 0.440741 1.000000
0 371 0.515885 0.346296 0.106771 0.440741 1.000000
0 372 0.526042 0.346296 0.083333 0.440741 1.000000
0 373 0.527604 0.341667 0.082292 0.440741 1.000000
0 374 0.529167 0.339815 0.082292 0.440741 1.000000
0 375 0.531771 0.337037 0.097917 0.440741 1.000000
0 376 0.533073 0.337963 0.102604 0.440741 1.000000
0 377 0.530729 0.336111 0.108333 0.440741 1.000000
0 378 0.530729 0.337500 0.109375 0.439815 1.000000
0 379 0.532552 0.336574 0.114062 0.439815 1.000000
0 380 0.532031 0.336574 0.115104 0.439815 1.000000
0 381 0.538281 0.335185 0.129688 0.437037 1.000000
0 382 0.537500 0.336111 0.131250 0.437037 1.000000
0 383 0.548698 0.338426 0.153646 0.443519 1.000000
0 384 0.551042 0.337500 0.163542 0.443519 1.000000
0 385 0.550521 0.337963 0.162500 0.442593 1.000000
0 386 0.553125 0.338889 0.161458 0.442593 1.000000
0 387 0.552344 0.338889 0.158854 0.442593 1.000000
0 388 0.553125 0.338889 0.156250 0.442593 1.000000
0 389 0.553906 0.338889 0.154688 0.442593 1.000000
0 390 0.531771 0.338889 0.112500 0.442593 1.000000
0 391 0.531771 0.338426 0.109375 0.443519 1.000000
0 392 0.531771 0.337963 0.106250 0.444444 1.000000
0 393 0.531771 0.336574 0.103125 0.445370 1.000000
0 394 0.531771 0.336111 0.100000 0.446296 1.000000
0 395 0.531771 0.336111 0.096875 0.448148 1.000000
0 396 0.533333 0.337037 0.091667 0.448148 1.000000
0 397 0.536719 0.335185 0.091146 0.450000 1.000000
0 398 0.537240 0.335185 0.089063 0.450000 1.000000
0 399 0.538542 0.335185 0.083333 0.450000 1.000000
0 400 0.540104 0.334259 0.080208 0.450000 1.000000
0 401 0.542448 0.333333 0.077604 0.450000 1.000000
0 402 0.559635 0.332407 0.114062 0.450000 1.000000
0 403 0.563802 0.333333 0.114062 0.450000 1.000000
0 404 0.567708 0.336574 0.118750 0.443519 1.000000
0 405 0.566406 0.336574 0.115104 0.443519 1.000000
0 406 0.547656 0.336574 0.078646 0.443519 1.000000
0 407 0.548177 0.336111 0.078646 0.446296 1.000000
0 408 0.548958 0.333796 0.078125 0.449074 1.000000
0 409 0.552344 0.329630 0.079687 0.457407 1.000000
0 410 0.552865 0.321296 0.079687 0.470370 1.000000
0 411 0.553646 0.315741 0.077083 0.479630 1.000000
0 412 0.554688 0.316667 0.075000 0.479630 1.000000
0 413 0.554427 0.318981 0.072396 0.480556 1.000000
0 414 0.555990 0.318056 0.069271 0.480556 1.000000
0 415 0.555208 0.313889 0.078125 0.487037 1.000000
0 416 0.559375 0.313889 0.083333 0.487037 1.000000
0 417 0.563542 0.322222 0.089583 0.468519 1.000000
0 418 0.565104 0.321759 0.095833 0.447222 1.000000
0 419 0.569531 0.330556 0.126562 0.429630 1.000000
0 420 0.565885 0.343056 0.149479 0.425000 1.000000
0 421 0.571615 0.355093 0.149479 0.402778 1.000000
0 422 0.576823 0.356944 0.144271 0.399074 1.000000
0 423 0.591667 0.358796 0.132292 0.399074 1.000000
0 424 0.597917 0.358796 0.137500 0.399074 1.000000
0 425 0.624479 0.361111 0.108333 0.403704 1.000000
0 426 0.632812 0.358796 0.098958 0.406481 1.000000
0 427 0.649479 0.356019 0.104167 0.419444 1.000000
0 428 0.667708 0.352315 0.126042 0.428704 1.000000
0 429 0.679427 0.350926 0.132812 0.437037 1.000000
0 430 0.683333 0.347222 0.129167 0.442593 1.000000
0 431 0.696354 0.343981 0.107292 0.443519 1.000000
0 432 0.708854 0.343981 0.104167 0.443519 1.000000
0 433 0.728906 0.342130 0.093229 0.450926 1.000000
0 434 0.734115 0.341204 0.093229 0.452778 1.000000
0 435 0.751823 0.341204 0.096354 0.450926 1.000000
0 436 0.757812 0.342593 0.102083 0.450000 1.000000
0 437 0.765365 0.344444 0.111979 0.444444 1.000000
0 438 0.766927 0.344444 0.107813 0.444444 1.000000
0 439 0.775260 0.343981 0.094271 0.426852 1.000000
0 440 0.778385 0.341204 0.090104 0.432407 1.000000
0 441 0.785156 0.336111 0.096354 0.444444 1.000000
0 442 0.785677 0.334259 0.098437 0.448148 1.000000
0 443 0.785677 0.323611 0.093229 0.450926 1.000000
0 444 0.784896 0.319444 0.091667 0.459259 1.000000
0 445 0.784115 0.319444 0.096354 0.459259 1.000000
0 446 0.787500 0.319444 0.097917 0.459259 1.000000
0 447 0.792969 0.325000 0.102604 0.448148 1.000000
0 448 0.795052 0.324537 0.102604 0.447222 1.000000
0 449 0.796094 0.324074 0.102604 0.438889 1.000000
0 450 0.792708 0.321759 0.102083 0.441667 1.000000
0 451 0.783854 0.305093 0.097917 0.430556 1.000000
0 452 0.778646 0.308333 0.094792 0.424074 1.000000
0 453 0.773698 0.305556 0.100521 0.424074 1.000000
0 454 0.771354 0.303241 0.105208 0.426852 1.000000
0 455 0.767188 0.303241 0.109375 0.425000 1.000000
0 456 0.764844 0.302315 0.117188 0.423148 1.000000
0 457 0.754948 0.288426 0.134896 0.447222 1.000000
0 458 0.751823 0.291204 0.138021 0.436111 1.000000
0 459 0.745573 0.299074 0.130729 0.405556 1.000000
0 460 0.742969 0.299074 0.123438 0.405556 1.000000
0 461 0.736198 0.296759 0.103646 0.412037 1.000000
0 462 0.730469 0.293981 0.101562 0.413889 1.000000
0 463 0.719010 0.289815 0.118229 0.422222 1.000000
0 464 0.716927 0.276389 0.124479 0.452778 1.000000
0 465 0.713021 0.268056 0.128125 0.467593 1.000000
0 466 0.711979 0.268981 0.130208 0.463889 1.000000
0 467 0.703385 0.271296 0.126562 0.457407 1.000000
0 468 0.696094 0.271759 0.119271 0.456481 1.000000
0 469 0.677344 0.279630 0.105729 0.444444 1.000000
0 470 0.663281 0.292130 0.105729 0.430556 1.000000
0 471 0.651302 0.301852 0.105729 0.401852 1.000000
0 472 0.650000 0.299074 0.105208 0.424074 1.000000
0 473 0.644010 0.280556 0.120313 0.477778 1.000000
0 474 0.634115 0.274074 0.136979 0.490741 1.000000
0 476 0.611458 0.279630 0.096875 0.487037 1.000000
0 477 0.607552 0.297222 0.088021 0.450000 1.000000
0 478 0.603906 0.315278 0.078646 0.413889 1.000000
0 479 0.589844 0.312500 0.078646 0.423148 1.000000
0 480 0.589063 0.311574 0.078125 0.423148 1.000000
0 481 0.576823 0.291204 0.089063 0.473148 1.000000
0 482 0.571354 0.287500 0.097917 0.495370 1.000000
0 483 0.558073 0.299074 0.115104 0.500000 1.000000
0 484 0.560937 0.315278 0.119792 0.467593 1.000000
0 485 0.558333 0.337500 0.115625 0.430556 1.000000
0 486 0.550260 0.337500 0.138021 0.430556 1.000000
0 487 0.548958 0.341667 0.134375 0.435185 1.000000
0 488 0.546875 0.344907 0.130208 0.439815 1.000000
0 489 0.549479 0.340278 0.135417 0.447222 1.000000
0 490 0.547917 0.340278 0.153125 0.447222 1.000000
0 491 0.549479 0.342593 0.153125 0.451852 1.000000
0 492 0.550781 0.351389 0.149479 0.456481 1.000000
0 493 0.553906 0.354167 0.151562 0.456481 1.000000
0 494 0.556250 0.356481 0.145833 0.459259 1.000000
0 495 0.555469 0.353704 0.141146 0.462963 1.000000
0 496 0.561719 0.351852 0.139063 0.462963 1.000000
0 497 0.557031 0.356019 0.138021 0.471296 1.000000
0 498 0.552865 0.360185 0.136979 0.479630 1.000000
0 499 0.551823 0.358333 0.136979 0.479630 1.000000
0 500 0.552865 0.356019 0.136979 0.475000 1.000000
0 501 0.553385 0.357407 0.136979 0.472222 1.000000
0 502 0.553906 0.359722 0.136979 0.469444 1.000000
0 503 0.554427 0.362037 0.136979 0.464815 1.000000
0 504 0.554427 0.362037 0.136979 0.464815 1.000000
0 505 0.550260 0.363889 0.136979 0.464815 1.000000
0 506 0.549740 0.361111 0.136979 0.464815 1.000000
0 507 0.551823 0.360185 0.144271 0.464815 1.000000
0 508 0.558073 0.355556 0.146354 0.464815 1.000000
0 509 0.563021 0.364815 0.155208 0.474074 1.000000
0 510 0.561979 0.368056 0.155208 0.476852 1.000000
0 511 0.565104 0.372222 0.155208 0.481481 1.000000
0 512 0.566146 0.373148 0.155208 0.483333 1.000000
0 513 0.565104 0.348148 0.155208 0.533333 1.000000
0 514 0.565625 0.334722 0.155208 0.560185 1.000000
0 515 0.566146 0.340741 0.155208 0.548148 1.000000
0 516 0.567187 0.354167 0.155208 0.521296 1.000000
0 517 0.565625 0.371296 0.158333 0.487037 1.000000
0 518 0.565104 0.374537 0.158333 0.480556 1.000000
0 519 0.565365 0.375000 0.156771 0.475926 1.000000
0 520 0.566406 0.377778 0.155729 0.472222 1.000000
0 521 0.571094 0.376852 0.146354 0.472222 1.000000
0 522 0.567708 0.374537 0.153125 0.475000 1.000000
0 523 0.566146 0.380556 0.156250 0.470370 1.000000
0 524 0.572135 0.382407 0.144271 0.474074 1.000000
0 525 0.580208 0.377315 0.129167 0.473148 1.000000
0 526 0.580208 0.378241 0.129167 0.482407 1.000000
0 527 0.580729 0.376389 0.129167 0.486111 1.000000
0 528 0.581250 0.376389 0.129167 0.486111 1.000000
0 529 0.581771 0.376389 0.129167 0.486111 1.000000
0 530 0.581510 0.377778 0.128646 0.487037 1.000000
0 531 0.581510 0.375926 0.128646 0.487037 1.000000
0 532 0.580990 0.378704 0.128646 0.487037 1.000000
0 533 0.582031 0.378704 0.128646 0.487037 1.000000
0 534 0.582552 0.379630 0.128646 0.487037 1.000000
0 535 0.583594 0.379630 0.128646 0.487037 1.000000
0 536 0.584635 0.380556 0.128646 0.487037 1.000000
0 537 0.585677 0.380556 0.128646 0.487037 1.000000
0 538 0.586719 0.381481 0.128646 0.487037 1.000000
0 539 0.587500 0.382407 0.128125 0.487037 1.000000
0 540 0.588542 0.382407 0.128125 0.487037 1.000000
0 541 0.589583 0.386111 0.128125 0.487037 1.000000
0 542 0.590625 0.387963 0.128125 0.487037 1.000000
0 543 0.591667 0.388889 0.128125 0.487037 1.000000
0 544 0.592187 0.389815 0.128125 0.487037 1.000000
0 545 0.593750 0.391667 0.128125 0.487037 1.000000
0 546 0.594792 0.392593 0.128125 0.487037 1.000000
0 547 0.595833 0.394444 0.128125 0.488889 1.000000
0 548 0.597135 0.394907 0.127604 0.489815 1.000000
0 549 0.598177 0.396759 0.127604 0.491667 1.000000
0 550 0.600260 0.401389 0.127604 0.500926 1.000000
0 551 0.600781 0.402778 0.127604 0.498148 1.000000
0 552 0.601823 0.404167 0.127604 0.495370 1.000000
0 553 0.602344 0.407407 0.127604 0.501852 1.000000
0 554 0.602865 0.407870 0.127604 0.502778 1.000000
0 555 0.606250 0.414352 0.123958 0.510185 1.000000
0 556 0.607552 0.414815 0.120313 0.511111 1.000000
0 557 0.608594 0.416204 0.120313 0.512037 1.000000
0 558 0.609635 0.418519 0.119271 0.516667 1.000000
0 559 0.611979 0.409722 0.119792 0.500926 1.000000
0 560 0.610677 0.415741 0.123438 0.505556 1.000000
0 561 0.616146 0.420833 0.131250 0.502778 1.000000
0 562 0.616667 0.426852 0.133333 0.511111 1.000000
0 563 0.603646 0.418056 0.160417 0.478704 1.000000
0 564 0.603125 0.419444 0.162500 0.475926 1.000000
0 565 0.603646 0.424537 0.162500 0.467593 1.000000
0 566 0.604427 0.424074 0.161979 0.466667 1.000000
0 567 0.604948 0.424537 0.161979 0.465741 1.000000
0 568 0.605469 0.423611 0.161979 0.467593 1.000000
0 569 0.598177 0.410185 0.178646 0.468519 1.000000
0 570 0.598698 0.410185 0.178646 0.468519 1.000000
0 571 0.598698 0.410185 0.178646 0.468519 1.000000
0 572 0.598698 0.410185 0.178646 0.468519 1.000000
0 573 0.599219 0.410185 0.178646 0.468519 1.000000
0 574 0.599219 0.410185 0.178646 0.468519 1.000000
0 575 0.599740 0.411574 0.178646 0.467593 1.000000
0 576 0.600260 0.413426 0.178646 0.463889 1.000000
0 577 0.601042 0.415741 0.179167 0.459259 1.000000
0 578 0.601562 0.419444 0.179167 0.451852 1.000000
0 579 0.602083 0.422685 0.179167 0.443519 1.000000
0 580 0.607292 0.417130 0.178125 0.458333 1.000000
0 581 0.607292 0.417130 0.177083 0.458333 1.000000
0 582 0.610156 0.418981 0.172396 0.456481 1.000000
0 583 0.615365 0.419444 0.163021 0.455556 1.000000
0 584 0.624479 0.420370 0.145833 0.453704 1.000000
0 585 0.619531 0.421296 0.153646 0.450000 1.000000
0 586 0.620052 0.416667 0.153646 0.459259 1.000000
0 587 0.623958 0.411574 0.145833 0.463889 1.000000
0 588 0.614844 0.409259 0.159896 0.468519 1.000000
0 589 0.615365 0.410185 0.159896 0.466667 1.000000
0 590 0.610938 0.409259 0.167708 0.464815 1.000000
0 591 0.610417 0.409259 0.167708 0.464815 1.000000
0 592 0.602604 0.413889 0.185417 0.457407 1.000000
0 593 0.599740 0.416204 0.193229 0.452778 1.000000
0 594 0.598698 0.417130 0.193229 0.447222 1.000000
0 595 0.598698 0.417593 0.193229 0.444444 1.000000
0 596 0.601302 0.417593 0.189062 0.444444 1.000000
0 597 0.600260 0.414815 0.189062 0.450000 1.000000
0 598 0.601042 0.410648 0.189583 0.456481 1.000000
0 599 0.606250 0.409722 0.178125 0.456481 1.000000
0 600 0.606250 0.414815 0.175000 0.446296 1.000000
0 601 0.608333 0.417593 0.175000 0.442593 1.000000
0 602 0.607292 0.417593 0.175000 0.442593 1.000000
0 603 0.607812 0.416667 0.175000 0.440741 1.000000
