0 1 0.646484 0.430556 0.046094 0.241667 1.000000
0 2 0.646484 0.430556 0.046094 0.241667 1.000000
0 3 0.645312 0.430556 0.046875 0.241667 1.000000
0 4 0.644531 0.430556 0.048438 0.241667 1.000000
0 5 0.643750 0.430556 0.046875 0.241667 1.000000
0 6 0.642969 0.430556 0.048438 0.241667 1.000000
0 7 0.641797 0.431944 0.049219 0.238889 1.000000
0 8 0.640234 0.431944 0.050781 0.238889 1.000000
0 9 0.639062 0.431944 0.048438 0.238889 1.000000
0 10 0.638281 0.431944 0.050000 0.238889 1.000000
0 11 0.638672 0.431944 0.050781 0.238889 1.000000
0 12 0.637891 0.431944 0.049219 0.238889 1.000000
0 13 0.637500 0.434722 0.048438 0.241667 1.000000
0 14 0.637500 0.435417 0.048438 0.240278 1.000000
0 15 0.637109 0.435417 0.047656 0.240278 1.000000
0 16 0.637109 0.437500 0.047656 0.244444 1.000000
0 17 0.637109 0.438889 0.047656 0.241667 1.000000
0 18 0.639844 0.442361 0.053125 0.240278 1.000000
0 19 0.641016 0.445833 0.055469 0.238889 1.000000
0 20 0.642578 0.446528 0.058594 0.240278 1.000000
0 21 0.644141 0.449306 0.061719 0.240278 1.000000
0 22 0.646094 0.450694 0.065625 0.240278 1.000000
0 23 0.650781 0.453472 0.075000 0.243056 1.000000
0 24 0.652734 0.456250 0.078906 0.240278 1.000000
0 25 0.652344 0.457639 0.079687 0.237500 1.000000
0 26 0.653906 0.457639 0.082812 0.237500 1.000000
0 27 0.654687 0.457639 0.084375 0.237500 1.000000
0 28 0.652344 0.462500 0.087500 0.236111 1.000000
0 29 0.650391 0.463194 0.091406 0.237500 1.000000
0 30 0.649609 0.464583 0.096094 0.234722 1.000000
0 31 0.647266 0.464583 0.097656 0.234722 1.000000
0 32 0.644531 0.464583 0.098437 0.234722 1.000000
0 33 0.640234 0.464583 0.094531 0.234722 1.000000
0 34 0.639453 0.466667 0.096094 0.233333 1.000000
0 35 0.633594 0.467361 0.084375 0.234722 1.000000
0 36 0.627734 0.467361 0.074219 0.234722 1.000000
0 37 0.626172 0.468056 0.072656 0.236111 1.000000
0 38 0.619922 0.467361 0.063281 0.234722 1.000000
0 39 0.619531 0.467361 0.064062 0.234722 1.000000
0 40 0.618750 0.467361 0.062500 0.234722 1.000000
0 41 0.616797 0.466667 0.063281 0.233333 1.000000
0 42 0.615625 0.466667 0.064062 0.233333 1.000000
0 43 0.613672 0.463194 0.066406 0.237500 1.000000
0 44 0.611328 0.462500 0.067969 0.236111 1.000000
0 45 0.610547 0.461111 0.071094 0.238889 1.000000
0 46 0.608203 0.458333 0.072656 0.238889 1.000000
0 47 0.605859 0.452778 0.074219 0.244444 1.000000
0 48 0.601172 0.449306 0.075781 0.243056 1.000000
0 49 0.600000 0.447917 0.073438 0.245833 1.000000
0 50 0.599219 0.443056 0.068750 0.241667 1.000000
0 51 0.597266 0.440278 0.067969 0.241667 1.000000
0 52 0.599609 0.437500 0.060156 0.238889 1.000000
0 53 0.599219 0.434722 0.050000 0.247222 1.000000
0 54 0.597266 0.435417 0.047656 0.248611 1.000000
0 55 0.593750 0.435417 0.050000 0.248611 1.000000
0 56 0.591016 0.434028 0.050781 0.248611 1.000000
0 57 0.590625 0.432639 0.060937 0.248611 1.000000
0 58 0.591016 0.432639 0.077344 0.248611 1.000000
0 59 0.589063 0.432639 0.082812 0.248611 1.000000
0 60 0.587109 0.432639 0.086719 0.248611 1.000000
0 61 0.583984 0.433333 0.088281 0.250000 1.000000
0 62 0.580469 0.433333 0.087500 0.250000 1.000000
0 63 0.575391 0.434028 0.083594 0.248611 1.000000
0 64 0.574219 0.434028 0.081250 0.248611 1.000000
0 65 0.573438 0.433333 0.079687 0.247222 1.000000
0 66 0.571484 0.433333 0.072656 0.247222 1.000000
0 67 0.571484 0.434028 0.069531 0.245833 1.000000
0 68 0.568359 0.432639 0.066406 0.248611 1.000000
0 69 0.566797 0.431944 0.064844 0.250000 1.000000
0 70 0.564063 0.431944 0.065625 0.250000 1.000000
0 71 0.562500 0.431250 0.067187 0.248611 1.000000
0 72 0.559766 0.431250 0.067969 0.248611 1.000000
0 73 0.553516 0.432639 0.071094 0.245833 1.000000
0 74 0.551953 0.432639 0.071094 0.245833 1.000000
0 75 0.548828 0.434722 0.072656 0.241667 1.000000
0 76 0.546484 0.434722 0.074219 0.241667 1.000000
0 77 0.544141 0.434722 0.074219 0.241667 1.000000
0 78 0.540625 0.434028 0.073438 0.243056 1.000000
0 79 0.537109 0.432639 0.071094 0.245833 1.000000
0 80 0.532422 0.432639 0.067969 0.245833 1.000000
0 81 0.526953 0.432639 0.063281 0.245833 1.000000
0 82 0.519922 0.431250 0.057031 0.243056 1.000000
0 83 0.505469 0.429861 0.042188 0.245833 1.000000
0 84 0.501172 0.430556 0.041406 0.247222 1.000000
0 85 0.498828 0.429861 0.042969 0.248611 1.000000
0 86 0.495312 0.428472 0.050000 0.245833 1.000000
0 87 0.491016 0.427778 0.058594 0.244444 1.000000
0 88 0.484375 0.424306 0.075000 0.237500 1.000000
0 89 0.481250 0.424306 0.081250 0.237500 1.000000
0 90 0.479687 0.424306 0.085938 0.237500 1.000000
0 91 0.478125 0.423611 0.089063 0.238889 1.000000
0 92 0.476562 0.423611 0.089063 0.238889 1.000000
0 93 0.473438 0.422222 0.082812 0.241667 1.000000
0 94 0.472266 0.418056 0.075781 0.238889 1.000000
0 95 0.468750 0.418056 0.068750 0.241667 1.000000
0 96 0.466016 0.417361 0.058594 0.243056 1.000000
0 97 0.461719 0.416667 0.050000 0.241667 1.000000
0 98 0.450000 0.414583 0.045312 0.243056 1.000000
0 99 0.445703 0.413889 0.047656 0.244444 1.000000
0 100 0.442188 0.413194 0.048438 0.245833 1.000000
0 101 0.439453 0.413194 0.053906 0.245833 1.000000
0 102 0.437500 0.413194 0.057813 0.245833 1.000000
0 103 0.433984 0.413889 0.067969 0.244444 1.000000
0 104 0.432031 0.415278 0.071875 0.241667 1.000000
0 105 0.430469 0.415972 0.075000 0.240278 1.000000
0 106 0.430078 0.417361 0.075781 0.237500 1.000000
0 107 0.428125 0.416667 0.075000 0.238889 1.000000
0 108 0.425781 0.415972 0.070312 0.243056 1.000000
0 109 0.425781 0.416667 0.070312 0.241667 1.000000
0 110 0.424609 0.416667 0.067969 0.244444 1.000000
0 111 0.424609 0.416667 0.067969 0.247222 1.000000
0 112 0.426172 0.417361 0.064844 0.248611 1.000000
0 113 0.425781 0.420139 0.064062 0.251389 1.000000
0 114 0.425781 0.420139 0.059375 0.251389 1.000000
0 115 0.425000 0.420833 0.060937 0.252778 1.000000
0 116 0.421875 0.420139 0.060937 0.251389 1.000000
0 117 0.419141 0.420139 0.063281 0.251389 1.000000
0 118 0.414844 0.419444 0.064062 0.250000 1.000000
0 119 0.414062 0.420139 0.062500 0.248611 1.000000
0 120 0.413281 0.420139 0.064062 0.248611 1.000000
0 121 0.410938 0.419444 0.059375 0.247222 1.000000
0 122 0.408594 0.420139 0.059375 0.245833 1.000000
0 123 0.407031 0.421528 0.060937 0.243056 1.000000
0 124 0.405859 0.422222 0.061719 0.241667 1.000000
0 125 0.405078 0.422917 0.064844 0.243056 1.000000
0 126 0.404297 0.422917 0.063281 0.243056 1.000000
0 127 0.405078 0.424306 0.064844 0.243056 1.000000
0 128 0.405469 0.425694 0.067187 0.243056 1.000000
0 129 0.405469 0.426389 0.067187 0.241667 1.000000
0 130 0.405078 0.426389 0.066406 0.241667 1.000000
0 131 0.407031 0.427778 0.067187 0.238889 1.000000
0 132 0.406250 0.427778 0.065625 0.238889 1.000000
0 133 0.405859 0.427778 0.064844 0.238889 1.000000
0 134 0.405078 0.427083 0.063281 0.237500 1.000000
0 135 0.404687 0.425000 0.059375 0.238889 1.000000
0 136 0.404297 0.423611 0.058594 0.238889 1.000000
0 137 0.404297 0.423611 0.058594 0.238889 1.000000
0 138 0.403906 0.420833 0.057813 0.238889 1.000000
0 139 0.403906 0.418056 0.057813 0.241667 1.000000
0 140 0.403125 0.416667 0.056250 0.244444 1.000000
0 141 0.403125 0.415972 0.056250 0.243056 1.000000
0 142 0.403125 0.415972 0.056250 0.243056 1.000000
0 143 0.401172 0.415278 0.057031 0.244444 1.000000
0 144 0.400781 0.414583 0.057813 0.245833 1.000000
0 145 0.401172 0.414583 0.058594 0.245833 1.000000
0 146 0.403125 0.414583 0.057813 0.245833 1.000000
0 147 0.405078 0.415972 0.053906 0.243056 1.000000
0 148 0.407031 0.415278 0.050000 0.247222 1.000000
0 149 0.408594 0.417361 0.053125 0.248611 1.000000
0 150 0.410156 0.413889 0.050000 0.241667 1.000000
0 151 0.410547 0.415278 0.049219 0.244444 1.000000
0 152 0.410156 0.415972 0.050000 0.245833 1.000000
0 153 0.414844 0.414583 0.043750 0.245833 1.000000
0 154 0.414453 0.417361 0.049219 0.248611 1.000000
0 155 0.417578 0.416667 0.055469 0.244444 1.000000
0 156 0.424219 0.416667 0.068750 0.241667 1.000000
0 157 0.423047 0.412500 0.063281 0.236111 1.000000
0 158 0.423438 0.409028 0.060937 0.237500 1.000000
0 159 0.427344 0.409722 0.057813 0.236111 1.000000
0 160 0.419141 0.402778 0.058594 0.244444 1.000000
0 161 0.421484 0.401389 0.050781 0.244444 1.000000
0 162 0.420703 0.402083 0.049219 0.243056 1.000000
0 163 0.424219 0.402083 0.046875 0.243056 1.000000
0 164 0.424219 0.402778 0.046875 0.247222 1.000000
0 165 0.421875 0.405556 0.048438 0.236111 1.000000
0 166 0.420703 0.405556 0.047656 0.233333 1.000000
0 167 0.420703 0.406944 0.050781 0.236111 1.000000
0 168 0.418750 0.402778 0.048438 0.227778 1.000000
0 169 0.417187 0.399306 0.051562 0.226389 1.000000
0 170 0.413672 0.394444 0.047656 0.222222 1.000000
0 171 0.411328 0.390278 0.047656 0.225000 1.000000
0 172 0.411719 0.388194 0.043750 0.220833 1.000000
0 173 0.412500 0.390278 0.046875 0.225000 1.000000
0 174 0.411328 0.396528 0.052344 0.234722 1.000000
0 175 0.413281 0.400000 0.053125 0.238889 1.000000
0 176 0.412891 0.395833 0.055469 0.230556 1.000000
0 177 0.412891 0.395139 0.058594 0.229167 1.000000
0 178 0.411328 0.395139 0.057031 0.229167 1.000000
0 179 0.409766 0.399306 0.052344 0.229167 1.000000
0 180 0.407031 0.401389 0.051562 0.230556 1.000000
0 181 0.405078 0.403472 0.049219 0.234722 1.000000
0 182 0.403516 0.404167 0.046094 0.236111 1.000000
0 183 0.403516 0.404861 0.046094 0.237500 1.000000
0 184 0.403906 0.404861 0.046875 0.237500 1.000000
0 185 0.405859 0.405556 0.046094 0.238889 1.000000
0 186 0.405859 0.405556 0.046094 0.238889 1.000000
0 187 0.406641 0.406944 0.044531 0.236111 1.000000
0 188 0.406641 0.406944 0.044531 0.236111 1.000000
0 189 0.407422 0.416667 0.046094 0.236111 1.000000
0 190 0.409375 0.420833 0.048438 0.238889 1.000000
0 191 0.409766 0.427083 0.049219 0.243056 1.000000
0 192 0.409766 0.436111 0.055469 0.247222 1.000000
0 193 0.408594 0.444444 0.057813 0.250000 1.000000
0 194 0.410547 0.460417 0.055469 0.254167 1.000000
0 195 0.410156 0.470139 0.057813 0.256944 1.000000
0 196 0.411328 0.477778 0.057031 0.258333 1.000000
0 197 0.410547 0.487500 0.055469 0.261111 1.000000
0 198 0.412109 0.497917 0.057031 0.262500 1.000000
0 199 0.413281 0.509722 0.060937 0.263889 1.000000
0 200 0.413281 0.514583 0.064062 0.262500 1.000000
0 201 0.413281 0.518750 0.067187 0.262500 1.000000
0 202 0.413281 0.522917 0.067187 0.262500 1.000000
0 203 0.412109 0.525694 0.067969 0.265278 1.000000
0 204 0.410547 0.525000 0.066406 0.272222 1.000000
0 205 0.410547 0.523611 0.066406 0.283333 1.000000
0 206 0.411719 0.523611 0.068750 0.286111 1.000000
0 207 0.412109 0.525000 0.071094 0.288889 1.000000
0 208 0.413672 0.525694 0.074219 0.290278 1.000000
0 209 0.415625 0.537500 0.076563 0.308333 1.000000
0 210 0.416406 0.545139 0.078125 0.309722 1.000000
0 211 0.416797 0.552778 0.078906 0.311111 1.000000
0 212 0.417969 0.559722 0.076563 0.308333 1.000000
0 213 0.416016 0.565278 0.080469 0.302778 1.000000
0 214 0.420312 0.575000 0.068750 0.294444 1.000000
0 215 0.416797 0.584722 0.077344 0.308333 1.000000
0 216 0.419141 0.592361 0.075781 0.304167 1.000000
0 217 0.421094 0.593056 0.075000 0.300000 1.000000
0 218 0.423047 0.587500 0.072656 0.286111 1.000000
0 219 0.426563 0.599306 0.071875 0.309722 1.000000
0 220 0.428125 0.602778 0.070312 0.316667 1.000000
0 221 0.428516 0.604861 0.071094 0.318056 1.000000
0 222 0.430469 0.606250 0.075000 0.320833 1.000000
0 223 0.433203 0.606944 0.080469 0.316667 1.000000
0 224 0.434375 0.617361 0.081250 0.323611 1.000000
0 225 0.434375 0.621528 0.081250 0.320833 1.000000
0 226 0.436328 0.625000 0.089844 0.319444 1.000000
0 227 0.438281 0.629167 0.093750 0.316667 1.000000
0 228 0.440625 0.631944 0.090625 0.313889 1.000000
0 229 0.446094 0.635417 0.084375 0.320833 1.000000
0 230 0.453516 0.615278 0.082031 0.363889 1.000000
0 231 0.452344 0.613194 0.073438 0.379167 1.000000
0 232 0.456641 0.584028 0.072656 0.381944 1.000000
0 233 0.458984 0.558333 0.072656 0.391667 1.000000
0 234 0.454688 0.532639 0.067187 0.454167 1.000000
0 235 0.454688 0.505556 0.067187 0.486111 1.000000
0 236 0.460156 0.504167 0.078125 0.502778 1.000000
0 237 0.461719 0.504861 0.081250 0.484722 1.000000
0 238 0.459766 0.495139 0.074219 0.465278 1.000000
0 239 0.457422 0.501389 0.074219 0.452778 1.000000
0 240 0.457813 0.506250 0.075000 0.406944 1.000000
0 241 0.457813 0.508333 0.078125 0.386111 1.000000
0 242 0.456641 0.514583 0.082031 0.384722 1.000000
0 243 0.453125 0.513889 0.082812 0.369444 1.000000
0 244 0.447266 0.513194 0.085156 0.368056 1.000000
0 245 0.448437 0.516667 0.076563 0.363889 1.000000
0 246 0.441797 0.525694 0.074219 0.376389 1.000000
0 247 0.433984 0.538194 0.069531 0.398611 1.000000
0 248 0.434766 0.548611 0.063281 0.397222 1.000000
0 249 0.433203 0.549306 0.063281 0.379167 1.000000
0 250 0.431250 0.546528 0.064062 0.368056 1.000000
0 251 0.432031 0.544444 0.064062 0.358333 1.000000
0 252 0.430859 0.537500 0.069531 0.355556 1.000000
0 253 0.429688 0.530556 0.075000 0.358333 1.000000
0 254 0.427734 0.513194 0.080469 0.362500 1.000000
0 255 0.426953 0.504167 0.078906 0.363889 1.000000
0 256 0.422266 0.492361 0.080469 0.370833 1.000000
0 257 0.415625 0.483333 0.082812 0.375000 1.000000
0 258 0.410938 0.470139 0.078125 0.368056 1.000000
0 259 0.399219 0.452083 0.079687 0.365278 1.000000
0 260 0.394531 0.444444 0.084375 0.361111 1.000000
0 261 0.389453 0.436806 0.086719 0.359722 1.000000
0 262 0.385937 0.429167 0.093750 0.361111 1.000000
0 263 0.380469 0.425694 0.095312 0.356944 1.000000
0 264 0.373047 0.418750 0.107031 0.348611 1.000000
0 265 0.368750 0.418750 0.114062 0.337500 1.000000
0 266 0.363281 0.419444 0.117188 0.327778 1.000000
0 267 0.358594 0.415278 0.120313 0.325000 1.000000
0 268 0.354297 0.411111 0.125781 0.322222 1.000000
0 269 0.353125 0.402083 0.123438 0.309722 1.000000
0 270 0.352734 0.400000 0.124219 0.305556 1.000000
0 271 0.357422 0.395833 0.111719 0.305556 1.000000
0 272 0.359375 0.388889 0.107813 0.302778 1.000000
0 273 0.360547 0.386111 0.102344 0.302778 1.000000
0 274 0.350781 0.383333 0.114062 0.313889 1.000000
0 275 0.345313 0.384028 0.118750 0.320833 1.000000
0 276 0.339453 0.381944 0.122656 0.325000 1.000000
0 277 0.334375 0.381944 0.125000 0.319444 1.000000
0 278 0.328516 0.381944 0.125781 0.319444 1.000000
0 279 0.317188 0.379861 0.117188 0.309722 1.000000
0 280 0.314063 0.377778 0.106250 0.305556 1.000000
0 281 0.310937 0.375000 0.096875 0.305556 1.000000
0 282 0.303906 0.371528 0.098437 0.304167 1.000000
0 283 0.292187 0.369444 0.110937 0.305556 1.000000
0 284 0.271484 0.363194 0.130469 0.306944 1.000000
0 285 0.262891 0.361806 0.136719 0.306944 1.000000
0 286 0.253125 0.359722 0.137500 0.311111 1.000000
0 287 0.244141 0.361111 0.141406 0.308333 1.000000
0 288 0.237500 0.360417 0.140625 0.306944 1.000000
0 289 0.224219 0.363194 0.125000 0.301389 1.000000
0 290 0.220312 0.361806 0.112500 0.298611 1.000000
0 291 0.219141 0.361806 0.103906 0.298611 1.000000
0 292 0.206250 0.360417 0.115625 0.301389 1.000000
0 293 0.193750 0.356944 0.123438 0.308333 1.000000
0 294 0.173828 0.356944 0.127344 0.308333 1.000000
0 295 0.166797 0.357639 0.133594 0.306944 1.000000
0 296 0.164453 0.357639 0.138281 0.306944 1.000000
0 297 0.158594 0.361806 0.134375 0.306944 1.000000
0 298 0.155078 0.361806 0.122656 0.306944 1.000000
0 299 0.162891 0.366667 0.100781 0.297222 1.000000
0 300 0.171484 0.365972 0.094531 0.301389 1.000000
0 301 0.169531 0.363194 0.106250 0.309722 1.000000
0 302 0.167187 0.361111 0.115625 0.313889 1.000000
0 303 0.163672 0.360417 0.122656 0.318056 1.000000
0 304 0.162500 0.350000 0.137500 0.300000 1.000000
0 305 0.166797 0.350000 0.142969 0.300000 1.000000
0 306 0.167578 0.352778 0.141406 0.305556 1.000000
0 307 0.165234 0.359722 0.127344 0.308333 1.000000
0 308 0.166016 0.361806 0.105469 0.309722 1.000000
0 309 0.188672 0.363194 0.097656 0.306944 1.000000
0 310 0.196094 0.362500 0.092188 0.308333 1.000000
0 311 0.191797 0.361111 0.102344 0.313889 1.000000
0 312 0.190234 0.361111 0.111719 0.313889 1.000000
0 313 0.187500 0.356250 0.114062 0.312500 1.000000
0 314 0.188281 0.351389 0.129688 0.302778 1.000000
0 315 0.188672 0.350000 0.133594 0.300000 1.000000
0 316 0.187891 0.354167 0.130469 0.300000 1.000000
0 317 0.184766 0.359028 0.111719 0.298611 1.000000
0 318 0.185156 0.363194 0.095312 0.293056 1.000000
0 319 0.198437 0.362500 0.085938 0.294444 1.000000
0 320 0.198437 0.361111 0.087500 0.302778 1.000000
0 321 0.191016 0.359722 0.097656 0.305556 1.000000
0 322 0.187500 0.357639 0.101562 0.309722 1.000000
0 323 0.182031 0.352083 0.107813 0.298611 1.000000
0 324 0.180078 0.348611 0.124219 0.288889 1.000000
0 325 0.176563 0.348611 0.128125 0.288889 1.000000
0 326 0.172266 0.356944 0.117969 0.291667 1.000000
0 327 0.165625 0.361806 0.101562 0.287500 1.000000
0 328 0.164062 0.364583 0.089063 0.287500 1.000000
0 329 0.167969 0.364583 0.081250 0.287500 1.000000
0 330 0.162891 0.361806 0.092969 0.295833 1.000000
0 331 0.157422 0.362500 0.099219 0.297222 1.000000
0 332 0.150781 0.360417 0.106250 0.293056 1.000000
0 333 0.145313 0.357639 0.112500 0.293056 1.000000
0 334 0.148828 0.356250 0.130469 0.287500 1.000000
0 335 0.144141 0.358333 0.128906 0.288889 1.000000
0 336 0.142187 0.363194 0.115625 0.290278 1.000000
0 337 0.140234 0.368750 0.097656 0.281944 1.000000
0 338 0.147266 0.368750 0.094531 0.281944 1.000000
0 339 0.157031 0.370139 0.085938 0.284722 1.000000
0 340 0.167969 0.369444 0.090625 0.297222 1.000000
0 341 0.166016 0.366667 0.094531 0.302778 1.000000
0 342 0.164453 0.362500 0.097656 0.300000 1.000000
0 343 0.167969 0.358333 0.106250 0.297222 1.000000
0 344 0.175391 0.354167 0.121094 0.288889 1.000000
0 345 0.180469 0.359722 0.118750 0.283333 1.000000
0 346 0.179688 0.363889 0.107813 0.291667 1.000000
0 347 0.181250 0.368750 0.093750 0.287500 1.000000
0 348 0.185938 0.369444 0.081250 0.286111 1.000000
0 349 0.191797 0.369444 0.069531 0.286111 1.000000
0 350 0.198047 0.367361 0.078906 0.298611 1.000000
0 351 0.200781 0.364583 0.093750 0.304167 1.000000
0 352 0.198437 0.361806 0.098437 0.298611 1.000000
0 353 0.200391 0.361111 0.111719 0.300000 1.000000
0 354 0.203516 0.359028 0.122656 0.295833 1.000000
0 355 0.204297 0.368056 0.124219 0.294444 1.000000
0 356 0.200000 0.372917 0.110937 0.293056 1.000000
0 357 0.199219 0.377083 0.095312 0.293056 1.000000
0 358 0.208203 0.380556 0.091406 0.291667 1.000000
0 359 0.216797 0.381944 0.089844 0.294444 1.000000
0 360 0.226172 0.383333 0.085156 0.305556 1.000000
0 361 0.226562 0.384722 0.090625 0.308333 1.000000
0 362 0.225391 0.384722 0.092969 0.308333 1.000000
0 363 0.226562 0.384722 0.100000 0.308333 1.000000
0 364 0.233984 0.384028 0.114844 0.298611 1.000000
0 365 0.240234 0.388889 0.121094 0.288889 1.000000
0 366 0.238281 0.397917 0.109375 0.281944 1.000000
0 367 0.238281 0.404167 0.095312 0.277778 1.000000
0 368 0.244922 0.406944 0.085156 0.280556 1.000000
0 369 0.253125 0.409028 0.079687 0.281944 1.000000
0 370 0.252344 0.415278 0.065625 0.294444 1.000000
0 371 0.247656 0.422917 0.075000 0.298611 1.000000
0 372 0.243750 0.427083 0.085938 0.301389 1.000000
0 373 0.244531 0.434028 0.098437 0.301389 1.000000
0 374 0.239844 0.440278 0.101562 0.305556 1.000000
0 375 0.230859 0.460417 0.094531 0.309722 1.000000
0 376 0.229687 0.470833 0.090625 0.300000 1.000000
0 377 0.226172 0.478472 0.078906 0.295833 1.000000
0 378 0.226172 0.486806 0.067969 0.295833 1.000000
0 379 0.223438 0.493750 0.070312 0.295833 1.000000
0 380 0.215234 0.501389 0.110156 0.305556 1.000000
0 381 0.211719 0.508333 0.126562 0.311111 1.000000
0 382 0.211328 0.511111 0.146094 0.316667 1.000000
0 383 0.214453 0.516667 0.158594 0.313889 1.000000
0 384 0.214844 0.520139 0.165625 0.306944 1.000000
0 385 0.207813 0.536806 0.151562 0.309722 1.000000
0 386 0.206250 0.545833 0.137500 0.313889 1.000000
0 387 0.208203 0.554167 0.124219 0.313889 1.000000
0 388 0.212891 0.556944 0.105469 0.316667 1.000000
0 389 0.215625 0.562500 0.087500 0.319444 1.000000
0 390 0.219922 0.570833 0.077344 0.333333 1.000000
0 391 0.219141 0.572222 0.089844 0.338889 1.000000
0 392 0.220312 0.576389 0.100000 0.341667 1.000000
0 393 0.230469 0.581250 0.126562 0.337500 1.000000
0 394 0.239453 0.586806 0.144531 0.334722 1.000000
0 395 0.244141 0.602778 0.153906 0.330556 1.000000
0 396 0.248047 0.604861 0.146094 0.331944 1.000000
0 397 0.253516 0.608333 0.132031 0.336111 1.000000
0 398 0.261719 0.611111 0.117188 0.341667 1.000000
0 399 0.271094 0.609722 0.100000 0.344444 1.000000
0 400 0.294531 0.607639 0.071875 0.348611 1.000000
0 401 0.300781 0.609028 0.071875 0.356944 1.000000
0 402 0.307812 0.606944 0.076563 0.352778 1.000000
0 403 0.328516 0.609028 0.107031 0.354167 1.000000
0 404 0.335938 0.614583 0.114062 0.365278 1.000000
0 405 0.345703 0.622222 0.121094 0.361111 1.000000
0 406 0.350781 0.625000 0.123438 0.358333 1.000000
0 407 0.360156 0.625694 0.118750 0.359722 1.000000
0 408 0.366016 0.628472 0.119531 0.354167 1.000000
0 409 0.370312 0.628472 0.115625 0.354167 1.000000
0 410 0.371094 0.627083 0.101562 0.348611 1.000000
0 411 0.368750 0.620139 0.096875 0.340278 1.000000
0 412 0.369141 0.619444 0.091406 0.341667 1.000000
0 413 0.370312 0.622222 0.089063 0.347222 1.000000
0 414 0.370312 0.622222 0.084375 0.347222 1.000000
0 415 0.371875 0.624306 0.084375 0.343056 1.000000
0 416 0.372266 0.627778 0.078906 0.336111 1.000000
0 417 0.375000 0.625000 0.078125 0.336111 1.000000
0 418 0.378125 0.622222 0.078125 0.336111 1.000000
0 419 0.378516 0.615972 0.071094 0.343056 1.000000
0 420 0.390234 0.615278 0.077344 0.341667 1.000000
0 421 0.392969 0.614583 0.071875 0.340278 1.000000
0 422 0.398828 0.611806 0.072656 0.337500 1.000000
0 423 0.405469 0.609028 0.075000 0.334722 1.000000
0 424 0.409375 0.606944 0.073438 0.327778 1.000000
0 425 0.416797 0.598611 0.067969 0.316667 1.000000
0 426 0.421875 0.595139 0.064062 0.312500 1.000000
0 427 0.427734 0.591667 0.066406 0.305556 1.000000
0 428 0.435156 0.581944 0.062500 0.305556 1.000000
0 429 0.442578 0.572917 0.061719 0.295833 1.000000
0 430 0.462500 0.556250 0.064062 0.306944 1.000000
0 431 0.472656 0.558333 0.068750 0.300000 1.000000
0 432 0.482812 0.554167 0.070312 0.297222 1.000000
0 433 0.491797 0.550694 0.074219 0.298611 1.000000
0 434 0.501172 0.545139 0.072656 0.298611 1.000000
0 435 0.517578 0.543056 0.080469 0.294444 1.000000
0 436 0.523828 0.544444 0.078906 0.288889 1.000000
0 437 0.527734 0.546528 0.080469 0.290278 1.000000
0 438 0.530078 0.544444 0.085156 0.286111 1.000000
0 439 0.531641 0.544444 0.085156 0.286111 1.000000
0 440 0.535547 0.544444 0.080469 0.294444 1.000000
0 441 0.539453 0.543750 0.083594 0.298611 1.000000
0 442 0.543359 0.542361 0.085156 0.301389 1.000000
0 443 0.545312 0.540972 0.082812 0.304167 1.000000
0 444 0.549219 0.536111 0.085938 0.313889 1.000000
0 445 0.556250 0.533333 0.081250 0.319444 1.000000
0 446 0.561719 0.536806 0.087500 0.326389 1.000000
0 447 0.562500 0.540972 0.085938 0.334722 1.000000
0 448 0.565234 0.543750 0.085156 0.340278 1.000000
0 449 0.564063 0.547917 0.076563 0.348611 1.000000
0 450 0.573438 0.562500 0.081250 0.336111 1.000000
0 451 0.573828 0.567361 0.085156 0.337500 1.000000
0 452 0.576562 0.573611 0.090625 0.350000 1.000000
0 453 0.578516 0.577083 0.091406 0.356944 1.000000
0 454 0.580859 0.583333 0.096094 0.361111 1.000000
0 455 0.584375 0.588194 0.095312 0.362500 1.000000
0 456 0.589844 0.586806 0.100000 0.365278 1.000000
0 457 0.597656 0.586111 0.098437 0.366667 1.000000
0 458 0.604297 0.584722 0.088281 0.369444 1.000000
0 459 0.618750 0.581944 0.093750 0.369444 1.000000
0 460 0.628516 0.575694 0.082031 0.373611 1.000000
0 461 0.635547 0.570139 0.078906 0.362500 1.000000
0 462 0.640234 0.570139 0.077344 0.362500 1.000000
0 463 0.646094 0.567361 0.076563 0.362500 1.000000
0 464 0.652344 0.567361 0.078125 0.359722 1.000000
0 465 0.672656 0.561806 0.070312 0.348611 1.000000
0 466 0.682031 0.558333 0.079687 0.344444 1.000000
0 467 0.685937 0.554861 0.093750 0.340278 1.000000
0 468 0.693359 0.550694 0.099219 0.331944 1.000000
0 469 0.700781 0.543750 0.098437 0.331944 1.000000
0 470 0.716406 0.529167 0.092188 0.322222 1.000000
0 471 0.721094 0.527083 0.095312 0.326389 1.000000
0 472 0.726562 0.522917 0.095312 0.323611 1.000000
0 473 0.735547 0.518056 0.089844 0.319444 1.000000
0 474 0.744922 0.515278 0.080469 0.319444 1.000000
0 475 0.751953 0.515972 0.072656 0.315278 1.000000
0 476 0.750000 0.511806 0.075000 0.318056 1.000000
0 477 0.751172 0.511806 0.072656 0.312500 1.000000
0 478 0.751172 0.511806 0.072656 0.312500 1.000000
0 479 0.751953 0.511806 0.067969 0.309722 1.000000
0 480 0.753516 0.511111 0.058594 0.305556 1.000000
0 481 0.754297 0.509722 0.057031 0.302778 1.000000
0 482 0.753906 0.511111 0.057813 0.300000 1.000000
0 483 0.754687 0.511111 0.059375 0.300000 1.000000
0 484 0.755859 0.509722 0.058594 0.297222 1.000000
0 485 0.761328 0.508333 0.060156 0.300000 1.000000
0 486 0.763281 0.509028 0.073438 0.298611 1.000000
0 487 0.766406 0.509028 0.082812 0.298611 1.000000
0 488 0.769922 0.507639 0.088281 0.295833 1.000000
0 489 0.776172 0.506944 0.085156 0.297222 1.000000
0 490 0.780469 0.504861 0.093750 0.293056 1.000000
0 491 0.782813 0.502778 0.098437 0.288889 1.000000
0 492 0.784766 0.502778 0.102344 0.286111 1.000000
0 493 0.785937 0.502778 0.104688 0.286111 1.000000
0 494 0.786328 0.504167 0.102344 0.283333 1.000000
0 495 0.789062 0.502778 0.104688 0.280556 1.000000
0 496 0.791016 0.502083 0.100781 0.279167 1.000000
0 497 0.793359 0.499306 0.096094 0.273611 1.000000
0 498 0.796094 0.498611 0.090625 0.272222 1.000000
0 499 0.796094 0.498611 0.090625 0.272222 1.000000
0 500 0.795703 0.497917 0.091406 0.270833 1.000000
0 501 0.794531 0.501389 0.090625 0.269444 1.000000
0 502 0.794141 0.504167 0.088281 0.272222 1.000000
0 503 0.794141 0.508333 0.083594 0.277778 1.000000
0 504 0.792578 0.511111 0.088281 0.277778 1.000000
0 505 0.792969 0.511806 0.095312 0.276389 1.000000
0 506 0.789453 0.509722 0.097656 0.275000 1.000000
0 507 0.785547 0.507639 0.096094 0.273611 1.000000
0 508 0.781250 0.506944 0.095312 0.275000 1.000000
0 509 0.778125 0.506250 0.095312 0.273611 1.000000
0 510 0.775000 0.506250 0.098437 0.273611 1.000000
0 511 0.768359 0.509028 0.100781 0.273611 1.000000
0 512 0.764844 0.511111 0.103125 0.275000 1.000000
0 513 0.761719 0.512500 0.104688 0.272222 1.000000
0 514 0.757031 0.514583 0.106250 0.268056 1.000000
0 515 0.753125 0.516667 0.107813 0.269444 1.000000
0 516 0.744141 0.522917 0.111719 0.273611 1.000000
0 517 0.739453 0.523611 0.113281 0.275000 1.000000
0 518 0.734375 0.525000 0.114062 0.272222 1.000000
0 519 0.729297 0.526389 0.114844 0.275000 1.000000
0 520 0.724219 0.527778 0.110937 0.272222 1.000000
0 521 0.717578 0.527778 0.114844 0.272222 1.000000
0 522 0.715625 0.528472 0.118750 0.273611 1.000000
0 523 0.713672 0.528472 0.121094 0.273611 1.000000
0 524 0.712500 0.527083 0.118750 0.276389 1.000000
0 525 0.713672 0.526389 0.116406 0.275000 1.000000
0 526 0.714844 0.524306 0.104688 0.279167 1.000000
0 527 0.715234 0.526389 0.099219 0.283333 1.000000
0 528 0.715625 0.529861 0.093750 0.287500 1.000000
0 529 0.716406 0.536806 0.087500 0.295833 1.000000
0 530 0.717187 0.541667 0.082812 0.300000 1.000000
0 531 0.716797 0.554861 0.074219 0.295833 1.000000
0 532 0.716016 0.560417 0.071094 0.295833 1.000000
0 533 0.714844 0.561806 0.071875 0.295833 1.000000
0 534 0.712891 0.563889 0.071094 0.300000 1.000000
0 535 0.710547 0.563889 0.071094 0.300000 1.000000
0 536 0.707031 0.564583 0.067187 0.298611 1.000000
0 537 0.705469 0.564583 0.067187 0.290278 1.000000
0 538 0.705469 0.567361 0.067187 0.284722 1.000000
0 539 0.704688 0.577083 0.071875 0.284722 1.000000
0 540 0.702344 0.584028 0.075000 0.281944 1.000000
0 541 0.695703 0.596528 0.083594 0.276389 1.000000
0 542 0.695312 0.602778 0.082812 0.277778 1.000000
0 543 0.689063 0.608333 0.090625 0.277778 1.000000
0 544 0.685547 0.612500 0.097656 0.277778 1.000000
0 545 0.681641 0.616667 0.105469 0.283333 1.000000
0 546 0.672266 0.622917 0.096094 0.287500 1.000000
0 547 0.666797 0.625694 0.091406 0.290278 1.000000
0 548 0.658984 0.629167 0.083594 0.294444 1.000000
0 549 0.653125 0.633333 0.075000 0.294444 1.000000
0 550 0.649219 0.637500 0.073438 0.297222 1.000000
0 551 0.644531 0.644444 0.079687 0.305556 1.000000
0 552 0.642578 0.646528 0.080469 0.309722 1.000000
0 553 0.640234 0.648611 0.082031 0.313889 1.000000
0 554 0.639844 0.650000 0.085938 0.316667 1.000000
0 555 0.641016 0.652083 0.086719 0.315278 1.000000
0 556 0.639844 0.663194 0.098437 0.326389 1.000000
0 557 0.638672 0.671528 0.100781 0.337500 1.000000
0 558 0.637891 0.674306 0.102344 0.331944 1.000000
0 559 0.637109 0.678472 0.103906 0.331944 1.000000
0 560 0.636328 0.680556 0.105469 0.333333 1.000000
0 561 0.636328 0.684028 0.105469 0.340278 1.000000
0 562 0.636328 0.683333 0.105469 0.347222 1.000000
0 563 0.636328 0.679167 0.103906 0.347222 1.000000
0 564 0.637500 0.676389 0.101562 0.352778 1.000000
0 565 0.637109 0.675000 0.096094 0.355556 1.000000
0 566 0.635547 0.677083 0.074219 0.370833 1.000000
0 567 0.628125 0.675000 0.059375 0.375000 1.000000
0 568 0.627344 0.675000 0.060937 0.363889 1.000000
0 569 0.626953 0.675000 0.061719 0.363889 1.000000
0 570 0.626172 0.677778 0.067969 0.358333 1.000000
0 571 0.635938 0.686111 0.093750 0.355556 1.000000
0 572 0.626953 0.685417 0.075781 0.354167 1.000000
0 573 0.627734 0.683333 0.074219 0.350000 1.000000
0 574 0.630078 0.678472 0.074219 0.354167 1.000000
0 575 0.630078 0.673611 0.074219 0.363889 1.000000
0 576 0.625391 0.659028 0.089844 0.370833 1.000000
0 577 0.622266 0.652778 0.092969 0.375000 1.000000
0 578 0.620703 0.642361 0.096094 0.381944 1.000000
0 579 0.619141 0.633333 0.094531 0.380556 1.000000
0 580 0.616797 0.627083 0.092969 0.379167 1.000000
0 581 0.605469 0.612500 0.090625 0.372222 1.000000
0 582 0.600391 0.612500 0.100781 0.372222 1.000000
0 583 0.597266 0.611806 0.107031 0.362500 1.000000
0 584 0.596484 0.611111 0.113281 0.358333 1.000000
0 585 0.596094 0.614583 0.120313 0.348611 1.000000
0 586 0.592578 0.616667 0.127344 0.338889 1.000000
0 587 0.591406 0.613889 0.129688 0.330556 1.000000
0 588 0.589453 0.611111 0.128906 0.327778 1.000000
0 589 0.587891 0.607639 0.128906 0.326389 1.000000
0 590 0.583203 0.604861 0.130469 0.320833 1.000000
0 591 0.571484 0.594444 0.130469 0.311111 1.000000
0 592 0.563672 0.590972 0.130469 0.309722 1.000000
0 593 0.553516 0.586806 0.128906 0.312500 1.000000
0 594 0.541016 0.582639 0.125781 0.312500 1.000000
0 595 0.529297 0.579167 0.117969 0.311111 1.000000
0 596 0.513281 0.570139 0.121875 0.318056 1.000000
0 597 0.509375 0.567361 0.121875 0.318056 1.000000
0 598 0.505859 0.561111 0.125781 0.322222 1.000000
0 599 0.502734 0.556944 0.127344 0.327778 1.000000
0 600 0.499219 0.553472 0.126562 0.323611 1.000000
0 601 0.489063 0.543056 0.125000 0.319444 1.000000
0 602 0.483984 0.549306 0.119531 0.306944 1.000000
0 603 0.476562 0.549306 0.115625 0.306944 1.000000
0 604 0.468359 0.550694 0.113281 0.298611 1.000000
0 605 0.457422 0.552083 0.103906 0.295833 1.000000
0 606 0.432031 0.544444 0.090625 0.297222 1.000000
0 607 0.425391 0.539583 0.092969 0.304167 1.000000
0 608 0.418750 0.536111 0.103125 0.305556 1.000000
0 609 0.413672 0.531944 0.110156 0.308333 1.000000
0 610 0.409375 0.529861 0.114062 0.309722 1.000000
0 611 0.398828 0.522222 0.121094 0.305556 1.000000
0 612 0.391406 0.522222 0.120313 0.305556 1.000000
0 613 0.384766 0.521528 0.117969 0.304167 1.000000
0 614 0.377344 0.521528 0.117188 0.301389 1.000000
0 615 0.366797 0.518750 0.111719 0.301389 1.000000
0 616 0.335547 0.513889 0.105469 0.297222 1.000000
0 617 0.326953 0.513194 0.103906 0.301389 1.000000
0 618 0.321484 0.508333 0.113281 0.305556 1.000000
0 619 0.315625 0.505556 0.118750 0.305556 1.000000
0 620 0.310547 0.502083 0.121094 0.306944 1.000000
0 621 0.300391 0.494444 0.124219 0.302778 1.000000
0 622 0.293750 0.494444 0.120313 0.302778 1.000000
0 623 0.287500 0.497222 0.115625 0.308333 1.000000
0 624 0.280078 0.497917 0.113281 0.304167 1.000000
0 625 0.270703 0.500000 0.108594 0.297222 1.000000
0 626 0.239453 0.494444 0.097656 0.294444 1.000000
0 627 0.223047 0.493056 0.094531 0.297222 1.000000
0 628 0.216016 0.488194 0.103906 0.301389 1.000000
0 629 0.207422 0.484722 0.110156 0.305556 1.000000
0 630 0.202734 0.481944 0.113281 0.305556 1.000000
0 631 0.189453 0.481250 0.119531 0.304167 1.000000
0 632 0.180469 0.482639 0.118750 0.301389 1.000000
0 633 0.172266 0.485417 0.117969 0.304167 1.000000
0 634 0.163672 0.488889 0.119531 0.297222 1.000000
0 635 0.150781 0.488194 0.109375 0.295833 1.000000
0 636 0.118359 0.488889 0.097656 0.286111 1.000000
0 637 0.101172 0.485417 0.091406 0.290278 1.000000
0 638 0.091016 0.484722 0.103906 0.286111 1.000000
0 639 0.084375 0.481944 0.110937 0.291667 1.000000
0 640 0.075781 0.479861 0.115625 0.293056 1.000000
0 641 0.060547 0.479167 0.121094 0.300000 1.000000
0 642 0.056641 0.479167 0.113281 0.300000 1.000000
0 643 0.051172 0.477778 0.102344 0.300000 1.000000
0 644 0.045312 0.483333 0.090625 0.300000 1.000000
0 739 0.021484 0.431250 0.042969 0.298611 1.000000
0 740 0.026562 0.430556 0.053125 0.297222 1.000000
0 741 0.032813 0.430556 0.065625 0.297222 1.000000
0 742 0.040625 0.431250 0.081250 0.295833 1.000000
0 743 0.044531 0.429861 0.085938 0.287500 1.000000
0 744 0.049219 0.427778 0.084375 0.288889 1.000000
0 745 0.054297 0.424306 0.082031 0.298611 1.000000
0 746 0.059766 0.426389 0.078906 0.294444 1.000000
0 747 0.068359 0.429167 0.063281 0.294444 1.000000
0 748 0.071484 0.432639 0.057031 0.293056 1.000000
0 749 0.078906 0.434028 0.053125 0.293056 1.000000
0 750 0.088281 0.436111 0.050000 0.291667 1.000000
0 751 0.095703 0.437500 0.055469 0.291667 1.000000
0 752 0.107422 0.444444 0.071094 0.286111 1.000000
0 753 0.114453 0.443750 0.080469 0.284722 1.000000
0 754 0.122656 0.442361 0.085938 0.287500 1.000000
0 755 0.134375 0.443750 0.084375 0.284722 1.000000
0 756 0.144922 0.445139 0.085156 0.284722 1.000000
0 757 0.168359 0.442361 0.085156 0.281944 1.000000
0 758 0.180469 0.443750 0.085938 0.284722 1.000000
0 759 0.191797 0.443056 0.085156 0.283333 1.000000
0 760 0.204687 0.438889 0.079687 0.283333 1.000000
0 761 0.216797 0.438889 0.080469 0.280556 1.000000
0 762 0.235547 0.438889 0.075781 0.280556 1.000000
0 763 0.243750 0.438889 0.076563 0.280556 1.000000
0 764 0.253516 0.438194 0.069531 0.279167 1.000000
0 765 0.260547 0.439583 0.064844 0.279167 1.000000
0 766 0.271484 0.440278 0.049219 0.280556 1.000000
0 767 0.287891 0.441667 0.042969 0.283333 1.000000
0 768 0.294531 0.443750 0.045312 0.281944 1.000000
0 769 0.301953 0.443750 0.046094 0.281944 1.000000
0 770 0.310547 0.442361 0.044531 0.281944 1.000000
0 771 0.317578 0.443750 0.046094 0.281944 1.000000
0 772 0.329688 0.443056 0.045312 0.283333 1.000000
0 773 0.335938 0.442361 0.046875 0.284722 1.000000
0 774 0.343359 0.440972 0.044531 0.284722 1.000000
0 775 0.348438 0.439583 0.046875 0.287500 1.000000
0 776 0.354687 0.441667 0.045312 0.286111 1.000000
0 777 0.365234 0.440972 0.046094 0.284722 1.000000
0 778 0.371094 0.440278 0.045312 0.283333 1.000000
0 779 0.376563 0.439583 0.045312 0.281944 1.000000
0 780 0.380859 0.438194 0.046094 0.284722 1.000000
0 781 0.385156 0.437500 0.046875 0.286111 1.000000
0 782 0.393359 0.436806 0.047656 0.284722 1.000000
0 783 0.396875 0.436111 0.050000 0.286111 1.000000
0 784 0.400391 0.438889 0.049219 0.283333 1.000000
0 785 0.404297 0.440972 0.050781 0.279167 1.000000
0 786 0.406641 0.441667 0.050781 0.280556 1.000000
0 787 0.410938 0.444444 0.053125 0.280556 1.000000
0 788 0.411719 0.445139 0.054688 0.279167 1.000000
0 789 0.414844 0.445139 0.054688 0.279167 1.000000
0 790 0.417187 0.447222 0.054688 0.275000 1.000000
0 791 0.418359 0.447917 0.057031 0.273611 1.000000
0 792 0.418750 0.445833 0.060937 0.277778 1.000000
0 793 0.421094 0.446528 0.060937 0.276389 1.000000
0 794 0.421875 0.445139 0.062500 0.273611 1.000000
0 795 0.421875 0.443750 0.062500 0.270833 1.000000
0 796 0.421094 0.443750 0.064062 0.270833 1.000000
0 797 0.423828 0.444444 0.069531 0.261111 1.000000
0 798 0.426563 0.445139 0.070312 0.265278 1.000000
0 799 0.430469 0.445833 0.068750 0.266667 1.000000
0 800 0.430859 0.446528 0.072656 0.268056 1.000000
0 801 0.434375 0.444444 0.071875 0.261111 1.000000
0 802 0.441797 0.440972 0.067969 0.248611 1.000000
0 803 0.443750 0.440972 0.070312 0.248611 1.000000
0 804 0.444531 0.448611 0.073438 0.261111 1.000000
0 805 0.446484 0.446528 0.069531 0.256944 1.000000
0 806 0.445312 0.445139 0.064062 0.259722 1.000000
0 807 0.442578 0.448611 0.050781 0.266667 1.000000
0 808 0.445703 0.447222 0.053906 0.263889 1.000000
0 809 0.449609 0.447917 0.060156 0.268056 1.000000
0 810 0.451953 0.445833 0.064844 0.269444 1.000000
0 811 0.454297 0.445139 0.071094 0.265278 1.000000
0 812 0.457422 0.444444 0.080469 0.266667 1.000000
0 813 0.458984 0.440278 0.083594 0.255556 1.000000
0 814 0.460547 0.435417 0.086719 0.251389 1.000000
0 815 0.460156 0.438194 0.089063 0.254167 1.000000
0 816 0.458984 0.437500 0.086719 0.252778 1.000000
0 817 0.457031 0.435417 0.084375 0.256944 1.000000
0 818 0.454297 0.433333 0.078906 0.261111 1.000000
0 819 0.453516 0.431944 0.077344 0.263889 1.000000
0 820 0.450781 0.432639 0.075000 0.262500 1.000000
0 821 0.449219 0.431250 0.073438 0.265278 1.000000
0 822 0.443359 0.429861 0.086719 0.259722 1.000000
0 823 0.444141 0.430556 0.085156 0.258333 1.000000
0 824 0.445312 0.433333 0.082812 0.261111 1.000000
0 825 0.447656 0.436111 0.085938 0.255556 1.000000
0 826 0.449219 0.435417 0.085938 0.256944 1.000000
0 827 0.450781 0.439583 0.082812 0.259722 1.000000
0 828 0.450781 0.440972 0.079687 0.259722 1.000000
0 829 0.448437 0.443056 0.079687 0.261111 1.000000
0 830 0.443359 0.446528 0.069531 0.262500 1.000000
0 831 0.438672 0.447917 0.064844 0.262500 1.000000
0 832 0.438672 0.452083 0.069531 0.265278 1.000000
0 833 0.439063 0.459722 0.075000 0.269444 1.000000
0 834 0.439063 0.465278 0.078125 0.272222 1.000000
0 835 0.439063 0.472917 0.081250 0.270833 1.000000
0 836 0.439844 0.480556 0.082812 0.269444 1.000000
0 837 0.441016 0.485417 0.082031 0.273611 1.000000
0 838 0.443359 0.502778 0.082031 0.269444 1.000000
0 839 0.444531 0.507639 0.082812 0.268056 1.000000
0 840 0.446484 0.515972 0.082031 0.273611 1.000000
0 841 0.448047 0.522917 0.083594 0.273611 1.000000
0 842 0.448047 0.529167 0.083594 0.272222 1.000000
0 843 0.447656 0.540972 0.084375 0.270833 1.000000
0 844 0.450391 0.546528 0.085156 0.268056 1.000000
0 845 0.450781 0.551389 0.095312 0.263889 1.000000
0 846 0.453125 0.556944 0.100000 0.263889 1.000000
0 847 0.453906 0.560417 0.101562 0.270833 1.000000
0 848 0.457031 0.568750 0.101562 0.279167 1.000000
0 849 0.461328 0.572917 0.107031 0.281944 1.000000
0 850 0.459766 0.576389 0.102344 0.286111 1.000000
0 851 0.461328 0.578472 0.099219 0.290278 1.000000
0 852 0.462500 0.583333 0.095312 0.291667 1.000000
0 853 0.466797 0.589583 0.092969 0.287500 1.000000
0 854 0.467187 0.592361 0.090625 0.290278 1.000000
0 855 0.469531 0.597222 0.096875 0.286111 1.000000
0 856 0.471484 0.601389 0.105469 0.283333 1.000000
0 857 0.473438 0.604861 0.109375 0.276389 1.000000
0 858 0.482422 0.606944 0.116406 0.280556 1.000000
0 859 0.482812 0.608333 0.121875 0.280556 1.000000
0 860 0.482812 0.608333 0.121875 0.283333 1.000000
0 861 0.480859 0.606250 0.121094 0.284722 1.000000
0 862 0.478516 0.602083 0.117969 0.284722 1.000000
0 863 0.471094 0.596528 0.103125 0.295833 1.000000
0 864 0.466406 0.593750 0.092188 0.301389 1.000000
0 865 0.463672 0.590972 0.083594 0.306944 1.000000
0 866 0.457422 0.589583 0.071094 0.309722 1.000000
0 867 0.452734 0.591667 0.058594 0.319444 1.000000
0 868 0.449219 0.597222 0.057813 0.322222 1.000000
0 869 0.437500 0.602083 0.056250 0.326389 1.000000
0 870 0.426563 0.605556 0.071875 0.319444 1.000000
0 871 0.416406 0.607639 0.081250 0.315278 1.000000
0 872 0.411328 0.611111 0.092969 0.308333 1.000000
0 873 0.405469 0.618750 0.110937 0.315278 1.000000
0 874 0.404297 0.618750 0.105469 0.315278 1.000000
0 875 0.401953 0.619444 0.100781 0.313889 1.000000
0 876 0.399219 0.618056 0.095312 0.313889 1.000000
0 877 0.394531 0.618056 0.085938 0.313889 1.000000
0 878 0.387500 0.608333 0.068750 0.330556 1.000000
0 879 0.383203 0.604167 0.061719 0.338889 1.000000
0 880 0.380859 0.598611 0.063281 0.344444 1.000000
0 881 0.380469 0.594444 0.059375 0.347222 1.000000
0 882 0.380469 0.591667 0.056250 0.347222 1.000000
0 883 0.382031 0.588889 0.053125 0.347222 1.000000
0 884 0.383984 0.589583 0.050781 0.343056 1.000000
0 885 0.383594 0.588194 0.057813 0.340278 1.000000
0 886 0.385547 0.586111 0.064844 0.336111 1.000000
0 887 0.384766 0.580556 0.061719 0.336111 1.000000
0 888 0.389453 0.568056 0.063281 0.325000 1.000000
0 889 0.389062 0.567361 0.070312 0.329167 1.000000
0 890 0.391406 0.563889 0.073438 0.330556 1.000000
0 891 0.392969 0.561806 0.078125 0.331944 1.000000
0 892 0.393750 0.563889 0.084375 0.341667 1.000000
0 893 0.399609 0.563194 0.085156 0.343056 1.000000
0 894 0.402344 0.559722 0.085938 0.336111 1.000000
0 895 0.405469 0.561806 0.085938 0.340278 1.000000
0 896 0.409766 0.562500 0.085156 0.341667 1.000000
0 897 0.412891 0.561111 0.086719 0.338889 1.000000
0 898 0.417578 0.558333 0.086719 0.333333 1.000000
0 899 0.422266 0.557639 0.088281 0.331944 1.000000
0 900 0.423047 0.556250 0.091406 0.329167 1.000000
0 901 0.426563 0.555556 0.093750 0.327778 1.000000
0 902 0.430859 0.552778 0.096094 0.327778 1.000000
0 903 0.439063 0.550000 0.104688 0.327778 1.000000
0 904 0.440234 0.548611 0.105469 0.325000 1.000000
0 905 0.441797 0.547222 0.105469 0.322222 1.000000
0 906 0.444141 0.545833 0.103906 0.325000 1.000000
0 907 0.451172 0.540278 0.105469 0.319444 1.000000
0 908 0.476953 0.540278 0.067969 0.313889 1.000000
0 909 0.479297 0.540278 0.072656 0.313889 1.000000
0 910 0.480469 0.543056 0.081250 0.313889 1.000000
0 911 0.483203 0.545139 0.085156 0.309722 1.000000
0 912 0.485547 0.545833 0.089844 0.311111 1.000000
0 913 0.491797 0.550694 0.100781 0.309722 1.000000
0 914 0.494141 0.551389 0.107031 0.308333 1.000000
0 915 0.499219 0.550694 0.107813 0.306944 1.000000
0 916 0.507031 0.550000 0.104688 0.305556 1.000000
0 917 0.512109 0.549306 0.102344 0.304167 1.000000
0 918 0.525781 0.543750 0.090625 0.309722 1.000000
0 919 0.532422 0.540972 0.083594 0.312500 1.000000
0 920 0.539062 0.538889 0.076563 0.313889 1.000000
0 921 0.547266 0.537500 0.067969 0.316667 1.000000
0 922 0.550391 0.534722 0.069531 0.319444 1.000000
0 923 0.556250 0.531944 0.076563 0.319444 1.000000
0 924 0.558984 0.532639 0.082031 0.315278 1.000000
0 925 0.566016 0.531944 0.096094 0.313889 1.000000
0 926 0.572266 0.531250 0.105469 0.312500 1.000000
0 927 0.576172 0.533333 0.113281 0.308333 1.000000
0 928 0.581641 0.535417 0.114844 0.309722 1.000000
0 929 0.583203 0.535417 0.108594 0.309722 1.000000
0 930 0.586719 0.531250 0.101562 0.312500 1.000000
0 931 0.592578 0.531250 0.099219 0.312500 1.000000
0 932 0.598828 0.527778 0.092969 0.316667 1.000000
0 933 0.615625 0.522222 0.078125 0.319444 1.000000
0 934 0.625000 0.520833 0.071875 0.322222 1.000000
0 935 0.632812 0.520833 0.067187 0.322222 1.000000
0 936 0.637500 0.522917 0.071875 0.329167 1.000000
0 937 0.642578 0.522222 0.075781 0.330556 1.000000
0 938 0.650000 0.522222 0.092188 0.319444 1.000000
0 939 0.653516 0.522917 0.099219 0.318056 1.000000
0 940 0.656250 0.524306 0.106250 0.315278 1.000000
0 941 0.658984 0.524306 0.111719 0.315278 1.000000
0 942 0.662109 0.524306 0.114844 0.315278 1.000000
0 943 0.668750 0.524306 0.114062 0.315278 1.000000
0 944 0.673438 0.520833 0.109375 0.316667 1.000000
0 945 0.677344 0.518056 0.101562 0.319444 1.000000
0 946 0.682031 0.518056 0.092188 0.316667 1.000000
0 947 0.687891 0.514583 0.083594 0.318056 1.000000
0 948 0.696484 0.511806 0.066406 0.320833 1.000000
0 949 0.694531 0.509028 0.068750 0.320833 1.000000
0 950 0.693750 0.510417 0.070312 0.318056 1.000000
0 951 0.698438 0.512500 0.085938 0.311111 1.000000
0 952 0.703516 0.512500 0.102344 0.305556 1.000000
0 953 0.705859 0.518056 0.121094 0.294444 1.000000
0 954 0.705078 0.520833 0.122656 0.291667 1.000000
0 955 0.701953 0.522917 0.119531 0.293056 1.000000
0 956 0.701172 0.522917 0.117969 0.293056 1.000000
0 957 0.706250 0.522917 0.120313 0.290278 1.000000
0 958 0.716016 0.521528 0.117969 0.287500 1.000000
0 959 0.723047 0.520833 0.111719 0.286111 1.000000
0 960 0.730859 0.517361 0.107031 0.287500 1.000000
0 961 0.742188 0.514583 0.101562 0.290278 1.000000
0 962 0.748437 0.511806 0.101562 0.290278 1.000000
0 963 0.752344 0.504167 0.117188 0.302778 1.000000
0 964 0.751563 0.506250 0.118750 0.306944 1.000000
0 965 0.752734 0.505556 0.119531 0.308333 1.000000
0 966 0.753516 0.501389 0.117969 0.305556 1.000000
0 967 0.754297 0.500694 0.116406 0.304167 1.000000
0 968 0.759766 0.500694 0.105469 0.298611 1.000000
0 969 0.765625 0.499306 0.098437 0.295833 1.000000
0 970 0.769922 0.500000 0.091406 0.291667 1.000000
0 971 0.780469 0.495833 0.085938 0.294444 1.000000
0 972 0.782031 0.493056 0.095312 0.297222 1.000000
0 973 0.780078 0.484722 0.113281 0.302778 1.000000
0 974 0.780078 0.481250 0.113281 0.304167 1.000000
0 975 0.777734 0.472222 0.117969 0.300000 1.000000
0 976 0.775781 0.472222 0.121875 0.302778 1.000000
0 977 0.776563 0.470139 0.120313 0.301389 1.000000
0 978 0.777344 0.470833 0.110937 0.300000 1.000000
0 979 0.780469 0.472222 0.101562 0.297222 1.000000
0 980 0.785547 0.470833 0.094531 0.297222 1.000000
0 981 0.792188 0.468056 0.090625 0.297222 1.000000
0 982 0.791797 0.462500 0.096094 0.297222 1.000000
0 983 0.784375 0.458333 0.107813 0.300000 1.000000
0 984 0.781641 0.451389 0.113281 0.300000 1.000000
0 985 0.776953 0.451389 0.116406 0.300000 1.000000
0 986 0.773828 0.447222 0.117969 0.300000 1.000000
0 987 0.772266 0.447222 0.119531 0.300000 1.000000
0 988 0.762891 0.447917 0.105469 0.293056 1.000000
0 989 0.764062 0.448611 0.098437 0.288889 1.000000
0 990 0.767578 0.445833 0.096094 0.288889 1.000000
0 991 0.771094 0.444444 0.089063 0.291667 1.000000
0 992 0.767578 0.438889 0.089844 0.294444 1.000000
0 993 0.754687 0.432639 0.101562 0.304167 1.000000
0 994 0.748828 0.425000 0.105469 0.300000 1.000000
0 995 0.743750 0.419444 0.109375 0.288889 1.000000
0 996 0.740625 0.418750 0.109375 0.287500 1.000000
0 997 0.737891 0.418750 0.108594 0.287500 1.000000
0 998 0.735938 0.420833 0.104688 0.283333 1.000000
0 999 0.737500 0.421528 0.089063 0.279167 1.000000
0 1000 0.742578 0.420139 0.085156 0.276389 1.000000
0 1001 0.749219 0.414583 0.081250 0.279167 1.000000
0 1002 0.748828 0.412500 0.086719 0.283333 1.000000
0 1003 0.745313 0.409722 0.093750 0.288889 1.000000
0 1004 0.739844 0.400694 0.106250 0.281944 1.000000
0 1005 0.736719 0.399306 0.109375 0.279167 1.000000
0 1006 0.734766 0.397917 0.110156 0.276389 1.000000
0 1007 0.733984 0.400000 0.111719 0.272222 1.000000
0 1008 0.731250 0.402083 0.106250 0.276389 1.000000
0 1009 0.732812 0.404861 0.090625 0.270833 1.000000
0 1010 0.737109 0.402083 0.086719 0.268056 1.000000
0 1011 0.740625 0.399306 0.079687 0.273611 1.000000
0 1012 0.743750 0.395139 0.073438 0.281944 1.000000
0 1013 0.738672 0.391667 0.083594 0.283333 1.000000
0 1014 0.726562 0.381944 0.093750 0.277778 1.000000
0 1015 0.720313 0.380556 0.096875 0.275000 1.000000
0 1016 0.719141 0.381944 0.105469 0.275000 1.000000
0 1017 0.718359 0.384722 0.110156 0.280556 1.000000
0 1018 0.712500 0.387500 0.106250 0.275000 1.000000
0 1019 0.704297 0.390278 0.088281 0.269444 1.000000
0 1020 0.707422 0.387500 0.086719 0.269444 1.000000
0 1021 0.709766 0.381250 0.082031 0.268056 1.000000
0 1022 0.711328 0.379167 0.075781 0.275000 1.000000
0 1023 0.704688 0.375694 0.087500 0.281944 1.000000
0 1024 0.689453 0.372917 0.097656 0.284722 1.000000
0 1025 0.680469 0.371528 0.101562 0.281944 1.000000
0 1026 0.674609 0.365278 0.102344 0.275000 1.000000
0 1027 0.668750 0.361111 0.107813 0.261111 1.000000
0 1028 0.660156 0.356944 0.106250 0.252778 1.000000
0 1029 0.648047 0.362500 0.091406 0.258333 1.000000
0 1030 0.642188 0.362500 0.079687 0.258333 1.000000
0 1031 0.641016 0.357639 0.071094 0.259722 1.000000
0 1032 0.641016 0.355556 0.063281 0.263889 1.000000
0 1033 0.633594 0.353472 0.070312 0.268056 1.000000
0 1034 0.619141 0.351389 0.080469 0.272222 1.000000
0 1035 0.613281 0.347222 0.093750 0.266667 1.000000
0 1036 0.607031 0.344444 0.098437 0.261111 1.000000
0 1037 0.598437 0.341667 0.103125 0.255556 1.000000
0 1038 0.586719 0.341667 0.101562 0.241667 1.000000
0 1039 0.560937 0.349306 0.085938 0.237500 1.000000
0 1040 0.548828 0.351389 0.077344 0.241667 1.000000
0 1041 0.537500 0.350000 0.071875 0.233333 1.000000
0 1042 0.527734 0.351389 0.066406 0.236111 1.000000
0 1043 0.514062 0.355556 0.057813 0.236111 1.000000
0 1044 0.478906 0.354861 0.064062 0.245833 1.000000
0 1045 0.467578 0.359722 0.074219 0.244444 1.000000
0 1046 0.451953 0.363194 0.074219 0.237500 1.000000
0 1047 0.437891 0.366667 0.074219 0.238889 1.000000
0 1048 0.426953 0.372222 0.074219 0.241667 1.000000
0 1049 0.409375 0.377083 0.062500 0.234722 1.000000
0 1050 0.405078 0.377778 0.057031 0.238889 1.000000
0 1051 0.402734 0.377778 0.052344 0.238889 1.000000
0 1052 0.401562 0.379861 0.046875 0.243056 1.000000
0 1053 0.399609 0.381250 0.038281 0.248611 1.000000
0 1054 0.393750 0.379861 0.045312 0.248611 1.000000
0 1055 0.391016 0.381944 0.050781 0.250000 1.000000
0 1056 0.392578 0.385417 0.063281 0.245833 1.000000
0 1057 0.393359 0.389583 0.069531 0.245833 1.000000
0 1058 0.392578 0.392361 0.075781 0.240278 1.000000
0 1059 0.385937 0.397917 0.071875 0.234722 1.000000
0 1060 0.382031 0.398611 0.071875 0.230556 1.000000
0 1061 0.378906 0.398611 0.070312 0.230556 1.000000
0 1062 0.376563 0.397222 0.065625 0.233333 1.000000
0 1063 0.376953 0.395833 0.060156 0.236111 1.000000
0 1064 0.378516 0.397222 0.057031 0.247222 1.000000
0 1065 0.378516 0.399306 0.052344 0.251389 1.000000
0 1066 0.376563 0.401389 0.051562 0.255556 1.000000
0 1067 0.375000 0.406250 0.053125 0.256944 1.000000
0 1068 0.371875 0.409028 0.054688 0.256944 1.000000
0 1069 0.367969 0.417361 0.062500 0.251389 1.000000
0 1070 0.366016 0.420139 0.066406 0.251389 1.000000
0 1071 0.362891 0.420833 0.067969 0.250000 1.000000
0 1072 0.359766 0.425000 0.069531 0.247222 1.000000
0 1073 0.355469 0.429861 0.070312 0.243056 1.000000
0 1074 0.348047 0.434028 0.066406 0.251389 1.000000
0 1075 0.345313 0.434028 0.064062 0.251389 1.000000
0 1076 0.342578 0.435417 0.060156 0.254167 1.000000
0 1077 0.338281 0.436111 0.059375 0.255556 1.000000
0 1078 0.335547 0.435417 0.057031 0.259722 1.000000
0 1079 0.331250 0.436806 0.056250 0.262500 1.000000
0 1080 0.330469 0.436806 0.057813 0.262500 1.000000
0 1081 0.330469 0.438194 0.060937 0.265278 1.000000
0 1082 0.328906 0.438194 0.060937 0.268056 1.000000
0 1083 0.326562 0.437500 0.059375 0.266667 1.000000
0 1084 0.322266 0.437500 0.058594 0.266667 1.000000
0 1085 0.319922 0.438194 0.055469 0.268056 1.000000
0 1086 0.317969 0.437500 0.056250 0.269444 1.000000
0 1087 0.316797 0.435417 0.055469 0.273611 1.000000
0 1088 0.316797 0.436111 0.055469 0.275000 1.000000
0 1089 0.313281 0.440972 0.056250 0.279167 1.000000
0 1090 0.313281 0.445833 0.056250 0.280556 1.000000
0 1091 0.313672 0.442361 0.057031 0.273611 1.000000
0 1092 0.314844 0.449306 0.062500 0.287500 1.000000
0 1093 0.314453 0.453472 0.063281 0.287500 1.000000
0 1094 0.315234 0.455556 0.064844 0.291667 1.000000
0 1095 0.315625 0.457639 0.064062 0.287500 1.000000
0 1096 0.318359 0.461806 0.069531 0.281944 1.000000
0 1097 0.319141 0.462500 0.067969 0.280556 1.000000
0 1098 0.321484 0.463889 0.069531 0.280556 1.000000
0 1099 0.325781 0.465278 0.067187 0.277778 1.000000
0 1100 0.327344 0.467361 0.064062 0.281944 1.000000
0 1101 0.328516 0.469444 0.063281 0.280556 1.000000
0 1102 0.328516 0.471528 0.063281 0.284722 1.000000
0 1103 0.327734 0.477083 0.064844 0.284722 1.000000
0 1104 0.328125 0.486111 0.071875 0.286111 1.000000
0 1105 0.330078 0.495833 0.080469 0.283333 1.000000
0 1106 0.332422 0.503472 0.089844 0.279167 1.000000
0 1107 0.333203 0.511111 0.097656 0.277778 1.000000
0 1108 0.332813 0.519444 0.103125 0.277778 1.000000
0 1109 0.328516 0.536111 0.108594 0.280556 1.000000
0 1110 0.325000 0.542361 0.107813 0.279167 1.000000
0 1111 0.321484 0.547917 0.107031 0.287500 1.000000
0 1112 0.319141 0.552083 0.103906 0.287500 1.000000
0 1113 0.317188 0.554861 0.100000 0.293056 1.000000
0 1114 0.318359 0.556944 0.089844 0.297222 1.000000
0 1115 0.321094 0.562500 0.084375 0.300000 1.000000
0 1116 0.325000 0.564583 0.076563 0.295833 1.000000
0 1117 0.327734 0.571528 0.071094 0.298611 1.000000
0 1118 0.330469 0.579167 0.065625 0.297222 1.000000
0 1119 0.322266 0.587500 0.080469 0.275000 1.000000
0 1120 0.320312 0.600694 0.093750 0.279167 1.000000
0 1121 0.324219 0.605556 0.114062 0.269444 1.000000
0 1122 0.327734 0.609028 0.132031 0.262500 1.000000
0 1123 0.332031 0.614583 0.143750 0.265278 1.000000
0 1124 0.340625 0.624306 0.142187 0.270833 1.000000
0 1125 0.339844 0.627778 0.143750 0.272222 1.000000
0 1126 0.343750 0.631250 0.143750 0.273611 1.000000
0 1127 0.350000 0.634028 0.134375 0.273611 1.000000
0 1128 0.355469 0.634722 0.115625 0.275000 1.000000
0 1129 0.385547 0.633333 0.100781 0.280556 1.000000
0 1130 0.398828 0.630556 0.094531 0.286111 1.000000
0 1131 0.405469 0.627083 0.103125 0.295833 1.000000
0 1132 0.409375 0.621528 0.110937 0.306944 1.000000
0 1133 0.413672 0.619444 0.113281 0.319444 1.000000
0 1134 0.430078 0.604861 0.117969 0.306944 1.000000
0 1135 0.441797 0.599306 0.113281 0.295833 1.000000
0 1136 0.450391 0.597917 0.099219 0.295833 1.000000
0 1137 0.459766 0.600694 0.083594 0.298611 1.000000
0 1138 0.466016 0.603472 0.071094 0.298611 1.000000
0 1139 0.488281 0.604167 0.071875 0.302778 1.000000
0 1140 0.505078 0.600694 0.082031 0.306944 1.000000
0 1141 0.514453 0.599306 0.092969 0.306944 1.000000
0 1142 0.516797 0.597917 0.094531 0.309722 1.000000
0 1143 0.519531 0.597917 0.095312 0.309722 1.000000
0 1144 0.537891 0.595139 0.107031 0.304167 1.000000
0 1145 0.541406 0.594444 0.096875 0.305556 1.000000
0 1146 0.543750 0.590278 0.087500 0.308333 1.000000
0 1147 0.547266 0.586111 0.089844 0.313889 1.000000
0 1148 0.548438 0.581944 0.092188 0.322222 1.000000
0 1149 0.553516 0.568056 0.100781 0.319444 1.000000
0 1150 0.555078 0.563194 0.097656 0.309722 1.000000
0 1151 0.562109 0.561111 0.108594 0.313889 1.000000
0 1152 0.566406 0.559722 0.112500 0.311111 1.000000
0 1153 0.568750 0.563194 0.114062 0.309722 1.000000
0 1154 0.572656 0.566667 0.114062 0.302778 1.000000
0 1155 0.570703 0.566667 0.110156 0.302778 1.000000
0 1156 0.567578 0.563889 0.111719 0.302778 1.000000
0 1157 0.562891 0.559722 0.110156 0.308333 1.000000
0 1158 0.557422 0.554167 0.107031 0.313889 1.000000
0 1159 0.546875 0.542361 0.106250 0.329167 1.000000
0 1160 0.541406 0.539583 0.104688 0.331944 1.000000
0 1161 0.534766 0.539583 0.099219 0.331944 1.000000
0 1162 0.530469 0.538889 0.098437 0.333333 1.000000
0 1163 0.524219 0.538889 0.103125 0.333333 1.000000
0 1164 0.517578 0.543056 0.110156 0.336111 1.000000
0 1165 0.506250 0.548611 0.126562 0.325000 1.000000
0 1166 0.502344 0.552083 0.134375 0.318056 1.000000
0 1167 0.500000 0.554167 0.139063 0.311111 1.000000
0 1168 0.497656 0.552778 0.143750 0.308333 1.000000
0 1169 0.494531 0.552778 0.145313 0.305556 1.000000
0 1170 0.485547 0.552778 0.147656 0.305556 1.000000
0 1171 0.477734 0.548611 0.149219 0.297222 1.000000
0 1172 0.467969 0.543056 0.148438 0.286111 1.000000
0 1173 0.457813 0.540278 0.142187 0.280556 1.000000
0 1174 0.444141 0.536806 0.135156 0.279167 1.000000
0 1175 0.426563 0.536806 0.126562 0.301389 1.000000
0 1176 0.423047 0.531944 0.132031 0.308333 1.000000
0 1177 0.418359 0.528472 0.133594 0.315278 1.000000
0 1178 0.413672 0.522917 0.132031 0.315278 1.000000
0 1179 0.409766 0.518750 0.128906 0.309722 1.000000
0 1180 0.401172 0.513889 0.127344 0.308333 1.000000
0 1181 0.392188 0.517361 0.123438 0.315278 1.000000
0 1182 0.379297 0.516667 0.111719 0.311111 1.000000
0 1183 0.370703 0.515972 0.100781 0.306944 1.000000
0 1184 0.362500 0.513194 0.096875 0.301389 1.000000
0 1185 0.351172 0.508333 0.108594 0.302778 1.000000
0 1186 0.346094 0.507639 0.110937 0.312500 1.000000
0 1187 0.346094 0.502778 0.118750 0.313889 1.000000
0 1188 0.344141 0.499306 0.119531 0.318056 1.000000
0 1189 0.344531 0.495833 0.118750 0.311111 1.000000
0 1190 0.338281 0.495139 0.114062 0.312500 1.000000
0 1191 0.335938 0.493750 0.109375 0.306944 1.000000
0 1192 0.334766 0.491667 0.103906 0.300000 1.000000
0 1193 0.333594 0.488889 0.103125 0.294444 1.000000
0 1194 0.327734 0.486806 0.092969 0.290278 1.000000
0 1195 0.330078 0.472917 0.110156 0.298611 1.000000
0 1196 0.334766 0.466667 0.117969 0.302778 1.000000
0 1197 0.337109 0.463889 0.119531 0.300000 1.000000
