0 1 0.779687 0.350000 0.021875 0.094444 1.000000
0 2 0.780469 0.349306 0.026562 0.093056 1.000000
0 3 0.784375 0.349306 0.026562 0.093056 1.000000
0 4 0.785937 0.350694 0.031250 0.095833 1.000000
0 5 0.789844 0.351389 0.029687 0.097222 1.000000
0 6 0.792188 0.351389 0.031250 0.097222 1.000000
0 7 0.794531 0.351389 0.031250 0.097222 1.000000
0 8 0.797656 0.352083 0.031250 0.095833 1.000000
0 9 0.801562 0.352083 0.031250 0.093056 1.000000
0 10 0.805859 0.352083 0.030469 0.093056 1.000000
0 11 0.810156 0.350000 0.029687 0.091667 1.000000
0 12 0.814844 0.348611 0.029687 0.091667 1.000000
0 13 0.819531 0.350000 0.029687 0.094444 1.000000
0 14 0.823438 0.348611 0.029687 0.094444 1.000000
0 15 0.827734 0.350000 0.030469 0.094444 1.000000
0 16 0.832812 0.354167 0.029687 0.097222 1.000000
0 17 0.834766 0.355556 0.032031 0.097222 1.000000
0 18 0.838281 0.358333 0.031250 0.094444 1.000000
0 19 0.842969 0.356944 0.029687 0.091667 1.000000
0 20 0.847656 0.357639 0.025000 0.093056 1.000000
0 21 0.852734 0.356944 0.022656 0.091667 1.000000
0 22 0.856250 0.358333 0.021875 0.094444 1.000000
0 23 0.860547 0.358333 0.021094 0.097222 1.000000
0 24 0.862109 0.359722 0.021094 0.097222 1.000000
0 25 0.865234 0.361111 0.021094 0.097222 1.000000
0 26 0.867969 0.362500 0.021875 0.097222 1.000000
0 27 0.871484 0.365278 0.024219 0.097222 1.000000
0 28 0.874609 0.365278 0.024219 0.094444 1.000000
0 29 0.878125 0.365278 0.023438 0.094444 1.000000
0 30 0.881250 0.366667 0.021875 0.094444 1.000000
0 31 0.882812 0.366667 0.021875 0.094444 1.000000
0 32 0.885156 0.366667 0.020313 0.097222 1.000000
0 33 0.888281 0.366667 0.020313 0.097222 1.000000
0 34 0.890625 0.368750 0.020313 0.098611 1.000000
0 35 0.892969 0.370139 0.020313 0.098611 1.000000
0 36 0.895312 0.371528 0.020313 0.098611 1.000000
0 37 0.897266 0.372917 0.021094 0.095833 1.000000
0 38 0.900000 0.372222 0.020313 0.094444 1.000000
0 39 0.903125 0.375000 0.020313 0.094444 1.000000
0 40 0.906250 0.373611 0.020313 0.094444 1.000000
0 41 0.908594 0.374306 0.020313 0.095833 1.000000
0 42 0.911719 0.374306 0.020313 0.095833 1.000000
0 43 0.914844 0.375694 0.020313 0.098611 1.000000
0 44 0.918359 0.376389 0.021094 0.100000 1.000000
0 45 0.921484 0.377778 0.021094 0.100000 1.000000
0 46 0.926562 0.377778 0.025000 0.100000 1.000000
0 47 0.929688 0.379167 0.025000 0.097222 1.000000
0 48 0.934375 0.379167 0.025000 0.097222 1.000000
0 49 0.940625 0.379167 0.023438 0.097222 1.000000
0 50 0.946875 0.379167 0.023438 0.097222 1.000000
0 51 0.952344 0.380556 0.023438 0.100000 1.000000
0 52 0.957422 0.381250 0.024219 0.101389 1.000000
0 53 0.963281 0.381944 0.023438 0.102778 1.000000
0 54 0.969531 0.384722 0.023438 0.102778 1.000000
0 55 0.975000 0.386111 0.023438 0.102778 1.000000
0 56 0.981641 0.387500 0.022656 0.102778 1.000000
0 57 0.988281 0.388889 0.023438 0.100000 1.000000
0 58 0.991016 0.390278 0.017969 0.100000 1.000000
0 59 0.994531 0.391667 0.010937 0.100000 1.000000
0 60 0.997266 0.391667 0.005469 0.100000 1.000000
