0 1 0.412109 0.727083 0.080469 0.081944 1.000000
0 2 0.412500 0.727778 0.079687 0.083333 1.000000
0 3 0.412109 0.727083 0.078906 0.084722 1.000000
0 4 0.411328 0.726389 0.077344 0.086111 1.000000
0 5 0.411719 0.725000 0.076563 0.086111 1.000000
0 6 0.411328 0.722917 0.075781 0.090278 1.000000
0 7 0.412109 0.721528 0.075781 0.095833 1.000000
0 8 0.410938 0.715972 0.073438 0.106944 1.000000
0 9 0.409766 0.711111 0.071094 0.116667 1.000000
0 10 0.408594 0.702778 0.067187 0.133333 1.000000
0 11 0.408594 0.700000 0.067187 0.138889 1.000000
0 12 0.408203 0.693056 0.066406 0.152778 1.000000
0 13 0.408984 0.690972 0.066406 0.156944 1.000000
0 14 0.408984 0.698611 0.066406 0.141667 1.000000
0 15 0.406250 0.702083 0.073438 0.131944 1.000000
0 16 0.401172 0.703472 0.078906 0.131944 1.000000
0 17 0.400781 0.704167 0.076563 0.130556 1.000000
0 18 0.398828 0.702083 0.077344 0.131944 1.000000
0 19 0.401172 0.703472 0.072656 0.131944 1.000000
0 20 0.396875 0.704167 0.081250 0.130556 1.000000
0 21 0.397266 0.704167 0.080469 0.130556 1.000000
0 22 0.400000 0.704861 0.073438 0.129167 1.000000
0 23 0.400000 0.704167 0.073438 0.127778 1.000000
0 24 0.399219 0.704861 0.078125 0.131944 1.000000
0 25 0.398828 0.704861 0.077344 0.129167 1.000000
0 26 0.396484 0.704167 0.082031 0.130556 1.000000
0 27 0.396875 0.703472 0.081250 0.131944 1.000000
0 28 0.397656 0.703472 0.079687 0.131944 1.000000
0 29 0.398828 0.703472 0.077344 0.131944 1.000000
0 30 0.399219 0.704167 0.078125 0.130556 1.000000
0 31 0.400000 0.703472 0.076563 0.131944 1.000000
0 32 0.399609 0.702083 0.075781 0.134722 1.000000
0 33 0.399219 0.702083 0.075000 0.134722 1.000000
0 34 0.400000 0.701389 0.075000 0.136111 1.000000
0 35 0.400000 0.700694 0.073438 0.137500 1.000000
0 36 0.401953 0.700000 0.074219 0.138889 1.000000
0 37 0.402344 0.700000 0.073438 0.138889 1.000000
0 38 0.406250 0.699306 0.076563 0.140278 1.000000
0 39 0.408203 0.700000 0.075781 0.138889 1.000000
0 40 0.410547 0.699306 0.072656 0.140278 1.000000
0 41 0.411719 0.698611 0.070312 0.141667 1.000000
0 42 0.411328 0.700000 0.069531 0.138889 1.000000
0 43 0.411719 0.699306 0.070312 0.140278 1.000000
0 44 0.407031 0.697917 0.059375 0.143056 1.000000
0 45 0.405469 0.697222 0.056250 0.141667 1.000000
0 46 0.406250 0.695833 0.057813 0.144444 1.000000
0 47 0.407031 0.694444 0.060937 0.147222 1.000000
0 48 0.408594 0.690278 0.064062 0.155556 1.000000
0 49 0.408594 0.688194 0.064062 0.159722 1.000000
0 50 0.408203 0.681944 0.064844 0.169444 1.000000
0 51 0.408594 0.679167 0.064062 0.175000 1.000000
0 52 0.407813 0.675000 0.064062 0.183333 1.000000
0 53 0.408594 0.675000 0.065625 0.186111 1.000000
0 54 0.406641 0.672222 0.063281 0.191667 1.000000
0 55 0.409375 0.670139 0.065625 0.190278 1.000000
0 56 0.409375 0.670833 0.067187 0.191667 1.000000
0 57 0.410156 0.670139 0.068750 0.190278 1.000000
0 58 0.413281 0.672222 0.071875 0.186111 1.000000
0 59 0.415625 0.676389 0.075000 0.183333 1.000000
0 60 0.417187 0.678472 0.078125 0.176389 1.000000
0 61 0.418359 0.682639 0.080469 0.170833 1.000000
0 62 0.418359 0.686806 0.080469 0.159722 1.000000
0 63 0.418359 0.690278 0.080469 0.155556 1.000000
0 64 0.417578 0.694444 0.080469 0.147222 1.000000
0 65 0.416797 0.697222 0.078906 0.144444 1.000000
0 66 0.416797 0.704167 0.078906 0.144444 1.000000
0 67 0.416406 0.706944 0.078125 0.147222 1.000000
0 68 0.415234 0.712500 0.080469 0.147222 1.000000
0 69 0.413281 0.715278 0.081250 0.144444 1.000000
0 70 0.413281 0.720833 0.082812 0.133333 1.000000
0 71 0.412891 0.723611 0.086719 0.130556 1.000000
0 72 0.412891 0.727778 0.086719 0.122222 1.000000
0 73 0.413281 0.729861 0.084375 0.120833 1.000000
0 74 0.416797 0.736111 0.077344 0.113889 1.000000
0 75 0.416797 0.739583 0.077344 0.106944 1.000000
0 76 0.423438 0.745833 0.065625 0.097222 1.000000
0 77 0.425000 0.746528 0.060937 0.093056 1.000000
0 78 0.431250 0.744444 0.050000 0.100000 1.000000
0 79 0.431641 0.744444 0.047656 0.102778 1.000000
0 80 0.431641 0.741667 0.047656 0.102778 1.000000
0 81 0.431641 0.742361 0.047656 0.104167 1.000000
0 82 0.432031 0.746528 0.046875 0.095833 1.000000
0 83 0.432031 0.751389 0.046875 0.086111 1.000000
0 84 0.432031 0.756250 0.046875 0.076389 1.000000
0 85 0.430469 0.757639 0.050000 0.070833 1.000000
0 86 0.426563 0.757639 0.060937 0.065278 1.000000
0 87 0.425781 0.758333 0.065625 0.066667 1.000000
0 88 0.427344 0.753472 0.081250 0.068056 1.000000
0 89 0.427344 0.751389 0.082812 0.072222 1.000000
0 90 0.423828 0.750694 0.075781 0.073611 1.000000
0 91 0.424219 0.749306 0.075000 0.073611 1.000000
0 92 0.426172 0.749306 0.071094 0.079167 1.000000
0 93 0.426172 0.752083 0.069531 0.084722 1.000000
0 94 0.426172 0.752083 0.067969 0.079167 1.000000
0 95 0.425781 0.751389 0.068750 0.080556 1.000000
0 96 0.424609 0.752083 0.069531 0.081944 1.000000
0 97 0.423828 0.752083 0.067969 0.081944 1.000000
0 98 0.423047 0.751389 0.064844 0.083333 1.000000
0 99 0.422656 0.752083 0.065625 0.081944 1.000000
0 100 0.418750 0.752083 0.067187 0.081944 1.000000
0 101 0.418359 0.752083 0.067969 0.081944 1.000000
0 102 0.416016 0.752778 0.067969 0.080556 1.000000
0 103 0.415234 0.753472 0.067969 0.079167 1.000000
0 104 0.413672 0.754861 0.066406 0.076389 1.000000
0 105 0.413281 0.752778 0.067187 0.080556 1.000000
0 106 0.410547 0.757639 0.066406 0.068056 1.000000
0 107 0.408984 0.758333 0.069531 0.066667 1.000000
0 108 0.408594 0.757639 0.070312 0.065278 1.000000
0 109 0.407422 0.758333 0.069531 0.066667 1.000000
0 110 0.405859 0.758333 0.067969 0.066667 1.000000
0 111 0.405078 0.759028 0.071094 0.065278 1.000000
0 112 0.403125 0.759722 0.067187 0.066667 1.000000
0 113 0.411328 0.758333 0.085156 0.066667 1.000000
0 114 0.410156 0.757639 0.085938 0.073611 1.000000
0 115 0.408203 0.754167 0.082031 0.077778 1.000000
0 116 0.409766 0.754861 0.086719 0.076389 1.000000
0 117 0.407813 0.754167 0.085938 0.075000 1.000000
0 118 0.401953 0.754167 0.075781 0.075000 1.000000
0 119 0.401172 0.754167 0.075781 0.075000 1.000000
0 120 0.401562 0.754861 0.076563 0.076389 1.000000
0 121 0.401172 0.754861 0.077344 0.076389 1.000000
0 122 0.401562 0.753472 0.078125 0.076389 1.000000
0 123 0.401172 0.754861 0.077344 0.079167 1.000000
0 124 0.401172 0.754861 0.078906 0.079167 1.000000
0 125 0.401172 0.753472 0.080469 0.079167 1.000000
0 126 0.401562 0.751389 0.079687 0.083333 1.000000
0 127 0.403516 0.750000 0.078906 0.086111 1.000000
0 128 0.415625 0.747917 0.092188 0.090278 1.000000
0 129 0.421094 0.746528 0.082812 0.095833 1.000000
0 130 0.428906 0.740972 0.073438 0.109722 1.000000
0 131 0.428516 0.741667 0.075781 0.108333 1.000000
0 132 0.426563 0.740972 0.079687 0.106944 1.000000
0 133 0.425391 0.740972 0.082031 0.104167 1.000000
0 134 0.423438 0.744444 0.082812 0.091667 1.000000
0 135 0.427734 0.743056 0.092969 0.091667 1.000000
0 136 0.432422 0.740278 0.105469 0.097222 1.000000
0 137 0.433203 0.739583 0.108594 0.098611 1.000000
0 138 0.438281 0.739583 0.125000 0.101389 1.000000
0 139 0.435156 0.739583 0.120313 0.101389 1.000000
0 140 0.433984 0.738889 0.119531 0.102778 1.000000
0 141 0.433984 0.737500 0.119531 0.105556 1.000000
0 142 0.432812 0.736806 0.120313 0.106944 1.000000
0 143 0.431641 0.734722 0.121094 0.111111 1.000000
0 144 0.430859 0.738889 0.124219 0.105556 1.000000
0 145 0.431250 0.739583 0.125000 0.104167 1.000000
0 146 0.429297 0.738194 0.127344 0.104167 1.000000
0 147 0.428906 0.738194 0.128125 0.104167 1.000000
0 148 0.427734 0.736806 0.128906 0.109722 1.000000
0 149 0.426953 0.736111 0.128906 0.108333 1.000000
0 150 0.425000 0.734722 0.129688 0.111111 1.000000
0 151 0.422656 0.736806 0.129688 0.106944 1.000000
0 152 0.418359 0.734028 0.136719 0.109722 1.000000
0 153 0.417187 0.735417 0.140625 0.109722 1.000000
0 154 0.410156 0.734028 0.145313 0.109722 1.000000
0 155 0.409375 0.734028 0.145313 0.115278 1.000000
0 156 0.407031 0.725000 0.148438 0.130556 1.000000
0 157 0.405469 0.712500 0.148438 0.158333 1.000000
0 158 0.404687 0.700000 0.148438 0.180556 1.000000
0 159 0.402734 0.694444 0.147656 0.191667 1.000000
0 160 0.400391 0.688194 0.149219 0.204167 1.000000
0 161 0.398828 0.689583 0.149219 0.204167 1.000000
0 162 0.393750 0.691667 0.150000 0.197222 1.000000
0 163 0.392578 0.691667 0.149219 0.200000 1.000000
0 164 0.387891 0.692361 0.149219 0.198611 1.000000
0 165 0.385547 0.691667 0.147656 0.197222 1.000000
0 166 0.379688 0.690972 0.148438 0.201389 1.000000
0 167 0.376953 0.690972 0.149219 0.201389 1.000000
0 168 0.371875 0.688889 0.150000 0.202778 1.000000
0 169 0.367188 0.688889 0.150000 0.202778 1.000000
0 170 0.364844 0.689583 0.146875 0.206944 1.000000
0 171 0.363281 0.690972 0.146875 0.204167 1.000000
0 172 0.361719 0.695139 0.145313 0.193056 1.000000
0 173 0.360547 0.699306 0.142969 0.181944 1.000000
0 174 0.358984 0.712500 0.138281 0.155556 1.000000
0 175 0.357812 0.718056 0.134375 0.144444 1.000000
0 176 0.357812 0.730556 0.129688 0.113889 1.000000
0 177 0.359375 0.736111 0.126562 0.097222 1.000000
0 178 0.361719 0.726389 0.114062 0.108333 1.000000
0 179 0.363672 0.719444 0.103906 0.116667 1.000000
0 180 0.362891 0.708333 0.091406 0.130556 1.000000
0 181 0.364063 0.705556 0.084375 0.133333 1.000000
0 182 0.364063 0.699306 0.071875 0.134722 1.000000
0 183 0.366016 0.697222 0.066406 0.136111 1.000000
0 184 0.367188 0.695833 0.064062 0.138889 1.000000
0 185 0.366797 0.695139 0.063281 0.137500 1.000000
0 186 0.366406 0.695139 0.064062 0.131944 1.000000
0 187 0.366016 0.693750 0.064844 0.131944 1.000000
0 188 0.367969 0.692361 0.070312 0.134722 1.000000
0 189 0.367188 0.690972 0.070312 0.137500 1.000000
0 190 0.370312 0.692361 0.078125 0.140278 1.000000
0 191 0.371484 0.690972 0.082031 0.137500 1.000000
0 192 0.375781 0.689583 0.089063 0.137500 1.000000
0 193 0.378125 0.691667 0.093750 0.138889 1.000000
0 194 0.380859 0.690278 0.096094 0.138889 1.000000
0 195 0.384375 0.689583 0.093750 0.140278 1.000000
0 196 0.391406 0.687500 0.079687 0.144444 1.000000
0 197 0.394922 0.686806 0.072656 0.148611 1.000000
0 198 0.403125 0.686806 0.056250 0.154167 1.000000
0 199 0.402734 0.679167 0.055469 0.147222 1.000000
0 200 0.405469 0.677083 0.054688 0.145833 1.000000
0 201 0.405469 0.675000 0.053125 0.141667 1.000000
0 202 0.415234 0.671528 0.074219 0.148611 1.000000
0 203 0.414062 0.670833 0.073438 0.152778 1.000000
0 204 0.414062 0.667361 0.073438 0.156944 1.000000
0 205 0.415234 0.665972 0.074219 0.159722 1.000000
0 206 0.416406 0.656944 0.078125 0.177778 1.000000
0 207 0.416016 0.654861 0.078906 0.184722 1.000000
0 208 0.416016 0.647222 0.077344 0.197222 1.000000
0 209 0.416016 0.644444 0.078906 0.202778 1.000000
0 210 0.414453 0.638889 0.075781 0.213889 1.000000
0 211 0.414062 0.637500 0.076563 0.213889 1.000000
0 212 0.412109 0.633333 0.074219 0.222222 1.000000
0 213 0.412109 0.634028 0.074219 0.226389 1.000000
0 214 0.410547 0.630556 0.071094 0.230556 1.000000
0 215 0.409766 0.628472 0.071094 0.234722 1.000000
0 216 0.407422 0.625000 0.067969 0.238889 1.000000
0 217 0.408203 0.624306 0.067969 0.245833 1.000000
0 218 0.405078 0.622222 0.061719 0.247222 1.000000
0 219 0.405469 0.622917 0.060937 0.248611 1.000000
0 220 0.404687 0.622917 0.057813 0.251389 1.000000
0 221 0.403906 0.621528 0.057813 0.251389 1.000000
0 222 0.402734 0.622222 0.055469 0.250000 1.000000
0 223 0.401172 0.621528 0.053906 0.248611 1.000000
0 224 0.401562 0.623611 0.056250 0.244444 1.000000
0 225 0.402734 0.626389 0.057031 0.236111 1.000000
0 226 0.406641 0.631944 0.067969 0.227778 1.000000
0 227 0.408203 0.635417 0.074219 0.220833 1.000000
0 228 0.409766 0.643750 0.078906 0.201389 1.000000
0 229 0.410547 0.649306 0.082031 0.193056 1.000000
0 230 0.411719 0.652083 0.085938 0.184722 1.000000
0 231 0.412109 0.652083 0.088281 0.181944 1.000000
0 232 0.415625 0.652778 0.087500 0.180556 1.000000
0 233 0.417187 0.654167 0.087500 0.180556 1.000000
0 234 0.419531 0.655556 0.090625 0.177778 1.000000
0 235 0.420312 0.655556 0.092188 0.175000 1.000000
0 236 0.422656 0.659028 0.096875 0.168056 1.000000
0 237 0.423047 0.659722 0.099219 0.166667 1.000000
0 238 0.423438 0.661806 0.101562 0.165278 1.000000
0 239 0.425781 0.663889 0.106250 0.158333 1.000000
0 240 0.423828 0.665278 0.108594 0.155556 1.000000
0 241 0.422656 0.667361 0.110937 0.151389 1.000000
0 242 0.421484 0.669444 0.113281 0.150000 1.000000
0 243 0.418359 0.670139 0.116406 0.145833 1.000000
0 244 0.414844 0.670833 0.118750 0.144444 1.000000
0 245 0.410547 0.674306 0.121094 0.140278 1.000000
0 246 0.412500 0.676389 0.125000 0.141667 1.000000
0 247 0.408984 0.684722 0.125781 0.130556 1.000000
0 248 0.408203 0.687500 0.124219 0.125000 1.000000
0 249 0.408203 0.690972 0.125781 0.115278 1.000000
0 250 0.408984 0.695139 0.128906 0.109722 1.000000
0 251 0.408594 0.700694 0.132812 0.098611 1.000000
0 252 0.407813 0.702083 0.135937 0.095833 1.000000
0 253 0.407422 0.703472 0.136719 0.093056 1.000000
0 254 0.406250 0.703472 0.135937 0.093056 1.000000
0 255 0.404687 0.700694 0.135937 0.098611 1.000000
0 256 0.404687 0.698611 0.135937 0.102778 1.000000
0 257 0.401953 0.695139 0.133594 0.109722 1.000000
0 258 0.402344 0.693750 0.129688 0.115278 1.000000
0 259 0.401953 0.688194 0.116406 0.123611 1.000000
0 260 0.400391 0.685417 0.111719 0.126389 1.000000
0 261 0.401172 0.684028 0.108594 0.129167 1.000000
0 262 0.402734 0.684722 0.107031 0.130556 1.000000
0 263 0.405469 0.685417 0.101562 0.129167 1.000000
0 264 0.405469 0.686806 0.095312 0.129167 1.000000
0 265 0.400781 0.690278 0.067187 0.130556 1.000000
0 266 0.401172 0.688889 0.061719 0.133333 1.000000
0 267 0.402734 0.687500 0.058594 0.133333 1.000000
0 268 0.401953 0.687500 0.058594 0.133333 1.000000
0 269 0.396484 0.686111 0.069531 0.133333 1.000000
0 270 0.392969 0.686111 0.071875 0.138889 1.000000
0 271 0.389844 0.684722 0.075000 0.141667 1.000000
0 272 0.387500 0.686111 0.075000 0.138889 1.000000
0 273 0.386719 0.688194 0.082812 0.134722 1.000000
0 274 0.387109 0.688194 0.086719 0.137500 1.000000
0 275 0.380469 0.686806 0.101562 0.140278 1.000000
0 276 0.381641 0.686111 0.097656 0.138889 1.000000
0 277 0.380469 0.687500 0.098437 0.138889 1.000000
0 278 0.378125 0.686111 0.101562 0.138889 1.000000
0 279 0.377344 0.686111 0.106250 0.141667 1.000000
0 280 0.379688 0.688194 0.104688 0.140278 1.000000
0 281 0.385156 0.687500 0.095312 0.141667 1.000000
0 282 0.389062 0.691667 0.082812 0.147222 1.000000
0 283 0.386328 0.690278 0.078906 0.141667 1.000000
0 284 0.386719 0.689583 0.079687 0.140278 1.000000
0 285 0.384766 0.690278 0.071094 0.138889 1.000000
0 286 0.386328 0.689583 0.067969 0.140278 1.000000
0 287 0.389062 0.688889 0.059375 0.144444 1.000000
0 288 0.389844 0.688889 0.056250 0.144444 1.000000
0 289 0.390625 0.688194 0.056250 0.148611 1.000000
0 290 0.392578 0.686806 0.060156 0.151389 1.000000
0 291 0.397266 0.682639 0.067969 0.156944 1.000000
0 292 0.401172 0.682639 0.074219 0.162500 1.000000
0 293 0.406250 0.679167 0.087500 0.175000 1.000000
0 294 0.408984 0.675694 0.092969 0.179167 1.000000
0 295 0.407422 0.672222 0.086719 0.186111 1.000000
0 296 0.416016 0.672222 0.096094 0.188889 1.000000
0 297 0.418359 0.671528 0.100781 0.193056 1.000000
0 298 0.418359 0.670139 0.100781 0.195833 1.000000
0 299 0.418359 0.668750 0.097656 0.198611 1.000000
0 300 0.419531 0.667361 0.090625 0.201389 1.000000
0 301 0.417578 0.667361 0.085156 0.201389 1.000000
0 302 0.416406 0.670139 0.082812 0.204167 1.000000
0 303 0.414844 0.669444 0.079687 0.202778 1.000000
0 304 0.414453 0.669444 0.077344 0.202778 1.000000
0 305 0.415234 0.668750 0.078906 0.201389 1.000000
0 306 0.413281 0.668750 0.078125 0.198611 1.000000
0 307 0.411719 0.670139 0.075000 0.201389 1.000000
0 308 0.410547 0.668750 0.075781 0.198611 1.000000
0 309 0.409375 0.669444 0.073438 0.200000 1.000000
0 310 0.409375 0.669444 0.071875 0.200000 1.000000
0 311 0.407813 0.668750 0.071875 0.198611 1.000000
0 312 0.406641 0.668750 0.071094 0.198611 1.000000
0 313 0.404687 0.668750 0.068750 0.198611 1.000000
0 314 0.404297 0.670139 0.069531 0.198611 1.000000
0 315 0.402344 0.670139 0.068750 0.198611 1.000000
0 316 0.400781 0.669444 0.067187 0.197222 1.000000
0 317 0.400000 0.668750 0.068750 0.198611 1.000000
0 318 0.399609 0.669444 0.067969 0.197222 1.000000
0 319 0.396484 0.668750 0.066406 0.198611 1.000000
0 320 0.395703 0.669444 0.067969 0.197222 1.000000
0 321 0.394531 0.669444 0.067187 0.197222 1.000000
0 322 0.393750 0.668056 0.065625 0.197222 1.000000
0 323 0.391406 0.668750 0.070312 0.195833 1.000000
0 324 0.390625 0.668056 0.070312 0.197222 1.000000
0 325 0.390234 0.670139 0.071094 0.198611 1.000000
0 326 0.390234 0.669444 0.069531 0.200000 1.000000
0 327 0.390234 0.668750 0.075781 0.198611 1.000000
0 328 0.391797 0.668056 0.077344 0.197222 1.000000
0 329 0.391797 0.669444 0.083594 0.197222 1.000000
0 330 0.393750 0.668750 0.085938 0.195833 1.000000
0 331 0.392969 0.669444 0.087500 0.197222 1.000000
0 332 0.391016 0.668750 0.082031 0.195833 1.000000
0 333 0.388672 0.670139 0.078906 0.195833 1.000000
0 334 0.393750 0.668750 0.089063 0.195833 1.000000
0 335 0.385937 0.671528 0.073438 0.195833 1.000000
0 336 0.382422 0.670833 0.066406 0.194444 1.000000
0 337 0.377734 0.672917 0.057031 0.193056 1.000000
0 338 0.377734 0.673611 0.058594 0.191667 1.000000
0 339 0.376172 0.676389 0.058594 0.188889 1.000000
0 340 0.375391 0.677083 0.060156 0.187500 1.000000
0 341 0.371875 0.680556 0.064062 0.183333 1.000000
0 342 0.370703 0.681944 0.066406 0.183333 1.000000
0 343 0.369141 0.687500 0.077344 0.177778 1.000000
0 344 0.365625 0.688194 0.076563 0.173611 1.000000
0 345 0.365234 0.695139 0.082031 0.165278 1.000000
0 346 0.364063 0.698611 0.087500 0.163889 1.000000
0 347 0.361719 0.701389 0.087500 0.155556 1.000000
0 348 0.361328 0.702083 0.086719 0.154167 1.000000
0 349 0.360156 0.704861 0.084375 0.148611 1.000000
0 350 0.360156 0.704861 0.084375 0.148611 1.000000
0 351 0.359375 0.702083 0.081250 0.148611 1.000000
0 352 0.359766 0.703472 0.077344 0.148611 1.000000
0 353 0.359766 0.702778 0.067969 0.147222 1.000000
0 354 0.359375 0.702083 0.062500 0.145833 1.000000
0 355 0.358594 0.702083 0.060937 0.143056 1.000000
0 356 0.358203 0.702778 0.063281 0.144444 1.000000
0 357 0.356250 0.703472 0.067187 0.145833 1.000000
0 358 0.355469 0.704167 0.068750 0.147222 1.000000
0 359 0.354687 0.702778 0.071875 0.147222 1.000000
0 360 0.355078 0.702778 0.072656 0.147222 1.000000
0 361 0.354297 0.704167 0.072656 0.147222 1.000000
0 362 0.355469 0.702778 0.075000 0.147222 1.000000
0 363 0.356250 0.703472 0.073438 0.145833 1.000000
0 364 0.358203 0.704167 0.072656 0.144444 1.000000
0 365 0.362500 0.705556 0.067187 0.141667 1.000000
0 366 0.364453 0.706250 0.066406 0.140278 1.000000
0 367 0.363281 0.706944 0.067187 0.138889 1.000000
0 368 0.361719 0.706250 0.070312 0.140278 1.000000
0 369 0.360938 0.705556 0.073438 0.138889 1.000000
0 370 0.361328 0.706250 0.074219 0.137500 1.000000
0 371 0.366016 0.705556 0.063281 0.138889 1.000000
0 372 0.373047 0.703472 0.052344 0.134722 1.000000
0 373 0.376172 0.702083 0.046094 0.137500 1.000000
0 374 0.383594 0.702083 0.056250 0.140278 1.000000
0 375 0.404687 0.679861 0.082812 0.187500 1.000000
0 376 0.410938 0.670833 0.089063 0.208333 1.000000
0 377 0.414453 0.658333 0.091406 0.233333 1.000000
0 378 0.414844 0.659722 0.092188 0.230556 1.000000
0 379 0.414453 0.660417 0.089844 0.226389 1.000000
0 380 0.414453 0.661806 0.088281 0.220833 1.000000
0 381 0.425391 0.673611 0.071094 0.197222 1.000000
0 382 0.426953 0.702778 0.071094 0.141667 1.000000
0 383 0.434375 0.702778 0.087500 0.141667 1.000000
0 384 0.437109 0.703472 0.091406 0.140278 1.000000
0 385 0.445703 0.704861 0.105469 0.134722 1.000000
0 386 0.451172 0.708333 0.114844 0.130556 1.000000
0 387 0.456250 0.711111 0.110937 0.122222 1.000000
0 388 0.457813 0.712500 0.103125 0.116667 1.000000
0 389 0.465625 0.717361 0.084375 0.106944 1.000000
0 390 0.468750 0.721528 0.079687 0.101389 1.000000
0 391 0.470313 0.725694 0.075000 0.093056 1.000000
0 392 0.471875 0.730556 0.073438 0.086111 1.000000
0 393 0.473438 0.731250 0.073438 0.087500 1.000000
0 394 0.473047 0.729861 0.074219 0.090278 1.000000
0 395 0.473047 0.716667 0.074219 0.113889 1.000000
0 396 0.474609 0.708333 0.072656 0.136111 1.000000
0 397 0.480078 0.692361 0.077344 0.156944 1.000000
0 398 0.482422 0.686111 0.083594 0.169444 1.000000
0 399 0.480078 0.676389 0.111719 0.191667 1.000000
0 400 0.481641 0.672917 0.110156 0.193056 1.000000
0 401 0.483203 0.669444 0.110156 0.197222 1.000000
0 402 0.484375 0.658333 0.107813 0.219444 1.000000
0 403 0.485938 0.649306 0.100000 0.237500 1.000000
0 404 0.487891 0.646528 0.096094 0.243056 1.000000
0 405 0.490234 0.650000 0.088281 0.247222 1.000000
0 406 0.486719 0.658333 0.090625 0.230556 1.000000
0 407 0.486719 0.673611 0.087500 0.197222 1.000000
0 408 0.486719 0.673611 0.085938 0.194444 1.000000
0 409 0.483594 0.676389 0.090625 0.186111 1.000000
0 410 0.488672 0.679861 0.083594 0.181944 1.000000
0 411 0.488672 0.689583 0.085156 0.159722 1.000000
0 412 0.487500 0.695139 0.084375 0.148611 1.000000
0 413 0.487109 0.708333 0.088281 0.122222 1.000000
0 414 0.487109 0.713889 0.088281 0.111111 1.000000
0 415 0.485938 0.720833 0.089063 0.097222 1.000000
0 416 0.486328 0.723611 0.092969 0.094444 1.000000
0 417 0.486719 0.722222 0.093750 0.091667 1.000000
0 418 0.485938 0.720833 0.090625 0.094444 1.000000
0 419 0.481250 0.718750 0.076563 0.106944 1.000000
0 420 0.476953 0.718750 0.064844 0.112500 1.000000
0 421 0.477344 0.712500 0.059375 0.116667 1.000000
0 422 0.471094 0.710417 0.068750 0.120833 1.000000
0 423 0.460938 0.707639 0.103125 0.126389 1.000000
0 424 0.453906 0.706250 0.104688 0.129167 1.000000
0 425 0.449609 0.704167 0.113281 0.133333 1.000000
0 426 0.446484 0.703472 0.107031 0.134722 1.000000
0 427 0.448828 0.702083 0.107031 0.137500 1.000000
0 428 0.448828 0.699306 0.105469 0.134722 1.000000
0 429 0.450000 0.700694 0.101562 0.137500 1.000000
0 430 0.451562 0.702083 0.103125 0.137500 1.000000
0 431 0.455469 0.704861 0.100000 0.131944 1.000000
0 432 0.456641 0.706250 0.096094 0.131944 1.000000
0 433 0.459375 0.711111 0.084375 0.122222 1.000000
0 434 0.458984 0.713194 0.078906 0.118056 1.000000
0 435 0.460938 0.714583 0.078125 0.112500 1.000000
0 436 0.462891 0.715972 0.080469 0.109722 1.000000
0 437 0.467969 0.716667 0.084375 0.108333 1.000000
0 438 0.468750 0.715972 0.085938 0.109722 1.000000
0 439 0.470703 0.713889 0.092969 0.113889 1.000000
0 440 0.470313 0.712500 0.096875 0.116667 1.000000
0 441 0.469141 0.711806 0.107031 0.120833 1.000000
0 442 0.468359 0.710417 0.111719 0.123611 1.000000
0 443 0.467187 0.708333 0.121875 0.127778 1.000000
0 444 0.466016 0.707639 0.125781 0.129167 1.000000
0 445 0.467969 0.703472 0.126562 0.131944 1.000000
0 446 0.468359 0.702778 0.125781 0.133333 1.000000
0 447 0.481641 0.703472 0.139844 0.134722 1.000000
0 448 0.482031 0.702083 0.142187 0.140278 1.000000
0 449 0.488281 0.698611 0.145313 0.147222 1.000000
0 450 0.491797 0.697917 0.149219 0.148611 1.000000
0 451 0.494141 0.697222 0.152344 0.150000 1.000000
0 452 0.494922 0.697222 0.150781 0.152778 1.000000
0 453 0.494141 0.695139 0.144531 0.154167 1.000000
0 454 0.492969 0.693750 0.140625 0.156944 1.000000
0 455 0.492578 0.690278 0.139844 0.166667 1.000000
0 456 0.494922 0.691667 0.138281 0.163889 1.000000
0 457 0.492969 0.690972 0.125000 0.170833 1.000000
0 458 0.495312 0.690278 0.125000 0.172222 1.000000
0 459 0.493750 0.693056 0.110937 0.169444 1.000000
0 460 0.492969 0.693750 0.104688 0.170833 1.000000
0 461 0.495703 0.697917 0.094531 0.165278 1.000000
0 462 0.495703 0.699306 0.085156 0.162500 1.000000
0 463 0.500781 0.700000 0.078125 0.161111 1.000000
0 464 0.503516 0.704167 0.072656 0.158333 1.000000
0 465 0.507812 0.705556 0.064062 0.152778 1.000000
0 466 0.508984 0.705556 0.063281 0.152778 1.000000
0 467 0.508203 0.707639 0.064844 0.148611 1.000000
0 468 0.508594 0.710417 0.064062 0.148611 1.000000
0 469 0.508594 0.709028 0.062500 0.148611 1.000000
0 470 0.508594 0.710417 0.064062 0.145833 1.000000
0 471 0.508594 0.710417 0.064062 0.145833 1.000000
0 472 0.507812 0.711111 0.064062 0.144444 1.000000
0 473 0.509375 0.711806 0.064062 0.140278 1.000000
0 474 0.508203 0.711111 0.063281 0.138889 1.000000
0 475 0.508594 0.712500 0.062500 0.136111 1.000000
0 476 0.508203 0.713194 0.063281 0.131944 1.000000
0 477 0.508594 0.715278 0.064062 0.127778 1.000000
0 478 0.508984 0.715972 0.064844 0.123611 1.000000
0 479 0.508594 0.715972 0.064062 0.120833 1.000000
0 480 0.508203 0.715278 0.063281 0.119444 1.000000
0 481 0.508203 0.717361 0.066406 0.118056 1.000000
0 482 0.507422 0.717361 0.069531 0.118056 1.000000
0 483 0.506641 0.714583 0.071094 0.118056 1.000000
0 484 0.507031 0.713194 0.070312 0.118056 1.000000
0 485 0.514062 0.715278 0.054688 0.127778 1.000000
0 486 0.516016 0.714583 0.049219 0.131944 1.000000
0 487 0.514844 0.712500 0.048438 0.138889 1.000000
0 488 0.514453 0.710417 0.049219 0.137500 1.000000
0 489 0.513281 0.708333 0.053125 0.144444 1.000000
0 490 0.512109 0.709722 0.053906 0.144444 1.000000
0 491 0.514062 0.702083 0.065625 0.131944 1.000000
0 492 0.510547 0.700000 0.064844 0.130556 1.000000
0 493 0.515234 0.702083 0.083594 0.129167 1.000000
0 494 0.514453 0.700694 0.088281 0.129167 1.000000
0 495 0.513281 0.704861 0.100000 0.123611 1.000000
0 496 0.509375 0.706250 0.100000 0.120833 1.000000
0 497 0.506641 0.707639 0.111719 0.120833 1.000000
0 498 0.506250 0.710417 0.120313 0.126389 1.000000
0 499 0.502344 0.715278 0.114062 0.119444 1.000000
0 500 0.501953 0.716667 0.113281 0.119444 1.000000
0 501 0.501172 0.720139 0.110156 0.109722 1.000000
0 502 0.499609 0.722222 0.108594 0.105556 1.000000
0 503 0.499609 0.731944 0.103906 0.097222 1.000000
0 504 0.499609 0.734028 0.102344 0.090278 1.000000
0 505 0.498047 0.744444 0.096094 0.072222 1.000000
0 506 0.497656 0.744444 0.092188 0.072222 1.000000
0 507 0.494531 0.743750 0.085938 0.073611 1.000000
0 508 0.494531 0.745833 0.084375 0.069444 1.000000
0 509 0.493750 0.745833 0.078125 0.066667 1.000000
0 510 0.493750 0.745139 0.078125 0.068056 1.000000
0 511 0.493750 0.747222 0.076563 0.066667 1.000000
0 512 0.493750 0.749306 0.079687 0.065278 1.000000
0 513 0.496484 0.748611 0.075781 0.066667 1.000000
0 514 0.497656 0.748611 0.075000 0.066667 1.000000
0 515 0.498828 0.749306 0.074219 0.065278 1.000000
0 516 0.500000 0.748611 0.075000 0.063889 1.000000
0 517 0.502344 0.747917 0.076563 0.062500 1.000000
0 518 0.504687 0.748611 0.076563 0.063889 1.000000
0 519 0.507812 0.749306 0.079687 0.062500 1.000000
0 520 0.508203 0.748611 0.078906 0.063889 1.000000
0 521 0.512500 0.747222 0.081250 0.066667 1.000000
0 522 0.519922 0.749306 0.096094 0.073611 1.000000
0 523 0.532422 0.744444 0.119531 0.072222 1.000000
0 524 0.533594 0.743056 0.121875 0.072222 1.000000
0 525 0.539844 0.740972 0.131250 0.073611 1.000000
0 526 0.542188 0.738889 0.134375 0.077778 1.000000
0 527 0.544922 0.735417 0.133594 0.087500 1.000000
0 528 0.546484 0.736111 0.136719 0.086111 1.000000
0 529 0.547266 0.732639 0.132031 0.093056 1.000000
0 530 0.546875 0.729167 0.129688 0.100000 1.000000
0 531 0.547656 0.729167 0.115625 0.100000 1.000000
0 532 0.549219 0.727778 0.110937 0.102778 1.000000
0 533 0.553516 0.724306 0.102344 0.109722 1.000000
0 534 0.555078 0.724306 0.097656 0.109722 1.000000
0 535 0.560937 0.720139 0.084375 0.115278 1.000000
0 536 0.563672 0.715278 0.078906 0.122222 1.000000
0 537 0.567578 0.710417 0.069531 0.129167 1.000000
0 538 0.567187 0.707639 0.071875 0.134722 1.000000
0 539 0.568750 0.700694 0.081250 0.143056 1.000000
0 540 0.567578 0.696528 0.083594 0.148611 1.000000
0 541 0.563672 0.692361 0.091406 0.156944 1.000000
0 542 0.560937 0.688194 0.093750 0.165278 1.000000
0 543 0.554297 0.684028 0.096094 0.173611 1.000000
0 544 0.550000 0.678472 0.092188 0.181944 1.000000
0 545 0.543359 0.673611 0.088281 0.194444 1.000000
0 546 0.539062 0.667361 0.082812 0.201389 1.000000
0 547 0.533594 0.661111 0.076563 0.213889 1.000000
0 548 0.532422 0.659028 0.074219 0.220833 1.000000
0 549 0.527734 0.655556 0.067969 0.230556 1.000000
0 550 0.525781 0.653472 0.064062 0.231944 1.000000
0 551 0.525000 0.652083 0.064062 0.234722 1.000000
0 552 0.526172 0.652083 0.067969 0.234722 1.000000
0 553 0.527734 0.654167 0.080469 0.233333 1.000000
0 554 0.529687 0.654861 0.089063 0.231944 1.000000
0 555 0.526563 0.656944 0.087500 0.227778 1.000000
0 556 0.525000 0.657639 0.085938 0.226389 1.000000
0 557 0.519922 0.659028 0.078906 0.220833 1.000000
0 558 0.514453 0.658333 0.072656 0.222222 1.000000
0 559 0.512500 0.651389 0.062500 0.236111 1.000000
0 560 0.514844 0.643750 0.056250 0.248611 1.000000
0 561 0.521875 0.630556 0.042188 0.244444 1.000000
0 562 0.521875 0.631944 0.045312 0.244444 1.000000
0 563 0.526172 0.651389 0.047656 0.244444 1.000000
0 564 0.534375 0.657639 0.046875 0.251389 1.000000
0 565 0.546875 0.661806 0.068750 0.237500 1.000000
0 566 0.550391 0.666667 0.078906 0.230556 1.000000
0 567 0.546875 0.669444 0.087500 0.216667 1.000000
0 568 0.543359 0.669444 0.088281 0.213889 1.000000
0 569 0.530469 0.666667 0.048438 0.216667 1.000000
0 570 0.526953 0.659722 0.038281 0.225000 1.000000
0 571 0.523438 0.654167 0.035937 0.233333 1.000000
0 572 0.516406 0.649306 0.046875 0.254167 1.000000
0 573 0.511719 0.648611 0.040625 0.255556 1.000000
0 574 0.509375 0.646528 0.037500 0.254167 1.000000
0 575 0.508594 0.645139 0.035937 0.256944 1.000000
0 576 0.506641 0.644444 0.035156 0.255556 1.000000
0 577 0.506250 0.643056 0.035937 0.252778 1.000000
0 578 0.508203 0.643056 0.038281 0.250000 1.000000
0 579 0.508203 0.643750 0.041406 0.248611 1.000000
0 580 0.508203 0.646528 0.042969 0.243056 1.000000
0 581 0.507031 0.648611 0.048438 0.238889 1.000000
0 582 0.501563 0.654167 0.056250 0.233333 1.000000
0 583 0.500000 0.654861 0.056250 0.231944 1.000000
0 584 0.501172 0.659028 0.042969 0.229167 1.000000
0 585 0.498828 0.659028 0.049219 0.231944 1.000000
0 586 0.494922 0.658333 0.052344 0.236111 1.000000
0 587 0.492578 0.660417 0.060156 0.240278 1.000000
0 588 0.500781 0.663889 0.050000 0.241667 1.000000
0 589 0.502344 0.662500 0.045312 0.241667 1.000000
0 590 0.502344 0.664583 0.043750 0.240278 1.000000
0 591 0.502734 0.667361 0.046094 0.240278 1.000000
0 592 0.498437 0.669444 0.045312 0.236111 1.000000
0 593 0.495703 0.671528 0.042969 0.234722 1.000000
0 594 0.489453 0.676389 0.053906 0.227778 1.000000
0 595 0.486328 0.680556 0.058594 0.222222 1.000000
0 596 0.489453 0.684028 0.049219 0.215278 1.000000
0 597 0.493750 0.686111 0.039062 0.213889 1.000000
0 598 0.495312 0.685417 0.035937 0.218056 1.000000
0 599 0.494141 0.682639 0.035156 0.226389 1.000000
0 600 0.500000 0.653472 0.043750 0.265278 1.000000
0 601 0.498828 0.638889 0.038281 0.286111 1.000000
0 602 0.492969 0.625000 0.043750 0.302778 1.000000
0 603 0.490625 0.625694 0.048438 0.301389 1.000000
0 604 0.489844 0.638194 0.054688 0.276389 1.000000
0 605 0.489844 0.650694 0.054688 0.256944 1.000000
0 606 0.489453 0.670139 0.061719 0.229167 1.000000
0 607 0.490234 0.672917 0.061719 0.220833 1.000000
0 608 0.492188 0.682639 0.056250 0.204167 1.000000
0 609 0.493750 0.685417 0.054688 0.195833 1.000000
0 610 0.495703 0.689583 0.047656 0.190278 1.000000
0 611 0.496094 0.690972 0.045312 0.187500 1.000000
0 612 0.496875 0.690278 0.056250 0.188889 1.000000
0 613 0.497266 0.689583 0.060156 0.190278 1.000000
0 614 0.499219 0.685417 0.064062 0.193056 1.000000
0 615 0.499219 0.686806 0.062500 0.195833 1.000000
0 616 0.498437 0.680556 0.060937 0.191667 1.000000
0 617 0.497266 0.681250 0.061719 0.193056 1.000000
0 618 0.494531 0.683333 0.062500 0.197222 1.000000
0 619 0.495312 0.683333 0.064062 0.197222 1.000000
0 620 0.494141 0.684722 0.069531 0.194444 1.000000
0 621 0.493359 0.686111 0.072656 0.194444 1.000000
0 622 0.489844 0.685417 0.081250 0.193056 1.000000
0 623 0.489844 0.685417 0.082812 0.193056 1.000000
0 624 0.489063 0.682639 0.085938 0.201389 1.000000
0 625 0.484375 0.674306 0.079687 0.218056 1.000000
0 626 0.475391 0.663889 0.074219 0.241667 1.000000
0 627 0.481250 0.661806 0.076563 0.248611 1.000000
0 628 0.480859 0.656944 0.086719 0.261111 1.000000
0 629 0.477344 0.656250 0.070312 0.262500 1.000000
0 630 0.478516 0.657639 0.064844 0.259722 1.000000
0 631 0.479687 0.659028 0.065625 0.256944 1.000000
0 632 0.481250 0.663889 0.067187 0.247222 1.000000
0 633 0.482422 0.667361 0.071094 0.240278 1.000000
0 634 0.483984 0.679861 0.066406 0.218056 1.000000
0 635 0.482812 0.683333 0.067187 0.211111 1.000000
0 636 0.482422 0.693750 0.066406 0.190278 1.000000
0 637 0.485156 0.692361 0.057813 0.193056 1.000000
0 638 0.489453 0.692361 0.050781 0.195833 1.000000
0 639 0.490234 0.688194 0.047656 0.201389 1.000000
0 640 0.490234 0.672222 0.047656 0.233333 1.000000
0 641 0.489453 0.663889 0.049219 0.241667 1.000000
0 642 0.490625 0.644444 0.054688 0.250000 1.000000
0 643 0.489844 0.640972 0.054688 0.245833 1.000000
0 644 0.492188 0.633333 0.067187 0.219444 1.000000
0 645 0.494141 0.621528 0.074219 0.223611 1.000000
0 646 0.494531 0.603472 0.092188 0.209722 1.000000
0 647 0.495312 0.592361 0.100000 0.195833 1.000000
0 648 0.497266 0.575000 0.114844 0.163889 1.000000
0 649 0.497266 0.568750 0.117969 0.143056 1.000000
0 650 0.501953 0.565278 0.119531 0.125000 1.000000
0 651 0.503906 0.565278 0.118750 0.113889 1.000000
0 652 0.514453 0.575694 0.119531 0.093056 1.000000
0 653 0.521484 0.576389 0.119531 0.091667 1.000000
0 654 0.535547 0.567361 0.116406 0.115278 1.000000
0 655 0.539844 0.566667 0.110937 0.125000 1.000000
0 656 0.549219 0.562500 0.104688 0.138889 1.000000
0 657 0.553125 0.558333 0.101562 0.133333 1.000000
0 658 0.560156 0.562500 0.093750 0.150000 1.000000
0 659 0.562109 0.566667 0.091406 0.158333 1.000000
0 660 0.562500 0.577778 0.087500 0.175000 1.000000
0 661 0.565234 0.587500 0.083594 0.183333 1.000000
0 662 0.562109 0.606250 0.077344 0.198611 1.000000
0 663 0.559766 0.611806 0.080469 0.198611 1.000000
0 664 0.556641 0.636111 0.075781 0.208333 1.000000
0 665 0.553906 0.647917 0.070312 0.209722 1.000000
0 666 0.562500 0.667361 0.078125 0.198611 1.000000
0 667 0.567969 0.672917 0.082812 0.201389 1.000000
0 668 0.571484 0.684722 0.083594 0.211111 1.000000
0 669 0.574219 0.686111 0.084375 0.208333 1.000000
0 670 0.574609 0.688889 0.100781 0.197222 1.000000
0 671 0.569141 0.693056 0.088281 0.191667 1.000000
0 672 0.566797 0.698611 0.074219 0.175000 1.000000
0 673 0.569141 0.703472 0.066406 0.165278 1.000000
0 674 0.573438 0.708333 0.064062 0.155556 1.000000
0 675 0.578906 0.714583 0.051562 0.145833 1.000000
0 676 0.580469 0.718750 0.048438 0.134722 1.000000
0 677 0.578906 0.720833 0.048438 0.130556 1.000000
0 678 0.577344 0.720139 0.056250 0.131944 1.000000
0 679 0.580078 0.720833 0.063281 0.133333 1.000000
0 680 0.588281 0.716667 0.067187 0.136111 1.000000
0 681 0.591797 0.716667 0.066406 0.141667 1.000000
0 682 0.594141 0.711806 0.057031 0.145833 1.000000
0 683 0.595703 0.711111 0.057031 0.150000 1.000000
0 684 0.595703 0.713194 0.049219 0.143056 1.000000
0 685 0.595313 0.715278 0.048438 0.138889 1.000000
0 686 0.589453 0.714583 0.039844 0.143056 1.000000
0 687 0.587500 0.711111 0.035937 0.150000 1.000000
0 688 0.582031 0.706944 0.040625 0.150000 1.000000
0 689 0.580078 0.704861 0.039844 0.151389 1.000000
0 690 0.573828 0.700000 0.041406 0.155556 1.000000
0 691 0.575000 0.697917 0.040625 0.159722 1.000000
0 692 0.572266 0.691667 0.036719 0.169444 1.000000
0 693 0.570703 0.689583 0.033594 0.170833 1.000000
0 694 0.570703 0.688194 0.032031 0.179167 1.000000
0 695 0.568750 0.686111 0.029687 0.180556 1.000000
0 696 0.565625 0.682639 0.029687 0.176389 1.000000
0 697 0.565234 0.681250 0.030469 0.176389 1.000000
0 698 0.561328 0.679861 0.032031 0.176389 1.000000
0 699 0.558203 0.679861 0.030469 0.176389 1.000000
0 700 0.556641 0.679167 0.032031 0.177778 1.000000
0 701 0.555469 0.677778 0.032813 0.177778 1.000000
0 702 0.555078 0.675694 0.035156 0.173611 1.000000
0 703 0.555078 0.675000 0.036719 0.175000 1.000000
0 704 0.554297 0.670139 0.036719 0.173611 1.000000
0 705 0.553125 0.668056 0.035937 0.175000 1.000000
0 706 0.551953 0.665278 0.035156 0.175000 1.000000
0 707 0.551562 0.662500 0.032813 0.172222 1.000000
0 708 0.550000 0.664583 0.031250 0.179167 1.000000
0 709 0.549609 0.662500 0.033594 0.175000 1.000000
0 710 0.552734 0.659028 0.033594 0.173611 1.000000
0 711 0.555469 0.659028 0.032813 0.173611 1.000000
0 712 0.548047 0.661111 0.041406 0.183333 1.000000
0 713 0.547656 0.661806 0.040625 0.181944 1.000000
0 714 0.547266 0.658333 0.046094 0.183333 1.000000
0 715 0.548047 0.656944 0.049219 0.180556 1.000000
0 716 0.547656 0.655556 0.054688 0.180556 1.000000
0 717 0.547266 0.654861 0.055469 0.179167 1.000000
0 718 0.545703 0.654167 0.053906 0.180556 1.000000
0 719 0.543359 0.652778 0.057031 0.180556 1.000000
0 720 0.544531 0.654167 0.062500 0.177778 1.000000
0 721 0.546484 0.652778 0.066406 0.177778 1.000000
0 722 0.550391 0.650694 0.061719 0.179167 1.000000
0 723 0.548047 0.650694 0.060156 0.179167 1.000000
0 724 0.546094 0.651389 0.062500 0.177778 1.000000
0 725 0.545703 0.652083 0.061719 0.173611 1.000000
0 726 0.540234 0.652083 0.050781 0.176389 1.000000
0 727 0.541406 0.651389 0.053125 0.175000 1.000000
0 728 0.541016 0.650694 0.053906 0.176389 1.000000
0 729 0.541406 0.650000 0.054688 0.177778 1.000000
0 730 0.543359 0.647222 0.060156 0.172222 1.000000
0 731 0.544141 0.647222 0.060156 0.172222 1.000000
0 732 0.543750 0.646528 0.064062 0.176389 1.000000
0 733 0.544531 0.647222 0.068750 0.175000 1.000000
0 734 0.542188 0.643750 0.060937 0.173611 1.000000
0 735 0.542969 0.643056 0.065625 0.172222 1.000000
0 736 0.541797 0.643750 0.067969 0.176389 1.000000
0 737 0.544141 0.639583 0.071094 0.173611 1.000000
0 738 0.540625 0.638889 0.070312 0.172222 1.000000
0 739 0.541406 0.640972 0.070312 0.173611 1.000000
0 740 0.543359 0.638194 0.063281 0.173611 1.000000
0 741 0.545312 0.637500 0.065625 0.172222 1.000000
0 742 0.547656 0.635417 0.068750 0.170833 1.000000
0 743 0.548438 0.636111 0.067187 0.169444 1.000000
0 744 0.548828 0.635417 0.066406 0.170833 1.000000
0 745 0.548047 0.634028 0.061719 0.168056 1.000000
0 746 0.547656 0.634028 0.064062 0.168056 1.000000
0 747 0.548047 0.633333 0.064844 0.169444 1.000000
0 748 0.546875 0.633333 0.064062 0.169444 1.000000
0 749 0.545703 0.633333 0.063281 0.172222 1.000000
0 750 0.546094 0.631944 0.067187 0.169444 1.000000
0 751 0.545312 0.631250 0.067187 0.170833 1.000000
0 752 0.545703 0.629861 0.071094 0.170833 1.000000
0 753 0.544531 0.629167 0.070312 0.172222 1.000000
0 754 0.541797 0.627778 0.064844 0.172222 1.000000
0 755 0.540625 0.627778 0.064062 0.175000 1.000000
0 756 0.540625 0.627083 0.065625 0.176389 1.000000
0 757 0.526953 0.626389 0.042969 0.177778 1.000000
0 758 0.529297 0.627083 0.055469 0.181944 1.000000
0 759 0.527344 0.625694 0.056250 0.181944 1.000000
0 760 0.527734 0.624306 0.060156 0.184722 1.000000
0 761 0.526172 0.622222 0.058594 0.186111 1.000000
0 762 0.523047 0.620139 0.055469 0.195833 1.000000
0 763 0.520312 0.617361 0.053125 0.201389 1.000000
0 764 0.512891 0.615278 0.047656 0.208333 1.000000
0 765 0.510156 0.611806 0.043750 0.212500 1.000000
0 766 0.505859 0.608333 0.036719 0.219444 1.000000
0 767 0.504687 0.605556 0.035937 0.225000 1.000000
0 768 0.501172 0.605556 0.041406 0.227778 1.000000
0 769 0.498828 0.604167 0.042969 0.227778 1.000000
0 770 0.498437 0.602778 0.042188 0.227778 1.000000
0 771 0.494922 0.601389 0.044531 0.225000 1.000000
0 772 0.488672 0.606250 0.052344 0.231944 1.000000
0 773 0.489844 0.606944 0.056250 0.227778 1.000000
0 774 0.493359 0.611806 0.067969 0.215278 1.000000
0 775 0.496094 0.615972 0.073438 0.206944 1.000000
0 776 0.498047 0.621528 0.077344 0.195833 1.000000
0 777 0.498047 0.623611 0.077344 0.191667 1.000000
0 778 0.499609 0.625000 0.082031 0.194444 1.000000
0 779 0.504297 0.623611 0.091406 0.194444 1.000000
0 780 0.503516 0.619444 0.108594 0.202778 1.000000
0 781 0.507422 0.618056 0.110156 0.208333 1.000000
0 782 0.509766 0.618056 0.107031 0.230556 1.000000
0 783 0.512109 0.613889 0.102344 0.233333 1.000000
0 784 0.516797 0.598611 0.083594 0.272222 1.000000
0 785 0.517188 0.589583 0.073438 0.265278 1.000000
0 786 0.516406 0.587500 0.092188 0.272222 1.000000
0 787 0.516406 0.590278 0.087500 0.269444 1.000000
0 788 0.516406 0.592361 0.067187 0.262500 1.000000
0 789 0.520703 0.592361 0.066406 0.262500 1.000000
0 790 0.520703 0.597222 0.072656 0.255556 1.000000
0 791 0.521875 0.600694 0.068750 0.251389 1.000000
0 792 0.533203 0.605556 0.055469 0.238889 1.000000
0 793 0.535547 0.607639 0.060156 0.231944 1.000000
0 794 0.537500 0.608333 0.064062 0.233333 1.000000
0 795 0.532422 0.609028 0.067969 0.234722 1.000000
0 796 0.516406 0.610417 0.065625 0.231944 1.000000
0 797 0.513672 0.612500 0.074219 0.230556 1.000000
0 798 0.503516 0.616667 0.083594 0.225000 1.000000
0 799 0.499219 0.617361 0.085938 0.220833 1.000000
0 800 0.499609 0.629861 0.086719 0.223611 1.000000
0 801 0.496875 0.630556 0.098437 0.219444 1.000000
0 802 0.495703 0.635417 0.082031 0.215278 1.000000
0 803 0.492188 0.638194 0.079687 0.212500 1.000000
0 804 0.494531 0.642361 0.082812 0.209722 1.000000
0 805 0.490625 0.640278 0.093750 0.205556 1.000000
0 806 0.488672 0.642361 0.102344 0.193056 1.000000
0 807 0.491406 0.645139 0.096875 0.190278 1.000000
0 808 0.496094 0.647222 0.085938 0.183333 1.000000
0 809 0.495312 0.647222 0.085938 0.183333 1.000000
0 810 0.494141 0.645833 0.091406 0.186111 1.000000
0 811 0.491406 0.643750 0.096875 0.190278 1.000000
0 812 0.502734 0.642361 0.099219 0.193056 1.000000
0 813 0.507812 0.645139 0.104688 0.201389 1.000000
0 814 0.509375 0.647222 0.104688 0.208333 1.000000
0 815 0.509375 0.647917 0.103125 0.212500 1.000000
0 816 0.509375 0.647917 0.103125 0.206944 1.000000
0 817 0.509375 0.647222 0.101562 0.202778 1.000000
0 818 0.508984 0.650694 0.100781 0.206944 1.000000
0 819 0.509375 0.647222 0.103125 0.208333 1.000000
0 820 0.509375 0.643056 0.100000 0.197222 1.000000
0 821 0.508594 0.638194 0.098437 0.190278 1.000000
0 822 0.500391 0.635417 0.078906 0.184722 1.000000
0 823 0.501172 0.637500 0.078906 0.180556 1.000000
0 824 0.499219 0.640278 0.081250 0.177778 1.000000
0 825 0.499609 0.638889 0.082031 0.177778 1.000000
0 826 0.494141 0.640278 0.089844 0.175000 1.000000
0 827 0.493359 0.638194 0.096094 0.173611 1.000000
0 828 0.489063 0.636806 0.104688 0.179167 1.000000
0 829 0.485938 0.636111 0.103125 0.180556 1.000000
0 830 0.470313 0.634028 0.082812 0.184722 1.000000
0 831 0.461719 0.632639 0.062500 0.187500 1.000000
0 832 0.460938 0.632639 0.040625 0.198611 1.000000
0 833 0.458984 0.631250 0.042969 0.198611 1.000000
0 834 0.450000 0.632639 0.065625 0.193056 1.000000
0 835 0.444922 0.633333 0.077344 0.194444 1.000000
0 836 0.437891 0.636111 0.089844 0.191667 1.000000
0 837 0.437500 0.636111 0.093750 0.191667 1.000000
0 838 0.439844 0.638194 0.095312 0.187500 1.000000
0 839 0.438672 0.637500 0.092969 0.186111 1.000000
0 840 0.439063 0.643750 0.082812 0.193056 1.000000
0 841 0.439453 0.644444 0.078906 0.191667 1.000000
0 842 0.442578 0.644444 0.080469 0.188889 1.000000
0 843 0.443359 0.644444 0.080469 0.186111 1.000000
0 844 0.446875 0.645139 0.079687 0.184722 1.000000
0 845 0.448437 0.646528 0.079687 0.184722 1.000000
0 846 0.453516 0.646528 0.082031 0.181944 1.000000
0 847 0.452734 0.647917 0.078906 0.181944 1.000000
0 848 0.450781 0.648611 0.090625 0.180556 1.000000
0 849 0.448828 0.648611 0.097656 0.180556 1.000000
0 850 0.450781 0.647917 0.100000 0.181944 1.000000
0 851 0.454688 0.645833 0.096875 0.183333 1.000000
0 852 0.465625 0.645139 0.082812 0.187500 1.000000
0 853 0.468750 0.644444 0.079687 0.188889 1.000000
0 854 0.471484 0.643750 0.082031 0.193056 1.000000
0 855 0.473438 0.640972 0.085938 0.193056 1.000000
0 856 0.473828 0.625694 0.085156 0.226389 1.000000
0 857 0.475781 0.621528 0.081250 0.237500 1.000000
0 858 0.482812 0.615972 0.070312 0.248611 1.000000
0 859 0.480859 0.615972 0.075781 0.245833 1.000000
0 860 0.483594 0.615278 0.070312 0.244444 1.000000
0 861 0.487500 0.617361 0.071875 0.243056 1.000000
0 862 0.509375 0.619444 0.095312 0.236111 1.000000
0 863 0.514453 0.625000 0.096094 0.227778 1.000000
0 864 0.530859 0.627778 0.100781 0.216667 1.000000
0 865 0.534766 0.633333 0.094531 0.202778 1.000000
0 866 0.539453 0.644444 0.083594 0.180556 1.000000
0 867 0.539062 0.647917 0.078125 0.173611 1.000000
0 868 0.537891 0.649306 0.072656 0.170833 1.000000
0 869 0.536719 0.650000 0.073438 0.169444 1.000000
0 870 0.532031 0.652083 0.079687 0.179167 1.000000
0 871 0.528125 0.647222 0.079687 0.172222 1.000000
0 872 0.522656 0.641667 0.073438 0.169444 1.000000
0 873 0.521875 0.639583 0.067187 0.170833 1.000000
0 874 0.520703 0.638889 0.061719 0.175000 1.000000
0 875 0.517969 0.637500 0.060937 0.175000 1.000000
0 876 0.521875 0.636806 0.054688 0.176389 1.000000
0 877 0.532813 0.635417 0.053125 0.176389 1.000000
0 878 0.531641 0.635417 0.057031 0.184722 1.000000
0 879 0.530859 0.634028 0.057031 0.187500 1.000000
0 880 0.525391 0.620139 0.052344 0.212500 1.000000
0 881 0.522266 0.618750 0.046094 0.218056 1.000000
0 882 0.514062 0.607639 0.037500 0.240278 1.000000
0 883 0.504687 0.613194 0.053125 0.229167 1.000000
0 884 0.492969 0.610417 0.073438 0.231944 1.000000
0 885 0.489453 0.613194 0.078906 0.229167 1.000000
0 886 0.482422 0.613889 0.083594 0.230556 1.000000
0 887 0.482422 0.613889 0.082031 0.233333 1.000000
0 888 0.482422 0.629167 0.075781 0.205556 1.000000
0 889 0.483203 0.637500 0.074219 0.186111 1.000000
0 890 0.483203 0.640972 0.074219 0.179167 1.000000
0 891 0.483984 0.642361 0.071094 0.176389 1.000000
0 892 0.480859 0.648611 0.088281 0.183333 1.000000
0 893 0.475391 0.645139 0.085156 0.173611 1.000000
0 894 0.472656 0.647222 0.065625 0.166667 1.000000
0 895 0.467578 0.648611 0.052344 0.166667 1.000000
0 896 0.458984 0.654167 0.041406 0.169444 1.000000
0 897 0.452344 0.660417 0.050000 0.173611 1.000000
0 898 0.459375 0.654167 0.075000 0.166667 1.000000
0 899 0.453125 0.655556 0.065625 0.155556 1.000000
0 900 0.454688 0.658333 0.059375 0.150000 1.000000
0 901 0.462500 0.656250 0.064062 0.145833 1.000000
0 902 0.464062 0.661806 0.059375 0.145833 1.000000
0 903 0.458594 0.668750 0.065625 0.151389 1.000000
0 904 0.455469 0.668750 0.067187 0.148611 1.000000
0 905 0.450391 0.669444 0.066406 0.141667 1.000000
0 906 0.447656 0.670139 0.065625 0.137500 1.000000
0 907 0.449609 0.669444 0.074219 0.125000 1.000000
0 908 0.451172 0.675000 0.078906 0.125000 1.000000
0 909 0.456250 0.677083 0.101562 0.120833 1.000000
0 910 0.458203 0.678472 0.107031 0.112500 1.000000
0 911 0.465625 0.684722 0.118750 0.116667 1.000000
0 912 0.469141 0.690278 0.119531 0.122222 1.000000
0 913 0.471875 0.690972 0.112500 0.126389 1.000000
0 914 0.470703 0.688889 0.105469 0.122222 1.000000
0 915 0.456641 0.685417 0.064844 0.120833 1.000000
0 916 0.458594 0.684028 0.068750 0.123611 1.000000
0 917 0.462891 0.683333 0.067969 0.127778 1.000000
0 918 0.457031 0.676389 0.079687 0.119444 1.000000
0 919 0.452734 0.674306 0.086719 0.129167 1.000000
0 920 0.450000 0.673611 0.075000 0.136111 1.000000
0 921 0.466797 0.670139 0.042969 0.143056 1.000000
0 922 0.464062 0.665972 0.046875 0.143056 1.000000
0 923 0.476562 0.667361 0.034375 0.156944 1.000000
0 924 0.473438 0.664583 0.042188 0.154167 1.000000
0 925 0.476953 0.661111 0.050781 0.158333 1.000000
0 926 0.486328 0.661111 0.069531 0.161111 1.000000
0 927 0.494141 0.658333 0.082031 0.163889 1.000000
0 928 0.498047 0.658333 0.085156 0.169444 1.000000
0 929 0.500000 0.654861 0.085938 0.179167 1.000000
0 930 0.501953 0.654167 0.080469 0.186111 1.000000
0 931 0.498047 0.648611 0.063281 0.188889 1.000000
0 932 0.497266 0.645833 0.053906 0.197222 1.000000
0 933 0.498437 0.640278 0.053125 0.200000 1.000000
0 934 0.499219 0.641667 0.054688 0.197222 1.000000
0 935 0.500391 0.645139 0.055469 0.193056 1.000000
0 936 0.501172 0.644444 0.055469 0.194444 1.000000
0 937 0.503906 0.644444 0.060937 0.194444 1.000000
0 938 0.505469 0.645139 0.068750 0.190278 1.000000
0 939 0.508984 0.646528 0.082031 0.187500 1.000000
0 940 0.510547 0.648611 0.089844 0.186111 1.000000
0 941 0.515234 0.649306 0.086719 0.181944 1.000000
0 942 0.512109 0.645139 0.082031 0.190278 1.000000
0 943 0.509375 0.636111 0.075000 0.208333 1.000000
0 944 0.508594 0.633333 0.075000 0.213889 1.000000
0 945 0.505469 0.629861 0.067187 0.220833 1.000000
0 946 0.505078 0.624306 0.067969 0.229167 1.000000
0 947 0.507422 0.623611 0.067969 0.227778 1.000000
0 948 0.506641 0.623611 0.064844 0.227778 1.000000
0 949 0.507812 0.624306 0.057813 0.220833 1.000000
0 950 0.509375 0.631250 0.056250 0.223611 1.000000
0 951 0.512500 0.656250 0.065625 0.181944 1.000000
0 952 0.506250 0.676389 0.079687 0.177778 1.000000
0 953 0.506641 0.673611 0.064844 0.141667 1.000000
0 956 0.506250 0.695833 0.062500 0.080556 1.000000
0 957 0.510156 0.681250 0.067187 0.106944 1.000000
0 958 0.512500 0.685417 0.068750 0.112500 1.000000
0 959 0.505078 0.684722 0.075781 0.111111 1.000000
0 960 0.499609 0.688194 0.063281 0.115278 1.000000
0 961 0.507422 0.681944 0.053906 0.097222 1.000000
0 962 0.510156 0.683333 0.059375 0.097222 1.000000
0 963 0.511719 0.690972 0.068750 0.109722 1.000000
0 964 0.514844 0.697917 0.057813 0.115278 1.000000
0 965 0.518359 0.694444 0.055469 0.105556 1.000000
0 966 0.517188 0.687500 0.054688 0.091667 1.000000
0 967 0.510156 0.686806 0.054688 0.095833 1.000000
0 968 0.509766 0.686111 0.060156 0.094444 1.000000
0 969 0.505469 0.683333 0.067187 0.097222 1.000000
0 970 0.504297 0.681250 0.067969 0.098611 1.000000
0 971 0.507812 0.678472 0.059375 0.098611 1.000000
0 972 0.508203 0.677778 0.047656 0.102778 1.000000
0 973 0.503125 0.676389 0.053125 0.100000 1.000000
0 974 0.500781 0.674306 0.054688 0.101389 1.000000
0 975 0.496094 0.675694 0.060937 0.106944 1.000000
0 976 0.492188 0.677083 0.059375 0.109722 1.000000
0 977 0.504297 0.675694 0.083594 0.112500 1.000000
0 978 0.505469 0.672917 0.079687 0.109722 1.000000
0 979 0.507031 0.677083 0.070312 0.109722 1.000000
0 980 0.505078 0.680556 0.066406 0.111111 1.000000
0 981 0.501563 0.681250 0.065625 0.101389 1.000000
0 982 0.500000 0.685417 0.065625 0.101389 1.000000
0 983 0.496875 0.688889 0.065625 0.102778 1.000000
0 984 0.495312 0.686111 0.065625 0.094444 1.000000
0 985 0.493750 0.689583 0.065625 0.095833 1.000000
0 986 0.492969 0.686111 0.067187 0.088889 1.000000
0 987 0.490625 0.686111 0.067187 0.088889 1.000000
0 988 0.490234 0.684028 0.067969 0.084722 1.000000
0 989 0.489453 0.684028 0.071094 0.084722 1.000000
0 990 0.489063 0.684028 0.071875 0.084722 1.000000
0 991 0.485547 0.684722 0.067969 0.086111 1.000000
0 992 0.484766 0.687500 0.069531 0.097222 1.000000
0 993 0.481250 0.678472 0.067187 0.093056 1.000000
0 994 0.480859 0.677778 0.069531 0.097222 1.000000
0 995 0.480078 0.668056 0.071094 0.108333 1.000000
0 996 0.478906 0.663889 0.071875 0.111111 1.000000
0 997 0.480859 0.659722 0.075781 0.127778 1.000000
0 998 0.481641 0.654861 0.077344 0.134722 1.000000
0 999 0.484375 0.649306 0.071875 0.145833 1.000000
0 1000 0.486719 0.646528 0.073438 0.151389 1.000000
0 1001 0.487109 0.638889 0.071094 0.169444 1.000000
0 1002 0.485156 0.634028 0.067187 0.184722 1.000000
0 1003 0.484766 0.619444 0.061719 0.219444 1.000000
