0 1 0.512500 0.715278 0.070312 0.105556 1.000000
0 2 0.512109 0.713889 0.069531 0.105556 1.000000
0 3 0.510938 0.714583 0.067187 0.106944 1.000000
0 4 0.510938 0.711111 0.065625 0.113889 1.000000
0 5 0.508203 0.706250 0.061719 0.123611 1.000000
0 6 0.507031 0.703472 0.060937 0.126389 1.000000
0 7 0.507422 0.704167 0.060156 0.127778 1.000000
0 8 0.508594 0.704167 0.062500 0.127778 1.000000
0 9 0.508594 0.700000 0.062500 0.136111 1.000000
0 10 0.508984 0.697917 0.063281 0.140278 1.000000
0 11 0.509375 0.695833 0.062500 0.141667 1.000000
0 12 0.505859 0.695833 0.071094 0.144444 1.000000
0 13 0.505859 0.694444 0.072656 0.144444 1.000000
0 14 0.504687 0.695139 0.071875 0.145833 1.000000
0 15 0.505469 0.694444 0.076563 0.144444 1.000000
0 16 0.502734 0.695833 0.078906 0.141667 1.000000
0 17 0.501563 0.695139 0.079687 0.143056 1.000000
0 18 0.500000 0.696528 0.081250 0.140278 1.000000
0 19 0.499219 0.696528 0.082812 0.140278 1.000000
0 20 0.498828 0.697222 0.083594 0.138889 1.000000
0 21 0.498828 0.697917 0.083594 0.140278 1.000000
0 22 0.498828 0.699306 0.086719 0.137500 1.000000
0 23 0.498828 0.698611 0.088281 0.138889 1.000000
0 24 0.500000 0.697917 0.092188 0.137500 1.000000
0 25 0.501172 0.700000 0.092969 0.136111 1.000000
0 26 0.501563 0.700000 0.093750 0.133333 1.000000
0 27 0.501563 0.699306 0.093750 0.134722 1.000000
0 28 0.501563 0.699306 0.092188 0.134722 1.000000
0 29 0.502344 0.700000 0.092188 0.136111 1.000000
0 30 0.502344 0.700000 0.092188 0.136111 1.000000
0 31 0.503516 0.699306 0.091406 0.137500 1.000000
0 32 0.504297 0.699306 0.091406 0.137500 1.000000
0 33 0.504297 0.700000 0.089844 0.136111 1.000000
0 34 0.505078 0.698611 0.088281 0.138889 1.000000
0 35 0.501953 0.697917 0.080469 0.140278 1.000000
0 36 0.503516 0.695833 0.078906 0.144444 1.000000
0 37 0.505859 0.694444 0.078906 0.144444 1.000000
0 38 0.507422 0.693056 0.075781 0.147222 1.000000
0 39 0.508203 0.691667 0.072656 0.150000 1.000000
0 40 0.508594 0.688194 0.073438 0.151389 1.000000
0 41 0.507422 0.686111 0.072656 0.152778 1.000000
0 42 0.507812 0.683333 0.071875 0.158333 1.000000
0 43 0.510938 0.681944 0.076563 0.163889 1.000000
0 44 0.509766 0.682639 0.074219 0.162500 1.000000
0 45 0.505859 0.681944 0.074219 0.163889 1.000000
0 46 0.509375 0.682639 0.079687 0.159722 1.000000
0 47 0.509375 0.686111 0.079687 0.155556 1.000000
0 48 0.509375 0.688889 0.076563 0.150000 1.000000
0 49 0.511328 0.690972 0.074219 0.145833 1.000000
0 50 0.513672 0.697917 0.072656 0.137500 1.000000
0 51 0.514453 0.698611 0.072656 0.136111 1.000000
0 52 0.516406 0.695833 0.079687 0.130556 1.000000
0 53 0.520703 0.695833 0.091406 0.127778 1.000000
0 54 0.521094 0.696528 0.095312 0.129167 1.000000
0 55 0.514062 0.695833 0.084375 0.127778 1.000000
0 56 0.515625 0.695139 0.093750 0.129167 1.000000
0 57 0.514062 0.696528 0.092188 0.131944 1.000000
0 58 0.510547 0.694444 0.088281 0.133333 1.000000
0 59 0.510547 0.693056 0.086719 0.133333 1.000000
0 60 0.510156 0.690278 0.081250 0.136111 1.000000
0 61 0.512500 0.688194 0.075000 0.134722 1.000000
0 62 0.516016 0.686111 0.069531 0.136111 1.000000
0 63 0.516406 0.686806 0.068750 0.137500 1.000000
0 64 0.516406 0.686806 0.064062 0.137500 1.000000
0 65 0.516016 0.684722 0.066406 0.138889 1.000000
0 66 0.516406 0.681250 0.065625 0.143056 1.000000
0 67 0.514844 0.679167 0.064062 0.150000 1.000000
0 68 0.506641 0.672917 0.072656 0.162500 1.000000
0 69 0.502734 0.668750 0.074219 0.168056 1.000000
0 70 0.498437 0.661111 0.057813 0.183333 1.000000
0 71 0.508594 0.658333 0.062500 0.186111 1.000000
0 72 0.512109 0.651389 0.060156 0.194444 1.000000
0 73 0.516797 0.649306 0.064844 0.198611 1.000000
0 74 0.523438 0.643750 0.078125 0.206944 1.000000
0 75 0.524609 0.642361 0.080469 0.209722 1.000000
0 76 0.530078 0.638889 0.091406 0.219444 1.000000
0 77 0.533984 0.637500 0.099219 0.225000 1.000000
0 78 0.532813 0.636111 0.092188 0.233333 1.000000
0 79 0.539062 0.634722 0.093750 0.236111 1.000000
0 80 0.553906 0.636111 0.079687 0.236111 1.000000
0 81 0.568750 0.636806 0.065625 0.234722 1.000000
0 82 0.579688 0.637500 0.059375 0.236111 1.000000
0 83 0.585547 0.637500 0.061719 0.233333 1.000000
0 84 0.594922 0.638889 0.066406 0.230556 1.000000
0 85 0.597656 0.639583 0.064062 0.226389 1.000000
0 86 0.607031 0.638889 0.064062 0.222222 1.000000
0 87 0.613281 0.638889 0.070312 0.216667 1.000000
0 88 0.610547 0.639583 0.057031 0.223611 1.000000
0 89 0.612891 0.640972 0.047656 0.226389 1.000000
0 90 0.616016 0.640972 0.046094 0.229167 1.000000
0 91 0.618359 0.639583 0.044531 0.231944 1.000000
0 92 0.617578 0.636111 0.046094 0.238889 1.000000
0 93 0.616797 0.633333 0.047656 0.241667 1.000000
0 94 0.614062 0.627778 0.046875 0.250000 1.000000
0 95 0.609766 0.627778 0.053906 0.255556 1.000000
0 96 0.607422 0.624306 0.057031 0.259722 1.000000
0 97 0.607031 0.621528 0.053125 0.265278 1.000000
0 98 0.605078 0.618056 0.049219 0.269444 1.000000
0 99 0.605859 0.618056 0.046094 0.269444 1.000000
0 100 0.607812 0.618056 0.045312 0.266667 1.000000
0 101 0.606250 0.618056 0.043750 0.266667 1.000000
0 102 0.606250 0.618750 0.046875 0.268056 1.000000
0 103 0.607031 0.618750 0.046875 0.268056 1.000000
0 104 0.606641 0.618056 0.047656 0.269444 1.000000
0 105 0.607422 0.618056 0.049219 0.269444 1.000000
0 106 0.610938 0.617361 0.056250 0.268056 1.000000
0 107 0.611328 0.617361 0.058594 0.268056 1.000000
0 108 0.606250 0.617361 0.053125 0.268056 1.000000
0 109 0.608984 0.618750 0.057031 0.265278 1.000000
0 110 0.608594 0.620139 0.056250 0.265278 1.000000
0 111 0.608203 0.619444 0.055469 0.263889 1.000000
0 112 0.607031 0.620833 0.056250 0.263889 1.000000
0 113 0.606250 0.620139 0.054688 0.262500 1.000000
0 114 0.605469 0.620139 0.051562 0.265278 1.000000
0 115 0.606641 0.621528 0.052344 0.265278 1.000000
0 116 0.612500 0.620139 0.057813 0.265278 1.000000
0 117 0.612109 0.616667 0.050781 0.269444 1.000000
0 118 0.614844 0.614583 0.054688 0.276389 1.000000
0 119 0.618750 0.613194 0.062500 0.276389 1.000000
0 120 0.611719 0.613889 0.050000 0.277778 1.000000
0 121 0.610547 0.602083 0.049219 0.298611 1.000000
0 122 0.610938 0.598611 0.048438 0.308333 1.000000
0 123 0.610156 0.597917 0.048438 0.309722 1.000000
0 124 0.610156 0.596528 0.048438 0.312500 1.000000
0 125 0.610938 0.595139 0.050000 0.312500 1.000000
0 126 0.610938 0.595139 0.050000 0.315278 1.000000
0 127 0.611328 0.594444 0.049219 0.316667 1.000000
0 128 0.613281 0.593056 0.048438 0.316667 1.000000
0 129 0.613281 0.593750 0.046875 0.318056 1.000000
0 130 0.616016 0.594444 0.047656 0.319444 1.000000
0 131 0.616797 0.593750 0.049219 0.318056 1.000000
0 132 0.619141 0.593056 0.049219 0.316667 1.000000
0 133 0.618750 0.591667 0.048438 0.316667 1.000000
0 134 0.620313 0.603472 0.051562 0.334722 1.000000
0 135 0.621484 0.603472 0.053906 0.334722 1.000000
0 136 0.624609 0.594444 0.058594 0.313889 1.000000
0 137 0.623828 0.595139 0.057031 0.312500 1.000000
0 138 0.627734 0.593750 0.055469 0.312500 1.000000
0 139 0.630469 0.594444 0.053125 0.313889 1.000000
0 140 0.633594 0.595833 0.051562 0.311111 1.000000
0 141 0.640234 0.597222 0.044531 0.305556 1.000000
0 142 0.641016 0.599306 0.049219 0.304167 1.000000
0 143 0.641406 0.599306 0.051562 0.301389 1.000000
0 144 0.644922 0.601389 0.060156 0.297222 1.000000
0 145 0.645703 0.603472 0.061719 0.295833 1.000000
0 146 0.656250 0.605556 0.085938 0.291667 1.000000
0 147 0.659766 0.609028 0.091406 0.284722 1.000000
0 148 0.662109 0.613194 0.089844 0.279167 1.000000
0 149 0.664844 0.614583 0.084375 0.276389 1.000000
0 150 0.671094 0.614583 0.071875 0.273611 1.000000
0 151 0.676172 0.616667 0.058594 0.272222 1.000000
0 152 0.691797 0.617361 0.046094 0.265278 1.000000
0 153 0.703516 0.620833 0.064844 0.263889 1.000000
0 154 0.715625 0.625000 0.073438 0.261111 1.000000
0 155 0.716406 0.625694 0.073438 0.259722 1.000000
0 156 0.717578 0.631944 0.069531 0.247222 1.000000
0 157 0.719531 0.633333 0.067187 0.247222 1.000000
0 158 0.721875 0.634722 0.050000 0.241667 1.000000
0 159 0.722656 0.635417 0.051562 0.240278 1.000000
0 160 0.724219 0.638194 0.050000 0.234722 1.000000
0 161 0.723828 0.636806 0.047656 0.231944 1.000000
0 162 0.724609 0.639583 0.049219 0.229167 1.000000
0 163 0.725000 0.640278 0.050000 0.230556 1.000000
0 164 0.725781 0.641667 0.054688 0.230556 1.000000
0 165 0.725000 0.641667 0.057813 0.230556 1.000000
0 166 0.722266 0.640278 0.058594 0.233333 1.000000
0 167 0.717969 0.635417 0.053125 0.226389 1.000000
0 168 0.708203 0.634722 0.046094 0.227778 1.000000
0 169 0.700391 0.631944 0.035156 0.230556 1.000000
0 170 0.693750 0.629861 0.031250 0.231944 1.000000
0 171 0.691797 0.628472 0.030469 0.237500 1.000000
0 172 0.685156 0.625694 0.029687 0.240278 1.000000
0 173 0.683594 0.622222 0.031250 0.244444 1.000000
0 174 0.678125 0.617361 0.032813 0.248611 1.000000
0 175 0.675000 0.616667 0.034375 0.250000 1.000000
0 176 0.672656 0.613194 0.037500 0.254167 1.000000
0 177 0.671484 0.611806 0.036719 0.256944 1.000000
0 178 0.668359 0.604167 0.036719 0.269444 1.000000
0 179 0.664062 0.600694 0.042188 0.273611 1.000000
0 180 0.661719 0.595139 0.035937 0.281944 1.000000
0 181 0.657813 0.590972 0.035937 0.281944 1.000000
0 182 0.653516 0.590972 0.035156 0.290278 1.000000
0 183 0.650781 0.588889 0.032813 0.288889 1.000000
0 184 0.647656 0.584028 0.029687 0.290278 1.000000
0 190 0.644141 0.577083 0.033594 0.298611 1.000000
0 191 0.642578 0.591667 0.035156 0.272222 1.000000
0 192 0.641797 0.589583 0.035156 0.270833 1.000000
0 193 0.641016 0.589583 0.036719 0.276389 1.000000
0 194 0.640625 0.589583 0.037500 0.281944 1.000000
0 195 0.638672 0.585417 0.039844 0.281944 1.000000
0 196 0.638672 0.586806 0.038281 0.281944 1.000000
0 197 0.637109 0.587500 0.038281 0.280556 1.000000
0 198 0.634375 0.586806 0.042188 0.276389 1.000000
0 199 0.630469 0.586111 0.040625 0.286111 1.000000
0 200 0.627344 0.583333 0.039062 0.291667 1.000000
0 201 0.625000 0.577083 0.039062 0.281944 1.000000
0 202 0.620313 0.572222 0.034375 0.266667 1.000000
0 208 0.604297 0.589583 0.047656 0.270833 1.000000
0 209 0.602344 0.593056 0.051562 0.291667 1.000000
0 210 0.599219 0.589583 0.057813 0.279167 1.000000
0 211 0.596094 0.592361 0.054688 0.268056 1.000000
0 212 0.594922 0.592361 0.046094 0.259722 1.000000
0 213 0.591016 0.590972 0.047656 0.262500 1.000000
0 214 0.588281 0.592361 0.051562 0.256944 1.000000
0 215 0.587500 0.602083 0.051562 0.237500 1.000000
0 216 0.583203 0.605556 0.058594 0.230556 1.000000
0 217 0.582422 0.609028 0.061719 0.223611 1.000000
0 218 0.579297 0.618750 0.066406 0.206944 1.000000
0 219 0.577344 0.620139 0.067187 0.204167 1.000000
0 220 0.580078 0.621528 0.061719 0.198611 1.000000
0 221 0.578516 0.623611 0.063281 0.197222 1.000000
0 222 0.573438 0.627778 0.073438 0.194444 1.000000
0 223 0.572656 0.626389 0.073438 0.191667 1.000000
0 224 0.571875 0.625000 0.076563 0.191667 1.000000
0 225 0.571094 0.623611 0.078125 0.194444 1.000000
0 226 0.574219 0.618750 0.075000 0.204167 1.000000
0 227 0.573828 0.616667 0.075781 0.211111 1.000000
0 228 0.581641 0.612500 0.064844 0.222222 1.000000
0 229 0.582812 0.609722 0.067187 0.222222 1.000000
0 230 0.589844 0.603472 0.056250 0.215278 1.000000
0 231 0.593359 0.602083 0.050781 0.209722 1.000000
0 232 0.612500 0.609722 0.067187 0.211111 1.000000
0 233 0.615625 0.613889 0.065625 0.208333 1.000000
0 234 0.629297 0.618750 0.086719 0.198611 1.000000
0 235 0.631641 0.617361 0.086719 0.190278 1.000000
0 236 0.633984 0.625000 0.094531 0.188889 1.000000
0 237 0.634766 0.627778 0.096094 0.191667 1.000000
0 238 0.637891 0.628472 0.092969 0.193056 1.000000
0 239 0.635547 0.628472 0.094531 0.195833 1.000000
0 240 0.635156 0.628472 0.098437 0.193056 1.000000
0 241 0.632812 0.627778 0.101562 0.197222 1.000000
0 242 0.633203 0.627778 0.094531 0.202778 1.000000
0 243 0.631641 0.628472 0.094531 0.206944 1.000000
0 244 0.628516 0.624306 0.091406 0.204167 1.000000
0 245 0.630078 0.620833 0.086719 0.200000 1.000000
0 246 0.629687 0.619444 0.085938 0.202778 1.000000
0 247 0.629687 0.619444 0.084375 0.208333 1.000000
0 248 0.628906 0.620139 0.082812 0.209722 1.000000
0 249 0.628125 0.618750 0.081250 0.209722 1.000000
0 250 0.626953 0.618750 0.080469 0.209722 1.000000
0 251 0.625000 0.618056 0.078125 0.211111 1.000000
0 252 0.623828 0.620833 0.078906 0.216667 1.000000
0 253 0.622266 0.622222 0.078906 0.219444 1.000000
0 254 0.621484 0.619444 0.080469 0.208333 1.000000
0 255 0.621094 0.618056 0.082812 0.205556 1.000000
0 256 0.620313 0.617361 0.082812 0.204167 1.000000
0 257 0.619531 0.616667 0.082812 0.205556 1.000000
0 258 0.620313 0.613889 0.081250 0.202778 1.000000
0 259 0.631641 0.617361 0.080469 0.209722 1.000000
0 260 0.640625 0.618750 0.075000 0.218056 1.000000
0 261 0.654297 0.617361 0.063281 0.215278 1.000000
0 262 0.656250 0.618056 0.064062 0.216667 1.000000
0 263 0.647266 0.615972 0.042969 0.218056 1.000000
0 264 0.648828 0.614583 0.042969 0.218056 1.000000
0 265 0.645312 0.613889 0.048438 0.222222 1.000000
0 266 0.642969 0.613194 0.050000 0.220833 1.000000
0 267 0.641797 0.613194 0.047656 0.223611 1.000000
0 268 0.643359 0.612500 0.046094 0.219444 1.000000
0 269 0.645312 0.615278 0.046875 0.219444 1.000000
0 270 0.642188 0.614583 0.057813 0.220833 1.000000
0 271 0.641797 0.612500 0.052344 0.222222 1.000000
0 272 0.648828 0.611806 0.039844 0.223611 1.000000
0 273 0.651563 0.610417 0.045312 0.226389 1.000000
0 274 0.644141 0.610417 0.050781 0.226389 1.000000
0 275 0.635938 0.609028 0.060937 0.229167 1.000000
0 276 0.633984 0.609722 0.063281 0.230556 1.000000
0 277 0.630859 0.607639 0.063281 0.231944 1.000000
0 278 0.629297 0.608333 0.064844 0.233333 1.000000
0 279 0.629687 0.608333 0.060937 0.233333 1.000000
0 280 0.628516 0.608333 0.060156 0.233333 1.000000
0 281 0.629297 0.606250 0.060156 0.234722 1.000000
0 282 0.628516 0.606944 0.061719 0.233333 1.000000
0 283 0.628125 0.606944 0.062500 0.236111 1.000000
0 284 0.627734 0.606250 0.063281 0.237500 1.000000
0 285 0.628906 0.606944 0.059375 0.238889 1.000000
0 286 0.632031 0.605556 0.056250 0.238889 1.000000
0 287 0.632031 0.604861 0.057813 0.240278 1.000000
0 288 0.633984 0.605556 0.057031 0.241667 1.000000
0 289 0.639062 0.603472 0.053125 0.237500 1.000000
0 290 0.640625 0.605556 0.048438 0.241667 1.000000
0 291 0.648828 0.605556 0.047656 0.233333 1.000000
0 292 0.650391 0.608333 0.041406 0.230556 1.000000
0 293 0.657031 0.612500 0.051562 0.225000 1.000000
0 294 0.661719 0.613194 0.059375 0.223611 1.000000
0 295 0.666016 0.614583 0.067969 0.220833 1.000000
0 296 0.670312 0.618056 0.076563 0.225000 1.000000
0 297 0.670703 0.620833 0.078906 0.222222 1.000000
0 298 0.672656 0.620833 0.075000 0.225000 1.000000
0 299 0.676562 0.620139 0.065625 0.226389 1.000000
0 300 0.682031 0.619444 0.056250 0.227778 1.000000
0 301 0.688672 0.619444 0.041406 0.230556 1.000000
0 302 0.688672 0.618750 0.042969 0.234722 1.000000
0 303 0.688672 0.615278 0.044531 0.238889 1.000000
0 304 0.691406 0.613889 0.046875 0.238889 1.000000
0 305 0.695703 0.613194 0.058594 0.240278 1.000000
0 306 0.697656 0.613194 0.059375 0.237500 1.000000
0 307 0.697656 0.615972 0.067187 0.231944 1.000000
0 308 0.696094 0.618750 0.071875 0.226389 1.000000
0 309 0.696484 0.627778 0.074219 0.222222 1.000000
0 310 0.694531 0.631250 0.071875 0.215278 1.000000
0 311 0.693359 0.637500 0.069531 0.200000 1.000000
0 312 0.694531 0.641667 0.060937 0.191667 1.000000
0 313 0.693750 0.647917 0.062500 0.179167 1.000000
0 314 0.692578 0.648611 0.063281 0.175000 1.000000
0 315 0.694141 0.654861 0.058594 0.165278 1.000000
0 316 0.690234 0.658333 0.063281 0.163889 1.000000
0 317 0.687891 0.659028 0.060156 0.159722 1.000000
0 318 0.685547 0.659028 0.064844 0.159722 1.000000
0 319 0.683984 0.656250 0.061719 0.168056 1.000000
0 320 0.683203 0.654167 0.060156 0.172222 1.000000
0 321 0.680469 0.645833 0.057813 0.183333 1.000000
0 322 0.678516 0.642361 0.055469 0.190278 1.000000
0 323 0.673828 0.636111 0.052344 0.205556 1.000000
0 324 0.673047 0.634028 0.053906 0.212500 1.000000
0 325 0.671875 0.628472 0.053125 0.220833 1.000000
0 326 0.671094 0.626389 0.053125 0.225000 1.000000
0 327 0.670312 0.622917 0.053125 0.231944 1.000000
0 328 0.669141 0.620139 0.052344 0.234722 1.000000
0 329 0.666406 0.617361 0.046875 0.243056 1.000000
0 330 0.663672 0.617361 0.044531 0.245833 1.000000
0 331 0.659375 0.611111 0.040625 0.241667 1.000000
0 332 0.658594 0.609028 0.040625 0.240278 1.000000
0 333 0.657031 0.611806 0.042188 0.248611 1.000000
0 334 0.655859 0.611806 0.042969 0.248611 1.000000
0 335 0.653125 0.607639 0.045312 0.259722 1.000000
0 336 0.652734 0.606944 0.046094 0.258333 1.000000
0 337 0.651563 0.606250 0.048438 0.262500 1.000000
0 338 0.650781 0.606944 0.050000 0.263889 1.000000
0 339 0.650000 0.604861 0.050000 0.268056 1.000000
0 340 0.649219 0.603472 0.051562 0.265278 1.000000
0 341 0.645703 0.606944 0.047656 0.266667 1.000000
0 342 0.645312 0.604861 0.046875 0.265278 1.000000
0 343 0.645312 0.606944 0.046875 0.263889 1.000000
0 344 0.644141 0.609722 0.047656 0.261111 1.000000
0 345 0.643359 0.612500 0.047656 0.255556 1.000000
0 346 0.642969 0.613889 0.048438 0.255556 1.000000
0 347 0.642188 0.615972 0.048438 0.248611 1.000000
0 348 0.642188 0.616667 0.048438 0.244444 1.000000
0 349 0.642578 0.620833 0.050781 0.238889 1.000000
0 350 0.641797 0.624306 0.052344 0.234722 1.000000
0 351 0.642578 0.629861 0.055469 0.226389 1.000000
0 352 0.642188 0.632639 0.056250 0.223611 1.000000
0 353 0.645312 0.638194 0.059375 0.212500 1.000000
0 354 0.646484 0.638889 0.063281 0.208333 1.000000
0 355 0.644141 0.645139 0.060156 0.198611 1.000000
0 356 0.646094 0.647222 0.062500 0.191667 1.000000
0 357 0.645312 0.652778 0.062500 0.183333 1.000000
0 358 0.644531 0.654861 0.062500 0.179167 1.000000
0 359 0.646875 0.656944 0.062500 0.172222 1.000000
0 360 0.646094 0.657639 0.064062 0.173611 1.000000
0 361 0.645312 0.656250 0.065625 0.176389 1.000000
0 362 0.644141 0.655556 0.064844 0.177778 1.000000
0 363 0.643750 0.649306 0.062500 0.187500 1.000000
0 364 0.642969 0.646528 0.060937 0.195833 1.000000
0 365 0.639062 0.638194 0.060937 0.215278 1.000000
0 366 0.636328 0.632639 0.063281 0.223611 1.000000
0 367 0.635938 0.623611 0.057813 0.238889 1.000000
0 368 0.630859 0.621528 0.063281 0.245833 1.000000
0 369 0.628125 0.618750 0.064062 0.251389 1.000000
0 370 0.627344 0.618056 0.068750 0.252778 1.000000
0 371 0.630078 0.619444 0.075781 0.250000 1.000000
0 372 0.629297 0.620833 0.080469 0.244444 1.000000
0 373 0.625000 0.626389 0.075000 0.236111 1.000000
0 374 0.615234 0.632639 0.086719 0.237500 1.000000
0 375 0.615234 0.630556 0.075781 0.225000 1.000000
0 376 0.616016 0.634722 0.075781 0.230556 1.000000
0 377 0.611328 0.630556 0.063281 0.233333 1.000000
0 378 0.610547 0.626389 0.061719 0.250000 1.000000
0 379 0.615234 0.612500 0.069531 0.261111 1.000000
0 380 0.612109 0.608333 0.063281 0.266667 1.000000
0 381 0.609766 0.600000 0.063281 0.277778 1.000000
0 382 0.605469 0.590278 0.060937 0.263889 1.000000
0 383 0.602734 0.589583 0.063281 0.268056 1.000000
0 384 0.599609 0.588194 0.069531 0.262500 1.000000
0 385 0.594531 0.594444 0.071875 0.266667 1.000000
0 386 0.592969 0.597917 0.073438 0.259722 1.000000
0 387 0.583203 0.607639 0.074219 0.251389 1.000000
0 388 0.575781 0.614583 0.078125 0.251389 1.000000
0 389 0.561328 0.629167 0.089844 0.241667 1.000000
0 390 0.558203 0.632639 0.085156 0.237500 1.000000
0 391 0.551562 0.635417 0.071875 0.229167 1.000000
0 392 0.548047 0.631250 0.066406 0.229167 1.000000
0 393 0.544922 0.627083 0.058594 0.234722 1.000000
0 394 0.542578 0.626389 0.060156 0.236111 1.000000
0 395 0.542578 0.596528 0.060156 0.315278 1.000000
0 396 0.543359 0.592361 0.057031 0.304167 1.000000
0 397 0.534766 0.586111 0.066406 0.316667 1.000000
0 398 0.531641 0.582639 0.067969 0.323611 1.000000
0 399 0.521875 0.584028 0.067187 0.318056 1.000000
0 400 0.521484 0.590278 0.066406 0.325000 1.000000
0 401 0.525781 0.597917 0.068750 0.298611 1.000000
0 402 0.529687 0.606944 0.064062 0.280556 1.000000
0 403 0.526953 0.618056 0.058594 0.252778 1.000000
0 404 0.524609 0.621528 0.055469 0.254167 1.000000
0 405 0.514453 0.622917 0.047656 0.237500 1.000000
0 406 0.510156 0.626389 0.054688 0.233333 1.000000
0 407 0.502734 0.624306 0.052344 0.234722 1.000000
0 408 0.500781 0.625694 0.054688 0.229167 1.000000
0 409 0.501953 0.629167 0.058594 0.213889 1.000000
0 410 0.488672 0.630556 0.094531 0.213889 1.000000
0 411 0.486719 0.629861 0.100000 0.212500 1.000000
0 412 0.485547 0.629167 0.108594 0.213889 1.000000
0 413 0.488672 0.636806 0.105469 0.212500 1.000000
0 414 0.489844 0.640972 0.106250 0.209722 1.000000
0 415 0.480469 0.642361 0.100000 0.204167 1.000000
0 416 0.478125 0.641667 0.107813 0.202778 1.000000
0 417 0.474609 0.641667 0.119531 0.202778 1.000000
0 418 0.475000 0.640972 0.121875 0.204167 1.000000
0 419 0.474609 0.640278 0.125781 0.208333 1.000000
0 420 0.469922 0.638194 0.125781 0.212500 1.000000
0 421 0.467187 0.635417 0.120313 0.220833 1.000000
0 422 0.466406 0.634028 0.115625 0.223611 1.000000
0 423 0.462109 0.627083 0.099219 0.237500 1.000000
0 424 0.455078 0.618056 0.075781 0.255556 1.000000
0 425 0.462891 0.606250 0.064844 0.281944 1.000000
0 426 0.465234 0.606250 0.055469 0.281944 1.000000
0 427 0.455859 0.605556 0.035156 0.280556 1.000000
0 428 0.451562 0.604861 0.046875 0.279167 1.000000
0 429 0.446875 0.607639 0.060937 0.268056 1.000000
0 430 0.446484 0.609028 0.069531 0.268056 1.000000
0 431 0.446094 0.621528 0.089063 0.259722 1.000000
0 432 0.446875 0.625000 0.092188 0.252778 1.000000
0 433 0.447656 0.640972 0.090625 0.220833 1.000000
0 434 0.445703 0.640972 0.089844 0.215278 1.000000
0 435 0.442969 0.643056 0.079687 0.213889 1.000000
0 436 0.439844 0.642361 0.070312 0.212500 1.000000
0 437 0.438281 0.641667 0.064062 0.213889 1.000000
0 438 0.437500 0.642361 0.060937 0.215278 1.000000
0 439 0.434375 0.641667 0.057813 0.216667 1.000000
0 440 0.426172 0.641667 0.077344 0.219444 1.000000
0 441 0.426172 0.640278 0.088281 0.216667 1.000000
0 442 0.428125 0.640972 0.093750 0.218056 1.000000
0 443 0.434766 0.638194 0.097656 0.220833 1.000000
0 444 0.439453 0.628472 0.088281 0.237500 1.000000
0 445 0.438281 0.627778 0.073438 0.244444 1.000000
0 446 0.436719 0.629861 0.064062 0.237500 1.000000
0 447 0.433594 0.628472 0.057813 0.245833 1.000000
0 448 0.434766 0.631250 0.060156 0.245833 1.000000
0 449 0.437891 0.631250 0.063281 0.243056 1.000000
0 450 0.437109 0.633333 0.064844 0.238889 1.000000
0 451 0.438672 0.631250 0.066406 0.240278 1.000000
0 452 0.436328 0.633333 0.071094 0.236111 1.000000
0 453 0.433594 0.633333 0.078125 0.238889 1.000000
0 454 0.432031 0.630556 0.081250 0.238889 1.000000
0 455 0.428906 0.631944 0.089063 0.238889 1.000000
0 456 0.430078 0.630556 0.086719 0.241667 1.000000
0 457 0.431641 0.630556 0.083594 0.238889 1.000000
0 458 0.432812 0.630556 0.081250 0.238889 1.000000
0 459 0.436719 0.629167 0.075000 0.238889 1.000000
0 460 0.437891 0.631250 0.074219 0.234722 1.000000
0 461 0.442578 0.632639 0.066406 0.234722 1.000000
0 462 0.442969 0.634028 0.067187 0.231944 1.000000
0 463 0.443750 0.636111 0.067187 0.230556 1.000000
0 464 0.444141 0.636111 0.067969 0.227778 1.000000
0 465 0.444922 0.638194 0.071094 0.226389 1.000000
0 466 0.445312 0.638889 0.070312 0.225000 1.000000
0 467 0.445703 0.640972 0.071094 0.218056 1.000000
0 468 0.446094 0.643056 0.071875 0.216667 1.000000
0 469 0.446094 0.644444 0.071875 0.211111 1.000000
0 470 0.445703 0.646528 0.072656 0.209722 1.000000
0 471 0.444922 0.647917 0.074219 0.204167 1.000000
0 472 0.444922 0.650000 0.074219 0.202778 1.000000
0 473 0.445312 0.653472 0.075000 0.195833 1.000000
0 474 0.444922 0.653472 0.077344 0.193056 1.000000
0 475 0.446875 0.656944 0.076563 0.186111 1.000000
0 476 0.446875 0.659722 0.076563 0.180556 1.000000
0 477 0.446094 0.663889 0.076563 0.172222 1.000000
0 478 0.447266 0.666667 0.077344 0.166667 1.000000
0 479 0.446875 0.672917 0.076563 0.156944 1.000000
0 480 0.446875 0.674306 0.078125 0.148611 1.000000
0 481 0.446484 0.679167 0.082031 0.141667 1.000000
0 482 0.445312 0.681250 0.087500 0.137500 1.000000
0 483 0.445703 0.684028 0.089844 0.131944 1.000000
0 484 0.443750 0.685417 0.092188 0.129167 1.000000
0 485 0.440625 0.688194 0.092188 0.123611 1.000000
0 486 0.437109 0.690972 0.086719 0.118056 1.000000
0 487 0.431250 0.687500 0.078125 0.125000 1.000000
0 488 0.430859 0.685417 0.077344 0.126389 1.000000
0 489 0.426953 0.681944 0.069531 0.136111 1.000000
0 490 0.426172 0.680556 0.064844 0.138889 1.000000
0 491 0.426953 0.676389 0.064844 0.144444 1.000000
0 492 0.426953 0.675000 0.066406 0.147222 1.000000
0 493 0.427734 0.670139 0.061719 0.159722 1.000000
0 494 0.426953 0.665278 0.061719 0.169444 1.000000
0 495 0.426953 0.655556 0.058594 0.188889 1.000000
0 496 0.426172 0.650000 0.055469 0.197222 1.000000
0 497 0.427734 0.645139 0.058594 0.215278 1.000000
0 498 0.427344 0.643056 0.071875 0.219444 1.000000
0 499 0.420703 0.637500 0.083594 0.219444 1.000000
0 500 0.417578 0.636111 0.091406 0.222222 1.000000
0 501 0.416797 0.634722 0.103906 0.225000 1.000000
0 502 0.418750 0.634028 0.107813 0.226389 1.000000
0 503 0.421484 0.636111 0.117969 0.230556 1.000000
0 504 0.419922 0.636806 0.116406 0.231944 1.000000
0 505 0.412891 0.638194 0.099219 0.234722 1.000000
0 506 0.407813 0.638889 0.087500 0.236111 1.000000
0 507 0.408203 0.639583 0.083594 0.229167 1.000000
0 508 0.410547 0.640278 0.083594 0.227778 1.000000
0 509 0.412891 0.643056 0.083594 0.222222 1.000000
0 510 0.416406 0.642361 0.087500 0.220833 1.000000
0 511 0.417578 0.643056 0.088281 0.211111 1.000000
0 512 0.415234 0.642361 0.083594 0.209722 1.000000
0 513 0.417969 0.628472 0.087500 0.234722 1.000000
0 514 0.418359 0.628472 0.088281 0.237500 1.000000
0 515 0.421875 0.627083 0.089063 0.240278 1.000000
0 516 0.423047 0.628472 0.089844 0.240278 1.000000
0 517 0.420312 0.628472 0.100000 0.237500 1.000000
0 518 0.419531 0.629167 0.103125 0.236111 1.000000
0 519 0.419141 0.629861 0.108594 0.231944 1.000000
0 520 0.420312 0.631250 0.110937 0.231944 1.000000
0 521 0.426563 0.632639 0.110937 0.234722 1.000000
0 522 0.429688 0.631944 0.109375 0.241667 1.000000
0 523 0.435547 0.633333 0.097656 0.238889 1.000000
0 524 0.434766 0.630556 0.091406 0.238889 1.000000
0 525 0.437891 0.629861 0.092969 0.240278 1.000000
0 526 0.440625 0.629861 0.090625 0.243056 1.000000
0 527 0.444141 0.629167 0.086719 0.241667 1.000000
0 528 0.442188 0.629167 0.090625 0.244444 1.000000
0 529 0.450000 0.625694 0.078125 0.245833 1.000000
0 530 0.453125 0.627083 0.070312 0.245833 1.000000
0 531 0.455078 0.625000 0.067969 0.250000 1.000000
0 532 0.457422 0.627083 0.063281 0.248611 1.000000
0 533 0.460156 0.627778 0.059375 0.244444 1.000000
0 534 0.461719 0.628472 0.060937 0.243056 1.000000
0 535 0.468750 0.629167 0.059375 0.238889 1.000000
0 536 0.470313 0.630556 0.054688 0.238889 1.000000
0 537 0.473828 0.629861 0.049219 0.237500 1.000000
0 538 0.475000 0.629167 0.045312 0.236111 1.000000
0 539 0.477734 0.631250 0.041406 0.234722 1.000000
0 540 0.476172 0.630556 0.041406 0.233333 1.000000
0 541 0.473438 0.631250 0.037500 0.231944 1.000000
0 542 0.471875 0.631250 0.034375 0.229167 1.000000
0 543 0.466797 0.634722 0.035156 0.227778 1.000000
0 544 0.464062 0.634028 0.039062 0.226389 1.000000
0 545 0.458594 0.634028 0.040625 0.220833 1.000000
0 546 0.456641 0.636111 0.041406 0.219444 1.000000
0 547 0.454688 0.634722 0.042188 0.216667 1.000000
0 548 0.454297 0.636111 0.042969 0.216667 1.000000
0 549 0.452734 0.636111 0.038281 0.216667 1.000000
0 550 0.455078 0.633333 0.039844 0.213889 1.000000
0 551 0.454688 0.633333 0.040625 0.219444 1.000000
0 552 0.454688 0.634028 0.042188 0.223611 1.000000
0 553 0.455078 0.636806 0.052344 0.231944 1.000000
0 554 0.453516 0.636806 0.060156 0.231944 1.000000
0 555 0.439453 0.638889 0.069531 0.230556 1.000000
0 556 0.437109 0.638889 0.074219 0.227778 1.000000
0 557 0.439844 0.639583 0.079687 0.229167 1.000000
0 558 0.438281 0.639583 0.071875 0.231944 1.000000
0 559 0.437500 0.638194 0.062500 0.237500 1.000000
0 560 0.437109 0.634028 0.058594 0.237500 1.000000
0 561 0.441797 0.631944 0.047656 0.244444 1.000000
0 562 0.444141 0.629861 0.052344 0.251389 1.000000
0 563 0.447266 0.639583 0.071094 0.251389 1.000000
0 564 0.450781 0.643750 0.089063 0.240278 1.000000
0 565 0.466016 0.647917 0.074219 0.229167 1.000000
0 566 0.468750 0.647222 0.076563 0.225000 1.000000
0 567 0.466016 0.649306 0.069531 0.218056 1.000000
0 568 0.460938 0.647222 0.057813 0.216667 1.000000
0 569 0.453516 0.643750 0.044531 0.220833 1.000000
0 570 0.450391 0.638889 0.030469 0.227778 1.000000
0 571 0.451562 0.636111 0.035937 0.241667 1.000000
0 572 0.450781 0.633333 0.034375 0.247222 1.000000
0 573 0.449219 0.634028 0.034375 0.245833 1.000000
0 574 0.449219 0.634028 0.035937 0.245833 1.000000
0 575 0.448828 0.632639 0.035156 0.243056 1.000000
0 576 0.450781 0.631944 0.034375 0.241667 1.000000
0 577 0.450000 0.631250 0.034375 0.240278 1.000000
0 578 0.452734 0.628472 0.038281 0.229167 1.000000
0 579 0.456641 0.633333 0.046094 0.233333 1.000000
0 580 0.463281 0.636111 0.054688 0.225000 1.000000
0 581 0.463672 0.638194 0.055469 0.223611 1.000000
0 582 0.455859 0.639583 0.053906 0.220833 1.000000
0 583 0.452344 0.640278 0.040625 0.225000 1.000000
0 584 0.451172 0.638889 0.044531 0.225000 1.000000
0 585 0.449609 0.639583 0.050781 0.229167 1.000000
0 586 0.453906 0.642361 0.043750 0.237500 1.000000
0 587 0.452734 0.641667 0.042969 0.236111 1.000000
0 588 0.451562 0.642361 0.060937 0.237500 1.000000
0 589 0.450000 0.647222 0.064062 0.236111 1.000000
0 590 0.451172 0.647222 0.058594 0.233333 1.000000
0 591 0.452734 0.650000 0.057031 0.233333 1.000000
0 592 0.453906 0.655556 0.060937 0.227778 1.000000
0 593 0.451562 0.657639 0.068750 0.226389 1.000000
0 594 0.447266 0.661806 0.077344 0.215278 1.000000
0 595 0.448437 0.664583 0.071875 0.212500 1.000000
0 596 0.453906 0.666667 0.060937 0.208333 1.000000
0 597 0.452344 0.667361 0.057813 0.212500 1.000000
0 598 0.450781 0.663194 0.054688 0.220833 1.000000
0 599 0.451172 0.656250 0.053906 0.231944 1.000000
0 600 0.453125 0.619444 0.051562 0.288889 1.000000
0 601 0.454688 0.611111 0.053125 0.294444 1.000000
0 602 0.455859 0.609028 0.050781 0.293056 1.000000
0 603 0.455859 0.607639 0.049219 0.293056 1.000000
0 604 0.449219 0.623611 0.057813 0.275000 1.000000
0 605 0.444141 0.629167 0.064844 0.277778 1.000000
0 606 0.436719 0.651389 0.075000 0.241667 1.000000
0 607 0.435937 0.661111 0.075000 0.222222 1.000000
0 608 0.440234 0.668750 0.069531 0.204167 1.000000
0 609 0.442969 0.672222 0.062500 0.200000 1.000000
0 610 0.444922 0.671528 0.066406 0.195833 1.000000
0 611 0.450781 0.673611 0.060937 0.197222 1.000000
0 612 0.458984 0.668750 0.057031 0.195833 1.000000
0 613 0.458594 0.668056 0.056250 0.197222 1.000000
0 614 0.459766 0.669444 0.055469 0.200000 1.000000
0 615 0.464062 0.668056 0.050000 0.197222 1.000000
0 616 0.468750 0.672917 0.046875 0.206944 1.000000
0 617 0.472266 0.670139 0.052344 0.201389 1.000000
0 618 0.475000 0.669444 0.050000 0.197222 1.000000
0 619 0.480469 0.668056 0.051562 0.194444 1.000000
0 620 0.484766 0.677083 0.053906 0.204167 1.000000
0 621 0.485547 0.678472 0.055469 0.201389 1.000000
0 622 0.485938 0.679861 0.057813 0.198611 1.000000
0 623 0.488281 0.679861 0.053125 0.198611 1.000000
0 624 0.490234 0.680556 0.049219 0.200000 1.000000
0 625 0.491406 0.681250 0.046875 0.198611 1.000000
0 626 0.488281 0.684028 0.051562 0.198611 1.000000
0 627 0.487500 0.682639 0.053125 0.201389 1.000000
0 628 0.487500 0.684028 0.054688 0.201389 1.000000
0 629 0.489063 0.684722 0.054688 0.200000 1.000000
0 630 0.489844 0.690278 0.056250 0.200000 1.000000
0 631 0.487500 0.693056 0.059375 0.202778 1.000000
0 632 0.489453 0.695139 0.057031 0.195833 1.000000
0 633 0.489453 0.696528 0.057031 0.193056 1.000000
0 634 0.490625 0.702083 0.059375 0.184722 1.000000
0 635 0.490625 0.703472 0.059375 0.181944 1.000000
0 636 0.491016 0.706250 0.058594 0.181944 1.000000
0 637 0.491016 0.704167 0.057031 0.183333 1.000000
0 638 0.492969 0.701389 0.051562 0.188889 1.000000
0 639 0.493359 0.697917 0.047656 0.195833 1.000000
0 640 0.495703 0.693750 0.041406 0.206944 1.000000
0 641 0.497266 0.692361 0.035156 0.209722 1.000000
0 642 0.500781 0.686806 0.031250 0.218056 1.000000
0 643 0.499609 0.684722 0.036719 0.222222 1.000000
0 644 0.500781 0.681944 0.040625 0.227778 1.000000
0 645 0.507031 0.682639 0.034375 0.229167 1.000000
0 646 0.507812 0.680556 0.042188 0.230556 1.000000
0 647 0.510156 0.681250 0.045312 0.231944 1.000000
0 648 0.510156 0.680556 0.045312 0.227778 1.000000
0 649 0.510547 0.680556 0.044531 0.225000 1.000000
0 652 0.519531 0.677778 0.046875 0.225000 1.000000
0 653 0.522266 0.679167 0.046094 0.227778 1.000000
0 654 0.532422 0.680556 0.060156 0.227778 1.000000
0 655 0.537109 0.681250 0.063281 0.226389 1.000000
0 656 0.540234 0.681250 0.063281 0.226389 1.000000
0 657 0.541797 0.680556 0.060156 0.222222 1.000000
0 658 0.543359 0.684028 0.057031 0.223611 1.000000
0 659 0.546094 0.684722 0.057813 0.225000 1.000000
0 660 0.543750 0.684028 0.053125 0.212500 1.000000
0 661 0.542969 0.684028 0.053125 0.209722 1.000000
0 662 0.541016 0.687500 0.052344 0.205556 1.000000
0 663 0.539844 0.688889 0.051562 0.202778 1.000000
0 664 0.540234 0.691667 0.053906 0.197222 1.000000
0 665 0.541016 0.693056 0.053906 0.194444 1.000000
0 666 0.542969 0.698611 0.056250 0.188889 1.000000
0 667 0.542578 0.699306 0.057031 0.187500 1.000000
0 668 0.544141 0.698611 0.057031 0.175000 1.000000
0 669 0.547656 0.704861 0.051562 0.165278 1.000000
0 670 0.550391 0.708333 0.046094 0.155556 1.000000
0 671 0.552344 0.711806 0.045312 0.148611 1.000000
0 672 0.553125 0.718056 0.046875 0.136111 1.000000
0 673 0.553906 0.718056 0.046875 0.136111 1.000000
0 674 0.553906 0.720139 0.046875 0.131944 1.000000
0 675 0.557422 0.722222 0.042969 0.125000 1.000000
0 676 0.557031 0.720833 0.040625 0.127778 1.000000
0 677 0.557813 0.719444 0.042188 0.133333 1.000000
0 678 0.560937 0.721528 0.042188 0.129167 1.000000
0 679 0.561719 0.719444 0.040625 0.130556 1.000000
0 680 0.560156 0.717361 0.045312 0.131944 1.000000
0 681 0.559766 0.715278 0.046094 0.136111 1.000000
0 682 0.554297 0.712500 0.041406 0.136111 1.000000
0 683 0.555859 0.709722 0.052344 0.147222 1.000000
0 684 0.553906 0.701389 0.057813 0.152778 1.000000
0 685 0.548438 0.702083 0.062500 0.162500 1.000000
0 686 0.544531 0.696528 0.062500 0.173611 1.000000
0 687 0.542578 0.693056 0.063281 0.177778 1.000000
0 688 0.539453 0.690278 0.058594 0.183333 1.000000
0 689 0.539453 0.688889 0.060156 0.188889 1.000000
0 690 0.536328 0.685417 0.047656 0.184722 1.000000
0 691 0.532031 0.681250 0.045312 0.184722 1.000000
0 692 0.525781 0.679167 0.042188 0.188889 1.000000
0 693 0.521875 0.678472 0.043750 0.190278 1.000000
0 694 0.519531 0.675694 0.046875 0.195833 1.000000
0 695 0.516797 0.676389 0.041406 0.197222 1.000000
0 696 0.512109 0.674306 0.032031 0.198611 1.000000
0 697 0.513672 0.671528 0.033594 0.198611 1.000000
0 698 0.510938 0.672222 0.034375 0.200000 1.000000
0 699 0.510547 0.672917 0.035156 0.201389 1.000000
0 700 0.508984 0.670833 0.036719 0.194444 1.000000
0 701 0.507031 0.670139 0.037500 0.195833 1.000000
0 702 0.502344 0.667361 0.039062 0.190278 1.000000
0 703 0.501953 0.664583 0.038281 0.190278 1.000000
0 704 0.501172 0.662500 0.036719 0.191667 1.000000
0 705 0.500000 0.659722 0.035937 0.188889 1.000000
0 706 0.500000 0.658333 0.032813 0.191667 1.000000
0 707 0.501953 0.659722 0.033594 0.191667 1.000000
0 708 0.506250 0.657639 0.042188 0.187500 1.000000
0 709 0.508203 0.656944 0.044531 0.183333 1.000000
0 710 0.510547 0.655556 0.049219 0.180556 1.000000
0 711 0.511719 0.656250 0.051562 0.181944 1.000000
0 712 0.510938 0.656250 0.053125 0.181944 1.000000
0 713 0.510938 0.655556 0.054688 0.183333 1.000000
0 714 0.508594 0.654861 0.056250 0.181944 1.000000
0 715 0.509766 0.652778 0.067969 0.183333 1.000000
0 716 0.509766 0.652778 0.069531 0.183333 1.000000
0 717 0.508594 0.653472 0.064062 0.181944 1.000000
0 718 0.506641 0.652083 0.063281 0.181944 1.000000
0 719 0.507031 0.652083 0.062500 0.181944 1.000000
0 720 0.508203 0.650694 0.066406 0.181944 1.000000
0 721 0.507422 0.650000 0.067969 0.180556 1.000000
0 722 0.505078 0.650694 0.072656 0.181944 1.000000
0 723 0.502734 0.650694 0.075781 0.179167 1.000000
0 724 0.505469 0.650694 0.070312 0.179167 1.000000
0 725 0.507031 0.650694 0.068750 0.179167 1.000000
0 726 0.505859 0.650694 0.069531 0.173611 1.000000
0 727 0.506250 0.650694 0.070312 0.173611 1.000000
0 728 0.505859 0.650694 0.071094 0.170833 1.000000
0 729 0.505859 0.650000 0.072656 0.169444 1.000000
0 730 0.505469 0.650000 0.075000 0.169444 1.000000
0 731 0.506641 0.650694 0.074219 0.170833 1.000000
0 732 0.505859 0.649306 0.075781 0.168056 1.000000
0 733 0.505469 0.648611 0.076563 0.166667 1.000000
0 734 0.505859 0.648611 0.078906 0.166667 1.000000
0 735 0.505078 0.647917 0.078906 0.165278 1.000000
0 736 0.503906 0.647917 0.082812 0.162500 1.000000
0 737 0.505078 0.646528 0.083594 0.159722 1.000000
0 738 0.505078 0.647222 0.085156 0.155556 1.000000
0 739 0.504687 0.648611 0.084375 0.152778 1.000000
0 740 0.504687 0.648611 0.085938 0.144444 1.000000
0 741 0.503906 0.650000 0.085938 0.144444 1.000000
0 742 0.504297 0.652778 0.088281 0.138889 1.000000
0 743 0.504687 0.654167 0.087500 0.136111 1.000000
0 744 0.501563 0.654861 0.090625 0.129167 1.000000
0 745 0.500781 0.656250 0.085938 0.126389 1.000000
0 746 0.493359 0.658333 0.074219 0.125000 1.000000
0 747 0.490625 0.656250 0.070312 0.123611 1.000000
0 748 0.482031 0.654861 0.054688 0.126389 1.000000
0 749 0.480469 0.654861 0.046875 0.126389 1.000000
0 750 0.476172 0.654167 0.046094 0.125000 1.000000
0 751 0.473438 0.659028 0.051562 0.137500 1.000000
0 752 0.469531 0.655556 0.050000 0.138889 1.000000
0 753 0.467969 0.656944 0.048438 0.147222 1.000000
0 754 0.464062 0.652778 0.046875 0.152778 1.000000
0 755 0.462500 0.650694 0.046875 0.159722 1.000000
0 756 0.457813 0.652083 0.042188 0.156944 1.000000
0 757 0.454297 0.650694 0.042969 0.159722 1.000000
0 758 0.447656 0.650000 0.046875 0.158333 1.000000
0 759 0.442188 0.650694 0.050000 0.162500 1.000000
0 760 0.437891 0.650000 0.052344 0.175000 1.000000
0 761 0.436328 0.652083 0.052344 0.187500 1.000000
0 762 0.429688 0.650000 0.060937 0.200000 1.000000
0 763 0.426563 0.646528 0.062500 0.206944 1.000000
0 764 0.421094 0.643056 0.065625 0.216667 1.000000
0 765 0.418359 0.640972 0.063281 0.223611 1.000000
0 766 0.420312 0.635417 0.062500 0.240278 1.000000
0 767 0.421094 0.634722 0.059375 0.250000 1.000000
0 768 0.422656 0.629167 0.053125 0.261111 1.000000
0 769 0.420312 0.625694 0.059375 0.262500 1.000000
0 770 0.416797 0.622917 0.069531 0.273611 1.000000
0 771 0.417187 0.625000 0.067187 0.283333 1.000000
0 772 0.420312 0.624306 0.075000 0.281944 1.000000
0 773 0.421484 0.624306 0.077344 0.281944 1.000000
0 774 0.425391 0.625694 0.086719 0.276389 1.000000
0 775 0.425781 0.628472 0.085938 0.273611 1.000000
0 776 0.427734 0.636806 0.091406 0.270833 1.000000
0 777 0.431641 0.640278 0.100781 0.263889 1.000000
0 778 0.433203 0.643056 0.107031 0.258333 1.000000
0 779 0.423828 0.644444 0.088281 0.258333 1.000000
0 780 0.433984 0.641667 0.108594 0.263889 1.000000
0 781 0.434766 0.638889 0.110156 0.269444 1.000000
0 782 0.438281 0.633333 0.150000 0.280556 1.000000
0 783 0.445312 0.630556 0.121875 0.286111 1.000000
0 784 0.449219 0.608333 0.109375 0.327778 1.000000
0 785 0.440625 0.605556 0.067187 0.336111 1.000000
0 786 0.439844 0.606250 0.079687 0.334722 1.000000
0 787 0.438672 0.608333 0.082031 0.333333 1.000000
0 788 0.433594 0.609722 0.065625 0.327778 1.000000
0 789 0.435547 0.611806 0.061719 0.326389 1.000000
0 790 0.448828 0.611806 0.064844 0.326389 1.000000
0 791 0.446875 0.613194 0.082812 0.326389 1.000000
0 792 0.442578 0.611111 0.096094 0.327778 1.000000
0 793 0.438281 0.613194 0.096875 0.329167 1.000000
0 794 0.436719 0.615972 0.079687 0.323611 1.000000
0 795 0.437891 0.618750 0.080469 0.315278 1.000000
0 796 0.439063 0.625694 0.068750 0.301389 1.000000
0 797 0.432422 0.631944 0.085156 0.291667 1.000000
0 798 0.421875 0.640278 0.115625 0.286111 1.000000
0 799 0.418359 0.645139 0.124219 0.276389 1.000000
0 800 0.413281 0.659028 0.134375 0.276389 1.000000
0 801 0.411328 0.661111 0.133594 0.266667 1.000000
0 802 0.404687 0.665972 0.121875 0.259722 1.000000
0 803 0.402734 0.668750 0.119531 0.259722 1.000000
0 804 0.402344 0.672222 0.120313 0.255556 1.000000
0 805 0.402344 0.672917 0.118750 0.254167 1.000000
0 806 0.396094 0.672917 0.132812 0.251389 1.000000
0 807 0.395313 0.673611 0.132812 0.252778 1.000000
0 808 0.394531 0.672222 0.135937 0.255556 1.000000
0 809 0.393750 0.671528 0.135937 0.256944 1.000000
0 810 0.404297 0.668750 0.116406 0.259722 1.000000
0 811 0.404297 0.666667 0.119531 0.258333 1.000000
0 812 0.403906 0.665278 0.120313 0.258333 1.000000
0 813 0.405078 0.665972 0.121094 0.256944 1.000000
0 814 0.410156 0.665972 0.128125 0.251389 1.000000
0 815 0.410938 0.666667 0.126562 0.250000 1.000000
0 816 0.412500 0.668056 0.125000 0.247222 1.000000
0 817 0.413281 0.667361 0.123438 0.243056 1.000000
0 818 0.413281 0.666667 0.120313 0.241667 1.000000
0 819 0.410938 0.667361 0.114062 0.240278 1.000000
0 820 0.410938 0.666667 0.115625 0.238889 1.000000
0 821 0.411719 0.665972 0.115625 0.237500 1.000000
0 822 0.412891 0.665972 0.116406 0.231944 1.000000
0 823 0.414062 0.665278 0.114062 0.230556 1.000000
0 824 0.414844 0.661111 0.115625 0.233333 1.000000
0 825 0.414453 0.660417 0.114844 0.234722 1.000000
0 826 0.406641 0.655556 0.110156 0.244444 1.000000
0 827 0.401953 0.653472 0.105469 0.251389 1.000000
0 828 0.388672 0.648611 0.082031 0.261111 1.000000
0 829 0.381250 0.645833 0.071875 0.263889 1.000000
0 830 0.375391 0.644444 0.064844 0.269444 1.000000
0 831 0.369531 0.642361 0.078125 0.265278 1.000000
0 832 0.361719 0.643750 0.095312 0.259722 1.000000
0 833 0.356641 0.645833 0.100781 0.255556 1.000000
0 834 0.353906 0.650000 0.109375 0.247222 1.000000
0 835 0.354297 0.653472 0.116406 0.243056 1.000000
0 836 0.355469 0.657639 0.120313 0.234722 1.000000
0 837 0.354687 0.659722 0.121875 0.230556 1.000000
0 838 0.360156 0.663889 0.121875 0.222222 1.000000
0 839 0.360547 0.665972 0.121094 0.220833 1.000000
0 840 0.364844 0.668750 0.118750 0.215278 1.000000
0 841 0.364844 0.672222 0.115625 0.211111 1.000000
0 842 0.364063 0.672917 0.109375 0.209722 1.000000
0 843 0.365234 0.672222 0.107031 0.211111 1.000000
0 844 0.366797 0.674306 0.102344 0.209722 1.000000
0 845 0.369141 0.673611 0.102344 0.211111 1.000000
0 846 0.373047 0.672917 0.102344 0.212500 1.000000
0 847 0.375000 0.671528 0.101562 0.209722 1.000000
0 848 0.376172 0.675694 0.107031 0.204167 1.000000
0 849 0.376953 0.675000 0.110156 0.202778 1.000000
0 850 0.376172 0.674306 0.114844 0.204167 1.000000
0 851 0.379297 0.672917 0.113281 0.206944 1.000000
0 852 0.389062 0.670833 0.098437 0.213889 1.000000
0 853 0.390234 0.668056 0.099219 0.216667 1.000000
0 854 0.390234 0.661806 0.096094 0.229167 1.000000
0 855 0.397656 0.656944 0.106250 0.238889 1.000000
0 856 0.397266 0.654167 0.103906 0.244444 1.000000
0 857 0.396484 0.643056 0.103906 0.269444 1.000000
0 858 0.396094 0.623611 0.095312 0.308333 1.000000
0 859 0.400000 0.623611 0.095312 0.308333 1.000000
0 860 0.410547 0.622917 0.083594 0.309722 1.000000
0 861 0.412109 0.622222 0.082031 0.308333 1.000000
0 862 0.414453 0.624306 0.077344 0.304167 1.000000
0 863 0.417578 0.627083 0.075781 0.301389 1.000000
0 864 0.436719 0.647917 0.100000 0.276389 1.000000
0 865 0.451172 0.658333 0.107031 0.258333 1.000000
0 866 0.464453 0.668056 0.110156 0.233333 1.000000
0 867 0.468359 0.669444 0.105469 0.225000 1.000000
0 868 0.470313 0.675000 0.096875 0.211111 1.000000
0 869 0.467969 0.677778 0.098437 0.211111 1.000000
0 870 0.461719 0.679861 0.098437 0.212500 1.000000
0 871 0.457031 0.677083 0.098437 0.209722 1.000000
0 872 0.451562 0.672917 0.100000 0.215278 1.000000
0 873 0.450000 0.671528 0.098437 0.218056 1.000000
0 874 0.446484 0.668056 0.092969 0.225000 1.000000
0 875 0.453125 0.666667 0.076563 0.225000 1.000000
0 876 0.472266 0.664583 0.094531 0.231944 1.000000
0 877 0.467578 0.661111 0.085156 0.236111 1.000000
0 878 0.454688 0.657639 0.065625 0.243056 1.000000
0 879 0.451172 0.652778 0.064844 0.238889 1.000000
0 880 0.437500 0.642361 0.057813 0.262500 1.000000
0 881 0.418359 0.645139 0.088281 0.259722 1.000000
0 882 0.418750 0.628472 0.073438 0.290278 1.000000
0 883 0.413672 0.620833 0.080469 0.305556 1.000000
0 884 0.400781 0.625000 0.101562 0.302778 1.000000
0 885 0.399609 0.622917 0.111719 0.298611 1.000000
0 886 0.404297 0.631944 0.128906 0.286111 1.000000
0 887 0.407422 0.638889 0.128906 0.269444 1.000000
0 888 0.411719 0.661111 0.110937 0.225000 1.000000
0 889 0.403125 0.662500 0.100000 0.225000 1.000000
0 890 0.392578 0.663889 0.082031 0.222222 1.000000
0 891 0.391797 0.663194 0.078906 0.220833 1.000000
0 892 0.383203 0.665278 0.069531 0.219444 1.000000
0 893 0.378906 0.665972 0.064062 0.218056 1.000000
0 894 0.376172 0.669444 0.055469 0.216667 1.000000
0 895 0.374219 0.668056 0.062500 0.208333 1.000000
0 896 0.366797 0.668750 0.094531 0.201389 1.000000
0 897 0.367188 0.669444 0.092188 0.194444 1.000000
0 898 0.373828 0.672917 0.083594 0.187500 1.000000
0 899 0.371484 0.675000 0.069531 0.183333 1.000000
0 900 0.376172 0.677778 0.050781 0.177778 1.000000
0 901 0.377734 0.679861 0.052344 0.176389 1.000000
0 902 0.384766 0.684028 0.088281 0.165278 1.000000
0 903 0.384375 0.687500 0.100000 0.161111 1.000000
0 904 0.380859 0.689583 0.111719 0.154167 1.000000
0 905 0.376172 0.693750 0.119531 0.143056 1.000000
0 906 0.378125 0.695139 0.098437 0.140278 1.000000
0 907 0.369531 0.699306 0.090625 0.137500 1.000000
0 908 0.372266 0.699306 0.089844 0.134722 1.000000
0 909 0.370703 0.702778 0.096094 0.130556 1.000000
0 910 0.373047 0.708333 0.099219 0.138889 1.000000
0 911 0.377344 0.710417 0.096875 0.134722 1.000000
0 912 0.377734 0.710417 0.099219 0.131944 1.000000
0 913 0.373828 0.704167 0.092969 0.125000 1.000000
0 914 0.369922 0.702778 0.082031 0.127778 1.000000
0 915 0.371484 0.701389 0.080469 0.130556 1.000000
0 916 0.373828 0.702083 0.082031 0.137500 1.000000
0 917 0.374609 0.703472 0.074219 0.143056 1.000000
0 918 0.373437 0.702083 0.073438 0.151389 1.000000
0 919 0.364844 0.695833 0.071875 0.166667 1.000000
0 920 0.362891 0.694444 0.077344 0.169444 1.000000
0 921 0.368750 0.691667 0.076563 0.177778 1.000000
0 922 0.371484 0.686806 0.075781 0.187500 1.000000
0 923 0.375391 0.678472 0.071094 0.204167 1.000000
0 924 0.378906 0.675694 0.067187 0.209722 1.000000
0 925 0.380859 0.670139 0.061719 0.223611 1.000000
0 926 0.378906 0.661111 0.057813 0.213889 1.000000
0 927 0.386328 0.656250 0.064844 0.220833 1.000000
0 928 0.388672 0.657639 0.069531 0.229167 1.000000
0 929 0.390625 0.662500 0.084375 0.241667 1.000000
0 930 0.389062 0.663194 0.092188 0.240278 1.000000
0 931 0.385547 0.645139 0.083594 0.281944 1.000000
0 932 0.383594 0.646528 0.078125 0.276389 1.000000
0 933 0.381641 0.643056 0.072656 0.286111 1.000000
0 934 0.382031 0.643056 0.071875 0.283333 1.000000
0 935 0.383203 0.647222 0.071094 0.275000 1.000000
0 936 0.383594 0.651389 0.073438 0.266667 1.000000
0 937 0.383984 0.663889 0.072656 0.241667 1.000000
0 938 0.383984 0.666667 0.072656 0.233333 1.000000
0 939 0.385156 0.668056 0.073438 0.233333 1.000000
0 940 0.384766 0.668750 0.072656 0.231944 1.000000
0 941 0.383594 0.670139 0.071875 0.226389 1.000000
0 942 0.383984 0.663194 0.071094 0.240278 1.000000
0 943 0.384766 0.655556 0.072656 0.252778 1.000000
0 944 0.384375 0.654167 0.073438 0.258333 1.000000
0 945 0.384375 0.647917 0.071875 0.273611 1.000000
0 946 0.383984 0.642361 0.072656 0.281944 1.000000
0 947 0.383984 0.638889 0.072656 0.288889 1.000000
0 948 0.383203 0.636111 0.071094 0.291667 1.000000
0 949 0.387109 0.643056 0.061719 0.269444 1.000000
0 950 0.388281 0.651389 0.059375 0.261111 1.000000
0 951 0.391016 0.675000 0.067969 0.213889 1.000000
0 952 0.393359 0.676389 0.074219 0.205556 1.000000
0 953 0.389453 0.684028 0.074219 0.193056 1.000000
0 954 0.384766 0.685417 0.078906 0.181944 1.000000
0 955 0.375391 0.691667 0.085156 0.163889 1.000000
0 956 0.375000 0.698611 0.081250 0.158333 1.000000
0 957 0.385547 0.706944 0.077344 0.144444 1.000000
0 958 0.395703 0.710417 0.082031 0.140278 1.000000
0 959 0.397656 0.711806 0.092188 0.137500 1.000000
0 960 0.396875 0.713194 0.092188 0.131944 1.000000
0 961 0.393359 0.713889 0.083594 0.133333 1.000000
0 962 0.395703 0.713194 0.089844 0.131944 1.000000
0 963 0.401953 0.712500 0.082031 0.136111 1.000000
0 964 0.399219 0.712500 0.082812 0.133333 1.000000
0 965 0.400781 0.711111 0.073438 0.133333 1.000000
0 966 0.401953 0.711111 0.067969 0.136111 1.000000
0 967 0.420312 0.706944 0.075000 0.141667 1.000000
0 968 0.422266 0.703472 0.078906 0.145833 1.000000
0 969 0.418359 0.695139 0.082031 0.159722 1.000000
0 970 0.414453 0.686806 0.078906 0.162500 1.000000
0 971 0.417969 0.679167 0.098437 0.180556 1.000000
0 972 0.421484 0.674306 0.113281 0.187500 1.000000
0 973 0.416406 0.667361 0.115625 0.201389 1.000000
0 974 0.409766 0.664583 0.111719 0.206944 1.000000
0 975 0.393750 0.659722 0.100000 0.216667 1.000000
0 976 0.387109 0.659028 0.099219 0.220833 1.000000
0 977 0.383984 0.650694 0.114844 0.237500 1.000000
0 978 0.384375 0.638889 0.110937 0.258333 1.000000
0 979 0.395703 0.628472 0.103906 0.281944 1.000000
0 980 0.399609 0.622917 0.100781 0.290278 1.000000
0 981 0.400391 0.621528 0.099219 0.295833 1.000000
0 982 0.401562 0.620139 0.100000 0.298611 1.000000
0 983 0.400391 0.620139 0.096094 0.295833 1.000000
0 984 0.398828 0.622222 0.094531 0.294444 1.000000
0 985 0.395313 0.621528 0.092188 0.293056 1.000000
0 986 0.394531 0.622917 0.092188 0.290278 1.000000
0 987 0.389453 0.623611 0.092969 0.288889 1.000000
0 988 0.388281 0.624306 0.092188 0.287500 1.000000
0 989 0.385937 0.629167 0.092188 0.283333 1.000000
0 990 0.383594 0.631944 0.092188 0.275000 1.000000
0 991 0.381250 0.647222 0.089063 0.244444 1.000000
0 992 0.381641 0.643056 0.092969 0.252778 1.000000
0 993 0.381250 0.637500 0.093750 0.263889 1.000000
0 994 0.380859 0.634028 0.092969 0.268056 1.000000
0 995 0.380859 0.633333 0.086719 0.269444 1.000000
0 996 0.380859 0.631944 0.086719 0.272222 1.000000
0 997 0.379688 0.634722 0.098437 0.269444 1.000000
0 998 0.378125 0.634722 0.093750 0.269444 1.000000
0 999 0.381250 0.640972 0.101562 0.268056 1.000000
0 1000 0.387891 0.640278 0.110156 0.263889 1.000000
0 1001 0.387109 0.640972 0.096094 0.265278 1.000000
0 1002 0.384375 0.644444 0.082812 0.263889 1.000000
0 1003 0.388672 0.641667 0.060156 0.266667 1.000000
