0 1 0.543359 0.681944 0.063281 0.080556 1.000000
0 2 0.543359 0.684722 0.055469 0.075000 1.000000
0 3 0.548828 0.681944 0.061719 0.075000 1.000000
0 4 0.547266 0.681944 0.060156 0.075000 1.000000
0 5 0.546094 0.682639 0.057813 0.081944 1.000000
0 6 0.546484 0.679167 0.055469 0.080556 1.000000
0 7 0.547656 0.675694 0.051562 0.087500 1.000000
0 8 0.544141 0.671528 0.044531 0.095833 1.000000
0 9 0.544531 0.670139 0.042188 0.101389 1.000000
0 10 0.542969 0.668750 0.051562 0.106944 1.000000
0 11 0.542188 0.667361 0.050000 0.112500 1.000000
0 12 0.540625 0.663194 0.054688 0.115278 1.000000
0 13 0.542188 0.662500 0.050000 0.119444 1.000000
0 14 0.540234 0.659722 0.057031 0.122222 1.000000
0 15 0.540625 0.658333 0.056250 0.122222 1.000000
0 16 0.540234 0.659028 0.057031 0.123611 1.000000
0 17 0.540625 0.659028 0.056250 0.123611 1.000000
0 18 0.540234 0.658333 0.055469 0.125000 1.000000
0 19 0.541406 0.657639 0.054688 0.126389 1.000000
0 20 0.541406 0.658333 0.054688 0.127778 1.000000
0 21 0.541016 0.657639 0.053906 0.126389 1.000000
0 22 0.539844 0.656944 0.053125 0.127778 1.000000
0 23 0.540234 0.656944 0.052344 0.127778 1.000000
0 24 0.541016 0.656944 0.052344 0.127778 1.000000
0 25 0.540625 0.656250 0.051562 0.126389 1.000000
0 26 0.541016 0.656250 0.050781 0.126389 1.000000
0 27 0.540625 0.656250 0.050000 0.126389 1.000000
0 28 0.541016 0.656250 0.049219 0.126389 1.000000
0 29 0.542578 0.656944 0.049219 0.125000 1.000000
0 30 0.541406 0.658333 0.048438 0.125000 1.000000
0 31 0.544141 0.659028 0.050781 0.123611 1.000000
0 32 0.543750 0.660417 0.050000 0.120833 1.000000
0 33 0.543750 0.661111 0.050000 0.116667 1.000000
0 34 0.543359 0.663194 0.050781 0.115278 1.000000
0 35 0.543750 0.663889 0.051562 0.113889 1.000000
0 36 0.542188 0.664583 0.048438 0.112500 1.000000
0 37 0.544922 0.664583 0.047656 0.112500 1.000000
0 38 0.548047 0.667361 0.052344 0.106944 1.000000
0 39 0.548047 0.666667 0.052344 0.105556 1.000000
0 40 0.548438 0.672222 0.054688 0.100000 1.000000
0 41 0.551172 0.673611 0.060156 0.094444 1.000000
0 42 0.551562 0.675694 0.060937 0.090278 1.000000
0 43 0.550391 0.677083 0.060156 0.087500 1.000000
0 44 0.549219 0.679861 0.059375 0.087500 1.000000
0 45 0.550391 0.680556 0.058594 0.077778 1.000000
0 46 0.548828 0.684028 0.058594 0.076389 1.000000
0 47 0.547266 0.683333 0.058594 0.077778 1.000000
0 48 0.546484 0.683333 0.058594 0.077778 1.000000
0 49 0.546875 0.681250 0.060937 0.076389 1.000000
0 50 0.545312 0.678472 0.057813 0.081944 1.000000
0 51 0.550391 0.673611 0.047656 0.094444 1.000000
0 52 0.546484 0.670139 0.055469 0.104167 1.000000
0 53 0.550781 0.658333 0.048438 0.119444 1.000000
0 54 0.556250 0.659028 0.050000 0.123611 1.000000
0 55 0.553906 0.661806 0.050000 0.123611 1.000000
0 67 0.540234 0.656944 0.057031 0.127778 1.000000
0 68 0.541016 0.656250 0.053906 0.129167 1.000000
0 69 0.541406 0.645139 0.051562 0.151389 1.000000
0 70 0.541406 0.631944 0.048438 0.177778 1.000000
0 71 0.539453 0.634028 0.047656 0.179167 1.000000
0 76 0.544922 0.655556 0.046094 0.127778 1.000000
0 77 0.541797 0.640278 0.041406 0.158333 1.000000
0 78 0.539844 0.655556 0.045312 0.130556 1.000000
0 79 0.539062 0.627778 0.050000 0.183333 1.000000
0 80 0.543750 0.628472 0.043750 0.184722 1.000000
0 81 0.544922 0.625000 0.046094 0.191667 1.000000
0 82 0.546875 0.619444 0.051562 0.202778 1.000000
0 83 0.550000 0.617361 0.057813 0.204167 1.000000
0 84 0.549219 0.615972 0.056250 0.206944 1.000000
0 85 0.551953 0.615278 0.060156 0.211111 1.000000
0 86 0.554297 0.613194 0.064844 0.215278 1.000000
0 87 0.556641 0.611806 0.069531 0.215278 1.000000
0 88 0.557813 0.612500 0.073438 0.216667 1.000000
0 89 0.560156 0.611806 0.078125 0.218056 1.000000
0 90 0.562500 0.611806 0.082812 0.220833 1.000000
0 91 0.564453 0.611111 0.086719 0.222222 1.000000
0 92 0.560547 0.608333 0.078906 0.225000 1.000000
0 93 0.558984 0.608333 0.075781 0.227778 1.000000
0 94 0.554297 0.604861 0.067969 0.234722 1.000000
0 95 0.551562 0.605556 0.062500 0.233333 1.000000
0 96 0.548828 0.600694 0.060156 0.240278 1.000000
0 97 0.547266 0.598611 0.060156 0.244444 1.000000
0 98 0.545312 0.598611 0.059375 0.241667 1.000000
0 99 0.543750 0.604167 0.059375 0.233333 1.000000
0 100 0.536328 0.603472 0.050781 0.234722 1.000000
0 101 0.532031 0.604167 0.045312 0.236111 1.000000
0 102 0.532422 0.601389 0.049219 0.236111 1.000000
0 103 0.531250 0.607639 0.048438 0.229167 1.000000
0 104 0.522656 0.600000 0.042188 0.244444 1.000000
0 105 0.522266 0.595139 0.039844 0.251389 1.000000
0 106 0.515234 0.585417 0.063281 0.265278 1.000000
0 107 0.514844 0.588889 0.062500 0.266667 1.000000
0 108 0.514453 0.589583 0.055469 0.262500 1.000000
0 109 0.512891 0.592361 0.055469 0.256944 1.000000
0 110 0.509766 0.597222 0.063281 0.250000 1.000000
0 111 0.508594 0.601389 0.067187 0.247222 1.000000
0 112 0.511328 0.609028 0.075781 0.237500 1.000000
0 113 0.512500 0.605556 0.082812 0.236111 1.000000
0 114 0.518750 0.606250 0.095312 0.237500 1.000000
0 115 0.522266 0.604861 0.102344 0.243056 1.000000
0 116 0.525391 0.604167 0.108594 0.247222 1.000000
0 117 0.526172 0.604167 0.108594 0.247222 1.000000
0 118 0.523828 0.604167 0.100781 0.247222 1.000000
0 119 0.518359 0.605556 0.088281 0.247222 1.000000
0 120 0.510547 0.601389 0.064844 0.244444 1.000000
0 121 0.510156 0.603472 0.060937 0.245833 1.000000
0 122 0.509375 0.601389 0.054688 0.247222 1.000000
0 123 0.511328 0.600694 0.057031 0.248611 1.000000
0 124 0.511719 0.600000 0.056250 0.255556 1.000000
0 125 0.511719 0.599306 0.054688 0.256944 1.000000
0 126 0.507812 0.597917 0.046875 0.256944 1.000000
0 127 0.505469 0.595833 0.046875 0.258333 1.000000
0 128 0.502734 0.593750 0.047656 0.265278 1.000000
0 129 0.502734 0.595139 0.053906 0.265278 1.000000
0 130 0.499609 0.592361 0.064844 0.270833 1.000000
0 131 0.500391 0.594444 0.069531 0.269444 1.000000
0 132 0.497266 0.598611 0.077344 0.263889 1.000000
0 133 0.495312 0.599306 0.082812 0.262500 1.000000
0 134 0.495703 0.604167 0.083594 0.252778 1.000000
0 135 0.494141 0.606250 0.085156 0.248611 1.000000
0 136 0.493359 0.611806 0.088281 0.234722 1.000000
0 137 0.491797 0.617361 0.091406 0.223611 1.000000
0 138 0.485938 0.630556 0.100000 0.197222 1.000000
0 139 0.485156 0.636111 0.101562 0.183333 1.000000
0 140 0.482812 0.645139 0.103125 0.168056 1.000000
0 141 0.477734 0.648611 0.091406 0.161111 1.000000
0 142 0.473047 0.655556 0.075781 0.150000 1.000000
0 143 0.467578 0.661111 0.072656 0.141667 1.000000
0 144 0.457813 0.664583 0.057813 0.131944 1.000000
0 145 0.458203 0.671528 0.060156 0.120833 1.000000
0 146 0.453125 0.674306 0.060937 0.112500 1.000000
0 147 0.449219 0.676389 0.064062 0.111111 1.000000
0 148 0.440625 0.679167 0.076563 0.113889 1.000000
0 149 0.439453 0.678472 0.074219 0.115278 1.000000
0 150 0.437500 0.678472 0.071875 0.120833 1.000000
0 151 0.435547 0.678472 0.069531 0.120833 1.000000
0 152 0.433984 0.678472 0.071094 0.123611 1.000000
0 153 0.432812 0.677778 0.071875 0.125000 1.000000
0 154 0.430859 0.677083 0.072656 0.126389 1.000000
0 155 0.430859 0.675000 0.074219 0.127778 1.000000
0 156 0.429688 0.674306 0.075000 0.129167 1.000000
0 157 0.429688 0.672917 0.076563 0.131944 1.000000
0 158 0.431641 0.673611 0.099219 0.133333 1.000000
0 159 0.433984 0.675694 0.092969 0.134722 1.000000
0 160 0.431250 0.672222 0.093750 0.130556 1.000000
0 161 0.422656 0.674306 0.082812 0.126389 1.000000
0 162 0.419531 0.675694 0.079687 0.123611 1.000000
0 163 0.416406 0.675694 0.081250 0.123611 1.000000
0 164 0.413672 0.679861 0.082031 0.118056 1.000000
0 165 0.412500 0.681250 0.085938 0.118056 1.000000
0 166 0.411328 0.682639 0.089844 0.118056 1.000000
0 167 0.413672 0.683333 0.092969 0.119444 1.000000
0 168 0.407031 0.682639 0.089063 0.118056 1.000000
0 169 0.406250 0.681944 0.084375 0.116667 1.000000
0 170 0.408594 0.684028 0.076563 0.118056 1.000000
0 171 0.406641 0.682639 0.078906 0.118056 1.000000
0 172 0.405078 0.682639 0.071094 0.118056 1.000000
0 173 0.409375 0.681944 0.071875 0.119444 1.000000
0 174 0.411719 0.681944 0.070312 0.119444 1.000000
0 175 0.410938 0.680556 0.073438 0.119444 1.000000
0 176 0.418750 0.679861 0.084375 0.120833 1.000000
0 177 0.414062 0.679861 0.076563 0.120833 1.000000
0 178 0.413672 0.678472 0.082031 0.120833 1.000000
0 179 0.412500 0.679167 0.085938 0.122222 1.000000
0 180 0.418750 0.676389 0.081250 0.119444 1.000000
0 181 0.422266 0.677083 0.078906 0.120833 1.000000
0 182 0.425781 0.674306 0.078125 0.120833 1.000000
0 183 0.428125 0.673611 0.084375 0.122222 1.000000
0 184 0.423438 0.670833 0.095312 0.125000 1.000000
0 185 0.421875 0.669444 0.095312 0.125000 1.000000
0 186 0.423438 0.667361 0.092188 0.123611 1.000000
0 187 0.426953 0.667361 0.085156 0.123611 1.000000
0 188 0.426953 0.665972 0.082031 0.123611 1.000000
0 189 0.426172 0.666667 0.083594 0.125000 1.000000
0 190 0.428516 0.668056 0.080469 0.125000 1.000000
0 191 0.426172 0.668056 0.074219 0.127778 1.000000
0 192 0.428516 0.668056 0.077344 0.130556 1.000000
0 193 0.430469 0.668750 0.079687 0.123611 1.000000
0 194 0.432812 0.668056 0.085938 0.119444 1.000000
0 195 0.433203 0.669444 0.088281 0.119444 1.000000
0 196 0.435547 0.668056 0.085156 0.119444 1.000000
0 197 0.438281 0.669444 0.089063 0.122222 1.000000
0 198 0.435156 0.668750 0.081250 0.120833 1.000000
0 199 0.432422 0.666667 0.083594 0.119444 1.000000
0 200 0.435937 0.667361 0.089063 0.120833 1.000000
0 201 0.434766 0.667361 0.092969 0.120833 1.000000
0 202 0.435156 0.663194 0.089063 0.129167 1.000000
0 203 0.434375 0.661806 0.087500 0.134722 1.000000
0 204 0.432031 0.659722 0.085938 0.138889 1.000000
0 205 0.432812 0.659028 0.084375 0.140278 1.000000
0 206 0.433984 0.656250 0.080469 0.143056 1.000000
0 207 0.432422 0.655556 0.080469 0.144444 1.000000
0 208 0.432031 0.653472 0.078125 0.148611 1.000000
0 209 0.432031 0.654167 0.079687 0.147222 1.000000
0 210 0.431250 0.652778 0.076563 0.150000 1.000000
0 211 0.432031 0.650694 0.071875 0.145833 1.000000
0 212 0.432812 0.650000 0.068750 0.147222 1.000000
0 213 0.433984 0.650000 0.064844 0.147222 1.000000
0 214 0.426563 0.650694 0.076563 0.148611 1.000000
0 215 0.425391 0.650694 0.072656 0.148611 1.000000
0 216 0.425781 0.652083 0.070312 0.143056 1.000000
0 217 0.425391 0.654167 0.067969 0.138889 1.000000
0 218 0.424609 0.660417 0.066406 0.123611 1.000000
0 219 0.421875 0.662500 0.065625 0.119444 1.000000
0 220 0.422266 0.668750 0.064844 0.123611 1.000000
0 221 0.423438 0.666667 0.060937 0.119444 1.000000
0 222 0.423047 0.667361 0.061719 0.120833 1.000000
0 223 0.423047 0.666667 0.061719 0.119444 1.000000
0 224 0.421875 0.668056 0.065625 0.119444 1.000000
0 225 0.421875 0.667361 0.067187 0.120833 1.000000
0 226 0.423438 0.666667 0.065625 0.122222 1.000000
0 227 0.424219 0.668056 0.064062 0.125000 1.000000
0 228 0.419922 0.665972 0.069531 0.126389 1.000000
0 229 0.422656 0.665278 0.065625 0.125000 1.000000
0 230 0.429688 0.667361 0.062500 0.126389 1.000000
0 231 0.428906 0.666667 0.060937 0.127778 1.000000
0 232 0.432422 0.669444 0.057031 0.125000 1.000000
0 233 0.432812 0.669444 0.057813 0.125000 1.000000
0 234 0.433203 0.669444 0.058594 0.125000 1.000000
0 235 0.433203 0.670139 0.058594 0.126389 1.000000
0 236 0.433594 0.670139 0.059375 0.126389 1.000000
0 237 0.433984 0.668750 0.060156 0.126389 1.000000
0 238 0.434375 0.668750 0.060937 0.126389 1.000000
0 239 0.434375 0.668750 0.060937 0.126389 1.000000
0 240 0.439844 0.666667 0.060937 0.122222 1.000000
0 241 0.440625 0.665278 0.065625 0.127778 1.000000
0 243 0.438281 0.661111 0.078125 0.125000 1.000000
0 244 0.437891 0.661806 0.080469 0.126389 1.000000
0 245 0.437500 0.661111 0.096875 0.125000 1.000000
0 246 0.435937 0.659028 0.101562 0.118056 1.000000
0 247 0.435937 0.658333 0.103125 0.116667 1.000000
0 248 0.437891 0.658333 0.110156 0.116667 1.000000
0 249 0.432031 0.659028 0.103125 0.118056 1.000000
0 250 0.426953 0.659722 0.097656 0.119444 1.000000
0 251 0.423828 0.660417 0.092969 0.120833 1.000000
0 252 0.423047 0.661111 0.092969 0.122222 1.000000
0 253 0.422656 0.661806 0.096875 0.123611 1.000000
0 254 0.420312 0.663889 0.095312 0.125000 1.000000
0 255 0.418359 0.663194 0.094531 0.129167 1.000000
0 256 0.417578 0.661111 0.096094 0.127778 1.000000
0 257 0.416406 0.659028 0.092188 0.126389 1.000000
0 258 0.412891 0.657639 0.091406 0.123611 1.000000
0 259 0.413281 0.661806 0.082812 0.123611 1.000000
0 260 0.413672 0.665278 0.080469 0.125000 1.000000
0 261 0.414844 0.668056 0.078125 0.127778 1.000000
0 262 0.414453 0.666667 0.075781 0.127778 1.000000
0 263 0.415234 0.668056 0.074219 0.125000 1.000000
0 282 0.417578 0.663194 0.036719 0.129167 1.000000
0 283 0.412109 0.656250 0.036719 0.140278 1.000000
0 284 0.408984 0.654167 0.041406 0.150000 1.000000
0 285 0.410547 0.641667 0.047656 0.163889 1.000000
0 286 0.411328 0.638889 0.047656 0.172222 1.000000
0 287 0.414844 0.634722 0.037500 0.202778 1.000000
0 288 0.416016 0.634028 0.035156 0.215278 1.000000
0 289 0.416016 0.624306 0.030469 0.223611 1.000000
0 290 0.417187 0.618056 0.029687 0.225000 1.000000
0 291 0.417969 0.616667 0.028125 0.236111 1.000000
0 292 0.418359 0.617361 0.027344 0.243056 1.000000
0 293 0.420312 0.611111 0.029687 0.236111 1.000000
0 294 0.422266 0.607639 0.030469 0.229167 1.000000
0 295 0.421875 0.607639 0.037500 0.229167 1.000000
0 296 0.422656 0.608333 0.035937 0.227778 1.000000
0 297 0.423047 0.609028 0.039844 0.226389 1.000000
0 298 0.423047 0.610417 0.039844 0.223611 1.000000
0 299 0.425391 0.613194 0.036719 0.220833 1.000000
0 300 0.426953 0.614583 0.038281 0.218056 1.000000
0 301 0.428906 0.618750 0.042188 0.209722 1.000000
0 302 0.432031 0.619444 0.040625 0.202778 1.000000
0 303 0.437891 0.621528 0.042969 0.195833 1.000000
0 304 0.442188 0.618750 0.042188 0.193056 1.000000
0 305 0.449609 0.616667 0.050781 0.191667 1.000000
0 306 0.450000 0.623611 0.051562 0.208333 1.000000
0 307 0.454297 0.619444 0.060156 0.202778 1.000000
0 308 0.458203 0.618750 0.060156 0.195833 1.000000
0 309 0.473438 0.615278 0.051562 0.188889 1.000000
0 310 0.481641 0.619444 0.055469 0.208333 1.000000
0 311 0.499609 0.618056 0.075781 0.216667 1.000000
0 312 0.506250 0.620139 0.071875 0.220833 1.000000
0 313 0.509766 0.620139 0.071094 0.220833 1.000000
0 314 0.516406 0.620833 0.065625 0.219444 1.000000
0 315 0.535937 0.622917 0.054688 0.212500 1.000000
0 316 0.540625 0.625000 0.067187 0.208333 1.000000
0 317 0.551172 0.627778 0.075781 0.205556 1.000000
0 318 0.557422 0.629167 0.077344 0.200000 1.000000
0 319 0.571484 0.634028 0.074219 0.190278 1.000000
0 320 0.575000 0.633333 0.073438 0.188889 1.000000
0 321 0.580859 0.635417 0.074219 0.184722 1.000000
0 322 0.585156 0.634722 0.073438 0.186111 1.000000
0 323 0.589063 0.634722 0.070312 0.188889 1.000000
0 324 0.590234 0.634722 0.067969 0.191667 1.000000
0 325 0.588672 0.631250 0.064844 0.198611 1.000000
0 326 0.589063 0.632639 0.062500 0.204167 1.000000
0 327 0.589063 0.627083 0.059375 0.209722 1.000000
0 328 0.590234 0.625000 0.057031 0.213889 1.000000
0 329 0.591016 0.620833 0.053906 0.213889 1.000000
0 330 0.592969 0.618750 0.051562 0.218056 1.000000
0 331 0.594531 0.618056 0.048438 0.225000 1.000000
0 332 0.598047 0.613889 0.039844 0.233333 1.000000
0 333 0.600000 0.609722 0.039062 0.241667 1.000000
0 334 0.600391 0.606944 0.036719 0.250000 1.000000
0 335 0.599609 0.605556 0.036719 0.252778 1.000000
0 336 0.599219 0.600694 0.034375 0.265278 1.000000
0 337 0.600000 0.595139 0.032813 0.276389 1.000000
0 338 0.601172 0.595833 0.033594 0.275000 1.000000
0 339 0.601953 0.595139 0.035156 0.273611 1.000000
0 340 0.602344 0.594444 0.035937 0.272222 1.000000
0 343 0.604688 0.594444 0.039062 0.269444 1.000000
0 344 0.605469 0.593750 0.040625 0.268056 1.000000
0 345 0.605859 0.593750 0.041406 0.268056 1.000000
0 346 0.607812 0.595139 0.043750 0.262500 1.000000
0 347 0.609375 0.597917 0.045312 0.259722 1.000000
0 348 0.610547 0.597917 0.047656 0.256944 1.000000
0 349 0.611328 0.602083 0.050781 0.254167 1.000000
0 350 0.611328 0.609722 0.047656 0.236111 1.000000
0 351 0.611328 0.615278 0.044531 0.219444 1.000000
0 352 0.613672 0.615972 0.041406 0.215278 1.000000
0 353 0.616797 0.622222 0.036719 0.205556 1.000000
0 354 0.619531 0.625000 0.032813 0.202778 1.000000
0 355 0.625781 0.630556 0.040625 0.188889 1.000000
0 356 0.626172 0.631944 0.038281 0.186111 1.000000
0 365 0.633203 0.659028 0.044531 0.134722 1.000000
0 366 0.631641 0.661806 0.046094 0.134722 1.000000
0 367 0.629297 0.663889 0.047656 0.130556 1.000000
0 368 0.627734 0.665972 0.047656 0.137500 1.000000
0 370 0.642188 0.663889 0.067187 0.119444 1.000000
0 371 0.640625 0.671528 0.062500 0.115278 1.000000
0 372 0.641016 0.665278 0.058594 0.127778 1.000000
0 373 0.642969 0.666667 0.060937 0.127778 1.000000
0 374 0.644141 0.667361 0.063281 0.129167 1.000000
0 375 0.644922 0.666667 0.061719 0.125000 1.000000
0 376 0.643359 0.665278 0.067969 0.138889 1.000000
0 377 0.645703 0.652083 0.080469 0.181944 1.000000
0 378 0.648828 0.640972 0.075781 0.204167 1.000000
0 379 0.645312 0.631250 0.090625 0.206944 1.000000
0 380 0.653906 0.636111 0.084375 0.200000 1.000000
0 387 0.692578 0.679167 0.063281 0.125000 1.000000
0 388 0.689844 0.679861 0.057813 0.120833 1.000000
0 389 0.687500 0.682639 0.043750 0.120833 1.000000
0 390 0.688281 0.682639 0.040625 0.120833 1.000000
0 391 0.691797 0.684028 0.041406 0.118056 1.000000
0 392 0.692187 0.681944 0.043750 0.116667 1.000000
0 393 0.691016 0.679167 0.044531 0.119444 1.000000
0 394 0.691406 0.681250 0.046875 0.131944 1.000000
0 395 0.688281 0.674306 0.053125 0.137500 1.000000
0 396 0.686328 0.668056 0.061719 0.138889 1.000000
0 397 0.683984 0.663889 0.072656 0.152778 1.000000
0 398 0.684766 0.655556 0.083594 0.163889 1.000000
0 399 0.683984 0.641667 0.071094 0.197222 1.000000
0 400 0.690234 0.636806 0.069531 0.209722 1.000000
0 401 0.698438 0.631944 0.062500 0.222222 1.000000
0 402 0.698438 0.627778 0.057813 0.213889 1.000000
0 403 0.694141 0.630556 0.067969 0.211111 1.000000
0 404 0.692969 0.635417 0.081250 0.215278 1.000000
0 405 0.689453 0.635417 0.097656 0.198611 1.000000
0 406 0.690625 0.639583 0.104688 0.190278 1.000000
0 407 0.686719 0.653472 0.106250 0.162500 1.000000
0 408 0.685547 0.659028 0.102344 0.154167 1.000000
0 409 0.683594 0.665278 0.101562 0.147222 1.000000
0 410 0.686328 0.668056 0.100781 0.141667 1.000000
0 411 0.683594 0.670833 0.093750 0.133333 1.000000
0 412 0.684375 0.672917 0.092188 0.129167 1.000000
0 413 0.684375 0.672222 0.093750 0.116667 1.000000
0 414 0.685547 0.673611 0.091406 0.113889 1.000000
0 415 0.686328 0.675000 0.089844 0.113889 1.000000
0 416 0.687500 0.675694 0.087500 0.112500 1.000000
0 417 0.686328 0.678472 0.085156 0.109722 1.000000
0 418 0.680859 0.678472 0.096094 0.109722 1.000000
0 419 0.675391 0.681250 0.094531 0.106944 1.000000
0 420 0.664062 0.680556 0.075000 0.100000 1.000000
0 421 0.664453 0.685417 0.072656 0.109722 1.000000
0 422 0.662109 0.682639 0.067969 0.101389 1.000000
0 423 0.660937 0.685417 0.065625 0.106944 1.000000
0 424 0.660937 0.686111 0.060937 0.113889 1.000000
0 425 0.665625 0.683333 0.057813 0.111111 1.000000
0 426 0.662109 0.681944 0.060156 0.108333 1.000000
0 427 0.662500 0.685417 0.064062 0.112500 1.000000
0 428 0.661719 0.688889 0.062500 0.122222 1.000000
0 429 0.664062 0.686806 0.065625 0.115278 1.000000
0 430 0.661719 0.690972 0.062500 0.123611 1.000000
0 431 0.662891 0.688194 0.061719 0.118056 1.000000
0 432 0.661719 0.689583 0.060937 0.115278 1.000000
0 433 0.665234 0.686111 0.061719 0.111111 1.000000
0 434 0.667969 0.683333 0.062500 0.102778 1.000000
0 435 0.668359 0.682639 0.063281 0.104167 1.000000
0 436 0.669531 0.682639 0.064062 0.104167 1.000000
0 437 0.667969 0.682639 0.062500 0.104167 1.000000
0 438 0.669922 0.683333 0.063281 0.105556 1.000000
0 439 0.669922 0.684028 0.066406 0.104167 1.000000
0 440 0.670312 0.684028 0.068750 0.106944 1.000000
0 441 0.668750 0.686806 0.079687 0.109722 1.000000
0 442 0.670703 0.682639 0.088281 0.104167 1.000000
0 443 0.671875 0.683333 0.098437 0.105556 1.000000
0 444 0.666406 0.682639 0.096875 0.104167 1.000000
0 445 0.667188 0.679167 0.100000 0.116667 1.000000
0 446 0.668359 0.672222 0.099219 0.136111 1.000000
0 447 0.671094 0.663194 0.107813 0.148611 1.000000
0 448 0.673438 0.663194 0.110937 0.148611 1.000000
0 449 0.676172 0.663194 0.114844 0.148611 1.000000
0 450 0.677734 0.663889 0.114844 0.147222 1.000000
0 451 0.678125 0.664583 0.115625 0.145833 1.000000
0 452 0.679297 0.665972 0.114844 0.145833 1.000000
0 453 0.680859 0.666667 0.113281 0.147222 1.000000
0 454 0.680078 0.667361 0.113281 0.143056 1.000000
0 455 0.680078 0.668056 0.113281 0.144444 1.000000
0 456 0.680859 0.668056 0.111719 0.141667 1.000000
0 457 0.681641 0.667361 0.110156 0.140278 1.000000
0 458 0.682031 0.668056 0.107813 0.138889 1.000000
0 459 0.682031 0.669444 0.103125 0.136111 1.000000
0 460 0.681641 0.669444 0.099219 0.138889 1.000000
0 461 0.683203 0.667361 0.091406 0.140278 1.000000
0 462 0.684375 0.668750 0.085938 0.140278 1.000000
0 463 0.685156 0.668750 0.082812 0.143056 1.000000
0 464 0.686719 0.668056 0.079687 0.141667 1.000000
0 465 0.692187 0.669444 0.076563 0.138889 1.000000
0 466 0.692187 0.671528 0.071875 0.140278 1.000000
0 467 0.693359 0.672222 0.067969 0.136111 1.000000
0 468 0.694531 0.674306 0.064062 0.131944 1.000000
0 469 0.698438 0.679167 0.060937 0.122222 1.000000
0 470 0.698438 0.681250 0.057813 0.118056 1.000000
0 471 0.700391 0.685417 0.053906 0.109722 1.000000
0 472 0.700781 0.685417 0.051562 0.106944 1.000000
0 473 0.700391 0.685417 0.052344 0.104167 1.000000
0 474 0.700781 0.686111 0.053125 0.105556 1.000000
0 475 0.700000 0.688889 0.051562 0.105556 1.000000
0 476 0.700000 0.687500 0.051562 0.102778 1.000000
0 477 0.700781 0.688194 0.053125 0.101389 1.000000
0 478 0.699219 0.688194 0.050000 0.101389 1.000000
0 479 0.700000 0.687500 0.051562 0.100000 1.000000
0 480 0.698828 0.687500 0.050781 0.100000 1.000000
0 481 0.699219 0.687500 0.050000 0.100000 1.000000
0 482 0.698047 0.686806 0.049219 0.101389 1.000000
0 483 0.698047 0.686806 0.050781 0.101389 1.000000
0 484 0.697656 0.686806 0.051562 0.104167 1.000000
0 485 0.697656 0.686806 0.053125 0.104167 1.000000
0 486 0.696875 0.686111 0.054688 0.102778 1.000000
0 487 0.696484 0.685417 0.053906 0.104167 1.000000
0 488 0.696094 0.684722 0.053125 0.100000 1.000000
0 489 0.701562 0.684722 0.046875 0.097222 1.000000
0 490 0.700781 0.688889 0.050000 0.100000 1.000000
0 491 0.695312 0.690972 0.056250 0.104167 1.000000
0 492 0.692969 0.694444 0.060937 0.108333 1.000000
0 493 0.689063 0.686111 0.065625 0.094444 1.000000
0 494 0.684766 0.685417 0.061719 0.093056 1.000000
0 495 0.684375 0.686111 0.067187 0.091667 1.000000
0 496 0.688672 0.686806 0.082031 0.090278 1.000000
0 497 0.688281 0.688194 0.087500 0.090278 1.000000
0 498 0.690234 0.688889 0.089844 0.088889 1.000000
0 499 0.696094 0.690972 0.096875 0.084722 1.000000
0 500 0.697266 0.693056 0.100781 0.083333 1.000000
0 501 0.698438 0.697222 0.101562 0.086111 1.000000
0 502 0.701953 0.700694 0.107031 0.090278 1.000000
0 503 0.701562 0.702778 0.109375 0.080556 1.000000
0 504 0.701172 0.702083 0.110156 0.070833 1.000000
0 505 0.701562 0.707639 0.107813 0.062500 1.000000
0 506 0.698828 0.709722 0.102344 0.058333 1.000000
0 507 0.691797 0.713889 0.088281 0.052778 1.000000
0 508 0.690234 0.715972 0.083594 0.054167 1.000000
0 509 0.692969 0.718750 0.087500 0.056944 1.000000
0 510 0.693359 0.717361 0.086719 0.054167 1.000000
0 511 0.692187 0.718056 0.082812 0.052778 1.000000
0 512 0.695703 0.717361 0.088281 0.051389 1.000000
0 513 0.698828 0.717361 0.088281 0.051389 1.000000
0 514 0.696875 0.718750 0.082812 0.054167 1.000000
0 515 0.700391 0.720833 0.082031 0.061111 1.000000
0 516 0.702344 0.718750 0.081250 0.054167 1.000000
0 517 0.705469 0.715972 0.082812 0.048611 1.000000
0 518 0.706641 0.718750 0.080469 0.054167 1.000000
0 519 0.708984 0.718750 0.083594 0.062500 1.000000
0 520 0.708984 0.715278 0.082031 0.055556 1.000000
0 521 0.708984 0.711111 0.082031 0.063889 1.000000
0 522 0.708984 0.707639 0.080469 0.068056 1.000000
0 523 0.714063 0.703472 0.085938 0.076389 1.000000
0 524 0.714063 0.702083 0.079687 0.079167 1.000000
0 525 0.721875 0.701389 0.092188 0.083333 1.000000
0 526 0.720703 0.699306 0.080469 0.079167 1.000000
0 527 0.719141 0.698611 0.072656 0.080556 1.000000
0 528 0.721094 0.701389 0.071875 0.086111 1.000000
0 529 0.720313 0.702083 0.070312 0.084722 1.000000
0 530 0.721875 0.700694 0.068750 0.084722 1.000000
0 531 0.725781 0.699306 0.065625 0.087500 1.000000
0 532 0.728906 0.698611 0.060937 0.091667 1.000000
0 533 0.741797 0.693056 0.061719 0.100000 1.000000
0 534 0.746484 0.688889 0.057031 0.108333 1.000000
0 535 0.755078 0.678472 0.063281 0.129167 1.000000
0 536 0.760547 0.674306 0.061719 0.137500 1.000000
0 537 0.765625 0.664583 0.068750 0.156944 1.000000
0 538 0.766797 0.661111 0.067969 0.163889 1.000000
0 539 0.767578 0.652778 0.074219 0.177778 1.000000
0 540 0.761328 0.650694 0.066406 0.181944 1.000000
0 541 0.749219 0.644444 0.060937 0.197222 1.000000
0 542 0.742188 0.639583 0.054688 0.201389 1.000000
0 543 0.734375 0.636111 0.039062 0.205556 1.000000
0 544 0.732812 0.631944 0.034375 0.213889 1.000000
0 545 0.730078 0.629861 0.032031 0.209722 1.000000
0 546 0.727734 0.629861 0.030469 0.204167 1.000000
0 547 0.723828 0.629861 0.027344 0.198611 1.000000
0 548 0.722266 0.635417 0.028906 0.201389 1.000000
0 549 0.721875 0.639583 0.028125 0.204167 1.000000
0 550 0.723828 0.639583 0.033594 0.204167 1.000000
0 551 0.728906 0.637500 0.042188 0.205556 1.000000
0 552 0.727344 0.636111 0.043750 0.208333 1.000000
0 553 0.723047 0.632639 0.049219 0.215278 1.000000
0 554 0.717187 0.634722 0.057813 0.213889 1.000000
0 555 0.727344 0.631944 0.043750 0.219444 1.000000
0 556 0.729297 0.632639 0.042969 0.218056 1.000000
0 557 0.723047 0.632639 0.058594 0.215278 1.000000
0 558 0.721094 0.634028 0.067187 0.212500 1.000000
0 564 0.735156 0.636806 0.053125 0.201389 1.000000
0 565 0.732031 0.643056 0.073438 0.202778 1.000000
0 566 0.734375 0.645139 0.068750 0.204167 1.000000
0 573 0.710156 0.628472 0.031250 0.218056 1.000000
0 574 0.707812 0.626389 0.029687 0.219444 1.000000
0 575 0.706250 0.625694 0.028125 0.220833 1.000000
0 576 0.705469 0.625000 0.026562 0.216667 1.000000
0 577 0.705859 0.625694 0.025781 0.215278 1.000000
0 578 0.704688 0.626389 0.031250 0.211111 1.000000
0 579 0.703906 0.627778 0.037500 0.208333 1.000000
0 580 0.707422 0.631944 0.039844 0.205556 1.000000
0 581 0.707422 0.631944 0.041406 0.202778 1.000000
0 582 0.706641 0.636111 0.041406 0.200000 1.000000
0 583 0.702734 0.636806 0.041406 0.195833 1.000000
0 584 0.695703 0.639583 0.036719 0.198611 1.000000
0 585 0.696484 0.639583 0.035156 0.195833 1.000000
0 586 0.696094 0.643056 0.032813 0.197222 1.000000
0 587 0.700391 0.643056 0.039844 0.200000 1.000000
0 588 0.703516 0.643750 0.050781 0.198611 1.000000
0 589 0.705078 0.645139 0.050781 0.201389 1.000000
0 590 0.707031 0.645139 0.046875 0.201389 1.000000
0 591 0.706250 0.647222 0.039062 0.202778 1.000000
0 592 0.711328 0.649306 0.049219 0.198611 1.000000
0 593 0.711719 0.647222 0.050000 0.202778 1.000000
0 594 0.710938 0.640972 0.039062 0.218056 1.000000
0 595 0.710547 0.637500 0.038281 0.225000 1.000000
0 596 0.715625 0.637500 0.050000 0.227778 1.000000
0 597 0.717187 0.640278 0.053125 0.222222 1.000000
0 598 0.716406 0.643750 0.065625 0.218056 1.000000
0 599 0.715625 0.647222 0.065625 0.213889 1.000000
0 600 0.716016 0.654167 0.066406 0.202778 1.000000
0 601 0.716016 0.656250 0.064844 0.195833 1.000000
0 602 0.716797 0.661806 0.061719 0.184722 1.000000
0 603 0.717187 0.661111 0.060937 0.186111 1.000000
0 604 0.719531 0.662500 0.059375 0.186111 1.000000
0 605 0.719141 0.661111 0.060156 0.186111 1.000000
0 606 0.719531 0.660417 0.057813 0.187500 1.000000
0 607 0.718750 0.661111 0.059375 0.188889 1.000000
0 608 0.720313 0.659722 0.059375 0.191667 1.000000
0 609 0.720703 0.659722 0.058594 0.191667 1.000000
0 610 0.721875 0.659722 0.064062 0.194444 1.000000
0 611 0.723047 0.659722 0.066406 0.197222 1.000000
0 612 0.722656 0.659028 0.064062 0.195833 1.000000
0 613 0.719922 0.659028 0.060156 0.195833 1.000000
0 614 0.718750 0.660417 0.060937 0.195833 1.000000
0 615 0.719922 0.659028 0.064844 0.195833 1.000000
0 616 0.718750 0.659722 0.064062 0.194444 1.000000
0 617 0.719141 0.661111 0.063281 0.194444 1.000000
0 618 0.719141 0.663889 0.063281 0.194444 1.000000
0 619 0.719531 0.663194 0.064062 0.193056 1.000000
0 620 0.718750 0.665278 0.064062 0.188889 1.000000
0 621 0.718359 0.665972 0.064844 0.187500 1.000000
0 622 0.718359 0.666667 0.063281 0.183333 1.000000
0 623 0.718359 0.667361 0.063281 0.184722 1.000000
0 624 0.718359 0.670139 0.063281 0.181944 1.000000
0 625 0.717187 0.670833 0.064062 0.180556 1.000000
0 626 0.717969 0.675000 0.064062 0.177778 1.000000
0 627 0.716797 0.676389 0.064844 0.177778 1.000000
0 628 0.718750 0.678472 0.071875 0.176389 1.000000
0 629 0.719531 0.677778 0.071875 0.175000 1.000000
0 630 0.723047 0.679167 0.074219 0.175000 1.000000
0 631 0.723047 0.679861 0.074219 0.173611 1.000000
0 632 0.724219 0.679167 0.075000 0.177778 1.000000
0 633 0.724609 0.678472 0.074219 0.179167 1.000000
0 634 0.725000 0.675694 0.075000 0.184722 1.000000
0 635 0.725391 0.676389 0.071094 0.186111 1.000000
0 636 0.727344 0.675000 0.057813 0.188889 1.000000
0 637 0.728906 0.673611 0.046875 0.194444 1.000000
0 638 0.735938 0.667361 0.037500 0.204167 1.000000
0 639 0.740625 0.667361 0.034375 0.204167 1.000000
0 640 0.747656 0.669444 0.039062 0.202778 1.000000
0 641 0.752734 0.671528 0.044531 0.198611 1.000000
0 642 0.755469 0.675000 0.050000 0.191667 1.000000
0 643 0.757031 0.676389 0.053125 0.188889 1.000000
0 644 0.757031 0.677083 0.053125 0.187500 1.000000
0 645 0.757422 0.677083 0.052344 0.187500 1.000000
0 646 0.757812 0.676389 0.051562 0.186111 1.000000
0 647 0.758984 0.676389 0.050781 0.188889 1.000000
0 648 0.758984 0.675000 0.047656 0.191667 1.000000
0 649 0.760938 0.676389 0.050000 0.194444 1.000000
0 650 0.762891 0.674306 0.049219 0.198611 1.000000
0 651 0.767188 0.670139 0.048438 0.190278 1.000000
0 652 0.771094 0.664583 0.042188 0.187500 1.000000
0 653 0.772656 0.663889 0.035937 0.186111 1.000000
0 654 0.778516 0.668750 0.046094 0.195833 1.000000
0 655 0.780078 0.672917 0.050781 0.206944 1.000000
0 656 0.778516 0.672917 0.049219 0.204167 1.000000
0 657 0.774219 0.669444 0.045312 0.197222 1.000000
0 658 0.772656 0.672222 0.046875 0.200000 1.000000
0 659 0.771484 0.670833 0.046094 0.197222 1.000000
0 660 0.767578 0.672222 0.047656 0.194444 1.000000
0 661 0.766016 0.672917 0.049219 0.190278 1.000000
0 662 0.762500 0.672917 0.050000 0.187500 1.000000
0 663 0.762891 0.675694 0.053906 0.184722 1.000000
0 664 0.756250 0.677778 0.050000 0.180556 1.000000
0 665 0.755078 0.678472 0.052344 0.179167 1.000000
0 666 0.751172 0.681944 0.052344 0.175000 1.000000
0 667 0.747266 0.682639 0.055469 0.173611 1.000000
0 668 0.732031 0.685417 0.048438 0.170833 1.000000
0 669 0.726953 0.685417 0.050781 0.168056 1.000000
0 670 0.719141 0.683333 0.052344 0.158333 1.000000
0 671 0.714063 0.677083 0.046875 0.148611 1.000000
0 672 0.709766 0.680556 0.039844 0.163889 1.000000
0 673 0.706641 0.679167 0.039844 0.163889 1.000000
0 674 0.698828 0.680556 0.041406 0.169444 1.000000
0 675 0.696875 0.680556 0.032813 0.166667 1.000000
0 676 0.692187 0.682639 0.037500 0.168056 1.000000
0 677 0.690234 0.683333 0.042969 0.166667 1.000000
0 678 0.681641 0.679861 0.044531 0.165278 1.000000
0 679 0.677344 0.679167 0.043750 0.169444 1.000000
0 680 0.672656 0.679861 0.050000 0.176389 1.000000
0 681 0.664062 0.678472 0.053125 0.176389 1.000000
0 682 0.657813 0.681250 0.045312 0.176389 1.000000
0 683 0.654297 0.684028 0.047656 0.179167 1.000000
0 684 0.648047 0.687500 0.047656 0.180556 1.000000
0 685 0.642188 0.692361 0.045312 0.190278 1.000000
0 686 0.632422 0.681944 0.047656 0.175000 1.000000
0 687 0.629297 0.681944 0.047656 0.175000 1.000000
0 688 0.623828 0.679861 0.047656 0.176389 1.000000
0 689 0.621484 0.678472 0.044531 0.173611 1.000000
0 690 0.620313 0.679167 0.040625 0.172222 1.000000
0 691 0.617578 0.681250 0.036719 0.170833 1.000000
0 692 0.612500 0.680556 0.035937 0.172222 1.000000
0 693 0.609766 0.680556 0.032031 0.172222 1.000000
0 694 0.606641 0.679861 0.028906 0.173611 1.000000
0 695 0.603125 0.679167 0.032813 0.175000 1.000000
0 696 0.600000 0.678472 0.032813 0.173611 1.000000
0 697 0.599219 0.678472 0.032813 0.173611 1.000000
0 698 0.597656 0.678472 0.031250 0.173611 1.000000
0 699 0.596875 0.678472 0.031250 0.173611 1.000000
0 700 0.596875 0.676389 0.031250 0.175000 1.000000
0 701 0.596484 0.675000 0.030469 0.175000 1.000000
0 702 0.596484 0.672222 0.032031 0.177778 1.000000
0 703 0.596094 0.670833 0.031250 0.175000 1.000000
0 704 0.592187 0.668056 0.034375 0.177778 1.000000
0 705 0.588281 0.665278 0.034375 0.175000 1.000000
0 706 0.584766 0.665278 0.030469 0.175000 1.000000
0 707 0.583594 0.663889 0.029687 0.175000 1.000000
0 708 0.583984 0.661111 0.027344 0.175000 1.000000
0 709 0.581641 0.660417 0.024219 0.173611 1.000000
0 710 0.580859 0.660417 0.027344 0.173611 1.000000
0 711 0.579688 0.659722 0.029687 0.175000 1.000000
0 712 0.578516 0.658333 0.032031 0.172222 1.000000
0 713 0.577734 0.658333 0.033594 0.172222 1.000000
0 714 0.580469 0.656250 0.028125 0.173611 1.000000
0 715 0.582422 0.656250 0.028906 0.173611 1.000000
0 716 0.582812 0.655556 0.028125 0.175000 1.000000
0 717 0.582812 0.653472 0.031250 0.176389 1.000000
0 718 0.583984 0.653472 0.038281 0.176389 1.000000
0 719 0.584766 0.652083 0.038281 0.173611 1.000000
0 720 0.586719 0.649306 0.042188 0.170833 1.000000
0 721 0.585938 0.650000 0.043750 0.169444 1.000000
0 722 0.585156 0.650694 0.045312 0.168056 1.000000
0 723 0.582812 0.650694 0.046875 0.170833 1.000000
0 724 0.582031 0.651389 0.048438 0.175000 1.000000
0 725 0.580469 0.652778 0.046875 0.177778 1.000000
0 733 0.577344 0.647917 0.057813 0.173611 1.000000
0 734 0.577344 0.647222 0.059375 0.172222 1.000000
0 735 0.576953 0.647222 0.061719 0.172222 1.000000
0 736 0.576953 0.645833 0.061719 0.172222 1.000000
0 737 0.576953 0.645139 0.061719 0.170833 1.000000
0 738 0.577344 0.645139 0.062500 0.170833 1.000000
0 739 0.577344 0.642361 0.062500 0.168056 1.000000
0 744 0.574609 0.638889 0.063281 0.166667 1.000000
0 745 0.575391 0.637500 0.060156 0.161111 1.000000
0 746 0.575781 0.638194 0.060937 0.162500 1.000000
0 747 0.575000 0.638889 0.060937 0.163889 1.000000
0 748 0.575391 0.640278 0.061719 0.161111 1.000000
0 749 0.574609 0.639583 0.061719 0.165278 1.000000
0 750 0.574219 0.638194 0.062500 0.168056 1.000000
0 751 0.574609 0.638194 0.063281 0.162500 1.000000
0 752 0.573047 0.638194 0.067969 0.156944 1.000000
0 753 0.571484 0.634028 0.071094 0.159722 1.000000
0 754 0.569531 0.635417 0.071875 0.162500 1.000000
0 755 0.568750 0.632639 0.071875 0.156944 1.000000
0 756 0.567187 0.633333 0.073438 0.161111 1.000000
0 757 0.567969 0.632639 0.073438 0.165278 1.000000
0 758 0.573828 0.630556 0.061719 0.169444 1.000000
0 759 0.573828 0.631944 0.063281 0.169444 1.000000
0 760 0.580078 0.631250 0.050781 0.173611 1.000000
0 761 0.581641 0.630556 0.049219 0.177778 1.000000
0 762 0.585547 0.628472 0.053906 0.184722 1.000000
0 763 0.587891 0.625694 0.060156 0.187500 1.000000
0 764 0.594922 0.621528 0.069531 0.206944 1.000000
0 765 0.594922 0.618056 0.069531 0.211111 1.000000
0 766 0.595703 0.615278 0.067969 0.222222 1.000000
0 767 0.597266 0.611806 0.064844 0.226389 1.000000
0 768 0.606641 0.607639 0.052344 0.231944 1.000000
0 769 0.612891 0.606250 0.047656 0.234722 1.000000
0 770 0.619141 0.604861 0.036719 0.237500 1.000000
0 771 0.623047 0.605556 0.033594 0.238889 1.000000
0 772 0.637500 0.609028 0.037500 0.243056 1.000000
0 773 0.643750 0.611806 0.048438 0.240278 1.000000
0 774 0.653516 0.615278 0.066406 0.233333 1.000000
0 775 0.656641 0.617361 0.071094 0.231944 1.000000
0 776 0.659375 0.618750 0.075000 0.229167 1.000000
0 777 0.662109 0.617361 0.071094 0.223611 1.000000
0 778 0.675391 0.619444 0.060156 0.222222 1.000000
0 779 0.683203 0.620139 0.055469 0.220833 1.000000
0 780 0.693359 0.620833 0.050781 0.219444 1.000000
0 781 0.700000 0.621528 0.046875 0.220833 1.000000
0 782 0.711719 0.618056 0.057813 0.225000 1.000000
0 783 0.718750 0.618750 0.073438 0.226389 1.000000
0 784 0.719531 0.610417 0.085938 0.245833 1.000000
0 785 0.719141 0.607639 0.082031 0.251389 1.000000
0 786 0.716797 0.601389 0.060156 0.261111 1.000000
0 787 0.721094 0.597222 0.056250 0.266667 1.000000
0 788 0.731641 0.594444 0.046094 0.272222 1.000000
0 789 0.732812 0.596528 0.045312 0.273611 1.000000
0 790 0.732812 0.596528 0.048438 0.273611 1.000000
0 791 0.732422 0.602083 0.052344 0.262500 1.000000
0 792 0.739453 0.608333 0.057031 0.252778 1.000000
0 793 0.746484 0.611111 0.055469 0.241667 1.000000
0 794 0.738672 0.613194 0.064844 0.237500 1.000000
0 795 0.739062 0.615972 0.070312 0.234722 1.000000
0 796 0.750391 0.618750 0.057031 0.226389 1.000000
0 797 0.752734 0.620139 0.060156 0.223611 1.000000
0 798 0.751953 0.622917 0.069531 0.223611 1.000000
0 799 0.750000 0.625000 0.075000 0.222222 1.000000
0 800 0.747266 0.626389 0.078906 0.222222 1.000000
0 801 0.742969 0.628472 0.090625 0.223611 1.000000
0 802 0.734766 0.629861 0.096094 0.220833 1.000000
0 803 0.735547 0.630556 0.091406 0.219444 1.000000
0 804 0.740234 0.633333 0.077344 0.216667 1.000000
0 805 0.741797 0.634028 0.072656 0.218056 1.000000
0 806 0.739844 0.635417 0.070312 0.218056 1.000000
0 807 0.738672 0.635417 0.072656 0.218056 1.000000
0 808 0.730469 0.636806 0.087500 0.215278 1.000000
0 809 0.724219 0.638194 0.101562 0.215278 1.000000
0 810 0.731641 0.637500 0.089844 0.213889 1.000000
0 811 0.733594 0.636806 0.089063 0.212500 1.000000
0 812 0.739062 0.635417 0.079687 0.212500 1.000000
0 813 0.737891 0.636111 0.082031 0.211111 1.000000
0 814 0.740625 0.635417 0.089063 0.206944 1.000000
0 815 0.741406 0.637500 0.090625 0.205556 1.000000
0 816 0.739453 0.636111 0.092969 0.197222 1.000000
0 817 0.739062 0.638194 0.093750 0.198611 1.000000
0 818 0.739062 0.638194 0.095312 0.198611 1.000000
0 819 0.738672 0.636806 0.096094 0.195833 1.000000
0 820 0.736719 0.638194 0.093750 0.198611 1.000000
0 821 0.733984 0.636806 0.088281 0.195833 1.000000
0 822 0.727734 0.637500 0.071094 0.191667 1.000000
0 823 0.726953 0.638194 0.071094 0.193056 1.000000
0 824 0.726562 0.638889 0.070312 0.188889 1.000000
0 825 0.727344 0.638194 0.070312 0.187500 1.000000
0 826 0.721875 0.638889 0.081250 0.188889 1.000000
0 827 0.719531 0.638889 0.084375 0.188889 1.000000
0 828 0.716016 0.637500 0.072656 0.191667 1.000000
0 829 0.714063 0.635417 0.071875 0.193056 1.000000
0 830 0.701172 0.633333 0.047656 0.200000 1.000000
0 831 0.697266 0.633333 0.039844 0.202778 1.000000
0 832 0.696484 0.633333 0.042969 0.205556 1.000000
0 833 0.694141 0.632639 0.046094 0.201389 1.000000
0 834 0.688281 0.635417 0.065625 0.198611 1.000000
0 835 0.685937 0.637500 0.071875 0.194444 1.000000
0 836 0.684375 0.640278 0.079687 0.191667 1.000000
0 837 0.684766 0.643056 0.078906 0.188889 1.000000
0 838 0.687891 0.645139 0.075781 0.187500 1.000000
0 839 0.689063 0.647917 0.076563 0.190278 1.000000
0 840 0.693359 0.647222 0.074219 0.183333 1.000000
0 841 0.695703 0.646528 0.075781 0.181944 1.000000
0 842 0.698047 0.649306 0.080469 0.181944 1.000000
0 843 0.698438 0.648611 0.084375 0.180556 1.000000
0 844 0.700391 0.650000 0.089844 0.177778 1.000000
0 845 0.701172 0.650694 0.094531 0.181944 1.000000
0 846 0.702734 0.652083 0.099219 0.179167 1.000000
0 847 0.702344 0.652083 0.100000 0.179167 1.000000
0 848 0.704688 0.653472 0.106250 0.179167 1.000000
0 849 0.705859 0.650694 0.108594 0.179167 1.000000
0 850 0.709375 0.650000 0.106250 0.183333 1.000000
0 851 0.710156 0.648611 0.104688 0.186111 1.000000
0 852 0.714844 0.646528 0.093750 0.193056 1.000000
0 853 0.715234 0.647917 0.094531 0.195833 1.000000
0 854 0.732031 0.645139 0.089063 0.206944 1.000000
0 855 0.742578 0.640278 0.094531 0.213889 1.000000
0 856 0.736719 0.636111 0.065625 0.222222 1.000000
0 857 0.741406 0.631944 0.057813 0.230556 1.000000
0 858 0.743750 0.631944 0.075000 0.238889 1.000000
0 859 0.747266 0.631944 0.089844 0.241667 1.000000
0 860 0.753516 0.627778 0.102344 0.238889 1.000000
0 861 0.756641 0.627778 0.103906 0.238889 1.000000
0 862 0.774609 0.626389 0.116406 0.238889 1.000000
0 863 0.779297 0.627083 0.108594 0.237500 1.000000
0 864 0.790234 0.631944 0.092969 0.227778 1.000000
0 865 0.790234 0.634028 0.074219 0.226389 1.000000
0 866 0.787500 0.639583 0.076563 0.209722 1.000000
0 867 0.783984 0.645833 0.091406 0.202778 1.000000
0 868 0.775781 0.645833 0.093750 0.200000 1.000000
0 869 0.772266 0.645833 0.096094 0.200000 1.000000
0 870 0.764453 0.643750 0.085156 0.198611 1.000000
0 871 0.764062 0.643056 0.079687 0.202778 1.000000
0 872 0.760938 0.641667 0.068750 0.202778 1.000000
0 873 0.762109 0.640278 0.063281 0.205556 1.000000
0 874 0.747656 0.639583 0.076563 0.204167 1.000000
0 875 0.746094 0.640278 0.073438 0.202778 1.000000
0 876 0.747656 0.640278 0.075000 0.202778 1.000000
0 877 0.749219 0.638194 0.076563 0.201389 1.000000
0 878 0.753906 0.636111 0.090625 0.205556 1.000000
0 879 0.755078 0.633333 0.086719 0.208333 1.000000
0 880 0.754297 0.622917 0.053906 0.231944 1.000000
0 881 0.749609 0.619444 0.047656 0.244444 1.000000
0 882 0.732422 0.613194 0.041406 0.251389 1.000000
0 883 0.726953 0.613194 0.038281 0.251389 1.000000
0 884 0.724219 0.613889 0.046875 0.250000 1.000000
0 885 0.720313 0.612500 0.054688 0.252778 1.000000
0 886 0.715625 0.611111 0.071875 0.252778 1.000000
0 887 0.714453 0.610417 0.074219 0.254167 1.000000
0 888 0.720313 0.613194 0.081250 0.251389 1.000000
0 889 0.726562 0.618056 0.081250 0.241667 1.000000
0 890 0.737109 0.631250 0.080469 0.215278 1.000000
0 891 0.735156 0.634028 0.075000 0.209722 1.000000
0 892 0.719141 0.640278 0.061719 0.200000 1.000000
0 893 0.713672 0.641667 0.053906 0.197222 1.000000
0 894 0.715625 0.645139 0.050000 0.190278 1.000000
0 895 0.717187 0.645833 0.046875 0.186111 1.000000
0 896 0.717187 0.646528 0.059375 0.173611 1.000000
0 897 0.719141 0.647917 0.055469 0.170833 1.000000
0 898 0.714844 0.652778 0.056250 0.169444 1.000000
0 899 0.714453 0.651389 0.064844 0.169444 1.000000
0 900 0.717578 0.661111 0.063281 0.150000 1.000000
0 901 0.720703 0.663194 0.060156 0.145833 1.000000
0 902 0.726562 0.669444 0.060937 0.133333 1.000000
0 903 0.727344 0.672222 0.056250 0.127778 1.000000
0 904 0.725000 0.675000 0.051562 0.125000 1.000000
0 905 0.722266 0.681250 0.052344 0.115278 1.000000
0 906 0.721484 0.681944 0.058594 0.111111 1.000000
0 907 0.721484 0.686806 0.069531 0.104167 1.000000
0 908 0.721094 0.689583 0.068750 0.101389 1.000000
0 909 0.723437 0.693056 0.071875 0.094444 1.000000
0 910 0.723437 0.690972 0.070312 0.095833 1.000000
0 911 0.724219 0.688194 0.062500 0.101389 1.000000
0 912 0.723047 0.686806 0.055469 0.106944 1.000000
0 913 0.716406 0.686111 0.056250 0.113889 1.000000
0 914 0.719141 0.683333 0.055469 0.116667 1.000000
0 915 0.719531 0.682639 0.060937 0.118056 1.000000
0 916 0.721875 0.681944 0.062500 0.119444 1.000000
0 917 0.725781 0.681944 0.053125 0.119444 1.000000
0 918 0.724219 0.683333 0.046875 0.122222 1.000000
0 919 0.724219 0.681944 0.050000 0.125000 1.000000
0 920 0.725000 0.684722 0.053125 0.127778 1.000000
0 921 0.718750 0.680556 0.051562 0.133333 1.000000
0 922 0.717578 0.677083 0.047656 0.134722 1.000000
0 923 0.719141 0.670833 0.041406 0.144444 1.000000
0 924 0.721094 0.669444 0.035937 0.150000 1.000000
0 925 0.725000 0.665972 0.039062 0.159722 1.000000
0 926 0.724609 0.664583 0.050781 0.165278 1.000000
0 927 0.729297 0.660417 0.055469 0.168056 1.000000
0 928 0.732031 0.660417 0.057813 0.170833 1.000000
0 929 0.735938 0.656944 0.065625 0.177778 1.000000
0 930 0.740234 0.656250 0.064844 0.181944 1.000000
0 931 0.745313 0.650000 0.051562 0.191667 1.000000
0 932 0.748047 0.647917 0.053906 0.195833 1.000000
0 933 0.744141 0.636111 0.041406 0.219444 1.000000
0 934 0.742188 0.629167 0.037500 0.233333 1.000000
0 935 0.743750 0.629861 0.048438 0.234722 1.000000
0 936 0.745703 0.635417 0.058594 0.226389 1.000000
0 937 0.748437 0.641667 0.068750 0.211111 1.000000
0 938 0.749219 0.645139 0.075000 0.204167 1.000000
0 939 0.753125 0.645833 0.076563 0.202778 1.000000
0 940 0.753516 0.645833 0.072656 0.200000 1.000000
0 941 0.753125 0.637500 0.067187 0.213889 1.000000
0 942 0.755469 0.637500 0.062500 0.219444 1.000000
0 943 0.752734 0.632639 0.058594 0.229167 1.000000
0 944 0.752344 0.629861 0.057813 0.234722 1.000000
0 945 0.750391 0.627778 0.049219 0.236111 1.000000
0 946 0.749609 0.626389 0.049219 0.238889 1.000000
0 947 0.748437 0.625000 0.043750 0.244444 1.000000
0 948 0.748828 0.623611 0.042969 0.244444 1.000000
0 949 0.747656 0.625000 0.039062 0.241667 1.000000
0 950 0.750000 0.627083 0.040625 0.237500 1.000000
0 951 0.751953 0.629861 0.039844 0.226389 1.000000
0 952 0.752344 0.631944 0.042188 0.216667 1.000000
0 953 0.750391 0.640972 0.041406 0.195833 1.000000
0 954 0.748047 0.647917 0.041406 0.181944 1.000000
0 955 0.744531 0.656250 0.051562 0.168056 1.000000
0 956 0.743359 0.658333 0.055469 0.158333 1.000000
0 957 0.741797 0.665278 0.053906 0.141667 1.000000
0 958 0.738281 0.666667 0.053125 0.133333 1.000000
0 959 0.736719 0.679167 0.062500 0.127778 1.000000
0 960 0.747266 0.683333 0.074219 0.119444 1.000000
0 961 0.752344 0.688194 0.070312 0.109722 1.000000
0 962 0.755469 0.690278 0.076563 0.108333 1.000000
0 963 0.753906 0.688194 0.070312 0.109722 1.000000
0 964 0.753906 0.688194 0.060937 0.109722 1.000000
0 965 0.751953 0.688194 0.055469 0.109722 1.000000
0 966 0.746484 0.685417 0.055469 0.106944 1.000000
0 967 0.746875 0.684722 0.057813 0.108333 1.000000
0 968 0.746484 0.684722 0.057031 0.108333 1.000000
0 969 0.743750 0.684028 0.053125 0.106944 1.000000
0 970 0.745313 0.686111 0.043750 0.105556 1.000000
0 971 0.741797 0.686806 0.041406 0.104167 1.000000
0 972 0.742578 0.686806 0.046094 0.104167 1.000000
0 973 0.740234 0.686806 0.055469 0.104167 1.000000
0 974 0.737891 0.687500 0.058594 0.105556 1.000000
0 975 0.741797 0.687500 0.060156 0.108333 1.000000
0 976 0.743359 0.684028 0.061719 0.101389 1.000000
0 977 0.738281 0.684722 0.056250 0.100000 1.000000
0 978 0.735156 0.684028 0.053125 0.101389 1.000000
0 979 0.732812 0.685417 0.053125 0.101389 1.000000
0 980 0.729688 0.684722 0.051562 0.100000 1.000000
0 981 0.726953 0.684722 0.057031 0.097222 1.000000
0 982 0.721484 0.684722 0.064844 0.097222 1.000000
0 983 0.719531 0.685417 0.071875 0.095833 1.000000
0 984 0.716016 0.685417 0.069531 0.095833 1.000000
0 985 0.713672 0.685417 0.067969 0.098611 1.000000
0 986 0.710938 0.684722 0.065625 0.100000 1.000000
0 987 0.709375 0.686111 0.065625 0.102778 1.000000
0 988 0.708594 0.685417 0.068750 0.101389 1.000000
0 989 0.707812 0.684028 0.071875 0.101389 1.000000
0 990 0.705859 0.684722 0.072656 0.102778 1.000000
0 991 0.703516 0.684028 0.072656 0.104167 1.000000
0 992 0.703125 0.683333 0.068750 0.105556 1.000000
0 993 0.702344 0.680556 0.070312 0.108333 1.000000
0 994 0.700391 0.680556 0.071094 0.111111 1.000000
0 995 0.699219 0.679167 0.071875 0.113889 1.000000
0 996 0.698828 0.677778 0.075781 0.116667 1.000000
0 997 0.697266 0.676389 0.074219 0.122222 1.000000
0 998 0.696875 0.676389 0.073438 0.125000 1.000000
0 999 0.697656 0.665278 0.071875 0.147222 1.000000
0 1000 0.697656 0.659028 0.070312 0.154167 1.000000
0 1001 0.697266 0.648611 0.071094 0.169444 1.000000
0 1002 0.698438 0.645139 0.071875 0.173611 1.000000
0 1003 0.699219 0.636806 0.073438 0.193056 1.000000
