0 314 0.981641 0.493750 0.036719 0.126389 1.000000
0 315 0.977344 0.492361 0.045312 0.123611 1.000000
0 316 0.965625 0.490972 0.042188 0.123611 1.000000
0 317 0.950781 0.490278 0.032813 0.122222 1.000000
0 318 0.950781 0.490278 0.032813 0.122222 1.000000
0 319 0.923047 0.490278 0.028906 0.127778 1.000000
0 320 0.909375 0.489583 0.035937 0.129167 1.000000
0 321 0.898438 0.487500 0.039062 0.125000 1.000000
0 322 0.885547 0.489583 0.046094 0.123611 1.000000
0 323 0.885547 0.489583 0.046094 0.123611 1.000000
0 324 0.867969 0.490972 0.035937 0.123611 1.000000
0 325 0.856641 0.488889 0.038281 0.119444 1.000000
0 326 0.843750 0.488889 0.034375 0.119444 1.000000
0 327 0.832031 0.488889 0.029687 0.119444 1.000000
0 328 0.832031 0.488889 0.029687 0.119444 1.000000
0 329 0.817578 0.487500 0.032031 0.122222 1.000000
0 330 0.815625 0.483333 0.035937 0.116667 1.000000
0 331 0.808594 0.484722 0.042188 0.113889 1.000000
0 332 0.802344 0.481944 0.046875 0.105556 1.000000
0 333 0.803125 0.481944 0.048438 0.105556 1.000000
0 334 0.796094 0.487500 0.050000 0.108333 1.000000
0 335 0.790625 0.488194 0.042188 0.106944 1.000000
0 336 0.783984 0.488889 0.042969 0.105556 1.000000
0 337 0.778906 0.489583 0.042188 0.104167 1.000000
0 338 0.778906 0.489583 0.042188 0.104167 1.000000
0 339 0.771875 0.489583 0.035937 0.104167 1.000000
0 340 0.770312 0.488889 0.032813 0.105556 1.000000
0 341 0.767969 0.491667 0.031250 0.111111 1.000000
0 342 0.765625 0.494444 0.031250 0.116667 1.000000
0 343 0.765625 0.494444 0.031250 0.116667 1.000000
0 344 0.758594 0.496528 0.039062 0.118056 1.000000
0 345 0.758203 0.497222 0.038281 0.116667 1.000000
0 346 0.757031 0.497222 0.037500 0.116667 1.000000
0 347 0.755859 0.496528 0.036719 0.118056 1.000000
0 348 0.755859 0.496528 0.036719 0.118056 1.000000
0 349 0.754297 0.494444 0.033594 0.122222 1.000000
0 350 0.753125 0.494444 0.031250 0.125000 1.000000
0 351 0.751563 0.493750 0.029687 0.126389 1.000000
0 352 0.751563 0.493750 0.031250 0.126389 1.000000
0 353 0.751563 0.493750 0.031250 0.126389 1.000000
0 354 0.751563 0.493056 0.031250 0.125000 1.000000
0 355 0.752344 0.493056 0.032813 0.125000 1.000000
0 356 0.752734 0.494444 0.033594 0.125000 1.000000
0 357 0.753125 0.494444 0.034375 0.125000 1.000000
0 358 0.753125 0.494444 0.034375 0.125000 1.000000
0 359 0.754297 0.496528 0.036719 0.123611 1.000000
0 360 0.755469 0.497222 0.037500 0.122222 1.000000
0 361 0.756250 0.497222 0.037500 0.122222 1.000000
0 362 0.757812 0.498611 0.039062 0.119444 1.000000
0 363 0.757812 0.498611 0.039062 0.119444 1.000000
0 364 0.760547 0.499306 0.038281 0.120833 1.000000
0 365 0.762500 0.500000 0.034375 0.122222 1.000000
0 366 0.765625 0.500000 0.031250 0.122222 1.000000
0 367 0.769141 0.500694 0.028906 0.120833 1.000000
0 368 0.769141 0.500694 0.028906 0.120833 1.000000
0 369 0.776563 0.502083 0.028125 0.120833 1.000000
0 370 0.781250 0.504167 0.025000 0.119444 1.000000
0 371 0.781250 0.504861 0.029687 0.120833 1.000000
0 372 0.783203 0.506944 0.032031 0.122222 1.000000
0 373 0.783203 0.506944 0.032031 0.122222 1.000000
0 374 0.787891 0.511111 0.033594 0.119444 1.000000
0 375 0.791016 0.511111 0.035156 0.119444 1.000000
0 376 0.794922 0.513194 0.035156 0.120833 1.000000
0 377 0.797656 0.513889 0.035937 0.122222 1.000000
0 378 0.797656 0.513889 0.035937 0.122222 1.000000
0 379 0.807422 0.511111 0.032031 0.119444 1.000000
0 380 0.809375 0.510417 0.034375 0.120833 1.000000
0 381 0.816016 0.511111 0.027344 0.119444 1.000000
0 382 0.819531 0.513889 0.026562 0.125000 1.000000
0 383 0.819531 0.513889 0.026562 0.125000 1.000000
0 384 0.826562 0.515972 0.023438 0.126389 1.000000
0 385 0.831250 0.515972 0.026562 0.126389 1.000000
0 386 0.834375 0.517361 0.028125 0.126389 1.000000
0 387 0.837500 0.518056 0.028125 0.125000 1.000000
0 388 0.837500 0.518056 0.028125 0.125000 1.000000
0 389 0.841797 0.519444 0.028906 0.125000 1.000000
0 390 0.843750 0.520139 0.028125 0.126389 1.000000
0 391 0.845703 0.520139 0.025781 0.126389 1.000000
0 392 0.848437 0.518056 0.025000 0.125000 1.000000
0 393 0.848437 0.518056 0.025000 0.125000 1.000000
0 394 0.855469 0.518750 0.021875 0.126389 1.000000
0 395 0.858594 0.519444 0.025000 0.127778 1.000000
0 396 0.859766 0.518750 0.028906 0.129167 1.000000
0 397 0.861719 0.520139 0.032813 0.129167 1.000000
0 398 0.861719 0.520139 0.032813 0.129167 1.000000
0 399 0.865234 0.520139 0.039844 0.129167 1.000000
0 400 0.867969 0.521528 0.042188 0.129167 1.000000
0 401 0.871094 0.522917 0.042188 0.129167 1.000000
0 402 0.874219 0.522917 0.043750 0.129167 1.000000
0 403 0.874219 0.522917 0.043750 0.129167 1.000000
0 404 0.879687 0.522222 0.042188 0.133333 1.000000
0 405 0.883203 0.520139 0.038281 0.131944 1.000000
0 406 0.885938 0.518056 0.035937 0.130556 1.000000
0 407 0.888281 0.518056 0.031250 0.130556 1.000000
0 408 0.888281 0.518056 0.031250 0.130556 1.000000
0 409 0.892188 0.518750 0.025000 0.131944 1.000000
0 410 0.894141 0.518056 0.024219 0.133333 1.000000
0 411 0.896484 0.516667 0.022656 0.133333 1.000000
0 412 0.898438 0.517361 0.021875 0.134722 1.000000
0 413 0.898438 0.517361 0.021875 0.134722 1.000000
0 414 0.901953 0.518056 0.021094 0.133333 1.000000
0 415 0.904297 0.519444 0.021094 0.133333 1.000000
0 416 0.906250 0.519444 0.021875 0.133333 1.000000
0 417 0.908203 0.519444 0.021094 0.133333 1.000000
0 418 0.908203 0.519444 0.021094 0.133333 1.000000
0 419 0.911719 0.517361 0.021875 0.134722 1.000000
0 420 0.913281 0.516667 0.021875 0.136111 1.000000
0 421 0.914844 0.512500 0.021875 0.130556 1.000000
0 422 0.916016 0.512500 0.024219 0.130556 1.000000
0 423 0.916016 0.512500 0.024219 0.130556 1.000000
0 424 0.917578 0.512500 0.032031 0.133333 1.000000
0 425 0.918750 0.511111 0.034375 0.133333 1.000000
0 426 0.920703 0.511111 0.035156 0.133333 1.000000
0 427 0.921875 0.511111 0.035937 0.133333 1.000000
0 428 0.921875 0.511111 0.035937 0.133333 1.000000
0 429 0.923828 0.511111 0.038281 0.133333 1.000000
0 430 0.925000 0.512500 0.039062 0.136111 1.000000
0 431 0.925781 0.512500 0.039062 0.136111 1.000000
0 432 0.926562 0.512500 0.037500 0.136111 1.000000
0 433 0.926562 0.512500 0.037500 0.136111 1.000000
0 434 0.928125 0.512500 0.034375 0.136111 1.000000
0 435 0.928906 0.511806 0.032813 0.137500 1.000000
0 436 0.929688 0.509722 0.031250 0.136111 1.000000
0 437 0.930469 0.509722 0.028125 0.136111 1.000000
0 438 0.930469 0.509722 0.028125 0.136111 1.000000
0 439 0.931641 0.508333 0.025781 0.136111 1.000000
0 440 0.931641 0.506944 0.025781 0.136111 1.000000
0 441 0.932031 0.506944 0.025000 0.138889 1.000000
0 442 0.932813 0.506250 0.025000 0.137500 1.000000
0 443 0.932813 0.506250 0.025000 0.137500 1.000000
0 444 0.935156 0.504861 0.023438 0.137500 1.000000
0 445 0.936719 0.503472 0.023438 0.134722 1.000000
0 446 0.938281 0.503472 0.023438 0.134722 1.000000
0 447 0.939844 0.504167 0.023438 0.136111 1.000000
0 448 0.939844 0.504167 0.023438 0.136111 1.000000
0 449 0.944922 0.501389 0.024219 0.136111 1.000000
0 450 0.948047 0.501389 0.024219 0.136111 1.000000
0 451 0.951172 0.500694 0.024219 0.137500 1.000000
0 452 0.954688 0.500000 0.025000 0.138889 1.000000
0 453 0.954688 0.500000 0.025000 0.138889 1.000000
0 454 0.963672 0.498611 0.027344 0.136111 1.000000
0 455 0.967969 0.497222 0.028125 0.136111 1.000000
0 456 0.972656 0.496528 0.029687 0.134722 1.000000
0 457 0.978906 0.497222 0.029687 0.133333 1.000000
0 458 0.978906 0.497222 0.029687 0.133333 1.000000
0 459 0.988281 0.497917 0.023438 0.134722 1.000000
0 460 0.991406 0.497222 0.017188 0.133333 1.000000
0 461 0.994922 0.506250 0.010156 0.112500 1.000000
0 712 0.991406 0.545139 0.017188 0.112500 1.000000
0 713 0.991406 0.545139 0.017188 0.112500 1.000000
0 714 0.967969 0.530556 0.048438 0.127778 1.000000
0 715 0.948438 0.519444 0.046875 0.119444 1.000000
0 716 0.930078 0.517361 0.044531 0.120833 1.000000
0 717 0.916016 0.513889 0.039844 0.122222 1.000000
0 718 0.916016 0.513889 0.039844 0.122222 1.000000
0 719 0.888281 0.504861 0.031250 0.120833 1.000000
0 720 0.872656 0.498611 0.034375 0.122222 1.000000
0 721 0.858594 0.493750 0.032813 0.118056 1.000000
0 722 0.845703 0.491667 0.032031 0.116667 1.000000
0 723 0.845703 0.491667 0.032031 0.116667 1.000000
0 724 0.820312 0.487500 0.032813 0.116667 1.000000
0 725 0.807813 0.486111 0.032813 0.119444 1.000000
0 726 0.801562 0.482639 0.040625 0.118056 1.000000
0 727 0.793750 0.476389 0.046875 0.113889 1.000000
0 728 0.793750 0.476389 0.046875 0.113889 1.000000
0 729 0.777344 0.475000 0.046875 0.116667 1.000000
0 730 0.769141 0.472917 0.038281 0.118056 1.000000
0 731 0.758984 0.472222 0.030469 0.116667 1.000000
0 732 0.751563 0.469444 0.026562 0.116667 1.000000
0 733 0.751563 0.469444 0.026562 0.116667 1.000000
0 734 0.739453 0.459722 0.038281 0.113889 1.000000
0 735 0.735156 0.456944 0.042188 0.111111 1.000000
0 736 0.729688 0.455556 0.043750 0.111111 1.000000
0 737 0.724219 0.456250 0.043750 0.109722 1.000000
0 738 0.724219 0.456250 0.043750 0.109722 1.000000
0 739 0.713281 0.456944 0.042188 0.108333 1.000000
0 740 0.712891 0.456944 0.050781 0.108333 1.000000
0 741 0.710938 0.456944 0.054688 0.108333 1.000000
0 742 0.706641 0.453472 0.053906 0.101389 1.000000
0 743 0.706641 0.453472 0.053906 0.101389 1.000000
0 744 0.696875 0.456944 0.046875 0.102778 1.000000
0 745 0.691016 0.455556 0.041406 0.100000 1.000000
0 746 0.684375 0.454861 0.035937 0.104167 1.000000
0 747 0.677344 0.453472 0.029687 0.106944 1.000000
0 748 0.677344 0.453472 0.029687 0.106944 1.000000
0 749 0.667578 0.450000 0.024219 0.111111 1.000000
0 750 0.664844 0.447917 0.025000 0.109722 1.000000
0 751 0.663281 0.447917 0.026562 0.109722 1.000000
0 752 0.659766 0.447917 0.033594 0.109722 1.000000
0 753 0.659766 0.447917 0.033594 0.109722 1.000000
0 754 0.653516 0.448611 0.039844 0.111111 1.000000
0 755 0.654687 0.447917 0.042188 0.112500 1.000000
0 756 0.652344 0.445833 0.045312 0.111111 1.000000
0 757 0.647656 0.445833 0.048438 0.111111 1.000000
0 758 0.647656 0.445833 0.048438 0.111111 1.000000
0 759 0.639453 0.446528 0.046094 0.115278 1.000000
0 760 0.637500 0.449306 0.046875 0.112500 1.000000
0 761 0.636328 0.447917 0.044531 0.112500 1.000000
0 762 0.638281 0.447917 0.042188 0.112500 1.000000
0 763 0.638281 0.447917 0.042188 0.112500 1.000000
0 764 0.635156 0.445139 0.028125 0.104167 1.000000
0 765 0.637500 0.445833 0.034375 0.102778 1.000000
0 766 0.640625 0.446528 0.040625 0.101389 1.000000
0 767 0.643750 0.447222 0.046875 0.100000 1.000000
0 768 0.643750 0.447222 0.046875 0.100000 1.000000
0 769 0.647656 0.449306 0.051562 0.095833 1.000000
0 770 0.650000 0.450000 0.046875 0.094444 1.000000
0 771 0.652344 0.450000 0.045312 0.094444 1.000000
0 772 0.653906 0.449306 0.045312 0.095833 1.000000
0 773 0.653906 0.449306 0.045312 0.095833 1.000000
0 774 0.657422 0.445833 0.044531 0.100000 1.000000
0 775 0.658594 0.445833 0.045312 0.102778 1.000000
