0 1 0.046094 0.558333 0.035937 0.138889 1.000000
0 2 0.045703 0.557639 0.036719 0.137500 1.000000
0 3 0.045703 0.557639 0.036719 0.137500 1.000000
0 4 0.041406 0.554861 0.032813 0.137500 1.000000
0 5 0.039453 0.554861 0.030469 0.137500 1.000000
0 6 0.039453 0.553472 0.030469 0.137500 1.000000
0 7 0.038672 0.553472 0.030469 0.137500 1.000000
0 8 0.039062 0.553472 0.031250 0.137500 1.000000
0 9 0.040234 0.552778 0.033594 0.138889 1.000000
0 10 0.040234 0.551389 0.033594 0.136111 1.000000
0 11 0.039062 0.552083 0.034375 0.137500 1.000000
0 12 0.038672 0.551389 0.033594 0.136111 1.000000
0 13 0.038672 0.551389 0.033594 0.136111 1.000000
0 14 0.037109 0.550000 0.033594 0.136111 1.000000
0 15 0.034766 0.549306 0.032031 0.137500 1.000000
0 16 0.032813 0.548611 0.031250 0.138889 1.000000
0 17 0.029297 0.547222 0.033594 0.136111 1.000000
0 18 0.029297 0.547222 0.033594 0.136111 1.000000
0 19 0.024609 0.547222 0.035156 0.136111 1.000000
0 20 0.022266 0.547917 0.036719 0.134722 1.000000
0 21 0.022656 0.547917 0.037500 0.134722 1.000000
0 22 0.022656 0.547222 0.037500 0.133333 1.000000
0 23 0.022656 0.547222 0.037500 0.133333 1.000000
0 24 0.023438 0.547222 0.037500 0.138889 1.000000
0 25 0.023828 0.547222 0.035156 0.138889 1.000000
0 26 0.021875 0.547222 0.031250 0.138889 1.000000
0 27 0.020703 0.547222 0.028906 0.138889 1.000000
0 28 0.020703 0.547222 0.028906 0.138889 1.000000
0 29 0.016406 0.547222 0.023438 0.138889 1.000000
0 30 0.015625 0.547917 0.021875 0.137500 1.000000
0 31 0.015234 0.550000 0.022656 0.138889 1.000000
0 32 0.013281 0.550000 0.025000 0.138889 1.000000
0 33 0.013281 0.550000 0.025000 0.138889 1.000000
0 34 0.012891 0.547917 0.025781 0.134722 1.000000
0 35 0.014063 0.547917 0.025000 0.134722 1.000000
0 36 0.014453 0.547222 0.024219 0.133333 1.000000
0 37 0.015625 0.547222 0.023438 0.136111 1.000000
0 38 0.015625 0.546528 0.025000 0.134722 1.000000
0 39 0.016797 0.543750 0.024219 0.137500 1.000000
0 40 0.016406 0.540972 0.025000 0.137500 1.000000
0 41 0.017188 0.540278 0.026562 0.136111 1.000000
0 42 0.018359 0.540278 0.027344 0.136111 1.000000
0 43 0.018359 0.540278 0.027344 0.136111 1.000000
0 44 0.020313 0.543056 0.028125 0.133333 1.000000
0 45 0.022266 0.544444 0.028906 0.133333 1.000000
0 46 0.023438 0.543750 0.028125 0.131944 1.000000
0 47 0.025391 0.543056 0.027344 0.133333 1.000000
0 48 0.025391 0.543056 0.027344 0.133333 1.000000
0 49 0.030078 0.539583 0.025781 0.129167 1.000000
0 50 0.033203 0.539583 0.025781 0.129167 1.000000
0 51 0.036719 0.536111 0.025000 0.127778 1.000000
0 52 0.040625 0.534722 0.025000 0.127778 1.000000
0 53 0.040625 0.534722 0.025000 0.127778 1.000000
0 54 0.047656 0.528472 0.023438 0.129167 1.000000
0 55 0.050391 0.527778 0.022656 0.133333 1.000000
0 56 0.053125 0.528472 0.021875 0.134722 1.000000
0 57 0.056641 0.529167 0.022656 0.136111 1.000000
0 58 0.056641 0.529167 0.022656 0.136111 1.000000
0 59 0.064062 0.527778 0.026562 0.133333 1.000000
0 60 0.068750 0.527778 0.029687 0.130556 1.000000
0 61 0.073828 0.527778 0.030469 0.127778 1.000000
0 62 0.078125 0.527083 0.031250 0.129167 1.000000
0 63 0.078125 0.527083 0.031250 0.129167 1.000000
0 64 0.087500 0.526389 0.032813 0.133333 1.000000
0 65 0.092188 0.527083 0.032813 0.134722 1.000000
0 66 0.096875 0.528472 0.032813 0.134722 1.000000
0 67 0.101562 0.530556 0.032813 0.133333 1.000000
0 68 0.101562 0.530556 0.032813 0.133333 1.000000
0 69 0.112500 0.531944 0.029687 0.127778 1.000000
0 70 0.118359 0.531250 0.027344 0.123611 1.000000
0 71 0.125000 0.530556 0.025000 0.122222 1.000000
0 72 0.131250 0.529167 0.021875 0.122222 1.000000
0 73 0.131250 0.529167 0.021875 0.122222 1.000000
0 74 0.143750 0.529861 0.021875 0.129167 1.000000
0 75 0.150781 0.530556 0.023438 0.127778 1.000000
0 76 0.157422 0.529861 0.024219 0.126389 1.000000
0 77 0.163281 0.530556 0.026562 0.122222 1.000000
0 78 0.163281 0.530556 0.026562 0.122222 1.000000
0 79 0.176953 0.530556 0.030469 0.116667 1.000000
0 80 0.184375 0.529167 0.031250 0.116667 1.000000
0 81 0.191016 0.527778 0.032031 0.113889 1.000000
0 82 0.199219 0.531250 0.032813 0.123611 1.000000
0 83 0.199609 0.531944 0.032031 0.125000 1.000000
0 84 0.215625 0.531944 0.031250 0.122222 1.000000
0 85 0.223047 0.533333 0.030469 0.119444 1.000000
0 86 0.229687 0.533333 0.029687 0.116667 1.000000
0 87 0.236719 0.533333 0.028125 0.116667 1.000000
0 88 0.236719 0.533333 0.028125 0.116667 1.000000
0 89 0.251563 0.530556 0.026562 0.113889 1.000000
0 90 0.258594 0.533333 0.026562 0.119444 1.000000
0 91 0.264844 0.537500 0.026562 0.125000 1.000000
0 92 0.271094 0.540278 0.028125 0.125000 1.000000
0 93 0.271094 0.540278 0.028125 0.125000 1.000000
0 94 0.282813 0.541667 0.029687 0.116667 1.000000
0 95 0.288281 0.542361 0.031250 0.115278 1.000000
0 96 0.293750 0.541667 0.031250 0.116667 1.000000
0 97 0.298828 0.541667 0.030469 0.116667 1.000000
0 98 0.298828 0.541667 0.030469 0.116667 1.000000
0 99 0.309375 0.547917 0.029687 0.129167 1.000000
0 100 0.314063 0.548611 0.028125 0.127778 1.000000
0 101 0.318750 0.550694 0.028125 0.123611 1.000000
0 102 0.323828 0.551389 0.027344 0.119444 1.000000
0 103 0.323828 0.551389 0.027344 0.119444 1.000000
0 104 0.332422 0.551389 0.027344 0.122222 1.000000
0 105 0.336328 0.548611 0.027344 0.119444 1.000000
0 106 0.340234 0.549306 0.027344 0.123611 1.000000
0 107 0.343750 0.554861 0.028125 0.134722 1.000000
0 108 0.343750 0.554861 0.028125 0.134722 1.000000
0 109 0.350391 0.556944 0.028906 0.133333 1.000000
0 110 0.353906 0.557639 0.029687 0.131944 1.000000
0 111 0.358203 0.558333 0.030469 0.127778 1.000000
0 112 0.361719 0.558333 0.029687 0.127778 1.000000
0 113 0.361719 0.558333 0.029687 0.127778 1.000000
0 114 0.367188 0.556944 0.028125 0.125000 1.000000
0 115 0.370312 0.561111 0.028125 0.133333 1.000000
0 116 0.372266 0.562500 0.028906 0.136111 1.000000
0 117 0.374219 0.566667 0.031250 0.138889 1.000000
0 118 0.374219 0.566667 0.031250 0.138889 1.000000
0 119 0.376563 0.570139 0.031250 0.134722 1.000000
0 120 0.378125 0.570833 0.031250 0.133333 1.000000
0 121 0.381250 0.569444 0.029687 0.130556 1.000000
0 122 0.383594 0.568750 0.028125 0.129167 1.000000
0 123 0.383594 0.568750 0.028125 0.129167 1.000000
0 124 0.388672 0.572222 0.027344 0.138889 1.000000
0 125 0.389844 0.575694 0.026562 0.140278 1.000000
0 126 0.392188 0.577778 0.028125 0.138889 1.000000
0 127 0.394531 0.580556 0.029687 0.138889 1.000000
0 128 0.394531 0.580556 0.029687 0.138889 1.000000
0 129 0.398828 0.581250 0.032031 0.137500 1.000000
0 130 0.400781 0.579861 0.032813 0.137500 1.000000
0 131 0.402344 0.579861 0.034375 0.137500 1.000000
0 132 0.403906 0.581250 0.035937 0.140278 1.000000
0 133 0.403906 0.581250 0.035937 0.140278 1.000000
0 134 0.405078 0.583333 0.042969 0.138889 1.000000
0 135 0.406250 0.584722 0.045312 0.136111 1.000000
0 136 0.407813 0.590278 0.050000 0.138889 1.000000
0 137 0.409766 0.593750 0.050781 0.140278 1.000000
0 138 0.410156 0.593750 0.051562 0.140278 1.000000
0 139 0.413281 0.599306 0.050000 0.143056 1.000000
0 140 0.414844 0.599306 0.046875 0.143056 1.000000
0 141 0.416406 0.600000 0.042188 0.144444 1.000000
0 142 0.417578 0.599306 0.038281 0.145833 1.000000
0 143 0.417578 0.598611 0.038281 0.147222 1.000000
0 144 0.419531 0.598611 0.035937 0.144444 1.000000
0 145 0.421875 0.600000 0.039062 0.144444 1.000000
0 146 0.424609 0.604167 0.042969 0.141667 1.000000
0 147 0.423828 0.606250 0.044531 0.140278 1.000000
0 148 0.423828 0.606250 0.044531 0.140278 1.000000
0 149 0.424219 0.613889 0.043750 0.138889 1.000000
0 150 0.424609 0.618056 0.042969 0.141667 1.000000
0 151 0.426172 0.619444 0.042969 0.141667 1.000000
0 152 0.427344 0.619444 0.042188 0.141667 1.000000
0 153 0.427344 0.619444 0.042188 0.141667 1.000000
0 154 0.424609 0.618056 0.035156 0.141667 1.000000
0 155 0.422266 0.619444 0.032031 0.144444 1.000000
0 156 0.418750 0.618056 0.028125 0.147222 1.000000
0 157 0.417187 0.619444 0.028125 0.147222 1.000000
0 158 0.417187 0.619444 0.028125 0.147222 1.000000
0 159 0.417187 0.620833 0.032813 0.147222 1.000000
0 160 0.417187 0.623611 0.034375 0.147222 1.000000
0 161 0.413672 0.627778 0.039844 0.147222 1.000000
0 162 0.410938 0.631944 0.045312 0.144444 1.000000
0 163 0.410938 0.631944 0.045312 0.144444 1.000000
0 164 0.410938 0.636806 0.050000 0.137500 1.000000
0 165 0.412500 0.637500 0.050000 0.136111 1.000000
0 166 0.413672 0.637500 0.050781 0.136111 1.000000
0 167 0.412109 0.639583 0.052344 0.137500 1.000000
0 168 0.412109 0.639583 0.052344 0.137500 1.000000
0 169 0.402344 0.640972 0.039062 0.137500 1.000000
0 170 0.396484 0.639583 0.030469 0.140278 1.000000
0 171 0.394531 0.638889 0.031250 0.138889 1.000000
0 172 0.392578 0.637500 0.032031 0.141667 1.000000
0 173 0.392578 0.637500 0.032031 0.141667 1.000000
0 174 0.388281 0.635417 0.032813 0.131944 1.000000
0 175 0.386719 0.635417 0.031250 0.131944 1.000000
0 176 0.383594 0.636111 0.029687 0.130556 1.000000
0 177 0.381641 0.636111 0.027344 0.133333 1.000000
0 178 0.381641 0.636111 0.027344 0.133333 1.000000
0 179 0.379688 0.634722 0.028125 0.138889 1.000000
0 180 0.380078 0.633333 0.035156 0.141667 1.000000
0 181 0.378516 0.628472 0.035156 0.131944 1.000000
0 182 0.377734 0.628472 0.035156 0.131944 1.000000
0 183 0.377734 0.628472 0.035156 0.131944 1.000000
0 184 0.373437 0.627083 0.032813 0.131944 1.000000
0 185 0.371875 0.627778 0.031250 0.141667 1.000000
0 186 0.370312 0.625694 0.031250 0.145833 1.000000
0 187 0.369531 0.622917 0.031250 0.148611 1.000000
0 188 0.369531 0.622917 0.031250 0.148611 1.000000
0 189 0.367578 0.613194 0.032031 0.137500 1.000000
0 190 0.366406 0.613194 0.032813 0.137500 1.000000
0 191 0.365625 0.612500 0.032813 0.136111 1.000000
0 192 0.364453 0.613194 0.032031 0.137500 1.000000
0 193 0.364453 0.613194 0.032031 0.137500 1.000000
0 194 0.362500 0.612500 0.029687 0.144444 1.000000
0 195 0.361719 0.609722 0.028125 0.147222 1.000000
0 196 0.360938 0.609722 0.026562 0.152778 1.000000
0 197 0.360156 0.608333 0.026562 0.150000 1.000000
0 198 0.360156 0.608333 0.026562 0.150000 1.000000
0 199 0.358594 0.604167 0.029687 0.141667 1.000000
0 200 0.357422 0.604167 0.030469 0.138889 1.000000
0 201 0.355469 0.606250 0.031250 0.140278 1.000000
0 202 0.354687 0.606944 0.031250 0.144444 1.000000
0 203 0.354687 0.606944 0.031250 0.144444 1.000000
0 204 0.353125 0.604167 0.029687 0.150000 1.000000
0 205 0.351953 0.604167 0.028906 0.155556 1.000000
0 206 0.351562 0.602778 0.028125 0.155556 1.000000
0 207 0.350781 0.597222 0.028125 0.144444 1.000000
0 208 0.350781 0.597222 0.028125 0.144444 1.000000
0 209 0.349219 0.595139 0.029687 0.137500 1.000000
0 210 0.347656 0.595139 0.029687 0.140278 1.000000
0 211 0.345313 0.594444 0.029687 0.144444 1.000000
0 212 0.343750 0.593056 0.029687 0.147222 1.000000
0 213 0.343750 0.593056 0.029687 0.147222 1.000000
0 214 0.339844 0.589583 0.031250 0.151389 1.000000
0 215 0.336719 0.590278 0.032813 0.152778 1.000000
0 216 0.333594 0.588194 0.034375 0.145833 1.000000
0 217 0.328906 0.590278 0.035937 0.144444 1.000000
0 218 0.328906 0.590278 0.035937 0.144444 1.000000
0 219 0.320312 0.593056 0.034375 0.144444 1.000000
0 220 0.317969 0.590278 0.031250 0.141667 1.000000
0 221 0.315234 0.588194 0.028906 0.143056 1.000000
0 222 0.314063 0.587500 0.026562 0.144444 1.000000
0 223 0.314063 0.587500 0.026562 0.144444 1.000000
0 224 0.313672 0.586806 0.024219 0.148611 1.000000
0 225 0.312500 0.586111 0.025000 0.144444 1.000000
0 226 0.312109 0.583333 0.025781 0.138889 1.000000
0 227 0.310547 0.584722 0.028906 0.136111 1.000000
0 228 0.310547 0.584722 0.028906 0.136111 1.000000
0 229 0.310156 0.584722 0.031250 0.136111 1.000000
0 230 0.310937 0.584722 0.029687 0.138889 1.000000
0 231 0.313281 0.584722 0.026562 0.141667 1.000000
0 232 0.314453 0.583333 0.028906 0.144444 1.000000
0 233 0.314453 0.583333 0.028906 0.144444 1.000000
0 234 0.316797 0.583333 0.032031 0.144444 1.000000
0 235 0.317969 0.586111 0.032813 0.144444 1.000000
0 236 0.318750 0.580556 0.031250 0.133333 1.000000
0 237 0.321094 0.580556 0.031250 0.133333 1.000000
0 238 0.321094 0.580556 0.031250 0.133333 1.000000
0 239 0.327344 0.576389 0.028125 0.136111 1.000000
0 240 0.330469 0.575000 0.026562 0.138889 1.000000
0 241 0.335156 0.575694 0.025000 0.140278 1.000000
0 242 0.339453 0.573611 0.025781 0.141667 1.000000
0 243 0.339453 0.573611 0.025781 0.141667 1.000000
0 244 0.348047 0.575694 0.027344 0.140278 1.000000
0 245 0.353516 0.576389 0.028906 0.138889 1.000000
0 246 0.358594 0.576389 0.029687 0.138889 1.000000
0 247 0.364063 0.572222 0.029687 0.133333 1.000000
0 248 0.364063 0.572222 0.029687 0.133333 1.000000
0 249 0.374609 0.570833 0.028906 0.136111 1.000000
0 250 0.380078 0.571528 0.028906 0.137500 1.000000
0 251 0.385937 0.569444 0.029687 0.138889 1.000000
0 252 0.391406 0.569444 0.029687 0.138889 1.000000
0 253 0.391406 0.569444 0.029687 0.138889 1.000000
0 254 0.403906 0.571528 0.031250 0.140278 1.000000
0 255 0.409375 0.572222 0.031250 0.138889 1.000000
0 256 0.414844 0.573611 0.029687 0.141667 1.000000
0 257 0.419141 0.572222 0.028906 0.141667 1.000000
0 258 0.419141 0.572222 0.028906 0.141667 1.000000
0 259 0.424219 0.569444 0.026562 0.141667 1.000000
0 260 0.424219 0.567361 0.025000 0.140278 1.000000
0 261 0.424609 0.568056 0.024219 0.141667 1.000000
0 262 0.425391 0.569444 0.025781 0.141667 1.000000
0 263 0.425391 0.569444 0.025781 0.141667 1.000000
0 264 0.422656 0.572222 0.029687 0.141667 1.000000
0 265 0.420703 0.572917 0.032031 0.140278 1.000000
0 266 0.417187 0.575000 0.032813 0.138889 1.000000
0 267 0.413281 0.576389 0.032813 0.138889 1.000000
0 268 0.413281 0.576389 0.032813 0.138889 1.000000
0 269 0.403125 0.576389 0.034375 0.138889 1.000000
0 270 0.396875 0.573611 0.034375 0.133333 1.000000
0 271 0.391797 0.572917 0.032031 0.134722 1.000000
0 272 0.385156 0.571528 0.029687 0.134722 1.000000
0 273 0.385156 0.571528 0.029687 0.134722 1.000000
0 274 0.374219 0.570833 0.025000 0.136111 1.000000
0 275 0.368359 0.569444 0.025781 0.136111 1.000000
0 276 0.361719 0.568056 0.028125 0.136111 1.000000
0 277 0.357812 0.567361 0.031250 0.134722 1.000000
0 278 0.357812 0.567361 0.031250 0.134722 1.000000
0 279 0.347656 0.565278 0.034375 0.133333 1.000000
0 280 0.340625 0.563194 0.034375 0.131944 1.000000
0 281 0.335547 0.561111 0.033594 0.133333 1.000000
0 282 0.331250 0.561111 0.032813 0.136111 1.000000
0 283 0.331250 0.561111 0.032813 0.136111 1.000000
0 284 0.323437 0.559028 0.028125 0.134722 1.000000
0 285 0.320312 0.555556 0.026562 0.133333 1.000000
0 286 0.316406 0.556250 0.023438 0.134722 1.000000
0 287 0.313672 0.556250 0.025781 0.134722 1.000000
0 288 0.313672 0.556250 0.025781 0.134722 1.000000
0 289 0.304688 0.552778 0.034375 0.133333 1.000000
0 290 0.299219 0.552778 0.039062 0.133333 1.000000
0 291 0.292969 0.552083 0.042188 0.131944 1.000000
0 292 0.287109 0.551389 0.042969 0.130556 1.000000
0 293 0.287109 0.551389 0.042969 0.130556 1.000000
0 294 0.273438 0.550000 0.039062 0.127778 1.000000
0 295 0.267188 0.549306 0.034375 0.126389 1.000000
0 296 0.260547 0.549306 0.030469 0.123611 1.000000
0 297 0.257812 0.550000 0.028125 0.122222 1.000000
0 298 0.257812 0.550000 0.028125 0.122222 1.000000
0 299 0.250000 0.545833 0.034375 0.122222 1.000000
0 300 0.245312 0.545833 0.037500 0.125000 1.000000
0 301 0.239063 0.545833 0.037500 0.127778 1.000000
0 302 0.232813 0.547222 0.037500 0.130556 1.000000
0 303 0.232813 0.547222 0.037500 0.130556 1.000000
0 304 0.223828 0.549306 0.036719 0.126389 1.000000
0 305 0.221875 0.550694 0.037500 0.123611 1.000000
0 306 0.219531 0.550000 0.035937 0.122222 1.000000
0 307 0.216797 0.548611 0.033594 0.122222 1.000000
0 308 0.216797 0.548611 0.033594 0.122222 1.000000
0 309 0.206641 0.550000 0.032031 0.130556 1.000000
0 310 0.201953 0.551389 0.030469 0.130556 1.000000
0 311 0.198047 0.551389 0.028906 0.130556 1.000000
0 312 0.193750 0.552778 0.028125 0.127778 1.000000
0 313 0.193750 0.552778 0.028125 0.127778 1.000000
0 314 0.188672 0.552778 0.022656 0.119444 1.000000
0 315 0.185938 0.552778 0.021875 0.119444 1.000000
0 316 0.183594 0.551389 0.025000 0.119444 1.000000
0 317 0.180469 0.549306 0.026562 0.120833 1.000000
0 318 0.180469 0.549306 0.026562 0.120833 1.000000
0 319 0.176563 0.552778 0.031250 0.127778 1.000000
0 320 0.174219 0.553472 0.031250 0.129167 1.000000
0 321 0.173437 0.554861 0.032813 0.126389 1.000000
0 322 0.173437 0.554167 0.032813 0.125000 1.000000
0 323 0.173437 0.554167 0.032813 0.125000 1.000000
0 324 0.173828 0.552083 0.028906 0.126389 1.000000
0 325 0.172656 0.554861 0.029687 0.131944 1.000000
0 326 0.171484 0.555556 0.028906 0.133333 1.000000
0 327 0.170703 0.555556 0.028906 0.133333 1.000000
0 328 0.170703 0.555556 0.028906 0.133333 1.000000
0 329 0.172266 0.559722 0.028906 0.130556 1.000000
0 330 0.173437 0.559028 0.028125 0.129167 1.000000
0 331 0.176563 0.558333 0.026562 0.127778 1.000000
0 332 0.178516 0.558333 0.022656 0.127778 1.000000
0 333 0.178516 0.558333 0.022656 0.127778 1.000000
0 334 0.183984 0.556944 0.021094 0.130556 1.000000
0 335 0.187109 0.556944 0.024219 0.130556 1.000000
0 336 0.189844 0.561111 0.029687 0.130556 1.000000
0 337 0.193750 0.561806 0.037500 0.129167 1.000000
0 338 0.193750 0.561806 0.037500 0.129167 1.000000
0 339 0.194141 0.569444 0.038281 0.127778 1.000000
0 340 0.195312 0.571528 0.035937 0.126389 1.000000
0 341 0.196094 0.570833 0.034375 0.127778 1.000000
0 342 0.198047 0.570833 0.030469 0.127778 1.000000
0 343 0.198047 0.570833 0.030469 0.127778 1.000000
0 344 0.197656 0.571528 0.029687 0.131944 1.000000
0 345 0.196484 0.572222 0.030469 0.133333 1.000000
0 346 0.194922 0.572222 0.030469 0.133333 1.000000
0 347 0.195312 0.572222 0.031250 0.133333 1.000000
0 348 0.195312 0.572222 0.031250 0.133333 1.000000
0 349 0.193359 0.572222 0.032031 0.133333 1.000000
0 350 0.191406 0.572222 0.031250 0.133333 1.000000
0 351 0.188672 0.572222 0.027344 0.133333 1.000000
0 352 0.184766 0.571528 0.024219 0.131944 1.000000
0 353 0.185156 0.571528 0.025000 0.131944 1.000000
0 354 0.181250 0.571528 0.028125 0.131944 1.000000
0 355 0.181250 0.572917 0.029687 0.131944 1.000000
0 356 0.180469 0.572917 0.031250 0.131944 1.000000
0 357 0.179688 0.572917 0.032813 0.131944 1.000000
0 358 0.179688 0.572917 0.032813 0.131944 1.000000
0 359 0.179297 0.575000 0.033594 0.127778 1.000000
0 360 0.177344 0.575000 0.029687 0.127778 1.000000
0 361 0.175781 0.575000 0.028125 0.127778 1.000000
0 362 0.174219 0.574306 0.026562 0.129167 1.000000
0 363 0.174219 0.574306 0.026562 0.129167 1.000000
0 364 0.174219 0.572917 0.028125 0.134722 1.000000
0 365 0.173437 0.573611 0.028125 0.136111 1.000000
0 366 0.174219 0.573611 0.029687 0.133333 1.000000
0 367 0.174609 0.573611 0.030469 0.130556 1.000000
0 368 0.174609 0.573611 0.030469 0.130556 1.000000
0 369 0.175000 0.576389 0.031250 0.125000 1.000000
0 370 0.175000 0.578472 0.029687 0.126389 1.000000
0 371 0.174609 0.577778 0.030469 0.127778 1.000000
0 372 0.174609 0.576389 0.030469 0.130556 1.000000
0 373 0.174609 0.576389 0.030469 0.130556 1.000000
0 374 0.174219 0.575000 0.031250 0.127778 1.000000
0 375 0.173437 0.575694 0.029687 0.126389 1.000000
0 376 0.173047 0.576389 0.030469 0.125000 1.000000
0 377 0.174219 0.577083 0.029687 0.123611 1.000000
0 378 0.174219 0.577083 0.029687 0.123611 1.000000
0 379 0.174219 0.579167 0.026562 0.125000 1.000000
0 380 0.173828 0.578472 0.024219 0.129167 1.000000
0 381 0.172656 0.577778 0.023438 0.133333 1.000000
0 382 0.172266 0.577778 0.024219 0.133333 1.000000
0 383 0.172266 0.577778 0.024219 0.133333 1.000000
0 384 0.171875 0.576389 0.025000 0.125000 1.000000
0 385 0.171094 0.577083 0.025000 0.123611 1.000000
0 386 0.170313 0.577083 0.026562 0.120833 1.000000
0 387 0.169141 0.578472 0.028906 0.123611 1.000000
0 388 0.169141 0.578472 0.028906 0.123611 1.000000
0 389 0.166406 0.576389 0.028125 0.130556 1.000000
0 390 0.164062 0.576389 0.028125 0.133333 1.000000
0 391 0.163672 0.575000 0.030469 0.133333 1.000000
0 392 0.161719 0.570833 0.031250 0.125000 1.000000
0 393 0.161719 0.570833 0.031250 0.125000 1.000000
0 394 0.157812 0.572222 0.031250 0.125000 1.000000
0 395 0.155859 0.572917 0.030469 0.126389 1.000000
0 396 0.153906 0.572222 0.028125 0.127778 1.000000
0 397 0.152344 0.570833 0.028125 0.130556 1.000000
0 398 0.152344 0.570833 0.028125 0.130556 1.000000
0 399 0.148438 0.568750 0.026562 0.137500 1.000000
0 400 0.146094 0.565278 0.026562 0.130556 1.000000
0 401 0.144141 0.563889 0.027344 0.127778 1.000000
0 402 0.142969 0.565972 0.028125 0.126389 1.000000
0 403 0.142969 0.565972 0.028125 0.126389 1.000000
0 404 0.139063 0.565972 0.028125 0.126389 1.000000
0 405 0.136719 0.565972 0.028125 0.129167 1.000000
0 406 0.135156 0.563889 0.026562 0.133333 1.000000
0 407 0.132031 0.562500 0.026562 0.136111 1.000000
0 408 0.132031 0.562500 0.026562 0.136111 1.000000
0 409 0.129297 0.556944 0.030469 0.130556 1.000000
0 410 0.128125 0.554167 0.031250 0.125000 1.000000
0 411 0.125000 0.554167 0.032813 0.125000 1.000000
0 412 0.122656 0.554167 0.031250 0.125000 1.000000
0 413 0.122656 0.554167 0.031250 0.125000 1.000000
0 414 0.118750 0.554167 0.028125 0.130556 1.000000
0 415 0.117578 0.551389 0.027344 0.136111 1.000000
0 416 0.116406 0.545833 0.026562 0.127778 1.000000
0 417 0.114844 0.545139 0.026562 0.129167 1.000000
0 418 0.114844 0.545139 0.026562 0.129167 1.000000
0 419 0.110937 0.544444 0.028125 0.127778 1.000000
0 420 0.108984 0.543750 0.028906 0.126389 1.000000
0 421 0.107031 0.544444 0.029687 0.125000 1.000000
0 422 0.105469 0.544444 0.029687 0.127778 1.000000
0 423 0.105469 0.544444 0.029687 0.127778 1.000000
0 424 0.101172 0.540278 0.027344 0.133333 1.000000
0 425 0.100000 0.536806 0.028125 0.134722 1.000000
0 426 0.098828 0.537500 0.027344 0.136111 1.000000
0 427 0.097656 0.537500 0.029687 0.136111 1.000000
0 428 0.097656 0.537500 0.029687 0.136111 1.000000
0 429 0.092188 0.534722 0.032813 0.130556 1.000000
0 430 0.090234 0.534722 0.032031 0.130556 1.000000
0 431 0.088672 0.534722 0.030469 0.130556 1.000000
0 432 0.087891 0.535417 0.028906 0.131944 1.000000
0 433 0.087891 0.535417 0.028906 0.131944 1.000000
0 434 0.086719 0.531944 0.026562 0.133333 1.000000
0 435 0.085938 0.530556 0.025000 0.133333 1.000000
0 436 0.085938 0.531944 0.026562 0.136111 1.000000
0 437 0.085938 0.532639 0.028125 0.134722 1.000000
0 438 0.085938 0.532639 0.028125 0.134722 1.000000
0 439 0.084375 0.532639 0.031250 0.131944 1.000000
0 440 0.083984 0.529167 0.032031 0.127778 1.000000
0 441 0.083203 0.529167 0.033594 0.130556 1.000000
0 442 0.083594 0.526389 0.034375 0.133333 1.000000
0 443 0.083984 0.526389 0.035156 0.133333 1.000000
0 444 0.085547 0.521528 0.033594 0.134722 1.000000
0 445 0.088281 0.519444 0.032813 0.133333 1.000000
0 446 0.090625 0.520139 0.034375 0.134722 1.000000
0 447 0.092578 0.519444 0.035156 0.133333 1.000000
0 448 0.092578 0.519444 0.035156 0.133333 1.000000
0 449 0.097266 0.520139 0.038281 0.131944 1.000000
0 450 0.100000 0.518056 0.039062 0.130556 1.000000
0 451 0.104297 0.518750 0.039844 0.134722 1.000000
0 452 0.108984 0.516667 0.041406 0.133333 1.000000
0 453 0.108984 0.516667 0.041406 0.133333 1.000000
0 454 0.119531 0.513889 0.042188 0.133333 1.000000
0 455 0.124219 0.513889 0.042188 0.133333 1.000000
0 456 0.130078 0.513889 0.042969 0.133333 1.000000
0 457 0.136719 0.512500 0.043750 0.130556 1.000000
0 458 0.136719 0.512500 0.043750 0.130556 1.000000
0 459 0.150000 0.515278 0.043750 0.130556 1.000000
0 460 0.157812 0.515972 0.042188 0.131944 1.000000
0 461 0.165234 0.515278 0.039844 0.130556 1.000000
0 462 0.173437 0.516667 0.039062 0.130556 1.000000
0 463 0.173437 0.516667 0.039062 0.130556 1.000000
0 464 0.190625 0.518056 0.034375 0.130556 1.000000
0 465 0.198437 0.518056 0.034375 0.130556 1.000000
0 466 0.205469 0.518056 0.034375 0.130556 1.000000
0 467 0.212109 0.518056 0.035156 0.130556 1.000000
0 468 0.212109 0.518056 0.035156 0.130556 1.000000
0 469 0.223438 0.515278 0.037500 0.130556 1.000000
0 470 0.230078 0.515278 0.038281 0.130556 1.000000
0 471 0.235547 0.515278 0.038281 0.130556 1.000000
0 472 0.242188 0.513889 0.039062 0.130556 1.000000
0 473 0.242188 0.513889 0.039062 0.130556 1.000000
0 474 0.255469 0.509722 0.035937 0.125000 1.000000
0 475 0.260937 0.509722 0.037500 0.125000 1.000000
0 476 0.265625 0.509722 0.037500 0.125000 1.000000
0 477 0.271094 0.508333 0.039062 0.125000 1.000000
0 478 0.271094 0.508333 0.039062 0.125000 1.000000
0 479 0.282813 0.510417 0.040625 0.129167 1.000000
0 480 0.287891 0.511111 0.041406 0.130556 1.000000
0 481 0.292969 0.511111 0.039062 0.130556 1.000000
0 482 0.300000 0.509028 0.037500 0.129167 1.000000
0 483 0.300000 0.509028 0.037500 0.129167 1.000000
0 484 0.310156 0.509722 0.035937 0.130556 1.000000
0 485 0.314844 0.509722 0.035937 0.130556 1.000000
0 486 0.317969 0.509722 0.035937 0.130556 1.000000
0 487 0.321094 0.509028 0.035937 0.129167 1.000000
0 488 0.321094 0.509028 0.035937 0.129167 1.000000
0 489 0.326562 0.508333 0.037500 0.127778 1.000000
0 490 0.328125 0.508333 0.037500 0.127778 1.000000
0 491 0.330859 0.508333 0.038281 0.127778 1.000000
0 492 0.333594 0.508333 0.039062 0.127778 1.000000
0 493 0.333594 0.508333 0.039062 0.127778 1.000000
0 494 0.337891 0.506250 0.038281 0.129167 1.000000
0 495 0.341016 0.505556 0.036719 0.130556 1.000000
0 496 0.344141 0.503472 0.038281 0.129167 1.000000
0 497 0.347656 0.502778 0.039062 0.127778 1.000000
0 498 0.347656 0.502778 0.039062 0.127778 1.000000
0 499 0.354687 0.504167 0.037500 0.125000 1.000000
0 500 0.358594 0.506250 0.039062 0.123611 1.000000
0 501 0.364063 0.507639 0.040625 0.120833 1.000000
0 502 0.367188 0.509028 0.040625 0.118056 1.000000
0 503 0.367188 0.509028 0.040625 0.118056 1.000000
0 504 0.374219 0.510417 0.039062 0.115278 1.000000
0 505 0.377734 0.510417 0.036719 0.115278 1.000000
0 506 0.380469 0.511111 0.035937 0.113889 1.000000
0 507 0.384375 0.509722 0.035937 0.108333 1.000000
0 508 0.384375 0.509722 0.035937 0.108333 1.000000
0 509 0.389062 0.506250 0.034375 0.101389 1.000000
0 510 0.391406 0.509722 0.035937 0.102778 1.000000
0 511 0.392969 0.509722 0.035937 0.102778 1.000000
0 512 0.395703 0.510417 0.035156 0.104167 1.000000
0 513 0.395703 0.510417 0.035156 0.104167 1.000000
0 514 0.402344 0.509722 0.035937 0.108333 1.000000
0 515 0.407031 0.509722 0.035937 0.108333 1.000000
0 516 0.410156 0.511111 0.032813 0.105556 1.000000
0 517 0.417187 0.510417 0.034375 0.104167 1.000000
0 518 0.417187 0.510417 0.034375 0.104167 1.000000
0 519 0.424609 0.512500 0.033594 0.097222 1.000000
0 520 0.428125 0.513194 0.034375 0.098611 1.000000
0 521 0.430469 0.514583 0.035937 0.093056 1.000000
0 522 0.431641 0.516667 0.038281 0.091667 1.000000
0 523 0.431641 0.516667 0.038281 0.091667 1.000000
0 524 0.437500 0.518056 0.040625 0.086111 1.000000
0 525 0.439844 0.520139 0.042188 0.084722 1.000000
0 526 0.441797 0.523611 0.042969 0.086111 1.000000
0 527 0.443750 0.522917 0.042188 0.084722 1.000000
0 528 0.443750 0.522917 0.042188 0.084722 1.000000
0 529 0.447266 0.522222 0.041406 0.083333 1.000000
0 530 0.448437 0.522222 0.040625 0.086111 1.000000
0 531 0.450000 0.520833 0.039062 0.088889 1.000000
0 532 0.452734 0.520833 0.038281 0.088889 1.000000
0 533 0.452734 0.520833 0.038281 0.088889 1.000000
0 534 0.451953 0.519444 0.035156 0.088889 1.000000
0 535 0.452734 0.518056 0.038281 0.091667 1.000000
0 536 0.452734 0.520139 0.039844 0.098611 1.000000
0 537 0.451953 0.519444 0.038281 0.100000 1.000000
0 538 0.451953 0.519444 0.038281 0.100000 1.000000
0 539 0.453125 0.516667 0.040625 0.105556 1.000000
0 540 0.453906 0.513889 0.040625 0.105556 1.000000
0 541 0.453906 0.512500 0.039062 0.105556 1.000000
0 542 0.453906 0.511806 0.039062 0.106944 1.000000
0 543 0.453906 0.511806 0.039062 0.106944 1.000000
0 544 0.454688 0.510417 0.042188 0.109722 1.000000
0 545 0.456641 0.509722 0.047656 0.108333 1.000000
0 546 0.455078 0.512500 0.050781 0.113889 1.000000
0 547 0.454297 0.513194 0.050781 0.115278 1.000000
0 548 0.454297 0.513194 0.050781 0.115278 1.000000
0 549 0.451172 0.512500 0.041406 0.119444 1.000000
0 550 0.449219 0.512500 0.035937 0.119444 1.000000
0 551 0.446875 0.510417 0.031250 0.120833 1.000000
0 552 0.443750 0.509722 0.028125 0.122222 1.000000
0 553 0.443750 0.509722 0.028125 0.122222 1.000000
0 554 0.436719 0.507639 0.023438 0.126389 1.000000
0 555 0.435156 0.507639 0.023438 0.126389 1.000000
0 556 0.432812 0.506250 0.025000 0.123611 1.000000
0 557 0.429688 0.508333 0.028125 0.125000 1.000000
0 558 0.429688 0.508333 0.028125 0.125000 1.000000
0 559 0.424219 0.512500 0.032813 0.122222 1.000000
0 560 0.421875 0.515278 0.035937 0.119444 1.000000
0 561 0.419531 0.515972 0.039062 0.118056 1.000000
0 562 0.419141 0.518056 0.042969 0.119444 1.000000
0 563 0.418359 0.518056 0.042969 0.119444 1.000000
0 564 0.417969 0.516667 0.051562 0.122222 1.000000
0 565 0.416797 0.518056 0.049219 0.122222 1.000000
0 566 0.415234 0.518750 0.047656 0.120833 1.000000
0 567 0.413281 0.520139 0.045312 0.118056 1.000000
0 568 0.413281 0.520139 0.045312 0.118056 1.000000
0 569 0.408984 0.520833 0.039844 0.113889 1.000000
0 570 0.408594 0.520833 0.042188 0.113889 1.000000
0 571 0.408594 0.528472 0.045312 0.123611 1.000000
0 572 0.408984 0.529861 0.049219 0.123611 1.000000
0 573 0.408984 0.529861 0.049219 0.123611 1.000000
0 574 0.403906 0.535417 0.042188 0.120833 1.000000
0 575 0.400391 0.536111 0.035156 0.119444 1.000000
0 576 0.400391 0.536111 0.038281 0.119444 1.000000
0 577 0.401562 0.533333 0.043750 0.116667 1.000000
0 578 0.401953 0.533333 0.044531 0.116667 1.000000
0 579 0.400391 0.537500 0.050781 0.125000 1.000000
0 580 0.396875 0.540278 0.050000 0.127778 1.000000
0 581 0.392969 0.541667 0.046875 0.130556 1.000000
0 582 0.387500 0.542361 0.040625 0.129167 1.000000
0 583 0.387500 0.542361 0.040625 0.129167 1.000000
0 584 0.385156 0.545833 0.037500 0.136111 1.000000
0 585 0.385547 0.547917 0.036719 0.134722 1.000000
0 586 0.384375 0.550694 0.031250 0.134722 1.000000
0 587 0.385937 0.556944 0.029687 0.136111 1.000000
0 588 0.385937 0.556944 0.029687 0.136111 1.000000
0 589 0.383984 0.556944 0.033594 0.130556 1.000000
0 590 0.380469 0.557639 0.045312 0.129167 1.000000
0 591 0.379688 0.558333 0.048438 0.130556 1.000000
0 592 0.380469 0.558333 0.039062 0.127778 1.000000
0 593 0.380469 0.558333 0.039062 0.127778 1.000000
0 594 0.374219 0.563889 0.031250 0.133333 1.000000
0 595 0.371875 0.565278 0.032813 0.130556 1.000000
0 596 0.367969 0.568056 0.035937 0.130556 1.000000
0 597 0.362500 0.569444 0.042188 0.130556 1.000000
0 598 0.362500 0.569444 0.042188 0.130556 1.000000
0 599 0.358984 0.569444 0.058594 0.127778 1.000000
0 600 0.359375 0.570833 0.062500 0.130556 1.000000
0 601 0.359375 0.570139 0.056250 0.129167 1.000000
0 602 0.357812 0.570139 0.043750 0.134722 1.000000
0 603 0.357812 0.570139 0.043750 0.134722 1.000000
0 604 0.353125 0.566667 0.029687 0.127778 1.000000
0 605 0.350781 0.570139 0.028125 0.131944 1.000000
0 606 0.350781 0.570139 0.026562 0.129167 1.000000
0 607 0.346094 0.570833 0.032813 0.125000 1.000000
0 608 0.346094 0.570833 0.032813 0.125000 1.000000
0 609 0.345313 0.572222 0.028125 0.122222 1.000000
0 610 0.341406 0.572222 0.029687 0.122222 1.000000
0 611 0.335156 0.572222 0.037500 0.125000 1.000000
0 612 0.330078 0.570833 0.044531 0.125000 1.000000
0 613 0.330078 0.570833 0.044531 0.125000 1.000000
0 614 0.329297 0.576389 0.058594 0.133333 1.000000
0 615 0.328906 0.578472 0.057813 0.134722 1.000000
0 616 0.327344 0.579167 0.054688 0.136111 1.000000
0 617 0.328516 0.579167 0.052344 0.136111 1.000000
0 618 0.328516 0.579167 0.052344 0.136111 1.000000
0 619 0.325391 0.575694 0.042969 0.143056 1.000000
0 620 0.324219 0.574306 0.035937 0.148611 1.000000
0 621 0.321875 0.574306 0.031250 0.148611 1.000000
0 622 0.321875 0.575000 0.029687 0.150000 1.000000
0 623 0.321875 0.575000 0.029687 0.150000 1.000000
0 624 0.320312 0.575000 0.034375 0.147222 1.000000
0 625 0.318750 0.575000 0.037500 0.144444 1.000000
0 626 0.319531 0.577083 0.037500 0.143056 1.000000
0 627 0.319531 0.577778 0.035937 0.141667 1.000000
0 628 0.319531 0.577778 0.035937 0.141667 1.000000
0 629 0.323047 0.576389 0.036719 0.141667 1.000000
0 630 0.324219 0.575694 0.035937 0.143056 1.000000
0 631 0.323437 0.574306 0.037500 0.143056 1.000000
0 632 0.324219 0.572222 0.040625 0.144444 1.000000
0 633 0.324219 0.572222 0.040625 0.144444 1.000000
0 634 0.326172 0.570833 0.039844 0.147222 1.000000
0 635 0.327734 0.568056 0.039844 0.147222 1.000000
0 636 0.329297 0.569444 0.042969 0.147222 1.000000
0 637 0.330859 0.569444 0.046094 0.144444 1.000000
0 638 0.330859 0.569444 0.046094 0.144444 1.000000
0 639 0.333594 0.566667 0.048438 0.144444 1.000000
0 640 0.335156 0.565972 0.048438 0.145833 1.000000
0 641 0.335547 0.561111 0.046094 0.144444 1.000000
0 642 0.336328 0.558333 0.044531 0.144444 1.000000
0 643 0.336328 0.558333 0.044531 0.144444 1.000000
0 644 0.337891 0.553472 0.039844 0.145833 1.000000
0 645 0.339062 0.552083 0.037500 0.148611 1.000000
0 646 0.339062 0.550694 0.035937 0.145833 1.000000
0 647 0.340625 0.550694 0.034375 0.145833 1.000000
0 648 0.340625 0.550694 0.034375 0.145833 1.000000
0 649 0.342969 0.549306 0.031250 0.143056 1.000000
0 650 0.345313 0.547917 0.031250 0.140278 1.000000
0 651 0.349219 0.545833 0.032813 0.136111 1.000000
0 652 0.351562 0.545139 0.035937 0.134722 1.000000
0 653 0.351562 0.545139 0.035937 0.134722 1.000000
0 654 0.355469 0.543056 0.039062 0.138889 1.000000
0 655 0.357031 0.541667 0.039062 0.136111 1.000000
0 656 0.357812 0.539583 0.042188 0.140278 1.000000
0 657 0.356641 0.535417 0.046094 0.137500 1.000000
0 658 0.356641 0.535417 0.046094 0.137500 1.000000
0 659 0.357812 0.532639 0.050000 0.137500 1.000000
0 660 0.358203 0.531250 0.050781 0.131944 1.000000
0 661 0.355469 0.530556 0.054688 0.130556 1.000000
0 662 0.351172 0.528472 0.060156 0.129167 1.000000
0 663 0.351172 0.528472 0.060156 0.129167 1.000000
0 664 0.349219 0.526389 0.043750 0.130556 1.000000
0 665 0.348828 0.526389 0.038281 0.133333 1.000000
0 666 0.350000 0.524306 0.034375 0.129167 1.000000
0 667 0.352344 0.522222 0.029687 0.133333 1.000000
0 668 0.352344 0.522222 0.029687 0.133333 1.000000
0 669 0.352344 0.518056 0.029687 0.127778 1.000000
0 670 0.352734 0.518056 0.030469 0.130556 1.000000
0 671 0.353906 0.520833 0.029687 0.136111 1.000000
0 672 0.355859 0.522222 0.028906 0.138889 1.000000
0 673 0.355859 0.522222 0.028906 0.138889 1.000000
0 674 0.357812 0.522222 0.028125 0.138889 1.000000
0 675 0.356250 0.520833 0.028125 0.138889 1.000000
0 676 0.355469 0.520833 0.028125 0.141667 1.000000
0 677 0.353906 0.520139 0.029687 0.140278 1.000000
0 678 0.353906 0.520139 0.029687 0.140278 1.000000
0 679 0.353906 0.520139 0.029687 0.143056 1.000000
0 680 0.353125 0.520139 0.031250 0.143056 1.000000
0 681 0.351562 0.520833 0.031250 0.141667 1.000000
0 682 0.351562 0.521528 0.031250 0.143056 1.000000
0 683 0.351562 0.521528 0.031250 0.143056 1.000000
0 684 0.349219 0.524306 0.029687 0.145833 1.000000
0 685 0.347656 0.525694 0.028125 0.145833 1.000000
0 686 0.345313 0.526389 0.028125 0.144444 1.000000
0 687 0.342187 0.526389 0.026562 0.141667 1.000000
0 688 0.342187 0.526389 0.026562 0.141667 1.000000
0 689 0.330469 0.526389 0.025000 0.144444 1.000000
0 690 0.323047 0.527083 0.024219 0.143056 1.000000
0 691 0.314844 0.527083 0.023438 0.143056 1.000000
0 692 0.306250 0.527083 0.025000 0.143056 1.000000
0 693 0.306250 0.527083 0.025000 0.143056 1.000000
0 694 0.289062 0.527778 0.025000 0.138889 1.000000
0 695 0.280078 0.528472 0.027344 0.137500 1.000000
0 696 0.271875 0.528472 0.028125 0.134722 1.000000
0 697 0.260156 0.527778 0.029687 0.133333 1.000000
0 698 0.260156 0.527778 0.029687 0.133333 1.000000
0 699 0.235937 0.527778 0.031250 0.133333 1.000000
0 700 0.223047 0.526389 0.030469 0.130556 1.000000
0 701 0.208984 0.525694 0.030469 0.131944 1.000000
0 702 0.195312 0.523611 0.031250 0.130556 1.000000
0 703 0.195312 0.523611 0.031250 0.130556 1.000000
0 704 0.164844 0.523611 0.029687 0.136111 1.000000
0 705 0.147656 0.520833 0.029687 0.136111 1.000000
0 706 0.130469 0.515278 0.032813 0.127778 1.000000
0 707 0.114453 0.513194 0.032031 0.126389 1.000000
0 708 0.114453 0.513194 0.032031 0.126389 1.000000
0 709 0.081641 0.509722 0.033594 0.122222 1.000000
0 710 0.063672 0.508333 0.033594 0.122222 1.000000
0 711 0.048438 0.505556 0.031250 0.122222 1.000000
0 712 0.031250 0.504861 0.032813 0.120833 1.000000
0 713 0.031250 0.504861 0.032813 0.120833 1.000000
0 714 0.016016 0.500000 0.032031 0.119444 1.000000
0 715 0.008203 0.501389 0.016406 0.125000 1.000000
