0 1 0.068750 0.461111 0.021875 0.122222 1.000000
0 2 0.066406 0.460417 0.025000 0.120833 1.000000
0 3 0.066406 0.460417 0.025000 0.120833 1.000000
0 4 0.063281 0.461111 0.026562 0.122222 1.000000
0 5 0.061328 0.461111 0.028906 0.122222 1.000000
0 6 0.061328 0.461111 0.030469 0.122222 1.000000
0 7 0.061328 0.460417 0.030469 0.120833 1.000000
0 8 0.061328 0.460417 0.030469 0.120833 1.000000
0 9 0.058594 0.461111 0.026562 0.122222 1.000000
0 10 0.055859 0.461111 0.022656 0.122222 1.000000
0 11 0.053125 0.461111 0.020313 0.127778 1.000000
0 12 0.051172 0.459722 0.019531 0.127778 1.000000
0 13 0.051172 0.459722 0.019531 0.127778 1.000000
0 14 0.048047 0.459722 0.021094 0.127778 1.000000
0 15 0.047656 0.457639 0.021875 0.120833 1.000000
0 16 0.046094 0.459722 0.021875 0.116667 1.000000
0 17 0.044141 0.461806 0.022656 0.115278 1.000000
0 18 0.044141 0.461806 0.022656 0.115278 1.000000
0 19 0.044141 0.463889 0.024219 0.122222 1.000000
0 20 0.043750 0.463194 0.021875 0.126389 1.000000
0 21 0.041797 0.461111 0.021094 0.127778 1.000000
0 22 0.041406 0.459722 0.020313 0.130556 1.000000
0 23 0.041406 0.459722 0.020313 0.130556 1.000000
0 24 0.041406 0.459028 0.023438 0.131944 1.000000
0 25 0.041016 0.458333 0.024219 0.130556 1.000000
0 26 0.040234 0.460417 0.025781 0.131944 1.000000
0 27 0.039844 0.461111 0.026562 0.130556 1.000000
0 28 0.039844 0.461111 0.026562 0.130556 1.000000
0 29 0.039844 0.462500 0.026562 0.127778 1.000000
0 30 0.040625 0.461111 0.025000 0.127778 1.000000
0 31 0.042188 0.461111 0.026562 0.130556 1.000000
0 32 0.043359 0.459722 0.025781 0.130556 1.000000
0 33 0.043359 0.459722 0.025781 0.130556 1.000000
0 34 0.045312 0.456944 0.028125 0.127778 1.000000
0 35 0.048047 0.456250 0.030469 0.126389 1.000000
0 36 0.048828 0.456944 0.030469 0.125000 1.000000
0 37 0.050781 0.456944 0.029687 0.125000 1.000000
0 38 0.050781 0.456944 0.029687 0.125000 1.000000
0 39 0.056250 0.455556 0.028125 0.125000 1.000000
0 40 0.058984 0.454167 0.027344 0.125000 1.000000
0 41 0.062500 0.452778 0.025000 0.125000 1.000000
0 42 0.066406 0.451389 0.023438 0.125000 1.000000
0 43 0.066406 0.451389 0.023438 0.125000 1.000000
0 44 0.074609 0.449306 0.027344 0.123611 1.000000
0 45 0.078125 0.447917 0.028125 0.123611 1.000000
0 46 0.083594 0.445833 0.032813 0.122222 1.000000
0 47 0.086328 0.443056 0.032031 0.122222 1.000000
0 48 0.086328 0.443056 0.032031 0.122222 1.000000
0 49 0.094531 0.437500 0.032813 0.125000 1.000000
0 50 0.098047 0.435417 0.030469 0.123611 1.000000
0 51 0.100391 0.434028 0.030469 0.123611 1.000000
0 52 0.102344 0.431250 0.029687 0.123611 1.000000
0 53 0.102344 0.431250 0.029687 0.123611 1.000000
0 54 0.110156 0.429861 0.029687 0.120833 1.000000
0 55 0.115234 0.427778 0.028906 0.119444 1.000000
0 56 0.119531 0.426389 0.028125 0.119444 1.000000
0 57 0.124219 0.426389 0.029687 0.119444 1.000000
0 58 0.124219 0.426389 0.029687 0.119444 1.000000
0 59 0.131641 0.422222 0.028906 0.119444 1.000000
0 60 0.136328 0.420833 0.028906 0.122222 1.000000
0 61 0.139844 0.420139 0.026562 0.123611 1.000000
0 62 0.144531 0.417361 0.028125 0.123611 1.000000
0 63 0.144922 0.417361 0.028906 0.123611 1.000000
0 64 0.155469 0.413194 0.029687 0.126389 1.000000
0 65 0.160547 0.412500 0.028906 0.125000 1.000000
0 66 0.165234 0.412500 0.028906 0.125000 1.000000
0 67 0.170703 0.415972 0.028906 0.126389 1.000000
0 68 0.170703 0.415972 0.028906 0.126389 1.000000
0 69 0.180078 0.418056 0.028906 0.122222 1.000000
0 70 0.184375 0.418750 0.029687 0.123611 1.000000
0 71 0.188281 0.418056 0.029687 0.122222 1.000000
0 72 0.193359 0.417361 0.030469 0.123611 1.000000
0 73 0.193359 0.417361 0.030469 0.123611 1.000000
0 74 0.203125 0.413889 0.032813 0.122222 1.000000
0 75 0.207813 0.411806 0.032813 0.123611 1.000000
0 76 0.212109 0.409722 0.033594 0.125000 1.000000
0 77 0.217969 0.408333 0.032813 0.125000 1.000000
0 78 0.217969 0.408333 0.032813 0.125000 1.000000
0 79 0.225391 0.405556 0.025781 0.122222 1.000000
0 80 0.231250 0.406944 0.025000 0.122222 1.000000
0 81 0.237891 0.406944 0.025781 0.119444 1.000000
0 82 0.244141 0.407639 0.027344 0.118056 1.000000
0 83 0.244141 0.407639 0.027344 0.118056 1.000000
0 84 0.256250 0.406250 0.031250 0.118056 1.000000
0 85 0.263281 0.406944 0.032813 0.119444 1.000000
0 86 0.269531 0.405556 0.034375 0.116667 1.000000
0 87 0.275000 0.405556 0.034375 0.116667 1.000000
0 88 0.275000 0.405556 0.034375 0.116667 1.000000
0 89 0.282813 0.404167 0.031250 0.119444 1.000000
0 90 0.285938 0.402083 0.028125 0.118056 1.000000
0 91 0.288281 0.400694 0.025000 0.118056 1.000000
0 92 0.292578 0.400694 0.024219 0.118056 1.000000
0 93 0.292578 0.400694 0.024219 0.118056 1.000000
0 94 0.302344 0.402778 0.021875 0.116667 1.000000
0 95 0.306250 0.402778 0.021875 0.113889 1.000000
0 96 0.310156 0.404167 0.026562 0.111111 1.000000
0 97 0.314844 0.405556 0.029687 0.108333 1.000000
0 98 0.314844 0.405556 0.029687 0.108333 1.000000
0 99 0.322656 0.406944 0.035937 0.108333 1.000000
0 100 0.326562 0.406944 0.037500 0.108333 1.000000
0 101 0.331641 0.406250 0.038281 0.109722 1.000000
0 102 0.334375 0.406250 0.037500 0.109722 1.000000
0 103 0.334375 0.406250 0.037500 0.109722 1.000000
0 104 0.335938 0.402778 0.031250 0.113889 1.000000
0 105 0.339062 0.400694 0.029687 0.115278 1.000000
0 106 0.341406 0.397917 0.029687 0.112500 1.000000
0 107 0.343750 0.396528 0.028125 0.112500 1.000000
0 108 0.343750 0.396528 0.028125 0.112500 1.000000
0 109 0.349219 0.397222 0.029687 0.111111 1.000000
0 110 0.349219 0.395139 0.032813 0.106944 1.000000
0 111 0.348047 0.395833 0.036719 0.102778 1.000000
0 112 0.348047 0.395833 0.038281 0.102778 1.000000
0 113 0.348047 0.395833 0.038281 0.102778 1.000000
0 114 0.353906 0.393056 0.040625 0.102778 1.000000
0 115 0.358203 0.393750 0.041406 0.104167 1.000000
0 116 0.358594 0.392361 0.034375 0.104167 1.000000
0 117 0.356250 0.390278 0.031250 0.108333 1.000000
0 118 0.356250 0.390278 0.031250 0.108333 1.000000
0 119 0.353125 0.387500 0.025000 0.108333 1.000000
0 120 0.353125 0.385417 0.029687 0.106944 1.000000
0 121 0.354297 0.386806 0.030469 0.109722 1.000000
0 122 0.352344 0.385417 0.029687 0.106944 1.000000
0 123 0.352344 0.385417 0.029687 0.106944 1.000000
0 124 0.346875 0.387500 0.034375 0.102778 1.000000
0 125 0.345313 0.388889 0.035937 0.105556 1.000000
0 126 0.344922 0.390972 0.033594 0.104167 1.000000
0 127 0.345313 0.390278 0.031250 0.105556 1.000000
0 128 0.345313 0.390278 0.031250 0.105556 1.000000
0 129 0.344531 0.388194 0.025000 0.106944 1.000000
0 130 0.342187 0.387500 0.025000 0.108333 1.000000
0 131 0.341016 0.387500 0.024219 0.108333 1.000000
0 132 0.339453 0.387500 0.022656 0.108333 1.000000
0 133 0.339453 0.387500 0.022656 0.108333 1.000000
0 134 0.333984 0.388889 0.027344 0.108333 1.000000
0 135 0.330469 0.390278 0.031250 0.105556 1.000000
0 136 0.328516 0.392361 0.033594 0.104167 1.000000
0 137 0.326953 0.393056 0.038281 0.102778 1.000000
0 138 0.326953 0.393056 0.038281 0.102778 1.000000
0 139 0.323047 0.393056 0.038281 0.102778 1.000000
0 140 0.323437 0.393056 0.037500 0.102778 1.000000
0 141 0.323828 0.393056 0.035156 0.102778 1.000000
0 142 0.326172 0.393056 0.036719 0.102778 1.000000
0 143 0.326172 0.393056 0.036719 0.102778 1.000000
0 144 0.322266 0.393056 0.033594 0.105556 1.000000
0 145 0.314844 0.394444 0.029687 0.105556 1.000000
0 146 0.311719 0.393750 0.032813 0.104167 1.000000
0 147 0.309375 0.395833 0.034375 0.102778 1.000000
0 148 0.309375 0.395833 0.034375 0.102778 1.000000
0 149 0.305469 0.402778 0.035937 0.102778 1.000000
0 150 0.303906 0.404861 0.034375 0.104167 1.000000
0 151 0.303125 0.408333 0.032813 0.105556 1.000000
0 152 0.303125 0.406944 0.028125 0.102778 1.000000
0 153 0.303125 0.406944 0.028125 0.102778 1.000000
0 154 0.304688 0.406944 0.028125 0.105556 1.000000
0 155 0.304688 0.406944 0.028125 0.108333 1.000000
0 156 0.307031 0.408333 0.026562 0.108333 1.000000
0 157 0.310156 0.410417 0.029687 0.109722 1.000000
0 158 0.310156 0.410417 0.029687 0.109722 1.000000
0 159 0.316797 0.415972 0.032031 0.109722 1.000000
0 160 0.318750 0.420833 0.029687 0.108333 1.000000
0 161 0.321094 0.422917 0.026562 0.106944 1.000000
0 162 0.321875 0.425000 0.028125 0.108333 1.000000
0 163 0.321875 0.425000 0.028125 0.108333 1.000000
0 164 0.321875 0.427778 0.025000 0.111111 1.000000
0 165 0.321875 0.429861 0.028125 0.112500 1.000000
0 166 0.323437 0.429167 0.029687 0.108333 1.000000
0 167 0.326562 0.433333 0.031250 0.113889 1.000000
0 168 0.326562 0.433333 0.031250 0.113889 1.000000
0 169 0.333594 0.436111 0.034375 0.111111 1.000000
0 170 0.338672 0.438889 0.036719 0.113889 1.000000
0 171 0.341406 0.440278 0.034375 0.111111 1.000000
0 172 0.342578 0.441667 0.028906 0.111111 1.000000
0 173 0.342578 0.441667 0.028906 0.111111 1.000000
0 174 0.343750 0.445833 0.025000 0.113889 1.000000
0 175 0.344922 0.446528 0.024219 0.112500 1.000000
0 176 0.346875 0.446528 0.023438 0.109722 1.000000
0 177 0.350000 0.445833 0.025000 0.105556 1.000000
0 178 0.350000 0.445833 0.025000 0.105556 1.000000
0 179 0.353125 0.448611 0.028125 0.108333 1.000000
0 180 0.355859 0.449306 0.027344 0.109722 1.000000
0 181 0.358203 0.448611 0.028906 0.108333 1.000000
0 182 0.360938 0.448611 0.029687 0.108333 1.000000
0 183 0.360938 0.448611 0.029687 0.108333 1.000000
0 184 0.362109 0.450694 0.033594 0.106944 1.000000
0 185 0.364063 0.450694 0.037500 0.106944 1.000000
0 186 0.365625 0.452083 0.037500 0.106944 1.000000
0 187 0.366797 0.452778 0.036719 0.108333 1.000000
0 188 0.366797 0.452778 0.036719 0.108333 1.000000
0 189 0.371875 0.452778 0.039062 0.111111 1.000000
0 190 0.374219 0.451389 0.037500 0.111111 1.000000
0 191 0.377734 0.450694 0.036719 0.109722 1.000000
0 192 0.382422 0.450694 0.032031 0.106944 1.000000
0 193 0.382422 0.450694 0.032031 0.106944 1.000000
0 194 0.389844 0.453472 0.029687 0.106944 1.000000
0 195 0.390625 0.455556 0.031250 0.105556 1.000000
0 196 0.393750 0.456944 0.032813 0.105556 1.000000
0 197 0.397656 0.456250 0.035937 0.106944 1.000000
0 198 0.397656 0.456250 0.035937 0.106944 1.000000
0 199 0.401562 0.456944 0.034375 0.108333 1.000000
0 200 0.405469 0.456944 0.032813 0.108333 1.000000
0 201 0.407813 0.458333 0.031250 0.105556 1.000000
0 202 0.410547 0.461111 0.030469 0.105556 1.000000
0 203 0.410547 0.461111 0.030469 0.105556 1.000000
0 204 0.415625 0.463889 0.037500 0.105556 1.000000
0 205 0.419141 0.465972 0.041406 0.104167 1.000000
0 206 0.420312 0.465278 0.040625 0.102778 1.000000
0 207 0.419922 0.465278 0.039844 0.105556 1.000000
0 208 0.419922 0.465278 0.039844 0.105556 1.000000
0 209 0.421875 0.463889 0.040625 0.111111 1.000000
0 210 0.423438 0.463889 0.037500 0.111111 1.000000
0 211 0.424219 0.463889 0.035937 0.111111 1.000000
0 212 0.425781 0.464583 0.032813 0.106944 1.000000
0 213 0.425781 0.464583 0.032813 0.106944 1.000000
0 214 0.427344 0.468750 0.031250 0.101389 1.000000
0 215 0.427344 0.468750 0.034375 0.104167 1.000000
0 216 0.426953 0.472222 0.038281 0.105556 1.000000
0 217 0.425781 0.472222 0.040625 0.108333 1.000000
0 218 0.425781 0.472222 0.040625 0.108333 1.000000
0 219 0.425000 0.472222 0.050000 0.111111 1.000000
0 220 0.425391 0.470833 0.050781 0.113889 1.000000
0 221 0.425781 0.466667 0.048438 0.105556 1.000000
0 222 0.429688 0.467361 0.050000 0.104167 1.000000
0 223 0.429688 0.467361 0.050000 0.104167 1.000000
0 224 0.432031 0.465972 0.053125 0.104167 1.000000
0 225 0.432812 0.465972 0.051562 0.106944 1.000000
0 226 0.431250 0.465972 0.046875 0.106944 1.000000
0 227 0.430078 0.467361 0.039844 0.106944 1.000000
0 228 0.430078 0.467361 0.039844 0.106944 1.000000
0 229 0.443750 0.470833 0.039062 0.111111 1.000000
0 230 0.447266 0.470833 0.044531 0.111111 1.000000
0 231 0.448828 0.470139 0.044531 0.112500 1.000000
0 232 0.452344 0.468056 0.042188 0.113889 1.000000
0 233 0.452344 0.468056 0.042188 0.113889 1.000000
0 234 0.459766 0.463889 0.032031 0.105556 1.000000
0 235 0.465234 0.463194 0.030469 0.106944 1.000000
0 236 0.472656 0.462500 0.039062 0.105556 1.000000
0 237 0.475391 0.462500 0.041406 0.108333 1.000000
0 238 0.475391 0.462500 0.041406 0.108333 1.000000
0 239 0.491797 0.455556 0.050781 0.097222 1.000000
0 240 0.498437 0.456250 0.046875 0.101389 1.000000
0 241 0.504687 0.454167 0.040625 0.102778 1.000000
0 242 0.514062 0.454167 0.037500 0.108333 1.000000
0 243 0.514062 0.454167 0.037500 0.108333 1.000000
0 244 0.533984 0.453472 0.033594 0.109722 1.000000
0 245 0.541406 0.453472 0.032813 0.106944 1.000000
0 246 0.551562 0.452778 0.040625 0.105556 1.000000
0 247 0.561328 0.451389 0.044531 0.105556 1.000000
0 248 0.561328 0.451389 0.044531 0.105556 1.000000
0 249 0.579688 0.452778 0.050000 0.105556 1.000000
0 250 0.590234 0.452778 0.047656 0.105556 1.000000
0 251 0.600000 0.452778 0.034375 0.105556 1.000000
0 252 0.609375 0.451389 0.035937 0.102778 1.000000
0 253 0.609375 0.451389 0.035937 0.102778 1.000000
0 254 0.623437 0.448611 0.037500 0.100000 1.000000
0 255 0.631250 0.447917 0.037500 0.101389 1.000000
0 256 0.635938 0.446528 0.035937 0.101389 1.000000
0 257 0.639844 0.445833 0.034375 0.102778 1.000000
0 258 0.639844 0.445833 0.034375 0.102778 1.000000
0 259 0.642969 0.444444 0.028125 0.105556 1.000000
0 260 0.643750 0.444444 0.029687 0.102778 1.000000
0 261 0.643359 0.444444 0.030469 0.100000 1.000000
0 262 0.641406 0.445833 0.032813 0.100000 1.000000
0 263 0.641406 0.445833 0.032813 0.100000 1.000000
0 264 0.632422 0.445139 0.032031 0.101389 1.000000
0 265 0.629687 0.443056 0.034375 0.102778 1.000000
0 266 0.624219 0.443056 0.035937 0.102778 1.000000
0 267 0.616797 0.443750 0.035156 0.106944 1.000000
0 268 0.616797 0.443750 0.035156 0.106944 1.000000
0 269 0.599219 0.442361 0.035937 0.109722 1.000000
0 270 0.587500 0.440972 0.034375 0.112500 1.000000
0 271 0.576562 0.440278 0.029687 0.113889 1.000000
0 272 0.564063 0.437500 0.023438 0.113889 1.000000
0 273 0.564063 0.437500 0.023438 0.113889 1.000000
0 274 0.543750 0.436806 0.021875 0.112500 1.000000
0 275 0.533594 0.436806 0.026562 0.112500 1.000000
0 276 0.525000 0.437500 0.031250 0.108333 1.000000
0 277 0.515234 0.437500 0.033594 0.108333 1.000000
0 278 0.515234 0.437500 0.033594 0.108333 1.000000
0 279 0.497266 0.437500 0.036719 0.111111 1.000000
0 280 0.488672 0.436806 0.036719 0.106944 1.000000
0 281 0.481250 0.437500 0.035937 0.105556 1.000000
0 282 0.474609 0.436111 0.033594 0.105556 1.000000
0 283 0.474609 0.436111 0.033594 0.105556 1.000000
0 284 0.460938 0.432639 0.029687 0.106944 1.000000
0 285 0.454297 0.431944 0.028906 0.108333 1.000000
0 286 0.446875 0.432639 0.028125 0.109722 1.000000
0 287 0.439453 0.432639 0.028906 0.112500 1.000000
0 288 0.439453 0.432639 0.028906 0.112500 1.000000
0 289 0.421875 0.429861 0.032813 0.109722 1.000000
0 290 0.413281 0.427778 0.032813 0.108333 1.000000
0 291 0.405469 0.427083 0.029687 0.109722 1.000000
0 292 0.397656 0.426389 0.029687 0.113889 1.000000
0 293 0.397656 0.426389 0.029687 0.113889 1.000000
0 294 0.380469 0.425000 0.026562 0.116667 1.000000
0 295 0.372656 0.425000 0.026562 0.116667 1.000000
0 296 0.363672 0.426389 0.027344 0.113889 1.000000
0 297 0.355859 0.425694 0.027344 0.115278 1.000000
0 298 0.355859 0.425694 0.027344 0.115278 1.000000
0 299 0.340625 0.425000 0.021875 0.116667 1.000000
0 300 0.334766 0.423611 0.022656 0.113889 1.000000
0 301 0.328125 0.425000 0.023438 0.116667 1.000000
0 302 0.319531 0.424306 0.021875 0.120833 1.000000
0 303 0.319531 0.424306 0.021875 0.120833 1.000000
0 304 0.305469 0.427778 0.023438 0.122222 1.000000
0 305 0.299219 0.427778 0.025000 0.122222 1.000000
0 306 0.292187 0.429167 0.025000 0.119444 1.000000
0 307 0.284375 0.428472 0.025000 0.118056 1.000000
0 308 0.284375 0.428472 0.025000 0.118056 1.000000
0 309 0.270313 0.427778 0.023438 0.119444 1.000000
0 310 0.263281 0.428472 0.023438 0.120833 1.000000
0 311 0.256250 0.429167 0.021875 0.122222 1.000000
0 312 0.248828 0.431250 0.022656 0.123611 1.000000
0 313 0.248828 0.431250 0.022656 0.123611 1.000000
0 314 0.235937 0.433333 0.026562 0.119444 1.000000
0 315 0.229297 0.434722 0.025781 0.119444 1.000000
0 316 0.223828 0.434722 0.025781 0.116667 1.000000
0 317 0.218359 0.433333 0.024219 0.113889 1.000000
0 318 0.218359 0.433333 0.024219 0.113889 1.000000
0 319 0.207813 0.432639 0.023438 0.115278 1.000000
0 320 0.202734 0.433333 0.022656 0.119444 1.000000
0 321 0.198437 0.434028 0.021875 0.120833 1.000000
0 322 0.194531 0.435417 0.021875 0.120833 1.000000
0 323 0.194531 0.435417 0.021875 0.120833 1.000000
0 324 0.185938 0.436806 0.021875 0.118056 1.000000
0 325 0.181250 0.436111 0.021875 0.116667 1.000000
0 326 0.178125 0.436111 0.021875 0.116667 1.000000
0 327 0.175000 0.436111 0.021875 0.116667 1.000000
0 328 0.175000 0.436111 0.021875 0.116667 1.000000
0 329 0.168750 0.437500 0.021875 0.119444 1.000000
0 330 0.167187 0.438889 0.026562 0.116667 1.000000
0 331 0.164062 0.440972 0.025000 0.115278 1.000000
0 332 0.163281 0.440278 0.025000 0.113889 1.000000
0 333 0.163281 0.440278 0.025000 0.113889 1.000000
0 334 0.163672 0.440278 0.022656 0.113889 1.000000
0 335 0.163672 0.440972 0.021094 0.115278 1.000000
0 336 0.163281 0.441667 0.020313 0.116667 1.000000
0 337 0.163281 0.443750 0.020313 0.118056 1.000000
0 338 0.163281 0.443750 0.020313 0.118056 1.000000
0 339 0.160938 0.450000 0.023438 0.116667 1.000000
0 340 0.159375 0.450000 0.028125 0.113889 1.000000
0 341 0.158984 0.451389 0.027344 0.113889 1.000000
0 342 0.158594 0.450000 0.026562 0.113889 1.000000
0 343 0.158594 0.450000 0.026562 0.113889 1.000000
0 344 0.160156 0.450694 0.021875 0.115278 1.000000
0 345 0.160156 0.452778 0.021875 0.119444 1.000000
0 346 0.158594 0.453472 0.023438 0.118056 1.000000
0 347 0.158203 0.454167 0.024219 0.116667 1.000000
0 348 0.158203 0.454167 0.024219 0.116667 1.000000
0 349 0.157031 0.456944 0.025000 0.116667 1.000000
0 350 0.157422 0.456944 0.024219 0.116667 1.000000
0 351 0.157812 0.456250 0.023438 0.118056 1.000000
0 352 0.157812 0.456944 0.021875 0.119444 1.000000
0 353 0.157812 0.456944 0.021875 0.119444 1.000000
0 354 0.158594 0.455556 0.020313 0.122222 1.000000
0 355 0.158984 0.455556 0.017969 0.122222 1.000000
0 356 0.158984 0.455556 0.017969 0.122222 1.000000
0 357 0.158984 0.456250 0.017969 0.120833 1.000000
0 358 0.158984 0.456250 0.017969 0.120833 1.000000
0 359 0.159375 0.458333 0.018750 0.122222 1.000000
0 360 0.159375 0.458333 0.018750 0.122222 1.000000
0 361 0.159766 0.458333 0.019531 0.122222 1.000000
0 362 0.159375 0.459722 0.018750 0.119444 1.000000
0 363 0.159375 0.459722 0.018750 0.119444 1.000000
0 364 0.160938 0.461111 0.018750 0.119444 1.000000
0 365 0.161719 0.461111 0.017188 0.116667 1.000000
0 366 0.163672 0.463194 0.017969 0.118056 1.000000
0 367 0.165234 0.464583 0.017969 0.118056 1.000000
0 368 0.165234 0.464583 0.017969 0.118056 1.000000
0 369 0.167969 0.463194 0.017188 0.115278 1.000000
0 370 0.170313 0.462500 0.017188 0.116667 1.000000
0 371 0.172656 0.463889 0.018750 0.119444 1.000000
0 372 0.173047 0.463889 0.021094 0.119444 1.000000
0 373 0.173047 0.463889 0.021094 0.119444 1.000000
0 374 0.175781 0.467361 0.023438 0.118056 1.000000
0 375 0.177734 0.469444 0.024219 0.116667 1.000000
0 376 0.178906 0.471528 0.025000 0.115278 1.000000
0 377 0.180469 0.472917 0.026562 0.115278 1.000000
0 378 0.180469 0.472917 0.026562 0.115278 1.000000
0 379 0.183203 0.475000 0.028906 0.116667 1.000000
0 380 0.183594 0.475000 0.029687 0.116667 1.000000
0 381 0.184375 0.477778 0.031250 0.116667 1.000000
0 382 0.185156 0.478472 0.032813 0.118056 1.000000
0 383 0.185156 0.478472 0.032813 0.118056 1.000000
0 384 0.184375 0.477778 0.028125 0.119444 1.000000
0 385 0.183594 0.477083 0.025000 0.120833 1.000000
0 386 0.183984 0.477083 0.024219 0.120833 1.000000
0 387 0.182812 0.477083 0.021875 0.120833 1.000000
0 388 0.182812 0.477083 0.021875 0.120833 1.000000
0 389 0.181250 0.479167 0.021875 0.119444 1.000000
0 390 0.181641 0.480556 0.022656 0.119444 1.000000
0 391 0.181641 0.481250 0.024219 0.118056 1.000000
0 392 0.180469 0.481944 0.026562 0.119444 1.000000
0 393 0.180469 0.482639 0.026562 0.118056 1.000000
0 394 0.180078 0.484722 0.028906 0.119444 1.000000
0 395 0.178906 0.484722 0.031250 0.119444 1.000000
0 396 0.178906 0.483333 0.032813 0.119444 1.000000
0 397 0.175781 0.482639 0.029687 0.120833 1.000000
0 398 0.175781 0.482639 0.029687 0.120833 1.000000
0 399 0.168750 0.480556 0.021875 0.125000 1.000000
0 400 0.166406 0.479861 0.020313 0.126389 1.000000
0 401 0.165234 0.479861 0.019531 0.126389 1.000000
0 402 0.163281 0.481944 0.020313 0.125000 1.000000
0 403 0.163281 0.481944 0.020313 0.125000 1.000000
0 404 0.162500 0.484722 0.023438 0.125000 1.000000
0 405 0.162500 0.486806 0.026562 0.123611 1.000000
0 406 0.160938 0.486806 0.028125 0.123611 1.000000
0 407 0.160156 0.486111 0.029687 0.122222 1.000000
0 408 0.160156 0.486111 0.029687 0.122222 1.000000
0 409 0.158594 0.484028 0.029687 0.123611 1.000000
0 410 0.156641 0.481944 0.028906 0.125000 1.000000
0 411 0.153516 0.479167 0.024219 0.125000 1.000000
0 412 0.151953 0.478472 0.022656 0.126389 1.000000
0 413 0.151953 0.478472 0.022656 0.126389 1.000000
0 414 0.148438 0.479167 0.021875 0.127778 1.000000
0 415 0.147656 0.480556 0.021875 0.127778 1.000000
0 416 0.146875 0.481944 0.025000 0.127778 1.000000
0 417 0.146094 0.483333 0.025000 0.125000 1.000000
0 418 0.146094 0.483333 0.025000 0.125000 1.000000
0 419 0.144531 0.485417 0.028125 0.123611 1.000000
0 420 0.143750 0.483333 0.029687 0.122222 1.000000
0 421 0.142578 0.483333 0.028906 0.125000 1.000000
0 422 0.141406 0.481944 0.028125 0.125000 1.000000
0 423 0.141406 0.481944 0.028125 0.125000 1.000000
0 424 0.137500 0.480556 0.023438 0.127778 1.000000
0 425 0.137891 0.479861 0.022656 0.126389 1.000000
0 426 0.137500 0.482639 0.023438 0.126389 1.000000
0 427 0.137109 0.484028 0.024219 0.126389 1.000000
0 428 0.137109 0.484028 0.024219 0.126389 1.000000
0 429 0.135156 0.488889 0.029687 0.119444 1.000000
0 430 0.134375 0.491667 0.031250 0.116667 1.000000
0 431 0.134375 0.490972 0.032813 0.115278 1.000000
0 432 0.132422 0.490972 0.036719 0.115278 1.000000
0 433 0.132422 0.490972 0.036719 0.115278 1.000000
0 434 0.133594 0.489583 0.029687 0.118056 1.000000
0 435 0.133594 0.490278 0.026562 0.119444 1.000000
0 436 0.133594 0.486806 0.025000 0.115278 1.000000
0 437 0.132812 0.486111 0.025000 0.113889 1.000000
0 438 0.132812 0.486111 0.025000 0.113889 1.000000
0 439 0.132812 0.482639 0.026562 0.118056 1.000000
0 440 0.133984 0.481250 0.028906 0.120833 1.000000
0 441 0.137109 0.477778 0.035156 0.122222 1.000000
0 442 0.138281 0.477778 0.035937 0.125000 1.000000
0 443 0.138281 0.477778 0.035937 0.125000 1.000000
0 444 0.142578 0.472222 0.033594 0.122222 1.000000
0 445 0.146094 0.470833 0.034375 0.119444 1.000000
0 446 0.150781 0.470833 0.032813 0.119444 1.000000
0 447 0.157031 0.470139 0.029687 0.118056 1.000000
0 448 0.157031 0.470139 0.029687 0.118056 1.000000
0 449 0.166406 0.467361 0.031250 0.120833 1.000000
0 450 0.171094 0.466667 0.031250 0.122222 1.000000
0 451 0.178516 0.464583 0.036719 0.123611 1.000000
0 452 0.186719 0.461806 0.035937 0.118056 1.000000
0 453 0.186719 0.461806 0.035937 0.118056 1.000000
0 454 0.199609 0.459722 0.028906 0.119444 1.000000
0 455 0.208203 0.459722 0.025781 0.119444 1.000000
0 456 0.219531 0.455556 0.023438 0.122222 1.000000
0 457 0.230859 0.455556 0.021094 0.125000 1.000000
0 458 0.230859 0.455556 0.021094 0.125000 1.000000
0 459 0.248828 0.454167 0.025781 0.127778 1.000000
0 460 0.260156 0.452778 0.028125 0.125000 1.000000
0 461 0.270313 0.454167 0.025000 0.125000 1.000000
0 462 0.279297 0.456250 0.024219 0.123611 1.000000
0 463 0.279297 0.456250 0.024219 0.123611 1.000000
0 464 0.300000 0.459722 0.026562 0.119444 1.000000
0 465 0.311328 0.459722 0.028906 0.119444 1.000000
0 466 0.318750 0.458333 0.032813 0.116667 1.000000
0 467 0.325000 0.459028 0.034375 0.118056 1.000000
0 468 0.325000 0.459028 0.034375 0.118056 1.000000
0 469 0.336719 0.454861 0.032813 0.120833 1.000000
0 470 0.343750 0.454167 0.029687 0.119444 1.000000
0 471 0.349219 0.452778 0.026562 0.119444 1.000000
0 472 0.356250 0.452083 0.021875 0.120833 1.000000
0 473 0.356250 0.452083 0.021875 0.120833 1.000000
0 474 0.375000 0.452778 0.017188 0.119444 1.000000
0 475 0.382812 0.454861 0.018750 0.120833 1.000000
0 476 0.389844 0.456944 0.021875 0.119444 1.000000
0 477 0.395703 0.458333 0.025781 0.116667 1.000000
0 478 0.395703 0.458333 0.025781 0.116667 1.000000
0 479 0.409375 0.458333 0.035937 0.116667 1.000000
0 480 0.414844 0.456944 0.037500 0.116667 1.000000
0 481 0.421094 0.456250 0.039062 0.118056 1.000000
0 482 0.427344 0.454861 0.035937 0.115278 1.000000
0 483 0.427344 0.454861 0.035937 0.115278 1.000000
0 484 0.446094 0.451389 0.034375 0.108333 1.000000
0 485 0.457813 0.451389 0.032813 0.108333 1.000000
0 486 0.461328 0.451389 0.032031 0.108333 1.000000
0 487 0.467187 0.451389 0.034375 0.108333 1.000000
0 488 0.467187 0.451389 0.034375 0.108333 1.000000
0 489 0.476172 0.452778 0.030469 0.105556 1.000000
0 490 0.482031 0.452778 0.025000 0.105556 1.000000
0 491 0.489063 0.452083 0.021875 0.104167 1.000000
0 492 0.495312 0.452778 0.021875 0.105556 1.000000
0 493 0.495312 0.452778 0.021875 0.105556 1.000000
0 494 0.507422 0.450000 0.033594 0.108333 1.000000
0 495 0.513281 0.450000 0.039062 0.108333 1.000000
0 496 0.516406 0.447917 0.039062 0.106944 1.000000
0 497 0.520312 0.446528 0.037500 0.104167 1.000000
0 498 0.521094 0.446528 0.037500 0.104167 1.000000
0 499 0.535547 0.443056 0.027344 0.100000 1.000000
0 500 0.541016 0.445139 0.028906 0.104167 1.000000
0 501 0.549609 0.445833 0.033594 0.100000 1.000000
0 502 0.558594 0.448611 0.040625 0.097222 1.000000
0 503 0.558594 0.448611 0.040625 0.097222 1.000000
0 504 0.570312 0.450000 0.037500 0.094444 1.000000
0 505 0.575000 0.450000 0.034375 0.094444 1.000000
0 506 0.578906 0.449306 0.035937 0.095833 1.000000
0 507 0.581641 0.450000 0.038281 0.097222 1.000000
0 508 0.581641 0.450000 0.038281 0.097222 1.000000
0 509 0.584375 0.450000 0.043750 0.100000 1.000000
0 510 0.584375 0.448611 0.050000 0.097222 1.000000
0 511 0.580469 0.448611 0.046875 0.097222 1.000000
0 512 0.578516 0.447917 0.044531 0.095833 1.000000
0 513 0.578516 0.447917 0.044531 0.095833 1.000000
0 514 0.580859 0.448611 0.046094 0.097222 1.000000
0 515 0.580859 0.447917 0.047656 0.098611 1.000000
0 516 0.581250 0.448611 0.046875 0.097222 1.000000
0 517 0.582422 0.448611 0.039844 0.097222 1.000000
0 518 0.582422 0.448611 0.039844 0.097222 1.000000
0 519 0.578125 0.452778 0.028125 0.097222 1.000000
0 520 0.579297 0.455556 0.032031 0.097222 1.000000
0 521 0.579297 0.456250 0.036719 0.095833 1.000000
0 522 0.578906 0.459028 0.042188 0.095833 1.000000
0 523 0.578906 0.459028 0.042188 0.095833 1.000000
0 524 0.576172 0.462500 0.042969 0.094444 1.000000
0 525 0.573438 0.463194 0.037500 0.095833 1.000000
0 526 0.568359 0.463194 0.036719 0.095833 1.000000
0 527 0.562500 0.462500 0.034375 0.097222 1.000000
0 528 0.562500 0.462500 0.034375 0.097222 1.000000
0 529 0.564844 0.465278 0.035937 0.102778 1.000000
0 530 0.561719 0.465278 0.040625 0.102778 1.000000
0 531 0.559375 0.466667 0.043750 0.105556 1.000000
0 532 0.558594 0.466667 0.042188 0.105556 1.000000
0 533 0.558594 0.466667 0.042188 0.105556 1.000000
0 534 0.554688 0.465278 0.025000 0.108333 1.000000
0 535 0.551562 0.463194 0.021875 0.112500 1.000000
0 536 0.549609 0.459722 0.024219 0.113889 1.000000
0 537 0.549219 0.458333 0.023438 0.116667 1.000000
0 538 0.549219 0.458333 0.023438 0.116667 1.000000
0 539 0.542188 0.452083 0.034375 0.115278 1.000000
0 540 0.540625 0.452083 0.035937 0.115278 1.000000
0 541 0.539844 0.452083 0.039062 0.112500 1.000000
0 542 0.539453 0.453472 0.038281 0.106944 1.000000
0 543 0.539453 0.453472 0.038281 0.106944 1.000000
0 544 0.537500 0.459722 0.034375 0.105556 1.000000
0 545 0.535156 0.461111 0.029687 0.105556 1.000000
0 546 0.533203 0.461806 0.025781 0.109722 1.000000
0 547 0.531641 0.461111 0.022656 0.111111 1.000000
0 548 0.531641 0.461111 0.022656 0.111111 1.000000
0 549 0.532031 0.455556 0.023438 0.108333 1.000000
0 550 0.532031 0.456250 0.023438 0.112500 1.000000
0 551 0.530859 0.454167 0.025781 0.113889 1.000000
0 552 0.531641 0.452778 0.025781 0.116667 1.000000
0 553 0.531641 0.452778 0.025781 0.116667 1.000000
0 554 0.533203 0.451389 0.025781 0.119444 1.000000
0 555 0.531250 0.452778 0.029687 0.122222 1.000000
0 556 0.529687 0.456944 0.031250 0.125000 1.000000
0 557 0.529687 0.458333 0.031250 0.122222 1.000000
0 558 0.529687 0.458333 0.031250 0.122222 1.000000
0 559 0.528906 0.463889 0.042188 0.116667 1.000000
0 560 0.531250 0.468056 0.046875 0.113889 1.000000
0 561 0.530859 0.469444 0.050781 0.108333 1.000000
0 562 0.530469 0.470833 0.054688 0.108333 1.000000
0 563 0.530469 0.470833 0.054688 0.108333 1.000000
0 564 0.529687 0.472222 0.059375 0.116667 1.000000
0 565 0.529687 0.470833 0.059375 0.108333 1.000000
0 566 0.526563 0.470833 0.060937 0.111111 1.000000
0 567 0.516797 0.473611 0.050781 0.113889 1.000000
0 568 0.516797 0.473611 0.050781 0.113889 1.000000
0 569 0.516406 0.472222 0.054688 0.116667 1.000000
0 570 0.517188 0.472222 0.057813 0.119444 1.000000
0 571 0.516406 0.470139 0.057813 0.118056 1.000000
0 572 0.516406 0.472222 0.056250 0.119444 1.000000
0 573 0.516406 0.472222 0.056250 0.119444 1.000000
0 574 0.512500 0.473611 0.037500 0.119444 1.000000
0 575 0.514062 0.473611 0.035937 0.119444 1.000000
0 576 0.513672 0.473611 0.039844 0.119444 1.000000
0 577 0.510156 0.474306 0.037500 0.120833 1.000000
0 578 0.510156 0.474306 0.037500 0.120833 1.000000
0 579 0.507812 0.473611 0.040625 0.119444 1.000000
0 580 0.504297 0.473611 0.041406 0.119444 1.000000
0 581 0.499609 0.473611 0.033594 0.119444 1.000000
0 582 0.494531 0.475000 0.039062 0.119444 1.000000
0 583 0.494531 0.475000 0.039062 0.119444 1.000000
0 584 0.499609 0.475000 0.049219 0.119444 1.000000
0 585 0.501172 0.473611 0.049219 0.119444 1.000000
0 586 0.502734 0.475000 0.047656 0.119444 1.000000
0 587 0.502344 0.476389 0.039062 0.119444 1.000000
0 588 0.502344 0.476389 0.039062 0.119444 1.000000
0 589 0.499609 0.477778 0.028906 0.119444 1.000000
0 590 0.501563 0.477778 0.035937 0.122222 1.000000
0 591 0.500000 0.476389 0.042188 0.125000 1.000000
0 592 0.497656 0.473611 0.046875 0.119444 1.000000
0 593 0.497656 0.473611 0.046875 0.119444 1.000000
0 594 0.489844 0.475000 0.045312 0.119444 1.000000
0 595 0.482812 0.475694 0.042188 0.118056 1.000000
0 596 0.480859 0.474306 0.047656 0.118056 1.000000
0 597 0.480469 0.472222 0.053125 0.116667 1.000000
0 598 0.480469 0.472222 0.053125 0.116667 1.000000
0 599 0.478906 0.470139 0.046875 0.115278 1.000000
0 600 0.475000 0.472222 0.042188 0.116667 1.000000
0 601 0.468359 0.471528 0.032031 0.118056 1.000000
0 602 0.464453 0.472917 0.028906 0.118056 1.000000
0 603 0.464453 0.472917 0.028906 0.118056 1.000000
0 604 0.454297 0.472222 0.050781 0.119444 1.000000
0 605 0.446484 0.471528 0.060156 0.120833 1.000000
0 606 0.441016 0.472917 0.063281 0.118056 1.000000
0 607 0.436328 0.472222 0.063281 0.116667 1.000000
0 608 0.436328 0.472222 0.063281 0.116667 1.000000
0 609 0.431250 0.472222 0.051562 0.111111 1.000000
0 610 0.428516 0.472222 0.041406 0.111111 1.000000
0 611 0.421094 0.472917 0.037500 0.109722 1.000000
0 612 0.416016 0.472917 0.035156 0.109722 1.000000
0 613 0.416016 0.472917 0.035156 0.109722 1.000000
0 614 0.400391 0.470833 0.050781 0.113889 1.000000
0 615 0.400391 0.469444 0.041406 0.116667 1.000000
0 616 0.401953 0.468056 0.038281 0.125000 1.000000
0 617 0.398438 0.467361 0.043750 0.129167 1.000000
0 618 0.398438 0.467361 0.043750 0.129167 1.000000
0 619 0.395313 0.470833 0.040625 0.125000 1.000000
0 620 0.389453 0.471528 0.038281 0.126389 1.000000
0 621 0.383594 0.470833 0.034375 0.125000 1.000000
0 622 0.375000 0.470139 0.025000 0.129167 1.000000
0 623 0.375000 0.470139 0.025000 0.129167 1.000000
0 624 0.366406 0.468750 0.025000 0.123611 1.000000
0 625 0.363281 0.468056 0.025000 0.119444 1.000000
0 626 0.361719 0.472222 0.023438 0.122222 1.000000
0 627 0.357422 0.472917 0.024219 0.118056 1.000000
0 628 0.357422 0.472917 0.024219 0.118056 1.000000
0 629 0.346484 0.472917 0.033594 0.115278 1.000000
0 630 0.339844 0.472222 0.039062 0.113889 1.000000
0 631 0.336328 0.472222 0.044531 0.113889 1.000000
0 632 0.337500 0.472222 0.050000 0.111111 1.000000
0 633 0.337500 0.472222 0.050000 0.111111 1.000000
0 634 0.335938 0.470833 0.045312 0.111111 1.000000
0 635 0.332031 0.469444 0.037500 0.111111 1.000000
0 636 0.332422 0.468056 0.032031 0.108333 1.000000
0 637 0.331250 0.466667 0.029687 0.105556 1.000000
0 638 0.331250 0.466667 0.029687 0.105556 1.000000
0 639 0.328125 0.470833 0.031250 0.113889 1.000000
0 640 0.328125 0.470139 0.032813 0.112500 1.000000
0 641 0.328906 0.468750 0.031250 0.109722 1.000000
0 642 0.331250 0.468056 0.029687 0.108333 1.000000
0 643 0.331250 0.468056 0.029687 0.108333 1.000000
0 644 0.333594 0.465278 0.026562 0.108333 1.000000
0 645 0.334375 0.462500 0.026562 0.113889 1.000000
0 646 0.336719 0.456944 0.028125 0.113889 1.000000
0 647 0.339453 0.456944 0.028906 0.116667 1.000000
0 648 0.339453 0.456944 0.028906 0.116667 1.000000
0 649 0.342187 0.455556 0.028125 0.116667 1.000000
0 650 0.343750 0.456944 0.029687 0.116667 1.000000
0 651 0.344531 0.457639 0.029687 0.118056 1.000000
0 652 0.345313 0.457639 0.029687 0.115278 1.000000
0 653 0.345313 0.457639 0.029687 0.115278 1.000000
0 654 0.344141 0.458333 0.030469 0.116667 1.000000
0 655 0.344922 0.457639 0.036719 0.118056 1.000000
0 656 0.344922 0.456250 0.039844 0.120833 1.000000
0 657 0.346875 0.454861 0.040625 0.120833 1.000000
0 658 0.346875 0.454861 0.040625 0.120833 1.000000
0 659 0.348438 0.449306 0.046875 0.126389 1.000000
0 660 0.350000 0.446528 0.043750 0.126389 1.000000
0 661 0.341406 0.445139 0.026562 0.129167 1.000000
0 662 0.341406 0.440278 0.025000 0.127778 1.000000
0 663 0.341406 0.440278 0.025000 0.127778 1.000000
0 664 0.342187 0.440278 0.025000 0.130556 1.000000
0 665 0.340625 0.440278 0.025000 0.127778 1.000000
0 666 0.335938 0.441667 0.031250 0.125000 1.000000
0 667 0.334375 0.443056 0.034375 0.125000 1.000000
0 668 0.334375 0.443056 0.034375 0.125000 1.000000
0 669 0.335547 0.443056 0.036719 0.116667 1.000000
0 670 0.337500 0.443750 0.042188 0.115278 1.000000
0 671 0.337500 0.445833 0.046875 0.111111 1.000000
0 672 0.339844 0.444444 0.046875 0.111111 1.000000
0 673 0.339844 0.444444 0.046875 0.111111 1.000000
0 674 0.339844 0.443750 0.035937 0.115278 1.000000
0 675 0.344531 0.442361 0.040625 0.118056 1.000000
0 676 0.345313 0.440972 0.042188 0.115278 1.000000
0 677 0.346484 0.440278 0.042969 0.113889 1.000000
0 678 0.346484 0.440278 0.042969 0.113889 1.000000
0 679 0.347656 0.439583 0.048438 0.112500 1.000000
0 680 0.347266 0.441667 0.049219 0.111111 1.000000
0 681 0.348438 0.443750 0.040625 0.106944 1.000000
0 682 0.348438 0.444444 0.042188 0.108333 1.000000
0 683 0.348438 0.444444 0.042188 0.108333 1.000000
0 684 0.340625 0.443056 0.037500 0.102778 1.000000
0 685 0.339062 0.441667 0.039062 0.100000 1.000000
0 686 0.338281 0.440278 0.042188 0.097222 1.000000
0 687 0.335156 0.437500 0.042188 0.097222 1.000000
0 688 0.335156 0.437500 0.042188 0.097222 1.000000
0 689 0.324219 0.429861 0.042188 0.093056 1.000000
0 690 0.322656 0.430556 0.053125 0.094444 1.000000
0 691 0.313281 0.436111 0.050000 0.105556 1.000000
0 692 0.303125 0.440278 0.045312 0.113889 1.000000
0 693 0.303125 0.440278 0.045312 0.113889 1.000000
0 694 0.278906 0.445833 0.025000 0.122222 1.000000
0 695 0.267969 0.446528 0.026562 0.120833 1.000000
0 696 0.257031 0.445833 0.026562 0.119444 1.000000
0 697 0.245703 0.443750 0.027344 0.120833 1.000000
0 698 0.245703 0.443750 0.027344 0.120833 1.000000
0 699 0.221094 0.440972 0.032813 0.126389 1.000000
0 700 0.208594 0.438889 0.035937 0.125000 1.000000
0 701 0.193750 0.437500 0.035937 0.125000 1.000000
0 702 0.176953 0.434722 0.035156 0.122222 1.000000
0 703 0.176953 0.434722 0.035156 0.122222 1.000000
0 704 0.146094 0.433333 0.048438 0.116667 1.000000
0 705 0.127344 0.433333 0.046875 0.113889 1.000000
0 706 0.109375 0.433333 0.050000 0.111111 1.000000
0 707 0.091016 0.430556 0.050781 0.111111 1.000000
0 708 0.091016 0.430556 0.050781 0.111111 1.000000
0 709 0.057813 0.426389 0.050000 0.105556 1.000000
0 710 0.043750 0.422222 0.046875 0.102778 1.000000
0 711 0.030859 0.416667 0.046094 0.097222 1.000000
0 712 0.019531 0.413889 0.039062 0.100000 1.000000
0 713 0.019531 0.413889 0.039062 0.100000 1.000000
