0 1 0.772917 0.546759 0.032292 0.186111 1.000000
0 2 0.772656 0.546759 0.032813 0.186111 1.000000
0 3 0.772656 0.546296 0.032813 0.185185 1.000000
0 4 0.772396 0.546759 0.033333 0.186111 1.000000
0 5 0.772396 0.547222 0.033333 0.185185 1.000000
0 6 0.772396 0.547685 0.033333 0.184259 1.000000
0 7 0.771875 0.547685 0.033333 0.184259 1.000000
0 8 0.772135 0.548148 0.033854 0.183333 1.000000
0 9 0.772135 0.548611 0.034896 0.182407 1.000000
0 10 0.772135 0.549537 0.034896 0.182407 1.000000
0 11 0.772396 0.549074 0.035417 0.181481 1.000000
0 12 0.771875 0.549537 0.035417 0.180556 1.000000
0 13 0.771875 0.550000 0.035417 0.179630 1.000000
0 14 0.772135 0.550463 0.035937 0.178704 1.000000
0 15 0.771354 0.550926 0.035417 0.177778 1.000000
0 16 0.771094 0.551852 0.034896 0.175926 1.000000
0 17 0.771094 0.552778 0.035937 0.174074 1.000000
0 18 0.771094 0.553241 0.035937 0.173148 1.000000
0 19 0.771354 0.553704 0.036458 0.172222 1.000000
0 20 0.770833 0.555093 0.036458 0.169444 1.000000
0 21 0.770833 0.556481 0.036458 0.166667 1.000000
0 22 0.770573 0.557407 0.035937 0.164815 1.000000
0 23 0.770312 0.558333 0.036458 0.162963 1.000000
0 24 0.770573 0.559259 0.036979 0.161111 1.000000
0 25 0.769792 0.558796 0.036458 0.158333 1.000000
0 26 0.770052 0.560648 0.036979 0.156481 1.000000
0 27 0.770052 0.559259 0.036979 0.151852 1.000000
0 28 0.769531 0.557870 0.036979 0.147222 1.000000
0 29 0.769792 0.557870 0.037500 0.147222 1.000000
0 30 0.769792 0.557870 0.037500 0.147222 1.000000
0 31 0.769271 0.556019 0.037500 0.149074 1.000000
0 32 0.769531 0.553241 0.038021 0.154630 1.000000
0 33 0.769010 0.551389 0.038021 0.158333 1.000000
0 34 0.768490 0.549537 0.036979 0.162037 1.000000
0 35 0.768229 0.548148 0.036458 0.164815 1.000000
0 36 0.767708 0.545370 0.036458 0.168519 1.000000
0 37 0.767188 0.543519 0.035417 0.170370 1.000000
0 38 0.766927 0.541667 0.034896 0.174074 1.000000
0 39 0.766146 0.541667 0.034375 0.175926 1.000000
0 40 0.765104 0.539352 0.034375 0.178704 1.000000
0 41 0.765104 0.538426 0.034375 0.178704 1.000000
0 42 0.764323 0.537037 0.033854 0.179630 1.000000
0 43 0.764323 0.537037 0.033854 0.181481 1.000000
0 44 0.763542 0.536111 0.034375 0.181481 1.000000
0 45 0.762500 0.534722 0.034375 0.180556 1.000000
0 46 0.761979 0.533796 0.034375 0.180556 1.000000
0 47 0.761458 0.533796 0.034375 0.180556 1.000000
0 48 0.761458 0.533796 0.034375 0.180556 1.000000
0 49 0.760938 0.532870 0.034375 0.180556 1.000000
0 50 0.760938 0.532870 0.034375 0.180556 1.000000
0 51 0.760417 0.532870 0.034375 0.178704 1.000000
0 52 0.760156 0.532870 0.033854 0.178704 1.000000
0 53 0.759635 0.532870 0.033854 0.178704 1.000000
0 54 0.759635 0.531481 0.033854 0.179630 1.000000
0 55 0.759375 0.529630 0.033333 0.179630 1.000000
0 56 0.758854 0.525463 0.033333 0.173148 1.000000
0 57 0.758333 0.522685 0.033333 0.171296 1.000000
0 58 0.758073 0.521296 0.032813 0.172222 1.000000
0 59 0.757552 0.521296 0.032813 0.174074 1.000000
0 60 0.757552 0.519907 0.031771 0.175000 1.000000
0 61 0.756771 0.520370 0.032292 0.174074 1.000000
0 62 0.755990 0.519444 0.032813 0.175926 1.000000
0 63 0.755208 0.518519 0.033333 0.174074 1.000000
0 64 0.754427 0.517130 0.032813 0.173148 1.000000
0 65 0.753906 0.515741 0.032813 0.172222 1.000000
0 66 0.753385 0.513889 0.032813 0.170370 1.000000
0 67 0.752604 0.512037 0.032292 0.168519 1.000000
0 68 0.752083 0.510185 0.032292 0.166667 1.000000
0 69 0.751563 0.508796 0.032292 0.167593 1.000000
0 70 0.751042 0.508333 0.032292 0.168519 1.000000
0 71 0.751042 0.508333 0.032292 0.168519 1.000000
0 72 0.750781 0.508333 0.031771 0.168519 1.000000
0 73 0.750260 0.507407 0.031771 0.168519 1.000000
0 74 0.750260 0.507407 0.031771 0.168519 1.000000
0 75 0.750260 0.506944 0.031771 0.169444 1.000000
0 76 0.750260 0.506019 0.031771 0.169444 1.000000
0 77 0.750260 0.505556 0.031771 0.170370 1.000000
0 78 0.750260 0.505556 0.031771 0.170370 1.000000
0 79 0.749740 0.504630 0.031771 0.170370 1.000000
0 80 0.749740 0.505093 0.031771 0.171296 1.000000
0 81 0.750000 0.504167 0.032292 0.171296 1.000000
0 82 0.750000 0.504630 0.032292 0.172222 1.000000
0 83 0.750000 0.503704 0.032292 0.172222 1.000000
0 84 0.749479 0.504167 0.032292 0.173148 1.000000
0 85 0.749740 0.503704 0.032813 0.174074 1.000000
0 86 0.749740 0.503704 0.032813 0.174074 1.000000
0 87 0.750000 0.503704 0.033333 0.174074 1.000000
0 88 0.750260 0.503704 0.033854 0.174074 1.000000
0 89 0.750260 0.503704 0.033854 0.174074 1.000000
0 90 0.750000 0.503704 0.034375 0.174074 1.000000
0 91 0.750000 0.502778 0.034375 0.172222 1.000000
0 92 0.750000 0.501852 0.034375 0.172222 1.000000
0 93 0.750000 0.501389 0.034375 0.171296 1.000000
0 94 0.749740 0.501389 0.033854 0.171296 1.000000
0 95 0.749479 0.500926 0.033333 0.170370 1.000000
0 96 0.748698 0.501389 0.032813 0.169444 1.000000
0 97 0.748437 0.501389 0.032292 0.169444 1.000000
0 98 0.748177 0.501389 0.031771 0.169444 1.000000
0 99 0.748177 0.500463 0.031771 0.169444 1.000000
0 100 0.747917 0.500463 0.031250 0.169444 1.000000
0 101 0.747396 0.500463 0.031250 0.169444 1.000000
0 102 0.747135 0.499537 0.030729 0.169444 1.000000
0 103 0.747135 0.499537 0.030729 0.169444 1.000000
0 104 0.746875 0.499537 0.030208 0.169444 1.000000
0 105 0.746875 0.498611 0.030208 0.169444 1.000000
0 106 0.746615 0.498611 0.029687 0.169444 1.000000
0 107 0.746094 0.498611 0.029687 0.169444 1.000000
0 108 0.746094 0.498148 0.029687 0.168519 1.000000
0 109 0.746094 0.497685 0.029687 0.169444 1.000000
0 110 0.745313 0.497685 0.029167 0.169444 1.000000
0 111 0.745313 0.496759 0.029167 0.169444 1.000000
0 112 0.744792 0.496759 0.029167 0.169444 1.000000
0 113 0.744271 0.496296 0.029167 0.170370 1.000000
0 114 0.744271 0.496296 0.029167 0.170370 1.000000
0 115 0.743750 0.495370 0.029167 0.170370 1.000000
0 116 0.743229 0.495370 0.029167 0.170370 1.000000
0 117 0.743229 0.495370 0.029167 0.170370 1.000000
0 118 0.742708 0.494907 0.029167 0.169444 1.000000
0 119 0.742708 0.494907 0.029167 0.169444 1.000000
0 120 0.742708 0.494907 0.029167 0.169444 1.000000
0 121 0.742188 0.493981 0.029167 0.169444 1.000000
0 122 0.742448 0.493981 0.029687 0.169444 1.000000
0 123 0.741927 0.493981 0.029687 0.169444 1.000000
0 124 0.741927 0.493981 0.029687 0.169444 1.000000
0 125 0.741667 0.493056 0.030208 0.169444 1.000000
0 126 0.741667 0.493056 0.030208 0.167593 1.000000
0 127 0.741146 0.492130 0.030208 0.167593 1.000000
0 128 0.741406 0.491667 0.030729 0.166667 1.000000
0 129 0.740885 0.491667 0.030729 0.166667 1.000000
0 130 0.741146 0.491204 0.031250 0.165741 1.000000
0 131 0.741667 0.491204 0.031250 0.165741 1.000000
0 132 0.741667 0.491204 0.031250 0.165741 1.000000
0 133 0.741406 0.491667 0.031771 0.166667 1.000000
0 134 0.741406 0.490741 0.031771 0.166667 1.000000
0 135 0.741667 0.490741 0.032292 0.166667 1.000000
0 136 0.741667 0.489815 0.032292 0.166667 1.000000
0 137 0.741927 0.489815 0.031771 0.166667 1.000000
0 138 0.741927 0.489815 0.031771 0.166667 1.000000
0 139 0.741927 0.489815 0.031771 0.166667 1.000000
0 140 0.741927 0.489815 0.031771 0.166667 1.000000
0 141 0.742188 0.488889 0.031250 0.166667 1.000000
0 142 0.742188 0.488889 0.031250 0.166667 1.000000
0 143 0.742448 0.489352 0.030729 0.165741 1.000000
0 144 0.742448 0.488889 0.030729 0.166667 1.000000
0 145 0.742708 0.487963 0.031250 0.166667 1.000000
0 146 0.743229 0.487963 0.030208 0.166667 1.000000
0 147 0.743229 0.487963 0.030208 0.166667 1.000000
0 148 0.743490 0.488426 0.030729 0.167593 1.000000
0 149 0.743750 0.488426 0.031250 0.167593 1.000000
0 150 0.743229 0.487500 0.031250 0.167593 1.000000
0 151 0.743490 0.487500 0.031771 0.167593 1.000000
0 152 0.743750 0.486574 0.035417 0.165741 1.000000
0 153 0.743750 0.486574 0.038542 0.165741 1.000000
0 154 0.742969 0.486111 0.047396 0.164815 1.000000
0 155 0.742969 0.485648 0.051562 0.163889 1.000000
0 156 0.744271 0.485648 0.060417 0.163889 1.000000
0 157 0.742969 0.485185 0.063021 0.162963 1.000000
0 158 0.744792 0.484722 0.051042 0.163889 1.000000
0 159 0.744531 0.485648 0.049479 0.165741 1.000000
0 160 0.745052 0.486111 0.047396 0.164815 1.000000
0 161 0.745052 0.485648 0.047396 0.162037 1.000000
0 162 0.744010 0.487037 0.050521 0.162963 1.000000
0 163 0.742448 0.488889 0.051562 0.161111 1.000000
0 164 0.740104 0.490278 0.055208 0.160185 1.000000
0 165 0.739583 0.490278 0.056250 0.158333 1.000000
0 166 0.737240 0.491667 0.058854 0.155556 1.000000
0 167 0.736979 0.493056 0.060417 0.156481 1.000000
0 168 0.735677 0.493519 0.063021 0.155556 1.000000
0 169 0.735417 0.493981 0.064583 0.154630 1.000000
0 170 0.734896 0.494444 0.065625 0.153704 1.000000
0 171 0.734896 0.494907 0.066667 0.152778 1.000000
0 172 0.735156 0.495370 0.068229 0.151852 1.000000
0 173 0.734896 0.495833 0.069792 0.150926 1.000000
0 174 0.735156 0.494907 0.071354 0.147222 1.000000
0 175 0.737240 0.495833 0.068229 0.147222 1.000000
0 176 0.739062 0.496296 0.064583 0.146296 1.000000
0 177 0.745833 0.496759 0.053125 0.145370 1.000000
0 178 0.747917 0.495833 0.050000 0.141667 1.000000
0 179 0.748437 0.496759 0.050000 0.141667 1.000000
0 180 0.748958 0.497222 0.050000 0.137037 1.000000
0 181 0.750000 0.498611 0.050000 0.134259 1.000000
0 182 0.750000 0.503704 0.053125 0.124074 1.000000
0 183 0.749740 0.506944 0.054688 0.117593 1.000000
0 184 0.744010 0.507407 0.045312 0.118519 1.000000
0 185 0.735677 0.507407 0.040104 0.118519 1.000000
0 186 0.731771 0.504630 0.033333 0.109259 1.000000
0 187 0.727344 0.504167 0.027604 0.110185 1.000000
0 188 0.719531 0.502778 0.027604 0.111111 1.000000
0 189 0.716146 0.501389 0.029167 0.112037 1.000000
0 190 0.709115 0.496759 0.029687 0.113889 1.000000
0 191 0.706510 0.495833 0.032813 0.115741 1.000000
0 192 0.698698 0.494907 0.032813 0.117593 1.000000
0 193 0.697396 0.493981 0.035417 0.115741 1.000000
0 194 0.689844 0.494444 0.032813 0.116667 1.000000
0 195 0.684375 0.492593 0.036458 0.118519 1.000000
0 196 0.678125 0.491204 0.045833 0.123148 1.000000
0 197 0.676823 0.492130 0.046354 0.125000 1.000000
0 198 0.664583 0.491204 0.040625 0.123148 1.000000
0 199 0.663021 0.492593 0.044792 0.125926 1.000000
0 200 0.660417 0.492130 0.045833 0.128704 1.000000
0 201 0.657552 0.491667 0.045312 0.133333 1.000000
0 202 0.651823 0.493056 0.039062 0.145370 1.000000
0 203 0.650000 0.492130 0.035417 0.147222 1.000000
0 204 0.645573 0.491204 0.038021 0.150926 1.000000
0 205 0.644271 0.489815 0.040625 0.153704 1.000000
0 206 0.639062 0.484259 0.046875 0.157407 1.000000
0 207 0.633594 0.475000 0.052604 0.170370 1.000000
0 208 0.634115 0.468056 0.049479 0.182407 1.000000
0 209 0.633594 0.466667 0.049479 0.183333 1.000000
0 210 0.630208 0.470370 0.052083 0.177778 1.000000
0 211 0.629167 0.470370 0.052083 0.175926 1.000000
0 212 0.625781 0.471759 0.050521 0.176852 1.000000
0 213 0.626563 0.476852 0.044792 0.166667 1.000000
0 214 0.626042 0.487500 0.041667 0.149074 1.000000
0 215 0.624740 0.489815 0.041146 0.146296 1.000000
0 216 0.623437 0.492593 0.040625 0.144444 1.000000
0 217 0.623177 0.493056 0.041146 0.143519 1.000000
0 218 0.621875 0.494444 0.041667 0.142593 1.000000
0 219 0.621094 0.494907 0.042188 0.141667 1.000000
0 220 0.621354 0.497222 0.042708 0.138889 1.000000
0 221 0.621094 0.500000 0.041146 0.135185 1.000000
0 222 0.621094 0.504630 0.036979 0.125926 1.000000
0 223 0.621875 0.506944 0.036458 0.123148 1.000000
0 224 0.620833 0.509259 0.036458 0.118519 1.000000
0 225 0.620833 0.509259 0.036458 0.118519 1.000000
0 226 0.620313 0.506944 0.038542 0.117593 1.000000
0 227 0.621354 0.506481 0.040625 0.120370 1.000000
0 228 0.624219 0.503241 0.040104 0.126852 1.000000
0 229 0.624740 0.502315 0.042188 0.128704 1.000000
0 230 0.626042 0.500926 0.064583 0.131481 1.000000
0 231 0.623177 0.501389 0.069271 0.134259 1.000000
0 232 0.614323 0.501852 0.084896 0.135185 1.000000
0 233 0.613802 0.503241 0.083854 0.134259 1.000000
0 234 0.614323 0.504167 0.078646 0.132407 1.000000
0 235 0.617188 0.504630 0.073958 0.131481 1.000000
0 236 0.625521 0.506019 0.056250 0.130556 1.000000
0 237 0.624219 0.506481 0.045312 0.129630 1.000000
0 238 0.622135 0.507870 0.045312 0.126852 1.000000
0 239 0.619271 0.509722 0.050000 0.126852 1.000000
0 240 0.616406 0.511111 0.054688 0.125926 1.000000
0 241 0.616927 0.510185 0.057813 0.127778 1.000000
0 242 0.617969 0.509259 0.058854 0.129630 1.000000
0 243 0.620833 0.506944 0.064583 0.132407 1.000000
0 244 0.621875 0.505556 0.067708 0.131481 1.000000
0 245 0.621094 0.506944 0.073438 0.134259 1.000000
0 246 0.618750 0.505093 0.070833 0.134259 1.000000
0 247 0.615365 0.504167 0.063021 0.136111 1.000000
0 248 0.616406 0.503241 0.047396 0.137963 1.000000
0 249 0.615625 0.502315 0.040625 0.137963 1.000000
0 250 0.620052 0.500463 0.046354 0.132407 1.000000
0 251 0.627865 0.500463 0.052604 0.130556 1.000000
0 252 0.628646 0.500463 0.048958 0.128704 1.000000
0 253 0.630729 0.507407 0.046875 0.138889 1.000000
0 254 0.632292 0.508796 0.044792 0.137963 1.000000
0 255 0.632812 0.509259 0.040625 0.137037 1.000000
0 256 0.635417 0.509259 0.039583 0.137037 1.000000
0 257 0.642969 0.509722 0.050521 0.134259 1.000000
0 258 0.644531 0.511111 0.048438 0.133333 1.000000
0 259 0.645312 0.513889 0.048958 0.127778 1.000000
0 260 0.645312 0.513889 0.051042 0.125926 1.000000
0 261 0.645573 0.514352 0.048438 0.126852 1.000000
0 262 0.645312 0.514352 0.047917 0.126852 1.000000
0 263 0.645833 0.513889 0.048958 0.129630 1.000000
0 264 0.643750 0.514815 0.047917 0.137037 1.000000
0 265 0.634635 0.514815 0.054688 0.150000 1.000000
0 266 0.630990 0.507870 0.050521 0.147222 1.000000
0 267 0.631771 0.500463 0.035417 0.152778 1.000000
0 268 0.631771 0.498148 0.034375 0.155556 1.000000
0 269 0.629167 0.490278 0.038542 0.169444 1.000000
0 270 0.627865 0.486574 0.041146 0.176852 1.000000
0 271 0.627865 0.485648 0.042188 0.178704 1.000000
0 272 0.627604 0.485648 0.042708 0.180556 1.000000
0 273 0.627344 0.484722 0.043229 0.182407 1.000000
0 274 0.626823 0.484722 0.043229 0.182407 1.000000
0 275 0.627083 0.484259 0.043750 0.181481 1.000000
0 276 0.626563 0.484259 0.043750 0.181481 1.000000
0 277 0.626563 0.485185 0.043750 0.181481 1.000000
0 278 0.626563 0.485185 0.043750 0.181481 1.000000
0 279 0.626563 0.485185 0.043750 0.181481 1.000000
0 280 0.626823 0.484722 0.044271 0.180556 1.000000
0 281 0.626823 0.484722 0.044271 0.180556 1.000000
0 282 0.626302 0.485648 0.044271 0.180556 1.000000
0 283 0.626563 0.485648 0.044792 0.180556 1.000000
0 284 0.626563 0.485648 0.044792 0.180556 1.000000
0 285 0.626042 0.485648 0.044792 0.180556 1.000000
0 286 0.626823 0.486111 0.044271 0.179630 1.000000
0 287 0.626563 0.485185 0.044792 0.179630 1.000000
0 288 0.626563 0.486111 0.044792 0.179630 1.000000
0 289 0.626823 0.486111 0.045312 0.179630 1.000000
0 290 0.626823 0.486111 0.045312 0.179630 1.000000
0 291 0.626823 0.486111 0.045312 0.179630 1.000000
0 292 0.627083 0.486111 0.045833 0.179630 1.000000
0 293 0.626563 0.486111 0.045833 0.179630 1.000000
0 294 0.627083 0.486111 0.045833 0.179630 1.000000
0 295 0.627083 0.486111 0.045833 0.179630 1.000000
0 296 0.627083 0.486111 0.045833 0.179630 1.000000
0 297 0.627083 0.486111 0.045833 0.179630 1.000000
0 298 0.627083 0.486111 0.045833 0.179630 1.000000
0 299 0.627083 0.486111 0.045833 0.179630 1.000000
0 300 0.627344 0.486111 0.045312 0.179630 1.000000
0 301 0.627344 0.486574 0.045312 0.178704 1.000000
0 302 0.627344 0.486574 0.045312 0.178704 1.000000
0 303 0.627344 0.486111 0.045312 0.179630 1.000000
0 304 0.627344 0.486111 0.045312 0.179630 1.000000
0 305 0.627344 0.486111 0.045312 0.179630 1.000000
0 306 0.627344 0.486111 0.045312 0.179630 1.000000
0 307 0.627344 0.486111 0.045312 0.179630 1.000000
0 308 0.627344 0.486111 0.045312 0.179630 1.000000
0 309 0.627344 0.486111 0.045312 0.179630 1.000000
0 310 0.627344 0.485185 0.045312 0.179630 1.000000
0 311 0.627344 0.485648 0.045312 0.180556 1.000000
0 312 0.627865 0.485648 0.045312 0.180556 1.000000
0 313 0.627865 0.485648 0.045312 0.180556 1.000000
0 314 0.627865 0.485648 0.045312 0.180556 1.000000
0 315 0.627865 0.485648 0.045312 0.180556 1.000000
0 316 0.627865 0.485648 0.045312 0.180556 1.000000
0 317 0.627865 0.485648 0.045312 0.180556 1.000000
0 318 0.627865 0.485648 0.045312 0.180556 1.000000
0 319 0.627865 0.485648 0.045312 0.180556 1.000000
0 320 0.627865 0.485648 0.045312 0.180556 1.000000
0 321 0.627865 0.485648 0.045312 0.180556 1.000000
0 322 0.627865 0.485648 0.045312 0.180556 1.000000
0 323 0.627344 0.486111 0.045312 0.179630 1.000000
0 324 0.627344 0.486111 0.045312 0.179630 1.000000
0 325 0.627344 0.485648 0.045312 0.178704 1.000000
0 326 0.627344 0.486111 0.045312 0.177778 1.000000
0 327 0.627344 0.486574 0.045312 0.176852 1.000000
0 328 0.627083 0.487500 0.045833 0.176852 1.000000
0 329 0.627083 0.488426 0.045833 0.173148 1.000000
0 330 0.627604 0.489352 0.044792 0.173148 1.000000
0 331 0.633594 0.495833 0.036979 0.162037 1.000000
0 332 0.635417 0.496759 0.040625 0.160185 1.000000
0 333 0.636458 0.500463 0.047917 0.152778 1.000000
0 334 0.633854 0.501852 0.053125 0.150000 1.000000
0 335 0.636458 0.503241 0.041667 0.145370 1.000000
0 336 0.636458 0.503704 0.035417 0.142593 1.000000
0 337 0.635417 0.505093 0.033333 0.141667 1.000000
0 338 0.635417 0.504167 0.033333 0.141667 1.000000
0 339 0.639323 0.503704 0.041146 0.144444 1.000000
0 340 0.644010 0.498148 0.051562 0.155556 1.000000
0 341 0.645052 0.489352 0.056771 0.173148 1.000000
0 342 0.643229 0.491204 0.062500 0.176852 1.000000
0 343 0.643490 0.493981 0.063021 0.175000 1.000000
0 344 0.643750 0.493981 0.062500 0.173148 1.000000
0 345 0.643750 0.493981 0.064583 0.173148 1.000000
0 346 0.643750 0.494444 0.064583 0.172222 1.000000
0 347 0.644010 0.494444 0.061979 0.172222 1.000000
0 348 0.644010 0.493519 0.063021 0.172222 1.000000
0 349 0.644010 0.491204 0.063021 0.178704 1.000000
0 350 0.643750 0.487963 0.060417 0.187037 1.000000
0 351 0.644792 0.485185 0.059375 0.190741 1.000000
0 352 0.645312 0.482870 0.058333 0.193519 1.000000
0 353 0.645573 0.482407 0.058854 0.194444 1.000000
0 354 0.645052 0.483333 0.058854 0.194444 1.000000
0 355 0.645052 0.485648 0.059896 0.189815 1.000000
0 356 0.642969 0.486574 0.064062 0.186111 1.000000
0 357 0.643750 0.489815 0.062500 0.179630 1.000000
0 358 0.644010 0.491667 0.063021 0.177778 1.000000
0 359 0.643490 0.493981 0.063021 0.173148 1.000000
0 360 0.643229 0.496759 0.063542 0.169444 1.000000
0 361 0.641667 0.503241 0.057292 0.156481 1.000000
0 362 0.641667 0.504630 0.050000 0.151852 1.000000
0 363 0.639062 0.504630 0.037500 0.151852 1.000000
0 364 0.639062 0.503704 0.036458 0.153704 1.000000
0 365 0.639583 0.500926 0.033333 0.159259 1.000000
0 366 0.640625 0.499074 0.036458 0.162963 1.000000
0 367 0.641406 0.498148 0.043229 0.166667 1.000000
0 368 0.641406 0.497685 0.043229 0.165741 1.000000
0 369 0.641667 0.497685 0.044792 0.167593 1.000000
0 370 0.641406 0.497222 0.045312 0.166667 1.000000
0 371 0.641406 0.497222 0.045312 0.166667 1.000000
0 372 0.641146 0.497222 0.044792 0.166667 1.000000
0 373 0.640104 0.497685 0.041667 0.165741 1.000000
0 374 0.640104 0.498148 0.039583 0.164815 1.000000
0 375 0.638802 0.498611 0.034896 0.163889 1.000000
0 376 0.638542 0.499074 0.032292 0.161111 1.000000
0 377 0.636458 0.499074 0.030208 0.161111 1.000000
0 378 0.634896 0.499537 0.028125 0.160185 1.000000
0 379 0.635677 0.499537 0.029687 0.160185 1.000000
0 380 0.636719 0.500000 0.031771 0.159259 1.000000
0 381 0.638021 0.500000 0.035417 0.159259 1.000000
0 382 0.638281 0.500000 0.036979 0.161111 1.000000
0 383 0.636979 0.500463 0.039583 0.160185 1.000000
0 384 0.636719 0.500000 0.040104 0.159259 1.000000
0 385 0.636979 0.500463 0.038542 0.158333 1.000000
0 386 0.637240 0.500926 0.039062 0.159259 1.000000
0 387 0.639062 0.499537 0.037500 0.162037 1.000000
0 388 0.638802 0.498611 0.036979 0.163889 1.000000
0 389 0.638802 0.498148 0.034896 0.164815 1.000000
0 390 0.638802 0.497685 0.032813 0.165741 1.000000
0 391 0.636979 0.496759 0.030208 0.165741 1.000000
0 392 0.635677 0.496759 0.029687 0.165741 1.000000
0 393 0.634635 0.496296 0.028646 0.166667 1.000000
0 394 0.633333 0.495833 0.028125 0.167593 1.000000
0 395 0.633854 0.495833 0.027083 0.169444 1.000000
0 396 0.634115 0.496296 0.025521 0.168519 1.000000
0 397 0.633854 0.496759 0.026042 0.169444 1.000000
0 398 0.633854 0.495833 0.025000 0.169444 1.000000
0 399 0.634115 0.496296 0.024479 0.170370 1.000000
0 400 0.632552 0.495370 0.027604 0.166667 1.000000
0 401 0.632812 0.493981 0.030208 0.165741 1.000000
0 402 0.632552 0.493519 0.029687 0.159259 1.000000
0 403 0.628906 0.494907 0.031771 0.156481 1.000000
0 404 0.628125 0.497222 0.032292 0.153704 1.000000
0 405 0.629687 0.500463 0.038542 0.145370 1.000000
0 406 0.629687 0.501852 0.044792 0.140741 1.000000
0 407 0.620833 0.501852 0.060417 0.138889 1.000000
0 408 0.618490 0.502778 0.059896 0.144444 1.000000
0 409 0.615365 0.500000 0.061979 0.148148 1.000000
0 410 0.615625 0.498611 0.057292 0.149074 1.000000
0 411 0.602865 0.496759 0.039062 0.147222 1.000000
0 412 0.599219 0.490741 0.040104 0.138889 1.000000
0 413 0.590625 0.489352 0.043750 0.137963 1.000000
0 414 0.586458 0.488889 0.044792 0.137037 1.000000
0 415 0.581510 0.489352 0.040104 0.130556 1.000000
0 416 0.576823 0.498611 0.039062 0.143519 1.000000
0 417 0.566927 0.500000 0.041146 0.140741 1.000000
0 418 0.560156 0.500463 0.041146 0.143519 1.000000
0 419 0.548177 0.496759 0.041146 0.143519 1.000000
0 420 0.542188 0.495370 0.039583 0.144444 1.000000
0 425 0.502604 0.517593 0.033333 0.135185 1.000000
0 426 0.496094 0.518981 0.039062 0.134259 1.000000
0 427 0.486979 0.520370 0.032292 0.133333 1.000000
0 428 0.475260 0.519907 0.036979 0.134259 1.000000
0 431 0.449479 0.515741 0.038542 0.146296 1.000000
0 432 0.443229 0.512500 0.035417 0.141667 1.000000
0 433 0.430208 0.511574 0.046875 0.143519 1.000000
0 434 0.423438 0.512037 0.052083 0.144444 1.000000
0 435 0.421354 0.514352 0.040625 0.141667 1.000000
0 436 0.415104 0.518519 0.040625 0.146296 1.000000
0 437 0.410677 0.519907 0.038021 0.150926 1.000000
0 438 0.407813 0.523148 0.040625 0.155556 1.000000
0 439 0.398177 0.526852 0.042188 0.151852 1.000000
0 440 0.399479 0.530556 0.046875 0.153704 1.000000
0 441 0.402083 0.535185 0.061458 0.146296 1.000000
0 442 0.399740 0.540278 0.067187 0.136111 1.000000
0 443 0.395052 0.545833 0.068229 0.128704 1.000000
0 444 0.389844 0.547222 0.067187 0.133333 1.000000
0 445 0.378646 0.545833 0.055208 0.150926 1.000000
0 446 0.372135 0.545833 0.050521 0.149074 1.000000
0 447 0.365625 0.550000 0.054167 0.142593 1.000000
0 448 0.365885 0.550926 0.053646 0.138889 1.000000
0 449 0.365625 0.553241 0.054167 0.136111 1.000000
0 450 0.365365 0.552778 0.054688 0.137037 1.000000
0 451 0.365365 0.552778 0.054688 0.137037 1.000000
0 452 0.365365 0.551852 0.054688 0.137037 1.000000
0 453 0.364583 0.552315 0.054167 0.137963 1.000000
0 454 0.364583 0.551389 0.054167 0.137963 1.000000
0 455 0.364844 0.551852 0.053646 0.138889 1.000000
0 456 0.364844 0.551852 0.053646 0.138889 1.000000
0 457 0.365365 0.551389 0.054688 0.137963 1.000000
0 458 0.364583 0.551852 0.055208 0.138889 1.000000
0 459 0.365365 0.551852 0.054688 0.138889 1.000000
0 460 0.366146 0.550926 0.053125 0.138889 1.000000
0 461 0.366406 0.550926 0.052604 0.140741 1.000000
0 462 0.365625 0.549537 0.054167 0.141667 1.000000
0 463 0.365625 0.548148 0.054167 0.144444 1.000000
0 464 0.365104 0.548148 0.054167 0.146296 1.000000
0 465 0.364583 0.546759 0.053125 0.149074 1.000000
0 466 0.364583 0.545370 0.053125 0.151852 1.000000
0 467 0.364583 0.542593 0.053125 0.155556 1.000000
0 468 0.364583 0.542130 0.053125 0.158333 1.000000
0 469 0.365104 0.538889 0.053125 0.162963 1.000000
0 470 0.365104 0.538889 0.053125 0.164815 1.000000
0 471 0.364844 0.537500 0.053646 0.167593 1.000000
0 472 0.364323 0.536111 0.053646 0.170370 1.000000
0 473 0.364323 0.534259 0.053646 0.174074 1.000000
0 474 0.364583 0.533333 0.053125 0.175926 1.000000
0 475 0.364323 0.531481 0.053646 0.177778 1.000000
0 476 0.364583 0.531019 0.054167 0.180556 1.000000
0 477 0.364063 0.529630 0.054167 0.183333 1.000000
0 478 0.364063 0.529630 0.054167 0.183333 1.000000
0 479 0.364323 0.530556 0.054688 0.181481 1.000000
0 480 0.364323 0.531481 0.054688 0.179630 1.000000
0 481 0.364583 0.531481 0.054167 0.177778 1.000000
0 482 0.364583 0.531481 0.054167 0.177778 1.000000
0 483 0.364583 0.531481 0.054167 0.177778 1.000000
0 484 0.364063 0.531944 0.054167 0.178704 1.000000
0 485 0.364063 0.531944 0.054167 0.178704 1.000000
0 486 0.364063 0.531944 0.054167 0.178704 1.000000
0 487 0.364063 0.532407 0.054167 0.177778 1.000000
0 488 0.364323 0.532407 0.054688 0.175926 1.000000
0 489 0.363802 0.532870 0.055729 0.176852 1.000000
0 490 0.363802 0.531944 0.055729 0.176852 1.000000
0 491 0.369531 0.536574 0.066146 0.167593 1.000000
0 492 0.372396 0.539815 0.070833 0.162963 1.000000
0 493 0.379948 0.540741 0.061979 0.151852 1.000000
0 494 0.377083 0.537963 0.055208 0.144444 1.000000
0 495 0.368490 0.535648 0.035937 0.158333 1.000000
0 496 0.364844 0.523611 0.040104 0.189815 1.000000
0 497 0.366406 0.517593 0.041146 0.200000 1.000000
0 498 0.368750 0.523148 0.043750 0.190741 1.000000
0 499 0.372135 0.534259 0.046354 0.166667 1.000000
0 500 0.372917 0.541204 0.046875 0.152778 1.000000
0 501 0.373437 0.543056 0.043750 0.149074 1.000000
0 502 0.380469 0.543981 0.054688 0.145370 1.000000
0 503 0.385417 0.549074 0.065625 0.153704 1.000000
0 504 0.385937 0.548611 0.069792 0.152778 1.000000
0 505 0.387240 0.545833 0.043229 0.156481 1.000000
0 506 0.385677 0.545833 0.043229 0.158333 1.000000
0 507 0.386458 0.545370 0.037500 0.159259 1.000000
0 508 0.383594 0.545370 0.033854 0.159259 1.000000
0 509 0.384896 0.543519 0.035417 0.161111 1.000000
0 510 0.386198 0.542593 0.035937 0.164815 1.000000
0 511 0.385937 0.541667 0.043750 0.164815 1.000000
0 512 0.384896 0.542130 0.051042 0.165741 1.000000
0 513 0.383594 0.542593 0.053646 0.162963 1.000000
0 514 0.383594 0.541667 0.049479 0.164815 1.000000
0 515 0.385677 0.542593 0.034896 0.174074 1.000000
0 516 0.383333 0.541667 0.034375 0.174074 1.000000
0 517 0.383854 0.538426 0.032292 0.171296 1.000000
0 518 0.384375 0.536574 0.037500 0.171296 1.000000
0 519 0.382031 0.536574 0.057813 0.171296 1.000000
0 520 0.380729 0.539815 0.059375 0.170370 1.000000
0 521 0.380469 0.542593 0.058854 0.164815 1.000000
0 522 0.380208 0.543981 0.058333 0.162037 1.000000
0 523 0.379948 0.544444 0.057813 0.161111 1.000000
0 524 0.379948 0.543981 0.057813 0.162037 1.000000
0 525 0.379948 0.543519 0.057813 0.161111 1.000000
0 526 0.380729 0.543056 0.055208 0.162037 1.000000
0 527 0.381250 0.541204 0.054167 0.165741 1.000000
0 528 0.382292 0.535185 0.056250 0.179630 1.000000
0 529 0.381771 0.537037 0.060417 0.168519 1.000000
0 530 0.380469 0.542593 0.057813 0.159259 1.000000
0 531 0.379688 0.539352 0.056250 0.163889 1.000000
0 532 0.378906 0.539352 0.054688 0.163889 1.000000
0 533 0.376042 0.541204 0.048958 0.162037 1.000000
0 534 0.375521 0.542130 0.048958 0.160185 1.000000
0 535 0.377344 0.545370 0.058854 0.153704 1.000000
0 536 0.371875 0.545833 0.047917 0.154630 1.000000
0 537 0.368229 0.544907 0.055208 0.156481 1.000000
0 538 0.369271 0.545370 0.062500 0.157407 1.000000
0 539 0.386979 0.535648 0.034375 0.178704 1.000000
0 540 0.387760 0.537963 0.040104 0.172222 1.000000
0 541 0.392969 0.537500 0.073438 0.175000 1.000000
0 542 0.392969 0.536574 0.081771 0.176852 1.000000
0 543 0.392969 0.534259 0.083854 0.166667 1.000000
0 544 0.392448 0.533796 0.073438 0.162037 1.000000
0 545 0.395573 0.544907 0.060937 0.165741 1.000000
0 546 0.395313 0.547685 0.060417 0.163889 1.000000
0 547 0.397135 0.550463 0.057813 0.158333 1.000000
0 548 0.395052 0.549537 0.060937 0.160185 1.000000
0 549 0.394531 0.543519 0.061979 0.168519 1.000000
0 550 0.393229 0.542130 0.060417 0.173148 1.000000
0 551 0.388021 0.539352 0.054167 0.173148 1.000000
0 552 0.387500 0.538889 0.054167 0.172222 1.000000
0 553 0.386719 0.544907 0.056771 0.176852 1.000000
0 554 0.386979 0.551389 0.058333 0.184259 1.000000
0 555 0.385156 0.556944 0.055729 0.173148 1.000000
0 556 0.384635 0.557407 0.056771 0.170370 1.000000
0 557 0.385417 0.555556 0.050000 0.175926 1.000000
0 558 0.390104 0.552778 0.044792 0.174074 1.000000
0 559 0.391146 0.556019 0.051042 0.176852 1.000000
0 560 0.388021 0.562500 0.059375 0.180556 1.000000
0 561 0.385677 0.568519 0.070312 0.172222 1.000000
0 562 0.380729 0.571296 0.075000 0.166667 1.000000
0 563 0.385417 0.574074 0.095833 0.159259 1.000000
0 564 0.384896 0.578241 0.095833 0.165741 1.000000
0 565 0.383333 0.569907 0.091667 0.182407 1.000000
0 566 0.382292 0.567593 0.084375 0.187037 1.000000
0 567 0.377604 0.566204 0.071875 0.184259 1.000000
0 568 0.373958 0.562963 0.067708 0.179630 1.000000
0 569 0.365104 0.557870 0.046875 0.167593 1.000000
0 570 0.359896 0.561111 0.038542 0.170370 1.000000
0 571 0.353646 0.566204 0.038542 0.176852 1.000000
0 572 0.346875 0.569907 0.040625 0.171296 1.000000
0 573 0.346615 0.570370 0.040104 0.170370 1.000000
0 574 0.345573 0.574537 0.038021 0.178704 1.000000
0 575 0.343229 0.575926 0.045833 0.181481 1.000000
0 576 0.342969 0.574074 0.057813 0.179630 1.000000
0 577 0.345833 0.573611 0.060417 0.182407 1.000000
0 578 0.348438 0.568056 0.064583 0.175000 1.000000
0 579 0.347656 0.568056 0.066146 0.173148 1.000000
0 580 0.338021 0.569444 0.067708 0.172222 1.000000
0 581 0.330990 0.568519 0.074479 0.170370 1.000000
0 582 0.315625 0.565741 0.070833 0.179630 1.000000
0 583 0.312500 0.570370 0.069792 0.187037 1.000000
0 584 0.311198 0.580093 0.070312 0.180556 1.000000
0 585 0.309115 0.582407 0.067187 0.175926 1.000000
0 586 0.312500 0.582870 0.083333 0.163889 1.000000
0 587 0.303646 0.585648 0.069792 0.163889 1.000000
0 588 0.295312 0.586574 0.056250 0.163889 1.000000
0 589 0.295312 0.584722 0.055208 0.167593 1.000000
0 590 0.292969 0.576852 0.054688 0.174074 1.000000
0 591 0.289844 0.572685 0.056771 0.175000 1.000000
0 592 0.299479 0.574074 0.043750 0.181481 1.000000
0 593 0.295833 0.574537 0.046875 0.184259 1.000000
0 594 0.298698 0.575926 0.060937 0.183333 1.000000
0 595 0.302865 0.576389 0.056771 0.184259 1.000000
0 596 0.301302 0.574074 0.048438 0.185185 1.000000
0 597 0.298177 0.572222 0.051562 0.190741 1.000000
0 598 0.294531 0.578241 0.053646 0.182407 1.000000
0 599 0.294271 0.582407 0.062500 0.174074 1.000000
0 600 0.290365 0.589815 0.064062 0.159259 1.000000
0 601 0.289062 0.591667 0.061458 0.155556 1.000000
0 602 0.285417 0.597222 0.059375 0.148148 1.000000
0 603 0.285417 0.602315 0.063542 0.136111 1.000000
