0 1 0.198047 0.583333 0.036719 0.136111 1.000000
0 2 0.200000 0.583333 0.037500 0.136111 1.000000
0 3 0.201953 0.583333 0.036719 0.136111 1.000000
0 4 0.204297 0.581944 0.038281 0.138889 1.000000
0 5 0.207422 0.581250 0.036719 0.140278 1.000000
0 6 0.208984 0.581250 0.036719 0.140278 1.000000
0 7 0.213672 0.581250 0.036719 0.140278 1.000000
0 8 0.217578 0.581250 0.035156 0.140278 1.000000
0 9 0.219922 0.579861 0.033594 0.143056 1.000000
0 10 0.223047 0.578472 0.033594 0.145833 1.000000
0 11 0.226953 0.578472 0.033594 0.145833 1.000000
0 12 0.230078 0.576389 0.033594 0.150000 1.000000
0 13 0.234375 0.576389 0.032813 0.150000 1.000000
0 14 0.239063 0.575000 0.032813 0.152778 1.000000
0 15 0.243750 0.575000 0.032813 0.152778 1.000000
0 16 0.247656 0.575000 0.032813 0.152778 1.000000
0 17 0.253906 0.573611 0.032813 0.155556 1.000000
0 18 0.260156 0.568056 0.032813 0.150000 1.000000
0 19 0.269922 0.568056 0.033594 0.150000 1.000000
0 20 0.277344 0.565278 0.032813 0.150000 1.000000
0 21 0.286328 0.562500 0.030469 0.150000 1.000000
0 22 0.295703 0.560417 0.033594 0.148611 1.000000
0 23 0.304297 0.559028 0.035156 0.145833 1.000000
0 24 0.315234 0.556250 0.044531 0.145833 1.000000
0 25 0.327734 0.550694 0.049219 0.143056 1.000000
0 26 0.342969 0.547917 0.051562 0.143056 1.000000
0 27 0.359766 0.543750 0.057031 0.145833 1.000000
0 28 0.377734 0.538889 0.058594 0.147222 1.000000
0 29 0.396484 0.534722 0.052344 0.147222 1.000000
0 30 0.421875 0.531250 0.056250 0.145833 1.000000
0 31 0.445703 0.527083 0.055469 0.145833 1.000000
0 32 0.465234 0.527083 0.057031 0.145833 1.000000
0 33 0.481641 0.524306 0.052344 0.148611 1.000000
0 34 0.495703 0.521528 0.046094 0.151389 1.000000
0 35 0.507812 0.520833 0.037500 0.152778 1.000000
0 36 0.520703 0.520139 0.033594 0.154167 1.000000
0 37 0.535547 0.520833 0.028906 0.158333 1.000000
0 38 0.545312 0.521528 0.028125 0.165278 1.000000
0 39 0.557031 0.520833 0.026562 0.166667 1.000000
0 40 0.566797 0.522917 0.030469 0.173611 1.000000
0 41 0.572656 0.525694 0.035937 0.173611 1.000000
0 42 0.578906 0.525694 0.039062 0.173611 1.000000
0 43 0.584766 0.525694 0.041406 0.173611 1.000000
0 44 0.587500 0.529861 0.039062 0.173611 1.000000
0 45 0.592187 0.531250 0.042188 0.176389 1.000000
0 46 0.595313 0.531250 0.045312 0.176389 1.000000
0 47 0.598047 0.532639 0.047656 0.179167 1.000000
0 48 0.600391 0.532639 0.046094 0.179167 1.000000
0 49 0.601953 0.532639 0.046094 0.179167 1.000000
0 50 0.603516 0.533333 0.046094 0.180556 1.000000
0 51 0.603516 0.534028 0.046094 0.181944 1.000000
0 52 0.604688 0.534722 0.048438 0.183333 1.000000
0 53 0.604688 0.534722 0.048438 0.183333 1.000000
0 54 0.605859 0.534722 0.050781 0.183333 1.000000
0 55 0.605859 0.537500 0.050781 0.188889 1.000000
0 56 0.605859 0.537500 0.050781 0.188889 1.000000
0 57 0.605078 0.536806 0.052344 0.187500 1.000000
0 58 0.603516 0.536806 0.052344 0.187500 1.000000
0 59 0.601953 0.538194 0.055469 0.190278 1.000000
0 60 0.600000 0.535417 0.056250 0.190278 1.000000
0 61 0.597656 0.536806 0.057813 0.193056 1.000000
0 62 0.594922 0.536111 0.060156 0.191667 1.000000
0 63 0.592969 0.536111 0.064062 0.191667 1.000000
0 64 0.589844 0.536111 0.067187 0.191667 1.000000
0 65 0.587500 0.536111 0.068750 0.191667 1.000000
0 66 0.586328 0.536111 0.072656 0.188889 1.000000
0 67 0.583594 0.536111 0.070312 0.188889 1.000000
0 68 0.582812 0.536111 0.064062 0.188889 1.000000
0 69 0.583594 0.536111 0.056250 0.188889 1.000000
0 70 0.584766 0.536111 0.047656 0.188889 1.000000
0 71 0.584375 0.537500 0.042188 0.191667 1.000000
0 72 0.584375 0.536806 0.039062 0.198611 1.000000
0 73 0.584375 0.536806 0.035937 0.198611 1.000000
0 74 0.585938 0.538194 0.034375 0.198611 1.000000
0 75 0.585156 0.536111 0.032813 0.202778 1.000000
0 76 0.584375 0.536111 0.031250 0.202778 1.000000
0 77 0.582812 0.539583 0.031250 0.195833 1.000000
0 78 0.580469 0.539583 0.035937 0.195833 1.000000
0 79 0.580469 0.539583 0.035937 0.195833 1.000000
0 80 0.581250 0.540972 0.037500 0.198611 1.000000
0 81 0.583594 0.539583 0.042188 0.201389 1.000000
0 82 0.584766 0.539583 0.044531 0.201389 1.000000
0 83 0.587891 0.539583 0.038281 0.201389 1.000000
0 84 0.590234 0.542361 0.042969 0.206944 1.000000
0 85 0.591016 0.543750 0.042969 0.206944 1.000000
0 86 0.591797 0.547917 0.042969 0.206944 1.000000
0 87 0.592578 0.550694 0.042969 0.206944 1.000000
0 88 0.591406 0.554861 0.043750 0.206944 1.000000
0 89 0.590625 0.557639 0.042188 0.206944 1.000000
0 90 0.589063 0.558333 0.045312 0.205556 1.000000
0 91 0.586328 0.560417 0.047656 0.201389 1.000000
0 92 0.584375 0.560417 0.043750 0.201389 1.000000
0 93 0.583203 0.560417 0.041406 0.201389 1.000000
0 94 0.584766 0.559722 0.030469 0.200000 1.000000
0 95 0.583594 0.557639 0.028125 0.204167 1.000000
0 96 0.582031 0.554861 0.028125 0.204167 1.000000
0 97 0.580469 0.554861 0.028125 0.204167 1.000000
0 98 0.582031 0.554861 0.034375 0.204167 1.000000
0 99 0.579688 0.554861 0.035937 0.204167 1.000000
0 100 0.576953 0.557639 0.033594 0.198611 1.000000
0 101 0.573828 0.560417 0.030469 0.195833 1.000000
0 102 0.569141 0.562500 0.028906 0.194444 1.000000
0 103 0.564844 0.563194 0.026562 0.195833 1.000000
0 104 0.561719 0.564583 0.026562 0.198611 1.000000
0 105 0.554688 0.564583 0.031250 0.198611 1.000000
0 106 0.550000 0.565278 0.035937 0.197222 1.000000
0 107 0.542969 0.567361 0.039062 0.201389 1.000000
0 108 0.533984 0.567361 0.041406 0.201389 1.000000
0 109 0.527734 0.569444 0.041406 0.194444 1.000000
0 110 0.519922 0.570833 0.036719 0.197222 1.000000
0 111 0.512109 0.570833 0.038281 0.197222 1.000000
0 112 0.506641 0.570833 0.036719 0.197222 1.000000
0 113 0.497656 0.570833 0.039062 0.197222 1.000000
0 114 0.492969 0.570139 0.039062 0.195833 1.000000
0 115 0.485938 0.570139 0.043750 0.195833 1.000000
0 116 0.481641 0.571528 0.049219 0.193056 1.000000
0 117 0.477344 0.571528 0.053125 0.193056 1.000000
0 118 0.471094 0.572917 0.057813 0.187500 1.000000
0 119 0.466016 0.575694 0.063281 0.187500 1.000000
0 120 0.459375 0.577778 0.065625 0.183333 1.000000
0 121 0.452734 0.579861 0.067969 0.179167 1.000000
0 122 0.443750 0.582639 0.070312 0.173611 1.000000
0 123 0.436328 0.582639 0.063281 0.173611 1.000000
0 124 0.430078 0.582639 0.063281 0.173611 1.000000
0 125 0.424609 0.582639 0.061719 0.173611 1.000000
0 126 0.419531 0.582639 0.059375 0.173611 1.000000
0 127 0.415625 0.584028 0.056250 0.173611 1.000000
0 128 0.411328 0.584028 0.049219 0.173611 1.000000
0 129 0.405078 0.586806 0.049219 0.168056 1.000000
0 130 0.400781 0.588889 0.045312 0.172222 1.000000
0 131 0.394531 0.590278 0.045312 0.172222 1.000000
0 132 0.388281 0.591667 0.043750 0.175000 1.000000
0 133 0.381641 0.591667 0.047656 0.175000 1.000000
0 134 0.378516 0.591667 0.050781 0.175000 1.000000
0 135 0.373828 0.591667 0.050781 0.175000 1.000000
0 136 0.369141 0.591667 0.050781 0.175000 1.000000
0 137 0.361328 0.591667 0.052344 0.175000 1.000000
0 138 0.355078 0.591667 0.049219 0.175000 1.000000
0 139 0.350391 0.591667 0.049219 0.175000 1.000000
0 140 0.345703 0.591667 0.049219 0.175000 1.000000
0 141 0.342969 0.595833 0.050000 0.183333 1.000000
0 142 0.341406 0.597917 0.053125 0.187500 1.000000
0 143 0.338281 0.599306 0.053125 0.187500 1.000000
0 144 0.335547 0.601389 0.053906 0.191667 1.000000
0 145 0.333594 0.603472 0.053125 0.190278 1.000000
0 146 0.329688 0.604861 0.053125 0.190278 1.000000
0 147 0.328125 0.604861 0.053125 0.190278 1.000000
0 148 0.327344 0.604861 0.054688 0.190278 1.000000
0 149 0.325781 0.604861 0.054688 0.190278 1.000000
0 150 0.324609 0.603472 0.050781 0.193056 1.000000
0 151 0.324219 0.602778 0.048438 0.194444 1.000000
0 152 0.322656 0.602778 0.048438 0.194444 1.000000
0 153 0.320312 0.600694 0.043750 0.198611 1.000000
0 154 0.317578 0.600694 0.041406 0.198611 1.000000
0 155 0.314063 0.600694 0.037500 0.198611 1.000000
0 156 0.310547 0.602083 0.035156 0.198611 1.000000
0 157 0.305859 0.602083 0.035156 0.198611 1.000000
0 158 0.300391 0.602083 0.036719 0.198611 1.000000
0 159 0.295703 0.602083 0.036719 0.198611 1.000000
0 160 0.291016 0.602083 0.036719 0.198611 1.000000
0 161 0.287891 0.602083 0.036719 0.198611 1.000000
0 162 0.284766 0.602083 0.036719 0.198611 1.000000
0 163 0.281641 0.602083 0.036719 0.198611 1.000000
0 164 0.279297 0.600694 0.036719 0.198611 1.000000
0 165 0.279297 0.600694 0.036719 0.198611 1.000000
0 166 0.279297 0.599306 0.036719 0.195833 1.000000
0 167 0.279297 0.597917 0.036719 0.198611 1.000000
0 168 0.280859 0.597917 0.036719 0.198611 1.000000
0 169 0.282422 0.597917 0.036719 0.198611 1.000000
0 170 0.284766 0.597917 0.035156 0.198611 1.000000
0 171 0.287891 0.597222 0.035156 0.197222 1.000000
0 172 0.289453 0.597222 0.035156 0.197222 1.000000
0 173 0.291016 0.597222 0.035156 0.197222 1.000000
0 174 0.294531 0.595833 0.035937 0.197222 1.000000
0 175 0.296094 0.595833 0.035937 0.197222 1.000000
0 176 0.297656 0.595833 0.035937 0.197222 1.000000
0 177 0.300781 0.594444 0.035937 0.197222 1.000000
0 178 0.302344 0.594444 0.035937 0.197222 1.000000
0 179 0.305469 0.593056 0.035937 0.197222 1.000000
0 180 0.307812 0.592361 0.035937 0.198611 1.000000
0 181 0.309375 0.592361 0.035937 0.198611 1.000000
0 182 0.312500 0.590972 0.035937 0.195833 1.000000
0 183 0.314453 0.590972 0.036719 0.195833 1.000000
0 184 0.316016 0.590972 0.036719 0.195833 1.000000
0 185 0.319141 0.590972 0.036719 0.195833 1.000000
0 186 0.320703 0.590972 0.036719 0.195833 1.000000
0 187 0.323828 0.590972 0.038281 0.195833 1.000000
0 188 0.325391 0.590278 0.038281 0.194444 1.000000
0 189 0.327734 0.590278 0.038281 0.194444 1.000000
0 190 0.330859 0.588889 0.038281 0.194444 1.000000
0 191 0.332813 0.588889 0.039062 0.194444 1.000000
0 192 0.335156 0.588889 0.039062 0.194444 1.000000
0 193 0.338281 0.588889 0.039062 0.194444 1.000000
0 194 0.341406 0.588889 0.039062 0.194444 1.000000
0 195 0.342969 0.588889 0.039062 0.194444 1.000000
0 196 0.346094 0.591667 0.039062 0.197222 1.000000
0 197 0.349219 0.591667 0.039062 0.197222 1.000000
0 198 0.353125 0.591667 0.037500 0.191667 1.000000
0 199 0.356641 0.592361 0.039844 0.190278 1.000000
0 200 0.360938 0.592361 0.037500 0.190278 1.000000
0 201 0.366406 0.592361 0.037500 0.190278 1.000000
0 202 0.369531 0.592361 0.037500 0.190278 1.000000
0 203 0.375781 0.594444 0.037500 0.186111 1.000000
0 204 0.380469 0.591667 0.037500 0.186111 1.000000
0 205 0.388281 0.591667 0.035937 0.186111 1.000000
0 206 0.395703 0.591667 0.033594 0.186111 1.000000
0 207 0.404687 0.590972 0.039062 0.187500 1.000000
0 208 0.414453 0.589583 0.035156 0.190278 1.000000
0 209 0.423047 0.588194 0.033594 0.187500 1.000000
0 210 0.433594 0.585417 0.032813 0.190278 1.000000
0 211 0.442188 0.576389 0.032813 0.180556 1.000000
0 212 0.451562 0.570139 0.032813 0.173611 1.000000
0 213 0.464844 0.571528 0.032813 0.173611 1.000000
0 214 0.475000 0.572917 0.032813 0.176389 1.000000
0 215 0.485938 0.572917 0.029687 0.181944 1.000000
0 216 0.497656 0.572917 0.029687 0.181944 1.000000
0 217 0.509375 0.571528 0.031250 0.184722 1.000000
0 218 0.521094 0.565972 0.034375 0.187500 1.000000
0 219 0.532422 0.559028 0.030469 0.187500 1.000000
0 220 0.544141 0.556250 0.030469 0.187500 1.000000
0 221 0.554688 0.553472 0.028125 0.173611 1.000000
0 222 0.562500 0.547917 0.028125 0.168056 1.000000
0 223 0.569531 0.545139 0.026562 0.168056 1.000000
0 224 0.575781 0.543056 0.026562 0.172222 1.000000
0 225 0.580469 0.540278 0.029687 0.172222 1.000000
0 226 0.585156 0.535417 0.029687 0.181944 1.000000
0 227 0.593750 0.531944 0.034375 0.191667 1.000000
0 228 0.601172 0.514583 0.028906 0.220833 1.000000
0 229 0.606641 0.498611 0.027344 0.247222 1.000000
0 230 0.612500 0.491667 0.025000 0.238889 1.000000
0 231 0.619922 0.483333 0.022656 0.227778 1.000000
0 232 0.625391 0.465972 0.022656 0.223611 1.000000
0 233 0.630859 0.464583 0.025781 0.226389 1.000000
0 234 0.638672 0.463194 0.028906 0.223611 1.000000
0 235 0.645703 0.463889 0.033594 0.227778 1.000000
0 236 0.651563 0.459722 0.040625 0.233333 1.000000
0 237 0.652734 0.455556 0.049219 0.230556 1.000000
0 238 0.655859 0.457639 0.049219 0.226389 1.000000
0 239 0.660547 0.454861 0.046094 0.231944 1.000000
0 240 0.662891 0.462500 0.047656 0.233333 1.000000
0 241 0.664062 0.472222 0.046875 0.236111 1.000000
0 242 0.665625 0.481944 0.046875 0.238889 1.000000
0 243 0.669141 0.491667 0.042969 0.213889 1.000000
0 244 0.671875 0.497917 0.040625 0.201389 1.000000
0 245 0.676562 0.501389 0.040625 0.197222 1.000000
0 246 0.679688 0.503472 0.040625 0.193056 1.000000
0 247 0.682813 0.503472 0.040625 0.193056 1.000000
0 248 0.687891 0.503472 0.033594 0.193056 1.000000
0 249 0.689844 0.503472 0.034375 0.193056 1.000000
0 250 0.691406 0.503472 0.034375 0.193056 1.000000
0 251 0.694141 0.505556 0.028906 0.180556 1.000000
0 252 0.695703 0.504167 0.027344 0.180556 1.000000
0 253 0.697656 0.506944 0.026562 0.175000 1.000000
0 254 0.697656 0.506250 0.026562 0.176389 1.000000
0 255 0.696875 0.507639 0.028125 0.173611 1.000000
0 256 0.696875 0.507639 0.028125 0.173611 1.000000
0 257 0.692187 0.507639 0.037500 0.173611 1.000000
0 258 0.691797 0.507639 0.038281 0.173611 1.000000
0 259 0.693359 0.507639 0.035156 0.173611 1.000000
0 260 0.695312 0.504861 0.035937 0.173611 1.000000
0 261 0.694922 0.506250 0.035156 0.170833 1.000000
0 262 0.694531 0.505556 0.035937 0.172222 1.000000
0 263 0.694531 0.504167 0.034375 0.172222 1.000000
0 264 0.694531 0.506944 0.032813 0.172222 1.000000
0 265 0.692969 0.508333 0.035937 0.169444 1.000000
0 266 0.692187 0.508333 0.034375 0.169444 1.000000
0 267 0.692187 0.509722 0.034375 0.166667 1.000000
0 268 0.691406 0.509722 0.035937 0.166667 1.000000
0 269 0.690625 0.508333 0.037500 0.169444 1.000000
0 270 0.689844 0.509028 0.039062 0.176389 1.000000
0 271 0.689844 0.506250 0.039062 0.181944 1.000000
0 272 0.689453 0.504167 0.038281 0.186111 1.000000
0 273 0.687109 0.504167 0.041406 0.183333 1.000000
0 274 0.685156 0.505556 0.042188 0.186111 1.000000
0 275 0.683594 0.505556 0.042188 0.186111 1.000000
0 276 0.681641 0.505556 0.041406 0.186111 1.000000
0 277 0.679688 0.505556 0.039062 0.186111 1.000000
0 278 0.677734 0.505556 0.035156 0.186111 1.000000
0 279 0.675391 0.505556 0.033594 0.186111 1.000000
0 280 0.672266 0.507639 0.030469 0.181944 1.000000
0 281 0.670703 0.507639 0.030469 0.181944 1.000000
0 282 0.666797 0.510417 0.030469 0.181944 1.000000
0 283 0.663281 0.511111 0.034375 0.183333 1.000000
0 284 0.660547 0.515278 0.039844 0.183333 1.000000
0 285 0.658984 0.516667 0.039844 0.180556 1.000000
0 286 0.657422 0.519444 0.039844 0.180556 1.000000
0 287 0.655859 0.522222 0.039844 0.180556 1.000000
0 288 0.655469 0.525000 0.037500 0.180556 1.000000
0 289 0.653906 0.525694 0.037500 0.179167 1.000000
0 290 0.651953 0.525694 0.033594 0.179167 1.000000
0 291 0.649219 0.526389 0.031250 0.177778 1.000000
0 292 0.646875 0.526389 0.029687 0.177778 1.000000
0 293 0.645312 0.527778 0.029687 0.175000 1.000000
0 294 0.641406 0.530556 0.029687 0.177778 1.000000
0 295 0.638281 0.534722 0.028125 0.180556 1.000000
0 296 0.636328 0.537500 0.027344 0.186111 1.000000
0 297 0.632422 0.539583 0.027344 0.187500 1.000000
0 298 0.629297 0.542361 0.027344 0.187500 1.000000
0 299 0.625000 0.545139 0.025000 0.190278 1.000000
0 300 0.617969 0.545833 0.031250 0.188889 1.000000
0 301 0.612500 0.547222 0.031250 0.186111 1.000000
0 302 0.606641 0.548611 0.032031 0.183333 1.000000
0 303 0.601562 0.550000 0.031250 0.180556 1.000000
0 304 0.595313 0.550694 0.032813 0.179167 1.000000
0 305 0.589453 0.552083 0.035156 0.181944 1.000000
0 306 0.584375 0.552778 0.034375 0.180556 1.000000
0 307 0.579688 0.552778 0.034375 0.180556 1.000000
0 308 0.574219 0.554861 0.032813 0.176389 1.000000
0 309 0.567578 0.559722 0.036719 0.175000 1.000000
0 310 0.559766 0.561806 0.036719 0.179167 1.000000
0 311 0.554297 0.565972 0.035156 0.179167 1.000000
0 312 0.545312 0.567361 0.037500 0.176389 1.000000
0 313 0.540234 0.569444 0.032031 0.172222 1.000000
0 314 0.532422 0.571528 0.032031 0.168056 1.000000
0 315 0.526172 0.571528 0.036719 0.168056 1.000000
0 316 0.521484 0.572917 0.042969 0.165278 1.000000
0 317 0.516406 0.575694 0.050000 0.162500 1.000000
0 318 0.508984 0.575694 0.055469 0.162500 1.000000
0 319 0.503125 0.577778 0.059375 0.158333 1.000000
0 320 0.494531 0.577778 0.060937 0.158333 1.000000
0 321 0.485156 0.577778 0.060937 0.158333 1.000000
0 322 0.475781 0.577778 0.060937 0.158333 1.000000
0 323 0.467187 0.577778 0.060937 0.158333 1.000000
0 324 0.457813 0.577778 0.060937 0.158333 1.000000
0 325 0.447266 0.577778 0.063281 0.158333 1.000000
0 326 0.437500 0.577778 0.064062 0.158333 1.000000
0 327 0.427734 0.576389 0.063281 0.158333 1.000000
0 328 0.418359 0.574306 0.063281 0.162500 1.000000
0 329 0.409766 0.574306 0.061719 0.162500 1.000000
0 330 0.399609 0.574306 0.063281 0.162500 1.000000
0 331 0.391016 0.572917 0.064844 0.162500 1.000000
0 332 0.381641 0.572917 0.064844 0.162500 1.000000
0 333 0.373047 0.572917 0.069531 0.162500 1.000000
0 334 0.364453 0.572917 0.067969 0.162500 1.000000
0 335 0.358203 0.572917 0.067969 0.162500 1.000000
0 336 0.351172 0.570139 0.067969 0.162500 1.000000
0 337 0.344141 0.570139 0.066406 0.162500 1.000000
0 338 0.338672 0.566667 0.066406 0.163889 1.000000
0 339 0.335547 0.563889 0.066406 0.169444 1.000000
0 340 0.333203 0.562500 0.067969 0.172222 1.000000
0 341 0.331250 0.560417 0.064062 0.168056 1.000000
0 342 0.330469 0.559722 0.059375 0.169444 1.000000
0 343 0.330859 0.556250 0.057031 0.176389 1.000000
0 344 0.332422 0.554861 0.057031 0.179167 1.000000
0 345 0.332422 0.552778 0.057031 0.183333 1.000000
0 346 0.332422 0.552083 0.057031 0.184722 1.000000
0 347 0.333203 0.549306 0.057031 0.184722 1.000000
0 348 0.333984 0.546528 0.055469 0.190278 1.000000
0 349 0.335547 0.546528 0.052344 0.190278 1.000000
0 350 0.337109 0.545139 0.049219 0.193056 1.000000
0 351 0.337891 0.545139 0.047656 0.193056 1.000000
0 352 0.337891 0.545139 0.047656 0.193056 1.000000
