0 1 0.687760 0.424537 0.068229 0.375000 0.000000 0.000000 1.000000
0 2 0.687760 0.424537 0.069271 0.373148 0.000000 0.000000 1.000000
0 3 0.684115 0.425000 0.070312 0.370370 -0.003646 0.000463 1.000000
0 4 0.681510 0.424074 0.071354 0.366667 -0.002604 -0.000926 1.000000
0 5 0.676302 0.421296 0.071354 0.368519 -0.005208 -0.002778 1.000000
0 6 0.670312 0.420370 0.068750 0.370370 -0.005990 -0.000926 1.000000
0 7 0.667708 0.416204 0.068750 0.375000 -0.002604 -0.004167 1.000000
0 8 0.667188 0.408796 0.078125 0.376852 -0.000521 -0.007407 1.000000
0 9 0.669010 0.385648 0.088021 0.404630 0.001823 -0.023148 1.000000
0 10 0.666406 0.391667 0.100521 0.392593 -0.002604 0.006019 1.000000
0 11 0.666927 0.392593 0.105729 0.387037 0.000521 0.000926 1.000000
0 12 0.661719 0.400000 0.103646 0.368519 -0.005208 0.007407 1.000000
0 13 0.654167 0.395370 0.094792 0.372222 -0.007552 -0.004630 1.000000
0 14 0.647917 0.392593 0.096875 0.381481 -0.006250 -0.002778 1.000000
0 15 0.644271 0.393981 0.105208 0.375000 -0.003646 0.001389 1.000000
0 16 0.640365 0.399074 0.100521 0.368519 -0.003906 0.005093 1.000000
0 17 0.638021 0.397685 0.089583 0.369444 -0.002344 -0.001389 1.000000
0 18 0.630729 0.407870 0.077083 0.337963 -0.007292 0.010185 1.000000
0 19 0.625781 0.414352 0.064062 0.326852 -0.004948 0.006481 1.000000
0 20 0.623177 0.427315 0.059896 0.310185 -0.002604 0.012963 1.000000
0 21 0.619792 0.428241 0.059375 0.310185 -0.003385 0.000926 1.000000
0 22 0.610156 0.431481 0.073438 0.344444 -0.009635 0.003241 1.000000
0 23 0.608594 0.437500 0.093229 0.360185 -0.001563 0.006019 1.000000
0 24 0.616146 0.443519 0.125000 0.351852 0.007552 0.006019 1.000000
0 25 0.612760 0.446759 0.121354 0.354630 -0.003385 0.003241 1.000000
0 26 0.604167 0.452778 0.119792 0.353704 -0.008594 0.006019 1.000000
0 27 0.594531 0.454630 0.110937 0.355556 -0.009635 0.001852 1.000000
0 28 0.577604 0.455093 0.089583 0.360185 -0.016927 0.000463 1.000000
0 29 0.573958 0.458796 0.088542 0.356481 -0.003646 0.003704 1.000000
0 30 0.565625 0.465278 0.080208 0.350926 -0.008333 0.006481 1.000000
0 31 0.563281 0.466667 0.078646 0.350000 -0.002344 0.001389 1.000000
0 32 0.559375 0.470833 0.077083 0.349074 -0.003906 0.004167 1.000000
0 33 0.558594 0.473148 0.076563 0.350000 -0.000781 0.002315 1.000000
0 34 0.554167 0.473611 0.075000 0.350926 -0.004427 0.000463 1.000000
0 35 0.551823 0.475463 0.072396 0.349074 -0.002344 0.001852 1.000000
0 36 0.547917 0.476389 0.069792 0.349074 -0.003906 0.000926 1.000000
0 37 0.546354 0.475463 0.068750 0.347222 -0.001563 -0.000926 1.000000
0 38 0.546875 0.476389 0.066667 0.345370 0.000521 0.000926 1.000000
0 39 0.549479 0.475463 0.069792 0.347222 0.002604 -0.000926 1.000000
0 40 0.549479 0.474537 0.071875 0.350926 0.000000 -0.000926 1.000000
0 41 0.547917 0.474074 0.071875 0.350000 -0.001563 -0.000463 1.000000
0 42 0.539844 0.475000 0.081771 0.344444 -0.008073 0.000926 1.000000
0 43 0.535156 0.476389 0.086979 0.336111 -0.004687 0.001389 1.000000
0 44 0.532813 0.478241 0.088542 0.326852 -0.002344 0.001852 1.000000
0 45 0.532031 0.475463 0.088021 0.330556 -0.000781 -0.002778 1.000000
0 46 0.531771 0.459722 0.081250 0.349074 -0.000260 -0.015741 1.000000
0 47 0.532813 0.446759 0.073958 0.363889 0.001042 -0.012963 1.000000
0 48 0.539062 0.430556 0.060417 0.372222 0.006250 -0.016204 1.000000
0 49 0.538542 0.425463 0.059375 0.365741 -0.000521 -0.005093 1.000000
0 50 0.538021 0.417130 0.058333 0.369444 -0.000521 -0.008333 1.000000
0 51 0.537500 0.414815 0.058333 0.368519 -0.000521 -0.002315 1.000000
0 52 0.534115 0.410648 0.063021 0.367593 -0.003385 -0.004167 1.000000
0 53 0.530469 0.406019 0.068229 0.365741 -0.003646 -0.004630 1.000000
0 54 0.525521 0.400926 0.080208 0.366667 -0.004948 -0.005093 1.000000
0 55 0.522396 0.397222 0.085417 0.366667 -0.003125 -0.003704 1.000000
0 56 0.516146 0.387963 0.092708 0.375926 -0.006250 -0.009259 1.000000
0 57 0.506771 0.388426 0.104167 0.373148 -0.009375 0.000463 1.000000
0 58 0.496875 0.398148 0.112500 0.344444 -0.009896 0.009722 1.000000
0 59 0.498177 0.395833 0.113021 0.345370 0.001302 -0.002315 1.000000
0 60 0.506250 0.399074 0.117708 0.327778 0.008073 0.003241 1.000000
0 61 0.513542 0.401389 0.121875 0.323148 0.007292 0.002315 1.000000
0 62 0.523438 0.409722 0.122917 0.304630 0.009896 0.008333 1.000000
0 63 0.526823 0.407870 0.123438 0.306481 0.003385 -0.001852 1.000000
0 64 0.532813 0.400926 0.123958 0.312963 0.005990 -0.006944 1.000000
0 65 0.532813 0.398611 0.127083 0.317593 0.000000 -0.002315 1.000000
0 66 0.530469 0.400000 0.139063 0.316667 -0.002344 0.001389 1.000000
0 67 0.529687 0.400926 0.142708 0.314815 -0.000781 0.000926 1.000000
0 68 0.534375 0.402315 0.143750 0.315741 0.004687 0.001389 1.000000
0 69 0.536458 0.400926 0.145833 0.324074 0.002083 -0.001389 1.000000
0 70 0.544271 0.398148 0.146875 0.333333 0.007812 -0.002778 1.000000
0 71 0.544792 0.396759 0.150000 0.330556 0.000521 -0.001389 1.000000
0 72 0.546354 0.396759 0.137500 0.332407 0.001563 0.000000 1.000000
0 73 0.548177 0.397685 0.126562 0.334259 0.001823 0.000926 1.000000
0 74 0.553906 0.398148 0.122396 0.342593 0.005729 0.000463 1.000000
0 75 0.558333 0.396296 0.122917 0.346296 0.004427 -0.001852 1.000000
0 76 0.556250 0.404630 0.112500 0.372222 -0.002083 0.008333 1.000000
0 77 0.550521 0.406944 0.097917 0.378704 -0.005729 0.002315 1.000000
0 78 0.565625 0.410648 0.075000 0.378704 0.015104 0.003704 1.000000
0 79 0.572396 0.412500 0.065625 0.378704 0.006771 0.001852 1.000000
0 80 0.586198 0.415741 0.049479 0.377778 0.013802 0.003241 1.000000
0 81 0.588542 0.416667 0.048958 0.377778 0.002344 0.000926 1.000000
0 82 0.592187 0.418056 0.051042 0.380556 0.003646 0.001389 1.000000
0 83 0.593229 0.418056 0.058333 0.382407 0.001042 0.000000 1.000000
0 84 0.591406 0.422222 0.068229 0.381481 -0.001823 0.004167 1.000000
0 85 0.587760 0.428241 0.072396 0.384259 -0.003646 0.006019 1.000000
0 86 0.591927 0.440741 0.078646 0.361111 0.004167 0.012500 1.000000
0 87 0.594531 0.443981 0.081771 0.352778 0.002604 0.003241 1.000000
0 88 0.596094 0.442593 0.091146 0.359259 0.001563 -0.001389 1.000000
0 89 0.598958 0.440741 0.082292 0.368519 0.002865 -0.001852 1.000000
0 90 0.607292 0.437500 0.075000 0.376852 0.008333 -0.003241 1.000000
0 91 0.606771 0.437500 0.071875 0.378704 -0.000521 0.000000 1.000000
0 92 0.609896 0.437500 0.071875 0.376852 0.003125 0.000000 1.000000
0 93 0.610677 0.437500 0.071354 0.380556 0.000781 0.000000 1.000000
0 94 0.612760 0.437037 0.071354 0.381481 0.002083 -0.000463 1.000000
0 95 0.614062 0.437500 0.073958 0.380556 0.001302 0.000463 1.000000
0 96 0.616927 0.437037 0.077604 0.381481 0.002865 -0.000463 1.000000
0 97 0.617188 0.435185 0.076042 0.385185 0.000260 -0.001852 1.000000
0 98 0.617969 0.436111 0.078646 0.383333 0.000781 0.000926 1.000000
0 99 0.618490 0.437037 0.079687 0.379630 0.000521 0.000926 1.000000
0 100 0.617969 0.437500 0.079687 0.380556 -0.000521 0.000463 1.000000
0 101 0.616667 0.436574 0.079167 0.378704 -0.001302 -0.000926 1.000000
0 102 0.613802 0.436574 0.076563 0.378704 -0.002865 0.000000 1.000000
0 103 0.612760 0.437037 0.076563 0.379630 -0.001042 0.000463 1.000000
0 104 0.609635 0.435648 0.072396 0.376852 -0.003125 -0.001389 1.000000
0 105 0.608073 0.435185 0.070312 0.379630 -0.001563 -0.000463 1.000000
0 106 0.605729 0.434259 0.066667 0.379630 -0.002344 -0.000926 1.000000
0 107 0.604427 0.433796 0.066146 0.380556 -0.001302 -0.000463 1.000000
0 108 0.600781 0.433333 0.075521 0.383333 -0.003646 -0.000463 1.000000
0 109 0.600000 0.436111 0.082292 0.379630 -0.000781 0.002778 1.000000
0 110 0.597135 0.438426 0.088021 0.378704 -0.002865 0.002315 1.000000
0 111 0.597396 0.433333 0.088542 0.388889 0.000260 -0.005093 1.000000
0 112 0.594010 0.428704 0.088021 0.396296 -0.003385 -0.004630 1.000000
0 113 0.591927 0.427315 0.086979 0.400926 -0.002083 -0.001389 1.000000
0 114 0.587240 0.425000 0.085938 0.396296 -0.004687 -0.002315 1.000000
0 115 0.587500 0.418519 0.087500 0.375926 0.000260 -0.006481 1.000000
0 116 0.588021 0.425000 0.091667 0.355556 0.000521 0.006481 1.000000
0 117 0.589323 0.432870 0.094271 0.352778 0.001302 0.007870 1.000000
0 118 0.592448 0.437500 0.086979 0.341667 0.003125 0.004630 1.000000
0 119 0.592708 0.438889 0.088542 0.344444 0.000260 0.001389 1.000000
0 120 0.592969 0.439352 0.090104 0.350926 0.000260 0.000463 1.000000
0 121 0.594010 0.439815 0.093229 0.350000 0.001042 0.000463 1.000000
0 122 0.594271 0.442593 0.098958 0.353704 0.000260 0.002778 1.000000
0 123 0.603906 0.442130 0.118229 0.352778 0.009635 -0.000463 1.000000
0 124 0.605729 0.454167 0.123958 0.350926 0.001823 0.012037 1.000000
0 125 0.604948 0.456944 0.124479 0.345370 -0.000781 0.002778 1.000000
0 126 0.603385 0.459722 0.124479 0.347222 -0.001563 0.002778 1.000000
0 127 0.603385 0.458333 0.123438 0.350000 0.000000 -0.001389 1.000000
0 128 0.608073 0.458796 0.105729 0.354630 0.004687 0.000463 1.000000
0 129 0.607292 0.460185 0.102083 0.357407 -0.000781 0.001389 1.000000
0 130 0.604688 0.461111 0.097917 0.361111 -0.002604 0.000926 1.000000
0 131 0.603906 0.465278 0.095312 0.356481 -0.000781 0.004167 1.000000
0 132 0.601042 0.470833 0.090625 0.350926 -0.002865 0.005556 1.000000
0 133 0.592448 0.475926 0.103646 0.346296 -0.008594 0.005093 1.000000
0 134 0.589323 0.494907 0.102604 0.358333 -0.003125 0.018981 1.000000
0 135 0.586979 0.498148 0.104167 0.355556 -0.002344 0.003241 1.000000
0 136 0.586458 0.504167 0.096875 0.352778 -0.000521 0.006019 1.000000
0 137 0.584896 0.506481 0.091667 0.350000 -0.001563 0.002315 1.000000
0 138 0.588802 0.515741 0.102604 0.335185 0.003906 0.009259 1.000000
0 139 0.589323 0.520833 0.099479 0.330556 0.000521 0.005093 1.000000
0 140 0.586719 0.524074 0.097396 0.325926 -0.002604 0.003241 1.000000
0 141 0.586198 0.522685 0.092188 0.326852 -0.000521 -0.001389 1.000000
0 142 0.585938 0.517130 0.085417 0.337963 -0.000260 -0.005556 1.000000
0 143 0.592448 0.511574 0.093229 0.347222 0.006510 -0.005556 1.000000
0 144 0.602604 0.500463 0.098958 0.356481 0.010156 -0.011111 1.000000
0 145 0.602604 0.491667 0.091667 0.374074 0.000000 -0.008796 1.000000
0 146 0.611719 0.485185 0.082812 0.400000 0.009115 -0.006481 1.000000
0 147 0.620833 0.469444 0.082292 0.400000 0.009115 -0.015741 1.000000
0 148 0.639844 0.460185 0.093229 0.381481 0.019010 -0.009259 1.000000
0 149 0.647396 0.451389 0.100000 0.384259 0.007552 -0.008796 1.000000
0 150 0.651563 0.436574 0.094792 0.389815 0.004167 -0.014815 1.000000
0 151 0.648958 0.430556 0.086458 0.392593 -0.002604 -0.006019 1.000000
0 152 0.635677 0.411111 0.101562 0.401852 -0.013281 -0.019444 1.000000
0 153 0.632812 0.414352 0.109375 0.384259 -0.002865 0.003241 1.000000
0 154 0.630990 0.396759 0.127604 0.413889 -0.001823 -0.017593 1.000000
0 155 0.635677 0.408333 0.129688 0.385185 0.004687 0.011574 1.000000
0 156 0.638542 0.406944 0.116667 0.389815 0.002865 -0.001389 1.000000
0 157 0.633073 0.412037 0.097396 0.392593 -0.005469 0.005093 1.000000
0 158 0.630729 0.438889 0.076042 0.355556 -0.002344 0.026852 1.000000
0 159 0.634115 0.444907 0.073438 0.354630 0.003385 0.006019 1.000000
0 160 0.643750 0.450000 0.072917 0.361111 0.009635 0.005093 1.000000
0 161 0.646615 0.440278 0.072396 0.386111 0.002865 -0.009722 1.000000
0 162 0.652604 0.419907 0.069792 0.421296 0.005990 -0.020370 1.000000
0 163 0.651563 0.427315 0.067708 0.430556 -0.001042 0.007407 1.000000
0 164 0.655208 0.443056 0.068750 0.410185 0.003646 0.015741 1.000000
0 165 0.658073 0.459722 0.067187 0.380556 0.002865 0.016667 1.000000
0 166 0.662240 0.471296 0.063021 0.366667 0.004167 0.011574 1.000000
0 167 0.666927 0.475463 0.063021 0.363889 0.004687 0.004167 1.000000
0 168 0.670052 0.480556 0.066146 0.359259 0.003125 0.005093 1.000000
0 169 0.676823 0.480556 0.075521 0.362963 0.006771 0.000000 1.000000
0 170 0.685937 0.470833 0.085417 0.387963 0.009115 -0.009722 1.000000
0 171 0.686198 0.470833 0.092188 0.387963 0.000260 0.000000 1.000000
0 172 0.680729 0.453704 0.112500 0.461111 -0.005469 -0.017130 1.000000
0 173 0.673177 0.456019 0.122396 0.460185 -0.007552 0.002315 1.000000
0 174 0.669792 0.473611 0.125000 0.430556 -0.003385 0.017593 1.000000
0 175 0.672917 0.491204 0.121875 0.393519 0.003125 0.017593 1.000000
0 176 0.666927 0.504630 0.088021 0.379630 -0.005990 0.013426 1.000000
0 177 0.663802 0.509259 0.077604 0.370370 -0.003125 0.004630 1.000000
0 178 0.658073 0.520370 0.082812 0.355556 -0.005729 0.011111 1.000000
0 179 0.651042 0.522685 0.097917 0.352778 -0.007031 0.002315 1.000000
0 180 0.641667 0.522222 0.116667 0.357407 -0.009375 -0.000463 1.000000
0 181 0.650000 0.522685 0.138542 0.358333 0.008333 0.000463 1.000000
0 182 0.634635 0.498611 0.161979 0.400926 -0.015365 -0.024074 1.000000
0 183 0.629427 0.500463 0.155729 0.406481 -0.005208 0.001852 1.000000
0 184 0.623958 0.502315 0.141667 0.404630 -0.005469 0.001852 1.000000
0 185 0.622135 0.503704 0.138021 0.401852 -0.001823 0.001389 1.000000
0 186 0.618229 0.507870 0.125000 0.393519 -0.003906 0.004167 1.000000
0 187 0.611458 0.512500 0.118750 0.384259 -0.006771 0.004630 1.000000
0 188 0.596094 0.514352 0.086979 0.378704 -0.015365 0.001852 1.000000
0 189 0.601562 0.509259 0.080208 0.372222 0.005469 -0.005093 1.000000
0 190 0.605990 0.514815 0.078646 0.353704 0.004427 0.005556 1.000000
0 191 0.608333 0.519907 0.083333 0.350926 0.002344 0.005093 1.000000
0 192 0.612240 0.517130 0.083854 0.362037 0.003906 -0.002778 1.000000
0 193 0.614323 0.517593 0.081771 0.361111 0.002083 0.000463 1.000000
0 194 0.622917 0.508796 0.068750 0.363889 0.008594 -0.008796 1.000000
0 195 0.627344 0.507870 0.065104 0.360185 0.004427 -0.000926 1.000000
0 196 0.634115 0.501389 0.067187 0.358333 0.006771 -0.006481 1.000000
0 197 0.635156 0.499537 0.067187 0.358333 0.001042 -0.001852 1.000000
0 198 0.640885 0.493519 0.067187 0.359259 0.005729 -0.006019 1.000000
0 199 0.643229 0.488426 0.066667 0.363889 0.002344 -0.005093 1.000000
0 200 0.646094 0.485185 0.058854 0.364815 0.002865 -0.003241 1.000000
0 201 0.648177 0.486111 0.055729 0.366667 0.002083 0.000926 1.000000
0 202 0.652604 0.484259 0.056250 0.361111 0.004427 -0.001852 1.000000
0 203 0.653906 0.483796 0.056771 0.360185 0.001302 -0.000463 1.000000
0 204 0.656771 0.476389 0.053125 0.363889 0.002865 -0.007407 1.000000
0 205 0.658594 0.474074 0.052604 0.364815 0.001823 -0.002315 1.000000
0 206 0.660677 0.469907 0.052604 0.363889 0.002083 -0.004167 1.000000
0 207 0.661198 0.468519 0.052604 0.362963 0.000521 -0.001389 1.000000
0 208 0.662240 0.465278 0.054688 0.363889 0.001042 -0.003241 1.000000
0 209 0.663281 0.462500 0.055729 0.365741 0.001042 -0.002778 1.000000
0 210 0.664844 0.462037 0.059896 0.361111 0.001563 -0.000463 1.000000
0 211 0.665365 0.461574 0.063021 0.360185 0.000521 -0.000463 1.000000
0 212 0.666927 0.459259 0.066146 0.361111 0.001563 -0.002315 1.000000
0 213 0.667188 0.457870 0.067708 0.363889 0.000260 -0.001389 1.000000
0 214 0.669010 0.457870 0.070312 0.358333 0.001823 0.000000 1.000000
0 215 0.668490 0.458796 0.072396 0.362037 -0.000521 0.000926 1.000000
0 216 0.670052 0.456944 0.073438 0.362037 0.001563 -0.001852 1.000000
0 217 0.670833 0.453704 0.073958 0.372222 0.000781 -0.003241 1.000000
0 218 0.673958 0.453704 0.071875 0.374074 0.003125 0.000000 1.000000
0 219 0.675000 0.454167 0.068750 0.373148 0.001042 0.000463 1.000000
0 220 0.679427 0.455556 0.060937 0.372222 0.004427 0.001389 1.000000
0 221 0.683854 0.456481 0.053125 0.366667 0.004427 0.000926 1.000000
0 222 0.684115 0.459722 0.053646 0.362037 0.000260 0.003241 1.000000
0 223 0.683854 0.459722 0.054167 0.363889 -0.000260 0.000000 1.000000
0 224 0.682813 0.460648 0.054167 0.363889 -0.001042 0.000926 1.000000
0 225 0.681771 0.458796 0.054167 0.365741 -0.001042 -0.001852 1.000000
0 226 0.679688 0.456481 0.054167 0.372222 -0.002083 -0.002315 1.000000
0 227 0.679167 0.450463 0.055208 0.384259 -0.000521 -0.006019 1.000000
0 228 0.667969 0.433333 0.076563 0.420370 -0.011198 -0.017130 1.000000
0 229 0.664583 0.430556 0.080208 0.422222 -0.003385 -0.002778 1.000000
0 230 0.663281 0.429630 0.083854 0.422222 -0.001302 -0.000926 1.000000
0 231 0.662240 0.430556 0.084896 0.420370 -0.001042 0.000926 1.000000
0 232 0.658073 0.435185 0.091146 0.418519 -0.004167 0.004630 1.000000
0 233 0.654687 0.436574 0.096875 0.413889 -0.003385 0.001389 1.000000
0 234 0.645573 0.444907 0.102604 0.400926 -0.009115 0.008333 1.000000
0 235 0.640625 0.450926 0.102083 0.388889 -0.004948 0.006019 1.000000
0 236 0.638021 0.462500 0.091667 0.365741 -0.002604 0.011574 1.000000
0 237 0.629167 0.467130 0.110417 0.360185 -0.008854 0.004630 1.000000
0 238 0.633073 0.469907 0.100521 0.350926 0.003906 0.002778 1.000000
0 239 0.634896 0.474537 0.093750 0.343519 0.001823 0.004630 1.000000
0 240 0.633854 0.478241 0.093750 0.337963 -0.001042 0.003704 1.000000
0 241 0.624479 0.479630 0.083333 0.325926 -0.009375 0.001389 1.000000
0 242 0.620833 0.477778 0.079167 0.316667 -0.003646 -0.001852 1.000000
0 243 0.606250 0.470833 0.075000 0.310185 -0.014583 -0.006944 1.000000
0 244 0.601042 0.469444 0.073958 0.311111 -0.005208 -0.001389 1.000000
0 245 0.589844 0.459722 0.079687 0.326852 -0.011198 -0.009722 1.000000
0 246 0.583333 0.453704 0.083333 0.335185 -0.006510 -0.006019 1.000000
0 247 0.568750 0.444444 0.090625 0.351852 -0.014583 -0.009259 1.000000
0 248 0.564063 0.440741 0.088542 0.353704 -0.004687 -0.003704 1.000000
0 249 0.553385 0.421759 0.090104 0.382407 -0.010677 -0.018981 1.000000
0 250 0.544792 0.413889 0.089583 0.381481 -0.008594 -0.007870 1.000000
0 251 0.535937 0.417130 0.091667 0.365741 -0.008854 0.003241 1.000000
0 252 0.529948 0.431944 0.090104 0.350926 -0.005990 0.014815 1.000000
0 253 0.523958 0.473611 0.083333 0.321296 -0.005990 0.041667 1.000000
0 254 0.520573 0.488426 0.083854 0.319444 -0.003385 0.014815 1.000000
0 255 0.524219 0.497222 0.070312 0.324074 0.003646 0.008796 1.000000
0 256 0.522917 0.508333 0.068750 0.318519 -0.001302 0.011111 1.000000
0 257 0.518490 0.522685 0.082812 0.304630 -0.004427 0.014352 1.000000
0 258 0.519010 0.527778 0.085938 0.301852 0.000521 0.005093 1.000000
0 259 0.522656 0.523611 0.077604 0.299074 0.003646 -0.004167 1.000000
0 260 0.522135 0.525463 0.073438 0.299074 -0.000521 0.001852 1.000000
0 261 0.529948 0.490278 0.075521 0.317593 0.007812 -0.035185 1.000000
0 262 0.542188 0.466667 0.078125 0.340741 0.012240 -0.023611 1.000000
0 263 0.556771 0.421296 0.083333 0.374074 0.014583 -0.045370 1.000000
0 264 0.561979 0.382870 0.075000 0.356481 0.005208 -0.038426 1.000000
0 265 0.568750 0.342130 0.070833 0.382407 0.006771 -0.040741 1.000000
0 266 0.570312 0.321759 0.067708 0.415741 0.001563 -0.020370 1.000000
0 267 0.578646 0.294907 0.063542 0.447222 0.008333 -0.026852 1.000000
0 268 0.578385 0.290741 0.059896 0.474074 -0.000260 -0.004167 1.000000
0 269 0.579688 0.273148 0.064583 0.457407 0.001302 -0.017593 1.000000
0 270 0.581250 0.271759 0.067708 0.454630 0.001563 -0.001389 1.000000
0 271 0.588802 0.274074 0.067187 0.457407 0.007552 0.002315 1.000000
0 272 0.592969 0.281019 0.067187 0.456481 0.004167 0.006944 1.000000
0 273 0.602865 0.300000 0.079687 0.448148 0.009896 0.018981 1.000000
0 274 0.607292 0.312500 0.087500 0.428704 0.004427 0.012500 1.000000
0 275 0.613021 0.333796 0.103125 0.380556 0.005729 0.021296 1.000000
0 276 0.612500 0.350926 0.103125 0.346296 -0.000521 0.017130 1.000000
0 277 0.608854 0.380093 0.108333 0.354630 -0.003646 0.029167 1.000000
0 278 0.608854 0.381019 0.108333 0.347222 0.000000 0.000926 1.000000
0 279 0.606250 0.382870 0.108333 0.339815 -0.002604 0.001852 1.000000
0 280 0.601562 0.382407 0.109375 0.340741 -0.004687 -0.000463 1.000000
0 281 0.592448 0.380556 0.109896 0.342593 -0.009115 -0.001852 1.000000
0 282 0.589323 0.379167 0.108854 0.345370 -0.003125 -0.001389 1.000000
0 283 0.585417 0.375000 0.107292 0.353704 -0.003906 -0.004167 1.000000
0 284 0.584115 0.377315 0.107813 0.356481 -0.001302 0.002315 1.000000
0 285 0.580729 0.364815 0.108333 0.390741 -0.003385 -0.012500 1.000000
0 286 0.579167 0.365278 0.109375 0.391667 -0.001563 0.000463 1.000000
0 287 0.576042 0.379630 0.111458 0.366667 -0.003125 0.014352 1.000000
0 288 0.571354 0.381481 0.106250 0.366667 -0.004687 0.001852 1.000000
0 289 0.569010 0.362037 0.105729 0.409259 -0.002344 -0.019444 1.000000
0 290 0.568750 0.362963 0.106250 0.414815 -0.000260 0.000926 1.000000
0 291 0.567708 0.376852 0.103125 0.407407 -0.001042 0.013889 1.000000
0 292 0.565885 0.388889 0.101562 0.390741 -0.001823 0.012037 1.000000
0 293 0.562240 0.408796 0.103646 0.362037 -0.003646 0.019907 1.000000
0 294 0.559896 0.409722 0.101042 0.362037 -0.002344 0.000926 1.000000
0 295 0.557813 0.403704 0.101042 0.377778 -0.002083 -0.006019 1.000000
0 296 0.556771 0.399074 0.101042 0.387037 -0.001042 -0.004630 1.000000
0 297 0.550781 0.413889 0.110937 0.366667 -0.005990 0.014815 1.000000
0 298 0.547135 0.425463 0.117188 0.345370 -0.003646 0.011574 1.000000
0 299 0.541146 0.427315 0.125000 0.347222 -0.005990 0.001852 1.000000
0 300 0.538021 0.425926 0.127083 0.351852 -0.003125 -0.001389 1.000000
0 301 0.537240 0.439815 0.124479 0.327778 -0.000781 0.013889 1.000000
0 302 0.539583 0.434722 0.121875 0.341667 0.002344 -0.005093 1.000000
0 303 0.545833 0.424074 0.107292 0.364815 0.006250 -0.010648 1.000000
0 304 0.545052 0.423611 0.107813 0.369444 -0.000781 -0.000463 1.000000
0 305 0.555729 0.423611 0.129167 0.367593 0.010677 0.000000 1.000000
0 306 0.555469 0.428241 0.124479 0.362037 -0.000260 0.004630 1.000000
0 307 0.551042 0.427315 0.120833 0.363889 -0.004427 -0.000926 1.000000
0 308 0.550260 0.428704 0.120313 0.362963 -0.000781 0.001389 1.000000
0 309 0.548438 0.430556 0.118750 0.359259 -0.001823 0.001852 1.000000
0 310 0.547396 0.430093 0.117708 0.362037 -0.001042 -0.000463 1.000000
0 311 0.545312 0.432407 0.116667 0.359259 -0.002083 0.002315 1.000000
0 312 0.544531 0.433796 0.115104 0.358333 -0.000781 0.001389 1.000000
0 313 0.538021 0.425000 0.105208 0.370370 -0.006510 -0.008796 1.000000
0 314 0.537500 0.417130 0.104167 0.387963 -0.000521 -0.007870 1.000000
0 315 0.536198 0.404630 0.106771 0.414815 -0.001302 -0.012500 1.000000
0 316 0.535677 0.400463 0.106771 0.419444 -0.000521 -0.004167 1.000000
0 317 0.535417 0.401852 0.107292 0.418519 -0.000260 0.001389 1.000000
0 318 0.535417 0.400000 0.107292 0.418519 0.000000 -0.001852 1.000000
0 319 0.534896 0.398611 0.107292 0.421296 -0.000521 -0.001389 1.000000
0 320 0.534896 0.396296 0.107292 0.424074 0.000000 -0.002315 1.000000
0 321 0.534375 0.393056 0.108333 0.426852 -0.000521 -0.003241 1.000000
0 322 0.534375 0.393056 0.107292 0.426852 0.000000 0.000000 1.000000
0 323 0.534375 0.392130 0.107292 0.426852 0.000000 -0.000926 1.000000
0 324 0.533854 0.390741 0.107292 0.427778 -0.000521 -0.001389 1.000000
0 325 0.534115 0.392593 0.107813 0.422222 0.000260 0.001852 1.000000
0 326 0.533854 0.393981 0.107292 0.417593 -0.000260 0.001389 1.000000
0 327 0.533854 0.388889 0.107292 0.425926 0.000000 -0.005093 1.000000
0 328 0.534115 0.387500 0.107813 0.426852 0.000260 -0.001389 1.000000
0 329 0.534375 0.384722 0.106250 0.430556 0.000260 -0.002778 1.000000
0 330 0.532031 0.392130 0.110937 0.410185 -0.002344 0.007407 1.000000
0 331 0.536198 0.412037 0.104688 0.361111 0.004167 0.019907 1.000000
0 332 0.543490 0.408796 0.107813 0.371296 0.007292 -0.003241 1.000000
0 333 0.547656 0.394444 0.103646 0.398148 0.004167 -0.014352 1.000000
0 334 0.545052 0.386111 0.097396 0.412963 -0.002604 -0.008333 1.000000
0 335 0.542188 0.375926 0.091667 0.429630 -0.002865 -0.010185 1.000000
0 336 0.542969 0.370370 0.091146 0.437037 0.000781 -0.005556 1.000000
0 337 0.541667 0.362963 0.096875 0.450000 -0.001302 -0.007407 1.000000
0 338 0.542448 0.359259 0.095312 0.451852 0.000781 -0.003704 1.000000
0 339 0.545833 0.350926 0.101042 0.440741 0.003385 -0.008333 1.000000
0 340 0.545312 0.350926 0.095833 0.437037 -0.000521 0.000000 1.000000
0 341 0.546875 0.351852 0.081250 0.427778 0.001563 0.000926 1.000000
0 342 0.549740 0.357407 0.079687 0.429630 0.002865 0.005556 1.000000
0 343 0.557292 0.352315 0.079167 0.402778 0.007552 -0.005093 1.000000
0 344 0.557813 0.357407 0.080208 0.396296 0.000521 0.005093 1.000000
0 345 0.560417 0.360648 0.085417 0.387963 0.002604 0.003241 1.000000
0 346 0.562760 0.360648 0.091146 0.386111 0.002344 0.000000 1.000000
0 347 0.566146 0.363426 0.095833 0.378704 0.003385 0.002778 1.000000
0 348 0.564323 0.369444 0.093229 0.364815 -0.001823 0.006019 1.000000
0 349 0.559115 0.373611 0.081771 0.352778 -0.005208 0.004167 1.000000
0 350 0.561979 0.373611 0.087500 0.350926 0.002865 0.000000 1.000000
0 351 0.568750 0.372222 0.098958 0.348148 0.006771 -0.001389 1.000000
0 352 0.570573 0.374537 0.100521 0.343519 0.001823 0.002315 1.000000
0 353 0.576562 0.377778 0.117708 0.338889 0.005990 0.003241 1.000000
0 354 0.578906 0.378704 0.125521 0.340741 0.002344 0.000926 1.000000
0 355 0.577865 0.381481 0.124479 0.335185 -0.001042 0.002778 1.000000
0 356 0.578385 0.380093 0.117188 0.337963 0.000521 -0.001389 1.000000
0 357 0.584115 0.376852 0.105729 0.342593 0.005729 -0.003241 1.000000
0 358 0.588281 0.376389 0.096354 0.343519 0.004167 -0.000463 1.000000
0 359 0.596615 0.372685 0.079687 0.347222 0.008333 -0.003704 1.000000
0 360 0.611198 0.371296 0.078646 0.348148 0.014583 -0.001389 1.000000
0 361 0.619792 0.372222 0.093750 0.353704 0.008594 0.000926 1.000000
0 362 0.620833 0.369444 0.101042 0.350000 0.001042 -0.002778 1.000000
0 363 0.621875 0.370833 0.109375 0.347222 0.001042 0.001389 1.000000
0 364 0.625260 0.372222 0.121354 0.344444 0.003385 0.001389 1.000000
0 365 0.618490 0.369444 0.132812 0.342593 -0.006771 -0.002778 1.000000
0 366 0.611979 0.369444 0.130208 0.338889 -0.006510 0.000000 1.000000
0 367 0.603125 0.365278 0.119792 0.341667 -0.008854 -0.004167 1.000000
0 368 0.600260 0.362500 0.114062 0.347222 -0.002865 -0.002778 1.000000
0 369 0.603906 0.360648 0.102604 0.352778 0.003646 -0.001852 1.000000
0 370 0.605990 0.361111 0.102604 0.353704 0.002083 0.000463 1.000000
0 371 0.610156 0.368981 0.127604 0.354630 0.004167 0.007870 1.000000
0 372 0.608594 0.370833 0.134896 0.350926 -0.001563 0.001852 1.000000
0 373 0.604948 0.374537 0.142187 0.347222 -0.003646 0.003704 1.000000
0 374 0.605469 0.376389 0.148438 0.347222 0.000521 0.001852 1.000000
0 375 0.598698 0.373148 0.146354 0.350000 -0.006771 -0.003241 1.000000
0 376 0.596094 0.373611 0.145313 0.349074 -0.002604 0.000463 1.000000
0 377 0.592448 0.372222 0.150521 0.348148 -0.003646 -0.001389 1.000000
0 378 0.589583 0.372685 0.150000 0.350926 -0.002865 0.000463 1.000000
0 379 0.587500 0.368981 0.148958 0.352778 -0.002083 -0.003704 1.000000
0 380 0.588281 0.369444 0.150521 0.351852 0.000781 0.000463 1.000000
0 381 0.594531 0.357870 0.157812 0.369444 0.006250 -0.011574 1.000000
0 382 0.598177 0.340278 0.157812 0.406481 0.003646 -0.017593 1.000000
0 383 0.609635 0.331944 0.158854 0.426852 0.011458 -0.008333 1.000000
0 384 0.618490 0.331944 0.159896 0.425000 0.008854 0.000000 1.000000
0 385 0.635156 0.346759 0.147396 0.404630 0.016667 0.014815 1.000000
0 386 0.642448 0.364815 0.139063 0.372222 0.007292 0.018056 1.000000
0 387 0.655208 0.378241 0.132292 0.358333 0.012760 0.013426 1.000000
0 388 0.654427 0.378704 0.130729 0.357407 -0.000781 0.000463 1.000000
0 389 0.645833 0.381019 0.110417 0.354630 -0.008594 0.002315 1.000000
0 390 0.639323 0.382407 0.096354 0.353704 -0.006510 0.001389 1.000000
0 391 0.636458 0.381944 0.087500 0.356481 -0.002865 -0.000463 1.000000
0 392 0.633073 0.383333 0.080729 0.355556 -0.003385 0.001389 1.000000
0 393 0.637760 0.387037 0.070312 0.353704 0.004687 0.003704 1.000000
0 394 0.641146 0.379167 0.064583 0.339815 0.003385 -0.007870 1.000000
0 395 0.645052 0.386574 0.083854 0.347222 0.003906 0.007407 1.000000
0 396 0.646094 0.387037 0.089063 0.344444 0.001042 0.000463 1.000000
0 397 0.651042 0.388889 0.105208 0.342593 0.004948 0.001852 1.000000
0 398 0.654427 0.391204 0.117188 0.339815 0.003385 0.002315 1.000000
0 399 0.653125 0.387037 0.127083 0.344444 -0.001302 -0.004167 1.000000
0 400 0.651042 0.386574 0.130208 0.349074 -0.002083 -0.000463 1.000000
0 401 0.647917 0.384722 0.135417 0.350926 -0.003125 -0.001852 1.000000
0 402 0.647656 0.384259 0.140104 0.351852 -0.000260 -0.000463 1.000000
0 403 0.648177 0.386111 0.148438 0.346296 0.000521 0.001852 1.000000
0 404 0.647135 0.383796 0.148438 0.350926 -0.001042 -0.002315 1.000000
0 405 0.645312 0.381481 0.152083 0.351852 -0.001823 -0.002315 1.000000
0 406 0.650521 0.379167 0.139583 0.352778 0.005208 -0.002315 1.000000
0 407 0.658854 0.377315 0.119792 0.358333 0.008333 -0.001852 1.000000
0 408 0.664062 0.374537 0.097917 0.363889 0.005208 -0.002778 1.000000
0 409 0.664844 0.370370 0.078646 0.370370 0.000781 -0.004167 1.000000
0 410 0.666927 0.365278 0.075521 0.371296 0.002083 -0.005093 1.000000
0 411 0.660156 0.363889 0.093229 0.375926 -0.006771 -0.001389 1.000000
0 412 0.657292 0.360185 0.101042 0.379630 -0.002865 -0.003704 1.000000
0 413 0.659896 0.351852 0.095833 0.388889 0.002604 -0.008333 1.000000
0 414 0.659375 0.350000 0.091667 0.387037 -0.000521 -0.001852 1.000000
0 415 0.648177 0.315741 0.095312 0.424074 -0.011198 -0.034259 1.000000
0 416 0.644531 0.314815 0.090104 0.435185 -0.003646 -0.000926 1.000000
0 417 0.645573 0.322222 0.088021 0.424074 0.001042 0.007407 1.000000
0 418 0.643229 0.330556 0.085417 0.407407 -0.002344 0.008333 1.000000
0 419 0.639062 0.360185 0.080208 0.361111 -0.004167 0.029630 1.000000
0 420 0.636979 0.368519 0.082292 0.350000 -0.002083 0.008333 1.000000
0 421 0.637500 0.387963 0.081250 0.307407 0.000521 0.019444 1.000000
0 422 0.636719 0.394444 0.083854 0.296296 -0.000781 0.006481 1.000000
0 423 0.634635 0.401389 0.090104 0.282407 -0.002083 0.006944 1.000000
0 424 0.632812 0.402778 0.090625 0.279630 -0.001823 0.001389 1.000000
0 425 0.629948 0.399537 0.088021 0.289815 -0.002865 -0.003241 1.000000
0 426 0.630469 0.390741 0.081771 0.305556 0.000521 -0.008796 1.000000
0 427 0.632031 0.378241 0.075521 0.332407 0.001563 -0.012500 1.000000
0 428 0.631250 0.368519 0.072917 0.337037 -0.000781 -0.009722 1.000000
0 429 0.631771 0.363426 0.089583 0.358333 0.000521 -0.005093 1.000000
0 430 0.627344 0.362963 0.110937 0.374074 -0.004427 -0.000463 1.000000
0 431 0.621615 0.354630 0.127604 0.394444 -0.005729 -0.008333 1.000000
0 432 0.621615 0.352778 0.127604 0.398148 0.000000 -0.001852 1.000000
0 433 0.619271 0.353704 0.127083 0.401852 -0.002344 0.000926 1.000000
0 434 0.619271 0.355093 0.127083 0.400926 0.000000 0.001389 1.000000
0 435 0.619531 0.356481 0.126562 0.401852 0.000260 0.001389 1.000000
0 436 0.619792 0.356481 0.126042 0.401852 0.000260 0.000000 1.000000
0 437 0.619010 0.357870 0.126562 0.402778 -0.000781 0.001389 1.000000
0 438 0.619271 0.359259 0.126042 0.401852 0.000260 0.001389 1.000000
0 439 0.618229 0.361111 0.126042 0.401852 -0.001042 0.001852 1.000000
0 440 0.617448 0.362500 0.126562 0.400926 -0.000781 0.001389 1.000000
0 441 0.616927 0.364815 0.126562 0.398148 -0.000521 0.002315 1.000000
0 442 0.616406 0.366204 0.127604 0.397222 -0.000521 0.001389 1.000000
0 443 0.616146 0.368056 0.128125 0.395370 -0.000260 0.001852 1.000000
0 444 0.617448 0.369444 0.123438 0.394444 0.001302 0.001389 1.000000
0 445 0.616927 0.370833 0.123438 0.393519 -0.000521 0.001389 1.000000
0 446 0.617448 0.373148 0.124479 0.390741 0.000521 0.002315 1.000000
0 447 0.616667 0.373148 0.123958 0.390741 -0.000781 0.000000 1.000000
0 448 0.616927 0.371296 0.123438 0.390741 0.000260 -0.001852 1.000000
0 449 0.616406 0.374074 0.123438 0.392593 -0.000521 0.002778 1.000000
0 450 0.617448 0.374537 0.121354 0.387963 0.001042 0.000463 1.000000
0 451 0.620573 0.384259 0.115104 0.370370 0.003125 0.009722 1.000000
0 452 0.624219 0.383796 0.107813 0.371296 0.003646 -0.000463 1.000000
0 453 0.623698 0.385648 0.107813 0.369444 -0.000521 0.001852 1.000000
0 454 0.625260 0.385648 0.104688 0.369444 0.001563 0.000000 1.000000
0 455 0.625260 0.382407 0.100521 0.379630 0.000000 -0.003241 1.000000
0 456 0.624479 0.381019 0.100000 0.373148 -0.000781 -0.001389 1.000000
0 457 0.623177 0.391667 0.091146 0.379630 -0.001302 0.010648 1.000000
0 458 0.623698 0.404167 0.082812 0.371296 0.000521 0.012500 1.000000
0 459 0.625260 0.405093 0.084896 0.369444 0.001563 0.000926 1.000000
0 460 0.625521 0.401852 0.084375 0.377778 0.000260 -0.003241 1.000000
0 461 0.625521 0.398148 0.085417 0.385185 0.000000 -0.003704 1.000000
0 462 0.625260 0.400000 0.084896 0.385185 -0.000260 0.001852 1.000000
0 463 0.626823 0.401852 0.084896 0.379630 0.001563 0.001852 1.000000
0 464 0.627344 0.403241 0.084896 0.380556 0.000521 0.001389 1.000000
0 465 0.626042 0.401389 0.087500 0.384259 -0.001302 -0.001852 1.000000
0 466 0.622917 0.402778 0.090625 0.383333 -0.003125 0.001389 1.000000
0 467 0.623958 0.396759 0.118750 0.362037 0.001042 -0.006019 1.000000
0 468 0.621354 0.393519 0.130208 0.364815 -0.002604 -0.003241 1.000000
0 469 0.621615 0.398611 0.133854 0.362037 0.000260 0.005093 1.000000
0 470 0.622135 0.402778 0.133854 0.357407 0.000521 0.004167 1.000000
0 471 0.622135 0.408796 0.133854 0.345370 0.000000 0.006019 1.000000
0 472 0.622917 0.408333 0.133333 0.346296 0.000781 -0.000463 1.000000
0 473 0.622396 0.408333 0.134375 0.346296 -0.000521 0.000000 1.000000
0 474 0.622396 0.408333 0.134375 0.346296 0.000000 0.000000 1.000000
0 475 0.622135 0.400463 0.133854 0.362037 -0.000260 -0.007870 1.000000
0 476 0.628125 0.404630 0.143750 0.350000 0.005990 0.004167 1.000000
0 477 0.620833 0.402315 0.130208 0.349074 -0.007292 -0.002315 1.000000
0 478 0.616406 0.403241 0.126562 0.345370 -0.004427 0.000926 1.000000
0 479 0.616146 0.403704 0.117708 0.338889 -0.000260 0.000463 1.000000
0 480 0.620052 0.403241 0.123438 0.339815 0.003906 -0.000463 1.000000
0 481 0.622135 0.401852 0.117188 0.344444 0.002083 -0.001389 1.000000
0 482 0.632292 0.401852 0.123958 0.342593 0.010156 0.000000 1.000000
0 483 0.644792 0.399074 0.111458 0.348148 0.012500 -0.002778 1.000000
0 484 0.643229 0.400926 0.117708 0.355556 -0.001563 0.001852 1.000000
0 485 0.642448 0.411111 0.143229 0.361111 -0.000781 0.010185 1.000000
0 486 0.645573 0.417593 0.151562 0.375926 0.003125 0.006481 1.000000
0 487 0.650781 0.420833 0.159896 0.371296 0.005208 0.003241 1.000000
0 488 0.649479 0.421759 0.155208 0.369444 -0.001302 0.000926 1.000000
0 489 0.643490 0.419444 0.115104 0.372222 -0.005990 -0.002315 1.000000
0 490 0.647656 0.419444 0.146354 0.372222 0.004167 0.000000 1.000000
0 491 0.648438 0.418519 0.168750 0.370370 0.000781 -0.000926 1.000000
0 492 0.652344 0.416204 0.159896 0.373148 0.003906 -0.002315 1.000000
0 493 0.658594 0.403241 0.133854 0.376852 0.006250 -0.012963 1.000000
0 494 0.657031 0.397222 0.113021 0.375926 -0.001563 -0.006019 1.000000
0 495 0.642708 0.389815 0.105208 0.372222 -0.014323 -0.007407 1.000000
0 496 0.637760 0.390278 0.115104 0.358333 -0.004948 0.000463 1.000000
0 497 0.632552 0.399074 0.128646 0.340741 -0.005208 0.008796 1.000000
0 498 0.633073 0.398148 0.127604 0.342593 0.000521 -0.000926 1.000000
0 499 0.632292 0.396759 0.128125 0.339815 -0.000781 -0.001389 1.000000
0 500 0.632552 0.395833 0.126562 0.337963 0.000260 -0.000926 1.000000
0 501 0.631771 0.393519 0.127083 0.342593 -0.000781 -0.002315 1.000000
0 502 0.631250 0.392593 0.127083 0.342593 -0.000521 -0.000926 1.000000
0 503 0.629948 0.388426 0.126562 0.345370 -0.001302 -0.004167 1.000000
0 504 0.630469 0.384259 0.126562 0.351852 0.000521 -0.004167 1.000000
0 505 0.629427 0.376852 0.127604 0.364815 -0.001042 -0.007407 1.000000
0 506 0.629167 0.375000 0.128125 0.366667 -0.000260 -0.001852 1.000000
0 507 0.627083 0.373611 0.129167 0.365741 -0.002083 -0.001389 1.000000
0 508 0.628125 0.374537 0.128125 0.363889 0.001042 0.000926 1.000000
0 509 0.627604 0.372222 0.128125 0.364815 -0.000521 -0.002315 1.000000
0 510 0.627083 0.372685 0.128125 0.365741 -0.000521 0.000463 1.000000
0 511 0.627344 0.370833 0.128646 0.365741 0.000260 -0.001852 1.000000
0 512 0.626823 0.370370 0.128646 0.364815 -0.000521 -0.000463 1.000000
0 513 0.626302 0.369907 0.128646 0.367593 -0.000521 -0.000463 1.000000
0 514 0.626042 0.368981 0.129167 0.365741 -0.000260 -0.000926 1.000000
0 515 0.626042 0.368519 0.130208 0.364815 0.000000 -0.000463 1.000000
0 516 0.625000 0.368056 0.129167 0.365741 -0.001042 -0.000463 1.000000
0 517 0.625781 0.367130 0.129688 0.365741 0.000781 -0.000926 1.000000
0 518 0.625000 0.368981 0.129167 0.365741 -0.000781 0.001852 1.000000
0 519 0.624740 0.366667 0.129688 0.364815 -0.000260 -0.002315 1.000000
0 520 0.625000 0.366667 0.130208 0.366667 0.000260 0.000000 1.000000
0 521 0.623698 0.366667 0.126562 0.364815 -0.001302 0.000000 1.000000
0 522 0.621875 0.365741 0.123958 0.364815 -0.001823 -0.000926 1.000000
0 523 0.621615 0.368981 0.124479 0.365741 -0.000260 0.003241 1.000000
0 524 0.621615 0.369907 0.124479 0.363889 0.000000 0.000926 1.000000
0 525 0.621615 0.369444 0.124479 0.366667 0.000000 -0.000463 1.000000
0 526 0.621875 0.371296 0.123958 0.368519 0.000260 0.001852 1.000000
0 527 0.621094 0.370370 0.125521 0.370370 -0.000781 -0.000926 1.000000
0 528 0.620052 0.372222 0.125521 0.372222 -0.001042 0.001852 1.000000
0 529 0.620573 0.376852 0.124479 0.362963 0.000521 0.004630 1.000000
0 530 0.620052 0.379167 0.126562 0.362037 -0.000521 0.002315 1.000000
0 531 0.618750 0.379630 0.127083 0.362963 -0.001302 0.000463 1.000000
0 532 0.617969 0.380093 0.125521 0.363889 -0.000781 0.000463 1.000000
0 533 0.618490 0.381944 0.125521 0.358333 0.000521 0.001852 1.000000
0 534 0.617969 0.385648 0.127604 0.354630 -0.000521 0.003704 1.000000
0 535 0.617188 0.387500 0.128125 0.354630 -0.000781 0.001852 1.000000
0 536 0.616406 0.388889 0.129688 0.353704 -0.000781 0.001389 1.000000
0 537 0.615625 0.393056 0.129167 0.349074 -0.000781 0.004167 1.000000
0 538 0.614844 0.393056 0.130729 0.349074 -0.000781 0.000000 1.000000
0 539 0.608594 0.393056 0.140104 0.352778 -0.006250 0.000000 1.000000
0 540 0.608594 0.391204 0.139063 0.356481 0.000000 -0.001852 1.000000
0 541 0.604688 0.389352 0.115625 0.350926 -0.003906 -0.001852 1.000000
0 542 0.598177 0.390741 0.104688 0.348148 -0.006510 0.001389 1.000000
0 543 0.586198 0.397685 0.078646 0.349074 -0.011979 0.006944 1.000000
0 544 0.584896 0.394907 0.077083 0.341667 -0.001302 -0.002778 1.000000
0 545 0.584115 0.408796 0.077604 0.360185 -0.000781 0.013889 1.000000
0 546 0.585417 0.411574 0.078125 0.356481 0.001302 0.002778 1.000000
0 547 0.590885 0.412963 0.075521 0.355556 0.005469 0.001389 1.000000
0 548 0.592969 0.412037 0.072396 0.359259 0.002083 -0.000926 1.000000
0 549 0.595573 0.408333 0.058854 0.366667 0.002604 -0.003704 1.000000
0 550 0.596875 0.406944 0.056250 0.371296 0.001302 -0.001389 1.000000
0 551 0.599740 0.424537 0.049479 0.382407 0.002865 0.017593 1.000000
0 552 0.597656 0.428241 0.048438 0.376852 -0.002083 0.003704 1.000000
0 553 0.597396 0.425000 0.050000 0.385185 -0.000260 -0.003241 1.000000
0 554 0.604427 0.419444 0.063021 0.398148 0.007031 -0.005556 1.000000
0 555 0.603385 0.406019 0.057813 0.426852 -0.001042 -0.013426 1.000000
0 556 0.603906 0.394907 0.056771 0.425000 0.000521 -0.011111 1.000000
0 557 0.611979 0.384722 0.092708 0.410185 0.008073 -0.010185 1.000000
0 558 0.609896 0.400926 0.102083 0.403704 -0.002083 0.016204 1.000000
0 559 0.615625 0.414352 0.126042 0.371296 0.005729 0.013426 1.000000
0 560 0.616146 0.416667 0.126042 0.362963 0.000521 0.002315 1.000000
0 561 0.616146 0.420833 0.126042 0.356481 0.000000 0.004167 1.000000
0 562 0.615625 0.419907 0.126042 0.360185 -0.000521 -0.000926 1.000000
0 563 0.616406 0.418056 0.124479 0.363889 0.000781 -0.001852 1.000000
0 564 0.617708 0.418981 0.122917 0.362037 0.001302 0.000926 1.000000
0 565 0.615365 0.416204 0.127604 0.367593 -0.002344 -0.002778 1.000000
0 566 0.614323 0.414815 0.129688 0.368519 -0.001042 -0.001389 1.000000
0 567 0.612760 0.388889 0.132812 0.422222 -0.001563 -0.025926 1.000000
0 568 0.612500 0.375463 0.132292 0.445370 -0.000260 -0.013426 1.000000
0 569 0.612500 0.371296 0.132292 0.455556 0.000000 -0.004167 1.000000
0 570 0.611979 0.370833 0.132292 0.454630 -0.000521 -0.000463 1.000000
0 571 0.611458 0.376852 0.133333 0.442593 -0.000521 0.006019 1.000000
0 572 0.609375 0.401852 0.135417 0.390741 -0.002083 0.025000 1.000000
0 573 0.605990 0.409722 0.142187 0.375000 -0.003385 0.007870 1.000000
0 574 0.604688 0.413426 0.144792 0.365741 -0.001302 0.003704 1.000000
0 575 0.604427 0.415278 0.145313 0.363889 -0.000260 0.001852 1.000000
0 576 0.604688 0.411111 0.144792 0.366667 0.000260 -0.004167 1.000000
0 577 0.604167 0.411111 0.144792 0.366667 -0.000521 0.000000 1.000000
0 578 0.603385 0.409722 0.144271 0.365741 -0.000781 -0.001389 1.000000
0 579 0.603125 0.409722 0.144792 0.363889 -0.000260 0.000000 1.000000
0 580 0.603125 0.411111 0.144792 0.362963 0.000000 0.001389 1.000000
0 581 0.603646 0.410648 0.144792 0.365741 0.000521 -0.000463 1.000000
0 582 0.602604 0.409722 0.144792 0.371296 -0.001042 -0.000926 1.000000
0 583 0.602083 0.412500 0.145833 0.365741 -0.000521 0.002778 1.000000
0 584 0.601302 0.414352 0.145313 0.358333 -0.000781 0.001852 1.000000
0 585 0.601302 0.417130 0.146354 0.358333 0.000000 0.002778 1.000000
0 586 0.601302 0.418056 0.146354 0.358333 0.000000 0.000926 1.000000
0 587 0.601042 0.416667 0.145833 0.355556 -0.000260 -0.001389 1.000000
0 588 0.600521 0.418519 0.145833 0.357407 -0.000521 0.001852 1.000000
0 589 0.600781 0.419444 0.145313 0.357407 0.000260 0.000926 1.000000
0 590 0.600781 0.420370 0.145313 0.355556 0.000000 0.000926 1.000000
0 591 0.599479 0.419444 0.145833 0.359259 -0.001302 -0.000926 1.000000
0 592 0.599479 0.420833 0.145833 0.356481 0.000000 0.001389 1.000000
0 593 0.599219 0.421759 0.146354 0.356481 -0.000260 0.000926 1.000000
0 594 0.598958 0.422222 0.145833 0.357407 -0.000260 0.000463 1.000000
0 595 0.598958 0.422222 0.145833 0.359259 0.000000 0.000000 1.000000
0 596 0.598437 0.424537 0.146875 0.354630 -0.000521 0.002315 1.000000
0 597 0.598437 0.426852 0.145833 0.351852 0.000000 0.002315 1.000000
0 598 0.598177 0.425926 0.145313 0.350000 -0.000260 -0.000926 1.000000
0 599 0.596875 0.423611 0.142708 0.352778 -0.001302 -0.002315 1.000000
0 600 0.595833 0.419444 0.141667 0.362963 -0.001042 -0.004167 1.000000
0 601 0.593750 0.417593 0.140625 0.364815 -0.002083 -0.001852 1.000000
0 602 0.595052 0.418056 0.143229 0.365741 0.001302 0.000463 1.000000
0 603 0.594792 0.418519 0.143750 0.366667 -0.000260 0.000463 1.000000
0 604 0.594531 0.418981 0.144271 0.365741 -0.000260 0.000463 1.000000
0 605 0.593490 0.420370 0.142187 0.361111 -0.001042 0.001389 1.000000
0 606 0.593490 0.423148 0.143229 0.353704 0.000000 0.002778 1.000000
0 607 0.593229 0.423611 0.143750 0.356481 -0.000260 0.000463 1.000000
0 608 0.591667 0.415278 0.142708 0.367593 -0.001563 -0.008333 1.000000
0 609 0.591667 0.415278 0.142708 0.369444 0.000000 0.000000 1.000000
0 610 0.591146 0.405093 0.144792 0.387963 -0.000521 -0.010185 1.000000
0 611 0.589323 0.398148 0.141146 0.398148 -0.001823 -0.006944 1.000000
0 612 0.589323 0.396296 0.142187 0.398148 0.000000 -0.001852 1.000000
0 613 0.590104 0.395833 0.144792 0.399074 0.000781 -0.000463 1.000000
0 614 0.590104 0.396296 0.144792 0.400000 0.000000 0.000463 1.000000
0 615 0.589323 0.395370 0.145313 0.398148 -0.000781 -0.000926 1.000000
0 616 0.588802 0.398611 0.146354 0.395370 -0.000521 0.003241 1.000000
0 617 0.587760 0.398611 0.147396 0.391667 -0.001042 0.000000 1.000000
0 618 0.587760 0.400000 0.147396 0.387037 0.000000 0.001389 1.000000
0 619 0.586979 0.400463 0.146875 0.386111 -0.000781 0.000463 1.000000
0 620 0.585938 0.405093 0.145833 0.376852 -0.001042 0.004630 1.000000
0 621 0.585938 0.401852 0.146875 0.377778 0.000000 -0.003241 1.000000
0 622 0.584635 0.399537 0.146354 0.384259 -0.001302 -0.002315 1.000000
0 623 0.583854 0.399537 0.145833 0.384259 -0.000781 0.000000 1.000000
0 624 0.582812 0.398611 0.145833 0.386111 -0.001042 -0.000926 1.000000
0 625 0.582292 0.397685 0.145833 0.387963 -0.000521 -0.000926 1.000000
0 626 0.582292 0.397222 0.145833 0.392593 0.000000 -0.000463 1.000000
0 627 0.582031 0.396759 0.146354 0.395370 -0.000260 -0.000463 1.000000
0 628 0.581771 0.396296 0.145833 0.398148 -0.000260 -0.000463 1.000000
0 629 0.581771 0.398148 0.145833 0.398148 0.000000 0.001852 1.000000
0 630 0.580990 0.403704 0.147396 0.394444 -0.000781 0.005556 1.000000
0 631 0.581510 0.409722 0.148438 0.382407 0.000521 0.006019 1.000000
0 632 0.580990 0.422222 0.148438 0.362963 -0.000521 0.012500 1.000000
0 633 0.579688 0.428241 0.146875 0.354630 -0.001302 0.006019 1.000000
0 634 0.578906 0.431481 0.145313 0.348148 -0.000781 0.003241 1.000000
0 635 0.578385 0.431019 0.145313 0.347222 -0.000521 -0.000463 1.000000
0 636 0.576823 0.433796 0.140104 0.349074 -0.001563 0.002778 1.000000
0 637 0.574479 0.438426 0.137500 0.343519 -0.002344 0.004630 1.000000
0 638 0.574219 0.443519 0.138021 0.338889 -0.000260 0.005093 1.000000
0 639 0.574219 0.445833 0.138021 0.336111 0.000000 0.002315 1.000000
0 640 0.572396 0.449074 0.140625 0.331481 -0.001823 0.003241 1.000000
0 641 0.569792 0.449537 0.145833 0.334259 -0.002604 0.000463 1.000000
0 642 0.568490 0.444907 0.147396 0.339815 -0.001302 -0.004630 1.000000
0 643 0.567969 0.442130 0.146354 0.341667 -0.000521 -0.002778 1.000000
0 644 0.558594 0.437037 0.127604 0.344444 -0.009375 -0.005093 1.000000
0 645 0.558594 0.436574 0.130729 0.350926 0.000000 -0.000463 1.000000
0 646 0.542448 0.425463 0.098437 0.369444 -0.016146 -0.011111 1.000000
0 647 0.537240 0.419907 0.089063 0.382407 -0.005208 -0.005556 1.000000
0 648 0.536979 0.410185 0.130208 0.388889 -0.000260 -0.009722 1.000000
0 649 0.537500 0.408796 0.179167 0.391667 0.000521 -0.001389 1.000000
0 650 0.534375 0.406944 0.186458 0.389815 -0.003125 -0.001852 1.000000
0 651 0.533073 0.406481 0.171354 0.387037 -0.001302 -0.000463 1.000000
0 652 0.531771 0.400000 0.115625 0.385185 -0.001302 -0.006481 1.000000
0 653 0.534115 0.400926 0.108854 0.383333 0.002344 0.000926 1.000000
0 654 0.532552 0.404167 0.114062 0.376852 -0.001563 0.003241 1.000000
0 655 0.529948 0.401389 0.106771 0.373148 -0.002604 -0.002778 1.000000
0 656 0.519271 0.398148 0.088542 0.381481 -0.010677 -0.003241 1.000000
0 657 0.516406 0.390278 0.081771 0.395370 -0.002865 -0.007870 1.000000
0 658 0.516146 0.371296 0.070833 0.392593 -0.000260 -0.018981 1.000000
0 659 0.513281 0.375463 0.072396 0.404630 -0.002865 0.004167 1.000000
0 660 0.512760 0.385185 0.078646 0.392593 -0.000521 0.009722 1.000000
0 661 0.513021 0.393056 0.082292 0.376852 0.000260 0.007870 1.000000
0 662 0.515625 0.389815 0.087500 0.366667 0.002604 -0.003241 1.000000
0 663 0.513281 0.385648 0.089063 0.363889 -0.002344 -0.004167 1.000000
0 664 0.502083 0.376852 0.078125 0.374074 -0.011198 -0.008796 1.000000
0 665 0.498958 0.375926 0.070833 0.379630 -0.003125 -0.000926 1.000000
0 666 0.497656 0.361574 0.075521 0.387963 -0.001302 -0.014352 1.000000
0 667 0.492969 0.364815 0.084896 0.396296 -0.004687 0.003241 1.000000
0 668 0.489583 0.370370 0.086458 0.388889 -0.003385 0.005556 1.000000
0 669 0.487760 0.378241 0.084896 0.373148 -0.001823 0.007870 1.000000
0 670 0.492188 0.378704 0.097917 0.364815 0.004427 0.000463 1.000000
0 671 0.494271 0.378241 0.096875 0.369444 0.002083 -0.000463 1.000000
0 672 0.516667 0.377778 0.116667 0.375926 0.022396 -0.000463 1.000000
0 673 0.511458 0.380556 0.110417 0.370370 -0.005208 0.002778 1.000000
0 674 0.492188 0.379167 0.078125 0.373148 -0.019271 -0.001389 1.000000
0 675 0.489063 0.375463 0.078125 0.378704 -0.003125 -0.003704 1.000000
0 676 0.482552 0.363889 0.099479 0.364815 -0.006510 -0.011574 1.000000
0 677 0.481771 0.370370 0.105208 0.375926 -0.000781 0.006481 1.000000
0 678 0.479687 0.373148 0.107292 0.383333 -0.002083 0.002778 1.000000
0 679 0.478385 0.374074 0.118229 0.379630 -0.001302 0.000926 1.000000
0 680 0.484115 0.376389 0.122396 0.371296 0.005729 0.002315 1.000000
0 681 0.490365 0.375926 0.118229 0.370370 0.006250 -0.000463 1.000000
0 682 0.496875 0.376389 0.125000 0.369444 0.006510 0.000463 1.000000
0 683 0.496094 0.375463 0.121354 0.369444 -0.000781 -0.000926 1.000000
0 684 0.491146 0.371296 0.105208 0.375926 -0.004948 -0.004167 1.000000
0 685 0.488021 0.368519 0.104167 0.379630 -0.003125 -0.002778 1.000000
0 686 0.490365 0.368981 0.102604 0.375000 0.002344 0.000463 1.000000
0 687 0.491927 0.369444 0.102604 0.375926 0.001563 0.000463 1.000000
0 688 0.489583 0.371759 0.100000 0.367593 -0.002344 0.002315 1.000000
0 689 0.489583 0.375000 0.102083 0.364815 0.000000 0.003241 1.000000
0 690 0.496875 0.374074 0.097917 0.364815 0.007292 -0.000926 1.000000
0 691 0.497656 0.371296 0.097396 0.370370 0.000781 -0.002778 1.000000
0 692 0.488021 0.369907 0.094792 0.362037 -0.009635 -0.001389 1.000000
0 693 0.484115 0.369444 0.103646 0.359259 -0.003906 -0.000463 1.000000
0 694 0.484896 0.373611 0.139583 0.362037 0.000781 0.004167 1.000000
0 695 0.486458 0.378704 0.146875 0.355556 0.001563 0.005093 1.000000
0 696 0.484896 0.384259 0.143750 0.338889 -0.001563 0.005556 1.000000
0 697 0.483594 0.382870 0.142187 0.339815 -0.001302 -0.001389 1.000000
0 698 0.485156 0.381481 0.138021 0.342593 0.001563 -0.001389 1.000000
0 699 0.484375 0.383333 0.140625 0.344444 -0.000781 0.001852 1.000000
0 700 0.483854 0.368519 0.143750 0.355556 -0.000521 -0.014815 1.000000
0 701 0.482812 0.366667 0.142708 0.359259 -0.001042 -0.001852 1.000000
0 702 0.482812 0.365741 0.140625 0.362963 0.000000 -0.000926 1.000000
0 703 0.482812 0.354167 0.140625 0.389815 0.000000 -0.011574 1.000000
0 704 0.483594 0.345370 0.142187 0.409259 0.000781 -0.008796 1.000000
0 705 0.488021 0.346759 0.135417 0.410185 0.004427 0.001389 1.000000
0 706 0.488802 0.372685 0.131771 0.362037 0.000781 0.025926 1.000000
0 707 0.488281 0.375926 0.132812 0.361111 -0.000521 0.003241 1.000000
0 708 0.489323 0.382407 0.132812 0.362963 0.001042 0.006481 1.000000
0 709 0.484375 0.380556 0.125000 0.366667 -0.004948 -0.001852 1.000000
0 710 0.484896 0.379167 0.126042 0.371296 0.000521 -0.001389 1.000000
0 711 0.490104 0.372685 0.125000 0.365741 0.005208 -0.006481 1.000000
0 712 0.513542 0.373148 0.112500 0.375926 0.023438 0.000463 1.000000
0 713 0.520833 0.372685 0.109375 0.378704 0.007292 -0.000463 1.000000
0 714 0.526563 0.368519 0.109375 0.374074 0.005729 -0.004167 1.000000
0 715 0.531510 0.372685 0.110937 0.380556 0.004948 0.004167 1.000000
0 716 0.538281 0.377778 0.107813 0.374074 0.006771 0.005093 1.000000
0 717 0.542188 0.376852 0.108333 0.379630 0.003906 -0.000926 1.000000
0 718 0.549740 0.380556 0.108854 0.375926 0.007552 0.003704 1.000000
0 719 0.552344 0.378704 0.108854 0.375926 0.002604 -0.001852 1.000000
0 720 0.559375 0.379167 0.106250 0.362037 0.007031 0.000463 1.000000
0 721 0.562500 0.383796 0.098958 0.358333 0.003125 0.004630 1.000000
0 722 0.577604 0.393981 0.107292 0.347222 0.015104 0.010185 1.000000
0 723 0.585417 0.400000 0.109375 0.342593 0.007812 0.006019 1.000000
0 724 0.590104 0.408796 0.101042 0.328704 0.004687 0.008796 1.000000
0 725 0.588802 0.408796 0.103646 0.332407 -0.001302 0.000000 1.000000
0 726 0.583073 0.398611 0.111979 0.345370 -0.005729 -0.010185 1.000000
0 727 0.580990 0.397685 0.114062 0.352778 -0.002083 -0.000926 1.000000
0 728 0.579948 0.395833 0.115104 0.362037 -0.001042 -0.001852 1.000000
0 729 0.579167 0.398148 0.115625 0.361111 -0.000781 0.002315 1.000000
0 730 0.579688 0.400463 0.118750 0.360185 0.000521 0.002315 1.000000
0 731 0.582812 0.399537 0.125000 0.358333 0.003125 -0.000926 1.000000
0 732 0.590365 0.401852 0.142187 0.357407 0.007552 0.002315 1.000000
0 733 0.594010 0.404167 0.148438 0.354630 0.003646 0.002315 1.000000
0 734 0.592969 0.421759 0.151562 0.337963 -0.001042 0.017593 1.000000
0 735 0.592969 0.423611 0.151562 0.334259 0.000000 0.001852 1.000000
0 736 0.591667 0.429167 0.152083 0.330556 -0.001302 0.005556 1.000000
0 737 0.591146 0.429167 0.152083 0.332407 -0.000521 0.000000 1.000000
0 738 0.591146 0.428704 0.152083 0.333333 0.000000 -0.000463 1.000000
0 739 0.590104 0.430556 0.153125 0.335185 -0.001042 0.001852 1.000000
0 740 0.588802 0.432407 0.152604 0.335185 -0.001302 0.001852 1.000000
0 741 0.588802 0.433333 0.151562 0.335185 0.000000 0.000926 1.000000
0 742 0.587500 0.434722 0.152083 0.336111 -0.001302 0.001389 1.000000
0 743 0.588021 0.434259 0.152083 0.338889 0.000521 -0.000463 1.000000
0 744 0.586719 0.435185 0.152604 0.337037 -0.001302 0.000926 1.000000
0 745 0.585938 0.435185 0.152083 0.337037 -0.000781 0.000000 1.000000
0 746 0.584896 0.435185 0.152083 0.337037 -0.001042 0.000000 1.000000
0 747 0.584635 0.436111 0.151562 0.337037 -0.000260 0.000926 1.000000
0 748 0.583333 0.434722 0.152083 0.339815 -0.001302 -0.001389 1.000000
0 749 0.583333 0.435185 0.151042 0.338889 0.000000 0.000463 1.000000
0 750 0.581510 0.434722 0.151562 0.337963 -0.001823 -0.000463 1.000000
0 751 0.581510 0.433796 0.151562 0.341667 0.000000 -0.000926 1.000000
0 752 0.580469 0.432870 0.151562 0.339815 -0.001042 -0.000926 1.000000
0 753 0.579948 0.431019 0.151562 0.341667 -0.000521 -0.001852 1.000000
0 754 0.579948 0.430093 0.151562 0.341667 0.000000 -0.000926 1.000000
0 755 0.579167 0.428241 0.152083 0.341667 -0.000781 -0.001852 1.000000
0 756 0.578906 0.427315 0.151562 0.341667 -0.000260 -0.000926 1.000000
0 757 0.578385 0.428241 0.151562 0.339815 -0.000521 0.000926 1.000000
0 758 0.577604 0.427778 0.152083 0.337037 -0.000781 -0.000463 1.000000
0 759 0.577344 0.428241 0.151562 0.336111 -0.000260 0.000463 1.000000
0 760 0.577604 0.428241 0.152083 0.336111 0.000260 0.000000 1.000000
0 761 0.577344 0.426852 0.151562 0.337037 -0.000260 -0.001389 1.000000
0 762 0.577604 0.425000 0.153125 0.338889 0.000260 -0.001852 1.000000
0 763 0.577865 0.424537 0.153646 0.339815 0.000260 -0.000463 1.000000
0 764 0.577604 0.424074 0.153125 0.338889 -0.000260 -0.000463 1.000000
0 765 0.577604 0.424074 0.153125 0.338889 0.000000 0.000000 1.000000
0 766 0.577083 0.423611 0.153125 0.339815 -0.000521 -0.000463 1.000000
0 767 0.577344 0.424537 0.152604 0.339815 0.000260 0.000926 1.000000
0 768 0.577865 0.424537 0.153646 0.339815 0.000521 0.000000 1.000000
0 769 0.578125 0.424537 0.154167 0.339815 0.000260 0.000000 1.000000
0 770 0.578646 0.424074 0.154167 0.342593 0.000521 -0.000463 1.000000
0 771 0.578125 0.425000 0.153125 0.342593 -0.000521 0.000926 1.000000
0 772 0.579167 0.430093 0.153125 0.334259 0.001042 0.005093 1.000000
0 773 0.578125 0.433333 0.153125 0.329630 -0.001042 0.003241 1.000000
0 774 0.579427 0.436574 0.153646 0.323148 0.001302 0.003241 1.000000
0 775 0.580208 0.438426 0.155208 0.321296 0.000781 0.001852 1.000000
0 776 0.579948 0.438426 0.154688 0.319444 -0.000260 0.000000 1.000000
0 777 0.580469 0.438426 0.153646 0.323148 0.000521 0.000000 1.000000
0 778 0.580469 0.432870 0.154688 0.334259 0.000000 -0.005556 1.000000
0 779 0.581250 0.429167 0.153125 0.343519 0.000781 -0.003704 1.000000
0 780 0.583073 0.422222 0.150521 0.359259 0.001823 -0.006944 1.000000
0 781 0.586198 0.412037 0.138021 0.379630 0.003125 -0.010185 1.000000
0 782 0.589063 0.407407 0.107292 0.394444 0.002865 -0.004630 1.000000
0 783 0.588021 0.411574 0.108333 0.387963 -0.001042 0.004167 1.000000
0 784 0.591667 0.418056 0.101042 0.378704 0.003646 0.006481 1.000000
0 785 0.595313 0.418519 0.093750 0.381481 0.003646 0.000463 1.000000
0 786 0.590625 0.418981 0.103125 0.382407 -0.004687 0.000463 1.000000
0 787 0.591146 0.418981 0.103125 0.384259 0.000521 0.000000 1.000000
0 788 0.595833 0.418981 0.092708 0.384259 0.004687 0.000000 1.000000
0 789 0.594010 0.421759 0.090104 0.382407 -0.001823 0.002778 1.000000
0 790 0.593490 0.428704 0.088021 0.372222 -0.000521 0.006944 1.000000
0 791 0.593750 0.431481 0.087500 0.366667 0.000260 0.002778 1.000000
0 792 0.593490 0.429167 0.088021 0.371296 -0.000260 -0.002315 1.000000
0 793 0.593490 0.429630 0.086979 0.374074 0.000000 0.000463 1.000000
0 794 0.592187 0.428241 0.085417 0.375000 -0.001302 -0.001389 1.000000
0 795 0.592448 0.427778 0.084896 0.374074 0.000260 -0.000463 1.000000
0 796 0.591406 0.428704 0.084896 0.372222 -0.001042 0.000926 1.000000
0 797 0.591667 0.428241 0.085417 0.371296 0.000260 -0.000463 1.000000
0 798 0.594010 0.429167 0.091146 0.367593 0.002344 0.000926 1.000000
0 799 0.595573 0.430556 0.094271 0.364815 0.001563 0.001389 1.000000
0 800 0.599219 0.430093 0.101562 0.363889 0.003646 -0.000463 1.000000
0 801 0.601042 0.430556 0.105208 0.364815 0.001823 0.000463 1.000000
0 802 0.610156 0.429630 0.115104 0.366667 0.009115 -0.000926 1.000000
0 803 0.610938 0.428241 0.114583 0.369444 0.000781 -0.001389 1.000000
0 804 0.612240 0.425926 0.118229 0.374074 0.001302 -0.002315 1.000000
0 805 0.614062 0.423611 0.107292 0.378704 0.001823 -0.002315 1.000000
0 806 0.608854 0.428704 0.096875 0.368519 -0.005208 0.005093 1.000000
0 807 0.609115 0.428241 0.098437 0.367593 0.000260 -0.000463 1.000000
0 808 0.611979 0.427778 0.095833 0.368519 0.002865 -0.000463 1.000000
0 809 0.613542 0.426852 0.098958 0.368519 0.001563 -0.000926 1.000000
0 810 0.616406 0.428704 0.097396 0.364815 0.002865 0.001852 1.000000
0 811 0.625000 0.433333 0.084375 0.370370 0.008594 0.004630 1.000000
0 812 0.631771 0.444444 0.082292 0.377778 0.006771 0.011111 1.000000
0 813 0.631250 0.449537 0.085417 0.376852 -0.000521 0.005093 1.000000
0 814 0.625521 0.456481 0.091667 0.385185 -0.005729 0.006944 1.000000
0 815 0.626823 0.459722 0.093229 0.380556 0.001302 0.003241 1.000000
0 816 0.634375 0.462500 0.082292 0.375000 0.007552 0.002778 1.000000
0 817 0.637760 0.463889 0.080729 0.375926 0.003385 0.001389 1.000000
0 818 0.639062 0.463889 0.078125 0.377778 0.001302 0.000000 1.000000
0 819 0.641146 0.463426 0.081250 0.376852 0.002083 -0.000463 1.000000
0 820 0.646615 0.463889 0.082812 0.377778 0.005469 0.000463 1.000000
0 821 0.649479 0.464815 0.081250 0.377778 0.002865 0.000926 1.000000
0 822 0.658854 0.472222 0.083333 0.370370 0.009375 0.007407 1.000000
0 823 0.660156 0.477778 0.079687 0.370370 0.001302 0.005556 1.000000
0 824 0.664844 0.485185 0.078646 0.374074 0.004687 0.007407 1.000000
0 825 0.667448 0.484722 0.074479 0.375000 0.002604 -0.000463 1.000000
0 826 0.672396 0.485648 0.073958 0.376852 0.004948 0.000926 1.000000
0 827 0.674219 0.484722 0.074479 0.376852 0.001823 -0.000926 1.000000
0 828 0.679167 0.484722 0.075000 0.380556 0.004948 0.000000 1.000000
0 829 0.680208 0.485648 0.076042 0.382407 0.001042 0.000926 1.000000
0 830 0.683073 0.489352 0.081771 0.386111 0.002865 0.003704 1.000000
0 831 0.682813 0.492593 0.083333 0.388889 -0.000260 0.003241 1.000000
0 832 0.684896 0.498148 0.088542 0.388889 0.002083 0.005556 1.000000
0 833 0.685417 0.500000 0.085417 0.387037 0.000521 0.001852 1.000000
0 834 0.688021 0.500463 0.076042 0.384259 0.002604 0.000463 1.000000
0 835 0.688802 0.502778 0.071354 0.379630 0.000781 0.002315 1.000000
0 836 0.695312 0.509259 0.076042 0.362963 0.006510 0.006481 1.000000
0 837 0.692708 0.508796 0.071875 0.363889 -0.002604 -0.000463 1.000000
0 838 0.689323 0.520370 0.091146 0.385185 -0.003385 0.011574 1.000000
0 839 0.687500 0.521296 0.119792 0.385185 -0.001823 0.000926 1.000000
0 840 0.682813 0.521296 0.135417 0.381481 -0.004687 0.000000 1.000000
0 841 0.679167 0.521759 0.139583 0.380556 -0.003646 0.000463 1.000000
0 842 0.671875 0.518519 0.132292 0.381481 -0.007292 -0.003241 1.000000
0 843 0.667188 0.518056 0.120833 0.378704 -0.004687 -0.000463 1.000000
0 844 0.670833 0.518981 0.116667 0.375000 0.003646 0.000926 1.000000
0 845 0.654687 0.518519 0.079167 0.374074 -0.016146 -0.000463 1.000000
0 846 0.640365 0.517130 0.059896 0.375000 -0.014323 -0.001389 1.000000
0 847 0.638542 0.511574 0.064583 0.382407 -0.001823 -0.005556 1.000000
0 848 0.638542 0.476852 0.073958 0.451852 0.000000 -0.034722 1.000000
0 849 0.635677 0.466667 0.073438 0.470370 -0.002865 -0.010185 1.000000
0 850 0.630208 0.464815 0.079167 0.472222 -0.005469 -0.001852 1.000000
0 851 0.629167 0.466204 0.080208 0.467593 -0.001042 0.001389 1.000000
0 852 0.625260 0.484722 0.082812 0.430556 -0.003906 0.018519 1.000000
0 853 0.624219 0.497222 0.082812 0.403704 -0.001042 0.012500 1.000000
0 854 0.622135 0.506019 0.081771 0.391667 -0.002083 0.008796 1.000000
0 855 0.620573 0.510648 0.079687 0.380556 -0.001563 0.004630 1.000000
0 856 0.614583 0.510648 0.078125 0.380556 -0.005990 0.000000 1.000000
0 857 0.610417 0.512500 0.079167 0.380556 -0.004167 0.001852 1.000000
0 858 0.604688 0.510648 0.080208 0.380556 -0.005729 -0.001852 1.000000
0 859 0.600521 0.511111 0.078125 0.381481 -0.004167 0.000463 1.000000
0 860 0.596615 0.510648 0.089063 0.384259 -0.003906 -0.000463 1.000000
0 861 0.592187 0.509722 0.096875 0.386111 -0.004427 -0.000926 1.000000
0 862 0.586719 0.512500 0.111979 0.386111 -0.005469 0.002778 1.000000
0 863 0.583594 0.513889 0.114062 0.383333 -0.003125 0.001389 1.000000
0 864 0.579688 0.512037 0.115625 0.383333 -0.003906 -0.001852 1.000000
0 865 0.579688 0.509722 0.114583 0.375000 0.000000 -0.002315 1.000000
0 866 0.579688 0.516204 0.114583 0.376852 0.000000 0.006481 1.000000
0 867 0.582292 0.517130 0.114583 0.376852 0.002604 0.000926 1.000000
0 868 0.588021 0.514815 0.107292 0.381481 0.005729 -0.002315 1.000000
0 869 0.589323 0.513889 0.107813 0.385185 0.001302 -0.000926 1.000000
0 870 0.589323 0.515741 0.109896 0.381481 0.000000 0.001852 1.000000
0 871 0.588802 0.513426 0.110937 0.382407 -0.000521 -0.002315 1.000000
0 872 0.584635 0.515278 0.118229 0.382407 -0.004167 0.001852 1.000000
0 873 0.583594 0.513426 0.119271 0.384259 -0.001042 -0.001852 1.000000
0 874 0.582031 0.513889 0.119271 0.383333 -0.001563 0.000463 1.000000
0 875 0.582031 0.513426 0.119271 0.382407 0.000000 -0.000463 1.000000
0 876 0.579948 0.513889 0.119271 0.381481 -0.002083 0.000463 1.000000
0 877 0.578906 0.513426 0.119271 0.382407 -0.001042 -0.000463 1.000000
0 878 0.577344 0.512500 0.120313 0.378704 -0.001563 -0.000926 1.000000
0 879 0.577344 0.512037 0.120313 0.377778 0.000000 -0.000463 1.000000
0 880 0.574479 0.509259 0.120833 0.381481 -0.002865 -0.002778 1.000000
0 881 0.573958 0.506481 0.121875 0.383333 -0.000521 -0.002778 1.000000
0 882 0.577083 0.502778 0.125000 0.383333 0.003125 -0.003704 1.000000
0 883 0.576042 0.502315 0.127083 0.382407 -0.001042 -0.000463 1.000000
0 884 0.576302 0.499074 0.119271 0.379630 0.000260 -0.003241 1.000000
0 885 0.574479 0.495370 0.118750 0.381481 -0.001823 -0.003704 1.000000
0 886 0.569271 0.491667 0.116667 0.383333 -0.005208 -0.003704 1.000000
0 887 0.562760 0.488426 0.118229 0.386111 -0.006510 -0.003241 1.000000
0 888 0.553125 0.491204 0.119792 0.373148 -0.009635 0.002778 1.000000
0 889 0.551302 0.491204 0.119271 0.369444 -0.001823 0.000000 1.000000
0 890 0.547135 0.492130 0.119271 0.362037 -0.004167 0.000926 1.000000
0 891 0.545052 0.492130 0.119271 0.360185 -0.002083 0.000000 1.000000
0 892 0.545573 0.492593 0.126562 0.353704 0.000521 0.000463 1.000000
0 893 0.544010 0.491204 0.127604 0.356481 -0.001563 -0.001389 1.000000
0 894 0.537760 0.483333 0.123438 0.362963 -0.006250 -0.007870 1.000000
0 895 0.532292 0.481481 0.116667 0.362963 -0.005469 -0.001852 1.000000
0 896 0.526302 0.481019 0.110937 0.350926 -0.005990 -0.000463 1.000000
0 897 0.526042 0.481019 0.113542 0.349074 -0.000260 0.000000 1.000000
0 898 0.526302 0.479630 0.115104 0.355556 0.000260 -0.001389 1.000000
0 899 0.527604 0.477778 0.116667 0.355556 0.001302 -0.001852 1.000000
0 900 0.528125 0.478241 0.116667 0.354630 0.000521 0.000463 1.000000
0 901 0.528646 0.474074 0.112500 0.361111 0.000521 -0.004167 1.000000
0 902 0.530208 0.468981 0.107292 0.371296 0.001563 -0.005093 1.000000
0 903 0.528906 0.466667 0.101562 0.375926 -0.001302 -0.002315 1.000000
0 904 0.528646 0.462963 0.100000 0.381481 -0.000260 -0.003704 1.000000
0 905 0.530990 0.463889 0.103646 0.379630 0.002344 0.000926 1.000000
0 906 0.530990 0.463426 0.103646 0.380556 0.000000 -0.000463 1.000000
0 907 0.530729 0.463426 0.098958 0.380556 -0.000260 0.000000 1.000000
0 908 0.530729 0.464815 0.098958 0.377778 0.000000 0.001389 1.000000
0 909 0.529427 0.465278 0.092188 0.376852 -0.001302 0.000463 1.000000
0 910 0.532292 0.462037 0.100000 0.383333 0.002865 -0.003241 1.000000
0 911 0.528646 0.452315 0.112500 0.395370 -0.003646 -0.009722 1.000000
0 912 0.527344 0.441667 0.133854 0.411111 -0.001302 -0.010648 1.000000
0 913 0.528646 0.435185 0.164583 0.442593 0.001302 -0.006481 1.000000
0 914 0.530208 0.434722 0.148958 0.443519 0.001563 -0.000463 1.000000
0 915 0.535677 0.449537 0.128646 0.415741 0.005469 0.014815 1.000000
0 916 0.538802 0.461574 0.118229 0.395370 0.003125 0.012037 1.000000
0 917 0.541667 0.467130 0.109375 0.391667 0.002865 0.005556 1.000000
0 918 0.539323 0.469444 0.095312 0.387037 -0.002344 0.002315 1.000000
0 919 0.534635 0.468519 0.085938 0.390741 -0.004687 -0.000926 1.000000
0 920 0.529427 0.471296 0.091146 0.385185 -0.005208 0.002778 1.000000
0 921 0.517708 0.472222 0.106250 0.385185 -0.011719 0.000926 1.000000
0 922 0.518490 0.471296 0.106771 0.388889 0.000781 -0.000926 1.000000
0 923 0.533073 0.468981 0.082812 0.391667 0.014583 -0.002315 1.000000
0 924 0.541406 0.468056 0.070312 0.393519 0.008333 -0.000926 1.000000
0 925 0.542708 0.473148 0.073958 0.400000 0.001302 0.005093 1.000000
0 926 0.544531 0.473611 0.074479 0.397222 0.001823 0.000463 1.000000
0 927 0.543750 0.474074 0.068750 0.396296 -0.000781 0.000463 1.000000
0 928 0.542448 0.472222 0.065104 0.396296 -0.001302 -0.001852 1.000000
0 929 0.534375 0.473611 0.073958 0.393519 -0.008073 0.001389 1.000000
0 930 0.527344 0.473148 0.088021 0.392593 -0.007031 -0.000463 1.000000
0 931 0.521615 0.481481 0.100521 0.374074 -0.005729 0.008333 1.000000
0 932 0.519792 0.483796 0.107292 0.369444 -0.001823 0.002315 1.000000
0 933 0.518750 0.484722 0.110417 0.362037 -0.001042 0.000926 1.000000
0 934 0.519531 0.486111 0.108854 0.359259 0.000781 0.001389 1.000000
0 935 0.520833 0.482870 0.098958 0.363889 0.001302 -0.003241 1.000000
0 936 0.524479 0.479630 0.090625 0.368519 0.003646 -0.003241 1.000000
0 937 0.529948 0.472222 0.072396 0.381481 0.005469 -0.007407 1.000000
0 938 0.529427 0.468519 0.070312 0.388889 -0.000521 -0.003704 1.000000
0 939 0.528906 0.467593 0.072396 0.387037 -0.000521 -0.000926 1.000000
0 940 0.527344 0.468056 0.070312 0.384259 -0.001563 0.000463 1.000000
0 941 0.528646 0.470833 0.076042 0.382407 0.001302 0.002778 1.000000
0 942 0.529167 0.473148 0.076042 0.381481 0.000521 0.002315 1.000000
0 943 0.529687 0.476852 0.077083 0.383333 0.000521 0.003704 1.000000
0 944 0.530208 0.480556 0.077083 0.379630 0.000521 0.003704 1.000000
0 945 0.535156 0.461574 0.065104 0.419444 0.004948 -0.018981 1.000000
0 946 0.538281 0.453704 0.060937 0.438889 0.003125 -0.007870 1.000000
0 947 0.530469 0.453704 0.083854 0.440741 -0.007812 0.000000 1.000000
0 948 0.528906 0.456944 0.090104 0.436111 -0.001563 0.003241 1.000000
0 949 0.531771 0.462963 0.095833 0.424074 0.002865 0.006019 1.000000
0 950 0.534896 0.464352 0.095833 0.421296 0.003125 0.001389 1.000000
0 951 0.542188 0.468056 0.084375 0.421296 0.007292 0.003704 1.000000
0 952 0.544271 0.469907 0.079167 0.417593 0.002083 0.001852 1.000000
0 953 0.549740 0.468056 0.068229 0.417593 0.005469 -0.001852 1.000000
0 954 0.553906 0.467130 0.061979 0.415741 0.004167 -0.000926 1.000000
0 955 0.554688 0.475926 0.073958 0.398148 0.000781 0.008796 1.000000
0 956 0.558073 0.480556 0.072396 0.387037 0.003385 0.004630 1.000000
0 957 0.560677 0.500926 0.071354 0.351852 0.002604 0.020370 1.000000
0 958 0.560677 0.509259 0.071354 0.337037 0.000000 0.008333 1.000000
0 959 0.560937 0.517130 0.070833 0.326852 0.000260 0.007870 1.000000
0 960 0.559115 0.515741 0.073438 0.327778 -0.001823 -0.001389 1.000000
0 961 0.558073 0.517130 0.074479 0.328704 -0.001042 0.001389 1.000000
0 962 0.557292 0.518056 0.073958 0.328704 -0.000781 0.000926 1.000000
0 963 0.557031 0.517130 0.072396 0.330556 -0.000260 -0.000926 1.000000
0 964 0.556510 0.516667 0.072396 0.333333 -0.000521 -0.000463 1.000000
0 965 0.555990 0.516667 0.071354 0.337037 -0.000521 0.000000 1.000000
0 966 0.554427 0.517593 0.072396 0.335185 -0.001563 0.000926 1.000000
0 967 0.553906 0.514815 0.072396 0.338889 -0.000521 -0.002778 1.000000
0 968 0.552604 0.516667 0.071875 0.337037 -0.001302 0.001852 1.000000
0 969 0.551302 0.513889 0.072396 0.340741 -0.001302 -0.002778 1.000000
0 970 0.550000 0.514815 0.072917 0.337037 -0.001302 0.000926 1.000000
0 971 0.548698 0.511111 0.073438 0.340741 -0.001302 -0.003704 1.000000
0 972 0.546354 0.509722 0.072917 0.341667 -0.002344 -0.001389 1.000000
0 973 0.542708 0.506481 0.076042 0.344444 -0.003646 -0.003241 1.000000
0 974 0.542448 0.503704 0.076563 0.346296 -0.000260 -0.002778 1.000000
0 975 0.540885 0.500926 0.078646 0.351852 -0.001563 -0.002778 1.000000
0 976 0.542188 0.496296 0.077083 0.357407 0.001302 -0.004630 1.000000
0 977 0.542448 0.493056 0.080729 0.363889 0.000260 -0.003241 1.000000
0 978 0.541667 0.481019 0.083333 0.380556 -0.000781 -0.012037 1.000000
0 979 0.538281 0.471296 0.086979 0.392593 -0.003385 -0.009722 1.000000
0 980 0.538281 0.470833 0.082812 0.393519 0.000000 -0.000463 1.000000
0 981 0.542448 0.468519 0.074479 0.396296 0.004167 -0.002315 1.000000
0 982 0.543750 0.467593 0.076042 0.396296 0.001302 -0.000926 1.000000
0 983 0.543490 0.466204 0.086979 0.395370 -0.000260 -0.001389 1.000000
0 984 0.542708 0.468056 0.086458 0.391667 -0.000781 0.001852 1.000000
0 985 0.534896 0.468056 0.073958 0.389815 -0.007812 0.000000 1.000000
0 986 0.533333 0.468981 0.073958 0.386111 -0.001563 0.000926 1.000000
0 987 0.533854 0.468519 0.077083 0.383333 0.000521 -0.000463 1.000000
0 988 0.534635 0.463889 0.079687 0.381481 0.000781 -0.004630 1.000000
0 989 0.540885 0.467593 0.094271 0.374074 0.006250 0.003704 1.000000
0 990 0.541146 0.470370 0.096875 0.366667 0.000260 0.002778 1.000000
0 991 0.540365 0.471296 0.096354 0.361111 -0.000781 0.000926 1.000000
0 992 0.540104 0.469444 0.095833 0.364815 -0.000260 -0.001852 1.000000
0 993 0.539844 0.467593 0.096354 0.366667 -0.000260 -0.001852 1.000000
0 994 0.539583 0.465741 0.095833 0.368519 -0.000260 -0.001852 1.000000
0 995 0.540365 0.473148 0.094271 0.353704 0.000781 0.007407 1.000000
0 996 0.540104 0.474074 0.095833 0.348148 -0.000260 0.000926 1.000000
0 997 0.539844 0.475463 0.097396 0.347222 -0.000260 0.001389 1.000000
0 998 0.540885 0.472685 0.096354 0.352778 0.001042 -0.002778 1.000000
0 999 0.541146 0.473611 0.095833 0.349074 0.000260 0.000926 1.000000
0 1000 0.542708 0.473148 0.095833 0.350000 0.001563 -0.000463 1.000000
0 1001 0.543750 0.475463 0.095833 0.349074 0.001042 0.002315 1.000000
0 1002 0.543750 0.475926 0.095833 0.348148 0.000000 0.000463 1.000000
0 1003 0.544792 0.477778 0.096875 0.348148 0.001042 0.001852 1.000000
0 1004 0.540365 0.478241 0.106771 0.345370 -0.004427 0.000463 1.000000
0 1005 0.536719 0.481944 0.114062 0.341667 -0.003646 0.003704 1.000000
0 1006 0.534896 0.482407 0.119792 0.342593 -0.001823 0.000463 1.000000
0 1007 0.522396 0.478241 0.145833 0.350926 -0.012500 -0.004167 1.000000
0 1008 0.516667 0.476389 0.155208 0.356481 -0.005729 -0.001852 1.000000
0 1009 0.508594 0.457870 0.164062 0.382407 -0.008073 -0.018519 1.000000
0 1010 0.507552 0.453704 0.161979 0.388889 -0.001042 -0.004167 1.000000
0 1011 0.500781 0.449537 0.149479 0.387963 -0.006771 -0.004167 1.000000
0 1012 0.503906 0.449074 0.139063 0.387037 0.003125 -0.000463 1.000000
0 1013 0.494531 0.444444 0.135937 0.385185 -0.009375 -0.004630 1.000000
0 1014 0.491667 0.442130 0.129167 0.382407 -0.002865 -0.002315 1.000000
0 1015 0.488542 0.442593 0.118750 0.374074 -0.003125 0.000463 1.000000
0 1016 0.486719 0.442593 0.122396 0.374074 -0.001823 0.000000 1.000000
0 1017 0.488021 0.453704 0.129167 0.348148 0.001302 0.011111 1.000000
0 1018 0.488281 0.451852 0.128646 0.350000 0.000260 -0.001852 1.000000
0 1019 0.491406 0.437500 0.129688 0.375000 0.003125 -0.014352 1.000000
0 1020 0.492969 0.431019 0.128646 0.386111 0.001563 -0.006481 1.000000
0 1021 0.495573 0.423148 0.128646 0.394444 0.002604 -0.007870 1.000000
0 1022 0.496615 0.422685 0.128646 0.389815 0.001042 -0.000463 1.000000
0 1023 0.498437 0.426852 0.128125 0.379630 0.001823 0.004167 1.000000
0 1024 0.499740 0.428704 0.128646 0.372222 0.001302 0.001852 1.000000
0 1025 0.502344 0.427315 0.129688 0.369444 0.002604 -0.001389 1.000000
0 1026 0.504687 0.427315 0.131250 0.365741 0.002344 0.000000 1.000000
0 1027 0.509896 0.426389 0.141667 0.356481 0.005208 -0.000926 1.000000
0 1028 0.512240 0.426852 0.146354 0.346296 0.002344 0.000463 1.000000
0 1029 0.515625 0.439352 0.157292 0.326852 0.003385 0.012500 1.000000
0 1030 0.520312 0.450463 0.161458 0.312037 0.004687 0.011111 1.000000
0 1031 0.521615 0.450000 0.161979 0.311111 0.001302 -0.000463 1.000000
0 1032 0.522135 0.447222 0.159896 0.314815 0.000521 -0.002778 1.000000
0 1033 0.524740 0.440278 0.159896 0.325000 0.002604 -0.006944 1.000000
0 1034 0.525260 0.437500 0.159896 0.328704 0.000521 -0.002778 1.000000
0 1035 0.525781 0.434722 0.158854 0.330556 0.000521 -0.002778 1.000000
0 1036 0.526563 0.431481 0.159375 0.331481 0.000781 -0.003241 1.000000
0 1037 0.528906 0.427315 0.157812 0.334259 0.002344 -0.004167 1.000000
0 1038 0.529687 0.425926 0.157292 0.337037 0.000781 -0.001389 1.000000
0 1039 0.529427 0.425463 0.157812 0.341667 -0.000260 -0.000463 1.000000
0 1040 0.529687 0.424537 0.159375 0.343519 0.000260 -0.000926 1.000000
0 1041 0.529427 0.424074 0.159896 0.348148 -0.000260 -0.000463 1.000000
0 1042 0.529427 0.424074 0.158854 0.348148 0.000000 0.000000 1.000000
0 1043 0.529687 0.426389 0.158333 0.347222 0.000260 0.002315 1.000000
0 1044 0.529427 0.427778 0.155729 0.351852 -0.000260 0.001389 1.000000
0 1045 0.530208 0.436574 0.150000 0.343519 0.000781 0.008796 1.000000
0 1046 0.529167 0.441667 0.150000 0.329630 -0.001042 0.005093 1.000000
0 1047 0.530469 0.443981 0.150521 0.332407 0.001302 0.002315 1.000000
0 1048 0.530208 0.445370 0.151042 0.333333 -0.000260 0.001389 1.000000
0 1049 0.530208 0.446759 0.151042 0.336111 0.000000 0.001389 1.000000
0 1050 0.529687 0.448148 0.150000 0.337037 -0.000521 0.001389 1.000000
0 1051 0.530469 0.448148 0.147396 0.342593 0.000781 0.000000 1.000000
0 1052 0.530469 0.448148 0.148438 0.344444 0.000000 0.000000 1.000000
0 1053 0.533333 0.453241 0.141667 0.345370 0.002865 0.005093 1.000000
0 1054 0.532813 0.460648 0.138542 0.339815 -0.000521 0.007407 1.000000
0 1055 0.533594 0.467130 0.141146 0.330556 0.000781 0.006481 1.000000
0 1056 0.533854 0.469907 0.142708 0.339815 0.000260 0.002778 1.000000
0 1057 0.533073 0.462500 0.141146 0.347222 -0.000781 -0.007407 1.000000
0 1058 0.532031 0.452778 0.141146 0.362963 -0.001042 -0.009722 1.000000
0 1059 0.539583 0.441667 0.145833 0.390741 0.007552 -0.011111 1.000000
0 1060 0.548438 0.442593 0.147917 0.388889 0.008854 0.000926 1.000000
0 1061 0.550521 0.437500 0.172917 0.367593 0.002083 -0.005093 1.000000
0 1062 0.549219 0.442130 0.180729 0.380556 -0.001302 0.004630 1.000000
0 1063 0.547917 0.447222 0.176042 0.379630 -0.001302 0.005093 1.000000
0 1064 0.546875 0.449537 0.175000 0.378704 -0.001042 0.002315 1.000000
0 1065 0.546354 0.451389 0.151042 0.380556 -0.000521 0.001852 1.000000
0 1066 0.544531 0.452315 0.134896 0.382407 -0.001823 0.000926 1.000000
0 1067 0.540365 0.453241 0.099479 0.382407 -0.004167 0.000926 1.000000
0 1068 0.539583 0.454630 0.077083 0.381481 -0.000781 0.001389 1.000000
0 1069 0.540104 0.457407 0.071875 0.381481 0.000521 0.002778 1.000000
0 1070 0.541667 0.458796 0.075000 0.378704 0.001563 0.001389 1.000000
0 1071 0.543490 0.462963 0.079687 0.374074 0.001823 0.004167 1.000000
0 1072 0.545312 0.463426 0.081250 0.373148 0.001823 0.000463 1.000000
0 1073 0.548438 0.466667 0.085417 0.377778 0.003125 0.003241 1.000000
0 1074 0.551302 0.470370 0.095312 0.372222 0.002865 0.003704 1.000000
0 1075 0.559635 0.470370 0.080729 0.372222 0.008333 0.000000 1.000000
0 1076 0.563542 0.469907 0.071875 0.376852 0.003906 -0.000463 1.000000
0 1077 0.561719 0.462037 0.076563 0.390741 -0.001823 -0.007870 1.000000
0 1078 0.560156 0.459722 0.077604 0.393519 -0.001563 -0.002315 1.000000
0 1079 0.567448 0.463889 0.097396 0.396296 0.007292 0.004167 1.000000
0 1080 0.571094 0.473148 0.107813 0.409259 0.003646 0.009259 1.000000
0 1081 0.578906 0.482407 0.123438 0.396296 0.007812 0.009259 1.000000
0 1082 0.581771 0.486574 0.126042 0.389815 0.002865 0.004167 1.000000
0 1083 0.580469 0.486574 0.122396 0.387963 -0.001302 0.000000 1.000000
0 1084 0.577344 0.485185 0.116146 0.392593 -0.003125 -0.001389 1.000000
0 1085 0.570833 0.481019 0.095833 0.400926 -0.006510 -0.004167 1.000000
0 1086 0.565365 0.480556 0.082812 0.403704 -0.005469 -0.000463 1.000000
0 1087 0.565365 0.487500 0.080729 0.410185 0.000000 0.006944 1.000000
0 1088 0.567187 0.493519 0.083333 0.412963 0.001823 0.006019 1.000000
0 1089 0.568750 0.501852 0.086458 0.401852 0.001563 0.008333 1.000000
0 1090 0.564323 0.506019 0.085938 0.395370 -0.004427 0.004167 1.000000
0 1091 0.568750 0.506944 0.080208 0.391667 0.004427 0.000926 1.000000
0 1092 0.570833 0.509259 0.079167 0.388889 0.002083 0.002315 1.000000
0 1093 0.572917 0.490741 0.077083 0.422222 0.002083 -0.018519 1.000000
0 1094 0.574479 0.494907 0.072917 0.423148 0.001563 0.004167 1.000000
0 1095 0.574479 0.501852 0.067708 0.440741 0.000000 0.006944 1.000000
0 1096 0.575260 0.508796 0.068229 0.423148 0.000781 0.006944 1.000000
0 1097 0.577604 0.532870 0.073958 0.376852 0.002344 0.024074 1.000000
0 1098 0.579167 0.539352 0.076042 0.363889 0.001563 0.006481 1.000000
0 1099 0.577865 0.541204 0.076563 0.362037 -0.001302 0.001852 1.000000
0 1100 0.575521 0.541204 0.079167 0.360185 -0.002344 0.000000 1.000000
0 1101 0.573438 0.534722 0.078125 0.375000 -0.002083 -0.006481 1.000000
0 1102 0.574479 0.530093 0.076042 0.386111 0.001042 -0.004630 1.000000
0 1103 0.571875 0.524537 0.086458 0.397222 -0.002604 -0.005556 1.000000
0 1104 0.573438 0.527778 0.086458 0.390741 0.001563 0.003241 1.000000
0 1105 0.575521 0.527778 0.082292 0.392593 0.002083 0.000000 1.000000
0 1106 0.573438 0.529167 0.084375 0.389815 -0.002083 0.001389 1.000000
0 1107 0.571354 0.532870 0.083333 0.382407 -0.002083 0.003704 1.000000
0 1108 0.574740 0.533796 0.081771 0.382407 0.003385 0.000926 1.000000
0 1109 0.571615 0.535185 0.082812 0.377778 -0.003125 0.001389 1.000000
0 1110 0.571354 0.535185 0.086458 0.377778 -0.000260 0.000000 1.000000
0 1111 0.570052 0.531019 0.126562 0.386111 -0.001302 -0.004167 1.000000
0 1112 0.569010 0.521296 0.146354 0.401852 -0.001042 -0.009722 1.000000
0 1113 0.571354 0.534722 0.150000 0.387963 0.002344 0.013426 1.000000
0 1114 0.572135 0.535185 0.145313 0.388889 0.000781 0.000463 1.000000
0 1115 0.580469 0.534259 0.121354 0.388889 0.008333 -0.000926 1.000000
0 1116 0.592708 0.533333 0.096875 0.392593 0.012240 -0.000926 1.000000
0 1117 0.606771 0.531481 0.078125 0.396296 0.014063 -0.001852 1.000000
0 1118 0.611979 0.533333 0.081250 0.396296 0.005208 0.001852 1.000000
0 1119 0.620052 0.531481 0.095312 0.398148 0.008073 -0.001852 1.000000
0 1120 0.621615 0.521296 0.101562 0.420370 0.001563 -0.010185 1.000000
0 1121 0.626302 0.524537 0.115104 0.413889 0.004687 0.003241 1.000000
0 1122 0.628125 0.538426 0.122917 0.387963 0.001823 0.013889 1.000000
0 1123 0.634635 0.540278 0.125521 0.382407 0.006510 0.001852 1.000000
0 1124 0.634375 0.533796 0.119792 0.389815 -0.000260 -0.006481 1.000000
0 1125 0.652344 0.534722 0.090104 0.397222 0.017969 0.000926 1.000000
0 1126 0.663802 0.534259 0.075521 0.400000 0.011458 -0.000463 1.000000
0 1127 0.675000 0.535185 0.082292 0.400000 0.011198 0.000926 1.000000
0 1128 0.671094 0.534722 0.123438 0.402778 -0.003906 -0.000463 1.000000
0 1129 0.684896 0.541204 0.163542 0.391667 0.013802 0.006481 1.000000
0 1130 0.693750 0.541204 0.179167 0.391667 0.008854 0.000000 1.000000
0 1131 0.704427 0.537963 0.160938 0.388889 0.010677 -0.003241 1.000000
0 1132 0.708073 0.537963 0.138021 0.390741 0.003646 0.000000 1.000000
0 1133 0.722656 0.539352 0.111979 0.387963 0.014583 0.001389 1.000000
0 1134 0.733594 0.538889 0.117188 0.388889 0.010937 -0.000463 1.000000
0 1135 0.749219 0.540741 0.125521 0.387037 0.015625 0.001852 1.000000
0 1136 0.751563 0.529630 0.129167 0.409259 0.002344 -0.011111 1.000000
0 1137 0.755729 0.532870 0.127083 0.415741 0.004167 0.003241 1.000000
0 1138 0.757812 0.544444 0.122917 0.394444 0.002083 0.011574 1.000000
0 1139 0.772396 0.547685 0.094792 0.391667 0.014583 0.003241 1.000000
0 1140 0.776823 0.535648 0.096354 0.415741 0.004427 -0.012037 1.000000
0 1141 0.790625 0.546759 0.110417 0.395370 0.013802 0.011111 1.000000
0 1142 0.798438 0.549074 0.114583 0.388889 0.007812 0.002315 1.000000
0 1143 0.808594 0.544444 0.116146 0.385185 0.010156 -0.004630 1.000000
0 1144 0.819010 0.540741 0.122396 0.392593 0.010417 -0.003704 1.000000
0 1145 0.839063 0.517130 0.150000 0.449074 0.020052 -0.023611 1.000000
0 1146 0.841667 0.520370 0.166667 0.459259 0.002604 0.003241 1.000000
0 1147 0.841667 0.530093 0.170833 0.441667 0.000000 0.009722 1.000000
0 1148 0.840885 0.536111 0.173437 0.427778 -0.000781 0.006019 1.000000
0 1149 0.836198 0.555556 0.173437 0.387037 -0.004687 0.019444 1.000000
0 1150 0.826302 0.544444 0.184896 0.403704 -0.009896 -0.011111 1.000000
0 1151 0.826302 0.530556 0.183854 0.427778 0.000000 -0.013889 1.000000
0 1152 0.826562 0.529630 0.184375 0.433333 0.000260 -0.000926 1.000000
0 1153 0.832031 0.531481 0.168229 0.431481 0.005469 0.001852 1.000000
0 1154 0.834375 0.542593 0.166667 0.411111 0.002344 0.011111 1.000000
0 1155 0.835417 0.562037 0.166667 0.372222 0.001042 0.019444 1.000000
0 1156 0.835417 0.561111 0.166667 0.370370 0.000000 -0.000926 1.000000
0 1157 0.838281 0.550463 0.167187 0.389815 0.002865 -0.010648 1.000000
0 1158 0.838802 0.538426 0.167187 0.415741 0.000521 -0.012037 1.000000
0 1159 0.840625 0.531481 0.166667 0.427778 0.001823 -0.006944 1.000000
0 1160 0.841667 0.536574 0.166667 0.417593 0.001042 0.005093 1.000000
0 1161 0.845313 0.562037 0.162500 0.362963 0.003646 0.025463 1.000000
0 1162 0.848437 0.561574 0.157292 0.365741 0.003125 -0.000463 1.000000
0 1163 0.849219 0.561111 0.156771 0.366667 0.000781 -0.000463 1.000000
0 1164 0.851302 0.562500 0.156771 0.367593 0.002083 0.001389 1.000000
0 1165 0.848698 0.565741 0.164062 0.359259 -0.002604 0.003241 1.000000
0 1166 0.848958 0.562963 0.166667 0.364815 0.000260 -0.002778 1.000000
0 1167 0.854948 0.552315 0.157812 0.386111 0.005990 -0.010648 1.000000
0 1168 0.854688 0.545833 0.154167 0.397222 -0.000260 -0.006481 1.000000
0 1169 0.851562 0.537037 0.125000 0.403704 -0.003125 -0.008796 1.000000
0 1170 0.849740 0.518981 0.103646 0.423148 -0.001823 -0.018056 1.000000
0 1171 0.851302 0.500000 0.074479 0.444444 0.001563 -0.018981 1.000000
0 1172 0.853646 0.516204 0.070833 0.450926 0.002344 0.016204 1.000000
0 1173 0.853906 0.540741 0.069271 0.403704 0.000260 0.024537 1.000000
0 1174 0.855208 0.541667 0.069792 0.401852 0.001302 0.000926 1.000000
0 1175 0.857552 0.548148 0.075521 0.392593 0.002344 0.006481 1.000000
0 1176 0.858854 0.550926 0.078125 0.387037 0.001302 0.002778 1.000000
0 1177 0.865104 0.551852 0.088542 0.385185 0.006250 0.000926 1.000000
0 1178 0.868750 0.551852 0.091667 0.387037 0.003646 0.000000 1.000000
0 1179 0.867969 0.539815 0.107813 0.409259 -0.000781 -0.012037 1.000000
0 1180 0.869271 0.525926 0.131250 0.427778 0.001302 -0.013889 1.000000
0 1181 0.880990 0.522222 0.172396 0.457407 0.011719 -0.003704 1.000000
0 1182 0.883073 0.525000 0.176563 0.451852 0.002083 0.002778 1.000000
0 1183 0.885417 0.537963 0.181250 0.427778 0.002344 0.012963 1.000000
0 1184 0.886198 0.545370 0.180729 0.412963 0.000781 0.007407 1.000000
0 1185 0.869010 0.537037 0.191146 0.431481 -0.017188 -0.008333 1.000000
0 1186 0.867448 0.531481 0.191146 0.442593 -0.001563 -0.005556 1.000000
0 1187 0.871875 0.527778 0.186458 0.451852 0.004427 -0.003704 1.000000
0 1188 0.878385 0.532407 0.174479 0.442593 0.006510 0.004630 1.000000
0 1189 0.884635 0.546759 0.163021 0.413889 0.006250 0.014352 1.000000
0 1190 0.884896 0.559259 0.162500 0.388889 0.000260 0.012500 1.000000
0 1191 0.885938 0.562500 0.163542 0.384259 0.001042 0.003241 1.000000
0 1192 0.886458 0.550463 0.164583 0.408333 0.000521 -0.012037 1.000000
0 1193 0.886458 0.542593 0.163542 0.424074 0.000000 -0.007870 1.000000
0 1194 0.886979 0.558796 0.163542 0.393519 0.000521 0.016204 1.000000
0 1195 0.888021 0.566667 0.162500 0.377778 0.001042 0.007870 1.000000
0 1196 0.888542 0.563426 0.163542 0.386111 0.000521 -0.003241 1.000000
0 1197 0.888542 0.548611 0.165625 0.417593 0.000000 -0.014815 1.000000
0 1198 0.888802 0.565741 0.171354 0.385185 0.000260 0.017130 1.000000
0 1199 0.888542 0.582407 0.171875 0.353704 -0.000260 0.016667 1.000000
0 1200 0.888802 0.585648 0.172396 0.347222 0.000260 0.003241 1.000000
0 1201 0.889062 0.588426 0.171875 0.341667 0.000260 0.002778 1.000000
0 1202 0.890885 0.586111 0.174479 0.346296 0.001823 -0.002315 1.000000
0 1203 0.892969 0.582407 0.178646 0.355556 0.002083 -0.003704 1.000000
