0 1 0.518229 0.707870 0.071875 0.178704 1.000000
0 2 0.517969 0.707407 0.071354 0.179630 1.000000
0 3 0.517708 0.707407 0.070833 0.179630 1.000000
0 4 0.517708 0.706944 0.071875 0.180556 1.000000
0 5 0.517448 0.707407 0.071354 0.179630 1.000000
0 6 0.517708 0.707870 0.071875 0.180556 1.000000
0 7 0.517969 0.706944 0.071354 0.180556 1.000000
0 8 0.517708 0.707870 0.071875 0.180556 1.000000
0 9 0.517969 0.707870 0.071354 0.180556 1.000000
0 10 0.517708 0.706944 0.071875 0.180556 1.000000
0 11 0.517448 0.707870 0.071354 0.180556 1.000000
0 12 0.517448 0.707407 0.071354 0.181481 1.000000
0 13 0.517969 0.707407 0.071354 0.181481 1.000000
0 14 0.517969 0.707870 0.071354 0.180556 1.000000
0 15 0.517969 0.708333 0.071354 0.179630 1.000000
0 16 0.517708 0.707870 0.070833 0.180556 1.000000
0 17 0.518229 0.706944 0.070833 0.180556 1.000000
0 18 0.517969 0.707407 0.070312 0.179630 1.000000
0 19 0.518229 0.707870 0.070833 0.180556 1.000000
0 20 0.517969 0.706944 0.070312 0.180556 1.000000
0 21 0.518229 0.707407 0.070833 0.181481 1.000000
0 22 0.518229 0.706481 0.070833 0.181481 1.000000
0 23 0.517969 0.706944 0.070312 0.182407 1.000000
0 24 0.517969 0.706944 0.070312 0.182407 1.000000
0 25 0.518229 0.705556 0.070833 0.183333 1.000000
0 26 0.517969 0.704167 0.070312 0.186111 1.000000
0 27 0.518229 0.702315 0.070833 0.189815 1.000000
0 28 0.518229 0.700000 0.070833 0.196296 1.000000
0 29 0.517969 0.699074 0.071354 0.198148 1.000000
0 30 0.517708 0.699074 0.071875 0.196296 1.000000
0 31 0.516927 0.698148 0.074479 0.198148 1.000000
0 32 0.516667 0.694444 0.073958 0.205556 1.000000
0 33 0.516927 0.691667 0.073438 0.212963 1.000000
0 34 0.516667 0.685648 0.072917 0.221296 1.000000
0 35 0.516667 0.683796 0.071875 0.225000 1.000000
0 36 0.517448 0.684722 0.069271 0.228704 1.000000
0 37 0.517188 0.684722 0.068750 0.228704 1.000000
0 38 0.516927 0.684259 0.069271 0.227778 1.000000
0 39 0.517188 0.684259 0.069792 0.227778 1.000000
0 40 0.516927 0.685648 0.069271 0.226852 1.000000
0 41 0.517188 0.685648 0.069792 0.225000 1.000000
0 42 0.517188 0.687500 0.069792 0.223148 1.000000
0 43 0.517188 0.687500 0.069792 0.221296 1.000000
0 44 0.516927 0.690741 0.069271 0.214815 1.000000
0 45 0.517188 0.693981 0.069792 0.208333 1.000000
0 46 0.517188 0.700926 0.069792 0.194444 1.000000
0 47 0.517188 0.704630 0.069792 0.187037 1.000000
0 48 0.516927 0.706019 0.069271 0.184259 1.000000
0 49 0.516927 0.706481 0.069271 0.183333 1.000000
0 50 0.516667 0.706019 0.069792 0.184259 1.000000
0 51 0.516406 0.706944 0.070312 0.182407 1.000000
0 52 0.516667 0.705556 0.069792 0.185185 1.000000
0 53 0.516667 0.703241 0.070833 0.187963 1.000000
0 54 0.516406 0.699074 0.070312 0.196296 1.000000
0 55 0.516927 0.698611 0.070312 0.197222 1.000000
0 56 0.516406 0.699074 0.070312 0.198148 1.000000
0 57 0.516406 0.698611 0.070312 0.199074 1.000000
0 58 0.516667 0.698611 0.070833 0.199074 1.000000
0 59 0.516667 0.701389 0.070833 0.195370 1.000000
0 60 0.516667 0.702315 0.070833 0.191667 1.000000
0 61 0.516406 0.702315 0.070312 0.191667 1.000000
0 62 0.516406 0.695370 0.070312 0.205556 1.000000
0 63 0.516406 0.692130 0.070312 0.212037 1.000000
0 64 0.515625 0.686111 0.067708 0.220370 1.000000
0 65 0.517188 0.684259 0.068750 0.224074 1.000000
0 66 0.515885 0.683796 0.061979 0.226852 1.000000
0 67 0.517188 0.683796 0.061458 0.226852 1.000000
0 68 0.516927 0.682407 0.054688 0.227778 1.000000
0 69 0.517448 0.683796 0.054688 0.228704 1.000000
0 70 0.513542 0.682407 0.052083 0.231481 1.000000
0 71 0.517448 0.681481 0.058854 0.229630 1.000000
0 72 0.519531 0.679167 0.057813 0.237963 1.000000
0 73 0.519792 0.680093 0.053125 0.234259 1.000000
0 74 0.519271 0.674074 0.047917 0.246296 1.000000
0 75 0.520052 0.668519 0.046354 0.257407 1.000000
0 76 0.520833 0.680556 0.041667 0.233333 1.000000
0 77 0.520312 0.682870 0.041667 0.230556 1.000000
0 78 0.520312 0.683333 0.042708 0.229630 1.000000
0 79 0.519792 0.682870 0.042708 0.230556 1.000000
0 80 0.519271 0.683796 0.043750 0.230556 1.000000
0 81 0.519010 0.683333 0.044271 0.229630 1.000000
0 82 0.519010 0.684259 0.044271 0.229630 1.000000
0 83 0.519271 0.683796 0.044792 0.228704 1.000000
0 84 0.518750 0.684259 0.044792 0.227778 1.000000
0 85 0.519010 0.684259 0.045312 0.227778 1.000000
0 86 0.517969 0.684259 0.045312 0.227778 1.000000
0 87 0.518229 0.684259 0.044792 0.227778 1.000000
0 88 0.517448 0.683796 0.044271 0.226852 1.000000
0 89 0.517188 0.683796 0.043750 0.226852 1.000000
0 90 0.516927 0.683796 0.043229 0.228704 1.000000
0 91 0.516667 0.683796 0.042708 0.228704 1.000000
0 92 0.516406 0.683796 0.042188 0.228704 1.000000
0 93 0.515885 0.684259 0.042188 0.227778 1.000000
0 94 0.515625 0.684722 0.041667 0.226852 1.000000
0 95 0.515104 0.683796 0.041667 0.226852 1.000000
0 96 0.514583 0.683796 0.041667 0.226852 1.000000
0 115 0.521094 0.688889 0.058854 0.216667 1.000000
0 116 0.520573 0.688889 0.058854 0.222222 1.000000
0 117 0.520312 0.687963 0.059375 0.222222 1.000000
0 118 0.521354 0.687963 0.060417 0.220370 1.000000
0 119 0.521354 0.687963 0.060417 0.222222 1.000000
0 120 0.520833 0.689815 0.059375 0.220370 1.000000
0 121 0.521354 0.689815 0.060417 0.218519 1.000000
0 122 0.519271 0.692130 0.062500 0.213889 1.000000
0 123 0.518750 0.692593 0.062500 0.211111 1.000000
0 132 0.519010 0.691667 0.063021 0.212963 1.000000
0 133 0.519010 0.693056 0.063021 0.210185 1.000000
0 134 0.519010 0.693056 0.063021 0.212037 1.000000
0 135 0.519531 0.692593 0.063021 0.212963 1.000000
0 136 0.519271 0.691204 0.062500 0.213889 1.000000
0 137 0.519010 0.692130 0.063021 0.213889 1.000000
0 138 0.518750 0.692130 0.063542 0.213889 1.000000
0 139 0.518750 0.692130 0.063542 0.213889 1.000000
0 140 0.519010 0.692593 0.064062 0.212963 1.000000
0 141 0.518750 0.693519 0.063542 0.211111 1.000000
0 142 0.519271 0.694444 0.063542 0.207407 1.000000
0 143 0.518490 0.694907 0.061979 0.208333 1.000000
0 153 0.516667 0.693056 0.050000 0.210185 1.000000
0 154 0.516146 0.697222 0.048958 0.201852 1.000000
0 155 0.515625 0.699074 0.048958 0.201852 1.000000
0 156 0.515365 0.698148 0.048438 0.203704 1.000000
0 157 0.516927 0.695833 0.049479 0.206481 1.000000
0 158 0.516667 0.692130 0.053125 0.212037 1.000000
0 159 0.512760 0.691204 0.055729 0.213889 1.000000
0 160 0.508073 0.690278 0.059896 0.215741 1.000000
0 161 0.506510 0.690741 0.057813 0.214815 1.000000
0 162 0.505729 0.692130 0.052083 0.217593 1.000000
0 163 0.505729 0.691204 0.045833 0.212037 1.000000
0 164 0.501563 0.693981 0.046875 0.208333 1.000000
0 165 0.501823 0.694907 0.047396 0.206481 1.000000
0 166 0.502865 0.695370 0.045312 0.205556 1.000000
0 167 0.502604 0.695833 0.047917 0.208333 1.000000
0 168 0.498177 0.692593 0.049479 0.212963 1.000000
0 169 0.496354 0.691204 0.056250 0.215741 1.000000
0 170 0.494010 0.688889 0.060937 0.218519 1.000000
0 171 0.494010 0.688426 0.061979 0.219444 1.000000
0 172 0.491667 0.688426 0.058333 0.219444 1.000000
0 173 0.490885 0.687963 0.065104 0.216667 1.000000
0 174 0.483594 0.692130 0.060937 0.215741 1.000000
0 175 0.480469 0.693981 0.059896 0.212037 1.000000
0 176 0.480208 0.695370 0.062500 0.209259 1.000000
0 177 0.480469 0.694444 0.063021 0.211111 1.000000
0 178 0.479427 0.692593 0.063021 0.214815 1.000000
0 179 0.479167 0.692130 0.064583 0.215741 1.000000
0 180 0.478646 0.691204 0.066667 0.217593 1.000000
0 181 0.479427 0.691204 0.067187 0.217593 1.000000
0 182 0.480208 0.693056 0.068750 0.213889 1.000000
0 183 0.479427 0.695370 0.069271 0.209259 1.000000
0 184 0.479948 0.700000 0.070312 0.201852 1.000000
0 185 0.479948 0.702315 0.070312 0.195370 1.000000
0 186 0.479427 0.706944 0.069271 0.187963 1.000000
0 187 0.479687 0.707870 0.069792 0.186111 1.000000
0 188 0.479687 0.706019 0.069792 0.187963 1.000000
0 189 0.479687 0.704630 0.069792 0.190741 1.000000
0 190 0.479167 0.700000 0.070833 0.200000 1.000000
0 191 0.479687 0.697685 0.069792 0.206481 1.000000
0 192 0.479427 0.692593 0.070312 0.216667 1.000000
0 193 0.479427 0.691667 0.070312 0.218519 1.000000
0 194 0.479427 0.690278 0.070312 0.221296 1.000000
0 195 0.479167 0.690741 0.070833 0.220370 1.000000
0 196 0.478385 0.689815 0.071354 0.220370 1.000000
0 197 0.478906 0.690741 0.071354 0.220370 1.000000
0 198 0.478906 0.692130 0.070312 0.217593 1.000000
0 199 0.479948 0.694444 0.070312 0.212963 1.000000
0 200 0.479687 0.695370 0.069792 0.211111 1.000000
0 201 0.479948 0.695370 0.069271 0.211111 1.000000
0 202 0.479427 0.695833 0.069271 0.210185 1.000000
0 203 0.479687 0.695370 0.069792 0.209259 1.000000
0 204 0.479427 0.695370 0.070312 0.211111 1.000000
0 205 0.479167 0.695833 0.069792 0.210185 1.000000
0 206 0.479427 0.695833 0.070312 0.210185 1.000000
0 207 0.479687 0.694907 0.069792 0.210185 1.000000
0 208 0.479427 0.694907 0.070312 0.210185 1.000000
0 209 0.479427 0.694907 0.069271 0.210185 1.000000
0 210 0.479167 0.694444 0.069792 0.212963 1.000000
0 211 0.479687 0.693981 0.069792 0.212037 1.000000
0 212 0.479167 0.693519 0.069792 0.212963 1.000000
0 213 0.479167 0.694444 0.069792 0.212963 1.000000
0 214 0.478906 0.694907 0.069271 0.210185 1.000000
0 215 0.477865 0.695370 0.069271 0.209259 1.000000
0 216 0.473698 0.698611 0.094271 0.200926 1.000000
0 217 0.473438 0.701389 0.105208 0.197222 1.000000
0 218 0.474219 0.708796 0.066146 0.184259 1.000000
0 219 0.475260 0.710185 0.063021 0.179630 1.000000
0 220 0.475521 0.709259 0.062500 0.183333 1.000000
0 221 0.475260 0.705093 0.063021 0.189815 1.000000
0 222 0.475260 0.694444 0.061979 0.212963 1.000000
0 223 0.474479 0.688889 0.064583 0.224074 1.000000
0 224 0.472396 0.673148 0.104167 0.227778 1.000000
0 225 0.469271 0.662037 0.126042 0.218519 1.000000
0 226 0.467708 0.640741 0.125000 0.183333 1.000000
0 227 0.468750 0.631019 0.120833 0.162037 1.000000
0 228 0.465885 0.628704 0.116146 0.148148 1.000000
0 229 0.467448 0.632870 0.110937 0.152778 1.000000
0 230 0.458854 0.643056 0.066667 0.171296 1.000000
0 231 0.460938 0.650463 0.063542 0.184259 1.000000
0 232 0.465625 0.670370 0.053125 0.214815 1.000000
0 233 0.465625 0.681019 0.048958 0.228704 1.000000
0 234 0.467708 0.691667 0.043750 0.224074 1.000000
0 235 0.465365 0.693981 0.043229 0.219444 1.000000
0 236 0.459896 0.694907 0.039583 0.219444 1.000000
0 237 0.458333 0.696759 0.040625 0.219444 1.000000
0 238 0.458594 0.698611 0.043229 0.219444 1.000000
0 239 0.458073 0.699537 0.048438 0.217593 1.000000
0 240 0.456771 0.700463 0.053125 0.217593 1.000000
0 241 0.450781 0.698148 0.054688 0.218519 1.000000
0 242 0.449219 0.697685 0.059896 0.217593 1.000000
0 243 0.442969 0.697222 0.063021 0.212963 1.000000
0 244 0.441927 0.697685 0.065104 0.208333 1.000000
0 245 0.439063 0.699074 0.064583 0.205556 1.000000
0 246 0.439063 0.698611 0.061458 0.206481 1.000000
0 247 0.434375 0.696759 0.057292 0.210185 1.000000
0 248 0.431250 0.694907 0.053125 0.212037 1.000000
0 249 0.431510 0.692130 0.053646 0.213889 1.000000
0 250 0.428906 0.693056 0.048438 0.212037 1.000000
0 251 0.427865 0.693056 0.046354 0.212037 1.000000
0 252 0.425781 0.692130 0.047396 0.213889 1.000000
0 253 0.426302 0.690741 0.040104 0.212963 1.000000
0 254 0.426302 0.690278 0.041146 0.212037 1.000000
0 255 0.425781 0.690741 0.039062 0.211111 1.000000
0 256 0.425521 0.689815 0.038542 0.211111 1.000000
0 257 0.425521 0.690278 0.039583 0.213889 1.000000
0 258 0.425260 0.690278 0.040104 0.212037 1.000000
0 259 0.424740 0.691204 0.042188 0.210185 1.000000
0 260 0.423698 0.691204 0.046354 0.210185 1.000000
0 261 0.423958 0.689352 0.048958 0.212037 1.000000
0 262 0.422656 0.687963 0.047396 0.211111 1.000000
0 263 0.420052 0.687963 0.052604 0.207407 1.000000
0 264 0.420833 0.689352 0.058333 0.204630 1.000000
0 265 0.419792 0.689352 0.059375 0.202778 1.000000
0 266 0.419792 0.687963 0.057292 0.205556 1.000000
0 267 0.417708 0.685648 0.054167 0.208333 1.000000
0 268 0.416146 0.686111 0.054167 0.207407 1.000000
0 269 0.416146 0.686574 0.054167 0.208333 1.000000
0 270 0.416146 0.686111 0.054167 0.209259 1.000000
0 271 0.416406 0.685185 0.050521 0.211111 1.000000
0 272 0.417969 0.682870 0.044271 0.210185 1.000000
0 273 0.418229 0.682870 0.043750 0.210185 1.000000
0 274 0.419010 0.683333 0.045312 0.209259 1.000000
0 275 0.418229 0.682407 0.044792 0.211111 1.000000
0 276 0.417708 0.682870 0.043750 0.212037 1.000000
0 277 0.418229 0.683796 0.042708 0.217593 1.000000
0 278 0.418490 0.684259 0.042188 0.216667 1.000000
0 279 0.420052 0.685185 0.048438 0.214815 1.000000
0 280 0.419531 0.685185 0.050521 0.214815 1.000000
0 281 0.417187 0.683333 0.045833 0.214815 1.000000
0 282 0.417187 0.681481 0.048958 0.214815 1.000000
0 283 0.415885 0.684722 0.057813 0.210185 1.000000
0 284 0.416406 0.684722 0.058854 0.208333 1.000000
0 285 0.415625 0.684259 0.057292 0.211111 1.000000
0 286 0.414583 0.683333 0.055208 0.212963 1.000000
0 287 0.413021 0.683333 0.048958 0.212963 1.000000
0 288 0.413281 0.683796 0.050521 0.212037 1.000000
0 289 0.413281 0.683796 0.052604 0.212037 1.000000
0 290 0.413542 0.683796 0.051042 0.213889 1.000000
0 291 0.414323 0.681944 0.046354 0.217593 1.000000
0 292 0.415885 0.681944 0.044271 0.217593 1.000000
0 293 0.416146 0.681019 0.045833 0.215741 1.000000
0 294 0.418229 0.682407 0.045833 0.214815 1.000000
0 295 0.419531 0.683796 0.049479 0.215741 1.000000
0 296 0.419271 0.683333 0.048958 0.216667 1.000000
0 297 0.416927 0.682407 0.041146 0.220370 1.000000
0 298 0.417969 0.683333 0.043229 0.220370 1.000000
0 299 0.416667 0.683796 0.051042 0.217593 1.000000
0 300 0.416927 0.684259 0.053646 0.216667 1.000000
0 301 0.415365 0.683333 0.048438 0.214815 1.000000
0 302 0.416146 0.683796 0.050000 0.213889 1.000000
0 303 0.414844 0.685648 0.056771 0.210185 1.000000
0 304 0.414062 0.686111 0.057292 0.211111 1.000000
0 305 0.416146 0.683333 0.055208 0.214815 1.000000
0 306 0.416667 0.681944 0.053125 0.215741 1.000000
0 307 0.418490 0.683796 0.049479 0.217593 1.000000
0 308 0.419271 0.685185 0.048958 0.216667 1.000000
0 309 0.420312 0.683796 0.047917 0.217593 1.000000
0 310 0.420833 0.683333 0.047917 0.218519 1.000000
0 311 0.420573 0.682870 0.048438 0.217593 1.000000
0 312 0.417708 0.683333 0.050000 0.216667 1.000000
0 313 0.413281 0.687037 0.061979 0.212963 1.000000
0 314 0.413021 0.687037 0.063542 0.212963 1.000000
0 315 0.414323 0.685185 0.056771 0.218519 1.000000
0 316 0.414062 0.683796 0.053125 0.223148 1.000000
0 317 0.415365 0.685648 0.043229 0.230556 1.000000
0 318 0.414583 0.686111 0.042708 0.229630 1.000000
0 319 0.412500 0.687037 0.044792 0.227778 1.000000
0 320 0.410417 0.686111 0.042708 0.227778 1.000000
0 321 0.413021 0.686574 0.050000 0.225000 1.000000
0 322 0.410938 0.687963 0.062500 0.224074 1.000000
0 323 0.410677 0.694907 0.065104 0.225000 1.000000
0 324 0.409115 0.696296 0.060937 0.225926 1.000000
0 325 0.409375 0.696296 0.046875 0.227778 1.000000
0 326 0.409375 0.696296 0.048958 0.225926 1.000000
0 327 0.410156 0.699074 0.057813 0.224074 1.000000
0 328 0.411458 0.700000 0.065625 0.224074 1.000000
0 329 0.410938 0.696759 0.066667 0.226852 1.000000
0 330 0.413281 0.694907 0.065104 0.228704 1.000000
0 331 0.412500 0.693519 0.061458 0.231481 1.000000
0 332 0.412240 0.693056 0.064062 0.230556 1.000000
0 333 0.416667 0.694907 0.067708 0.230556 1.000000
0 334 0.417187 0.694444 0.067708 0.231481 1.000000
0 335 0.415365 0.693981 0.066146 0.232407 1.000000
0 336 0.416406 0.694907 0.068229 0.232407 1.000000
0 337 0.416146 0.701852 0.065625 0.233333 1.000000
0 338 0.416667 0.703241 0.066667 0.232407 1.000000
0 339 0.419271 0.703241 0.073958 0.234259 1.000000
0 340 0.419271 0.701852 0.090625 0.235185 1.000000
0 341 0.416667 0.699537 0.070833 0.239815 1.000000
0 342 0.419792 0.699074 0.046875 0.242593 1.000000
0 343 0.422135 0.702778 0.043229 0.244444 1.000000
0 344 0.422917 0.703704 0.043750 0.242593 1.000000
0 345 0.423698 0.706019 0.046354 0.237963 1.000000
0 346 0.424479 0.708333 0.050000 0.233333 1.000000
0 347 0.427865 0.710648 0.056771 0.223148 1.000000
0 348 0.428906 0.712037 0.059896 0.220370 1.000000
0 349 0.432031 0.712500 0.065104 0.217593 1.000000
0 350 0.436979 0.712037 0.076042 0.220370 1.000000
0 351 0.447917 0.707870 0.096875 0.226852 1.000000
0 352 0.455729 0.706019 0.112500 0.230556 1.000000
0 353 0.468229 0.706019 0.118750 0.230556 1.000000
0 354 0.471875 0.705556 0.119792 0.229630 1.000000
0 355 0.477083 0.706019 0.108333 0.226852 1.000000
0 356 0.478906 0.706944 0.104688 0.228704 1.000000
0 357 0.481771 0.704630 0.098958 0.231481 1.000000
0 358 0.483073 0.701852 0.095312 0.233333 1.000000
0 359 0.489583 0.698611 0.082292 0.239815 1.000000
0 360 0.495052 0.698611 0.073438 0.241667 1.000000
0 361 0.503646 0.698148 0.061458 0.242593 1.000000
0 362 0.508333 0.698148 0.056250 0.238889 1.000000
0 384 0.530469 0.720833 0.109896 0.187963 1.000000
0 385 0.528385 0.729167 0.123438 0.182407 1.000000
0 386 0.527604 0.731944 0.123958 0.176852 1.000000
0 387 0.527344 0.733333 0.120313 0.172222 1.000000
0 388 0.526302 0.750463 0.118229 0.147222 1.000000
0 389 0.529948 0.759259 0.128646 0.137037 1.000000
0 390 0.530469 0.769907 0.129688 0.126852 1.000000
0 391 0.524740 0.769444 0.119271 0.118519 1.000000
0 392 0.525260 0.770370 0.119271 0.116667 1.000000
0 393 0.523958 0.775000 0.117708 0.109259 1.000000
0 394 0.522656 0.774074 0.116146 0.109259 1.000000
0 395 0.521615 0.769907 0.116146 0.121296 1.000000
0 396 0.521094 0.764352 0.116146 0.128704 1.000000
0 397 0.521354 0.754167 0.116667 0.143519 1.000000
0 398 0.522135 0.751389 0.117188 0.149074 1.000000
0 399 0.523177 0.745833 0.120313 0.147222 1.000000
0 400 0.524219 0.745370 0.121354 0.148148 1.000000
0 401 0.516927 0.747222 0.105729 0.144444 1.000000
0 402 0.516927 0.749537 0.104688 0.141667 1.000000
0 403 0.512760 0.758796 0.089063 0.139815 1.000000
0 404 0.510938 0.760648 0.083333 0.136111 1.000000
0 405 0.511719 0.766667 0.075521 0.120370 1.000000
0 406 0.509896 0.769907 0.075000 0.115741 1.000000
0 407 0.512760 0.771296 0.077604 0.114815 1.000000
0 408 0.513542 0.767593 0.081250 0.118519 1.000000
0 409 0.515365 0.762500 0.083854 0.134259 1.000000
0 410 0.517969 0.760185 0.081771 0.137037 1.000000
0 411 0.522135 0.753704 0.074479 0.144444 1.000000
0 412 0.522396 0.750926 0.073958 0.148148 1.000000
0 413 0.523177 0.744907 0.075521 0.154630 1.000000
0 414 0.523958 0.742130 0.077083 0.162037 1.000000
0 415 0.523958 0.735185 0.077083 0.175926 1.000000
0 416 0.523698 0.730093 0.077604 0.182407 1.000000
0 417 0.522917 0.723611 0.075000 0.195370 1.000000
0 418 0.520052 0.719907 0.070312 0.200926 1.000000
0 419 0.513542 0.715741 0.057292 0.211111 1.000000
0 420 0.512240 0.713889 0.054688 0.214815 1.000000
0 421 0.512760 0.711574 0.053646 0.221296 1.000000
0 422 0.515365 0.710185 0.051562 0.222222 1.000000
0 423 0.514583 0.709259 0.048958 0.227778 1.000000
0 424 0.514062 0.710185 0.051042 0.227778 1.000000
0 425 0.509375 0.712037 0.056250 0.224074 1.000000
0 426 0.505729 0.713889 0.067708 0.218519 1.000000
0 427 0.501823 0.720370 0.081771 0.211111 1.000000
0 428 0.505469 0.723611 0.078646 0.210185 1.000000
0 429 0.506250 0.720833 0.066667 0.204630 1.000000
0 430 0.501563 0.720833 0.075000 0.206481 1.000000
0 431 0.494271 0.722222 0.088542 0.207407 1.000000
0 432 0.492969 0.725926 0.091146 0.211111 1.000000
0 433 0.486719 0.727778 0.095312 0.209259 1.000000
0 434 0.479427 0.726389 0.093229 0.212037 1.000000
0 435 0.465885 0.725000 0.073438 0.214815 1.000000
0 436 0.461198 0.725926 0.064062 0.214815 1.000000
0 437 0.457813 0.725926 0.052083 0.216667 1.000000
0 438 0.456510 0.726389 0.047396 0.215741 1.000000
0 439 0.450781 0.725926 0.067187 0.216667 1.000000
0 440 0.442448 0.725463 0.077604 0.217593 1.000000
0 441 0.428125 0.725463 0.094792 0.219444 1.000000
0 442 0.425260 0.724537 0.105729 0.221296 1.000000
0 443 0.424219 0.725463 0.101562 0.215741 1.000000
0 444 0.413802 0.726389 0.083854 0.215741 1.000000
0 445 0.411719 0.726389 0.077604 0.212037 1.000000
0 446 0.409635 0.726389 0.073438 0.210185 1.000000
0 447 0.405469 0.727315 0.064062 0.208333 1.000000
0 448 0.404687 0.728241 0.063542 0.210185 1.000000
0 449 0.403125 0.727778 0.061458 0.209259 1.000000
0 450 0.405990 0.726852 0.066146 0.209259 1.000000
0 451 0.409896 0.725463 0.073958 0.217593 1.000000
0 452 0.410938 0.725000 0.077083 0.218519 1.000000
0 453 0.415625 0.726389 0.083333 0.225000 1.000000
0 454 0.417187 0.725463 0.084375 0.225000 1.000000
0 455 0.421615 0.723148 0.078646 0.231481 1.000000
0 456 0.424219 0.721759 0.071354 0.234259 1.000000
0 457 0.432812 0.718519 0.057292 0.238889 1.000000
0 458 0.438021 0.718056 0.051042 0.243519 1.000000
0 459 0.438802 0.716204 0.052604 0.247222 1.000000
0 460 0.438802 0.716204 0.052604 0.247222 1.000000
0 461 0.439323 0.718056 0.056771 0.241667 1.000000
0 462 0.439063 0.720833 0.066667 0.237963 1.000000
0 463 0.440104 0.724537 0.072917 0.230556 1.000000
0 464 0.439583 0.724537 0.072917 0.230556 1.000000
0 465 0.439323 0.724074 0.073438 0.229630 1.000000
0 466 0.439844 0.724074 0.073438 0.229630 1.000000
0 467 0.440365 0.724074 0.076563 0.231481 1.000000
0 468 0.439844 0.723148 0.075521 0.235185 1.000000
0 469 0.439844 0.717593 0.076563 0.246296 1.000000
0 470 0.439063 0.714352 0.078125 0.249074 1.000000
0 471 0.441146 0.713426 0.076042 0.254630 1.000000
0 472 0.441406 0.712963 0.075521 0.255556 1.000000
0 473 0.441927 0.711574 0.074479 0.258333 1.000000
0 474 0.442188 0.713426 0.071875 0.256481 1.000000
0 475 0.443490 0.712963 0.070312 0.257407 1.000000
0 476 0.442448 0.713426 0.066146 0.258333 1.000000
0 477 0.440104 0.713426 0.056250 0.256481 1.000000
0 478 0.438021 0.713426 0.048958 0.256481 1.000000
0 479 0.439844 0.714815 0.044271 0.253704 1.000000
0 480 0.440885 0.716204 0.048438 0.250926 1.000000
0 481 0.441927 0.720833 0.070312 0.241667 1.000000
0 482 0.440625 0.724537 0.076042 0.236111 1.000000
0 483 0.441927 0.724074 0.064062 0.237037 1.000000
0 484 0.442448 0.723611 0.055729 0.237963 1.000000
0 485 0.442188 0.722222 0.055208 0.238889 1.000000
0 486 0.442708 0.722222 0.063542 0.238889 1.000000
0 487 0.445052 0.723148 0.072396 0.238889 1.000000
0 488 0.445833 0.721759 0.069792 0.239815 1.000000
0 489 0.446615 0.718981 0.063021 0.245370 1.000000
0 490 0.446615 0.717593 0.061979 0.250000 1.000000
0 491 0.447135 0.713889 0.051562 0.248148 1.000000
0 492 0.446094 0.714352 0.048438 0.247222 1.000000
0 493 0.444271 0.716667 0.045833 0.244444 1.000000
0 494 0.444010 0.715278 0.046354 0.243519 1.000000
0 495 0.441667 0.715741 0.048958 0.246296 1.000000
0 496 0.440885 0.715278 0.050521 0.247222 1.000000
0 497 0.439323 0.713426 0.053646 0.237963 1.000000
0 498 0.439583 0.713889 0.056250 0.235185 1.000000
0 499 0.439583 0.713426 0.060417 0.237963 1.000000
0 500 0.439844 0.710648 0.060937 0.243519 1.000000
0 501 0.439063 0.704630 0.062500 0.242593 1.000000
0 502 0.440365 0.705093 0.057813 0.241667 1.000000
0 503 0.441667 0.705093 0.053125 0.241667 1.000000
0 504 0.442188 0.706481 0.052083 0.238889 1.000000
0 505 0.441406 0.704630 0.048438 0.238889 1.000000
0 506 0.440625 0.705093 0.050000 0.239815 1.000000
0 507 0.440625 0.706481 0.052083 0.237037 1.000000
0 508 0.437240 0.708333 0.059896 0.233333 1.000000
0 509 0.438021 0.709259 0.061458 0.231481 1.000000
0 510 0.436719 0.706944 0.060937 0.234259 1.000000
0 511 0.434896 0.704167 0.062500 0.239815 1.000000
0 512 0.436719 0.704167 0.063021 0.237963 1.000000
0 513 0.435937 0.702315 0.061458 0.241667 1.000000
0 514 0.435677 0.702778 0.060937 0.242593 1.000000
0 515 0.434375 0.702778 0.059375 0.244444 1.000000
0 516 0.433854 0.703241 0.058333 0.243519 1.000000
0 517 0.434375 0.704630 0.059375 0.240741 1.000000
0 518 0.433594 0.705093 0.059896 0.239815 1.000000
0 519 0.437240 0.704167 0.058854 0.237963 1.000000
0 520 0.440365 0.704630 0.057813 0.237037 1.000000
0 521 0.446094 0.701852 0.056771 0.244444 1.000000
0 522 0.448177 0.702778 0.058854 0.246296 1.000000
0 523 0.450260 0.702315 0.060937 0.245370 1.000000
0 524 0.450000 0.701852 0.061458 0.244444 1.000000
0 525 0.449479 0.702778 0.060417 0.244444 1.000000
0 526 0.449219 0.704167 0.057813 0.243519 1.000000
0 527 0.446615 0.705556 0.058854 0.240741 1.000000
0 528 0.445833 0.706019 0.060417 0.237963 1.000000
0 529 0.443229 0.709722 0.060417 0.228704 1.000000
0 530 0.440625 0.711574 0.065625 0.221296 1.000000
0 531 0.442448 0.718519 0.064062 0.209259 1.000000
0 532 0.446354 0.720370 0.066667 0.203704 1.000000
0 533 0.454427 0.721759 0.079687 0.200926 1.000000
0 534 0.460417 0.721759 0.085417 0.200926 1.000000
0 535 0.470313 0.720833 0.090625 0.202778 1.000000
0 536 0.470833 0.719907 0.089583 0.204630 1.000000
0 537 0.472135 0.717130 0.090104 0.210185 1.000000
0 538 0.475781 0.715278 0.088021 0.215741 1.000000
0 539 0.481771 0.709259 0.078125 0.222222 1.000000
0 540 0.485156 0.707870 0.073438 0.226852 1.000000
0 541 0.488281 0.703241 0.069271 0.232407 1.000000
0 542 0.491667 0.700926 0.067708 0.235185 1.000000
0 543 0.494010 0.697685 0.068229 0.239815 1.000000
0 544 0.490104 0.696296 0.060417 0.240741 1.000000
0 545 0.491927 0.694907 0.058854 0.241667 1.000000
0 546 0.494010 0.693519 0.055729 0.240741 1.000000
0 557 0.509375 0.702778 0.040625 0.220370 1.000000
0 558 0.507292 0.704167 0.036458 0.219444 1.000000
0 559 0.509635 0.703704 0.041146 0.220370 1.000000
0 560 0.510938 0.702315 0.042708 0.225000 1.000000
0 561 0.517708 0.700463 0.063542 0.226852 1.000000
0 562 0.513281 0.692593 0.092188 0.212963 1.000000
0 563 0.509115 0.693981 0.097396 0.212037 1.000000
0 564 0.509115 0.701852 0.090104 0.233333 1.000000
0 565 0.514583 0.701852 0.085417 0.233333 1.000000
0 566 0.513802 0.700926 0.056771 0.233333 1.000000
0 567 0.516146 0.702315 0.052083 0.225000 1.000000
0 568 0.516406 0.703241 0.058854 0.217593 1.000000
0 569 0.515365 0.703704 0.063021 0.211111 1.000000
0 570 0.514844 0.705093 0.067187 0.215741 1.000000
0 571 0.513802 0.703704 0.068229 0.218519 1.000000
0 572 0.518490 0.700926 0.061979 0.225926 1.000000
0 573 0.515625 0.700463 0.067708 0.228704 1.000000
0 574 0.519010 0.700463 0.061979 0.228704 1.000000
0 575 0.521094 0.698148 0.060937 0.231481 1.000000
0 576 0.521875 0.700463 0.059375 0.228704 1.000000
0 577 0.516927 0.700926 0.053646 0.225926 1.000000
0 578 0.516927 0.701389 0.058854 0.221296 1.000000
0 579 0.517448 0.702778 0.059896 0.220370 1.000000
0 580 0.515104 0.702315 0.052083 0.221296 1.000000
0 581 0.516406 0.702778 0.046354 0.220370 1.000000
0 582 0.520052 0.702778 0.052604 0.218519 1.000000
0 583 0.521615 0.707407 0.055729 0.216667 1.000000
0 584 0.520052 0.705556 0.051562 0.218519 1.000000
0 585 0.517188 0.703704 0.048958 0.218519 1.000000
0 586 0.519792 0.702778 0.047917 0.220370 1.000000
0 587 0.519792 0.702315 0.050000 0.219444 1.000000
0 588 0.516927 0.705093 0.055729 0.215741 1.000000
0 589 0.516667 0.704630 0.056250 0.216667 1.000000
0 590 0.514844 0.700926 0.054688 0.222222 1.000000
0 591 0.514062 0.699074 0.055208 0.224074 1.000000
0 592 0.512760 0.697685 0.055729 0.228704 1.000000
0 593 0.511719 0.699537 0.056771 0.232407 1.000000
0 594 0.511719 0.698611 0.055729 0.234259 1.000000
0 595 0.511198 0.698148 0.052604 0.235185 1.000000
0 596 0.511198 0.697685 0.050521 0.228704 1.000000
0 597 0.510677 0.699074 0.047396 0.227778 1.000000
0 598 0.513542 0.700926 0.057292 0.224074 1.000000
0 599 0.515885 0.700000 0.059896 0.225926 1.000000
0 600 0.518229 0.697685 0.063542 0.230556 1.000000
0 601 0.517448 0.695370 0.064062 0.233333 1.000000
0 602 0.531250 0.697685 0.088542 0.237963 1.000000
0 603 0.533854 0.698148 0.085417 0.237037 1.000000
0 604 0.533854 0.697685 0.087500 0.236111 1.000000
