0 1 0.312109 0.363889 0.019531 0.111111 1.000000
0 2 0.312500 0.361806 0.020313 0.115278 1.000000
0 3 0.316406 0.359722 0.021875 0.113889 1.000000
0 4 0.320312 0.359722 0.023438 0.113889 1.000000
0 5 0.325781 0.356944 0.021875 0.113889 1.000000
0 6 0.328906 0.356250 0.018750 0.112500 1.000000
0 7 0.332422 0.354167 0.019531 0.113889 1.000000
0 8 0.337500 0.355556 0.018750 0.122222 1.000000
0 9 0.341406 0.351389 0.020313 0.116667 1.000000
0 10 0.344922 0.351389 0.019531 0.116667 1.000000
0 11 0.350391 0.350000 0.024219 0.119444 1.000000
0 12 0.351562 0.347222 0.029687 0.119444 1.000000
0 13 0.353516 0.345833 0.035156 0.116667 1.000000
0 14 0.358203 0.344444 0.039844 0.119444 1.000000
0 15 0.360547 0.343056 0.039844 0.116667 1.000000
0 16 0.363281 0.341667 0.040625 0.119444 1.000000
0 17 0.365625 0.341667 0.039062 0.119444 1.000000
0 18 0.366016 0.341667 0.036719 0.119444 1.000000
0 19 0.368750 0.341667 0.029687 0.119444 1.000000
0 20 0.368750 0.341667 0.023438 0.119444 1.000000
0 21 0.370312 0.341667 0.023438 0.119444 1.000000
0 22 0.369531 0.339583 0.021875 0.123611 1.000000
0 23 0.370703 0.339583 0.019531 0.123611 1.000000
0 24 0.372656 0.339583 0.028125 0.123611 1.000000
0 25 0.372656 0.339583 0.032813 0.123611 1.000000
0 26 0.372656 0.339583 0.032813 0.123611 1.000000
0 27 0.373828 0.339583 0.033594 0.123611 1.000000
0 28 0.376172 0.338889 0.035156 0.122222 1.000000
0 29 0.376172 0.336806 0.032031 0.118056 1.000000
0 30 0.375391 0.336111 0.027344 0.116667 1.000000
0 31 0.374609 0.336111 0.025781 0.119444 1.000000
0 32 0.374609 0.333333 0.024219 0.122222 1.000000
0 33 0.374609 0.334722 0.021094 0.125000 1.000000
0 34 0.373828 0.333333 0.021094 0.125000 1.000000
0 35 0.373047 0.333333 0.027344 0.125000 1.000000
0 36 0.371094 0.332639 0.031250 0.123611 1.000000
0 37 0.370703 0.331250 0.035156 0.120833 1.000000
0 38 0.372266 0.327778 0.035156 0.119444 1.000000
0 39 0.373047 0.329167 0.039844 0.122222 1.000000
0 40 0.375000 0.326389 0.039062 0.122222 1.000000
0 41 0.376953 0.325694 0.038281 0.123611 1.000000
0 42 0.378516 0.325694 0.035156 0.123611 1.000000
0 43 0.382422 0.322917 0.030469 0.123611 1.000000
0 44 0.383984 0.321528 0.030469 0.126389 1.000000
0 45 0.386328 0.318750 0.024219 0.126389 1.000000
0 46 0.383594 0.317361 0.021875 0.129167 1.000000
0 47 0.383203 0.315972 0.022656 0.131944 1.000000
0 48 0.382031 0.315278 0.028125 0.130556 1.000000
0 49 0.380859 0.317361 0.032031 0.134722 1.000000
0 50 0.380859 0.315278 0.032031 0.130556 1.000000
0 51 0.383984 0.312500 0.035156 0.130556 1.000000
0 52 0.385547 0.307639 0.035156 0.126389 1.000000
0 53 0.389844 0.306250 0.034375 0.123611 1.000000
0 54 0.391406 0.304167 0.032813 0.127778 1.000000
0 55 0.393359 0.304167 0.028906 0.127778 1.000000
0 56 0.394531 0.302083 0.025000 0.131944 1.000000
0 57 0.396094 0.300694 0.021875 0.134722 1.000000
0 58 0.394531 0.299306 0.025000 0.137500 1.000000
0 59 0.390234 0.297917 0.025781 0.140278 1.000000
0 60 0.390625 0.296528 0.029687 0.137500 1.000000
0 61 0.387891 0.295833 0.038281 0.138889 1.000000
0 62 0.387500 0.295139 0.039062 0.137500 1.000000
0 63 0.387500 0.295139 0.043750 0.137500 1.000000
0 64 0.386719 0.292361 0.045312 0.140278 1.000000
0 65 0.386719 0.292361 0.045312 0.140278 1.000000
0 66 0.386719 0.290972 0.045312 0.143056 1.000000
0 67 0.386328 0.290972 0.041406 0.143056 1.000000
0 68 0.386328 0.289583 0.038281 0.143056 1.000000
0 69 0.385156 0.286806 0.032813 0.143056 1.000000
0 70 0.385547 0.287500 0.027344 0.147222 1.000000
0 71 0.384375 0.284722 0.025000 0.147222 1.000000
0 72 0.386328 0.284028 0.024219 0.148611 1.000000
0 73 0.384375 0.284028 0.032813 0.148611 1.000000
0 74 0.382812 0.284722 0.039062 0.150000 1.000000
0 75 0.382812 0.284028 0.045312 0.145833 1.000000
0 76 0.382422 0.284028 0.050781 0.145833 1.000000
0 77 0.383984 0.286111 0.053906 0.144444 1.000000
0 78 0.384766 0.286111 0.052344 0.144444 1.000000
0 79 0.386328 0.286806 0.049219 0.143056 1.000000
0 80 0.387109 0.285417 0.047656 0.140278 1.000000
0 81 0.387891 0.286111 0.046094 0.138889 1.000000
0 82 0.388281 0.287500 0.045312 0.141667 1.000000
0 83 0.388672 0.287500 0.044531 0.141667 1.000000
0 84 0.389062 0.287500 0.043750 0.141667 1.000000
0 85 0.388672 0.287500 0.041406 0.141667 1.000000
0 86 0.387891 0.287500 0.039844 0.141667 1.000000
0 87 0.387891 0.286111 0.039844 0.138889 1.000000
0 88 0.387500 0.287500 0.037500 0.136111 1.000000
0 89 0.385937 0.287500 0.034375 0.136111 1.000000
0 90 0.390625 0.285417 0.043750 0.126389 1.000000
0 91 0.390625 0.284722 0.043750 0.125000 1.000000
0 92 0.389844 0.284028 0.043750 0.123611 1.000000
0 93 0.390625 0.285417 0.043750 0.126389 1.000000
0 94 0.389062 0.285417 0.043750 0.126389 1.000000
0 95 0.389453 0.285417 0.042969 0.126389 1.000000
0 96 0.389062 0.285417 0.045312 0.123611 1.000000
0 97 0.388672 0.287500 0.044531 0.125000 1.000000
0 98 0.388281 0.289583 0.043750 0.123611 1.000000
0 99 0.388672 0.290278 0.044531 0.125000 1.000000
0 100 0.388281 0.292361 0.045312 0.123611 1.000000
0 101 0.388281 0.295139 0.045312 0.123611 1.000000
0 102 0.387500 0.297917 0.046875 0.123611 1.000000
0 103 0.386719 0.299306 0.048438 0.126389 1.000000
0 104 0.387891 0.302778 0.046094 0.127778 1.000000
0 105 0.387891 0.304861 0.046094 0.126389 1.000000
0 106 0.389844 0.308333 0.046875 0.127778 1.000000
0 107 0.392969 0.309722 0.045312 0.125000 1.000000
0 108 0.392969 0.313194 0.045312 0.123611 1.000000
0 109 0.392969 0.315972 0.045312 0.123611 1.000000
0 110 0.392969 0.318750 0.045312 0.123611 1.000000
0 111 0.392969 0.321528 0.045312 0.123611 1.000000
0 112 0.392969 0.323611 0.045312 0.125000 1.000000
0 113 0.394922 0.323611 0.049219 0.125000 1.000000
0 114 0.396484 0.323611 0.049219 0.125000 1.000000
0 115 0.399609 0.323611 0.047656 0.125000 1.000000
0 116 0.402734 0.323611 0.044531 0.125000 1.000000
0 117 0.407031 0.323611 0.040625 0.125000 1.000000
0 118 0.410547 0.325000 0.036719 0.127778 1.000000
0 119 0.412500 0.325000 0.035937 0.127778 1.000000
0 120 0.412891 0.326389 0.035156 0.130556 1.000000
0 121 0.414844 0.326389 0.035937 0.130556 1.000000
0 122 0.416016 0.328472 0.036719 0.134722 1.000000
0 123 0.417578 0.328472 0.036719 0.134722 1.000000
0 124 0.420312 0.328472 0.034375 0.134722 1.000000
0 125 0.419922 0.330556 0.038281 0.136111 1.000000
0 126 0.423047 0.331250 0.036719 0.134722 1.000000
0 127 0.426563 0.334028 0.034375 0.134722 1.000000
0 128 0.430859 0.334028 0.030469 0.134722 1.000000
0 129 0.433203 0.336806 0.028906 0.134722 1.000000
0 130 0.433984 0.336806 0.028906 0.134722 1.000000
0 131 0.435156 0.336806 0.029687 0.134722 1.000000
0 132 0.439844 0.338194 0.031250 0.137500 1.000000
0 133 0.441016 0.339583 0.032031 0.134722 1.000000
0 134 0.447266 0.339583 0.039844 0.134722 1.000000
0 135 0.449219 0.341667 0.039062 0.136111 1.000000
0 136 0.449609 0.343056 0.038281 0.136111 1.000000
0 137 0.451562 0.345139 0.037500 0.137500 1.000000
0 138 0.451953 0.343750 0.036719 0.134722 1.000000
0 139 0.452344 0.345833 0.035937 0.133333 1.000000
0 140 0.452734 0.345833 0.035156 0.133333 1.000000
0 141 0.453125 0.345833 0.035937 0.133333 1.000000
0 142 0.453516 0.345833 0.036719 0.133333 1.000000
0 143 0.454688 0.345833 0.035937 0.133333 1.000000
0 144 0.455469 0.345833 0.037500 0.133333 1.000000
0 145 0.455469 0.345833 0.035937 0.133333 1.000000
0 146 0.455469 0.345833 0.035937 0.133333 1.000000
0 147 0.456641 0.345139 0.032031 0.134722 1.000000
0 148 0.457813 0.345139 0.029687 0.134722 1.000000
0 149 0.457813 0.344444 0.029687 0.136111 1.000000
0 150 0.457813 0.344444 0.029687 0.136111 1.000000
0 151 0.457813 0.344444 0.029687 0.136111 1.000000
0 152 0.456641 0.344444 0.028906 0.136111 1.000000
0 153 0.457031 0.344444 0.031250 0.136111 1.000000
0 154 0.457422 0.345833 0.032031 0.138889 1.000000
0 155 0.458984 0.348611 0.032031 0.138889 1.000000
0 156 0.459375 0.348611 0.032813 0.138889 1.000000
0 157 0.458984 0.346528 0.032031 0.134722 1.000000
0 158 0.460156 0.349306 0.029687 0.140278 1.000000
0 159 0.460156 0.350694 0.029687 0.137500 1.000000
0 160 0.460156 0.350694 0.029687 0.137500 1.000000
0 161 0.460156 0.351389 0.032813 0.138889 1.000000
0 162 0.460156 0.352778 0.032813 0.138889 1.000000
0 163 0.460547 0.353472 0.035156 0.140278 1.000000
0 164 0.461328 0.354167 0.033594 0.138889 1.000000
0 165 0.461719 0.354861 0.032813 0.137500 1.000000
0 166 0.462109 0.356250 0.033594 0.140278 1.000000
0 167 0.462500 0.356250 0.032813 0.140278 1.000000
0 168 0.463672 0.356944 0.035156 0.138889 1.000000
0 169 0.465234 0.358333 0.036719 0.138889 1.000000
0 170 0.466016 0.359028 0.039844 0.137500 1.000000
0 171 0.466797 0.361111 0.042969 0.136111 1.000000
0 172 0.469531 0.364583 0.048438 0.131944 1.000000
0 173 0.471875 0.365972 0.053125 0.129167 1.000000
0 174 0.473828 0.367361 0.057031 0.126389 1.000000
0 175 0.475391 0.372222 0.057031 0.125000 1.000000
0 176 0.475391 0.372222 0.057031 0.125000 1.000000
0 177 0.476562 0.372222 0.054688 0.125000 1.000000
0 178 0.478516 0.372222 0.053906 0.125000 1.000000
0 179 0.484766 0.377083 0.058594 0.120833 1.000000
0 180 0.495703 0.379167 0.047656 0.116667 1.000000
0 181 0.499609 0.381250 0.050781 0.112500 1.000000
0 182 0.507812 0.382639 0.046875 0.109722 1.000000
0 183 0.510547 0.381944 0.049219 0.111111 1.000000
0 184 0.512109 0.384722 0.052344 0.119444 1.000000
0 185 0.514062 0.386806 0.056250 0.120833 1.000000
0 186 0.517578 0.388889 0.055469 0.125000 1.000000
0 187 0.519922 0.391667 0.055469 0.125000 1.000000
0 188 0.525000 0.391667 0.051562 0.125000 1.000000
0 189 0.529297 0.391667 0.047656 0.125000 1.000000
0 190 0.532422 0.391667 0.047656 0.125000 1.000000
0 191 0.540625 0.384722 0.054688 0.116667 1.000000
0 192 0.539453 0.386111 0.063281 0.122222 1.000000
0 193 0.543359 0.388194 0.063281 0.126389 1.000000
0 194 0.550781 0.391667 0.059375 0.130556 1.000000
0 195 0.558203 0.393056 0.053906 0.133333 1.000000
0 196 0.564063 0.392361 0.054688 0.131944 1.000000
0 197 0.571094 0.392361 0.050000 0.131944 1.000000
0 198 0.575000 0.390972 0.053125 0.134722 1.000000
0 199 0.577734 0.393750 0.057031 0.140278 1.000000
0 200 0.580469 0.397917 0.062500 0.148611 1.000000
0 201 0.586328 0.400694 0.061719 0.154167 1.000000
0 202 0.594922 0.400694 0.052344 0.154167 1.000000
0 203 0.606641 0.402083 0.038281 0.151389 1.000000
0 204 0.605078 0.400694 0.050781 0.154167 1.000000
0 205 0.608594 0.395833 0.059375 0.150000 1.000000
0 206 0.611328 0.395833 0.064844 0.150000 1.000000
0 207 0.617969 0.397222 0.065625 0.152778 1.000000
0 208 0.624609 0.404167 0.061719 0.166667 1.000000
0 209 0.634375 0.405556 0.051562 0.163889 1.000000
0 210 0.646094 0.405556 0.039062 0.163889 1.000000
0 211 0.653125 0.400694 0.043750 0.159722 1.000000
0 212 0.652734 0.401389 0.055469 0.161111 1.000000
0 213 0.659375 0.399306 0.065625 0.162500 1.000000
0 214 0.666406 0.401389 0.073438 0.163889 1.000000
0 215 0.673438 0.403472 0.065625 0.165278 1.000000
0 216 0.678906 0.406250 0.051562 0.168056 1.000000
0 217 0.689063 0.406944 0.035937 0.166667 1.000000
0 218 0.690234 0.404861 0.050781 0.159722 1.000000
0 219 0.690625 0.397222 0.062500 0.161111 1.000000
0 220 0.695703 0.391667 0.072656 0.155556 1.000000
0 221 0.700000 0.390972 0.078125 0.159722 1.000000
0 222 0.702734 0.391667 0.064844 0.163889 1.000000
0 223 0.706641 0.399306 0.050781 0.176389 1.000000
0 224 0.712500 0.389583 0.046875 0.159722 1.000000
0 225 0.717969 0.384028 0.057813 0.156944 1.000000
0 226 0.714844 0.384028 0.064062 0.159722 1.000000
0 227 0.721875 0.383333 0.078125 0.163889 1.000000
0 228 0.725000 0.386111 0.073438 0.166667 1.000000
0 229 0.724219 0.386806 0.057813 0.168056 1.000000
0 230 0.740625 0.384028 0.056250 0.168056 1.000000
0 231 0.735156 0.380556 0.045312 0.166667 1.000000
0 232 0.734766 0.375000 0.060156 0.163889 1.000000
0 233 0.737500 0.365972 0.070312 0.156944 1.000000
0 234 0.743359 0.364583 0.088281 0.159722 1.000000
0 235 0.748047 0.365278 0.078906 0.161111 1.000000
0 236 0.749219 0.368056 0.070312 0.166667 1.000000
0 237 0.759375 0.367361 0.035937 0.170833 1.000000
0 238 0.752734 0.359028 0.052344 0.162500 1.000000
0 239 0.745703 0.358333 0.060156 0.163889 1.000000
0 240 0.742969 0.354861 0.065625 0.165278 1.000000
0 241 0.746484 0.353472 0.071094 0.162500 1.000000
0 242 0.745313 0.353472 0.071875 0.165278 1.000000
0 243 0.741797 0.355556 0.058594 0.166667 1.000000
0 244 0.739844 0.354861 0.043750 0.162500 1.000000
0 245 0.742969 0.353472 0.037500 0.162500 1.000000
0 246 0.739844 0.349306 0.054688 0.159722 1.000000
0 247 0.735156 0.346528 0.059375 0.159722 1.000000
0 248 0.736328 0.347917 0.071094 0.156944 1.000000
0 249 0.735156 0.350694 0.073438 0.156944 1.000000
0 250 0.733203 0.357639 0.063281 0.159722 1.000000
0 251 0.730078 0.359028 0.042969 0.162500 1.000000
0 252 0.735938 0.357639 0.040625 0.159722 1.000000
0 253 0.732812 0.358333 0.043750 0.161111 1.000000
0 254 0.730469 0.359028 0.050000 0.162500 1.000000
0 255 0.733203 0.359722 0.063281 0.158333 1.000000
0 256 0.735547 0.363194 0.063281 0.159722 1.000000
0 257 0.733594 0.368056 0.051562 0.158333 1.000000
0 258 0.729297 0.370139 0.035156 0.156944 1.000000
0 259 0.728906 0.370139 0.032813 0.156944 1.000000
0 260 0.729688 0.369444 0.035937 0.158333 1.000000
0 261 0.733984 0.368750 0.047656 0.156944 1.000000
0 262 0.733203 0.371528 0.050781 0.156944 1.000000
0 263 0.729297 0.377083 0.049219 0.156944 1.000000
0 264 0.723437 0.379167 0.045312 0.161111 1.000000
0 265 0.719141 0.381250 0.041406 0.156944 1.000000
0 266 0.719141 0.379861 0.041406 0.154167 1.000000
0 267 0.719141 0.380556 0.041406 0.152778 1.000000
0 268 0.721094 0.383333 0.043750 0.150000 1.000000
0 269 0.725000 0.388889 0.048438 0.155556 1.000000
0 270 0.725781 0.390278 0.040625 0.147222 1.000000
0 271 0.732031 0.396528 0.042188 0.148611 1.000000
0 272 0.736719 0.398611 0.042188 0.144444 1.000000
0 273 0.738281 0.399306 0.042188 0.143056 1.000000
0 274 0.737500 0.398611 0.035937 0.144444 1.000000
0 275 0.743359 0.397917 0.046094 0.145833 1.000000
0 276 0.746875 0.395139 0.053125 0.145833 1.000000
0 277 0.745313 0.394444 0.056250 0.150000 1.000000
0 278 0.741406 0.393750 0.059375 0.151389 1.000000
0 279 0.739453 0.392361 0.055469 0.151389 1.000000
0 280 0.737891 0.389583 0.052344 0.151389 1.000000
0 281 0.737109 0.388194 0.047656 0.156944 1.000000
0 282 0.737891 0.385417 0.039844 0.159722 1.000000
0 283 0.737891 0.381250 0.036719 0.159722 1.000000
0 284 0.738281 0.379861 0.039062 0.162500 1.000000
0 285 0.738281 0.378472 0.046875 0.159722 1.000000
0 286 0.739453 0.379167 0.053906 0.158333 1.000000
0 287 0.740234 0.379861 0.060156 0.148611 1.000000
0 288 0.744141 0.383333 0.061719 0.144444 1.000000
0 289 0.746484 0.386111 0.060156 0.138889 1.000000
0 290 0.748437 0.390278 0.057813 0.130556 1.000000
0 291 0.750781 0.392361 0.053125 0.126389 1.000000
0 292 0.746094 0.393056 0.062500 0.125000 1.000000
0 293 0.743359 0.392361 0.066406 0.126389 1.000000
0 294 0.735938 0.390972 0.076563 0.129167 1.000000
0 295 0.727344 0.388194 0.087500 0.123611 1.000000
0 296 0.713672 0.385417 0.080469 0.118056 1.000000
0 297 0.700781 0.385417 0.081250 0.118056 1.000000
0 298 0.688672 0.386806 0.071094 0.120833 1.000000
0 299 0.683984 0.388194 0.071094 0.126389 1.000000
0 300 0.678516 0.383333 0.075781 0.122222 1.000000
0 301 0.672656 0.389583 0.073438 0.140278 1.000000
0 302 0.666797 0.390972 0.067969 0.143056 1.000000
0 303 0.658984 0.391667 0.057031 0.144444 1.000000
0 304 0.641797 0.392361 0.042969 0.143056 1.000000
0 305 0.632031 0.392361 0.046875 0.143056 1.000000
0 306 0.622266 0.391667 0.053906 0.144444 1.000000
0 307 0.608203 0.390278 0.067969 0.147222 1.000000
0 308 0.599609 0.385417 0.066406 0.143056 1.000000
0 309 0.585547 0.382639 0.064844 0.145833 1.000000
0 310 0.573047 0.380556 0.053906 0.144444 1.000000
0 311 0.554688 0.379861 0.051562 0.145833 1.000000
0 312 0.538281 0.379861 0.062500 0.151389 1.000000
0 313 0.529297 0.377083 0.066406 0.151389 1.000000
0 314 0.516797 0.376389 0.066406 0.152778 1.000000
0 315 0.507031 0.372222 0.068750 0.147222 1.000000
0 316 0.492578 0.371528 0.074219 0.143056 1.000000
0 317 0.478906 0.373611 0.078125 0.147222 1.000000
0 318 0.462500 0.380556 0.071875 0.152778 1.000000
0 319 0.448047 0.381944 0.061719 0.147222 1.000000
0 320 0.429297 0.381944 0.063281 0.147222 1.000000
0 321 0.416797 0.381944 0.041406 0.147222 1.000000
0 322 0.407422 0.382639 0.032031 0.148611 1.000000
0 323 0.394531 0.381250 0.035937 0.151389 1.000000
0 324 0.380078 0.380556 0.042969 0.152778 1.000000
0 325 0.366797 0.380556 0.053906 0.152778 1.000000
0 326 0.356250 0.380556 0.060937 0.152778 1.000000
0 327 0.344141 0.380556 0.066406 0.152778 1.000000
0 328 0.336328 0.383333 0.069531 0.150000 1.000000
0 329 0.328906 0.385417 0.067187 0.145833 1.000000
0 330 0.321094 0.386111 0.062500 0.138889 1.000000
0 331 0.313281 0.388889 0.056250 0.136111 1.000000
0 332 0.307422 0.389583 0.053906 0.134722 1.000000
0 333 0.301563 0.392361 0.054688 0.134722 1.000000
0 334 0.295312 0.393750 0.060937 0.131944 1.000000
0 335 0.291016 0.395139 0.063281 0.129167 1.000000
0 336 0.288672 0.395833 0.063281 0.127778 1.000000
0 337 0.288281 0.397222 0.060937 0.130556 1.000000
0 338 0.288281 0.397917 0.057813 0.129167 1.000000
0 339 0.286328 0.400694 0.060156 0.129167 1.000000
0 340 0.287891 0.400000 0.066406 0.130556 1.000000
0 341 0.286719 0.401389 0.070312 0.133333 1.000000
0 342 0.285156 0.402083 0.073438 0.134722 1.000000
0 343 0.284766 0.403472 0.075781 0.137500 1.000000
0 344 0.286719 0.406944 0.071875 0.138889 1.000000
0 345 0.288672 0.409722 0.067969 0.138889 1.000000
0 346 0.289453 0.413194 0.060156 0.143056 1.000000
0 347 0.292187 0.415972 0.054688 0.143056 1.000000
0 348 0.294922 0.417361 0.047656 0.145833 1.000000
0 349 0.298047 0.420139 0.039844 0.145833 1.000000
0 350 0.296875 0.422222 0.037500 0.152778 1.000000
0 351 0.296484 0.425000 0.041406 0.152778 1.000000
0 352 0.298047 0.427778 0.047656 0.152778 1.000000
0 353 0.301953 0.431250 0.057031 0.154167 1.000000
0 354 0.305078 0.434028 0.063281 0.154167 1.000000
0 355 0.307422 0.436806 0.066406 0.154167 1.000000
0 356 0.308594 0.439583 0.062500 0.154167 1.000000
0 357 0.308594 0.442361 0.059375 0.154167 1.000000
0 358 0.311719 0.442361 0.053125 0.154167 1.000000
0 359 0.313672 0.442361 0.046094 0.154167 1.000000
0 360 0.315625 0.441667 0.039062 0.155556 1.000000
0 361 0.317578 0.440278 0.032031 0.158333 1.000000
0 362 0.319922 0.440972 0.032031 0.159722 1.000000
0 363 0.322266 0.439583 0.036719 0.162500 1.000000
0 364 0.324219 0.438889 0.039062 0.166667 1.000000
0 365 0.324609 0.439583 0.038281 0.170833 1.000000
0 366 0.325000 0.439583 0.037500 0.170833 1.000000
0 367 0.325391 0.439583 0.035156 0.170833 1.000000
0 368 0.325391 0.439583 0.035156 0.170833 1.000000
0 369 0.321875 0.440972 0.031250 0.173611 1.000000
0 370 0.320703 0.443750 0.030469 0.173611 1.000000
0 371 0.318750 0.445139 0.028125 0.176389 1.000000
0 372 0.316406 0.447917 0.026562 0.176389 1.000000
0 373 0.313672 0.447917 0.027344 0.176389 1.000000
0 374 0.314063 0.450694 0.029687 0.176389 1.000000
0 375 0.314063 0.453472 0.032813 0.176389 1.000000
0 376 0.313281 0.456250 0.034375 0.176389 1.000000
0 377 0.312500 0.458333 0.035937 0.175000 1.000000
0 378 0.310937 0.461111 0.035937 0.175000 1.000000
0 379 0.306641 0.463194 0.039844 0.170833 1.000000
0 380 0.302734 0.465972 0.041406 0.170833 1.000000
0 381 0.296875 0.468056 0.042188 0.166667 1.000000
0 382 0.291797 0.472222 0.042969 0.163889 1.000000
0 383 0.287109 0.477778 0.042969 0.158333 1.000000
0 384 0.285156 0.480556 0.045312 0.152778 1.000000
0 385 0.285547 0.486806 0.052344 0.145833 1.000000
0 386 0.286719 0.490972 0.057813 0.143056 1.000000
0 387 0.287500 0.493750 0.062500 0.143056 1.000000
0 388 0.288281 0.495139 0.067187 0.145833 1.000000
0 389 0.287500 0.495833 0.068750 0.150000 1.000000
0 390 0.286328 0.497917 0.067969 0.151389 1.000000
0 391 0.285938 0.498611 0.065625 0.155556 1.000000
0 392 0.287109 0.500000 0.060156 0.158333 1.000000
0 393 0.289062 0.502778 0.053125 0.158333 1.000000
0 394 0.292187 0.504167 0.048438 0.161111 1.000000
0 395 0.296484 0.504167 0.044531 0.161111 1.000000
0 396 0.302734 0.505556 0.042969 0.163889 1.000000
0 397 0.307031 0.506250 0.042188 0.162500 1.000000
0 398 0.309375 0.506250 0.043750 0.156944 1.000000
0 399 0.312500 0.506944 0.043750 0.152778 1.000000
0 400 0.315234 0.509028 0.044531 0.148611 1.000000
0 401 0.316797 0.514583 0.047656 0.154167 1.000000
0 402 0.317969 0.519444 0.050000 0.155556 1.000000
0 403 0.318359 0.528472 0.049219 0.162500 1.000000
0 404 0.319531 0.531250 0.045312 0.162500 1.000000
0 405 0.321875 0.533333 0.045312 0.158333 1.000000
0 406 0.326172 0.535417 0.044531 0.154167 1.000000
0 407 0.329688 0.535417 0.042188 0.154167 1.000000
0 408 0.332422 0.535417 0.046094 0.159722 1.000000
0 409 0.334766 0.535417 0.046094 0.159722 1.000000
0 410 0.335938 0.536111 0.048438 0.161111 1.000000
0 411 0.337891 0.532639 0.049219 0.165278 1.000000
0 412 0.340234 0.529861 0.049219 0.170833 1.000000
0 413 0.342969 0.529167 0.048438 0.172222 1.000000
0 414 0.345313 0.526389 0.045312 0.177778 1.000000
0 415 0.349609 0.522917 0.041406 0.173611 1.000000
0 416 0.351953 0.522917 0.038281 0.173611 1.000000
0 417 0.354297 0.522222 0.038281 0.172222 1.000000
0 418 0.357031 0.519444 0.039062 0.172222 1.000000
0 419 0.358984 0.516667 0.039844 0.166667 1.000000
0 420 0.362891 0.516667 0.042969 0.166667 1.000000
0 421 0.366016 0.515972 0.042969 0.168056 1.000000
0 422 0.367188 0.515972 0.040625 0.168056 1.000000
0 423 0.367969 0.515972 0.039062 0.168056 1.000000
0 424 0.368359 0.515972 0.038281 0.168056 1.000000
0 425 0.369531 0.514583 0.039062 0.165278 1.000000
0 426 0.372266 0.514583 0.042969 0.165278 1.000000
0 427 0.373828 0.513889 0.044531 0.169444 1.000000
0 428 0.372656 0.513194 0.042188 0.168056 1.000000
0 429 0.372266 0.511806 0.039844 0.170833 1.000000
0 430 0.371484 0.511806 0.036719 0.170833 1.000000
0 431 0.371094 0.510417 0.035937 0.173611 1.000000
0 432 0.368750 0.510417 0.040625 0.173611 1.000000
0 433 0.368359 0.509028 0.041406 0.176389 1.000000
0 434 0.367578 0.506250 0.039844 0.176389 1.000000
0 435 0.365625 0.503472 0.040625 0.176389 1.000000
0 436 0.364453 0.501389 0.042969 0.172222 1.000000
0 437 0.364063 0.499306 0.046875 0.173611 1.000000
0 438 0.363672 0.493056 0.047656 0.161111 1.000000
0 439 0.364453 0.492361 0.050781 0.162500 1.000000
0 440 0.367188 0.492361 0.051562 0.162500 1.000000
0 441 0.369922 0.493750 0.049219 0.165278 1.000000
0 442 0.373047 0.496528 0.060156 0.162500 1.000000
0 443 0.377344 0.497917 0.070312 0.162500 1.000000
0 444 0.380469 0.498611 0.076563 0.158333 1.000000
0 445 0.382422 0.497222 0.077344 0.155556 1.000000
0 446 0.382422 0.495139 0.077344 0.156944 1.000000
0 447 0.382812 0.495139 0.076563 0.156944 1.000000
0 448 0.383203 0.492361 0.075781 0.159722 1.000000
0 449 0.385156 0.490972 0.073438 0.162500 1.000000
0 450 0.389062 0.488194 0.068750 0.159722 1.000000
0 451 0.393359 0.487500 0.063281 0.163889 1.000000
0 452 0.394922 0.486111 0.058594 0.166667 1.000000
0 453 0.396484 0.484722 0.050781 0.166667 1.000000
0 454 0.397656 0.484722 0.046875 0.169444 1.000000
0 455 0.398047 0.484722 0.044531 0.169444 1.000000
0 456 0.398438 0.482639 0.040625 0.170833 1.000000
0 457 0.398047 0.481944 0.039844 0.172222 1.000000
0 458 0.398438 0.482639 0.035937 0.170833 1.000000
0 459 0.398047 0.482639 0.033594 0.170833 1.000000
0 460 0.397266 0.481250 0.032031 0.173611 1.000000
0 461 0.396484 0.481250 0.032031 0.179167 1.000000
0 462 0.394922 0.481944 0.032031 0.177778 1.000000
0 463 0.392188 0.483333 0.034375 0.180556 1.000000
0 464 0.390234 0.484722 0.035156 0.180556 1.000000
0 465 0.387109 0.487500 0.036719 0.180556 1.000000
0 466 0.385156 0.490278 0.037500 0.180556 1.000000
0 467 0.382812 0.490278 0.035937 0.180556 1.000000
0 468 0.379297 0.493056 0.035156 0.180556 1.000000
0 469 0.374609 0.495833 0.033594 0.180556 1.000000
0 470 0.370703 0.497917 0.032031 0.181944 1.000000
0 471 0.364844 0.500694 0.031250 0.181944 1.000000
0 472 0.360547 0.503472 0.028906 0.181944 1.000000
0 473 0.356641 0.506944 0.027344 0.183333 1.000000
0 474 0.351953 0.510417 0.027344 0.184722 1.000000
0 475 0.348047 0.514583 0.027344 0.187500 1.000000
0 476 0.346094 0.516667 0.029687 0.191667 1.000000
0 477 0.342578 0.519444 0.028906 0.191667 1.000000
0 478 0.340234 0.522222 0.030469 0.191667 1.000000
0 479 0.337500 0.522917 0.034375 0.187500 1.000000
0 480 0.334766 0.522917 0.036719 0.187500 1.000000
0 481 0.332031 0.526389 0.039062 0.186111 1.000000
0 482 0.329297 0.529167 0.041406 0.186111 1.000000
0 483 0.326953 0.530556 0.042969 0.183333 1.000000
0 484 0.324609 0.533333 0.041406 0.183333 1.000000
0 485 0.322266 0.534028 0.044531 0.181944 1.000000
0 486 0.318359 0.535417 0.047656 0.181944 1.000000
0 487 0.314844 0.535417 0.048438 0.184722 1.000000
0 488 0.311328 0.537500 0.047656 0.183333 1.000000
0 489 0.306641 0.536111 0.044531 0.186111 1.000000
0 490 0.302344 0.536111 0.043750 0.186111 1.000000
0 491 0.298438 0.538194 0.043750 0.187500 1.000000
0 492 0.295312 0.540278 0.043750 0.188889 1.000000
0 493 0.291016 0.542361 0.041406 0.193056 1.000000
0 494 0.287109 0.545139 0.038281 0.193056 1.000000
0 495 0.285547 0.547917 0.038281 0.195833 1.000000
0 496 0.283203 0.551389 0.038281 0.200000 1.000000
0 497 0.281641 0.553472 0.038281 0.204167 1.000000
0 498 0.279687 0.554167 0.037500 0.202778 1.000000
0 499 0.277734 0.555556 0.036719 0.202778 1.000000
0 500 0.276172 0.558333 0.038281 0.202778 1.000000
