0 1 0.688281 0.452778 0.032813 0.138889 1.000000
0 2 0.682813 0.450000 0.028125 0.144444 1.000000
0 3 0.683594 0.448611 0.037500 0.144444 1.000000
0 4 0.684766 0.446528 0.041406 0.148611 1.000000
0 5 0.683594 0.444444 0.050000 0.144444 1.000000
0 6 0.681250 0.440278 0.060937 0.141667 1.000000
0 7 0.679688 0.441667 0.059375 0.144444 1.000000
0 8 0.678906 0.443056 0.053125 0.141667 1.000000
0 9 0.677734 0.440972 0.044531 0.137500 1.000000
0 10 0.673047 0.443750 0.039844 0.137500 1.000000
0 11 0.668359 0.443750 0.032031 0.140278 1.000000
0 12 0.669531 0.440972 0.034375 0.143056 1.000000
0 13 0.668750 0.439583 0.039062 0.143056 1.000000
0 14 0.664844 0.440972 0.046875 0.151389 1.000000
0 15 0.660156 0.440972 0.051562 0.151389 1.000000
0 16 0.657031 0.443750 0.046875 0.151389 1.000000
0 17 0.657422 0.443056 0.036719 0.150000 1.000000
0 18 0.655078 0.444444 0.025781 0.147222 1.000000
0 19 0.649609 0.444444 0.027344 0.147222 1.000000
0 20 0.647266 0.443750 0.033594 0.148611 1.000000
0 21 0.645703 0.443750 0.036719 0.148611 1.000000
0 22 0.640625 0.445139 0.046875 0.145833 1.000000
0 23 0.634766 0.443056 0.050781 0.152778 1.000000
0 24 0.630859 0.443750 0.049219 0.154167 1.000000
0 25 0.630078 0.445139 0.042969 0.151389 1.000000
0 26 0.625391 0.446528 0.030469 0.148611 1.000000
0 27 0.619922 0.450694 0.028906 0.154167 1.000000
0 28 0.617188 0.452083 0.028125 0.156944 1.000000
0 29 0.610938 0.452778 0.032813 0.163889 1.000000
0 30 0.607812 0.454167 0.032813 0.161111 1.000000
0 31 0.604688 0.455556 0.035937 0.163889 1.000000
0 32 0.604688 0.456944 0.032813 0.161111 1.000000
0 33 0.600000 0.454861 0.034375 0.165278 1.000000
0 34 0.594922 0.454861 0.041406 0.165278 1.000000
0 35 0.588672 0.451389 0.042969 0.158333 1.000000
0 36 0.584375 0.450000 0.051562 0.161111 1.000000
0 37 0.582812 0.450694 0.054688 0.162500 1.000000
0 38 0.579297 0.450694 0.057031 0.162500 1.000000
0 39 0.578125 0.453472 0.059375 0.162500 1.000000
0 40 0.578906 0.453472 0.057813 0.162500 1.000000
0 41 0.577344 0.450694 0.051562 0.162500 1.000000
0 42 0.573438 0.449306 0.045312 0.165278 1.000000
0 43 0.572266 0.447917 0.039844 0.168056 1.000000
0 44 0.570703 0.445833 0.033594 0.169444 1.000000
0 45 0.571094 0.444444 0.031250 0.172222 1.000000
0 46 0.567969 0.444444 0.037500 0.172222 1.000000
0 47 0.563672 0.443750 0.049219 0.168056 1.000000
0 48 0.564844 0.442361 0.051562 0.165278 1.000000
0 49 0.563281 0.438889 0.059375 0.158333 1.000000
0 50 0.564063 0.438889 0.057813 0.158333 1.000000
0 51 0.565625 0.440278 0.057813 0.158333 1.000000
0 52 0.567578 0.438889 0.052344 0.158333 1.000000
0 53 0.567969 0.438194 0.045312 0.168056 1.000000
0 54 0.569141 0.434722 0.039844 0.172222 1.000000
0 55 0.566797 0.432639 0.030469 0.173611 1.000000
0 56 0.566016 0.431944 0.032031 0.177778 1.000000
0 57 0.566406 0.431944 0.031250 0.177778 1.000000
0 58 0.558594 0.432639 0.043750 0.179167 1.000000
0 59 0.556250 0.432639 0.048438 0.176389 1.000000
0 60 0.557031 0.432639 0.053125 0.176389 1.000000
0 61 0.557813 0.435417 0.056250 0.173611 1.000000
0 62 0.557031 0.435417 0.060937 0.173611 1.000000
0 63 0.558984 0.435417 0.058594 0.173611 1.000000
0 64 0.555859 0.431944 0.057031 0.172222 1.000000
0 65 0.557422 0.431944 0.041406 0.180556 1.000000
0 66 0.552734 0.431250 0.032031 0.184722 1.000000
0 67 0.550781 0.431250 0.028125 0.187500 1.000000
0 68 0.550000 0.429861 0.028125 0.187500 1.000000
0 69 0.547656 0.427778 0.031250 0.191667 1.000000
0 70 0.545312 0.427083 0.042188 0.190278 1.000000
0 71 0.547656 0.427083 0.043750 0.190278 1.000000
0 72 0.546484 0.427083 0.050781 0.190278 1.000000
0 73 0.548828 0.427083 0.050781 0.190278 1.000000
0 74 0.549609 0.427083 0.049219 0.190278 1.000000
0 75 0.550391 0.427778 0.050781 0.188889 1.000000
0 76 0.550391 0.424306 0.052344 0.195833 1.000000
0 77 0.550000 0.422222 0.051562 0.200000 1.000000
0 78 0.550000 0.420833 0.048438 0.197222 1.000000
0 79 0.551562 0.420833 0.048438 0.197222 1.000000
0 80 0.548438 0.417361 0.045312 0.195833 1.000000
0 81 0.543359 0.416667 0.050781 0.194444 1.000000
0 82 0.539844 0.415972 0.053125 0.193056 1.000000
0 83 0.536328 0.415972 0.058594 0.193056 1.000000
0 84 0.535156 0.417361 0.064062 0.190278 1.000000
0 85 0.533594 0.418056 0.067187 0.188889 1.000000
0 86 0.534766 0.418750 0.067969 0.187500 1.000000
0 87 0.534375 0.419444 0.065625 0.186111 1.000000
0 88 0.533594 0.419444 0.064062 0.186111 1.000000
0 89 0.532031 0.419444 0.060937 0.186111 1.000000
0 90 0.529297 0.419444 0.055469 0.186111 1.000000
0 91 0.525781 0.420833 0.048438 0.188889 1.000000
0 92 0.521484 0.422222 0.039844 0.191667 1.000000
0 93 0.519922 0.420833 0.038281 0.194444 1.000000
0 94 0.519141 0.420139 0.039844 0.193056 1.000000
0 95 0.514453 0.420139 0.049219 0.193056 1.000000
0 96 0.514062 0.421528 0.056250 0.195833 1.000000
0 97 0.512891 0.422917 0.060156 0.198611 1.000000
0 98 0.512109 0.422917 0.060156 0.198611 1.000000
0 99 0.512109 0.424306 0.058594 0.198611 1.000000
0 100 0.512109 0.427083 0.058594 0.198611 1.000000
0 101 0.513281 0.429167 0.056250 0.197222 1.000000
0 102 0.513281 0.429861 0.051562 0.198611 1.000000
0 103 0.513281 0.432639 0.051562 0.198611 1.000000
0 104 0.511719 0.435417 0.048438 0.198611 1.000000
0 105 0.510547 0.438194 0.047656 0.198611 1.000000
0 106 0.506641 0.440972 0.044531 0.198611 1.000000
0 107 0.505469 0.443750 0.042188 0.198611 1.000000
0 108 0.502344 0.446528 0.040625 0.198611 1.000000
0 109 0.500000 0.446528 0.039062 0.201389 1.000000
0 110 0.498047 0.447917 0.039844 0.198611 1.000000
0 111 0.494531 0.450694 0.043750 0.198611 1.000000
0 112 0.491797 0.450694 0.046094 0.198611 1.000000
0 113 0.488672 0.451389 0.049219 0.197222 1.000000
0 114 0.485547 0.451389 0.050781 0.197222 1.000000
0 115 0.482031 0.451389 0.054688 0.197222 1.000000
0 116 0.481250 0.452083 0.056250 0.195833 1.000000
0 117 0.478906 0.452778 0.057813 0.194444 1.000000
0 118 0.478125 0.453472 0.062500 0.193056 1.000000
0 119 0.476953 0.453472 0.061719 0.193056 1.000000
0 120 0.475781 0.454861 0.064062 0.193056 1.000000
0 121 0.475000 0.455556 0.062500 0.194444 1.000000
0 122 0.471875 0.455556 0.059375 0.194444 1.000000
0 123 0.471094 0.455556 0.054688 0.194444 1.000000
0 124 0.469531 0.455556 0.054688 0.194444 1.000000
0 125 0.468359 0.456944 0.053906 0.197222 1.000000
0 126 0.468750 0.456944 0.053125 0.197222 1.000000
0 127 0.468750 0.458333 0.053125 0.194444 1.000000
0 128 0.468750 0.458333 0.053125 0.194444 1.000000
0 129 0.467187 0.459028 0.056250 0.195833 1.000000
0 130 0.466406 0.459028 0.057813 0.195833 1.000000
0 131 0.465625 0.459028 0.056250 0.195833 1.000000
0 132 0.463281 0.459722 0.054688 0.197222 1.000000
0 133 0.461719 0.461806 0.051562 0.195833 1.000000
0 134 0.459766 0.461806 0.055469 0.195833 1.000000
0 135 0.454688 0.461806 0.056250 0.195833 1.000000
0 136 0.447266 0.461806 0.055469 0.195833 1.000000
0 137 0.442969 0.462500 0.056250 0.194444 1.000000
0 138 0.441797 0.463889 0.058594 0.191667 1.000000
0 139 0.439844 0.464583 0.062500 0.190278 1.000000
0 140 0.438672 0.464583 0.064844 0.190278 1.000000
0 141 0.438281 0.465278 0.064062 0.191667 1.000000
0 142 0.435937 0.466667 0.059375 0.188889 1.000000
0 143 0.437109 0.466667 0.061719 0.188889 1.000000
0 144 0.435937 0.466667 0.059375 0.188889 1.000000
0 145 0.434375 0.466667 0.056250 0.188889 1.000000
0 146 0.433984 0.466667 0.055469 0.188889 1.000000
0 147 0.429688 0.466667 0.051562 0.188889 1.000000
0 148 0.425391 0.465278 0.049219 0.191667 1.000000
0 149 0.424219 0.464583 0.051562 0.193056 1.000000
0 150 0.425000 0.465278 0.057813 0.191667 1.000000
0 151 0.425000 0.465278 0.060937 0.191667 1.000000
0 152 0.423828 0.466667 0.063281 0.194444 1.000000
0 153 0.423828 0.466667 0.063281 0.194444 1.000000
0 154 0.423438 0.466667 0.064062 0.194444 1.000000
0 155 0.422266 0.467361 0.063281 0.195833 1.000000
0 156 0.422266 0.468056 0.063281 0.194444 1.000000
0 157 0.422266 0.468750 0.063281 0.195833 1.000000
0 158 0.422266 0.469444 0.061719 0.197222 1.000000
0 159 0.418359 0.469444 0.050781 0.197222 1.000000
0 160 0.419922 0.469444 0.052344 0.197222 1.000000
0 161 0.419531 0.468750 0.053125 0.195833 1.000000
0 162 0.419922 0.467361 0.052344 0.195833 1.000000
0 163 0.418359 0.465972 0.052344 0.193056 1.000000
0 164 0.418359 0.463194 0.052344 0.193056 1.000000
0 165 0.416797 0.461806 0.049219 0.190278 1.000000
0 166 0.416016 0.461806 0.046094 0.190278 1.000000
0 167 0.414844 0.461806 0.046875 0.190278 1.000000
0 168 0.413672 0.462500 0.052344 0.186111 1.000000
0 169 0.414062 0.463194 0.060937 0.173611 1.000000
0 170 0.416016 0.463194 0.066406 0.165278 1.000000
0 171 0.416797 0.465972 0.067969 0.159722 1.000000
0 172 0.416406 0.468056 0.064062 0.158333 1.000000
0 173 0.415234 0.469444 0.058594 0.163889 1.000000
0 174 0.417969 0.470833 0.065625 0.163889 1.000000
0 175 0.420312 0.471528 0.068750 0.159722 1.000000
0 176 0.423047 0.470139 0.074219 0.168056 1.000000
0 177 0.430469 0.474306 0.079687 0.165278 1.000000
0 178 0.437109 0.474306 0.077344 0.165278 1.000000
0 179 0.443359 0.475694 0.069531 0.162500 1.000000
0 180 0.444531 0.475694 0.075000 0.162500 1.000000
0 181 0.457422 0.473611 0.061719 0.158333 1.000000
0 182 0.473047 0.475694 0.094531 0.162500 1.000000
0 183 0.473047 0.475694 0.094531 0.162500 1.000000
0 184 0.477344 0.475694 0.096875 0.170833 1.000000
0 185 0.478125 0.475694 0.095312 0.170833 1.000000
0 186 0.479687 0.475694 0.067187 0.170833 1.000000
0 187 0.487500 0.475694 0.060937 0.170833 1.000000
0 188 0.494141 0.475000 0.057031 0.172222 1.000000
0 189 0.500391 0.472222 0.060156 0.172222 1.000000
0 190 0.502344 0.472917 0.068750 0.168056 1.000000
0 191 0.508594 0.467361 0.078125 0.173611 1.000000
0 192 0.514844 0.467361 0.079687 0.173611 1.000000
0 193 0.518359 0.465972 0.069531 0.170833 1.000000
0 194 0.525391 0.463889 0.074219 0.169444 1.000000
0 195 0.535937 0.462500 0.064062 0.172222 1.000000
0 196 0.553125 0.449306 0.048438 0.145833 1.000000
0 197 0.555469 0.448611 0.056250 0.150000 1.000000
0 198 0.556250 0.450000 0.068750 0.158333 1.000000
0 199 0.557031 0.449306 0.073438 0.173611 1.000000
0 200 0.560937 0.451389 0.078125 0.177778 1.000000
0 201 0.566797 0.451389 0.069531 0.172222 1.000000
0 202 0.578906 0.450000 0.067187 0.169444 1.000000
0 203 0.586719 0.452083 0.051562 0.170833 1.000000
0 204 0.596484 0.449306 0.055469 0.165278 1.000000
0 205 0.598828 0.446528 0.066406 0.170833 1.000000
0 206 0.598828 0.440972 0.066406 0.181944 1.000000
0 207 0.607812 0.435417 0.082812 0.181944 1.000000
0 208 0.613672 0.429167 0.078906 0.169444 1.000000
0 209 0.619922 0.434722 0.069531 0.180556 1.000000
0 210 0.630469 0.431250 0.059375 0.176389 1.000000
0 211 0.650000 0.432639 0.051562 0.173611 1.000000
0 212 0.651172 0.433333 0.061719 0.163889 1.000000
0 213 0.649219 0.430556 0.060937 0.163889 1.000000
0 214 0.656250 0.428472 0.075000 0.165278 1.000000
0 215 0.661719 0.427083 0.085938 0.162500 1.000000
0 216 0.668750 0.429861 0.087500 0.173611 1.000000
0 217 0.670312 0.425694 0.060937 0.170833 1.000000
0 218 0.688281 0.422917 0.050000 0.170833 1.000000
0 219 0.685156 0.418056 0.053125 0.166667 1.000000
0 220 0.682813 0.415278 0.060937 0.166667 1.000000
0 221 0.681641 0.411111 0.075781 0.169444 1.000000
0 222 0.687109 0.398611 0.083594 0.175000 1.000000
0 223 0.692187 0.397222 0.085938 0.177778 1.000000
0 224 0.692969 0.401389 0.075000 0.186111 1.000000
0 225 0.711328 0.398611 0.047656 0.186111 1.000000
0 226 0.712891 0.393750 0.058594 0.181944 1.000000
0 227 0.710156 0.390972 0.071875 0.181944 1.000000
0 228 0.706641 0.386111 0.080469 0.186111 1.000000
0 229 0.703906 0.382639 0.082812 0.179167 1.000000
0 230 0.706250 0.381944 0.085938 0.180556 1.000000
0 231 0.706250 0.387500 0.075000 0.180556 1.000000
0 232 0.714063 0.385417 0.065625 0.181944 1.000000
0 233 0.723828 0.386111 0.049219 0.175000 1.000000
0 234 0.715234 0.377083 0.057031 0.179167 1.000000
0 235 0.714844 0.369444 0.071875 0.186111 1.000000
0 236 0.711719 0.370139 0.081250 0.193056 1.000000
0 237 0.708984 0.363194 0.083594 0.184722 1.000000
0 238 0.708203 0.364583 0.085156 0.193056 1.000000
0 239 0.709375 0.367361 0.082812 0.193056 1.000000
0 240 0.707812 0.364583 0.070312 0.187500 1.000000
0 241 0.710156 0.364583 0.064062 0.187500 1.000000
0 242 0.709766 0.361806 0.061719 0.187500 1.000000
0 243 0.703906 0.359028 0.073438 0.187500 1.000000
0 244 0.696094 0.354861 0.081250 0.184722 1.000000
0 245 0.686719 0.350694 0.076563 0.193056 1.000000
0 246 0.685156 0.350000 0.081250 0.191667 1.000000
0 247 0.682031 0.355556 0.078125 0.194444 1.000000
0 248 0.678125 0.358333 0.065625 0.188889 1.000000
0 249 0.672266 0.361111 0.046094 0.188889 1.000000
0 250 0.678125 0.358333 0.043750 0.186111 1.000000
0 251 0.674609 0.356944 0.050781 0.191667 1.000000
0 252 0.667969 0.353472 0.062500 0.190278 1.000000
0 253 0.664062 0.347222 0.060937 0.188889 1.000000
0 254 0.666016 0.345833 0.074219 0.186111 1.000000
0 255 0.666797 0.348611 0.078906 0.186111 1.000000
0 256 0.667578 0.354167 0.074219 0.191667 1.000000
0 257 0.666406 0.356944 0.065625 0.188889 1.000000
0 258 0.663281 0.357639 0.048438 0.187500 1.000000
0 259 0.667969 0.357639 0.043750 0.187500 1.000000
0 260 0.664844 0.355556 0.037500 0.191667 1.000000
0 261 0.659766 0.353472 0.049219 0.195833 1.000000
0 262 0.656641 0.351389 0.052344 0.194444 1.000000
0 263 0.659375 0.352083 0.064062 0.195833 1.000000
0 264 0.662109 0.353472 0.069531 0.193056 1.000000
0 265 0.664062 0.355556 0.067187 0.188889 1.000000
0 266 0.664844 0.356250 0.054688 0.187500 1.000000
0 267 0.665625 0.357639 0.040625 0.184722 1.000000
0 268 0.670703 0.358333 0.033594 0.188889 1.000000
0 269 0.671875 0.356250 0.031250 0.187500 1.000000
0 270 0.675391 0.353472 0.041406 0.190278 1.000000
0 271 0.676172 0.350694 0.047656 0.193056 1.000000
0 272 0.685547 0.347222 0.061719 0.197222 1.000000
0 273 0.688672 0.340278 0.060156 0.180556 1.000000
0 274 0.692187 0.343056 0.056250 0.180556 1.000000
0 275 0.694922 0.344444 0.047656 0.175000 1.000000
0 276 0.698047 0.343750 0.036719 0.173611 1.000000
0 277 0.706250 0.338889 0.034375 0.183333 1.000000
0 278 0.709375 0.337500 0.037500 0.186111 1.000000
0 279 0.708984 0.334722 0.041406 0.186111 1.000000
0 280 0.712109 0.332639 0.049219 0.190278 1.000000
0 281 0.718359 0.328472 0.061719 0.184722 1.000000
0 282 0.717969 0.327083 0.054688 0.181944 1.000000
0 283 0.723047 0.324306 0.053906 0.179167 1.000000
0 284 0.726953 0.328472 0.046094 0.170833 1.000000
0 285 0.741016 0.330556 0.057031 0.166667 1.000000
0 286 0.750000 0.330556 0.037500 0.166667 1.000000
0 287 0.752344 0.328472 0.039062 0.170833 1.000000
0 288 0.756250 0.325694 0.043750 0.176389 1.000000
0 289 0.763672 0.324306 0.042969 0.179167 1.000000
0 290 0.770703 0.324306 0.050781 0.179167 1.000000
0 291 0.778516 0.316667 0.057031 0.177778 1.000000
0 292 0.783203 0.318056 0.060156 0.177778 1.000000
0 293 0.787109 0.320139 0.052344 0.173611 1.000000
0 294 0.794531 0.320833 0.046875 0.172222 1.000000
0 295 0.804688 0.320833 0.037500 0.172222 1.000000
0 296 0.809766 0.320139 0.033594 0.184722 1.000000
0 297 0.812891 0.320139 0.036719 0.184722 1.000000
0 298 0.816016 0.321528 0.036719 0.181944 1.000000
0 299 0.822656 0.320139 0.043750 0.179167 1.000000
0 300 0.825000 0.320139 0.043750 0.179167 1.000000
0 301 0.825781 0.320139 0.039062 0.179167 1.000000
0 302 0.829297 0.320139 0.041406 0.179167 1.000000
0 303 0.831641 0.320139 0.039844 0.179167 1.000000
0 304 0.832031 0.318056 0.039062 0.183333 1.000000
0 305 0.834766 0.318056 0.042969 0.183333 1.000000
0 306 0.833984 0.318056 0.041406 0.183333 1.000000
0 307 0.832422 0.316667 0.038281 0.180556 1.000000
0 308 0.829688 0.315278 0.037500 0.177778 1.000000
0 309 0.828516 0.311806 0.035156 0.176389 1.000000
0 310 0.829688 0.309028 0.031250 0.176389 1.000000
0 311 0.829297 0.304861 0.030469 0.173611 1.000000
0 312 0.828125 0.300694 0.031250 0.176389 1.000000
0 313 0.826562 0.299306 0.031250 0.173611 1.000000
0 314 0.823438 0.299306 0.031250 0.173611 1.000000
0 315 0.821094 0.297917 0.034375 0.170833 1.000000
0 316 0.819141 0.295833 0.038281 0.166667 1.000000
0 317 0.816016 0.296528 0.041406 0.162500 1.000000
0 318 0.811328 0.295139 0.041406 0.165278 1.000000
0 319 0.806641 0.293750 0.041406 0.168056 1.000000
0 320 0.802344 0.293750 0.042188 0.168056 1.000000
0 321 0.796484 0.289583 0.044531 0.168056 1.000000
0 322 0.791406 0.289583 0.043750 0.168056 1.000000
0 323 0.785156 0.290972 0.046875 0.168056 1.000000
0 324 0.779687 0.295139 0.045312 0.156944 1.000000
0 325 0.775391 0.297917 0.046094 0.151389 1.000000
0 326 0.772266 0.298611 0.042969 0.150000 1.000000
0 327 0.766797 0.297917 0.039844 0.151389 1.000000
0 328 0.764062 0.297917 0.035937 0.151389 1.000000
0 329 0.760547 0.297222 0.030469 0.152778 1.000000
0 330 0.756250 0.295833 0.029687 0.152778 1.000000
0 331 0.752734 0.295833 0.028906 0.152778 1.000000
0 332 0.748828 0.295833 0.030469 0.152778 1.000000
0 333 0.744922 0.295833 0.032031 0.152778 1.000000
0 334 0.742578 0.297222 0.033594 0.150000 1.000000
0 335 0.741016 0.302083 0.038281 0.154167 1.000000
0 336 0.739062 0.306250 0.037500 0.156944 1.000000
0 337 0.736328 0.306250 0.035156 0.156944 1.000000
0 338 0.734375 0.310417 0.035937 0.159722 1.000000
0 339 0.730859 0.309722 0.039844 0.155556 1.000000
0 340 0.730078 0.312500 0.038281 0.155556 1.000000
0 341 0.729297 0.311806 0.036719 0.162500 1.000000
0 342 0.730859 0.313889 0.033594 0.163889 1.000000
0 343 0.729297 0.315972 0.033594 0.168056 1.000000
0 344 0.726562 0.318750 0.035937 0.168056 1.000000
0 345 0.724219 0.326389 0.037500 0.169444 1.000000
0 346 0.720703 0.334028 0.038281 0.181944 1.000000
0 347 0.718359 0.344444 0.039844 0.186111 1.000000
0 348 0.717578 0.351389 0.038281 0.180556 1.000000
0 349 0.718359 0.357639 0.038281 0.179167 1.000000
0 350 0.719141 0.359028 0.039844 0.170833 1.000000
0 351 0.719922 0.362500 0.038281 0.172222 1.000000
0 352 0.719531 0.362500 0.035937 0.186111 1.000000
0 353 0.718359 0.362500 0.032031 0.194444 1.000000
0 354 0.718750 0.361806 0.029687 0.198611 1.000000
0 355 0.718750 0.363889 0.028125 0.197222 1.000000
0 356 0.719531 0.368056 0.026562 0.194444 1.000000
0 357 0.719141 0.372917 0.027344 0.190278 1.000000
0 358 0.719141 0.377083 0.027344 0.190278 1.000000
0 359 0.718750 0.378472 0.026562 0.193056 1.000000
0 360 0.720703 0.394444 0.030469 0.205556 1.000000
0 361 0.721094 0.402778 0.031250 0.202778 1.000000
0 362 0.719141 0.409722 0.027344 0.197222 1.000000
0 363 0.719922 0.415278 0.028906 0.188889 1.000000
0 364 0.720703 0.420139 0.035156 0.170833 1.000000
0 365 0.720313 0.430556 0.037500 0.166667 1.000000
0 366 0.719141 0.436806 0.035156 0.156944 1.000000
0 367 0.721484 0.453472 0.039844 0.173611 1.000000
0 368 0.722266 0.450000 0.041406 0.155556 1.000000
0 369 0.720703 0.450000 0.038281 0.158333 1.000000
0 370 0.720313 0.447917 0.037500 0.159722 1.000000
0 371 0.719922 0.447917 0.036719 0.168056 1.000000
0 372 0.715234 0.447222 0.042969 0.175000 1.000000
0 373 0.716406 0.444444 0.040625 0.180556 1.000000
0 374 0.715625 0.443750 0.042188 0.181944 1.000000
0 375 0.714063 0.445139 0.040625 0.181944 1.000000
0 376 0.716016 0.447222 0.047656 0.180556 1.000000
0 377 0.717578 0.447222 0.050781 0.180556 1.000000
0 378 0.717969 0.450694 0.054688 0.170833 1.000000
0 379 0.716406 0.456944 0.054688 0.172222 1.000000
0 380 0.714844 0.461111 0.054688 0.172222 1.000000
0 381 0.711719 0.465278 0.057813 0.166667 1.000000
0 382 0.711719 0.465278 0.057813 0.172222 1.000000
0 383 0.710156 0.465278 0.054688 0.169444 1.000000
0 384 0.707422 0.465972 0.060156 0.173611 1.000000
0 385 0.700000 0.462500 0.065625 0.172222 1.000000
0 386 0.697266 0.465278 0.055469 0.175000 1.000000
0 387 0.689844 0.465972 0.046875 0.179167 1.000000
0 388 0.686328 0.463194 0.042969 0.179167 1.000000
0 389 0.684766 0.460417 0.046094 0.179167 1.000000
0 390 0.679297 0.460417 0.038281 0.179167 1.000000
0 391 0.678906 0.460417 0.042188 0.179167 1.000000
0 392 0.678906 0.460417 0.043750 0.179167 1.000000
0 393 0.671875 0.461111 0.045312 0.175000 1.000000
0 394 0.668750 0.465278 0.046875 0.175000 1.000000
0 395 0.668750 0.466667 0.045312 0.175000 1.000000
0 396 0.667578 0.463889 0.052344 0.175000 1.000000
0 397 0.664844 0.463889 0.057813 0.175000 1.000000
0 398 0.660547 0.463889 0.066406 0.175000 1.000000
0 399 0.649609 0.463889 0.060156 0.175000 1.000000
0 400 0.650391 0.463889 0.064844 0.175000 1.000000
0 401 0.641797 0.465278 0.063281 0.177778 1.000000
0 402 0.640234 0.464583 0.060156 0.176389 1.000000
0 403 0.642188 0.465278 0.060937 0.186111 1.000000
0 404 0.634375 0.465278 0.045312 0.186111 1.000000
0 405 0.633984 0.462500 0.044531 0.186111 1.000000
0 406 0.632422 0.462500 0.047656 0.186111 1.000000
0 407 0.625391 0.459722 0.060156 0.188889 1.000000
0 408 0.621484 0.459028 0.060156 0.187500 1.000000
0 409 0.621484 0.459722 0.060156 0.186111 1.000000
0 410 0.616797 0.459722 0.050781 0.186111 1.000000
0 411 0.610938 0.459722 0.046875 0.186111 1.000000
0 412 0.605469 0.458333 0.039062 0.194444 1.000000
0 413 0.599609 0.467361 0.030469 0.212500 1.000000
0 414 0.596094 0.458333 0.031250 0.194444 1.000000
0 415 0.589453 0.461111 0.038281 0.191667 1.000000
0 416 0.586719 0.461111 0.035937 0.188889 1.000000
0 417 0.580859 0.465278 0.039844 0.186111 1.000000
0 418 0.576172 0.465972 0.032031 0.181944 1.000000
0 419 0.573047 0.470139 0.032031 0.173611 1.000000
0 420 0.567578 0.475694 0.038281 0.162500 1.000000
0 421 0.562500 0.480556 0.043750 0.166667 1.000000
0 422 0.560547 0.480556 0.047656 0.166667 1.000000
0 423 0.560156 0.480556 0.046875 0.166667 1.000000
0 424 0.557422 0.479167 0.047656 0.169444 1.000000
0 425 0.555078 0.481250 0.046094 0.173611 1.000000
0 426 0.552734 0.478472 0.044531 0.179167 1.000000
0 427 0.551562 0.475694 0.040625 0.184722 1.000000
0 428 0.548828 0.471528 0.033594 0.184722 1.000000
0 429 0.545703 0.471528 0.033594 0.184722 1.000000
0 430 0.542578 0.466667 0.033594 0.194444 1.000000
0 431 0.540625 0.468056 0.031250 0.202778 1.000000
0 432 0.535156 0.471528 0.040625 0.209722 1.000000
0 433 0.533203 0.473611 0.050781 0.208333 1.000000
0 434 0.528906 0.475000 0.059375 0.205556 1.000000
0 435 0.527734 0.475000 0.067969 0.205556 1.000000
0 436 0.526563 0.476389 0.070312 0.202778 1.000000
0 437 0.526563 0.477778 0.070312 0.200000 1.000000
0 438 0.524219 0.479861 0.075000 0.195833 1.000000
0 439 0.524219 0.479167 0.075000 0.197222 1.000000
0 440 0.519922 0.481250 0.066406 0.193056 1.000000
0 441 0.517578 0.481250 0.061719 0.193056 1.000000
0 442 0.514062 0.479861 0.054688 0.190278 1.000000
0 443 0.512500 0.479861 0.043750 0.190278 1.000000
0 444 0.508984 0.479861 0.038281 0.190278 1.000000
0 445 0.506250 0.478472 0.032813 0.193056 1.000000
0 446 0.502344 0.476389 0.031250 0.205556 1.000000
0 447 0.502344 0.475000 0.031250 0.208333 1.000000
0 448 0.501953 0.474306 0.033594 0.209722 1.000000
0 449 0.498828 0.474306 0.036719 0.209722 1.000000
0 450 0.499219 0.472917 0.032813 0.209722 1.000000
0 451 0.498828 0.468056 0.035156 0.208333 1.000000
0 452 0.498437 0.466667 0.037500 0.205556 1.000000
0 453 0.497656 0.465278 0.035937 0.202778 1.000000
0 454 0.496484 0.461806 0.035156 0.204167 1.000000
0 455 0.495312 0.459028 0.034375 0.198611 1.000000
0 456 0.493750 0.459028 0.034375 0.198611 1.000000
0 457 0.492188 0.458333 0.034375 0.200000 1.000000
0 458 0.490625 0.457639 0.034375 0.198611 1.000000
0 459 0.489453 0.459722 0.035156 0.191667 1.000000
0 460 0.487109 0.459028 0.036719 0.193056 1.000000
0 461 0.485156 0.459028 0.039062 0.193056 1.000000
0 462 0.483594 0.459028 0.042188 0.193056 1.000000
0 463 0.481641 0.459722 0.044531 0.191667 1.000000
0 464 0.477344 0.460417 0.043750 0.190278 1.000000
0 465 0.473438 0.459028 0.040625 0.187500 1.000000
0 466 0.467187 0.461806 0.039062 0.187500 1.000000
0 467 0.461719 0.460417 0.035937 0.193056 1.000000
0 468 0.455469 0.461806 0.028125 0.195833 1.000000
0 469 0.450781 0.465278 0.029687 0.194444 1.000000
0 470 0.447656 0.469444 0.029687 0.191667 1.000000
0 471 0.441797 0.472222 0.035156 0.191667 1.000000
0 472 0.438281 0.475000 0.035937 0.191667 1.000000
0 473 0.431250 0.475000 0.042188 0.191667 1.000000
0 474 0.426563 0.479167 0.045312 0.191667 1.000000
0 475 0.425000 0.481944 0.046875 0.191667 1.000000
0 476 0.421875 0.484028 0.045312 0.190278 1.000000
0 477 0.419531 0.486806 0.043750 0.190278 1.000000
0 478 0.416406 0.486806 0.040625 0.190278 1.000000
0 479 0.409766 0.487500 0.035156 0.191667 1.000000
0 480 0.405469 0.487500 0.034375 0.191667 1.000000
0 481 0.401953 0.488194 0.033594 0.190278 1.000000
0 482 0.397266 0.488194 0.032031 0.195833 1.000000
0 483 0.391016 0.489583 0.033594 0.193056 1.000000
0 484 0.385547 0.490972 0.041406 0.195833 1.000000
0 485 0.376172 0.493750 0.053906 0.193056 1.000000
0 486 0.373828 0.494444 0.055469 0.194444 1.000000
0 487 0.370312 0.495833 0.059375 0.197222 1.000000
0 488 0.368750 0.495833 0.059375 0.197222 1.000000
0 489 0.367188 0.495833 0.059375 0.197222 1.000000
0 490 0.365625 0.497917 0.059375 0.195833 1.000000
0 491 0.362500 0.497222 0.056250 0.197222 1.000000
0 492 0.359766 0.498611 0.049219 0.197222 1.000000
0 493 0.355078 0.499306 0.042969 0.198611 1.000000
0 494 0.351172 0.498611 0.038281 0.200000 1.000000
0 495 0.348828 0.499306 0.035156 0.201389 1.000000
0 496 0.346484 0.498611 0.032031 0.200000 1.000000
0 497 0.345703 0.500694 0.032031 0.204167 1.000000
0 498 0.344922 0.500694 0.033594 0.204167 1.000000
0 499 0.344922 0.500694 0.033594 0.204167 1.000000
0 500 0.344141 0.500000 0.032031 0.205556 1.000000
