0 1 0.432552 0.456478 0.041146 0.196356 1.000000
0 2 0.433073 0.456478 0.041146 0.196356 1.000000
0 3 0.433073 0.455972 0.041146 0.197368 1.000000
0 4 0.433073 0.456984 0.041146 0.197368 1.000000
0 5 0.432812 0.456984 0.040625 0.197368 1.000000
0 6 0.432552 0.455972 0.040104 0.197368 1.000000
0 7 0.432292 0.456478 0.039583 0.198381 1.000000
0 8 0.431250 0.455972 0.038542 0.197368 1.000000
0 9 0.430729 0.455466 0.037500 0.198381 1.000000
0 10 0.430729 0.455466 0.037500 0.198381 1.000000
0 11 0.430208 0.455972 0.037500 0.199393 1.000000
0 12 0.430208 0.455972 0.037500 0.199393 1.000000
0 13 0.429948 0.455466 0.036979 0.200405 1.000000
0 14 0.429688 0.455466 0.036458 0.198381 1.000000
0 15 0.429688 0.453947 0.036458 0.197368 1.000000
0 16 0.430469 0.453947 0.035937 0.195344 1.000000
0 17 0.430208 0.453947 0.035417 0.195344 1.000000
0 18 0.430990 0.453947 0.035937 0.195344 1.000000
0 19 0.432031 0.458502 0.035937 0.190283 1.000000
0 20 0.432292 0.463563 0.035417 0.190283 1.000000
0 21 0.432292 0.468117 0.035417 0.187247 1.000000
0 22 0.432812 0.469130 0.035417 0.183198 1.000000
0 23 0.433333 0.470142 0.035417 0.181174 1.000000
0 24 0.435417 0.470142 0.035417 0.181174 1.000000
0 25 0.437240 0.471660 0.036979 0.180162 1.000000
0 26 0.437240 0.474190 0.038021 0.181174 1.000000
0 27 0.435937 0.477227 0.039583 0.185223 1.000000
0 28 0.434635 0.480263 0.039062 0.187247 1.000000
0 29 0.433073 0.482794 0.042188 0.188259 1.000000
0 30 0.432552 0.489879 0.049479 0.192308 1.000000
0 31 0.437240 0.491397 0.049479 0.189271 1.000000
0 32 0.440104 0.492409 0.054167 0.187247 1.000000
0 33 0.440104 0.491903 0.054167 0.188259 1.000000
0 34 0.441927 0.490385 0.048438 0.189271 1.000000
0 35 0.445833 0.480769 0.041667 0.232794 1.000000
0 36 0.448698 0.470648 0.045312 0.253036 1.000000
0 37 0.449740 0.466093 0.042188 0.262146 1.000000
0 38 0.448177 0.461538 0.038021 0.271255 1.000000
0 39 0.446875 0.461032 0.039583 0.272267 1.000000
0 40 0.447135 0.461032 0.040104 0.274291 1.000000
0 41 0.448437 0.460526 0.041667 0.273279 1.000000
0 42 0.450260 0.460526 0.045312 0.273279 1.000000
0 43 0.452344 0.461538 0.050521 0.273279 1.000000
0 44 0.455729 0.466093 0.057292 0.264170 1.000000
0 45 0.466927 0.484818 0.073438 0.236842 1.000000
0 46 0.469792 0.497470 0.075000 0.215587 1.000000
0 47 0.469531 0.508097 0.073438 0.194332 1.000000
0 48 0.474740 0.513664 0.083854 0.183198 1.000000
0 49 0.471875 0.517206 0.078125 0.176113 1.000000
0 50 0.464583 0.520243 0.080208 0.170040 1.000000
0 51 0.465625 0.517713 0.081250 0.171053 1.000000
0 52 0.464844 0.516194 0.081771 0.176113 1.000000
0 53 0.465625 0.513664 0.083333 0.181174 1.000000
0 54 0.464844 0.510121 0.084896 0.186235 1.000000
0 55 0.470833 0.506073 0.085417 0.194332 1.000000
0 56 0.474479 0.506579 0.092708 0.201417 1.000000
0 57 0.474479 0.506073 0.092708 0.202429 1.000000
0 58 0.473958 0.501012 0.089583 0.206478 1.000000
0 59 0.472656 0.499494 0.086979 0.209514 1.000000
0 60 0.472135 0.499494 0.085938 0.209514 1.000000
0 61 0.468490 0.500506 0.078646 0.201417 1.000000
0 62 0.466146 0.500506 0.073958 0.201417 1.000000
0 63 0.465625 0.500506 0.072917 0.201417 1.000000
0 64 0.465625 0.500506 0.069792 0.201417 1.000000
0 65 0.465885 0.498482 0.067187 0.195344 1.000000
0 66 0.460677 0.501518 0.098437 0.193320 1.000000
0 67 0.462500 0.502530 0.102083 0.191296 1.000000
0 68 0.465885 0.503036 0.092188 0.190283 1.000000
0 69 0.464583 0.504555 0.071875 0.189271 1.000000
0 70 0.459635 0.504049 0.050521 0.188259 1.000000
0 71 0.441667 0.505567 0.053125 0.187247 1.000000
0 72 0.440104 0.505061 0.055208 0.186235 1.000000
0 73 0.439323 0.505567 0.055729 0.187247 1.000000
0 74 0.440625 0.505061 0.054167 0.186235 1.000000
0 75 0.443750 0.506073 0.055208 0.192308 1.000000
0 76 0.449219 0.504555 0.054688 0.201417 1.000000
0 77 0.444010 0.503543 0.061979 0.203441 1.000000
0 78 0.444531 0.502530 0.076563 0.205466 1.000000
0 79 0.450260 0.502530 0.084896 0.207490 1.000000
0 80 0.456771 0.500000 0.085417 0.210526 1.000000
0 81 0.459375 0.490891 0.069792 0.228745 1.000000
0 82 0.453646 0.479251 0.058333 0.239879 1.000000
0 83 0.445052 0.472166 0.042188 0.250000 1.000000
0 84 0.439583 0.467611 0.033333 0.259109 1.000000
0 85 0.434896 0.465081 0.036458 0.264170 1.000000
0 86 0.425000 0.465587 0.050000 0.263158 1.000000
0 87 0.425260 0.472166 0.064062 0.268219 1.000000
0 88 0.426823 0.475709 0.077604 0.259109 1.000000
0 89 0.425781 0.483806 0.095312 0.242915 1.000000
0 90 0.427604 0.497976 0.102083 0.214575 1.000000
0 91 0.430208 0.500506 0.093750 0.209514 1.000000
0 92 0.425781 0.506579 0.078646 0.207490 1.000000
0 93 0.420052 0.511134 0.067187 0.200405 1.000000
0 94 0.423698 0.516700 0.074479 0.189271 1.000000
0 95 0.426042 0.526822 0.079167 0.169028 1.000000
0 96 0.425781 0.529858 0.080729 0.164980 1.000000
0 97 0.425260 0.531377 0.086979 0.159919 1.000000
0 98 0.423177 0.540486 0.091146 0.141700 1.000000
0 99 0.419010 0.554150 0.100521 0.114372 1.000000
0 100 0.418750 0.556174 0.100000 0.110324 1.000000
0 101 0.420052 0.557186 0.097396 0.108300 1.000000
0 102 0.422917 0.557186 0.092708 0.108300 1.000000
0 103 0.423438 0.556680 0.091667 0.109312 1.000000
0 104 0.423438 0.556680 0.091667 0.109312 1.000000
0 105 0.423177 0.557186 0.091146 0.108300 1.000000
0 106 0.422917 0.556680 0.091667 0.109312 1.000000
0 107 0.422135 0.556680 0.092188 0.109312 1.000000
0 108 0.420833 0.555162 0.091667 0.112348 1.000000
0 109 0.418229 0.552632 0.088542 0.117409 1.000000
0 110 0.408333 0.550101 0.093750 0.122470 1.000000
0 111 0.400000 0.546559 0.090625 0.127530 1.000000
0 112 0.405208 0.541498 0.077083 0.139676 1.000000
0 113 0.408594 0.539474 0.075521 0.143725 1.000000
0 114 0.409375 0.535931 0.078125 0.148785 1.000000
0 115 0.408073 0.534413 0.082812 0.153846 1.000000
0 116 0.407813 0.533401 0.084375 0.153846 1.000000
0 117 0.402865 0.547065 0.074479 0.128543 1.000000
0 118 0.405469 0.548583 0.078646 0.127530 1.000000
0 119 0.407031 0.551113 0.081771 0.128543 1.000000
0 120 0.403125 0.550101 0.072917 0.130567 1.000000
0 121 0.402865 0.550101 0.072396 0.130567 1.000000
0 122 0.404948 0.547571 0.070312 0.133603 1.000000
0 123 0.406510 0.548077 0.073438 0.134615 1.000000
0 124 0.406771 0.546559 0.072917 0.135628 1.000000
0 125 0.407031 0.545547 0.072396 0.137652 1.000000
0 126 0.406510 0.546559 0.072396 0.135628 1.000000
0 127 0.405208 0.547571 0.071875 0.133603 1.000000
0 128 0.404427 0.557186 0.074479 0.132591 1.000000
0 129 0.403646 0.562247 0.075000 0.130567 1.000000
0 130 0.402604 0.563259 0.072917 0.128543 1.000000
0 131 0.406510 0.565789 0.075521 0.125506 1.000000
0 132 0.409635 0.569332 0.077604 0.116397 1.000000
0 133 0.408073 0.570344 0.074479 0.114372 1.000000
0 134 0.406510 0.570344 0.071354 0.114372 1.000000
0 135 0.405469 0.569332 0.069271 0.116397 1.000000
0 136 0.405990 0.568320 0.069271 0.118421 1.000000
0 137 0.404687 0.554656 0.071875 0.145749 1.000000
0 138 0.401823 0.533907 0.077604 0.164980 1.000000
0 139 0.394010 0.525304 0.094271 0.190283 1.000000
0 140 0.393229 0.524291 0.101042 0.194332 1.000000
0 141 0.393750 0.525810 0.103125 0.201417 1.000000
0 142 0.394531 0.524291 0.104688 0.206478 1.000000
0 143 0.397917 0.524291 0.111458 0.206478 1.000000
0 144 0.396354 0.524291 0.108333 0.206478 1.000000
0 145 0.393490 0.525304 0.103646 0.204453 1.000000
0 146 0.393490 0.525304 0.103646 0.204453 1.000000
0 147 0.392969 0.525304 0.104688 0.204453 1.000000
0 148 0.392708 0.528846 0.106250 0.197368 1.000000
0 149 0.390625 0.533401 0.103125 0.188259 1.000000
0 150 0.391146 0.543016 0.103125 0.171053 1.000000
0 151 0.391927 0.553138 0.101562 0.148785 1.000000
0 152 0.394010 0.569332 0.101562 0.116397 1.000000
0 153 0.392448 0.582490 0.097396 0.090081 1.000000
0 154 0.393490 0.584514 0.103646 0.086032 1.000000
0 155 0.388802 0.584008 0.111979 0.091093 1.000000
0 156 0.390104 0.577935 0.110417 0.103239 1.000000
0 157 0.394271 0.579960 0.102083 0.103239 1.000000
0 158 0.405469 0.576923 0.081771 0.109312 1.000000
0 159 0.401302 0.583502 0.086979 0.098178 1.000000
0 160 0.398958 0.597672 0.091667 0.067814 1.000000
0 161 0.396094 0.594130 0.097396 0.074899 1.000000
0 162 0.392969 0.592611 0.100521 0.077935 1.000000
0 163 0.386458 0.593623 0.102083 0.077935 1.000000
0 164 0.385677 0.593117 0.102604 0.087045 1.000000
0 165 0.388281 0.591093 0.107813 0.091093 1.000000
0 166 0.389844 0.589069 0.109896 0.095142 1.000000
0 167 0.388802 0.588563 0.109896 0.098178 1.000000
0 168 0.381250 0.584008 0.096875 0.107287 1.000000
0 169 0.380469 0.582996 0.099479 0.109312 1.000000
0 170 0.378385 0.584514 0.098437 0.116397 1.000000
0 171 0.373177 0.588563 0.101562 0.126518 1.000000
0 172 0.370573 0.589069 0.095312 0.125506 1.000000
0 173 0.362760 0.588057 0.082812 0.117409 1.000000
0 174 0.362240 0.588057 0.080729 0.115385 1.000000
0 175 0.363542 0.591599 0.084375 0.118421 1.000000
0 176 0.362760 0.593117 0.085938 0.115385 1.000000
0 177 0.361719 0.594636 0.088021 0.114372 1.000000
0 178 0.361198 0.595142 0.085938 0.111336 1.000000
0 179 0.359115 0.594130 0.086979 0.111336 1.000000
0 180 0.356771 0.594130 0.081250 0.113360 1.000000
0 181 0.353906 0.590587 0.074479 0.114372 1.000000
0 182 0.351562 0.587551 0.068750 0.122470 1.000000
0 183 0.349219 0.582996 0.061979 0.133603 1.000000
0 184 0.344792 0.574393 0.055208 0.152834 1.000000
0 185 0.345573 0.569332 0.054688 0.162955 1.000000
0 186 0.345313 0.564777 0.055208 0.170040 1.000000
0 187 0.345313 0.560729 0.055208 0.180162 1.000000
0 188 0.345573 0.556680 0.055729 0.188259 1.000000
0 189 0.345833 0.550101 0.055208 0.199393 1.000000
0 190 0.346615 0.546559 0.056771 0.206478 1.000000
0 191 0.346875 0.543016 0.057292 0.213563 1.000000
0 192 0.348958 0.541498 0.058333 0.216599 1.000000
0 193 0.353125 0.540992 0.055208 0.215587 1.000000
0 194 0.355729 0.543522 0.067708 0.210526 1.000000
0 195 0.358333 0.546559 0.073958 0.204453 1.000000
0 196 0.361198 0.548583 0.078646 0.200405 1.000000
0 197 0.364063 0.551619 0.082292 0.192308 1.000000
0 198 0.365365 0.553644 0.083854 0.188259 1.000000
0 199 0.366406 0.552632 0.083854 0.182186 1.000000
0 200 0.366927 0.556174 0.082812 0.193320 1.000000
0 201 0.366927 0.554656 0.081771 0.192308 1.000000
0 202 0.369531 0.551619 0.077604 0.190283 1.000000
0 203 0.370052 0.549089 0.077604 0.195344 1.000000
0 204 0.383333 0.544534 0.058333 0.196356 1.000000
0 205 0.392708 0.543522 0.047917 0.198381 1.000000
0 206 0.396615 0.541498 0.046354 0.202429 1.000000
0 207 0.403385 0.539980 0.042188 0.205466 1.000000
0 208 0.410417 0.538968 0.045833 0.207490 1.000000
0 209 0.422135 0.537955 0.036979 0.209514 1.000000
0 210 0.425781 0.536943 0.033854 0.207490 1.000000
0 211 0.428125 0.533907 0.033333 0.207490 1.000000
0 212 0.433854 0.530870 0.039583 0.205466 1.000000
0 213 0.437500 0.526822 0.043750 0.205466 1.000000
0 214 0.441927 0.517713 0.047396 0.209514 1.000000
0 215 0.443490 0.518725 0.050521 0.217611 1.000000
0 216 0.444531 0.508603 0.052604 0.203441 1.000000
0 217 0.445312 0.514676 0.053125 0.215587 1.000000
0 218 0.445833 0.513664 0.060417 0.209514 1.000000
0 219 0.446875 0.517713 0.062500 0.203441 1.000000
0 220 0.443750 0.518219 0.057292 0.202429 1.000000
0 221 0.442969 0.517713 0.055729 0.203441 1.000000
0 222 0.442188 0.517206 0.054167 0.204453 1.000000
0 223 0.442969 0.514676 0.055729 0.203441 1.000000
0 224 0.442448 0.514676 0.055729 0.203441 1.000000
0 225 0.442188 0.515182 0.057292 0.204453 1.000000
0 226 0.442188 0.515182 0.057292 0.204453 1.000000
0 227 0.442188 0.514170 0.057292 0.204453 1.000000
0 228 0.442448 0.514170 0.057813 0.206478 1.000000
0 229 0.441667 0.513158 0.056250 0.206478 1.000000
0 230 0.441927 0.512652 0.055729 0.207490 1.000000
0 231 0.442188 0.512652 0.056250 0.207490 1.000000
0 232 0.441667 0.512652 0.056250 0.207490 1.000000
0 233 0.441927 0.512652 0.056771 0.207490 1.000000
0 234 0.441927 0.512652 0.056771 0.207490 1.000000
0 235 0.441927 0.512652 0.056771 0.207490 1.000000
0 236 0.442188 0.512652 0.057292 0.207490 1.000000
0 237 0.441927 0.512146 0.057813 0.208502 1.000000
0 238 0.441927 0.512146 0.057813 0.208502 1.000000
0 239 0.442448 0.512146 0.058854 0.208502 1.000000
0 240 0.442969 0.512146 0.059896 0.208502 1.000000
0 241 0.443750 0.512146 0.058333 0.208502 1.000000
0 242 0.444010 0.512146 0.058854 0.208502 1.000000
0 243 0.444531 0.512652 0.060937 0.207490 1.000000
0 244 0.445573 0.512652 0.063021 0.205466 1.000000
0 245 0.448177 0.513664 0.068229 0.205466 1.000000
0 246 0.449219 0.511640 0.068229 0.207490 1.000000
0 247 0.449219 0.510628 0.066146 0.209514 1.000000
0 248 0.448698 0.503543 0.061979 0.221660 1.000000
0 249 0.448437 0.494939 0.062500 0.238866 1.000000
0 250 0.448437 0.488866 0.062500 0.251012 1.000000
0 251 0.446615 0.489372 0.058854 0.247976 1.000000
0 252 0.447135 0.490891 0.057813 0.246964 1.000000
0 253 0.447396 0.491397 0.057292 0.245951 1.000000
0 254 0.447396 0.491397 0.057292 0.245951 1.000000
0 255 0.447135 0.492409 0.057813 0.243927 1.000000
0 256 0.447396 0.494433 0.058333 0.239879 1.000000
0 257 0.446875 0.500506 0.058333 0.227733 1.000000
0 258 0.447135 0.508603 0.058854 0.211538 1.000000
0 259 0.446875 0.511134 0.058333 0.206478 1.000000
0 260 0.447135 0.510628 0.058854 0.207490 1.000000
0 261 0.446875 0.510628 0.059375 0.207490 1.000000
0 262 0.446615 0.511640 0.059896 0.207490 1.000000
0 263 0.446615 0.511134 0.059896 0.206478 1.000000
0 264 0.446354 0.511134 0.060417 0.206478 1.000000
0 265 0.446615 0.511134 0.060937 0.206478 1.000000
0 266 0.446354 0.512146 0.061458 0.206478 1.000000
0 267 0.446615 0.511640 0.061979 0.205466 1.000000
0 268 0.446094 0.511640 0.061979 0.205466 1.000000
0 269 0.446354 0.511640 0.062500 0.205466 1.000000
0 270 0.445833 0.511640 0.062500 0.205466 1.000000
0 271 0.446094 0.512146 0.063021 0.204453 1.000000
0 272 0.446615 0.511640 0.061979 0.205466 1.000000
0 273 0.447135 0.511640 0.060937 0.205466 1.000000
0 274 0.446875 0.511640 0.061458 0.205466 1.000000
0 275 0.446615 0.511640 0.061979 0.205466 1.000000
0 276 0.447656 0.510628 0.059896 0.205466 1.000000
0 277 0.447396 0.511640 0.060417 0.205466 1.000000
0 278 0.447135 0.510628 0.060937 0.205466 1.000000
0 279 0.446615 0.511640 0.060937 0.205466 1.000000
0 280 0.447396 0.511640 0.060417 0.205466 1.000000
0 281 0.447656 0.510628 0.059896 0.205466 1.000000
0 282 0.446875 0.511134 0.060417 0.206478 1.000000
0 283 0.446615 0.510628 0.060937 0.205466 1.000000
0 284 0.446354 0.511640 0.061458 0.203441 1.000000
0 285 0.446354 0.513664 0.062500 0.199393 1.000000
0 286 0.447135 0.516700 0.060937 0.195344 1.000000
0 287 0.446615 0.514170 0.061979 0.198381 1.000000
0 288 0.446615 0.511134 0.061979 0.204453 1.000000
0 289 0.446354 0.508603 0.062500 0.209514 1.000000
0 290 0.452604 0.507085 0.076042 0.212551 1.000000
0 291 0.447396 0.505567 0.104167 0.215587 1.000000
0 292 0.445573 0.503036 0.096354 0.222672 1.000000
0 293 0.445312 0.502024 0.094792 0.224696 1.000000
0 294 0.445833 0.504049 0.093750 0.222672 1.000000
0 295 0.446094 0.507591 0.092188 0.213563 1.000000
0 296 0.443229 0.514676 0.084375 0.199393 1.000000
0 297 0.442708 0.515688 0.072917 0.195344 1.000000
0 298 0.444271 0.518725 0.069792 0.193320 1.000000
0 299 0.443750 0.520749 0.069792 0.187247 1.000000
0 300 0.442448 0.523279 0.072396 0.180162 1.000000
0 301 0.443490 0.524798 0.070312 0.177126 1.000000
0 302 0.444271 0.525304 0.069792 0.178138 1.000000
0 303 0.443490 0.524291 0.069271 0.180162 1.000000
0 304 0.442708 0.521761 0.070833 0.185223 1.000000
0 305 0.442448 0.516700 0.070312 0.189271 1.000000
0 306 0.438021 0.513664 0.072917 0.195344 1.000000
0 307 0.432031 0.507591 0.064062 0.207490 1.000000
0 308 0.436979 0.505061 0.064583 0.212551 1.000000
0 309 0.437760 0.505061 0.059896 0.218623 1.000000
0 310 0.433333 0.503543 0.047917 0.221660 1.000000
0 311 0.430990 0.502530 0.044271 0.223684 1.000000
0 312 0.430208 0.504049 0.050000 0.220648 1.000000
0 313 0.430469 0.504049 0.051562 0.220648 1.000000
0 314 0.430469 0.506073 0.052604 0.218623 1.000000
0 315 0.429948 0.505567 0.050521 0.217611 1.000000
0 316 0.431510 0.507591 0.052604 0.213563 1.000000
0 317 0.436198 0.511640 0.057813 0.205466 1.000000
0 318 0.435156 0.514170 0.063021 0.198381 1.000000
0 319 0.432031 0.517206 0.068229 0.194332 1.000000
0 320 0.428906 0.518219 0.073438 0.192308 1.000000
0 321 0.425521 0.516700 0.075000 0.187247 1.000000
0 322 0.427865 0.513664 0.083854 0.187247 1.000000
0 323 0.428646 0.510121 0.084375 0.194332 1.000000
0 324 0.428125 0.504555 0.081250 0.197368 1.000000
0 325 0.423438 0.500000 0.082292 0.200405 1.000000
0 326 0.419531 0.498988 0.079687 0.208502 1.000000
0 327 0.424219 0.494433 0.051562 0.219636 1.000000
0 328 0.424479 0.496457 0.046875 0.215587 1.000000
0 329 0.420833 0.496457 0.044792 0.215587 1.000000
0 330 0.421094 0.495445 0.051562 0.217611 1.000000
0 331 0.418490 0.496457 0.061979 0.215587 1.000000
0 332 0.407813 0.500000 0.075000 0.210526 1.000000
0 333 0.402344 0.504049 0.072396 0.202429 1.000000
0 334 0.397917 0.508097 0.066667 0.194332 1.000000
0 335 0.392188 0.519737 0.058333 0.199393 1.000000
0 336 0.386198 0.518725 0.052604 0.177126 1.000000
0 337 0.382812 0.530870 0.056250 0.150810 1.000000
0 338 0.384896 0.534413 0.060417 0.141700 1.000000
0 343 0.354687 0.552126 0.055208 0.118421 1.000000
0 344 0.353646 0.555162 0.062500 0.122470 1.000000
0 345 0.350260 0.550101 0.064062 0.130567 1.000000
0 346 0.347656 0.553644 0.064062 0.121457 1.000000
0 347 0.344271 0.554656 0.060417 0.117409 1.000000
0 348 0.325521 0.554656 0.062500 0.117409 1.000000
0 349 0.318490 0.556174 0.063021 0.116397 1.000000
0 350 0.312500 0.555668 0.061458 0.115385 1.000000
0 351 0.310937 0.555668 0.058333 0.117409 1.000000
0 352 0.311719 0.555162 0.057813 0.118421 1.000000
0 353 0.309375 0.550607 0.055208 0.127530 1.000000
0 354 0.309115 0.547065 0.053646 0.136640 1.000000
0 355 0.307031 0.544534 0.054688 0.141700 1.000000
0 356 0.303125 0.539980 0.047917 0.150810 1.000000
0 357 0.304167 0.533907 0.045833 0.160931 1.000000
0 358 0.292187 0.526316 0.069792 0.176113 1.000000
0 359 0.290365 0.522267 0.074479 0.184211 1.000000
0 360 0.291146 0.518725 0.072917 0.191296 1.000000
0 361 0.293229 0.515182 0.068750 0.200405 1.000000
0 362 0.295573 0.511134 0.066146 0.206478 1.000000
0 363 0.299219 0.502530 0.057813 0.207490 1.000000
0 364 0.298958 0.501518 0.054167 0.201417 1.000000
0 365 0.301042 0.501518 0.052083 0.195344 1.000000
0 366 0.303906 0.502530 0.050521 0.191296 1.000000
0 367 0.309115 0.505061 0.045312 0.186235 1.000000
0 368 0.309896 0.512146 0.042708 0.174089 1.000000
0 369 0.309635 0.513158 0.043229 0.174089 1.000000
0 370 0.311719 0.513158 0.040104 0.178138 1.000000
0 371 0.323177 0.511134 0.046354 0.188259 1.000000
0 372 0.329948 0.504555 0.065104 0.193320 1.000000
0 373 0.334115 0.478239 0.074479 0.247976 1.000000
0 374 0.325260 0.464575 0.061979 0.265182 1.000000
0 375 0.314063 0.455466 0.055208 0.279352 1.000000
0 376 0.313281 0.452429 0.063021 0.287449 1.000000
0 377 0.314063 0.449393 0.065625 0.283401 1.000000
0 378 0.315625 0.455972 0.070833 0.274291 1.000000
0 379 0.316667 0.459514 0.071875 0.269231 1.000000
0 380 0.316927 0.465587 0.072396 0.261134 1.000000
0 381 0.319010 0.471154 0.071354 0.252024 1.000000
0 382 0.322135 0.484312 0.069271 0.229757 1.000000
0 383 0.328646 0.500000 0.071875 0.202429 1.000000
0 384 0.344271 0.516700 0.072917 0.189271 1.000000
0 385 0.349219 0.525304 0.066146 0.174089 1.000000
0 386 0.349479 0.535425 0.059375 0.155870 1.000000
0 387 0.357031 0.543016 0.060937 0.132591 1.000000
0 388 0.357292 0.550607 0.059375 0.119433 1.000000
0 389 0.353906 0.562753 0.067187 0.115385 1.000000
0 390 0.360417 0.566802 0.070833 0.111336 1.000000
0 391 0.371354 0.568826 0.064583 0.107287 1.000000
0 392 0.371875 0.569332 0.060417 0.106275 1.000000
0 393 0.375521 0.568320 0.064583 0.108300 1.000000
0 394 0.388802 0.564271 0.070312 0.114372 1.000000
0 395 0.392969 0.564777 0.070312 0.113360 1.000000
0 396 0.395313 0.566802 0.066667 0.109312 1.000000
0 397 0.396615 0.571356 0.067187 0.102227 1.000000
0 400 0.421354 0.571862 0.058333 0.105263 1.000000
0 401 0.430469 0.573887 0.069271 0.103239 1.000000
0 402 0.436198 0.574393 0.080729 0.098178 1.000000
0 403 0.442448 0.574899 0.083854 0.097166 1.000000
0 404 0.453906 0.570850 0.082812 0.091093 1.000000
0 405 0.457292 0.568826 0.083333 0.095142 1.000000
0 406 0.461198 0.566296 0.081771 0.098178 1.000000
0 407 0.463542 0.563259 0.082292 0.104251 1.000000
0 408 0.462500 0.559211 0.086458 0.112348 1.000000
0 409 0.450781 0.551113 0.110937 0.130567 1.000000
0 410 0.449219 0.547571 0.113021 0.137652 1.000000
0 411 0.449219 0.545040 0.111979 0.142713 1.000000
0 412 0.450000 0.535425 0.109375 0.161943 1.000000
0 413 0.453646 0.521761 0.103125 0.189271 1.000000
0 414 0.462500 0.515182 0.085417 0.202429 1.000000
0 415 0.466667 0.518219 0.079167 0.196356 1.000000
0 416 0.466927 0.524798 0.079687 0.183198 1.000000
0 417 0.467448 0.537955 0.080729 0.160931 1.000000
0 418 0.467969 0.547571 0.082812 0.139676 1.000000
0 419 0.464323 0.555162 0.091146 0.124494 1.000000
0 420 0.461198 0.560223 0.096354 0.118421 1.000000
0 421 0.460938 0.571356 0.096875 0.108300 1.000000
0 422 0.459375 0.578441 0.095833 0.090081 1.000000
0 423 0.457552 0.582490 0.096354 0.081984 1.000000
0 424 0.456771 0.587045 0.094792 0.072874 1.000000
0 425 0.455729 0.588057 0.092708 0.070850 1.000000
0 426 0.454688 0.591599 0.092708 0.079960 1.000000
0 427 0.454688 0.591599 0.092708 0.079960 1.000000
0 428 0.454948 0.592105 0.093229 0.078947 1.000000
0 429 0.454688 0.591599 0.093750 0.079960 1.000000
0 430 0.455208 0.591599 0.094792 0.079960 1.000000
0 431 0.454688 0.592105 0.094792 0.078947 1.000000
0 432 0.454427 0.591093 0.094271 0.078947 1.000000
0 433 0.454948 0.590587 0.095312 0.079960 1.000000
0 434 0.454427 0.591599 0.095312 0.079960 1.000000
0 435 0.454688 0.591093 0.095833 0.078947 1.000000
0 436 0.454688 0.591093 0.095833 0.078947 1.000000
0 437 0.454167 0.590587 0.095833 0.079960 1.000000
0 438 0.453646 0.590587 0.094792 0.079960 1.000000
0 439 0.453125 0.589069 0.093750 0.078947 1.000000
0 440 0.452344 0.588057 0.093229 0.078947 1.000000
0 441 0.452083 0.586032 0.089583 0.078947 1.000000
0 442 0.451042 0.585020 0.087500 0.078947 1.000000
0 443 0.448958 0.582490 0.084375 0.081984 1.000000
0 444 0.447396 0.580466 0.081250 0.084008 1.000000
0 445 0.442188 0.571862 0.071875 0.091093 1.000000
0 446 0.437500 0.575405 0.065625 0.098178 1.000000
0 447 0.431510 0.573381 0.053646 0.100202 1.000000
0 448 0.426042 0.571356 0.061458 0.104251 1.000000
0 449 0.424479 0.571356 0.075000 0.104251 1.000000
0 450 0.419531 0.569332 0.086979 0.108300 1.000000
0 451 0.417448 0.568826 0.082812 0.109312 1.000000
0 452 0.412760 0.568826 0.073438 0.109312 1.000000
0 453 0.406771 0.568826 0.061458 0.109312 1.000000
0 454 0.395052 0.567814 0.048438 0.107287 1.000000
0 455 0.389062 0.566802 0.054167 0.107287 1.000000
0 456 0.386719 0.567814 0.058854 0.107287 1.000000
0 457 0.385417 0.567308 0.059375 0.106275 1.000000
0 458 0.380729 0.568320 0.061458 0.106275 1.000000
0 459 0.376563 0.569332 0.062500 0.104251 1.000000
0 460 0.370833 0.569332 0.060417 0.104251 1.000000
0 461 0.361979 0.568320 0.056250 0.106275 1.000000
0 462 0.359896 0.565283 0.056250 0.108300 1.000000
0 463 0.358594 0.562753 0.053646 0.113360 1.000000
0 464 0.358594 0.557186 0.052604 0.114372 1.000000
0 465 0.358333 0.549595 0.052083 0.117409 1.000000
0 466 0.357031 0.537955 0.054688 0.136640 1.000000
0 467 0.355208 0.532895 0.058333 0.146761 1.000000
0 468 0.353385 0.528340 0.060937 0.155870 1.000000
0 469 0.349479 0.521761 0.055208 0.156883 1.000000
0 470 0.350781 0.516700 0.051562 0.160931 1.000000
0 471 0.351562 0.511134 0.057292 0.172065 1.000000
0 472 0.352344 0.508603 0.054688 0.177126 1.000000
0 473 0.350781 0.507591 0.051562 0.181174 1.000000
0 474 0.345833 0.505567 0.042708 0.183198 1.000000
0 475 0.341667 0.504049 0.036458 0.186235 1.000000
0 476 0.339844 0.511640 0.032813 0.207490 1.000000
0 477 0.337760 0.512146 0.032813 0.210526 1.000000
0 478 0.343229 0.511640 0.045833 0.211538 1.000000
0 479 0.344792 0.511134 0.050000 0.214575 1.000000
0 480 0.346615 0.510628 0.050521 0.213563 1.000000
0 481 0.348958 0.511134 0.045833 0.214575 1.000000
0 482 0.347135 0.510121 0.042188 0.214575 1.000000
0 483 0.345573 0.509615 0.038021 0.215587 1.000000
0 484 0.343229 0.510121 0.034375 0.216599 1.000000
0 485 0.343750 0.510121 0.035417 0.218623 1.000000
0 486 0.348698 0.509615 0.042188 0.217611 1.000000
0 487 0.350260 0.511134 0.042188 0.214575 1.000000
0 488 0.351823 0.513664 0.044271 0.211538 1.000000
0 489 0.352083 0.515688 0.045833 0.207490 1.000000
0 490 0.352344 0.516194 0.045312 0.206478 1.000000
0 491 0.367188 0.515688 0.075000 0.207490 1.000000
0 492 0.371354 0.514676 0.084375 0.209514 1.000000
0 493 0.372656 0.510628 0.083854 0.209514 1.000000
0 494 0.375781 0.506073 0.084896 0.212551 1.000000
0 495 0.379167 0.501012 0.090625 0.212551 1.000000
0 496 0.384375 0.490891 0.100000 0.216599 1.000000
0 497 0.386719 0.489372 0.103646 0.221660 1.000000
0 498 0.389062 0.486336 0.105208 0.223684 1.000000
0 499 0.391406 0.487854 0.107813 0.224696 1.000000
0 500 0.394271 0.488360 0.108333 0.223684 1.000000
0 501 0.396354 0.492409 0.109375 0.221660 1.000000
0 502 0.401042 0.497470 0.105208 0.209514 1.000000
0 503 0.404687 0.501518 0.102083 0.205466 1.000000
0 504 0.409115 0.501518 0.096354 0.205466 1.000000
0 505 0.413281 0.503036 0.089063 0.204453 1.000000
0 506 0.420312 0.501518 0.078125 0.199393 1.000000
0 507 0.433854 0.498482 0.068750 0.191296 1.000000
0 508 0.436458 0.498482 0.071875 0.191296 1.000000
0 509 0.443490 0.499494 0.067187 0.191296 1.000000
0 510 0.453906 0.500000 0.058854 0.190283 1.000000
0 511 0.460156 0.500506 0.053646 0.187247 1.000000
0 512 0.462240 0.500506 0.048438 0.187247 1.000000
0 513 0.464844 0.500000 0.056771 0.188259 1.000000
0 514 0.469271 0.503036 0.057292 0.196356 1.000000
0 515 0.472135 0.505567 0.056771 0.199393 1.000000
0 516 0.476562 0.507591 0.053125 0.197368 1.000000
0 517 0.488021 0.507591 0.043750 0.197368 1.000000
0 518 0.486979 0.505061 0.046875 0.202429 1.000000
0 519 0.486458 0.501012 0.047917 0.210526 1.000000
0 520 0.486458 0.490385 0.050000 0.231781 1.000000
0 521 0.485417 0.471660 0.042708 0.248988 1.000000
0 522 0.486198 0.437247 0.040104 0.234818 1.000000
0 523 0.487760 0.426619 0.040104 0.215587 1.000000
0 524 0.490625 0.427126 0.036458 0.218623 1.000000
0 525 0.491667 0.439777 0.035417 0.245951 1.000000
0 526 0.493490 0.453441 0.034896 0.267206 1.000000
0 527 0.499479 0.481781 0.042708 0.277328 1.000000
0 528 0.501823 0.492409 0.045312 0.256073 1.000000
0 529 0.504427 0.504049 0.048438 0.234818 1.000000
0 530 0.504687 0.514170 0.053125 0.212551 1.000000
0 531 0.505208 0.522773 0.055208 0.197368 1.000000
0 532 0.498177 0.530364 0.047396 0.182186 1.000000
0 533 0.494010 0.534919 0.045312 0.173077 1.000000
0 534 0.491406 0.539474 0.047396 0.163968 1.000000
0 535 0.480990 0.545547 0.066146 0.147773 1.000000
0 536 0.476562 0.549089 0.071875 0.142713 1.000000
0 537 0.475260 0.552632 0.074479 0.141700 1.000000
0 538 0.475521 0.551619 0.075000 0.143725 1.000000
0 539 0.474219 0.548583 0.074479 0.149798 1.000000
0 540 0.473698 0.546053 0.076563 0.158907 1.000000
0 541 0.471615 0.541498 0.078646 0.168016 1.000000
0 542 0.469792 0.535931 0.080208 0.179150 1.000000
0 543 0.463021 0.524798 0.075000 0.199393 1.000000
0 544 0.461458 0.520243 0.075000 0.208502 1.000000
0 545 0.452604 0.514676 0.059375 0.219636 1.000000
0 546 0.447656 0.511640 0.051562 0.225709 1.000000
0 547 0.443229 0.509109 0.044792 0.228745 1.000000
0 548 0.439583 0.507085 0.042708 0.228745 1.000000
0 549 0.438021 0.508603 0.042708 0.227733 1.000000
0 550 0.434896 0.513158 0.048958 0.222672 1.000000
0 551 0.431250 0.514170 0.054167 0.220648 1.000000
0 552 0.425521 0.515688 0.063542 0.219636 1.000000
0 553 0.419010 0.521255 0.074479 0.206478 1.000000
0 554 0.417448 0.526822 0.076563 0.197368 1.000000
0 555 0.416667 0.537449 0.076042 0.180162 1.000000
0 556 0.413021 0.548583 0.068750 0.159919 1.000000
0 557 0.410156 0.554150 0.064062 0.148785 1.000000
0 558 0.410417 0.561235 0.065625 0.134615 1.000000
0 559 0.410417 0.564271 0.065625 0.130567 1.000000
0 560 0.410156 0.565789 0.065104 0.127530 1.000000
0 561 0.409896 0.565283 0.065625 0.126518 1.000000
0 562 0.409635 0.562247 0.066146 0.124494 1.000000
0 563 0.409896 0.555668 0.064583 0.137652 1.000000
0 564 0.409896 0.551113 0.064583 0.146761 1.000000
0 565 0.409635 0.546559 0.064062 0.155870 1.000000
0 566 0.406510 0.543522 0.071354 0.163968 1.000000
0 567 0.402865 0.538968 0.078646 0.171053 1.000000
0 568 0.403385 0.531883 0.078646 0.185223 1.000000
0 569 0.406771 0.516700 0.070833 0.221660 1.000000
0 570 0.410417 0.505567 0.064583 0.243927 1.000000
0 571 0.409635 0.500000 0.065104 0.259109 1.000000
0 572 0.410156 0.498482 0.064062 0.260121 1.000000
0 573 0.410938 0.506579 0.066667 0.239879 1.000000
0 574 0.415365 0.518219 0.075521 0.216599 1.000000
0 575 0.420312 0.524291 0.079167 0.204453 1.000000
0 576 0.421354 0.524291 0.082292 0.204453 1.000000
0 577 0.421094 0.523279 0.082812 0.204453 1.000000
0 578 0.411198 0.522773 0.063021 0.205466 1.000000
0 579 0.416927 0.521255 0.055729 0.204453 1.000000
0 580 0.417969 0.521761 0.059896 0.203441 1.000000
0 581 0.421354 0.524798 0.061458 0.199393 1.000000
0 582 0.426563 0.526316 0.060417 0.196356 1.000000
0 583 0.428646 0.523785 0.061458 0.201417 1.000000
0 584 0.431771 0.510628 0.070833 0.225709 1.000000
0 585 0.429948 0.509109 0.069271 0.228745 1.000000
0 586 0.427865 0.507591 0.067187 0.231781 1.000000
0 587 0.426302 0.507591 0.066146 0.233806 1.000000
0 588 0.426042 0.506073 0.065625 0.234818 1.000000
0 589 0.419792 0.506579 0.076042 0.235830 1.000000
0 590 0.418490 0.507085 0.077604 0.234818 1.000000
0 591 0.416927 0.510628 0.075521 0.227733 1.000000
0 592 0.414583 0.512146 0.072917 0.222672 1.000000
0 593 0.414062 0.514676 0.071875 0.217611 1.000000
0 594 0.414844 0.522267 0.069271 0.206478 1.000000
0 595 0.412240 0.521255 0.066146 0.206478 1.000000
0 596 0.410417 0.520243 0.063542 0.210526 1.000000
0 597 0.410156 0.519231 0.064062 0.212551 1.000000
0 598 0.409375 0.518219 0.061458 0.212551 1.000000
0 599 0.407031 0.518219 0.053646 0.210526 1.000000
0 600 0.404167 0.517713 0.050000 0.207490 1.000000
0 601 0.400000 0.517206 0.044792 0.208502 1.000000
0 602 0.396094 0.517713 0.039062 0.205466 1.000000
0 603 0.394271 0.518219 0.037500 0.200405 1.000000
