0 1 0.255990 0.435729 0.035937 0.193320 1.000000
0 2 0.256771 0.436235 0.036458 0.192308 1.000000
0 3 0.256510 0.436235 0.036979 0.192308 1.000000
0 4 0.256250 0.436235 0.036458 0.192308 1.000000
0 5 0.256250 0.436235 0.036458 0.192308 1.000000
0 6 0.256250 0.436235 0.036458 0.192308 1.000000
0 7 0.255990 0.436235 0.035937 0.192308 1.000000
0 8 0.256250 0.436235 0.035417 0.192308 1.000000
0 9 0.256250 0.436235 0.035417 0.192308 1.000000
0 10 0.255990 0.436235 0.034896 0.192308 1.000000
0 11 0.255990 0.436235 0.034896 0.192308 1.000000
0 12 0.255990 0.437247 0.034896 0.192308 1.000000
0 13 0.255990 0.437247 0.034896 0.192308 1.000000
0 14 0.255469 0.437247 0.033854 0.190283 1.000000
0 15 0.255469 0.437247 0.033854 0.190283 1.000000
0 16 0.254688 0.437753 0.035417 0.189271 1.000000
0 17 0.254167 0.438765 0.034375 0.187247 1.000000
0 18 0.253646 0.439777 0.033333 0.185223 1.000000
0 19 0.252604 0.440283 0.032292 0.184211 1.000000
0 20 0.251563 0.440283 0.032292 0.182186 1.000000
0 21 0.251042 0.441802 0.031250 0.181174 1.000000
0 22 0.251302 0.442814 0.031771 0.179150 1.000000
0 23 0.251563 0.444332 0.031250 0.176113 1.000000
0 24 0.251563 0.445850 0.031250 0.173077 1.000000
0 25 0.251042 0.452429 0.032292 0.178138 1.000000
0 26 0.250000 0.455466 0.032292 0.182186 1.000000
0 27 0.248958 0.457996 0.032292 0.185223 1.000000
0 28 0.248438 0.460020 0.032292 0.189271 1.000000
0 29 0.248438 0.460020 0.035417 0.189271 1.000000
0 30 0.241927 0.452935 0.051562 0.175101 1.000000
0 31 0.243750 0.454960 0.048958 0.179150 1.000000
0 32 0.245052 0.457996 0.046354 0.183198 1.000000
0 33 0.245833 0.462045 0.053125 0.191296 1.000000
0 34 0.245833 0.463563 0.057292 0.198381 1.000000
0 35 0.246615 0.456984 0.048438 0.231781 1.000000
0 36 0.247135 0.443826 0.039062 0.252024 1.000000
0 37 0.245312 0.439777 0.032292 0.262146 1.000000
0 38 0.244531 0.437753 0.030729 0.266194 1.000000
0 39 0.245052 0.436235 0.029687 0.267206 1.000000
0 40 0.246354 0.438259 0.030208 0.269231 1.000000
0 41 0.243490 0.437753 0.038021 0.266194 1.000000
0 42 0.244792 0.437753 0.038542 0.266194 1.000000
0 43 0.248177 0.438259 0.035937 0.263158 1.000000
0 44 0.251302 0.442308 0.034896 0.265182 1.000000
0 45 0.256510 0.456984 0.045312 0.243927 1.000000
0 46 0.258854 0.469130 0.050000 0.217611 1.000000
0 47 0.259635 0.479757 0.051562 0.198381 1.000000
0 48 0.263281 0.482794 0.052604 0.192308 1.000000
0 49 0.267188 0.486842 0.063542 0.190283 1.000000
0 50 0.269010 0.486336 0.063021 0.171053 1.000000
0 51 0.269271 0.488360 0.062500 0.169028 1.000000
0 52 0.269010 0.488360 0.064062 0.177126 1.000000
0 53 0.268229 0.487348 0.065625 0.181174 1.000000
0 54 0.268229 0.483806 0.065625 0.184211 1.000000
0 55 0.266406 0.476721 0.068229 0.192308 1.000000
0 56 0.268229 0.473684 0.070833 0.196356 1.000000
0 57 0.272135 0.472672 0.078646 0.200405 1.000000
0 58 0.271354 0.472166 0.077083 0.201417 1.000000
0 59 0.269010 0.472166 0.070312 0.201417 1.000000
0 60 0.270573 0.471660 0.063021 0.200405 1.000000
0 61 0.270833 0.471660 0.060417 0.200405 1.000000
0 62 0.270833 0.471660 0.060417 0.200405 1.000000
0 63 0.270573 0.473178 0.060937 0.199393 1.000000
0 64 0.271875 0.473178 0.069792 0.199393 1.000000
0 65 0.267188 0.473684 0.087500 0.198381 1.000000
0 66 0.264062 0.475709 0.088542 0.192308 1.000000
0 67 0.262760 0.476721 0.084896 0.190283 1.000000
0 68 0.264323 0.477733 0.079687 0.188259 1.000000
0 69 0.264583 0.479251 0.071875 0.185223 1.000000
0 70 0.264583 0.477733 0.062500 0.180162 1.000000
0 71 0.245052 0.478745 0.048438 0.176113 1.000000
0 72 0.246875 0.478745 0.050000 0.176113 1.000000
0 73 0.245312 0.477227 0.055208 0.177126 1.000000
0 74 0.244792 0.476721 0.053125 0.178138 1.000000
0 75 0.245312 0.475709 0.047917 0.182186 1.000000
0 76 0.256250 0.474696 0.069792 0.184211 1.000000
0 77 0.252604 0.472672 0.082292 0.186235 1.000000
0 78 0.252083 0.468117 0.084375 0.197368 1.000000
0 79 0.251042 0.461538 0.077083 0.204453 1.000000
0 80 0.248958 0.454453 0.048958 0.212551 1.000000
0 81 0.236198 0.445344 0.035937 0.230769 1.000000
0 82 0.234375 0.441802 0.037500 0.239879 1.000000
0 83 0.233333 0.439777 0.040625 0.243927 1.000000
0 84 0.227083 0.439271 0.053125 0.242915 1.000000
0 85 0.222396 0.440789 0.063542 0.241903 1.000000
0 86 0.212760 0.448887 0.088021 0.223684 1.000000
0 87 0.211458 0.455972 0.089583 0.209514 1.000000
0 88 0.207813 0.470142 0.094792 0.205466 1.000000
0 89 0.219792 0.473684 0.062500 0.202429 1.000000
0 90 0.210417 0.477227 0.085417 0.199393 1.000000
0 91 0.219271 0.484312 0.066667 0.183198 1.000000
0 92 0.219010 0.490385 0.067187 0.171053 1.000000
0 93 0.219010 0.496964 0.068229 0.155870 1.000000
0 94 0.218490 0.505061 0.067187 0.141700 1.000000
0 95 0.218229 0.511134 0.066667 0.129555 1.000000
0 96 0.216146 0.521255 0.070833 0.107287 1.000000
0 97 0.215365 0.523785 0.072396 0.104251 1.000000
0 98 0.215365 0.522267 0.073438 0.105263 1.000000
0 99 0.215104 0.522267 0.075000 0.107287 1.000000
0 100 0.214583 0.520749 0.077083 0.110324 1.000000
0 101 0.212240 0.518219 0.076563 0.115385 1.000000
0 102 0.206510 0.512146 0.069271 0.127530 1.000000
0 103 0.201823 0.506579 0.058854 0.124494 1.000000
0 104 0.195312 0.505567 0.042708 0.130567 1.000000
0 105 0.199740 0.504049 0.049479 0.137652 1.000000
0 106 0.201563 0.506073 0.053125 0.145749 1.000000
0 107 0.197917 0.507085 0.062500 0.153846 1.000000
0 108 0.195573 0.508603 0.067187 0.150810 1.000000
0 109 0.194271 0.509615 0.070833 0.146761 1.000000
0 110 0.192188 0.510121 0.069792 0.147773 1.000000
0 111 0.192448 0.513158 0.071354 0.139676 1.000000
0 112 0.196615 0.526822 0.079687 0.112348 1.000000
0 113 0.196875 0.528846 0.079167 0.108300 1.000000
0 114 0.194531 0.528846 0.073438 0.108300 1.000000
0 115 0.192969 0.529352 0.070312 0.111336 1.000000
0 116 0.193490 0.527834 0.070312 0.112348 1.000000
0 117 0.194010 0.527328 0.070312 0.115385 1.000000
0 118 0.194531 0.526316 0.070312 0.115385 1.000000
0 119 0.195052 0.526316 0.070312 0.115385 1.000000
0 120 0.195573 0.526316 0.070312 0.115385 1.000000
0 121 0.196094 0.525304 0.070312 0.115385 1.000000
0 122 0.196354 0.525810 0.069792 0.116397 1.000000
0 123 0.197917 0.524798 0.071875 0.116397 1.000000
0 124 0.199479 0.525304 0.073958 0.117409 1.000000
0 125 0.200260 0.524798 0.074479 0.118421 1.000000
0 126 0.199740 0.525304 0.074479 0.117409 1.000000
0 127 0.199740 0.525304 0.074479 0.117409 1.000000
0 128 0.198958 0.526822 0.071875 0.114372 1.000000
0 129 0.196875 0.527328 0.069792 0.113360 1.000000
0 130 0.195573 0.528340 0.069271 0.113360 1.000000
0 131 0.194010 0.528846 0.067187 0.112348 1.000000
0 132 0.195052 0.529858 0.069271 0.108300 1.000000
0 133 0.195573 0.530870 0.067187 0.106275 1.000000
0 134 0.197396 0.530870 0.063542 0.106275 1.000000
0 135 0.198437 0.529352 0.062500 0.107287 1.000000
0 136 0.197917 0.529352 0.063542 0.109312 1.000000
0 137 0.197396 0.519231 0.063542 0.127530 1.000000
0 138 0.191667 0.512652 0.070833 0.132591 1.000000
0 139 0.189323 0.505061 0.081771 0.141700 1.000000
0 140 0.188802 0.498482 0.092188 0.150810 1.000000
0 141 0.188281 0.494433 0.101562 0.160931 1.000000
0 142 0.187760 0.491397 0.106771 0.169028 1.000000
0 143 0.184635 0.485830 0.104688 0.180162 1.000000
0 144 0.182812 0.484312 0.105208 0.183198 1.000000
0 145 0.182031 0.483300 0.104688 0.185223 1.000000
0 146 0.182031 0.484312 0.105729 0.183198 1.000000
0 147 0.183073 0.485324 0.102604 0.181174 1.000000
0 148 0.186979 0.496457 0.095833 0.158907 1.000000
0 149 0.186458 0.510121 0.094792 0.131579 1.000000
0 150 0.185938 0.527328 0.092708 0.099190 1.000000
0 151 0.184896 0.528340 0.091667 0.097166 1.000000
0 152 0.184896 0.530364 0.090625 0.095142 1.000000
0 153 0.186198 0.539980 0.091146 0.088057 1.000000
0 154 0.187500 0.541498 0.092708 0.085020 1.000000
0 155 0.184375 0.543522 0.104167 0.085020 1.000000
0 156 0.184896 0.546053 0.104167 0.079960 1.000000
0 157 0.188281 0.543016 0.100521 0.086032 1.000000
0 158 0.195052 0.545040 0.088021 0.084008 1.000000
0 159 0.196875 0.547571 0.085417 0.080972 1.000000
0 160 0.197135 0.551113 0.084896 0.071862 1.000000
0 161 0.196615 0.556680 0.085938 0.060729 1.000000
0 162 0.199479 0.558198 0.079167 0.059717 1.000000
0 163 0.198177 0.555162 0.077604 0.067814 1.000000
0 164 0.196094 0.552126 0.077604 0.075911 1.000000
0 165 0.194792 0.549089 0.076042 0.084008 1.000000
0 166 0.193229 0.545547 0.075000 0.091093 1.000000
0 167 0.189583 0.548583 0.080208 0.105263 1.000000
0 168 0.187500 0.545547 0.080208 0.105263 1.000000
0 169 0.188542 0.544028 0.085417 0.106275 1.000000
0 170 0.186979 0.542510 0.088542 0.105263 1.000000
0 171 0.184115 0.543016 0.088021 0.106275 1.000000
0 172 0.181250 0.543522 0.086458 0.105263 1.000000
0 173 0.175521 0.549089 0.075000 0.114372 1.000000
0 174 0.176042 0.548077 0.071875 0.112348 1.000000
0 175 0.177083 0.549089 0.067708 0.110324 1.000000
0 176 0.179427 0.550101 0.065104 0.108300 1.000000
0 177 0.181250 0.551113 0.060417 0.106275 1.000000
0 178 0.181250 0.553138 0.059375 0.102227 1.000000
0 179 0.181510 0.553138 0.057813 0.102227 1.000000
0 180 0.180469 0.554150 0.056771 0.106275 1.000000
0 181 0.180469 0.552632 0.056771 0.109312 1.000000
0 182 0.180208 0.549595 0.055208 0.115385 1.000000
0 183 0.178125 0.545040 0.051042 0.122470 1.000000
0 184 0.174740 0.535931 0.045312 0.140688 1.000000
0 185 0.173958 0.531883 0.042708 0.148785 1.000000
0 186 0.171875 0.528846 0.039583 0.156883 1.000000
0 187 0.171615 0.524798 0.039062 0.162955 1.000000
0 188 0.171875 0.521255 0.039583 0.170040 1.000000
0 189 0.175000 0.515182 0.043750 0.182186 1.000000
0 190 0.176823 0.511134 0.048438 0.188259 1.000000
0 191 0.178125 0.508097 0.051042 0.192308 1.000000
0 192 0.180208 0.503036 0.053125 0.190283 1.000000
0 193 0.184635 0.501012 0.050521 0.194332 1.000000
0 194 0.196875 0.496964 0.040625 0.194332 1.000000
0 195 0.201563 0.495951 0.038542 0.196356 1.000000
0 196 0.204167 0.493927 0.036458 0.198381 1.000000
0 197 0.205469 0.492409 0.039062 0.201417 1.000000
0 198 0.208854 0.491397 0.043750 0.203441 1.000000
0 199 0.219792 0.486336 0.037500 0.197368 1.000000
0 200 0.225781 0.481781 0.033854 0.192308 1.000000
0 201 0.229687 0.481275 0.033333 0.193320 1.000000
0 202 0.234896 0.480769 0.034375 0.194332 1.000000
0 203 0.240104 0.478745 0.037500 0.196356 1.000000
0 204 0.243750 0.476721 0.042708 0.194332 1.000000
0 205 0.247135 0.474696 0.048438 0.190283 1.000000
0 206 0.251042 0.475202 0.048958 0.187247 1.000000
0 207 0.255990 0.474190 0.055729 0.185223 1.000000
0 208 0.259375 0.475202 0.053125 0.187247 1.000000
0 209 0.262760 0.470142 0.047396 0.197368 1.000000
0 210 0.267448 0.467105 0.038021 0.201417 1.000000
0 211 0.270573 0.462551 0.034896 0.204453 1.000000
0 212 0.273177 0.460020 0.036979 0.207490 1.000000
0 213 0.275521 0.457490 0.041667 0.206478 1.000000
0 214 0.278906 0.459008 0.050521 0.203441 1.000000
0 215 0.280729 0.462045 0.056250 0.197368 1.000000
0 216 0.282552 0.464069 0.059896 0.193320 1.000000
0 217 0.282552 0.465587 0.059896 0.190283 1.000000
0 218 0.282292 0.465587 0.057292 0.190283 1.000000
0 219 0.282292 0.462045 0.057292 0.189271 1.000000
0 220 0.281771 0.461538 0.058333 0.190283 1.000000
0 221 0.282813 0.461538 0.057292 0.190283 1.000000
0 222 0.282292 0.461538 0.058333 0.190283 1.000000
0 223 0.281771 0.462045 0.059375 0.191296 1.000000
0 224 0.281771 0.464069 0.059375 0.195344 1.000000
0 225 0.281771 0.463563 0.059375 0.196356 1.000000
0 226 0.281771 0.462551 0.059375 0.196356 1.000000
0 227 0.281771 0.462551 0.059375 0.196356 1.000000
0 228 0.282031 0.462551 0.059896 0.196356 1.000000
0 229 0.282031 0.462551 0.059896 0.196356 1.000000
0 230 0.282031 0.463563 0.059896 0.196356 1.000000
0 231 0.282031 0.463057 0.059896 0.195344 1.000000
0 232 0.282031 0.462045 0.059896 0.197368 1.000000
0 233 0.282031 0.462045 0.059896 0.199393 1.000000
0 234 0.282031 0.460526 0.059896 0.200405 1.000000
0 235 0.282031 0.459514 0.059896 0.202429 1.000000
0 236 0.282031 0.459514 0.059896 0.204453 1.000000
0 237 0.282031 0.458502 0.059896 0.206478 1.000000
0 238 0.282031 0.456984 0.059896 0.207490 1.000000
0 239 0.282031 0.456984 0.059896 0.209514 1.000000
0 240 0.282031 0.455972 0.059896 0.211538 1.000000
0 241 0.282031 0.454453 0.059896 0.212551 1.000000
0 242 0.282031 0.454453 0.059896 0.214575 1.000000
0 243 0.281771 0.446862 0.060417 0.227733 1.000000
0 244 0.281771 0.444332 0.060417 0.234818 1.000000
0 245 0.281771 0.444332 0.060417 0.234818 1.000000
0 246 0.281771 0.444332 0.060417 0.234818 1.000000
0 247 0.281771 0.443826 0.060417 0.235830 1.000000
0 248 0.281771 0.443826 0.060417 0.235830 1.000000
0 249 0.281771 0.443826 0.060417 0.235830 1.000000
0 250 0.281771 0.443320 0.060417 0.234818 1.000000
0 251 0.281771 0.444332 0.060417 0.234818 1.000000
0 252 0.281771 0.443320 0.060417 0.234818 1.000000
0 253 0.281771 0.443320 0.060417 0.234818 1.000000
0 254 0.281771 0.444332 0.060417 0.234818 1.000000
0 255 0.281771 0.445344 0.060417 0.232794 1.000000
0 256 0.281771 0.446356 0.060417 0.230769 1.000000
0 257 0.281771 0.446862 0.060417 0.229757 1.000000
0 258 0.281771 0.451923 0.060417 0.219636 1.000000
0 259 0.281771 0.459514 0.060417 0.202429 1.000000
0 260 0.281771 0.463057 0.060417 0.195344 1.000000
0 261 0.281771 0.463057 0.060417 0.195344 1.000000
0 262 0.281771 0.463563 0.060417 0.196356 1.000000
0 263 0.281771 0.463563 0.060417 0.196356 1.000000
0 264 0.281771 0.463563 0.060417 0.196356 1.000000
0 265 0.281771 0.463563 0.060417 0.196356 1.000000
0 266 0.281771 0.463563 0.060417 0.196356 1.000000
0 267 0.281771 0.463563 0.060417 0.196356 1.000000
0 268 0.281771 0.463563 0.060417 0.196356 1.000000
0 269 0.281510 0.463563 0.059896 0.196356 1.000000
0 270 0.281510 0.463563 0.059896 0.196356 1.000000
0 271 0.281510 0.463563 0.059896 0.196356 1.000000
0 272 0.281510 0.463563 0.059896 0.196356 1.000000
0 273 0.281510 0.463563 0.059896 0.196356 1.000000
0 274 0.281510 0.463563 0.059896 0.196356 1.000000
0 275 0.281510 0.463563 0.059896 0.196356 1.000000
0 276 0.281510 0.463563 0.059896 0.196356 1.000000
0 277 0.281510 0.463563 0.059896 0.196356 1.000000
0 278 0.281510 0.463563 0.059896 0.196356 1.000000
0 279 0.282031 0.463563 0.059896 0.196356 1.000000
0 280 0.282031 0.464575 0.059896 0.196356 1.000000
0 281 0.282031 0.464575 0.059896 0.196356 1.000000
0 282 0.282031 0.463563 0.059896 0.196356 1.000000
0 283 0.282031 0.463563 0.059896 0.196356 1.000000
0 284 0.282031 0.463563 0.059896 0.196356 1.000000
0 285 0.282031 0.463563 0.059896 0.196356 1.000000
0 286 0.282031 0.464069 0.059896 0.197368 1.000000
0 287 0.282031 0.463563 0.059896 0.196356 1.000000
0 288 0.282031 0.463563 0.059896 0.196356 1.000000
0 289 0.282031 0.464575 0.059896 0.196356 1.000000
0 290 0.282031 0.464575 0.059896 0.196356 1.000000
0 291 0.282031 0.464069 0.059896 0.195344 1.000000
0 292 0.282031 0.464069 0.059896 0.195344 1.000000
0 293 0.282031 0.464069 0.059896 0.195344 1.000000
0 294 0.282031 0.464069 0.059896 0.195344 1.000000
0 295 0.282031 0.464069 0.059896 0.195344 1.000000
0 296 0.282031 0.464069 0.059896 0.195344 1.000000
0 297 0.282031 0.464069 0.059896 0.195344 1.000000
0 298 0.282031 0.465081 0.059896 0.195344 1.000000
0 299 0.282031 0.464575 0.059896 0.194332 1.000000
0 300 0.282031 0.466093 0.059896 0.193320 1.000000
0 301 0.282031 0.467611 0.059896 0.190283 1.000000
0 302 0.280469 0.469636 0.058854 0.186235 1.000000
0 303 0.281510 0.469130 0.059896 0.187247 1.000000
0 304 0.281510 0.465587 0.059896 0.192308 1.000000
0 305 0.281510 0.462551 0.060937 0.196356 1.000000
0 306 0.281510 0.460020 0.059896 0.201417 1.000000
0 307 0.280208 0.457490 0.067708 0.204453 1.000000
0 308 0.277865 0.459008 0.093229 0.205466 1.000000
0 309 0.277344 0.461538 0.101562 0.204453 1.000000
0 310 0.279948 0.462551 0.096354 0.202429 1.000000
0 311 0.280990 0.463563 0.089063 0.202429 1.000000
0 312 0.283594 0.462551 0.068229 0.200405 1.000000
0 313 0.279687 0.463057 0.065625 0.199393 1.000000
0 314 0.278906 0.465081 0.068229 0.197368 1.000000
0 315 0.278906 0.466599 0.071354 0.192308 1.000000
0 316 0.278906 0.469636 0.074479 0.188259 1.000000
0 317 0.279167 0.475709 0.077083 0.178138 1.000000
0 318 0.278125 0.475202 0.078125 0.177126 1.000000
0 319 0.276823 0.473684 0.078646 0.178138 1.000000
0 320 0.274740 0.472166 0.077604 0.183198 1.000000
0 321 0.275781 0.469636 0.070312 0.186235 1.000000
0 322 0.269271 0.467611 0.063542 0.190283 1.000000
0 323 0.264844 0.467105 0.064062 0.191296 1.000000
0 324 0.266927 0.468117 0.071354 0.191296 1.000000
0 325 0.265104 0.468623 0.067708 0.188259 1.000000
0 326 0.265625 0.469636 0.063542 0.188259 1.000000
0 327 0.263021 0.468623 0.043750 0.188259 1.000000
0 328 0.260937 0.467611 0.039583 0.190283 1.000000
0 329 0.261719 0.466599 0.039062 0.192308 1.000000
0 330 0.264844 0.465587 0.046354 0.194332 1.000000
0 331 0.267969 0.465081 0.052604 0.195344 1.000000
0 332 0.268229 0.468623 0.066667 0.194332 1.000000
0 333 0.267188 0.471660 0.068750 0.188259 1.000000
0 334 0.266927 0.475202 0.069271 0.181174 1.000000
0 335 0.267448 0.477227 0.069271 0.177126 1.000000
0 336 0.266667 0.477733 0.067708 0.176113 1.000000
0 337 0.266406 0.470648 0.069271 0.188259 1.000000
0 338 0.267448 0.467105 0.068229 0.195344 1.000000
0 339 0.269271 0.464069 0.064583 0.201417 1.000000
0 340 0.264062 0.460526 0.075000 0.202429 1.000000
0 341 0.262240 0.457490 0.082812 0.200405 1.000000
0 342 0.260417 0.454453 0.083333 0.206478 1.000000
0 343 0.265365 0.457996 0.064062 0.203441 1.000000
0 344 0.266406 0.461032 0.054688 0.195344 1.000000
0 345 0.261198 0.464069 0.057813 0.189271 1.000000
0 346 0.258333 0.467105 0.052083 0.185223 1.000000
0 347 0.252604 0.473684 0.046875 0.182186 1.000000
0 348 0.253906 0.485324 0.063021 0.173077 1.000000
0 349 0.252604 0.490891 0.065625 0.163968 1.000000
0 350 0.242188 0.494939 0.063542 0.153846 1.000000
0 351 0.236198 0.501518 0.057813 0.142713 1.000000
0 352 0.234896 0.504555 0.053125 0.130567 1.000000
0 353 0.231250 0.514676 0.062500 0.112348 1.000000
0 354 0.220833 0.519231 0.073958 0.109312 1.000000
0 355 0.214062 0.521255 0.066667 0.107287 1.000000
0 356 0.214062 0.521761 0.064583 0.106275 1.000000
0 357 0.213281 0.522773 0.059896 0.102227 1.000000
0 358 0.206771 0.522773 0.048958 0.110324 1.000000
0 359 0.203906 0.523785 0.043229 0.106275 1.000000
0 368 0.178906 0.511640 0.040104 0.114372 1.000000
0 369 0.178385 0.509109 0.042188 0.119433 1.000000
0 370 0.177604 0.505567 0.045833 0.126518 1.000000
0 371 0.172396 0.503543 0.047917 0.138664 1.000000
0 372 0.167448 0.500000 0.047396 0.149798 1.000000
0 373 0.167448 0.488866 0.048438 0.172065 1.000000
0 374 0.167708 0.483300 0.044792 0.183198 1.000000
0 375 0.168229 0.475709 0.042708 0.190283 1.000000
0 376 0.167708 0.473684 0.042708 0.202429 1.000000
0 377 0.171875 0.467611 0.048958 0.208502 1.000000
0 378 0.173958 0.462551 0.047917 0.218623 1.000000
0 379 0.177344 0.455466 0.047396 0.208502 1.000000
0 380 0.179688 0.454453 0.045833 0.206478 1.000000
0 381 0.182031 0.455972 0.043229 0.203441 1.000000
0 382 0.177604 0.458502 0.044792 0.198381 1.000000
0 383 0.175781 0.461032 0.043229 0.191296 1.000000
0 384 0.180208 0.470142 0.040625 0.177126 1.000000
0 385 0.182031 0.470648 0.044271 0.176113 1.000000
0 386 0.183333 0.466599 0.045833 0.182186 1.000000
0 387 0.184375 0.460526 0.046875 0.194332 1.000000
0 388 0.185677 0.454453 0.044271 0.208502 1.000000
0 389 0.178385 0.426619 0.050521 0.237854 1.000000
0 390 0.173958 0.411943 0.054167 0.261134 1.000000
0 391 0.172135 0.400810 0.059896 0.261134 1.000000
0 392 0.171354 0.391700 0.063542 0.248988 1.000000
0 393 0.170313 0.385628 0.065625 0.232794 1.000000
0 394 0.171615 0.389676 0.067187 0.226721 1.000000
0 395 0.172917 0.397773 0.068750 0.240891 1.000000
0 396 0.175000 0.409919 0.066667 0.255061 1.000000
0 397 0.183854 0.421053 0.075000 0.251012 1.000000
0 398 0.191146 0.437247 0.083333 0.228745 1.000000
0 399 0.201563 0.465081 0.083333 0.187247 1.000000
0 400 0.202604 0.472166 0.077083 0.173077 1.000000
0 401 0.202083 0.480263 0.065625 0.154858 1.000000
0 402 0.202865 0.489372 0.054688 0.134615 1.000000
0 403 0.205469 0.500506 0.051562 0.118421 1.000000
0 404 0.214844 0.513664 0.048438 0.102227 1.000000
0 405 0.213021 0.515688 0.054167 0.096154 1.000000
0 406 0.212760 0.518725 0.063021 0.094130 1.000000
0 407 0.220312 0.517206 0.072917 0.097166 1.000000
0 408 0.226042 0.517713 0.065625 0.098178 1.000000
0 409 0.228385 0.517206 0.050521 0.097166 1.000000
0 410 0.229427 0.516700 0.048438 0.098178 1.000000
0 411 0.234375 0.516194 0.052083 0.099190 1.000000
0 412 0.240885 0.514170 0.053646 0.101215 1.000000
0 413 0.242708 0.511134 0.057292 0.107287 1.000000
0 414 0.243750 0.510628 0.052083 0.108300 1.000000
0 415 0.245052 0.514170 0.046354 0.099190 1.000000
0 416 0.252604 0.515688 0.046875 0.096154 1.000000
0 417 0.264323 0.517206 0.056771 0.095142 1.000000
0 418 0.270833 0.518219 0.067708 0.093117 1.000000
0 419 0.275781 0.518219 0.074479 0.093117 1.000000
0 420 0.276562 0.515688 0.075000 0.096154 1.000000
0 421 0.277865 0.513158 0.075521 0.101215 1.000000
0 422 0.279427 0.509615 0.077604 0.108300 1.000000
0 423 0.280729 0.505061 0.087500 0.113360 1.000000
0 424 0.279687 0.502024 0.097917 0.119433 1.000000
0 425 0.278646 0.497470 0.111458 0.128543 1.000000
0 426 0.278125 0.485324 0.111458 0.150810 1.000000
0 427 0.281771 0.478239 0.108333 0.164980 1.000000
0 428 0.287240 0.477227 0.099479 0.167004 1.000000
0 429 0.292708 0.478745 0.092708 0.163968 1.000000
0 430 0.295573 0.502024 0.090104 0.119433 1.000000
0 431 0.296875 0.504049 0.088542 0.117409 1.000000
0 432 0.300781 0.505061 0.081771 0.113360 1.000000
0 433 0.297396 0.507591 0.086458 0.108300 1.000000
0 434 0.294531 0.511640 0.093229 0.100202 1.000000
0 435 0.290625 0.525304 0.100000 0.080972 1.000000
0 436 0.289583 0.533401 0.101042 0.064777 1.000000
0 437 0.288802 0.537955 0.100521 0.055668 1.000000
0 438 0.288281 0.539980 0.099479 0.051619 1.000000
0 439 0.287240 0.538968 0.098437 0.053644 1.000000
0 440 0.285156 0.535931 0.095312 0.057692 1.000000
0 441 0.283594 0.535425 0.093229 0.060729 1.000000
0 442 0.282552 0.532895 0.091146 0.067814 1.000000
0 443 0.280729 0.529352 0.087500 0.072874 1.000000
0 444 0.280729 0.527834 0.087500 0.075911 1.000000
0 445 0.275781 0.520243 0.076563 0.089069 1.000000
0 446 0.269271 0.517206 0.071875 0.097166 1.000000
0 447 0.261458 0.515688 0.078125 0.100202 1.000000
0 448 0.255990 0.513664 0.080729 0.104251 1.000000
0 449 0.249479 0.514170 0.075000 0.103239 1.000000
0 450 0.248958 0.516194 0.079167 0.101215 1.000000
0 451 0.250260 0.515182 0.081771 0.101215 1.000000
0 452 0.249479 0.514676 0.078125 0.102227 1.000000
0 453 0.244792 0.513158 0.068750 0.103239 1.000000
0 454 0.241667 0.512652 0.062500 0.104251 1.000000
0 455 0.232292 0.511640 0.044792 0.106275 1.000000
0 456 0.232813 0.510628 0.045833 0.104251 1.000000
0 457 0.230729 0.510121 0.045833 0.105263 1.000000
0 458 0.231250 0.509615 0.046875 0.104251 1.000000
0 459 0.230990 0.509615 0.049479 0.104251 1.000000
0 460 0.230729 0.508603 0.053125 0.106275 1.000000
0 461 0.229427 0.505567 0.056771 0.110324 1.000000
0 462 0.228125 0.504049 0.057292 0.113360 1.000000
0 463 0.226823 0.501012 0.056771 0.119433 1.000000
0 464 0.225521 0.496964 0.055208 0.125506 1.000000
0 465 0.224219 0.489372 0.054688 0.126518 1.000000
0 466 0.223177 0.480263 0.055729 0.136640 1.000000
0 467 0.222656 0.476215 0.054688 0.142713 1.000000
0 468 0.223438 0.474190 0.056250 0.148785 1.000000
0 469 0.221615 0.471660 0.051562 0.153846 1.000000
0 470 0.215104 0.472672 0.039583 0.165992 1.000000
0 471 0.216146 0.468623 0.040625 0.172065 1.000000
0 472 0.215104 0.467611 0.041667 0.174089 1.000000
0 473 0.209896 0.467105 0.039583 0.177126 1.000000
0 474 0.208333 0.467105 0.038542 0.179150 1.000000
0 475 0.208854 0.461032 0.043750 0.171053 1.000000
0 476 0.203646 0.462045 0.038542 0.173077 1.000000
0 477 0.203385 0.462551 0.035937 0.172065 1.000000
0 478 0.204427 0.462045 0.032813 0.173077 1.000000
0 479 0.205208 0.461538 0.031250 0.176113 1.000000
0 480 0.206510 0.461032 0.030729 0.179150 1.000000
0 481 0.205990 0.458502 0.029687 0.182186 1.000000
0 482 0.206510 0.457996 0.030729 0.183198 1.000000
0 483 0.207031 0.457996 0.031771 0.183198 1.000000
0 484 0.207292 0.457490 0.030208 0.184211 1.000000
0 485 0.208333 0.457996 0.029167 0.183198 1.000000
0 486 0.211719 0.461538 0.033854 0.184211 1.000000
0 487 0.211979 0.462045 0.036458 0.181174 1.000000
0 488 0.215625 0.464069 0.034375 0.177126 1.000000
0 489 0.215365 0.465587 0.040104 0.174089 1.000000
0 490 0.217708 0.465587 0.054167 0.172065 1.000000
0 491 0.222656 0.463057 0.070312 0.181174 1.000000
0 492 0.230208 0.460526 0.070833 0.186235 1.000000
0 493 0.239323 0.459514 0.078646 0.196356 1.000000
0 494 0.245573 0.455466 0.082812 0.202429 1.000000
0 495 0.247396 0.455466 0.087500 0.218623 1.000000
0 496 0.251302 0.440789 0.095312 0.207490 1.000000
0 497 0.253385 0.440283 0.099479 0.210526 1.000000
0 498 0.255208 0.441296 0.102083 0.210526 1.000000
0 499 0.257292 0.443320 0.104167 0.210526 1.000000
0 500 0.259896 0.445344 0.104167 0.206478 1.000000
0 501 0.262500 0.448381 0.102083 0.200405 1.000000
0 502 0.272917 0.453441 0.081250 0.192308 1.000000
0 503 0.276823 0.454453 0.066146 0.188259 1.000000
0 504 0.279167 0.450405 0.059375 0.176113 1.000000
0 505 0.281250 0.451417 0.058333 0.176113 1.000000
0 506 0.288802 0.452429 0.056771 0.174089 1.000000
0 507 0.301823 0.452935 0.046354 0.171053 1.000000
0 508 0.307031 0.452935 0.043229 0.171053 1.000000
0 509 0.310937 0.453441 0.039583 0.172065 1.000000
0 510 0.312240 0.452935 0.041146 0.173077 1.000000
0 511 0.316406 0.451923 0.047396 0.173077 1.000000
0 512 0.324479 0.457996 0.054167 0.183198 1.000000
0 513 0.330729 0.459008 0.050000 0.183198 1.000000
0 514 0.334635 0.459514 0.042188 0.176113 1.000000
0 515 0.337500 0.461538 0.040625 0.176113 1.000000
0 516 0.338542 0.461538 0.044792 0.176113 1.000000
0 517 0.336719 0.454960 0.045312 0.189271 1.000000
0 518 0.335677 0.449393 0.044271 0.200405 1.000000
0 519 0.331771 0.437247 0.044792 0.216599 1.000000
0 520 0.331771 0.413968 0.040625 0.230769 1.000000
0 521 0.330208 0.396255 0.038542 0.229757 1.000000
0 522 0.329948 0.385121 0.035937 0.211538 1.000000
0 523 0.330469 0.389170 0.034896 0.217611 1.000000
0 524 0.330208 0.399291 0.033333 0.231781 1.000000
0 525 0.329948 0.410931 0.032813 0.242915 1.000000
0 526 0.330729 0.428644 0.042708 0.250000 1.000000
0 527 0.331771 0.457996 0.054167 0.213563 1.000000
0 528 0.328906 0.466093 0.048438 0.199393 1.000000
0 529 0.330469 0.468623 0.051562 0.192308 1.000000
0 530 0.334375 0.471154 0.051042 0.189271 1.000000
0 531 0.331510 0.472166 0.052604 0.185223 1.000000
0 532 0.327865 0.477733 0.048438 0.174089 1.000000
0 533 0.326042 0.480263 0.048958 0.167004 1.000000
0 534 0.324219 0.486336 0.046354 0.160931 1.000000
0 535 0.311458 0.496964 0.058333 0.143725 1.000000
0 536 0.308073 0.501518 0.059896 0.132591 1.000000
0 537 0.300000 0.511134 0.068750 0.121457 1.000000
0 538 0.299740 0.512652 0.068229 0.118421 1.000000
0 539 0.298177 0.511640 0.068229 0.118421 1.000000
0 540 0.299219 0.509615 0.063021 0.122470 1.000000
0 541 0.297917 0.504049 0.063542 0.131579 1.000000
0 542 0.296094 0.498988 0.063021 0.145749 1.000000
0 543 0.290885 0.484312 0.060937 0.167004 1.000000
0 544 0.285156 0.477733 0.052604 0.174089 1.000000
0 545 0.278646 0.472672 0.041667 0.184211 1.000000
0 546 0.273177 0.470142 0.034896 0.191296 1.000000
0 547 0.270833 0.468117 0.034375 0.195344 1.000000
0 548 0.259896 0.470648 0.043750 0.198381 1.000000
0 549 0.253125 0.473178 0.050000 0.195344 1.000000
0 550 0.247135 0.476215 0.055729 0.187247 1.000000
0 551 0.242969 0.481781 0.059896 0.178138 1.000000
0 552 0.242708 0.486336 0.063542 0.164980 1.000000
0 553 0.233333 0.497470 0.065625 0.150810 1.000000
0 554 0.232813 0.504555 0.065625 0.136640 1.000000
0 555 0.233073 0.512652 0.066146 0.118421 1.000000
0 556 0.233073 0.518725 0.067187 0.108300 1.000000
0 557 0.232552 0.522773 0.066146 0.100202 1.000000
0 558 0.232292 0.523785 0.065625 0.102227 1.000000
0 559 0.232813 0.521761 0.065625 0.104251 1.000000
0 560 0.233594 0.518219 0.065104 0.109312 1.000000
0 561 0.232813 0.512146 0.064583 0.119433 1.000000
0 562 0.232031 0.507085 0.065104 0.129555 1.000000
0 563 0.230208 0.495951 0.064583 0.153846 1.000000
0 564 0.226562 0.489879 0.058333 0.163968 1.000000
0 565 0.220833 0.481781 0.061458 0.165992 1.000000
0 566 0.216667 0.480263 0.069792 0.179150 1.000000
0 567 0.216667 0.477733 0.063542 0.186235 1.000000
0 568 0.213021 0.457490 0.058333 0.228745 1.000000
0 569 0.219271 0.451417 0.042708 0.242915 1.000000
0 570 0.219010 0.445850 0.042188 0.252024 1.000000
0 571 0.220312 0.448381 0.045833 0.251012 1.000000
0 572 0.223698 0.452935 0.051562 0.239879 1.000000
0 573 0.232552 0.470648 0.068229 0.204453 1.000000
0 574 0.235156 0.474696 0.070312 0.198381 1.000000
0 575 0.234896 0.474190 0.068750 0.197368 1.000000
0 576 0.231250 0.474696 0.062500 0.194332 1.000000
0 577 0.227865 0.476721 0.053646 0.194332 1.000000
0 578 0.226042 0.478745 0.047917 0.184211 1.000000
0 579 0.228646 0.481781 0.053125 0.176113 1.000000
0 580 0.229427 0.483300 0.054688 0.169028 1.000000
0 581 0.229687 0.485830 0.056250 0.163968 1.000000
0 582 0.228906 0.486336 0.058854 0.158907 1.000000
0 583 0.229167 0.487348 0.057292 0.156883 1.000000
0 584 0.228125 0.474190 0.058333 0.179150 1.000000
0 585 0.226823 0.468117 0.058854 0.189271 1.000000
0 586 0.225781 0.462045 0.058854 0.197368 1.000000
0 587 0.224479 0.457996 0.059375 0.203441 1.000000
0 588 0.223698 0.454960 0.058854 0.207490 1.000000
0 589 0.223958 0.456984 0.051042 0.203441 1.000000
0 590 0.222917 0.462551 0.043750 0.202429 1.000000
0 591 0.219010 0.473684 0.045312 0.204453 1.000000
0 592 0.217708 0.478239 0.044792 0.203441 1.000000
0 593 0.218229 0.478239 0.045833 0.205466 1.000000
0 594 0.217448 0.477227 0.043229 0.203441 1.000000
0 595 0.217188 0.478239 0.042708 0.201417 1.000000
0 596 0.218229 0.474190 0.039583 0.197368 1.000000
0 597 0.217448 0.472166 0.041146 0.201417 1.000000
0 598 0.216406 0.471660 0.040104 0.202429 1.000000
0 599 0.213021 0.473178 0.037500 0.187247 1.000000
0 600 0.209115 0.473178 0.033854 0.185223 1.000000
0 601 0.209115 0.469130 0.038021 0.177126 1.000000
0 602 0.209375 0.466599 0.041667 0.168016 1.000000
0 603 0.209375 0.466599 0.045833 0.163968 1.000000
