0 1 0.747135 0.531883 0.044271 0.231781 1.000000
0 2 0.746615 0.532895 0.043229 0.231781 1.000000
0 3 0.746354 0.532389 0.041667 0.232794 1.000000
0 4 0.745313 0.531883 0.041667 0.233806 1.000000
0 5 0.744531 0.531377 0.041146 0.234818 1.000000
0 6 0.742969 0.531377 0.041146 0.234818 1.000000
0 7 0.741927 0.531883 0.041146 0.235830 1.000000
0 8 0.740365 0.530870 0.041146 0.237854 1.000000
0 9 0.739844 0.530364 0.041146 0.238866 1.000000
0 10 0.739844 0.528340 0.041146 0.238866 1.000000
0 11 0.739062 0.527834 0.041667 0.239879 1.000000
0 12 0.739062 0.526822 0.041667 0.239879 1.000000
0 13 0.738802 0.525810 0.042188 0.237854 1.000000
0 14 0.738021 0.521255 0.041667 0.232794 1.000000
0 15 0.737240 0.521255 0.042188 0.232794 1.000000
0 16 0.736979 0.521761 0.041667 0.233806 1.000000
0 17 0.736719 0.521761 0.042188 0.233806 1.000000
0 18 0.736458 0.521761 0.042708 0.233806 1.000000
0 19 0.735417 0.524291 0.043750 0.228745 1.000000
0 20 0.734896 0.526822 0.044792 0.227733 1.000000
0 21 0.733854 0.528340 0.045833 0.224696 1.000000
0 22 0.733333 0.530364 0.046875 0.220648 1.000000
0 23 0.732812 0.533401 0.047917 0.216599 1.000000
0 24 0.731771 0.536437 0.047917 0.210526 1.000000
0 25 0.730469 0.543016 0.048438 0.211538 1.000000
0 26 0.729688 0.548077 0.046875 0.215587 1.000000
0 27 0.729427 0.552126 0.045312 0.219636 1.000000
0 28 0.728646 0.553644 0.041667 0.218623 1.000000
0 29 0.727604 0.554150 0.039583 0.217611 1.000000
0 30 0.726562 0.554656 0.039583 0.216599 1.000000
0 31 0.729167 0.555668 0.045833 0.216599 1.000000
0 32 0.731250 0.555162 0.045833 0.215587 1.000000
0 33 0.733594 0.559717 0.042188 0.230769 1.000000
0 34 0.732812 0.560223 0.047917 0.241903 1.000000
0 35 0.735156 0.560729 0.060937 0.257085 1.000000
0 36 0.734896 0.562247 0.058333 0.258097 1.000000
0 37 0.734635 0.559717 0.053646 0.263158 1.000000
0 38 0.733073 0.544534 0.050521 0.293522 1.000000
0 39 0.733594 0.535425 0.050521 0.311741 1.000000
0 40 0.731771 0.529352 0.050000 0.323887 1.000000
0 41 0.732812 0.529352 0.048958 0.321862 1.000000
0 42 0.733854 0.528846 0.047917 0.322874 1.000000
0 43 0.735677 0.531883 0.048438 0.318826 1.000000
0 44 0.739583 0.543522 0.053125 0.297571 1.000000
0 45 0.740365 0.580466 0.069271 0.258097 1.000000
0 46 0.739323 0.588057 0.065104 0.242915 1.000000
0 47 0.744271 0.594636 0.068750 0.229757 1.000000
0 48 0.746875 0.600202 0.077083 0.218623 1.000000
0 49 0.743490 0.606275 0.088021 0.206478 1.000000
0 50 0.746354 0.609818 0.082292 0.199393 1.000000
0 51 0.750000 0.608300 0.075000 0.202429 1.000000
0 52 0.750000 0.604757 0.075000 0.209514 1.000000
0 53 0.750521 0.600709 0.075000 0.217611 1.000000
0 54 0.750521 0.595648 0.075000 0.227733 1.000000
0 55 0.759896 0.586538 0.093750 0.235830 1.000000
0 56 0.764323 0.582490 0.103646 0.239879 1.000000
0 57 0.767188 0.582490 0.106250 0.243927 1.000000
0 58 0.768229 0.581984 0.103125 0.244939 1.000000
0 59 0.766667 0.581984 0.098958 0.244939 1.000000
0 60 0.763802 0.581984 0.092188 0.244939 1.000000
0 61 0.761458 0.580972 0.085417 0.246964 1.000000
0 62 0.759635 0.580972 0.082812 0.248988 1.000000
0 63 0.758073 0.580466 0.079687 0.247976 1.000000
0 64 0.760938 0.579960 0.085417 0.246964 1.000000
0 65 0.763281 0.580466 0.091146 0.243927 1.000000
0 66 0.752865 0.588563 0.132812 0.235830 1.000000
0 67 0.755469 0.593117 0.120313 0.226721 1.000000
0 68 0.757031 0.593117 0.100521 0.226721 1.000000
0 69 0.755469 0.592611 0.073438 0.227733 1.000000
0 70 0.751042 0.591599 0.064583 0.229757 1.000000
0 71 0.731771 0.591599 0.066667 0.229757 1.000000
0 72 0.719010 0.590587 0.080729 0.231781 1.000000
0 73 0.722396 0.588563 0.081250 0.233806 1.000000
0 74 0.726562 0.590081 0.077083 0.242915 1.000000
0 75 0.730729 0.590081 0.068750 0.248988 1.000000
0 76 0.734635 0.589575 0.063021 0.250000 1.000000
0 77 0.735417 0.587045 0.089583 0.255061 1.000000
0 78 0.738021 0.580972 0.106250 0.269231 1.000000
0 79 0.748958 0.572368 0.092708 0.284413 1.000000
0 80 0.748698 0.565789 0.094271 0.299595 1.000000
0 81 0.735677 0.559211 0.066146 0.312753 1.000000
0 82 0.723437 0.558704 0.042708 0.311741 1.000000
0 83 0.715365 0.556174 0.036979 0.318826 1.000000
0 84 0.714323 0.552632 0.045312 0.323887 1.000000
0 85 0.709635 0.553644 0.059896 0.323887 1.000000
0 86 0.698958 0.560223 0.114583 0.308704 1.000000
0 87 0.703906 0.572874 0.118229 0.285425 1.000000
0 88 0.707292 0.584008 0.127083 0.263158 1.000000
0 89 0.709375 0.584514 0.125000 0.260121 1.000000
0 90 0.708594 0.586538 0.116146 0.256073 1.000000
0 91 0.696094 0.602733 0.081771 0.231781 1.000000
0 92 0.694271 0.611842 0.079167 0.215587 1.000000
0 93 0.693750 0.618421 0.078125 0.200405 1.000000
0 94 0.693750 0.630061 0.078125 0.177126 1.000000
0 95 0.693750 0.643725 0.078125 0.151822 1.000000
0 96 0.694271 0.649798 0.078125 0.139676 1.000000
0 97 0.694271 0.651316 0.078125 0.134615 1.000000
0 98 0.694010 0.653340 0.077604 0.132591 1.000000
0 99 0.693229 0.652834 0.078125 0.131579 1.000000
0 100 0.693229 0.652834 0.078125 0.131579 1.000000
0 101 0.693750 0.652834 0.078125 0.131579 1.000000
0 102 0.693490 0.652328 0.077604 0.132591 1.000000
0 103 0.693229 0.651822 0.077083 0.133603 1.000000
0 104 0.693229 0.651822 0.078125 0.133603 1.000000
0 105 0.692708 0.651316 0.079167 0.134615 1.000000
0 106 0.692187 0.651316 0.080208 0.134615 1.000000
0 107 0.690625 0.652328 0.082292 0.134615 1.000000
0 108 0.690104 0.652834 0.083333 0.135628 1.000000
0 109 0.689844 0.652328 0.082812 0.134615 1.000000
0 110 0.690365 0.651316 0.082812 0.136640 1.000000
0 111 0.690365 0.650304 0.082812 0.138664 1.000000
0 112 0.690365 0.649291 0.082812 0.140688 1.000000
0 113 0.688802 0.647267 0.079687 0.144737 1.000000
0 114 0.682031 0.646255 0.079687 0.146761 1.000000
0 115 0.674219 0.648785 0.076563 0.153846 1.000000
0 116 0.677083 0.650810 0.081250 0.157895 1.000000
0 117 0.679948 0.650304 0.094271 0.177126 1.000000
0 118 0.680208 0.648279 0.101042 0.179150 1.000000
0 119 0.678906 0.646255 0.103646 0.185223 1.000000
0 120 0.679427 0.649798 0.103646 0.178138 1.000000
0 121 0.678906 0.653340 0.102604 0.171053 1.000000
0 122 0.677865 0.660425 0.099479 0.156883 1.000000
0 123 0.677604 0.661943 0.098958 0.153846 1.000000
0 124 0.677604 0.662955 0.100000 0.149798 1.000000
0 125 0.677344 0.664980 0.099479 0.147773 1.000000
0 126 0.677865 0.666498 0.099479 0.142713 1.000000
0 127 0.679948 0.670040 0.095312 0.135628 1.000000
0 128 0.681250 0.672571 0.092708 0.130567 1.000000
0 129 0.682292 0.674089 0.090625 0.127530 1.000000
0 130 0.682292 0.676113 0.090625 0.123482 1.000000
0 131 0.681510 0.671559 0.092188 0.132591 1.000000
0 132 0.681250 0.667004 0.093750 0.141700 1.000000
0 133 0.679948 0.660425 0.094271 0.154858 1.000000
0 134 0.680208 0.652834 0.093750 0.170040 1.000000
0 135 0.680208 0.648279 0.093750 0.177126 1.000000
0 136 0.677865 0.641700 0.098437 0.180162 1.000000
0 137 0.676042 0.618421 0.120833 0.230769 1.000000
0 138 0.675000 0.614879 0.121875 0.245951 1.000000
0 139 0.674219 0.611842 0.119271 0.250000 1.000000
0 140 0.672656 0.612348 0.117188 0.251012 1.000000
0 141 0.672917 0.612348 0.117708 0.251012 1.000000
0 142 0.672917 0.612348 0.117708 0.251012 1.000000
0 143 0.673177 0.611842 0.118229 0.250000 1.000000
0 144 0.672656 0.611842 0.118229 0.250000 1.000000
0 145 0.672917 0.611842 0.118750 0.250000 1.000000
0 146 0.671875 0.614372 0.120833 0.244939 1.000000
0 147 0.670573 0.616903 0.123438 0.223684 1.000000
0 148 0.669271 0.643725 0.126042 0.170040 1.000000
0 149 0.669271 0.660931 0.125000 0.135628 1.000000
0 150 0.669271 0.663968 0.125000 0.133603 1.000000
0 151 0.669010 0.657389 0.126562 0.144737 1.000000
0 152 0.668750 0.655364 0.126042 0.148785 1.000000
0 153 0.669010 0.663968 0.128646 0.145749 1.000000
0 154 0.667969 0.670547 0.130729 0.130567 1.000000
0 155 0.669010 0.676113 0.132812 0.119433 1.000000
0 156 0.670573 0.685223 0.134896 0.101215 1.000000
0 157 0.672396 0.684717 0.132292 0.102227 1.000000
0 158 0.674219 0.695850 0.134896 0.079960 1.000000
0 159 0.689063 0.695850 0.104167 0.081984 1.000000
0 160 0.692448 0.702935 0.096354 0.069838 1.000000
0 161 0.690104 0.705466 0.101042 0.076923 1.000000
0 162 0.686198 0.706984 0.104688 0.088057 1.000000
0 163 0.681250 0.704453 0.108333 0.101215 1.000000
0 164 0.678646 0.702429 0.105208 0.109312 1.000000
0 165 0.677604 0.701923 0.103125 0.116397 1.000000
0 166 0.678125 0.699899 0.103125 0.120445 1.000000
0 167 0.678125 0.695344 0.103125 0.117409 1.000000
0 168 0.678646 0.691296 0.102083 0.125506 1.000000
0 169 0.678906 0.692308 0.101562 0.123482 1.000000
0 170 0.679167 0.690789 0.100000 0.126518 1.000000
0 171 0.679167 0.689777 0.098958 0.126518 1.000000
0 172 0.677083 0.690789 0.095833 0.128543 1.000000
0 173 0.676042 0.697368 0.097917 0.133603 1.000000
0 174 0.676042 0.700405 0.098958 0.127530 1.000000
0 175 0.668229 0.702935 0.085417 0.124494 1.000000
0 176 0.668750 0.705466 0.085417 0.119433 1.000000
0 177 0.669271 0.706984 0.085417 0.116397 1.000000
0 178 0.668750 0.708502 0.085417 0.115385 1.000000
0 179 0.669010 0.706984 0.084896 0.118421 1.000000
0 180 0.669531 0.704960 0.083854 0.120445 1.000000
0 181 0.668490 0.701923 0.082812 0.126518 1.000000
0 182 0.667188 0.697874 0.078125 0.136640 1.000000
0 183 0.665365 0.694332 0.074479 0.149798 1.000000
0 184 0.661719 0.682186 0.067187 0.178138 1.000000
0 185 0.660156 0.675607 0.063021 0.189271 1.000000
0 186 0.658333 0.670547 0.059375 0.199393 1.000000
0 187 0.656510 0.663968 0.056771 0.210526 1.000000
0 188 0.656250 0.660931 0.056250 0.218623 1.000000
0 189 0.656771 0.653340 0.056250 0.233806 1.000000
0 190 0.657031 0.649291 0.056771 0.241903 1.000000
0 191 0.657031 0.646255 0.056771 0.250000 1.000000
0 192 0.657552 0.641700 0.056771 0.257085 1.000000
0 193 0.657292 0.638158 0.057292 0.262146 1.000000
0 194 0.657292 0.634615 0.057292 0.269231 1.000000
0 195 0.656771 0.633603 0.060417 0.265182 1.000000
0 196 0.657292 0.635121 0.064583 0.260121 1.000000
0 197 0.658594 0.637146 0.070312 0.256073 1.000000
0 198 0.660156 0.640688 0.073438 0.253036 1.000000
0 199 0.665104 0.639676 0.076042 0.253036 1.000000
0 200 0.666927 0.636640 0.075521 0.253036 1.000000
0 201 0.670052 0.632591 0.075521 0.251012 1.000000
0 202 0.671875 0.629555 0.071875 0.251012 1.000000
0 203 0.675521 0.627530 0.068750 0.246964 1.000000
0 204 0.682031 0.625506 0.061979 0.248988 1.000000
0 205 0.684896 0.624494 0.056250 0.253036 1.000000
0 206 0.689323 0.622976 0.049479 0.256073 1.000000
0 207 0.692448 0.620951 0.040104 0.258097 1.000000
0 208 0.695573 0.617409 0.035937 0.257085 1.000000
0 209 0.700000 0.610830 0.036458 0.247976 1.000000
0 210 0.701562 0.605263 0.035417 0.238866 1.000000
0 211 0.705729 0.604251 0.037500 0.240891 1.000000
0 212 0.709115 0.600202 0.039062 0.248988 1.000000
0 213 0.712240 0.593623 0.044271 0.254049 1.000000
0 214 0.720052 0.583502 0.058854 0.252024 1.000000
0 215 0.725521 0.577429 0.065625 0.239879 1.000000
0 216 0.729167 0.577429 0.068750 0.239879 1.000000
0 217 0.731250 0.580972 0.068750 0.242915 1.000000
0 218 0.733854 0.584008 0.063542 0.236842 1.000000
0 219 0.735417 0.586538 0.061458 0.231781 1.000000
0 220 0.736979 0.586032 0.057292 0.232794 1.000000
0 221 0.738281 0.583502 0.054688 0.237854 1.000000
0 222 0.738542 0.581984 0.056250 0.240891 1.000000
0 223 0.739323 0.580972 0.057813 0.242915 1.000000
0 224 0.740104 0.579453 0.060417 0.245951 1.000000
0 225 0.741146 0.577429 0.060417 0.245951 1.000000
0 226 0.741667 0.577935 0.059375 0.246964 1.000000
0 227 0.741667 0.577429 0.057292 0.245951 1.000000
0 228 0.741146 0.576923 0.056250 0.246964 1.000000
0 229 0.740365 0.577935 0.053646 0.246964 1.000000
0 230 0.739583 0.577429 0.053125 0.247976 1.000000
0 231 0.738802 0.577429 0.054688 0.247976 1.000000
0 232 0.737760 0.574899 0.055729 0.244939 1.000000
0 233 0.737500 0.574899 0.056250 0.244939 1.000000
0 234 0.736719 0.574899 0.056771 0.244939 1.000000
0 235 0.736458 0.574393 0.059375 0.245951 1.000000
0 236 0.736719 0.575405 0.058854 0.245951 1.000000
0 237 0.736458 0.575405 0.058333 0.245951 1.000000
0 238 0.736458 0.575405 0.058333 0.247976 1.000000
0 239 0.736458 0.574899 0.057292 0.246964 1.000000
0 240 0.737240 0.575911 0.057813 0.248988 1.000000
0 241 0.738281 0.576923 0.056771 0.248988 1.000000
0 242 0.738281 0.576923 0.055729 0.248988 1.000000
0 243 0.738802 0.576417 0.053646 0.247976 1.000000
0 244 0.739844 0.578441 0.053646 0.245951 1.000000
0 245 0.738542 0.581478 0.056250 0.239879 1.000000
0 246 0.739062 0.581478 0.054167 0.239879 1.000000
0 247 0.739323 0.581478 0.053646 0.239879 1.000000
0 248 0.739062 0.577429 0.054167 0.247976 1.000000
0 249 0.739583 0.573887 0.056250 0.251012 1.000000
0 250 0.735938 0.564271 0.062500 0.268219 1.000000
0 251 0.736198 0.552632 0.064062 0.291498 1.000000
0 252 0.735938 0.551619 0.064583 0.293522 1.000000
0 253 0.735938 0.552126 0.063542 0.292510 1.000000
0 254 0.736719 0.553644 0.064062 0.291498 1.000000
0 255 0.735677 0.558704 0.064062 0.281377 1.000000
0 256 0.736458 0.563765 0.063542 0.271255 1.000000
0 257 0.735938 0.572874 0.063542 0.253036 1.000000
0 258 0.738281 0.582996 0.068229 0.234818 1.000000
0 259 0.741667 0.582490 0.076042 0.235830 1.000000
0 260 0.744531 0.579960 0.080729 0.242915 1.000000
0 261 0.736719 0.572368 0.108854 0.250000 1.000000
0 262 0.738802 0.571862 0.122396 0.251012 1.000000
0 263 0.736198 0.573887 0.120313 0.253036 1.000000
0 264 0.738021 0.573381 0.116667 0.252024 1.000000
0 265 0.741406 0.573381 0.109896 0.254049 1.000000
0 266 0.741927 0.577429 0.106771 0.245951 1.000000
0 267 0.739583 0.576923 0.078125 0.246964 1.000000
0 268 0.733073 0.577935 0.066146 0.242915 1.000000
0 269 0.731771 0.579453 0.068750 0.239879 1.000000
0 270 0.731771 0.582996 0.069792 0.234818 1.000000
0 271 0.731771 0.587045 0.068750 0.226721 1.000000
0 272 0.730729 0.585020 0.068750 0.230769 1.000000
0 273 0.730729 0.582490 0.067708 0.235830 1.000000
0 274 0.729167 0.580972 0.063542 0.240891 1.000000
0 275 0.724219 0.577429 0.057813 0.245951 1.000000
0 276 0.722917 0.574393 0.055208 0.252024 1.000000
0 277 0.721875 0.575405 0.056250 0.252024 1.000000
0 278 0.720052 0.576417 0.054688 0.250000 1.000000
0 279 0.720833 0.575405 0.057292 0.254049 1.000000
0 280 0.720833 0.573381 0.059375 0.254049 1.000000
0 281 0.721615 0.577935 0.063021 0.244939 1.000000
0 282 0.723698 0.578441 0.068229 0.243927 1.000000
0 283 0.723958 0.581478 0.067708 0.245951 1.000000
0 284 0.724740 0.583502 0.068229 0.243927 1.000000
0 285 0.724740 0.587045 0.068229 0.236842 1.000000
0 286 0.725260 0.591599 0.066146 0.227733 1.000000
0 287 0.726823 0.592105 0.065104 0.228745 1.000000
0 288 0.728385 0.591599 0.073438 0.229757 1.000000
0 289 0.724740 0.588563 0.073438 0.235830 1.000000
0 290 0.723437 0.582996 0.070833 0.244939 1.000000
0 291 0.716927 0.578441 0.083854 0.256073 1.000000
0 292 0.711979 0.576923 0.091667 0.259109 1.000000
0 293 0.712760 0.572874 0.085938 0.263158 1.000000
0 294 0.719271 0.566802 0.065625 0.271255 1.000000
0 295 0.722656 0.564777 0.047396 0.273279 1.000000
0 296 0.719271 0.574899 0.048958 0.267206 1.000000
0 297 0.720833 0.576923 0.062500 0.263158 1.000000
0 298 0.719010 0.581984 0.072396 0.255061 1.000000
0 299 0.715365 0.585020 0.079687 0.248988 1.000000
0 300 0.711979 0.591093 0.076042 0.238866 1.000000
0 301 0.708333 0.597166 0.072917 0.226721 1.000000
0 302 0.695573 0.612348 0.056771 0.194332 1.000000
0 303 0.692187 0.621964 0.052083 0.175101 1.000000
0 304 0.691927 0.629049 0.051562 0.158907 1.000000
0 305 0.689844 0.635628 0.069271 0.145749 1.000000
0 306 0.679948 0.643219 0.085938 0.140688 1.000000
0 307 0.666146 0.652328 0.082292 0.136640 1.000000
0 308 0.665625 0.654352 0.080208 0.138664 1.000000
0 309 0.665104 0.651822 0.073958 0.135628 1.000000
0 310 0.662240 0.649798 0.067187 0.135628 1.000000
0 311 0.654687 0.650304 0.063542 0.136640 1.000000
0 312 0.650521 0.648785 0.070833 0.141700 1.000000
0 313 0.648177 0.648785 0.068229 0.143725 1.000000
0 314 0.646615 0.644231 0.068229 0.136640 1.000000
0 315 0.640885 0.642713 0.073438 0.131579 1.000000
0 316 0.631771 0.644231 0.079167 0.130567 1.000000
0 317 0.620833 0.647773 0.075000 0.131579 1.000000
0 318 0.617188 0.648279 0.070833 0.130567 1.000000
0 319 0.616667 0.647267 0.069792 0.134615 1.000000
0 320 0.616146 0.644737 0.068750 0.137652 1.000000
0 321 0.615885 0.641700 0.068229 0.147773 1.000000
0 322 0.615625 0.629049 0.068750 0.173077 1.000000
0 323 0.616406 0.621964 0.071354 0.183198 1.000000
0 324 0.616667 0.616397 0.070833 0.194332 1.000000
0 325 0.616667 0.612348 0.070833 0.204453 1.000000
0 326 0.616406 0.607794 0.069271 0.211538 1.000000
0 327 0.614323 0.599696 0.067187 0.231781 1.000000
0 328 0.608333 0.595142 0.066667 0.240891 1.000000
0 329 0.605729 0.591599 0.061458 0.250000 1.000000
0 330 0.602344 0.587045 0.055729 0.251012 1.000000
0 331 0.601562 0.581478 0.050000 0.245951 1.000000
0 332 0.605208 0.578947 0.044792 0.234818 1.000000
0 333 0.607292 0.580466 0.041667 0.227733 1.000000
0 334 0.610156 0.587045 0.041146 0.228745 1.000000
0 335 0.613281 0.591599 0.038021 0.225709 1.000000
0 336 0.614323 0.594130 0.039062 0.220648 1.000000
0 337 0.626302 0.592611 0.058854 0.223684 1.000000
0 338 0.626042 0.586538 0.055208 0.235830 1.000000
0 339 0.629427 0.577935 0.061979 0.253036 1.000000
0 340 0.635677 0.568320 0.076563 0.264170 1.000000
0 341 0.633333 0.560223 0.087500 0.268219 1.000000
0 342 0.623958 0.552632 0.102083 0.265182 1.000000
0 343 0.619271 0.524291 0.103125 0.279352 1.000000
0 344 0.616406 0.503036 0.093229 0.281377 1.000000
0 345 0.614844 0.492409 0.081771 0.260121 1.000000
0 346 0.618490 0.500506 0.078646 0.276316 1.000000
0 347 0.619531 0.510628 0.083854 0.256073 1.000000
0 348 0.637240 0.563765 0.113021 0.277328 1.000000
0 349 0.642188 0.584008 0.113542 0.253036 1.000000
0 350 0.643750 0.592105 0.102083 0.236842 1.000000
0 351 0.647135 0.600709 0.093229 0.215587 1.000000
0 352 0.645312 0.610830 0.078125 0.195344 1.000000
0 353 0.645573 0.630567 0.059896 0.155870 1.000000
0 354 0.645573 0.642713 0.053646 0.133603 1.000000
0 355 0.646875 0.651822 0.057292 0.123482 1.000000
0 356 0.642708 0.655870 0.064583 0.113360 1.000000
0 357 0.640625 0.657895 0.072917 0.111336 1.000000
0 358 0.658854 0.655364 0.090625 0.114372 1.000000
0 359 0.670573 0.653846 0.076563 0.117409 1.000000
0 360 0.673958 0.654858 0.072917 0.117409 1.000000
0 361 0.675260 0.655364 0.070312 0.116397 1.000000
0 362 0.675521 0.656377 0.068750 0.114372 1.000000
0 363 0.684635 0.654352 0.072396 0.112348 1.000000
0 364 0.692708 0.654858 0.069792 0.113360 1.000000
0 365 0.698958 0.654352 0.063542 0.114372 1.000000
0 366 0.699740 0.652328 0.066146 0.118421 1.000000
0 367 0.700260 0.650810 0.067187 0.117409 1.000000
0 368 0.719531 0.651316 0.093229 0.118421 1.000000
0 369 0.733333 0.649291 0.098958 0.116397 1.000000
0 370 0.743490 0.649291 0.095312 0.116397 1.000000
0 371 0.746094 0.649798 0.099479 0.117409 1.000000
0 372 0.747656 0.646255 0.100521 0.124494 1.000000
0 373 0.752083 0.635628 0.103125 0.135628 1.000000
0 374 0.753385 0.630567 0.107813 0.141700 1.000000
0 375 0.757292 0.625000 0.106250 0.150810 1.000000
0 376 0.761979 0.620951 0.102083 0.160931 1.000000
0 377 0.766146 0.616903 0.097917 0.171053 1.000000
0 378 0.767969 0.608806 0.101562 0.183198 1.000000
0 379 0.766406 0.607287 0.107813 0.186235 1.000000
0 380 0.760156 0.607287 0.121354 0.186235 1.000000
0 381 0.757031 0.607287 0.130729 0.188259 1.000000
0 382 0.754687 0.604757 0.134375 0.195344 1.000000
0 383 0.753906 0.593623 0.134896 0.217611 1.000000
0 384 0.765365 0.585020 0.113021 0.232794 1.000000
0 385 0.773177 0.591599 0.096354 0.221660 1.000000
0 386 0.773438 0.601721 0.096875 0.201417 1.000000
0 387 0.774219 0.614372 0.094271 0.178138 1.000000
0 388 0.775521 0.614879 0.093750 0.175101 1.000000
0 389 0.776823 0.621964 0.092188 0.162955 1.000000
0 390 0.773958 0.632085 0.096875 0.142713 1.000000
0 391 0.771875 0.649291 0.102083 0.124494 1.000000
0 392 0.769271 0.656377 0.106250 0.112348 1.000000
0 393 0.768750 0.664474 0.106250 0.096154 1.000000
0 394 0.768490 0.672571 0.105729 0.079960 1.000000
0 395 0.768490 0.673077 0.106771 0.078947 1.000000
0 396 0.768490 0.673077 0.106771 0.080972 1.000000
0 397 0.768229 0.672065 0.107292 0.082996 1.000000
0 398 0.768490 0.671559 0.107813 0.084008 1.000000
0 399 0.768490 0.672065 0.108854 0.085020 1.000000
0 400 0.768490 0.671053 0.108854 0.085020 1.000000
0 401 0.768490 0.671559 0.108854 0.084008 1.000000
0 402 0.768490 0.671559 0.107813 0.081984 1.000000
0 403 0.768750 0.672065 0.108333 0.082996 1.000000
0 404 0.768750 0.673077 0.108333 0.082996 1.000000
0 405 0.769010 0.672571 0.107813 0.081984 1.000000
0 406 0.769010 0.673583 0.107813 0.081984 1.000000
0 407 0.768750 0.672571 0.108333 0.081984 1.000000
0 408 0.768750 0.672571 0.108333 0.081984 1.000000
0 409 0.768750 0.672571 0.108333 0.081984 1.000000
0 410 0.768490 0.672065 0.107813 0.080972 1.000000
0 411 0.768490 0.672571 0.106771 0.081984 1.000000
0 412 0.769271 0.672065 0.108333 0.082996 1.000000
0 413 0.769010 0.672065 0.107813 0.082996 1.000000
0 414 0.768750 0.672065 0.107292 0.082996 1.000000
0 415 0.768490 0.672571 0.107813 0.081984 1.000000
0 416 0.769010 0.673077 0.107813 0.082996 1.000000
0 417 0.768750 0.672571 0.107292 0.084008 1.000000
0 418 0.768750 0.672571 0.107292 0.081984 1.000000
0 419 0.768490 0.673077 0.107813 0.082996 1.000000
0 420 0.768490 0.672571 0.106771 0.084008 1.000000
0 421 0.769010 0.672065 0.107813 0.085020 1.000000
0 422 0.768750 0.672065 0.108333 0.082996 1.000000
0 423 0.769010 0.673077 0.106771 0.082996 1.000000
0 424 0.769271 0.672571 0.107292 0.084008 1.000000
0 425 0.769010 0.672065 0.107813 0.082996 1.000000
0 426 0.768750 0.673077 0.108333 0.082996 1.000000
0 427 0.769010 0.673077 0.107813 0.082996 1.000000
0 428 0.768750 0.672571 0.107292 0.084008 1.000000
0 429 0.768750 0.672065 0.107292 0.082996 1.000000
0 430 0.769271 0.672571 0.107292 0.081984 1.000000
0 431 0.769010 0.672065 0.107813 0.082996 1.000000
0 432 0.768750 0.672571 0.106250 0.084008 1.000000
0 433 0.768750 0.671559 0.107292 0.084008 1.000000
0 434 0.768750 0.672065 0.107292 0.082996 1.000000
0 435 0.768750 0.671559 0.108333 0.081984 1.000000
0 436 0.769010 0.672571 0.107813 0.081984 1.000000
0 437 0.768750 0.672571 0.107292 0.081984 1.000000
0 438 0.769010 0.672571 0.107813 0.081984 1.000000
0 439 0.768490 0.672065 0.107813 0.082996 1.000000
0 440 0.768229 0.672571 0.107292 0.084008 1.000000
0 441 0.768490 0.672065 0.107813 0.085020 1.000000
0 442 0.767969 0.672571 0.106771 0.084008 1.000000
0 443 0.767448 0.671559 0.106771 0.084008 1.000000
0 444 0.767708 0.671559 0.105208 0.084008 1.000000
0 445 0.765885 0.671559 0.102604 0.084008 1.000000
0 446 0.765365 0.670040 0.098437 0.082996 1.000000
0 447 0.764844 0.670547 0.092188 0.086032 1.000000
0 448 0.761719 0.670040 0.088021 0.087045 1.000000
0 449 0.757812 0.668016 0.083333 0.091093 1.000000
0 450 0.743750 0.661437 0.061458 0.104251 1.000000
0 451 0.734896 0.656883 0.046875 0.113360 1.000000
0 452 0.732812 0.655364 0.046875 0.118421 1.000000
0 453 0.730990 0.652834 0.052604 0.123482 1.000000
0 454 0.726823 0.650810 0.060937 0.127530 1.000000
0 455 0.722135 0.648279 0.066146 0.132591 1.000000
0 456 0.716146 0.646761 0.069792 0.131579 1.000000
0 457 0.711458 0.647267 0.064583 0.132591 1.000000
0 458 0.705729 0.647773 0.062500 0.131579 1.000000
0 459 0.703906 0.648279 0.067187 0.130567 1.000000
0 460 0.702604 0.648279 0.069792 0.130567 1.000000
0 461 0.691406 0.646255 0.085938 0.124494 1.000000
0 462 0.685677 0.645749 0.091146 0.125506 1.000000
0 463 0.679948 0.646761 0.092188 0.125506 1.000000
0 464 0.672917 0.645749 0.084375 0.125506 1.000000
0 465 0.665625 0.644231 0.072917 0.128543 1.000000
0 466 0.664323 0.633097 0.070312 0.144737 1.000000
0 467 0.664844 0.621964 0.070312 0.144737 1.000000
0 468 0.664062 0.616903 0.070833 0.154858 1.000000
0 469 0.664583 0.610324 0.070833 0.163968 1.000000
0 470 0.664583 0.602733 0.070833 0.171053 1.000000
0 471 0.663802 0.592105 0.070312 0.190283 1.000000
0 472 0.662500 0.588057 0.066667 0.198381 1.000000
0 473 0.659115 0.586032 0.059896 0.202429 1.000000
0 474 0.656510 0.582996 0.055729 0.204453 1.000000
0 475 0.653906 0.581478 0.050521 0.207490 1.000000
0 476 0.650260 0.585526 0.042188 0.229757 1.000000
0 477 0.649219 0.586032 0.041146 0.240891 1.000000
0 478 0.648698 0.585020 0.040104 0.248988 1.000000
0 479 0.648698 0.583502 0.039062 0.252024 1.000000
0 480 0.648438 0.582490 0.039583 0.256073 1.000000
0 481 0.652865 0.580466 0.034896 0.258097 1.000000
0 482 0.656250 0.581478 0.030208 0.258097 1.000000
0 483 0.658073 0.580972 0.028646 0.259109 1.000000
0 484 0.658594 0.580466 0.029687 0.260121 1.000000
0 485 0.660677 0.580466 0.027604 0.260121 1.000000
0 486 0.663542 0.581478 0.033333 0.256073 1.000000
0 487 0.666146 0.582996 0.038542 0.253036 1.000000
0 488 0.666146 0.585526 0.045833 0.250000 1.000000
0 489 0.665365 0.586538 0.051562 0.247976 1.000000
0 490 0.663802 0.587045 0.059896 0.246964 1.000000
0 491 0.669531 0.586032 0.077604 0.246964 1.000000
0 492 0.679167 0.584514 0.088542 0.250000 1.000000
0 493 0.685677 0.582490 0.100521 0.256073 1.000000
0 494 0.689844 0.577429 0.108854 0.258097 1.000000
0 495 0.692187 0.569838 0.114583 0.257085 1.000000
0 496 0.696615 0.565789 0.118229 0.267206 1.000000
0 497 0.698698 0.565789 0.123438 0.267206 1.000000
0 498 0.700521 0.565283 0.125000 0.268219 1.000000
0 499 0.702604 0.567308 0.128125 0.266194 1.000000
0 500 0.707031 0.569838 0.122396 0.261134 1.000000
0 501 0.707292 0.573887 0.126042 0.255061 1.000000
0 502 0.715625 0.582996 0.116667 0.251012 1.000000
0 503 0.721875 0.581478 0.108333 0.247976 1.000000
0 504 0.730729 0.581478 0.092708 0.247976 1.000000
0 505 0.734635 0.579960 0.084896 0.248988 1.000000
0 506 0.734896 0.578441 0.090625 0.241903 1.000000
0 507 0.734115 0.580972 0.094271 0.228745 1.000000
0 508 0.736458 0.583502 0.087500 0.225709 1.000000
0 509 0.742708 0.585020 0.077083 0.222672 1.000000
0 510 0.751823 0.585526 0.063021 0.221660 1.000000
0 511 0.759115 0.586032 0.051562 0.222672 1.000000
0 512 0.764062 0.584514 0.056250 0.223684 1.000000
0 513 0.770573 0.585526 0.059896 0.225709 1.000000
0 514 0.775260 0.590587 0.056771 0.233806 1.000000
0 515 0.778646 0.592611 0.051042 0.229757 1.000000
0 516 0.790104 0.594636 0.052083 0.227733 1.000000
0 517 0.790885 0.590081 0.058854 0.236842 1.000000
0 518 0.791667 0.583502 0.060417 0.245951 1.000000
0 519 0.792708 0.569332 0.060417 0.254049 1.000000
0 520 0.793229 0.539980 0.054167 0.262146 1.000000
0 521 0.792188 0.517713 0.057292 0.245951 1.000000
0 522 0.794271 0.512146 0.052083 0.246964 1.000000
0 523 0.793750 0.514170 0.046875 0.244939 1.000000
0 524 0.798958 0.545547 0.052083 0.291498 1.000000
0 525 0.802865 0.567814 0.055729 0.299595 1.000000
0 526 0.804948 0.586032 0.058854 0.287449 1.000000
0 527 0.807552 0.602733 0.057813 0.256073 1.000000
0 528 0.812500 0.605769 0.057292 0.247976 1.000000
0 529 0.810937 0.608300 0.047917 0.244939 1.000000
0 530 0.807813 0.607287 0.040625 0.244939 1.000000
0 531 0.803385 0.610830 0.032813 0.252024 1.000000
0 532 0.802344 0.610324 0.039062 0.259109 1.000000
0 533 0.802083 0.611336 0.042708 0.257085 1.000000
0 534 0.801302 0.612854 0.044271 0.254049 1.000000
0 535 0.794271 0.618421 0.055208 0.232794 1.000000
0 536 0.789062 0.625000 0.065625 0.219636 1.000000
0 537 0.780729 0.638158 0.081250 0.193320 1.000000
0 538 0.779687 0.649291 0.083333 0.185223 1.000000
0 539 0.779427 0.654858 0.084896 0.174089 1.000000
0 540 0.779687 0.658907 0.084375 0.165992 1.000000
0 541 0.778906 0.658401 0.084896 0.167004 1.000000
0 542 0.779427 0.655870 0.084896 0.172065 1.000000
0 543 0.779167 0.640688 0.085417 0.202429 1.000000
0 544 0.778125 0.633097 0.083333 0.217611 1.000000
0 545 0.776823 0.624494 0.082812 0.234818 1.000000
0 546 0.768490 0.617915 0.071354 0.247976 1.000000
0 547 0.759896 0.611336 0.060417 0.261134 1.000000
0 548 0.744792 0.603745 0.047917 0.272267 1.000000
0 549 0.741146 0.602227 0.047917 0.271255 1.000000
0 550 0.738802 0.601721 0.050521 0.270243 1.000000
0 551 0.735156 0.603745 0.054688 0.266194 1.000000
0 552 0.729688 0.606275 0.063542 0.261134 1.000000
0 553 0.715885 0.616903 0.079687 0.241903 1.000000
0 554 0.710938 0.621964 0.085417 0.231781 1.000000
0 555 0.706771 0.628036 0.087500 0.219636 1.000000
0 556 0.704688 0.636134 0.087500 0.207490 1.000000
0 557 0.703125 0.643219 0.084375 0.195344 1.000000
0 558 0.700000 0.653846 0.078125 0.174089 1.000000
0 559 0.700000 0.657895 0.079167 0.165992 1.000000
0 560 0.699479 0.660425 0.078125 0.160931 1.000000
0 561 0.699740 0.659413 0.078646 0.162955 1.000000
0 562 0.698958 0.657895 0.077083 0.168016 1.000000
0 563 0.699740 0.648785 0.078646 0.184211 1.000000
0 564 0.699740 0.642206 0.078646 0.197368 1.000000
0 565 0.699740 0.637652 0.078646 0.208502 1.000000
0 566 0.699740 0.632085 0.078646 0.217611 1.000000
0 567 0.699740 0.629049 0.078646 0.223684 1.000000
0 568 0.699479 0.615385 0.078125 0.251012 1.000000
0 569 0.699479 0.600202 0.078125 0.281377 1.000000
0 570 0.699479 0.587551 0.078125 0.308704 1.000000
0 571 0.699479 0.581478 0.078125 0.318826 1.000000
0 572 0.699479 0.581984 0.078125 0.319838 1.000000
0 573 0.701042 0.602227 0.081250 0.277328 1.000000
0 574 0.707812 0.612854 0.094792 0.256073 1.000000
0 575 0.713021 0.620951 0.105208 0.239879 1.000000
0 576 0.710156 0.619939 0.099479 0.241903 1.000000
0 577 0.709635 0.619433 0.096354 0.242915 1.000000
0 578 0.705990 0.615385 0.068229 0.242915 1.000000
0 579 0.713021 0.614879 0.062500 0.243927 1.000000
0 580 0.714844 0.617409 0.060937 0.240891 1.000000
0 581 0.716406 0.618927 0.061979 0.237854 1.000000
0 582 0.718490 0.620951 0.068229 0.233806 1.000000
0 583 0.722917 0.621964 0.076042 0.231781 1.000000
0 584 0.722396 0.608806 0.077083 0.258097 1.000000
0 585 0.721875 0.605263 0.076042 0.265182 1.000000
0 586 0.721094 0.602733 0.077604 0.270243 1.000000
0 587 0.720573 0.599696 0.078646 0.274291 1.000000
0 588 0.719531 0.599190 0.077604 0.277328 1.000000
0 589 0.717187 0.598178 0.076042 0.279352 1.000000
0 590 0.714583 0.598684 0.072917 0.278340 1.000000
0 591 0.711979 0.601215 0.070833 0.275304 1.000000
0 592 0.710677 0.604757 0.065104 0.268219 1.000000
0 593 0.707031 0.606781 0.065104 0.264170 1.000000
0 594 0.705729 0.610324 0.066667 0.257085 1.000000
0 595 0.705990 0.608806 0.065104 0.260121 1.000000
0 596 0.705469 0.607794 0.061979 0.264170 1.000000
0 597 0.703646 0.606781 0.058333 0.266194 1.000000
0 598 0.702344 0.605769 0.054688 0.266194 1.000000
0 599 0.698438 0.606781 0.046875 0.266194 1.000000
0 600 0.694531 0.607794 0.042188 0.268219 1.000000
0 601 0.688542 0.609312 0.042708 0.269231 1.000000
0 602 0.687500 0.609818 0.042708 0.268219 1.000000
0 603 0.683073 0.609818 0.045312 0.264170 1.000000
