0 51 0.007031 0.540278 0.014063 0.158333 0.000000 0.000000 1.000000
0 52 0.015234 0.547222 0.030469 0.144444 0.008203 0.006944 1.000000
0 53 0.015234 0.547222 0.030469 0.144444 0.000000 0.000000 1.000000
0 54 0.028516 0.545833 0.041406 0.141667 0.013281 -0.001389 1.000000
0 55 0.044531 0.546528 0.039062 0.143056 0.016016 0.000694 1.000000
0 56 0.057422 0.545833 0.035156 0.141667 0.012891 -0.000694 1.000000
0 57 0.067187 0.543750 0.042188 0.145833 0.009766 -0.002083 1.000000
0 58 0.067187 0.543750 0.042188 0.145833 0.000000 0.000000 1.000000
0 59 0.081641 0.543056 0.053906 0.147222 0.014453 -0.000694 1.000000
0 60 0.088281 0.538889 0.057813 0.138889 0.006641 -0.004167 1.000000
0 61 0.096094 0.540972 0.057813 0.143056 0.007812 0.002083 1.000000
0 62 0.101562 0.543056 0.051562 0.141667 0.005469 0.002083 1.000000
0 63 0.101562 0.543056 0.051562 0.141667 0.000000 0.000000 1.000000
0 64 0.121094 0.545139 0.042188 0.140278 0.019531 0.002083 1.000000
0 65 0.129688 0.543056 0.039062 0.144444 0.008594 -0.002083 1.000000
0 66 0.131641 0.543056 0.041406 0.150000 0.001953 0.000000 1.000000
0 67 0.132031 0.540278 0.045312 0.150000 0.000391 -0.002778 1.000000
0 68 0.132031 0.540278 0.045312 0.150000 0.000000 0.000000 1.000000
0 69 0.137109 0.537500 0.058594 0.141667 0.005078 -0.002778 1.000000
0 70 0.137500 0.538889 0.057813 0.138889 0.000391 0.001389 1.000000
0 71 0.137109 0.540278 0.052344 0.133333 -0.000391 0.001389 1.000000
0 72 0.139063 0.541667 0.046875 0.133333 0.001953 0.001389 1.000000
0 73 0.139063 0.541667 0.046875 0.133333 0.000000 0.000000 1.000000
0 74 0.142969 0.542361 0.035937 0.140278 0.003906 0.000694 1.000000
0 75 0.142578 0.541667 0.032031 0.141667 -0.000391 -0.000694 1.000000
0 76 0.139844 0.542361 0.039062 0.143056 -0.002734 0.000694 1.000000
0 77 0.141016 0.542361 0.047656 0.143056 0.001172 0.000000 1.000000
0 78 0.141016 0.542361 0.047656 0.143056 0.000000 0.000000 1.000000
0 79 0.148828 0.541667 0.060156 0.133333 0.007812 -0.000694 1.000000
0 80 0.152734 0.545833 0.055469 0.133333 0.003906 0.004167 1.000000
0 81 0.158594 0.546528 0.046875 0.131944 0.005859 0.000694 1.000000
0 82 0.169531 0.547917 0.040625 0.129167 0.010937 0.001389 1.000000
0 83 0.169531 0.547917 0.040625 0.129167 0.000000 0.000000 1.000000
0 84 0.190625 0.547222 0.031250 0.133333 0.021094 -0.000694 1.000000
0 85 0.198437 0.548611 0.029687 0.133333 0.007812 0.001389 1.000000
0 86 0.213281 0.548611 0.039062 0.133333 0.014844 0.000000 1.000000
0 87 0.222656 0.548611 0.042188 0.130556 0.009375 0.000000 1.000000
0 88 0.222656 0.548611 0.042188 0.130556 0.000000 0.000000 1.000000
0 89 0.240234 0.550000 0.038281 0.125000 0.017578 0.001389 1.000000
0 90 0.246484 0.551389 0.033594 0.125000 0.006250 0.001389 1.000000
0 91 0.255469 0.550000 0.032813 0.127778 0.008984 -0.001389 1.000000
0 92 0.265625 0.547917 0.032813 0.129167 0.010156 -0.002083 1.000000
0 93 0.265625 0.547917 0.032813 0.129167 0.000000 0.000000 1.000000
0 94 0.284766 0.541667 0.032031 0.133333 0.019141 -0.006250 1.000000
0 95 0.297656 0.541667 0.039062 0.133333 0.012891 0.000000 1.000000
0 96 0.307812 0.542361 0.039062 0.134722 0.010156 0.000694 1.000000
0 97 0.316016 0.543750 0.036719 0.137500 0.008203 0.001389 1.000000
0 98 0.315625 0.543750 0.039062 0.137500 -0.000391 0.000000 1.000000
0 99 0.334375 0.545833 0.035937 0.136111 0.018750 0.002083 1.000000
0 100 0.345313 0.544444 0.034375 0.133333 0.010937 -0.001389 1.000000
0 101 0.357812 0.544444 0.034375 0.136111 0.012500 0.000000 1.000000
0 102 0.369531 0.543056 0.034375 0.138889 0.011719 -0.001389 1.000000
0 103 0.370312 0.543056 0.034375 0.138889 0.000781 0.000000 1.000000
0 104 0.397656 0.537500 0.032813 0.141667 0.027344 -0.005556 1.000000
0 105 0.411719 0.534722 0.032813 0.141667 0.014063 -0.002778 1.000000
0 106 0.426563 0.535417 0.034375 0.140278 0.014844 0.000694 1.000000
0 107 0.441016 0.536111 0.032031 0.138889 0.014453 0.000694 1.000000
0 108 0.441016 0.536111 0.032031 0.138889 0.000000 0.000000 1.000000
0 109 0.473438 0.536806 0.031250 0.134722 0.032422 0.000694 1.000000
0 110 0.489063 0.540972 0.029687 0.131944 0.015625 0.004167 1.000000
0 111 0.503516 0.542361 0.032031 0.140278 0.014453 0.001389 1.000000
0 112 0.519141 0.538889 0.032031 0.144444 0.015625 -0.003472 1.000000
0 113 0.519141 0.538194 0.032031 0.140278 0.000000 -0.000694 1.000000
0 114 0.549219 0.537500 0.032813 0.141667 0.030078 -0.000694 1.000000
0 115 0.564063 0.536111 0.034375 0.141667 0.014844 -0.001389 1.000000
0 116 0.578125 0.535417 0.035937 0.140278 0.014063 -0.000694 1.000000
0 117 0.592969 0.534722 0.035937 0.138889 0.014844 -0.000694 1.000000
0 118 0.592969 0.534722 0.035937 0.138889 0.000000 0.000000 1.000000
0 119 0.620313 0.533333 0.037500 0.138889 0.027344 -0.001389 1.000000
0 120 0.634375 0.534722 0.035937 0.136111 0.014063 0.001389 1.000000
0 121 0.648828 0.535417 0.036719 0.137500 0.014453 0.000694 1.000000
0 122 0.663281 0.537500 0.039062 0.138889 0.014453 0.002083 1.000000
0 123 0.662891 0.538194 0.038281 0.140278 -0.000391 0.000694 1.000000
0 124 0.691406 0.538889 0.034375 0.136111 0.028516 0.000694 1.000000
0 125 0.705469 0.540278 0.034375 0.141667 0.014063 0.001389 1.000000
0 126 0.719141 0.540278 0.032031 0.138889 0.013672 0.000000 1.000000
0 127 0.732422 0.540278 0.030469 0.141667 0.013281 0.000000 1.000000
0 128 0.732422 0.540278 0.030469 0.141667 0.000000 0.000000 1.000000
0 129 0.758594 0.540278 0.028125 0.141667 0.026172 0.000000 1.000000
0 130 0.771875 0.540278 0.028125 0.141667 0.013281 0.000000 1.000000
0 131 0.783203 0.541667 0.028906 0.141667 0.011328 0.001389 1.000000
0 132 0.794531 0.540972 0.031250 0.143056 0.011328 -0.000694 1.000000
0 133 0.794531 0.540972 0.031250 0.143056 0.000000 0.000000 1.000000
0 134 0.819531 0.542361 0.031250 0.140278 0.025000 0.001389 1.000000
0 135 0.830859 0.543056 0.035156 0.141667 0.011328 0.000694 1.000000
0 136 0.843750 0.544444 0.037500 0.141667 0.012891 0.001389 1.000000
0 137 0.855469 0.545833 0.040625 0.141667 0.011719 0.001389 1.000000
0 138 0.855469 0.545833 0.040625 0.141667 0.000000 0.000000 1.000000
0 139 0.881250 0.547222 0.040625 0.141667 0.025781 0.001389 1.000000
0 140 0.894531 0.547917 0.040625 0.140278 0.013281 0.000694 1.000000
0 141 0.905469 0.548611 0.039062 0.138889 0.010937 0.000694 1.000000
0 142 0.915625 0.550000 0.037500 0.138889 0.010156 0.001389 1.000000
0 143 0.916016 0.550000 0.039844 0.138889 0.000391 0.000000 1.000000
0 144 0.937891 0.552778 0.035156 0.138889 0.021875 0.002778 1.000000
0 145 0.949609 0.552778 0.030469 0.138889 0.011719 0.000000 1.000000
0 146 0.959375 0.552778 0.029687 0.141667 0.009766 0.000000 1.000000
0 147 0.971094 0.552778 0.026562 0.141667 0.011719 0.000000 1.000000
0 148 0.971094 0.552778 0.026562 0.141667 0.000000 0.000000 1.000000
0 149 0.988672 0.554167 0.022656 0.144444 0.017578 0.001389 1.000000
0 150 0.993750 0.558333 0.012500 0.144444 0.005078 0.004167 1.000000
0 445 0.995313 0.818056 0.009375 0.186111 0.000005 0.000880 1.000000
0 446 0.989844 0.802778 0.020313 0.166667 -0.005469 -0.015278 1.000000
0 447 0.985938 0.797222 0.028125 0.158333 -0.003906 -0.005556 1.000000
0 448 0.985938 0.797222 0.028125 0.158333 0.000000 0.000000 1.000000
0 449 0.975391 0.803472 0.049219 0.176389 -0.010547 0.006250 1.000000
0 450 0.971094 0.803472 0.057813 0.173611 -0.004297 0.000000 1.000000
0 451 0.960938 0.803472 0.068750 0.170833 -0.010156 0.000000 1.000000
0 452 0.954688 0.805556 0.056250 0.172222 -0.006250 0.002083 1.000000
0 453 0.954688 0.805556 0.056250 0.172222 0.000000 0.000000 1.000000
0 454 0.932813 0.804167 0.045312 0.169444 -0.021875 -0.001389 1.000000
0 455 0.921094 0.804167 0.042188 0.172222 -0.011719 0.000000 1.000000
0 456 0.914062 0.801389 0.045312 0.175000 -0.007031 -0.002778 1.000000
0 457 0.908594 0.800000 0.050000 0.175000 -0.005469 -0.001389 1.000000
0 458 0.908594 0.800694 0.050000 0.176389 0.000000 0.000694 1.000000
0 459 0.892188 0.799306 0.064062 0.176389 -0.016406 -0.001389 1.000000
0 460 0.885156 0.801389 0.064062 0.175000 -0.007031 0.002083 1.000000
0 461 0.878906 0.800694 0.057813 0.170833 -0.006250 -0.000694 1.000000
0 462 0.871094 0.802778 0.057813 0.166667 -0.007812 0.002083 1.000000
0 463 0.871094 0.802778 0.057813 0.166667 0.000000 0.000000 1.000000
0 464 0.848828 0.799306 0.047656 0.170833 -0.022266 -0.003472 1.000000
0 465 0.842969 0.798611 0.045312 0.175000 -0.005859 -0.000694 1.000000
0 466 0.840625 0.797222 0.048438 0.175000 -0.002344 -0.001389 1.000000
0 467 0.833984 0.796528 0.057031 0.176389 -0.006641 -0.000694 1.000000
0 468 0.833594 0.797222 0.057813 0.177778 -0.000391 0.000694 1.000000
0 469 0.822656 0.795833 0.062500 0.169444 -0.010937 -0.001389 1.000000
0 470 0.818750 0.795139 0.054688 0.168056 -0.003906 -0.000694 1.000000
0 471 0.810547 0.796528 0.052344 0.168056 -0.008203 0.001389 1.000000
0 472 0.802344 0.797917 0.045312 0.168056 -0.008203 0.001389 1.000000
0 473 0.802344 0.797917 0.045312 0.168056 0.000000 0.000000 1.000000
0 474 0.789844 0.796528 0.037500 0.170833 -0.012500 -0.001389 1.000000
0 475 0.785547 0.795139 0.042969 0.173611 -0.004297 -0.001389 1.000000
