0 159 0.994922 0.430556 0.010156 0.094444 0.000000 0.000000 1.000000
0 160 0.990625 0.436111 0.018750 0.105556 -0.004297 0.005556 1.000000
0 161 0.988281 0.436111 0.023438 0.105556 -0.002344 0.000000 1.000000
0 162 0.986719 0.434722 0.026562 0.108333 -0.001563 -0.001389 1.000000
0 163 0.982812 0.434028 0.026562 0.112500 -0.003906 -0.000694 1.000000
0 164 0.978516 0.431944 0.024219 0.113889 -0.004297 -0.002083 1.000000
0 165 0.973828 0.429167 0.024219 0.113889 -0.004687 -0.002778 1.000000
0 166 0.969922 0.424306 0.024219 0.109722 -0.003906 -0.004861 1.000000
0 167 0.964844 0.422917 0.026562 0.104167 -0.005078 -0.001389 1.000000
0 168 0.959375 0.425000 0.028125 0.105556 -0.005469 0.002083 1.000000
0 169 0.953516 0.424306 0.028906 0.104167 -0.005859 -0.000694 1.000000
0 170 0.948828 0.420833 0.028906 0.105556 -0.004687 -0.003472 1.000000
0 171 0.945703 0.419444 0.028906 0.111111 -0.003125 -0.001389 1.000000
0 172 0.943750 0.414583 0.028125 0.112500 -0.001953 -0.004861 1.000000
0 173 0.940625 0.411806 0.028125 0.112500 -0.003125 -0.002778 1.000000
0 174 0.938281 0.408333 0.028125 0.108333 -0.002344 -0.003472 1.000000
0 175 0.934766 0.406250 0.030469 0.104167 -0.003516 -0.002083 1.000000
0 176 0.931641 0.406944 0.032031 0.102778 -0.003125 0.000694 1.000000
0 177 0.928125 0.406944 0.031250 0.102778 -0.003516 0.000000 1.000000
0 178 0.924219 0.405556 0.031250 0.105556 -0.003906 -0.001389 1.000000
0 179 0.920312 0.402778 0.029687 0.105556 -0.003906 -0.002778 1.000000
0 180 0.918750 0.397917 0.028125 0.106944 -0.001563 -0.004861 1.000000
0 181 0.917188 0.394444 0.026562 0.105556 -0.001563 -0.003472 1.000000
0 182 0.916797 0.393056 0.024219 0.105556 -0.000391 -0.001389 1.000000
0 183 0.915234 0.393056 0.021094 0.105556 -0.001563 0.000000 1.000000
0 184 0.912109 0.393056 0.021094 0.102778 -0.003125 0.000000 1.000000
0 185 0.910547 0.392361 0.024219 0.101389 -0.001563 -0.000694 1.000000
0 186 0.908594 0.392361 0.025000 0.101389 -0.001953 0.000000 1.000000
0 187 0.906250 0.390972 0.025000 0.101389 -0.002344 -0.001389 1.000000
0 188 0.903906 0.389583 0.028125 0.101389 -0.002344 -0.001389 1.000000
0 189 0.903125 0.386111 0.028125 0.100000 -0.000781 -0.003472 1.000000
0 190 0.903516 0.383333 0.027344 0.100000 0.000391 -0.002778 1.000000
0 191 0.905859 0.381944 0.024219 0.102778 0.002344 -0.001389 1.000000
0 192 0.906250 0.378472 0.021875 0.106944 0.000391 -0.003472 1.000000
0 193 0.905078 0.376389 0.022656 0.108333 -0.001172 -0.002083 1.000000
0 194 0.904687 0.375000 0.023438 0.108333 -0.000391 -0.001389 1.000000
0 195 0.903906 0.373611 0.021875 0.105556 -0.000781 -0.001389 1.000000
0 196 0.902344 0.372917 0.023438 0.104167 -0.001563 -0.000694 1.000000
0 197 0.901563 0.373611 0.028125 0.100000 -0.000781 0.000694 1.000000
0 198 0.900000 0.375000 0.032813 0.100000 -0.001563 0.001389 1.000000
0 199 0.896875 0.373611 0.034375 0.097222 -0.003125 -0.001389 1.000000
0 200 0.894141 0.374306 0.035156 0.098611 -0.002734 0.000694 1.000000
0 201 0.892969 0.372222 0.035937 0.097222 -0.001172 -0.002083 1.000000
0 202 0.894531 0.370833 0.035937 0.097222 0.001563 -0.001389 1.000000
0 203 0.895312 0.369444 0.032813 0.100000 0.000781 -0.001389 1.000000
0 204 0.896484 0.366667 0.030469 0.102778 0.001172 -0.002778 1.000000
0 205 0.898828 0.365972 0.025781 0.104167 0.002344 -0.000694 1.000000
0 206 0.899609 0.363194 0.022656 0.104167 0.000781 -0.002778 1.000000
0 207 0.899219 0.363889 0.021875 0.105556 -0.000391 0.000694 1.000000
0 208 0.898828 0.363889 0.022656 0.105556 -0.000391 0.000000 1.000000
0 209 0.898438 0.363889 0.021875 0.102778 -0.000391 0.000000 1.000000
0 210 0.900000 0.364583 0.025000 0.101389 0.001563 0.000694 1.000000
0 211 0.901953 0.365972 0.030469 0.098611 0.001953 0.001389 1.000000
0 212 0.902734 0.368056 0.036719 0.097222 0.000781 0.002083 1.000000
0 213 0.902734 0.367361 0.036719 0.095833 0.000000 -0.000694 1.000000
0 214 0.902344 0.368056 0.037500 0.097222 -0.000391 0.000694 1.000000
0 215 0.904687 0.365278 0.034375 0.097222 0.002344 -0.002778 1.000000
0 216 0.908594 0.363889 0.029687 0.100000 0.003906 -0.001389 1.000000
0 217 0.913672 0.361806 0.024219 0.101389 0.005078 -0.002083 1.000000
0 218 0.917969 0.359722 0.023438 0.105556 0.004297 -0.002083 1.000000
0 219 0.921094 0.358333 0.023438 0.105556 0.003125 -0.001389 1.000000
0 220 0.924609 0.359722 0.024219 0.108333 0.003516 0.001389 1.000000
0 221 0.928906 0.359722 0.025000 0.108333 0.004297 0.000000 1.000000
0 222 0.933594 0.359722 0.026562 0.108333 0.004687 0.000000 1.000000
0 223 0.939844 0.361111 0.029687 0.105556 0.006250 0.001389 1.000000
0 224 0.942969 0.361111 0.029687 0.105556 0.003125 0.000000 1.000000
0 225 0.948047 0.359722 0.030469 0.102778 0.005078 -0.001389 1.000000
0 226 0.951953 0.356944 0.030469 0.102778 0.003906 -0.002778 1.000000
0 227 0.956250 0.355556 0.029687 0.102778 0.004297 -0.001389 1.000000
0 228 0.959375 0.354861 0.028125 0.104167 0.003125 -0.000694 1.000000
0 229 0.962500 0.352778 0.025000 0.105556 0.003125 -0.002083 1.000000
0 230 0.966016 0.351389 0.024219 0.105556 0.003516 -0.001389 1.000000
0 231 0.971094 0.350000 0.023438 0.105556 0.005078 -0.001389 1.000000
0 232 0.976562 0.347917 0.021875 0.104167 0.005469 -0.002083 1.000000
0 233 0.983984 0.345833 0.022656 0.105556 0.007422 -0.002083 1.000000
0 234 0.989844 0.345139 0.020313 0.106944 0.005859 -0.000694 1.000000
0 235 0.992969 0.341667 0.014063 0.102778 0.003125 -0.003472 1.000000
0 236 0.996094 0.347222 0.007812 0.088889 0.003125 0.005556 1.000000
0 305 0.993750 0.362500 0.012500 0.113889 -0.000034 0.000221 1.000000
0 306 0.991797 0.361111 0.016406 0.113889 -0.001953 -0.001389 1.000000
0 307 0.991406 0.362500 0.017188 0.113889 -0.000391 0.001389 1.000000
0 308 0.991406 0.362500 0.017188 0.113889 0.000000 0.000000 1.000000
0 309 0.990234 0.363889 0.019531 0.113889 -0.001172 0.001389 1.000000
0 310 0.983594 0.365278 0.020313 0.113889 -0.006641 0.001389 1.000000
0 311 0.978906 0.364583 0.023438 0.115278 -0.004687 -0.000694 1.000000
0 312 0.973047 0.363889 0.028906 0.116667 -0.005859 -0.000694 1.000000
0 313 0.968359 0.364583 0.032031 0.118056 -0.004687 0.000694 1.000000
0 314 0.962109 0.364583 0.035156 0.118056 -0.006250 0.000000 1.000000
0 315 0.955078 0.363889 0.035156 0.111111 -0.007031 -0.000694 1.000000
0 316 0.947656 0.366667 0.034375 0.111111 -0.007422 0.002778 1.000000
0 317 0.940625 0.367361 0.031250 0.112500 -0.007031 0.000694 1.000000
0 318 0.934375 0.366667 0.028125 0.113889 -0.006250 -0.000694 1.000000
0 319 0.930469 0.366667 0.026562 0.113889 -0.003906 0.000000 1.000000
0 320 0.926562 0.365972 0.028125 0.115278 -0.003906 -0.000694 1.000000
0 321 0.921094 0.365278 0.031250 0.113889 -0.005469 -0.000694 1.000000
0 322 0.909375 0.365972 0.040625 0.115278 -0.011719 0.000694 1.000000
0 323 0.903906 0.367361 0.040625 0.115278 -0.005469 0.001389 1.000000
0 324 0.900781 0.365278 0.034375 0.111111 -0.003125 -0.002083 1.000000
0 325 0.891797 0.366667 0.025781 0.113889 -0.008984 0.001389 1.000000
0 326 0.886719 0.365278 0.025000 0.113889 -0.005078 -0.001389 1.000000
0 327 0.881250 0.364583 0.025000 0.118056 -0.005469 -0.000694 1.000000
0 328 0.875781 0.363889 0.026562 0.116667 -0.005469 -0.000694 1.000000
0 329 0.871094 0.363889 0.026562 0.116667 -0.004687 0.000000 1.000000
0 330 0.864062 0.366667 0.029687 0.116667 -0.007031 0.002778 1.000000
0 331 0.857422 0.368750 0.033594 0.115278 -0.006641 0.002083 1.000000
0 332 0.853516 0.369444 0.032031 0.111111 -0.003906 0.000694 1.000000
0 333 0.851172 0.372222 0.028906 0.111111 -0.002344 0.002778 1.000000
0 334 0.846094 0.372222 0.029687 0.111111 -0.005078 0.000000 1.000000
0 335 0.845313 0.370833 0.028125 0.111111 -0.000781 -0.001389 1.000000
0 336 0.844531 0.368750 0.026562 0.112500 -0.000781 -0.002083 1.000000
0 337 0.842969 0.367361 0.028125 0.112500 -0.001563 -0.001389 1.000000
0 338 0.841797 0.362500 0.025781 0.113889 -0.001172 -0.004861 1.000000
0 339 0.838672 0.361111 0.027344 0.116667 -0.003125 -0.001389 1.000000
0 340 0.835156 0.356250 0.028125 0.118056 -0.003516 -0.004861 1.000000
0 341 0.830859 0.355556 0.030469 0.119444 -0.004297 -0.000694 1.000000
0 342 0.826172 0.352778 0.030469 0.119444 -0.004687 -0.002778 1.000000
0 343 0.821875 0.352778 0.028125 0.119444 -0.004297 0.000000 1.000000
0 344 0.817187 0.352083 0.025000 0.118056 -0.004687 -0.000694 1.000000
0 345 0.810937 0.352778 0.025000 0.116667 -0.006250 0.000694 1.000000
0 346 0.804688 0.352778 0.025000 0.116667 -0.006250 0.000000 1.000000
0 347 0.798438 0.352083 0.025000 0.115278 -0.006250 -0.000694 1.000000
0 348 0.792188 0.350694 0.025000 0.115278 -0.006250 -0.001389 1.000000
0 349 0.784766 0.347222 0.025781 0.113889 -0.007422 -0.003472 1.000000
0 350 0.779297 0.344444 0.025781 0.113889 -0.005469 -0.002778 1.000000
0 351 0.775391 0.341667 0.022656 0.116667 -0.003906 -0.002778 1.000000
0 352 0.770703 0.338194 0.021094 0.118056 -0.004687 -0.003472 1.000000
0 353 0.764844 0.334722 0.020313 0.119444 -0.005859 -0.003472 1.000000
0 354 0.758984 0.333333 0.021094 0.119444 -0.005859 -0.001389 1.000000
0 355 0.756250 0.332639 0.020313 0.120833 -0.002734 -0.000694 1.000000
0 356 0.755078 0.331944 0.022656 0.119444 -0.001172 -0.000694 1.000000
0 357 0.753125 0.332639 0.025000 0.118056 -0.001953 0.000694 1.000000
0 358 0.751953 0.333333 0.025781 0.116667 -0.001172 0.000694 1.000000
0 359 0.750391 0.333333 0.024219 0.113889 -0.001563 0.000000 1.000000
0 360 0.750000 0.333333 0.021875 0.113889 -0.000391 0.000000 1.000000
0 361 0.749609 0.332639 0.024219 0.115278 -0.000391 -0.000694 1.000000
0 362 0.752344 0.332639 0.028125 0.115278 0.002734 0.000000 1.000000
0 363 0.753906 0.331250 0.032813 0.115278 0.001563 -0.001389 1.000000
0 364 0.757812 0.329167 0.034375 0.113889 0.003906 -0.002083 1.000000
0 365 0.759766 0.329167 0.035156 0.116667 0.001953 0.000000 1.000000
0 366 0.764062 0.325000 0.034375 0.116667 0.004297 -0.004167 1.000000
0 367 0.767188 0.325000 0.031250 0.116667 0.003125 0.000000 1.000000
0 368 0.772656 0.322917 0.031250 0.118056 0.005469 -0.002083 1.000000
0 369 0.778125 0.320833 0.031250 0.116667 0.005469 -0.002083 1.000000
0 370 0.783594 0.320139 0.029687 0.112500 0.005469 -0.000694 1.000000
0 371 0.788672 0.321528 0.030469 0.112500 0.005078 0.001389 1.000000
0 372 0.794531 0.322222 0.032813 0.111111 0.005859 0.000694 1.000000
0 373 0.800000 0.325000 0.034375 0.108333 0.005469 0.002778 1.000000
0 374 0.803516 0.326389 0.035156 0.108333 0.003516 0.001389 1.000000
0 375 0.806641 0.326389 0.035156 0.108333 0.003125 0.000000 1.000000
0 376 0.809375 0.327778 0.034375 0.111111 0.002734 0.001389 1.000000
0 377 0.810156 0.325694 0.032813 0.109722 0.000781 -0.002083 1.000000
0 378 0.811719 0.323611 0.031250 0.111111 0.001563 -0.002083 1.000000
0 379 0.812891 0.321528 0.025781 0.106944 0.001172 -0.002083 1.000000
0 380 0.812500 0.320139 0.023438 0.109722 -0.000391 -0.001389 1.000000
0 381 0.814063 0.320139 0.023438 0.112500 0.001563 0.000000 1.000000
0 382 0.814844 0.320139 0.023438 0.112500 0.000781 0.000000 1.000000
0 383 0.814844 0.320833 0.023438 0.108333 0.000000 0.000694 1.000000
0 384 0.810937 0.322222 0.031250 0.108333 -0.003906 0.001389 1.000000
0 385 0.810156 0.323611 0.035937 0.105556 -0.000781 0.001389 1.000000
0 386 0.810156 0.326389 0.037500 0.105556 0.000000 0.002778 1.000000
0 387 0.810937 0.327083 0.037500 0.104167 0.000781 0.000694 1.000000
0 388 0.809766 0.327778 0.032031 0.105556 -0.001172 0.000694 1.000000
0 389 0.807031 0.328472 0.028125 0.106944 -0.002734 0.000694 1.000000
0 390 0.805469 0.329167 0.023438 0.108333 -0.001563 0.000694 1.000000
0 391 0.803516 0.329167 0.017969 0.108333 -0.001953 0.000000 1.000000
0 392 0.799219 0.330556 0.017188 0.111111 -0.004297 0.001389 1.000000
0 393 0.795703 0.330556 0.017969 0.111111 -0.003516 0.000000 1.000000
0 394 0.791797 0.331944 0.017969 0.111111 -0.003906 0.001389 1.000000
0 395 0.789062 0.334722 0.017188 0.111111 -0.002734 0.002778 1.000000
0 396 0.785156 0.336111 0.017188 0.111111 -0.003906 0.001389 1.000000
0 397 0.780469 0.338194 0.017188 0.109722 -0.004687 0.002083 1.000000
0 398 0.777344 0.339583 0.017188 0.109722 -0.003125 0.001389 1.000000
0 399 0.773828 0.340278 0.016406 0.108333 -0.003516 0.000694 1.000000
0 400 0.768750 0.339583 0.018750 0.106944 -0.005078 -0.000694 1.000000
0 401 0.763281 0.336111 0.017188 0.100000 -0.005469 -0.003472 1.000000
0 402 0.759766 0.338889 0.014844 0.105556 -0.003516 0.002778 1.000000
0 403 0.754687 0.338194 0.014063 0.106944 -0.005078 -0.000694 1.000000
0 404 0.750781 0.339583 0.014063 0.106944 -0.003906 0.001389 1.000000
0 405 0.746484 0.340278 0.014844 0.111111 -0.004297 0.000694 1.000000
0 406 0.741406 0.339583 0.017188 0.109722 -0.005078 -0.000694 1.000000
0 407 0.738281 0.339583 0.018750 0.109722 -0.003125 0.000000 1.000000
0 408 0.737891 0.339583 0.016406 0.106944 -0.000391 0.000000 1.000000
0 409 0.736719 0.338889 0.015625 0.105556 -0.001172 -0.000694 1.000000
0 410 0.736719 0.338889 0.015625 0.105556 0.000000 0.000000 1.000000
0 411 0.736719 0.338194 0.015625 0.106944 0.000000 -0.000694 1.000000
0 412 0.736719 0.338194 0.015625 0.106944 0.000000 0.000000 1.000000
0 413 0.736719 0.337500 0.015625 0.105556 0.000000 -0.000694 1.000000
0 414 0.736328 0.337500 0.016406 0.105556 -0.000391 0.000000 1.000000
0 415 0.737109 0.335417 0.016406 0.104167 0.000781 -0.002083 1.000000
0 416 0.738281 0.332639 0.017188 0.104167 0.001172 -0.002778 1.000000
0 417 0.739453 0.331944 0.016406 0.105556 0.001172 -0.000694 1.000000
0 418 0.740234 0.331250 0.016406 0.104167 0.000781 -0.000694 1.000000
0 419 0.741406 0.330556 0.017188 0.105556 0.001172 -0.000694 1.000000
0 420 0.742188 0.331250 0.018750 0.104167 0.000781 0.000694 1.000000
0 421 0.744531 0.332639 0.018750 0.104167 0.002344 0.001389 1.000000
0 422 0.746094 0.332639 0.017188 0.104167 0.001563 0.000000 1.000000
0 423 0.747656 0.333333 0.017188 0.100000 0.001563 0.000694 1.000000
0 424 0.748437 0.333333 0.015625 0.100000 0.000781 0.000000 1.000000
0 425 0.748828 0.331944 0.014844 0.100000 0.000391 -0.001389 1.000000
0 426 0.750000 0.331944 0.014063 0.100000 0.001172 0.000000 1.000000
0 427 0.750781 0.330556 0.014063 0.100000 0.000781 -0.001389 1.000000
0 428 0.751563 0.330556 0.014063 0.100000 0.000781 0.000000 1.000000
0 429 0.752344 0.331944 0.014063 0.102778 0.000781 0.001389 1.000000
0 430 0.752344 0.331944 0.014063 0.102778 0.000000 0.000000 1.000000
0 431 0.753906 0.331250 0.015625 0.101389 0.001563 -0.000694 1.000000
0 432 0.755469 0.331250 0.014063 0.101389 0.001563 0.000000 1.000000
0 433 0.756641 0.331250 0.013281 0.101389 0.001172 0.000000 1.000000
0 434 0.757422 0.330556 0.014844 0.100000 0.000781 -0.000694 1.000000
0 435 0.757812 0.330556 0.015625 0.100000 0.000391 0.000000 1.000000
0 436 0.757812 0.328472 0.015625 0.098611 0.000000 -0.002083 1.000000
0 437 0.757812 0.327083 0.015625 0.098611 0.000000 -0.001389 1.000000
0 438 0.758203 0.327778 0.016406 0.100000 0.000391 0.000694 1.000000
0 439 0.758594 0.327778 0.017188 0.100000 0.000391 0.000000 1.000000
0 440 0.757812 0.329167 0.017188 0.100000 -0.000781 0.001389 1.000000
0 441 0.757031 0.329861 0.017188 0.098611 -0.000781 0.000694 1.000000
0 442 0.757031 0.329861 0.017188 0.098611 0.000000 0.000000 1.000000
0 443 0.755469 0.330556 0.017188 0.097222 -0.001563 0.000694 1.000000
0 444 0.753906 0.330556 0.017188 0.094444 -0.001563 0.000000 1.000000
0 445 0.752344 0.330556 0.017188 0.094444 -0.001563 0.000000 1.000000
0 446 0.750391 0.330556 0.016406 0.094444 -0.001953 0.000000 1.000000
0 447 0.748047 0.330556 0.016406 0.094444 -0.002344 0.000000 1.000000
0 448 0.745703 0.330556 0.016406 0.094444 -0.002344 0.000000 1.000000
0 449 0.742188 0.330556 0.015625 0.094444 -0.003516 0.000000 1.000000
0 450 0.739453 0.330556 0.017969 0.094444 -0.002734 0.000000 1.000000
0 451 0.735938 0.330556 0.018750 0.094444 -0.003516 0.000000 1.000000
0 452 0.732812 0.331944 0.018750 0.094444 -0.003125 0.001389 1.000000
0 453 0.728906 0.333333 0.018750 0.094444 -0.003906 0.001389 1.000000
0 454 0.726562 0.333333 0.018750 0.094444 -0.002344 0.000000 1.000000
0 455 0.721875 0.333333 0.018750 0.094444 -0.004687 0.000000 1.000000
0 456 0.719531 0.332639 0.018750 0.093056 -0.002344 -0.000694 1.000000
0 457 0.716406 0.330556 0.017188 0.094444 -0.003125 -0.002083 1.000000
0 458 0.713281 0.329861 0.017188 0.095833 -0.003125 -0.000694 1.000000
0 459 0.708594 0.328472 0.015625 0.095833 -0.004687 -0.001389 1.000000
0 460 0.703906 0.328472 0.015625 0.095833 -0.004687 0.000000 1.000000
0 461 0.700000 0.328472 0.015625 0.095833 -0.003906 0.000000 1.000000
0 462 0.694531 0.328472 0.014063 0.095833 -0.005469 0.000000 1.000000
0 463 0.688672 0.329861 0.014844 0.093056 -0.005859 0.001389 1.000000
0 464 0.683594 0.331944 0.014063 0.091667 -0.005078 0.002083 1.000000
0 465 0.676562 0.331944 0.014063 0.091667 -0.007031 0.000000 1.000000
0 466 0.671094 0.331944 0.014063 0.091667 -0.005469 0.000000 1.000000
0 467 0.664844 0.331944 0.014063 0.091667 -0.006250 0.000000 1.000000
0 468 0.658594 0.331944 0.014063 0.091667 -0.006250 0.000000 1.000000
0 469 0.651953 0.331944 0.013281 0.091667 -0.006641 0.000000 1.000000
0 470 0.645703 0.331250 0.013281 0.093056 -0.006250 -0.000694 1.000000
0 471 0.640625 0.330556 0.012500 0.094444 -0.005078 -0.000694 1.000000
0 472 0.635938 0.327778 0.012500 0.094444 -0.004687 -0.002778 1.000000
0 473 0.631250 0.327778 0.012500 0.094444 -0.004687 0.000000 1.000000
0 474 0.627344 0.328472 0.012500 0.093056 -0.003906 0.000694 1.000000
0 475 0.624219 0.329167 0.012500 0.091667 -0.003125 0.000694 1.000000
0 476 0.621094 0.328472 0.012500 0.090278 -0.003125 -0.000694 1.000000
0 477 0.618750 0.329167 0.012500 0.088889 -0.002344 0.000694 1.000000
0 478 0.616406 0.329167 0.012500 0.088889 -0.002344 0.000000 1.000000
0 479 0.614062 0.329861 0.014063 0.087500 -0.002344 0.000694 1.000000
0 480 0.612109 0.329861 0.014844 0.087500 -0.001953 0.000000 1.000000
0 481 0.610938 0.327778 0.015625 0.086111 -0.001172 -0.002083 1.000000
0 482 0.610156 0.327778 0.015625 0.088889 -0.000781 0.000000 1.000000
0 483 0.610156 0.325000 0.017188 0.088889 0.000000 -0.002778 1.000000
0 484 0.610938 0.324306 0.018750 0.090278 0.000781 -0.000694 1.000000
0 485 0.611719 0.322917 0.020313 0.090278 0.000781 -0.001389 1.000000
0 486 0.613281 0.320833 0.020313 0.088889 0.001563 -0.002083 1.000000
0 487 0.614844 0.320833 0.021875 0.088889 0.001563 0.000000 1.000000
0 488 0.617188 0.320833 0.023438 0.088889 0.002344 0.000000 1.000000
0 489 0.619531 0.320833 0.023438 0.086111 0.002344 0.000000 1.000000
0 490 0.621094 0.320833 0.023438 0.086111 0.001563 0.000000 1.000000
0 491 0.623828 0.320833 0.022656 0.086111 0.002734 0.000000 1.000000
0 492 0.625391 0.320833 0.022656 0.086111 0.001563 0.000000 1.000000
0 493 0.627734 0.320833 0.022656 0.086111 0.002344 0.000000 1.000000
0 494 0.628906 0.320833 0.023438 0.086111 0.001172 0.000000 1.000000
0 495 0.632031 0.320833 0.023438 0.086111 0.003125 0.000000 1.000000
0 496 0.634375 0.320833 0.021875 0.086111 0.002344 0.000000 1.000000
0 497 0.635938 0.320833 0.021875 0.086111 0.001563 0.000000 1.000000
0 498 0.639453 0.320833 0.021094 0.086111 0.003516 0.000000 1.000000
0 499 0.642188 0.320833 0.018750 0.086111 0.002734 0.000000 1.000000
0 500 0.643750 0.320833 0.018750 0.086111 0.001563 0.000000 1.000000
0 501 0.646094 0.322917 0.018750 0.087500 0.002344 0.002083 1.000000
0 502 0.648047 0.324306 0.019531 0.087500 0.001953 0.001389 1.000000
0 503 0.650391 0.323611 0.019531 0.086111 0.002344 -0.000694 1.000000
0 504 0.652734 0.323611 0.019531 0.086111 0.002344 0.000000 1.000000
0 505 0.654687 0.325000 0.020313 0.086111 0.001953 0.001389 1.000000
0 506 0.657031 0.325000 0.020313 0.086111 0.002344 0.000000 1.000000
0 507 0.658594 0.326389 0.020313 0.086111 0.001563 0.001389 1.000000
0 508 0.660156 0.326389 0.020313 0.086111 0.001563 0.000000 1.000000
0 509 0.662891 0.326389 0.021094 0.086111 0.002734 0.000000 1.000000
0 510 0.665234 0.326389 0.021094 0.086111 0.002344 0.000000 1.000000
0 511 0.667969 0.326389 0.020313 0.086111 0.002734 0.000000 1.000000
0 512 0.671094 0.326389 0.020313 0.086111 0.003125 0.000000 1.000000
0 513 0.674219 0.326389 0.020313 0.086111 0.003125 0.000000 1.000000
0 514 0.677344 0.326389 0.020313 0.086111 0.003125 0.000000 1.000000
0 515 0.680469 0.325000 0.020313 0.086111 0.003125 -0.001389 1.000000
0 516 0.683594 0.323611 0.020313 0.086111 0.003125 -0.001389 1.000000
0 517 0.687500 0.323611 0.020313 0.086111 0.003906 0.000000 1.000000
0 518 0.691406 0.323611 0.020313 0.086111 0.003906 0.000000 1.000000
0 519 0.696484 0.323611 0.021094 0.086111 0.005078 0.000000 1.000000
0 520 0.700000 0.324306 0.021875 0.087500 0.003516 0.000694 1.000000
0 521 0.703516 0.323611 0.019531 0.086111 0.003516 -0.000694 1.000000
0 522 0.708203 0.323611 0.019531 0.086111 0.004687 0.000000 1.000000
0 523 0.712891 0.323611 0.019531 0.086111 0.004687 0.000000 1.000000
0 524 0.717969 0.324306 0.018750 0.087500 0.005078 0.000694 1.000000
0 525 0.723437 0.324306 0.018750 0.087500 0.005469 0.000000 1.000000
0 526 0.728125 0.322222 0.018750 0.088889 0.004687 -0.002083 1.000000
0 527 0.734375 0.322222 0.018750 0.088889 0.006250 0.000000 1.000000
0 528 0.739453 0.321528 0.019531 0.087500 0.005078 -0.000694 1.000000
0 529 0.745313 0.321528 0.020313 0.087500 0.005859 0.000000 1.000000
0 530 0.751563 0.320139 0.021875 0.087500 0.006250 -0.001389 1.000000
0 531 0.756250 0.320139 0.021875 0.087500 0.004687 0.000000 1.000000
0 532 0.761719 0.320139 0.023438 0.087500 0.005469 0.000000 1.000000
0 533 0.766406 0.318750 0.023438 0.087500 0.004687 -0.001389 1.000000
0 534 0.771094 0.318750 0.023438 0.087500 0.004687 0.000000 1.000000
0 535 0.775781 0.318750 0.023438 0.087500 0.004687 0.000000 1.000000
0 536 0.781250 0.318750 0.025000 0.087500 0.005469 0.000000 1.000000
0 537 0.785937 0.318750 0.025000 0.087500 0.004687 0.000000 1.000000
0 538 0.791016 0.318056 0.024219 0.088889 0.005078 -0.000694 1.000000
0 539 0.794922 0.316667 0.024219 0.088889 0.003906 -0.001389 1.000000
0 540 0.800000 0.315972 0.021875 0.087500 0.005078 -0.000694 1.000000
0 541 0.804688 0.314583 0.020313 0.087500 0.004687 -0.001389 1.000000
0 542 0.809766 0.313194 0.019531 0.087500 0.005078 -0.001389 1.000000
0 543 0.813281 0.313194 0.018750 0.087500 0.003516 0.000000 1.000000
0 544 0.816797 0.311111 0.017969 0.086111 0.003516 -0.002083 1.000000
0 545 0.821094 0.310417 0.017188 0.087500 0.004297 -0.000694 1.000000
0 546 0.825781 0.311111 0.018750 0.088889 0.004687 0.000694 1.000000
0 547 0.830469 0.311111 0.020313 0.088889 0.004687 0.000000 1.000000
0 548 0.833203 0.311806 0.019531 0.087500 0.002734 0.000694 1.000000
0 549 0.837500 0.313194 0.020313 0.087500 0.004297 0.001389 1.000000
0 550 0.841406 0.313194 0.020313 0.087500 0.003906 0.000000 1.000000
0 551 0.846484 0.313194 0.021094 0.087500 0.005078 0.000000 1.000000
0 552 0.851953 0.310417 0.021094 0.087500 0.005469 -0.002778 1.000000
