0 1 0.599219 0.720833 0.043750 0.205556 0.000000 0.000000 1.000000
0 2 0.602344 0.718056 0.043750 0.205556 0.003125 -0.002778 1.000000
0 3 0.604297 0.716667 0.047656 0.208333 0.001953 -0.001389 1.000000
0 4 0.608203 0.717361 0.053906 0.209722 0.003906 0.000694 1.000000
0 5 0.612109 0.713889 0.057031 0.205556 0.003906 -0.003472 1.000000
0 6 0.614844 0.714583 0.050000 0.204167 0.002734 0.000694 1.000000
0 7 0.618750 0.717361 0.045312 0.204167 0.003906 0.002778 1.000000
0 8 0.624609 0.717361 0.038281 0.204167 0.005859 0.000000 1.000000
0 9 0.628906 0.717361 0.037500 0.204167 0.004297 0.000000 1.000000
0 10 0.630469 0.716667 0.040625 0.211111 0.001563 -0.000694 1.000000
0 11 0.634375 0.718750 0.054688 0.215278 0.003906 0.002083 1.000000
0 12 0.637500 0.716667 0.065625 0.216667 0.003125 -0.002083 1.000000
0 13 0.641406 0.715278 0.076563 0.211111 0.003906 -0.001389 1.000000
0 14 0.641406 0.715972 0.082812 0.209722 0.000000 0.000694 1.000000
0 15 0.642578 0.720139 0.083594 0.209722 0.001172 0.004167 1.000000
0 16 0.644531 0.720833 0.071875 0.208333 0.001953 0.000694 1.000000
0 17 0.649219 0.720833 0.067187 0.208333 0.004687 0.000000 1.000000
0 18 0.653906 0.717361 0.056250 0.215278 0.004687 -0.003472 1.000000
0 19 0.658984 0.714583 0.046094 0.220833 0.005078 -0.002778 1.000000
0 20 0.661719 0.713194 0.039062 0.223611 0.002734 -0.001389 1.000000
0 21 0.662109 0.713194 0.038281 0.223611 0.000391 0.000000 1.000000
0 22 0.663281 0.711806 0.037500 0.226389 0.001172 -0.001389 1.000000
0 23 0.666406 0.712500 0.042188 0.225000 0.003125 0.000694 1.000000
0 24 0.669922 0.715972 0.049219 0.226389 0.003516 0.003472 1.000000
0 25 0.673438 0.720139 0.057813 0.223611 0.003516 0.004167 1.000000
0 26 0.675781 0.722222 0.062500 0.222222 0.002344 0.002083 1.000000
0 27 0.678125 0.723611 0.067187 0.219444 0.002344 0.001389 1.000000
0 28 0.678125 0.723611 0.073438 0.219444 0.000000 0.000000 1.000000
0 29 0.676953 0.723611 0.080469 0.219444 -0.001172 0.000000 1.000000
0 30 0.673438 0.725694 0.082812 0.220833 -0.003516 0.002083 1.000000
0 31 0.673438 0.723611 0.076563 0.216667 0.000000 -0.002083 1.000000
0 32 0.674219 0.723611 0.070312 0.216667 0.000781 0.000000 1.000000
0 33 0.675391 0.718750 0.060156 0.223611 0.001172 -0.004861 1.000000
0 34 0.676953 0.711111 0.047656 0.225000 0.001563 -0.007639 1.000000
0 35 0.679688 0.709028 0.040625 0.229167 0.002734 -0.002083 1.000000
0 36 0.681641 0.702778 0.036719 0.227778 0.001953 -0.006250 1.000000
0 37 0.682031 0.700694 0.035937 0.223611 0.000391 -0.002083 1.000000
0 38 0.683203 0.700000 0.038281 0.222222 0.001172 -0.000694 1.000000
0 39 0.685156 0.700694 0.043750 0.220833 0.001953 0.000694 1.000000
0 40 0.685547 0.709722 0.052344 0.225000 0.000391 0.009028 1.000000
0 41 0.686328 0.714583 0.061719 0.220833 0.000781 0.004861 1.000000
0 42 0.685547 0.718056 0.072656 0.216667 -0.000781 0.003472 1.000000
0 43 0.684766 0.718750 0.078906 0.215278 -0.000781 0.000694 1.000000
0 44 0.682422 0.718056 0.078906 0.213889 -0.002344 -0.000694 1.000000
0 45 0.680859 0.717361 0.080469 0.218056 -0.001563 -0.000694 1.000000
0 46 0.682422 0.718750 0.086719 0.220833 0.001563 0.001389 1.000000
0 47 0.684766 0.718750 0.082031 0.220833 0.002344 0.000000 1.000000
0 48 0.689453 0.717361 0.074219 0.220833 0.004687 -0.001389 1.000000
0 49 0.696484 0.716667 0.061719 0.222222 0.007031 -0.000694 1.000000
0 50 0.703906 0.715972 0.048438 0.226389 0.007422 -0.000694 1.000000
0 51 0.705078 0.713889 0.050781 0.230556 0.001172 -0.002083 1.000000
0 52 0.708594 0.711806 0.050000 0.234722 0.003516 -0.002083 1.000000
0 53 0.711719 0.706944 0.050000 0.227778 0.003125 -0.004861 1.000000
0 54 0.717578 0.705556 0.047656 0.222222 0.005859 -0.001389 1.000000
0 55 0.724219 0.703472 0.042188 0.220833 0.006641 -0.002083 1.000000
0 56 0.728125 0.701389 0.043750 0.219444 0.003906 -0.002083 1.000000
0 57 0.735156 0.700694 0.046875 0.220833 0.007031 -0.000694 1.000000
0 58 0.742188 0.700000 0.056250 0.222222 0.007031 -0.000694 1.000000
0 59 0.744922 0.698611 0.072656 0.227778 0.002734 -0.001389 1.000000
0 60 0.751563 0.697917 0.085938 0.231944 0.006641 -0.000694 1.000000
0 61 0.756641 0.700694 0.092969 0.220833 0.005078 0.002778 1.000000
0 62 0.760938 0.702778 0.095312 0.225000 0.004297 0.002083 1.000000
0 63 0.765234 0.705556 0.085156 0.225000 0.004297 0.002778 1.000000
0 64 0.775000 0.708333 0.078125 0.225000 0.009766 0.002778 1.000000
0 65 0.784375 0.713889 0.062500 0.244444 0.009375 0.005556 1.000000
0 66 0.791406 0.715278 0.053125 0.250000 0.007031 0.001389 1.000000
0 67 0.797656 0.716667 0.045312 0.250000 0.006250 0.001389 1.000000
0 68 0.803906 0.718750 0.046875 0.248611 0.006250 0.002083 1.000000
0 69 0.813672 0.721528 0.058594 0.243056 0.009766 0.002778 1.000000
0 70 0.821484 0.726389 0.074219 0.238889 0.007812 0.004861 1.000000
0 71 0.828906 0.731250 0.082812 0.234722 0.007422 0.004861 1.000000
0 72 0.833203 0.736806 0.091406 0.231944 0.004297 0.005556 1.000000
0 73 0.834766 0.741667 0.091406 0.230556 0.001563 0.004861 1.000000
0 74 0.834375 0.745139 0.090625 0.231944 -0.000391 0.003472 1.000000
0 75 0.834375 0.746528 0.087500 0.234722 0.000000 0.001389 1.000000
0 76 0.838281 0.745833 0.075000 0.238889 0.003906 -0.000694 1.000000
0 77 0.842578 0.746528 0.061719 0.248611 0.004297 0.000694 1.000000
0 78 0.851562 0.745139 0.053125 0.251389 0.008984 -0.001389 1.000000
0 79 0.865234 0.741667 0.052344 0.241667 0.013672 -0.003472 1.000000
0 80 0.875000 0.761111 0.059375 0.280556 0.009766 0.019444 1.000000
0 81 0.883984 0.759028 0.060156 0.270833 0.008984 -0.002083 1.000000
0 82 0.893750 0.763889 0.064062 0.272222 0.009766 0.004861 1.000000
0 83 0.903516 0.767361 0.069531 0.268056 0.009766 0.003472 1.000000
0 84 0.912109 0.770139 0.074219 0.268056 0.008594 0.002778 1.000000
0 85 0.919922 0.771528 0.074219 0.268056 0.007812 0.001389 1.000000
0 86 0.925391 0.771528 0.080469 0.268056 0.005469 0.000000 1.000000
0 87 0.926172 0.771528 0.080469 0.268056 0.000781 0.000000 1.000000
0 88 0.931641 0.771528 0.078906 0.268056 0.005469 0.000000 1.000000
0 89 0.933594 0.765972 0.073438 0.265278 0.001953 -0.005556 1.000000
0 90 0.939453 0.759028 0.061719 0.270833 0.005859 -0.006944 1.000000
0 91 0.944922 0.752083 0.052344 0.273611 0.005469 -0.006944 1.000000
0 92 0.944141 0.747917 0.049219 0.273611 -0.000781 -0.004167 1.000000
0 93 0.944531 0.741667 0.048438 0.275000 0.000391 -0.006250 1.000000
0 94 0.946484 0.740972 0.049219 0.273611 0.001953 -0.000694 1.000000
0 95 0.947266 0.738889 0.050781 0.272222 0.000781 -0.002083 1.000000
0 96 0.947656 0.738194 0.053125 0.270833 0.000391 -0.000694 1.000000
0 97 0.948047 0.740972 0.057031 0.270833 0.000391 0.002778 1.000000
0 98 0.948047 0.743056 0.061719 0.263889 0.000000 0.002083 1.000000
0 99 0.945703 0.745833 0.063281 0.261111 -0.002344 0.002778 1.000000
0 100 0.942578 0.743056 0.063281 0.252778 -0.003125 -0.002778 1.000000
0 101 0.941016 0.738194 0.060156 0.243056 -0.001563 -0.004861 1.000000
0 102 0.941797 0.731944 0.058594 0.238889 0.000781 -0.006250 1.000000
0 103 0.944141 0.731944 0.053906 0.238889 0.002344 0.000000 1.000000
0 104 0.944922 0.729167 0.049219 0.241667 0.000781 -0.002778 1.000000
0 105 0.944922 0.728472 0.049219 0.243056 0.000000 -0.000694 1.000000
0 106 0.942969 0.728472 0.051562 0.243056 -0.001953 0.000000 1.000000
0 107 0.940625 0.728472 0.050000 0.243056 -0.002344 0.000000 1.000000
0 108 0.939063 0.729167 0.051562 0.244444 -0.001563 0.000694 1.000000
0 109 0.937891 0.727778 0.050781 0.241667 -0.001172 -0.001389 1.000000
0 110 0.936328 0.727778 0.050781 0.241667 -0.001563 0.000000 1.000000
0 111 0.936328 0.729167 0.053906 0.244444 0.000000 0.001389 1.000000
0 112 0.939453 0.729861 0.063281 0.245833 0.003125 0.000694 1.000000
0 113 0.941797 0.731944 0.072656 0.247222 0.002344 0.002083 1.000000
0 114 0.942578 0.734028 0.078906 0.245833 0.000781 0.002083 1.000000
0 115 0.942578 0.736111 0.083594 0.238889 0.000000 0.002083 1.000000
0 116 0.941406 0.738889 0.087500 0.244444 -0.001172 0.002778 1.000000
0 117 0.940625 0.741667 0.090625 0.244444 -0.000781 0.002778 1.000000
0 118 0.937891 0.741667 0.091406 0.244444 -0.002734 0.000000 1.000000
0 119 0.935156 0.743750 0.092188 0.245833 -0.002734 0.002083 1.000000
0 120 0.931250 0.744444 0.092188 0.247222 -0.003906 0.000694 1.000000
0 121 0.927344 0.744444 0.090625 0.247222 -0.003906 0.000000 1.000000
0 122 0.925781 0.745833 0.087500 0.250000 -0.001563 0.001389 1.000000
0 123 0.925000 0.745833 0.076563 0.250000 -0.000781 0.000000 1.000000
0 124 0.925000 0.748611 0.065625 0.255556 0.000000 0.002778 1.000000
0 125 0.926562 0.750000 0.056250 0.252778 0.001563 0.001389 1.000000
0 126 0.925391 0.750694 0.050781 0.254167 -0.001172 0.000694 1.000000
0 127 0.923828 0.754861 0.042969 0.254167 -0.001563 0.004167 1.000000
0 128 0.919141 0.759028 0.044531 0.262500 -0.004687 0.004167 1.000000
0 129 0.916016 0.762500 0.044531 0.261111 -0.003125 0.003472 1.000000
0 130 0.911328 0.761806 0.044531 0.262500 -0.004687 -0.000694 1.000000
0 131 0.907813 0.764583 0.045312 0.262500 -0.003516 0.002778 1.000000
0 132 0.903906 0.767361 0.045312 0.262500 -0.003906 0.002778 1.000000
0 133 0.900000 0.768750 0.045312 0.259722 -0.003906 0.001389 1.000000
0 134 0.896094 0.770833 0.048438 0.258333 -0.003906 0.002083 1.000000
0 135 0.891797 0.776389 0.052344 0.258333 -0.004297 0.005556 1.000000
0 136 0.887891 0.779861 0.055469 0.248611 -0.003906 0.003472 1.000000
0 137 0.887500 0.784722 0.059375 0.238889 -0.000391 0.004861 1.000000
0 138 0.885156 0.789583 0.064062 0.229167 -0.002344 0.004861 1.000000
0 139 0.880859 0.792361 0.067969 0.215278 -0.004297 0.002778 1.000000
0 140 0.876563 0.795833 0.075000 0.213889 -0.004297 0.003472 1.000000
0 141 0.875000 0.812500 0.085938 0.241667 -0.001563 0.016667 1.000000
0 142 0.871875 0.815972 0.089063 0.245833 -0.003125 0.003472 1.000000
0 143 0.866797 0.818750 0.091406 0.245833 -0.005078 0.002778 1.000000
0 144 0.862109 0.820139 0.086719 0.245833 -0.004687 0.001389 1.000000
0 145 0.846875 0.825000 0.089063 0.241667 -0.015234 0.004861 1.000000
0 146 0.836719 0.829861 0.092188 0.237500 -0.010156 0.004861 1.000000
0 147 0.828906 0.831250 0.092188 0.234722 -0.007812 0.001389 1.000000
0 148 0.826562 0.835417 0.096875 0.234722 -0.002344 0.004167 1.000000
0 149 0.824609 0.834722 0.100781 0.241667 -0.001953 -0.000694 1.000000
0 150 0.820703 0.836111 0.103906 0.247222 -0.003906 0.001389 1.000000
0 151 0.818359 0.836111 0.107031 0.250000 -0.002344 0.000000 1.000000
0 152 0.814453 0.838889 0.103906 0.255556 -0.003906 0.002778 1.000000
0 153 0.798438 0.843056 0.082812 0.255556 -0.016016 0.004167 1.000000
0 154 0.783203 0.844444 0.057031 0.255556 -0.015234 0.001389 1.000000
0 155 0.781250 0.850000 0.073438 0.255556 -0.001953 0.005556 1.000000
0 156 0.780078 0.848611 0.089844 0.261111 -0.001172 -0.001389 1.000000
0 157 0.777344 0.847917 0.101562 0.259722 -0.002734 -0.000694 1.000000
0 158 0.776172 0.846528 0.108594 0.262500 -0.001172 -0.001389 1.000000
0 159 0.772266 0.843056 0.110156 0.258333 -0.003906 -0.003472 1.000000
0 160 0.768750 0.853472 0.103125 0.279167 -0.003516 0.010417 1.000000
0 161 0.756250 0.854167 0.107813 0.280556 -0.012500 0.000694 1.000000
0 162 0.743359 0.856250 0.103906 0.273611 -0.012891 0.002083 1.000000
0 163 0.730078 0.857639 0.091406 0.273611 -0.013281 0.001389 1.000000
0 164 0.730078 0.855556 0.097656 0.275000 0.000000 -0.002083 1.000000
0 165 0.730859 0.849306 0.113281 0.276389 0.000781 -0.006250 1.000000
0 166 0.728125 0.841667 0.121875 0.283333 -0.002734 -0.007639 1.000000
0 167 0.726953 0.826389 0.121094 0.272222 -0.001172 -0.015278 1.000000
0 168 0.722266 0.823611 0.116406 0.272222 -0.004687 -0.002778 1.000000
0 169 0.701172 0.820833 0.050781 0.272222 -0.021094 -0.002778 1.000000
0 170 0.703125 0.820139 0.064062 0.270833 0.001953 -0.000694 1.000000
0 171 0.706250 0.818056 0.082812 0.266667 0.003125 -0.002083 1.000000
0 172 0.710156 0.809028 0.098437 0.273611 0.003906 -0.009028 1.000000
0 173 0.709766 0.804861 0.108594 0.273611 -0.000391 -0.004167 1.000000
0 174 0.712500 0.790278 0.109375 0.263889 0.002734 -0.014583 1.000000
0 175 0.705078 0.787500 0.100781 0.263889 -0.007422 -0.002778 1.000000
0 176 0.696484 0.783333 0.092969 0.263889 -0.008594 -0.004167 1.000000
0 177 0.675781 0.786111 0.095312 0.261111 -0.020703 0.002778 1.000000
0 178 0.659375 0.778472 0.085938 0.259722 -0.016406 -0.007639 1.000000
0 179 0.655469 0.772222 0.093750 0.261111 -0.003906 -0.006250 1.000000
0 180 0.651953 0.769444 0.117969 0.266667 -0.003516 -0.002778 1.000000
0 181 0.647656 0.743750 0.125000 0.251389 -0.004297 -0.025694 1.000000
0 182 0.646875 0.730556 0.110937 0.233333 -0.000781 -0.013194 1.000000
0 183 0.638281 0.726389 0.089063 0.233333 -0.008594 -0.004167 1.000000
0 184 0.627344 0.725000 0.067187 0.230556 -0.010937 -0.001389 1.000000
0 185 0.619922 0.720139 0.063281 0.231944 -0.007422 -0.004861 1.000000
0 186 0.620703 0.717361 0.089844 0.234722 0.000781 -0.002778 1.000000
0 187 0.617578 0.710417 0.100781 0.234722 -0.003125 -0.006944 1.000000
0 188 0.609375 0.695833 0.115625 0.222222 -0.008203 -0.014583 1.000000
0 189 0.600781 0.694444 0.117188 0.225000 -0.008594 -0.001389 1.000000
0 190 0.596484 0.698611 0.102344 0.233333 -0.004297 0.004167 1.000000
0 191 0.589453 0.696528 0.074219 0.234722 -0.007031 -0.002083 1.000000
0 192 0.575781 0.693750 0.068750 0.234722 -0.013672 -0.002778 1.000000
0 193 0.577734 0.689583 0.063281 0.243056 0.001953 -0.004167 1.000000
0 194 0.580469 0.684722 0.081250 0.250000 0.002734 -0.004861 1.000000
0 195 0.576562 0.676389 0.092188 0.247222 -0.003906 -0.008333 1.000000
0 196 0.568359 0.661111 0.105469 0.230556 -0.008203 -0.015278 1.000000
0 197 0.565234 0.659722 0.102344 0.227778 -0.003125 -0.001389 1.000000
0 198 0.564453 0.663194 0.085156 0.240278 -0.000781 0.003472 1.000000
0 199 0.555859 0.663889 0.063281 0.238889 -0.008594 0.000694 1.000000
0 200 0.543750 0.663889 0.064062 0.238889 -0.012109 0.000000 1.000000
0 201 0.554688 0.656250 0.059375 0.243056 0.010937 -0.007639 1.000000
0 202 0.555859 0.652083 0.075781 0.245833 0.001172 -0.004167 1.000000
0 203 0.554688 0.638889 0.085938 0.230556 -0.001172 -0.013194 1.000000
0 204 0.548438 0.629861 0.096875 0.215278 -0.006250 -0.009028 1.000000
0 205 0.544922 0.627083 0.096094 0.215278 -0.003516 -0.002778 1.000000
0 206 0.542969 0.631944 0.084375 0.222222 -0.001953 0.004861 1.000000
0 207 0.537500 0.631944 0.068750 0.222222 -0.005469 0.000000 1.000000
0 208 0.534375 0.629167 0.056250 0.222222 -0.003125 -0.002778 1.000000
0 209 0.537109 0.624306 0.050781 0.226389 0.002734 -0.004861 1.000000
0 210 0.536328 0.620139 0.050781 0.223611 -0.000781 -0.004167 1.000000
0 211 0.533594 0.611111 0.064062 0.208333 -0.002734 -0.009028 1.000000
0 212 0.533984 0.603472 0.067969 0.193056 0.000391 -0.007639 1.000000
0 213 0.534375 0.604167 0.070312 0.188889 0.000391 0.000694 1.000000
0 214 0.536328 0.608333 0.067969 0.188889 0.001953 0.004167 1.000000
0 215 0.537500 0.607639 0.070312 0.179167 0.001172 -0.000694 1.000000
0 216 0.532031 0.602778 0.057813 0.172222 -0.005469 -0.004861 1.000000
0 217 0.524219 0.598611 0.051562 0.175000 -0.007812 -0.004167 1.000000
0 218 0.527344 0.595833 0.067187 0.177778 0.003125 -0.002778 1.000000
0 219 0.528906 0.593056 0.079687 0.177778 0.001563 -0.002778 1.000000
0 220 0.531641 0.586806 0.085156 0.170833 0.002734 -0.006250 1.000000
0 221 0.538281 0.586806 0.079687 0.170833 0.006641 0.000000 1.000000
0 222 0.538281 0.586806 0.079687 0.170833 0.000000 0.000000 1.000000
0 223 0.544531 0.581250 0.057813 0.170833 0.006250 -0.005556 1.000000
0 224 0.540234 0.577778 0.049219 0.177778 -0.004297 -0.003472 1.000000
0 225 0.537109 0.575694 0.038281 0.181944 -0.003125 -0.002083 1.000000
0 226 0.538281 0.573611 0.035937 0.186111 0.001172 -0.002083 1.000000
0 227 0.540234 0.575000 0.041406 0.188889 0.001953 0.001389 1.000000
0 228 0.538672 0.575000 0.052344 0.188889 -0.001563 0.000000 1.000000
0 229 0.539062 0.577083 0.059375 0.190278 0.000391 0.002083 1.000000
0 230 0.540234 0.577778 0.066406 0.180556 0.001172 0.000694 1.000000
0 231 0.542188 0.578472 0.070312 0.179167 0.001953 0.000694 1.000000
0 232 0.545312 0.579861 0.071875 0.181944 0.003125 0.001389 1.000000
0 233 0.553125 0.578472 0.073438 0.179167 0.007812 -0.001389 1.000000
0 234 0.560937 0.577778 0.073438 0.177778 0.007812 -0.000694 1.000000
0 235 0.567578 0.576389 0.064844 0.180556 0.006641 -0.001389 1.000000
0 236 0.570312 0.575000 0.060937 0.183333 0.002734 -0.001389 1.000000
0 237 0.575000 0.575000 0.060937 0.188889 0.004687 0.000000 1.000000
0 238 0.579688 0.577083 0.060937 0.198611 0.004687 0.002083 1.000000
0 239 0.583594 0.579861 0.060937 0.204167 0.003906 0.002778 1.000000
0 240 0.586719 0.582639 0.062500 0.206944 0.003125 0.002778 1.000000
0 241 0.587500 0.584028 0.062500 0.206944 0.000781 0.001389 1.000000
0 242 0.589844 0.588194 0.062500 0.204167 0.002344 0.004167 1.000000
0 243 0.591406 0.591667 0.062500 0.202778 0.001563 0.003472 1.000000
0 244 0.592969 0.594444 0.064062 0.197222 0.001563 0.002778 1.000000
0 245 0.592187 0.595833 0.065625 0.194444 -0.000781 0.001389 1.000000
0 246 0.598437 0.597222 0.071875 0.194444 0.006250 0.001389 1.000000
0 247 0.600781 0.598611 0.076563 0.194444 0.002344 0.001389 1.000000
0 248 0.597656 0.600694 0.078125 0.193056 -0.003125 0.002083 1.000000
0 249 0.595313 0.600694 0.073438 0.190278 -0.002344 0.000000 1.000000
0 250 0.595313 0.602083 0.073438 0.193056 0.000000 0.001389 1.000000
0 251 0.595313 0.605556 0.073438 0.202778 0.000000 0.003472 1.000000
0 252 0.594922 0.606250 0.075781 0.206944 -0.000391 0.000694 1.000000
0 253 0.594141 0.609028 0.075781 0.212500 -0.000781 0.002778 1.000000
0 254 0.597266 0.609722 0.067969 0.211111 0.003125 0.000694 1.000000
0 255 0.595703 0.612500 0.071094 0.208333 -0.001563 0.002778 1.000000
0 256 0.592187 0.613194 0.078125 0.206944 -0.003516 0.000694 1.000000
0 257 0.592969 0.613194 0.076563 0.206944 0.000781 0.000000 1.000000
0 258 0.594141 0.613194 0.067969 0.209722 0.001172 0.000000 1.000000
0 259 0.592187 0.613194 0.046875 0.212500 -0.001953 0.000000 1.000000
0 260 0.592187 0.614583 0.053125 0.209722 0.000000 0.001389 1.000000
0 261 0.585938 0.618056 0.054688 0.211111 -0.006250 0.003472 1.000000
0 262 0.576953 0.625000 0.063281 0.216667 -0.008984 0.006944 1.000000
0 263 0.570312 0.631250 0.071875 0.218056 -0.006641 0.006250 1.000000
0 264 0.568359 0.634722 0.074219 0.213889 -0.001953 0.003472 1.000000
0 265 0.568359 0.638194 0.066406 0.209722 0.000000 0.003472 1.000000
0 266 0.571875 0.638889 0.065625 0.211111 0.003516 0.000694 1.000000
0 267 0.576172 0.634722 0.064844 0.219444 0.004297 -0.004167 1.000000
0 268 0.576172 0.627778 0.067969 0.225000 0.000000 -0.006944 1.000000
0 269 0.589063 0.620139 0.100000 0.229167 0.012891 -0.007639 1.000000
0 270 0.585156 0.616667 0.103125 0.227778 -0.003906 -0.003472 1.000000
0 271 0.588281 0.613889 0.110937 0.227778 0.003125 -0.002778 1.000000
0 272 0.590625 0.606944 0.106250 0.236111 0.002344 -0.006944 1.000000
0 273 0.593750 0.610417 0.090625 0.229167 0.003125 0.003472 1.000000
0 274 0.591016 0.602083 0.092969 0.243056 -0.002734 -0.008333 1.000000
0 275 0.587500 0.603472 0.089063 0.243056 -0.003516 0.001389 1.000000
0 276 0.586328 0.607639 0.085156 0.237500 -0.001172 0.004167 1.000000
0 277 0.585547 0.612500 0.085156 0.230556 -0.000781 0.004861 1.000000
0 278 0.583984 0.617361 0.094531 0.223611 -0.001563 0.004861 1.000000
0 279 0.586328 0.624306 0.103906 0.212500 0.002344 0.006944 1.000000
0 280 0.588672 0.622917 0.103906 0.223611 0.002344 -0.001389 1.000000
0 281 0.590234 0.620833 0.100781 0.227778 0.001563 -0.002083 1.000000
0 282 0.591406 0.620833 0.103125 0.227778 0.001172 0.000000 1.000000
0 283 0.593359 0.624306 0.100781 0.231944 0.001953 0.003472 1.000000
0 284 0.599609 0.627083 0.086719 0.231944 0.006250 0.002778 1.000000
0 285 0.596094 0.629861 0.093750 0.229167 -0.003516 0.002778 1.000000
0 286 0.596094 0.632639 0.084375 0.223611 0.000000 0.002778 1.000000
0 287 0.594922 0.632639 0.080469 0.223611 -0.001172 0.000000 1.000000
0 288 0.598047 0.632639 0.080469 0.223611 0.003125 0.000000 1.000000
0 289 0.598047 0.632639 0.072656 0.226389 0.000000 0.000000 1.000000
0 290 0.599609 0.631944 0.071094 0.227778 0.001563 -0.000694 1.000000
0 291 0.601562 0.631944 0.073438 0.227778 0.001953 0.000000 1.000000
0 292 0.600391 0.634028 0.066406 0.226389 -0.001172 0.002083 1.000000
0 293 0.601562 0.635417 0.068750 0.226389 0.001172 0.001389 1.000000
0 294 0.604297 0.636806 0.074219 0.223611 0.002734 0.001389 1.000000
0 295 0.605078 0.638194 0.074219 0.223611 0.000781 0.001389 1.000000
0 296 0.605078 0.638194 0.074219 0.223611 0.000000 0.000000 1.000000
0 297 0.605859 0.638889 0.072656 0.222222 0.000781 0.000694 1.000000
0 298 0.608984 0.638889 0.069531 0.222222 0.003125 0.000000 1.000000
0 299 0.609375 0.640278 0.067187 0.222222 0.000391 0.001389 1.000000
0 300 0.606250 0.644444 0.056250 0.227778 -0.003125 0.004167 1.000000
0 301 0.605859 0.646528 0.050781 0.231944 -0.000391 0.002083 1.000000
0 302 0.605469 0.647222 0.051562 0.233333 -0.000391 0.000694 1.000000
0 303 0.604688 0.649306 0.053125 0.229167 -0.000781 0.002083 1.000000
0 304 0.604688 0.649306 0.053125 0.229167 0.000000 0.000000 1.000000
0 305 0.604688 0.649306 0.053125 0.229167 0.000000 0.000000 1.000000
0 306 0.604688 0.649306 0.053125 0.229167 0.000000 0.000000 1.000000
0 307 0.601172 0.649306 0.050781 0.229167 -0.003516 0.000000 1.000000
0 308 0.596875 0.649306 0.042188 0.229167 -0.004297 0.000000 1.000000
0 309 0.592187 0.648611 0.039062 0.230556 -0.004687 -0.000694 1.000000
0 310 0.591797 0.648611 0.041406 0.233333 -0.000391 0.000000 1.000000
0 311 0.589453 0.648611 0.041406 0.233333 -0.002344 0.000000 1.000000
0 312 0.587109 0.647222 0.044531 0.236111 -0.002344 -0.001389 1.000000
0 313 0.585547 0.647222 0.047656 0.236111 -0.001563 0.000000 1.000000
0 314 0.582422 0.645833 0.047656 0.236111 -0.003125 -0.001389 1.000000
0 315 0.581641 0.644444 0.047656 0.236111 -0.000781 -0.001389 1.000000
0 316 0.580469 0.643750 0.050000 0.234722 -0.001172 -0.000694 1.000000
0 317 0.579688 0.640278 0.050000 0.233333 -0.000781 -0.003472 1.000000
0 318 0.576953 0.638194 0.046094 0.234722 -0.002734 -0.002083 1.000000
0 319 0.576172 0.635417 0.047656 0.229167 -0.000781 -0.002778 1.000000
0 320 0.570703 0.631944 0.046094 0.225000 -0.005469 -0.003472 1.000000
0 321 0.567578 0.629861 0.046094 0.220833 -0.003125 -0.002083 1.000000
0 322 0.566016 0.630556 0.047656 0.219444 -0.001563 0.000694 1.000000
0 323 0.564844 0.631250 0.050000 0.218056 -0.001172 0.000694 1.000000
0 324 0.564453 0.631944 0.053906 0.216667 -0.000391 0.000694 1.000000
0 325 0.565234 0.631944 0.055469 0.216667 0.000781 0.000000 1.000000
0 326 0.566797 0.631944 0.055469 0.213889 0.001563 0.000000 1.000000
0 327 0.569141 0.631944 0.055469 0.211111 0.002344 0.000000 1.000000
0 328 0.570703 0.633333 0.055469 0.211111 0.001563 0.001389 1.000000
0 329 0.572656 0.633333 0.054688 0.208333 0.001953 0.000000 1.000000
0 330 0.573438 0.633333 0.053125 0.208333 0.000781 0.000000 1.000000
0 331 0.573828 0.633333 0.050781 0.205556 0.000391 0.000000 1.000000
0 332 0.573828 0.633333 0.050781 0.205556 0.000000 0.000000 1.000000
0 333 0.573828 0.632639 0.050781 0.204167 0.000000 -0.000694 1.000000
0 334 0.573047 0.632639 0.049219 0.204167 -0.000781 0.000000 1.000000
0 335 0.572266 0.632639 0.047656 0.204167 -0.000781 0.000000 1.000000
0 336 0.573047 0.632639 0.046094 0.204167 0.000781 0.000000 1.000000
0 337 0.573047 0.633333 0.046094 0.205556 0.000000 0.000694 1.000000
0 338 0.573828 0.634028 0.044531 0.206944 0.000781 0.000694 1.000000
0 339 0.575781 0.636111 0.045312 0.208333 0.001953 0.002083 1.000000
0 340 0.577344 0.636806 0.045312 0.209722 0.001563 0.000694 1.000000
0 341 0.578125 0.637500 0.045312 0.211111 0.000781 0.000694 1.000000
0 342 0.580859 0.638889 0.046094 0.211111 0.002734 0.001389 1.000000
0 343 0.582422 0.640278 0.046094 0.211111 0.001563 0.001389 1.000000
0 344 0.584375 0.640972 0.045312 0.212500 0.001953 0.000694 1.000000
0 345 0.585156 0.642361 0.046875 0.212500 0.000781 0.001389 1.000000
0 346 0.587109 0.645139 0.047656 0.215278 0.001953 0.002778 1.000000
0 347 0.587891 0.647917 0.046094 0.218056 0.000781 0.002778 1.000000
0 348 0.591406 0.650694 0.043750 0.220833 0.003516 0.002778 1.000000
0 349 0.592187 0.656250 0.043750 0.223611 0.000781 0.005556 1.000000
0 350 0.593750 0.658333 0.045312 0.222222 0.001563 0.002083 1.000000
0 351 0.595313 0.660417 0.046875 0.220833 0.001563 0.002083 1.000000
0 352 0.597656 0.663194 0.048438 0.218056 0.002344 0.002778 1.000000
0 353 0.600781 0.665278 0.048438 0.216667 0.003125 0.002083 1.000000
0 354 0.603906 0.666667 0.046875 0.213889 0.003125 0.001389 1.000000
0 355 0.607031 0.668056 0.048438 0.213889 0.003125 0.001389 1.000000
0 356 0.609375 0.668056 0.046875 0.213889 0.002344 0.000000 1.000000
0 357 0.611328 0.670139 0.046094 0.215278 0.001953 0.002083 1.000000
0 358 0.613672 0.672917 0.044531 0.215278 0.002344 0.002778 1.000000
0 359 0.615234 0.672917 0.044531 0.215278 0.001563 0.000000 1.000000
0 360 0.617969 0.672917 0.042188 0.215278 0.002734 0.000000 1.000000
0 361 0.618750 0.675000 0.042188 0.219444 0.000781 0.002083 1.000000
0 362 0.620313 0.675694 0.042188 0.223611 0.001563 0.000694 1.000000
0 363 0.622656 0.677778 0.040625 0.227778 0.002344 0.002083 1.000000
0 364 0.623437 0.677778 0.039062 0.227778 0.000781 0.000000 1.000000
0 365 0.626172 0.678472 0.041406 0.229167 0.002734 0.000694 1.000000
0 366 0.629297 0.677778 0.044531 0.227778 0.003125 -0.000694 1.000000
0 367 0.630078 0.677083 0.047656 0.223611 0.000781 -0.000694 1.000000
0 368 0.630078 0.676389 0.053906 0.219444 0.000000 -0.000694 1.000000
0 369 0.631641 0.675694 0.060156 0.218056 0.001563 -0.000694 1.000000
0 370 0.635547 0.678472 0.066406 0.218056 0.003906 0.002778 1.000000
0 371 0.635156 0.679861 0.067187 0.220833 -0.000391 0.001389 1.000000
0 372 0.634766 0.684028 0.067969 0.223611 -0.000391 0.004167 1.000000
0 373 0.632422 0.685417 0.072656 0.226389 -0.002344 0.001389 1.000000
0 374 0.631641 0.687500 0.072656 0.230556 -0.000781 0.002083 1.000000
0 375 0.628906 0.690278 0.067187 0.236111 -0.002734 0.002778 1.000000
0 376 0.628906 0.691667 0.067187 0.238889 0.000000 0.001389 1.000000
0 377 0.625000 0.693750 0.064062 0.243056 -0.003906 0.002083 1.000000
0 378 0.620703 0.696528 0.058594 0.245833 -0.004297 0.002778 1.000000
0 379 0.618750 0.698611 0.056250 0.247222 -0.001953 0.002083 1.000000
0 380 0.616016 0.701389 0.058594 0.247222 -0.002734 0.002778 1.000000
0 381 0.610938 0.704167 0.064062 0.250000 -0.005078 0.002778 1.000000
0 382 0.608984 0.709722 0.067969 0.252778 -0.001953 0.005556 1.000000
0 383 0.606641 0.710417 0.067969 0.245833 -0.002344 0.000694 1.000000
0 384 0.603125 0.711111 0.060937 0.241667 -0.003516 0.000694 1.000000
0 385 0.601953 0.713889 0.061719 0.241667 -0.001172 0.002778 1.000000
0 386 0.598047 0.713889 0.061719 0.241667 -0.003906 0.000000 1.000000
0 387 0.594922 0.715278 0.061719 0.241667 -0.003125 0.001389 1.000000
0 388 0.591016 0.716667 0.058594 0.241667 -0.003906 0.001389 1.000000
0 389 0.588281 0.716667 0.057813 0.241667 -0.002734 0.000000 1.000000
0 390 0.586719 0.718056 0.057813 0.241667 -0.001563 0.001389 1.000000
0 391 0.585156 0.720833 0.059375 0.241667 -0.001563 0.002778 1.000000
0 392 0.583984 0.725000 0.061719 0.241667 -0.001172 0.004167 1.000000
0 393 0.582812 0.730556 0.060937 0.241667 -0.001172 0.005556 1.000000
0 394 0.580859 0.736111 0.060156 0.241667 -0.001953 0.005556 1.000000
0 395 0.578906 0.741667 0.057813 0.241667 -0.001953 0.005556 1.000000
0 396 0.577734 0.744444 0.053906 0.241667 -0.001172 0.002778 1.000000
0 397 0.575391 0.744444 0.053906 0.241667 -0.002344 0.000000 1.000000
0 398 0.572266 0.741667 0.053906 0.241667 -0.003125 -0.002778 1.000000
0 399 0.569531 0.741667 0.059375 0.241667 -0.002734 0.000000 1.000000
0 400 0.568359 0.741667 0.061719 0.241667 -0.001172 0.000000 1.000000
0 401 0.566797 0.741667 0.061719 0.241667 -0.001563 0.000000 1.000000
0 402 0.564453 0.737500 0.061719 0.241667 -0.002344 -0.004167 1.000000
0 403 0.564453 0.734722 0.061719 0.241667 0.000000 -0.002778 1.000000
0 404 0.555078 0.733333 0.053906 0.241667 -0.009375 -0.001389 1.000000
0 405 0.537500 0.730556 0.056250 0.241667 -0.017578 -0.002778 1.000000
0 406 0.536719 0.727778 0.057813 0.241667 -0.000781 -0.002778 1.000000
0 407 0.534375 0.730556 0.056250 0.241667 -0.002344 0.002778 1.000000
0 408 0.533203 0.734722 0.055469 0.241667 -0.001172 0.004167 1.000000
0 409 0.532422 0.741667 0.052344 0.241667 -0.000781 0.006944 1.000000
0 410 0.532813 0.750000 0.053125 0.241667 0.000391 0.008333 1.000000
0 411 0.532422 0.755556 0.060156 0.241667 -0.000391 0.005556 1.000000
0 412 0.529297 0.755556 0.060156 0.241667 -0.003125 0.000000 1.000000
0 413 0.526172 0.750000 0.060156 0.241667 -0.003125 -0.005556 1.000000
0 414 0.520703 0.741667 0.058594 0.241667 -0.005469 -0.008333 1.000000
0 415 0.515234 0.733333 0.061719 0.241667 -0.005469 -0.008333 1.000000
0 416 0.511328 0.723611 0.061719 0.241667 -0.003906 -0.009722 1.000000
0 417 0.507422 0.713889 0.061719 0.241667 -0.003906 -0.009722 1.000000
0 418 0.502734 0.710417 0.058594 0.254167 -0.004687 -0.003472 1.000000
0 419 0.498828 0.702083 0.057031 0.254167 -0.003906 -0.008333 1.000000
0 420 0.496484 0.695139 0.057031 0.256944 -0.002344 -0.006944 1.000000
0 421 0.492969 0.691667 0.053125 0.261111 -0.003516 -0.003472 1.000000
0 422 0.488281 0.684722 0.053125 0.255556 -0.004687 -0.006944 1.000000
0 423 0.483984 0.682639 0.061719 0.251389 -0.004297 -0.002083 1.000000
0 424 0.482031 0.681944 0.062500 0.252778 -0.001953 -0.000694 1.000000
0 425 0.478906 0.682639 0.064062 0.254167 -0.003125 0.000694 1.000000
0 426 0.477734 0.681250 0.064844 0.256944 -0.001172 -0.001389 1.000000
0 427 0.476953 0.676389 0.064844 0.263889 -0.000781 -0.004861 1.000000
0 428 0.476172 0.668056 0.064844 0.269444 -0.000781 -0.008333 1.000000
0 429 0.475391 0.661111 0.064844 0.266667 -0.000781 -0.006944 1.000000
0 430 0.478906 0.653472 0.054688 0.259722 0.003516 -0.007639 1.000000
0 431 0.479687 0.645833 0.054688 0.263889 0.000781 -0.007639 1.000000
0 432 0.482812 0.639583 0.056250 0.262500 0.003125 -0.006250 1.000000
0 433 0.483203 0.635417 0.058594 0.259722 0.000391 -0.004167 1.000000
0 434 0.483984 0.633333 0.060156 0.261111 0.000781 -0.002083 1.000000
0 435 0.483984 0.633333 0.064844 0.263889 0.000000 0.000000 1.000000
0 436 0.483594 0.634028 0.065625 0.270833 -0.000391 0.000694 1.000000
0 437 0.482031 0.634028 0.068750 0.270833 -0.001563 0.000000 1.000000
0 438 0.478906 0.633333 0.070312 0.275000 -0.003125 -0.000694 1.000000
0 439 0.478125 0.633333 0.075000 0.277778 -0.000781 0.000000 1.000000
0 440 0.478516 0.630556 0.078906 0.277778 0.000391 -0.002778 1.000000
0 441 0.475391 0.625000 0.083594 0.280556 -0.003125 -0.005556 1.000000
0 442 0.475391 0.616667 0.078906 0.286111 0.000000 -0.008333 1.000000
0 443 0.483594 0.609028 0.073438 0.284722 0.008203 -0.007639 1.000000
0 444 0.490234 0.602778 0.069531 0.280556 0.006641 -0.006250 1.000000
0 445 0.496094 0.595833 0.067187 0.277778 0.005859 -0.006944 1.000000
0 446 0.495312 0.591667 0.068750 0.272222 -0.000781 -0.004167 1.000000
0 447 0.493750 0.585417 0.075000 0.256944 -0.001563 -0.006250 1.000000
0 448 0.492969 0.584028 0.075000 0.259722 -0.000781 -0.001389 1.000000
0 449 0.492188 0.586111 0.075000 0.252778 -0.000781 0.002083 1.000000
0 450 0.488672 0.582639 0.082031 0.259722 -0.003516 -0.003472 1.000000
0 451 0.488672 0.582639 0.082031 0.259722 0.000000 0.000000 1.000000
0 452 0.482422 0.580556 0.094531 0.263889 -0.006250 -0.002083 1.000000
0 453 0.483594 0.581250 0.089063 0.256944 0.001172 0.000694 1.000000
0 454 0.485938 0.577778 0.087500 0.263889 0.002344 -0.003472 1.000000
0 455 0.488672 0.574306 0.082031 0.262500 0.002734 -0.003472 1.000000
0 456 0.481641 0.573611 0.086719 0.258333 -0.007031 -0.000694 1.000000
0 457 0.479687 0.578472 0.081250 0.259722 -0.001953 0.004861 1.000000
0 458 0.473047 0.572917 0.083594 0.248611 -0.006641 -0.005556 1.000000
0 459 0.466406 0.574306 0.092188 0.251389 -0.006641 0.001389 1.000000
0 460 0.463281 0.578472 0.095312 0.237500 -0.003125 0.004167 1.000000
0 461 0.460156 0.584028 0.101562 0.218056 -0.003125 0.005556 1.000000
0 462 0.455078 0.586111 0.102344 0.216667 -0.005078 0.002083 1.000000
0 463 0.450391 0.582639 0.100781 0.218056 -0.004687 -0.003472 1.000000
0 464 0.451172 0.579861 0.103906 0.220833 0.000781 -0.002778 1.000000
0 465 0.458594 0.579861 0.109375 0.220833 0.007422 0.000000 1.000000
0 466 0.467969 0.577083 0.106250 0.215278 0.009375 -0.002778 1.000000
0 467 0.478516 0.575000 0.094531 0.211111 0.010547 -0.002083 1.000000
0 468 0.489453 0.578472 0.088281 0.218056 0.010937 0.003472 1.000000
0 469 0.498437 0.572917 0.098437 0.212500 0.008984 -0.005556 1.000000
0 470 0.499219 0.575000 0.106250 0.225000 0.000781 0.002083 1.000000
0 471 0.501563 0.575000 0.110937 0.225000 0.002344 0.000000 1.000000
0 472 0.504297 0.574306 0.108594 0.223611 0.002734 -0.000694 1.000000
0 473 0.509766 0.574306 0.099219 0.218056 0.005469 0.000000 1.000000
0 474 0.515234 0.572917 0.085156 0.212500 0.005469 -0.001389 1.000000
0 475 0.522656 0.571528 0.068750 0.209722 0.007422 -0.001389 1.000000
0 476 0.518359 0.567361 0.072656 0.209722 -0.004297 -0.004167 1.000000
0 477 0.514844 0.563194 0.078125 0.212500 -0.003516 -0.004167 1.000000
0 478 0.515234 0.559722 0.085156 0.213889 0.000391 -0.003472 1.000000
0 479 0.516406 0.562500 0.087500 0.225000 0.001172 0.002778 1.000000
0 480 0.518750 0.564583 0.087500 0.231944 0.002344 0.002083 1.000000
0 481 0.523828 0.561806 0.082031 0.229167 0.005078 -0.002778 1.000000
0 482 0.534766 0.558333 0.080469 0.225000 0.010937 -0.003472 1.000000
0 483 0.534375 0.554167 0.085938 0.219444 -0.000391 -0.004167 1.000000
0 484 0.529687 0.546528 0.096875 0.218056 -0.004687 -0.007639 1.000000
0 485 0.528516 0.543056 0.099219 0.219444 -0.001172 -0.003472 1.000000
0 486 0.526172 0.543056 0.100781 0.225000 -0.002344 0.000000 1.000000
0 487 0.528125 0.545139 0.098437 0.229167 0.001953 0.002083 1.000000
0 488 0.528516 0.542361 0.083594 0.226389 0.000391 -0.002778 1.000000
0 489 0.535937 0.538889 0.068750 0.222222 0.007422 -0.003472 1.000000
0 490 0.537109 0.531944 0.058594 0.216667 0.001172 -0.006944 1.000000
0 491 0.530078 0.524306 0.066406 0.215278 -0.007031 -0.007639 1.000000
0 492 0.526172 0.518750 0.077344 0.215278 -0.003906 -0.005556 1.000000
0 493 0.528516 0.516667 0.092969 0.219444 0.002344 -0.002083 1.000000
0 494 0.531641 0.513889 0.100781 0.219444 0.003125 -0.002778 1.000000
0 495 0.531250 0.509722 0.095312 0.211111 -0.000391 -0.004167 1.000000
0 496 0.528516 0.507639 0.075781 0.201389 -0.002734 -0.002083 1.000000
0 497 0.532031 0.506944 0.065625 0.191667 0.003516 -0.000694 1.000000
0 498 0.533203 0.504167 0.049219 0.186111 0.001172 -0.002778 1.000000
0 499 0.531641 0.500000 0.046094 0.183333 -0.001563 -0.004167 1.000000
0 500 0.527734 0.497222 0.047656 0.183333 -0.003906 -0.002778 1.000000
0 501 0.528906 0.502083 0.065625 0.193056 0.001172 0.004861 1.000000
0 502 0.527734 0.504861 0.067969 0.198611 -0.001172 0.002778 1.000000
0 503 0.526172 0.509028 0.058594 0.198611 -0.001563 0.004167 1.000000
0 504 0.524219 0.509028 0.048438 0.187500 -0.001953 0.000000 1.000000
0 505 0.524219 0.510417 0.048438 0.179167 0.000000 0.001389 1.000000
0 506 0.525000 0.508333 0.046875 0.166667 0.000781 -0.002083 1.000000
0 507 0.525000 0.513194 0.050000 0.173611 0.000000 0.004861 1.000000
0 508 0.521875 0.518056 0.053125 0.177778 -0.003125 0.004861 1.000000
0 509 0.516797 0.519444 0.060156 0.175000 -0.005078 0.001389 1.000000
0 510 0.508203 0.521528 0.063281 0.165278 -0.008594 0.002083 1.000000
0 511 0.504297 0.527778 0.061719 0.163889 -0.003906 0.006250 1.000000
0 512 0.495312 0.525000 0.062500 0.163889 -0.008984 -0.002778 1.000000
0 513 0.486328 0.531944 0.058594 0.166667 -0.008984 0.006944 1.000000
0 514 0.481641 0.540278 0.049219 0.172222 -0.004687 0.008333 1.000000
0 515 0.466406 0.547917 0.057813 0.176389 -0.015234 0.007639 1.000000
0 516 0.464453 0.554167 0.067969 0.155556 -0.001953 0.006250 1.000000
0 517 0.450000 0.551389 0.051562 0.158333 -0.014453 -0.002778 1.000000
0 518 0.442188 0.545833 0.051562 0.161111 -0.007812 -0.005556 1.000000
0 519 0.437500 0.543750 0.051562 0.156944 -0.004687 -0.002083 1.000000
0 520 0.431641 0.541667 0.050781 0.155556 -0.005859 -0.002083 1.000000
0 521 0.416797 0.556250 0.038281 0.118056 -0.014844 0.014583 1.000000
0 522 0.410156 0.554861 0.034375 0.112500 -0.006641 -0.001389 1.000000
0 523 0.403125 0.557639 0.034375 0.112500 -0.007031 0.002778 1.000000
0 524 0.394922 0.571528 0.035156 0.131944 -0.008203 0.013889 1.000000
0 525 0.384766 0.585417 0.032031 0.151389 -0.010156 0.013889 1.000000
0 526 0.376172 0.586111 0.035156 0.141667 -0.008594 0.000694 1.000000
0 527 0.368359 0.588194 0.035156 0.134722 -0.007812 0.002083 1.000000
0 528 0.357812 0.589583 0.042188 0.131944 -0.010547 0.001389 1.000000
0 529 0.350391 0.591667 0.042969 0.119444 -0.007422 0.002083 1.000000
0 530 0.341797 0.593056 0.049219 0.119444 -0.008594 0.001389 1.000000
0 531 0.333984 0.593750 0.050781 0.115278 -0.007812 0.000694 1.000000
0 532 0.326953 0.610417 0.055469 0.148611 -0.007031 0.016667 1.000000
0 533 0.320703 0.615278 0.057031 0.158333 -0.006250 0.004861 1.000000
0 534 0.314063 0.618750 0.059375 0.159722 -0.006641 0.003472 1.000000
0 535 0.305859 0.622222 0.057031 0.155556 -0.008203 0.003472 1.000000
0 536 0.296875 0.622917 0.050000 0.154167 -0.008984 0.000694 1.000000
0 537 0.288281 0.622917 0.046875 0.154167 -0.008594 0.000000 1.000000
0 538 0.280078 0.621528 0.039844 0.154167 -0.008203 -0.001389 1.000000
0 539 0.272266 0.629861 0.036719 0.173611 -0.007812 0.008333 1.000000
0 540 0.266016 0.639583 0.038281 0.193056 -0.006250 0.009722 1.000000
0 541 0.259766 0.645139 0.038281 0.198611 -0.006250 0.005556 1.000000
0 542 0.253516 0.650000 0.035156 0.202778 -0.006250 0.004861 1.000000
0 543 0.247656 0.657639 0.035937 0.206944 -0.005859 0.007639 1.000000
0 544 0.242969 0.659722 0.037500 0.202778 -0.004687 0.002083 1.000000
0 545 0.236719 0.659722 0.037500 0.200000 -0.006250 0.000000 1.000000
0 546 0.233594 0.661111 0.042188 0.197222 -0.003125 0.001389 1.000000
0 547 0.226953 0.661111 0.038281 0.200000 -0.006641 0.000000 1.000000
0 548 0.221484 0.661111 0.038281 0.200000 -0.005469 0.000000 1.000000
0 549 0.217188 0.665972 0.040625 0.212500 -0.004297 0.004861 1.000000
0 550 0.211719 0.673611 0.050000 0.227778 -0.005469 0.007639 1.000000
