0 1 0.812109 0.568750 0.075781 0.190278 0.000000 0.000000 1.000000
0 2 0.812891 0.568056 0.063281 0.188889 0.000781 -0.000694 1.000000
0 3 0.815234 0.565278 0.050781 0.188889 0.002344 -0.002778 1.000000
0 4 0.819922 0.563194 0.041406 0.193056 0.004687 -0.002083 1.000000
0 5 0.825781 0.560417 0.031250 0.198611 0.005859 -0.002778 1.000000
0 6 0.827344 0.557639 0.032813 0.204167 0.001563 -0.002778 1.000000
0 7 0.827734 0.552778 0.033594 0.200000 0.000391 -0.004861 1.000000
0 8 0.828516 0.551389 0.033594 0.205556 0.000781 -0.001389 1.000000
0 9 0.831641 0.550000 0.036719 0.202778 0.003125 -0.001389 1.000000
0 10 0.833203 0.551389 0.039844 0.205556 0.001563 0.001389 1.000000
0 11 0.837500 0.552083 0.048438 0.206944 0.004297 0.000694 1.000000
0 12 0.842578 0.552083 0.057031 0.206944 0.005078 0.000000 1.000000
0 13 0.847656 0.556944 0.060937 0.200000 0.005078 0.004861 1.000000
0 14 0.848437 0.556944 0.068750 0.200000 0.000781 0.000000 1.000000
0 15 0.847656 0.556250 0.073438 0.198611 -0.000781 -0.000694 1.000000
0 16 0.845703 0.559722 0.078906 0.188889 -0.001953 0.003472 1.000000
0 17 0.844922 0.558333 0.080469 0.186111 -0.000781 -0.001389 1.000000
0 18 0.844531 0.558333 0.073438 0.186111 -0.000391 0.000000 1.000000
0 19 0.844922 0.556944 0.061719 0.194444 0.000391 -0.001389 1.000000
0 20 0.847266 0.550694 0.053906 0.195833 0.002344 -0.006250 1.000000
0 21 0.850781 0.547917 0.046875 0.201389 0.003516 -0.002778 1.000000
0 22 0.855859 0.545833 0.041406 0.205556 0.005078 -0.002083 1.000000
0 23 0.855859 0.543056 0.041406 0.208333 0.000000 -0.002778 1.000000
0 24 0.855859 0.543056 0.041406 0.208333 0.000000 0.000000 1.000000
0 25 0.855859 0.543056 0.041406 0.208333 0.000000 0.000000 1.000000
0 26 0.855859 0.543056 0.041406 0.208333 0.000000 0.000000 1.000000
0 27 0.857031 0.545139 0.046875 0.204167 0.001172 0.002083 1.000000
0 28 0.859766 0.547222 0.052344 0.202778 0.002734 0.002083 1.000000
0 29 0.862891 0.549306 0.058594 0.201389 0.003125 0.002083 1.000000
0 30 0.863672 0.549306 0.060156 0.201389 0.000781 0.000000 1.000000
0 31 0.864453 0.550000 0.061719 0.202778 0.000781 0.000694 1.000000
0 32 0.866016 0.548611 0.063281 0.200000 0.001563 -0.001389 1.000000
0 33 0.865625 0.548611 0.064062 0.200000 -0.000391 0.000000 1.000000
0 34 0.864453 0.546528 0.067969 0.195833 -0.001172 -0.002083 1.000000
0 35 0.862500 0.547917 0.071875 0.198611 -0.001953 0.001389 1.000000
0 36 0.860156 0.547917 0.073438 0.198611 -0.002344 0.000000 1.000000
0 37 0.856641 0.547917 0.074219 0.198611 -0.003516 0.000000 1.000000
0 38 0.853516 0.545833 0.069531 0.197222 -0.003125 -0.002083 1.000000
0 39 0.851562 0.544444 0.065625 0.200000 -0.001953 -0.001389 1.000000
0 40 0.850000 0.540278 0.060937 0.202778 -0.001563 -0.004167 1.000000
0 41 0.848828 0.538889 0.057031 0.202778 -0.001172 -0.001389 1.000000
0 42 0.846484 0.535417 0.052344 0.204167 -0.002344 -0.003472 1.000000
0 43 0.846484 0.535417 0.052344 0.204167 0.000000 0.000000 1.000000
0 44 0.845703 0.534722 0.053906 0.205556 -0.000781 -0.000694 1.000000
0 45 0.842969 0.533333 0.054688 0.205556 -0.002734 -0.001389 1.000000
0 46 0.839453 0.531944 0.053906 0.208333 -0.003516 -0.001389 1.000000
0 47 0.835938 0.531944 0.053125 0.208333 -0.003516 0.000000 1.000000
0 48 0.832031 0.529167 0.053125 0.211111 -0.003906 -0.002778 1.000000
0 49 0.826172 0.530556 0.050781 0.213889 -0.005859 0.001389 1.000000
0 50 0.819922 0.530556 0.046094 0.213889 -0.006250 0.000000 1.000000
0 51 0.814844 0.530556 0.045312 0.216667 -0.005078 0.000000 1.000000
0 52 0.811719 0.529167 0.046875 0.216667 -0.003125 -0.001389 1.000000
0 53 0.808594 0.529167 0.046875 0.216667 -0.003125 0.000000 1.000000
0 54 0.805469 0.525694 0.048438 0.218056 -0.003125 -0.003472 1.000000
0 55 0.802344 0.524306 0.048438 0.218056 -0.003125 -0.001389 1.000000
0 56 0.798438 0.522917 0.048438 0.218056 -0.003906 -0.001389 1.000000
0 57 0.795703 0.522917 0.049219 0.218056 -0.002734 0.000000 1.000000
0 58 0.791406 0.522917 0.051562 0.218056 -0.004297 0.000000 1.000000
0 59 0.786719 0.522917 0.051562 0.218056 -0.004687 0.000000 1.000000
0 60 0.782031 0.525694 0.054688 0.215278 -0.004687 0.002778 1.000000
0 61 0.780469 0.528472 0.050000 0.215278 -0.001563 0.002778 1.000000
0 62 0.779687 0.531250 0.050000 0.215278 -0.000781 0.002778 1.000000
0 63 0.777344 0.536111 0.051562 0.216667 -0.002344 0.004861 1.000000
0 64 0.773828 0.537500 0.052344 0.219444 -0.003516 0.001389 1.000000
0 65 0.772656 0.540278 0.050000 0.219444 -0.001172 0.002778 1.000000
0 66 0.769531 0.538889 0.051562 0.200000 -0.003125 -0.001389 1.000000
0 67 0.764844 0.543750 0.054688 0.206944 -0.004687 0.004861 1.000000
0 68 0.762109 0.552083 0.055469 0.212500 -0.002734 0.008333 1.000000
0 69 0.760156 0.553472 0.051562 0.215278 -0.001953 0.001389 1.000000
0 70 0.757422 0.559722 0.053906 0.213889 -0.002734 0.006250 1.000000
0 71 0.754297 0.563889 0.053906 0.213889 -0.003125 0.004167 1.000000
0 72 0.751172 0.565278 0.057031 0.216667 -0.003125 0.001389 1.000000
0 73 0.750781 0.570139 0.057813 0.218056 -0.000391 0.004861 1.000000
0 74 0.749609 0.575000 0.058594 0.222222 -0.001172 0.004861 1.000000
0 75 0.747266 0.577778 0.058594 0.225000 -0.002344 0.002778 1.000000
0 76 0.745313 0.581944 0.060937 0.227778 -0.001953 0.004167 1.000000
0 77 0.743359 0.583333 0.060156 0.227778 -0.001953 0.001389 1.000000
0 78 0.742969 0.586111 0.059375 0.227778 -0.000391 0.002778 1.000000
0 79 0.742188 0.589583 0.060937 0.229167 -0.000781 0.003472 1.000000
0 80 0.740625 0.591667 0.060937 0.233333 -0.001563 0.002083 1.000000
0 81 0.740625 0.591667 0.060937 0.233333 0.000000 0.000000 1.000000
0 82 0.741406 0.591667 0.060937 0.233333 0.000781 0.000000 1.000000
0 83 0.744922 0.592361 0.060156 0.237500 0.003516 0.000694 1.000000
0 84 0.745703 0.592361 0.058594 0.237500 0.000781 0.000000 1.000000
0 85 0.742188 0.592361 0.065625 0.237500 -0.003516 0.000000 1.000000
0 86 0.739844 0.591667 0.070312 0.241667 -0.002344 -0.000694 1.000000
0 87 0.739844 0.584722 0.073438 0.261111 0.000000 -0.006944 1.000000
0 88 0.739453 0.577778 0.074219 0.280556 -0.000391 -0.006944 1.000000
0 89 0.735938 0.571528 0.067187 0.293056 -0.003516 -0.006250 1.000000
0 90 0.738281 0.568750 0.067187 0.295833 0.002344 -0.002778 1.000000
0 91 0.737891 0.565972 0.066406 0.304167 -0.000391 -0.002778 1.000000
0 92 0.735938 0.561806 0.057813 0.306944 -0.001953 -0.004167 1.000000
0 93 0.735938 0.556944 0.057813 0.316667 0.000000 -0.004861 1.000000
0 94 0.732031 0.550000 0.050000 0.308333 -0.003906 -0.006944 1.000000
0 95 0.727344 0.536806 0.043750 0.284722 -0.004687 -0.013194 1.000000
0 96 0.727344 0.533333 0.043750 0.291667 0.000000 -0.003472 1.000000
0 97 0.725781 0.533333 0.043750 0.291667 -0.001563 0.000000 1.000000
0 98 0.722656 0.531944 0.043750 0.294444 -0.003125 -0.001389 1.000000
0 99 0.719531 0.527083 0.043750 0.301389 -0.003125 -0.004861 1.000000
0 100 0.713672 0.528472 0.041406 0.301389 -0.005859 0.001389 1.000000
0 101 0.712500 0.525000 0.043750 0.308333 -0.001172 -0.003472 1.000000
0 102 0.707031 0.522917 0.043750 0.301389 -0.005469 -0.002083 1.000000
0 103 0.705859 0.521528 0.046094 0.301389 -0.001172 -0.001389 1.000000
0 104 0.705469 0.520139 0.048438 0.290278 -0.000391 -0.001389 1.000000
0 105 0.705859 0.524306 0.049219 0.287500 0.000391 0.004167 1.000000
0 106 0.705859 0.531944 0.050781 0.300000 0.000000 0.007639 1.000000
0 107 0.705469 0.536806 0.054688 0.301389 -0.000391 0.004861 1.000000
0 108 0.703906 0.532639 0.057813 0.301389 -0.001563 -0.004167 1.000000
0 109 0.701953 0.533333 0.057031 0.302778 -0.001953 0.000694 1.000000
0 110 0.698438 0.532639 0.054688 0.301389 -0.003516 -0.000694 1.000000
0 111 0.696875 0.529861 0.050000 0.295833 -0.001563 -0.002778 1.000000
0 112 0.694141 0.526389 0.047656 0.286111 -0.002734 -0.003472 1.000000
0 113 0.689453 0.530556 0.046094 0.272222 -0.004687 0.004167 1.000000
0 114 0.685937 0.529861 0.043750 0.245833 -0.003516 -0.000694 1.000000
0 115 0.684375 0.544444 0.043750 0.230556 -0.001563 0.014583 1.000000
0 116 0.680078 0.545139 0.049219 0.220833 -0.004297 0.000694 1.000000
0 117 0.676953 0.547222 0.057031 0.216667 -0.003125 0.002083 1.000000
0 118 0.669922 0.550694 0.058594 0.215278 -0.007031 0.003472 1.000000
0 119 0.667188 0.554861 0.057813 0.215278 -0.002734 0.004167 1.000000
0 120 0.668359 0.553472 0.061719 0.220833 0.001172 -0.001389 1.000000
0 121 0.662500 0.549306 0.059375 0.234722 -0.005859 -0.004167 1.000000
0 122 0.656641 0.538194 0.057031 0.251389 -0.005859 -0.011111 1.000000
0 123 0.652734 0.535417 0.064844 0.256944 -0.003906 -0.002778 1.000000
0 124 0.641797 0.520833 0.071094 0.250000 -0.010937 -0.014583 1.000000
0 125 0.638281 0.502778 0.073438 0.266667 -0.003516 -0.018056 1.000000
0 126 0.636328 0.505556 0.072656 0.269444 -0.001953 0.002778 1.000000
0 127 0.631641 0.496528 0.075781 0.256944 -0.004687 -0.009028 1.000000
0 128 0.628906 0.497917 0.078125 0.251389 -0.002734 0.001389 1.000000
0 129 0.627344 0.495833 0.076563 0.241667 -0.001563 -0.002083 1.000000
0 130 0.623828 0.502083 0.075781 0.229167 -0.003516 0.006250 1.000000
0 131 0.619531 0.506944 0.076563 0.227778 -0.004297 0.004861 1.000000
0 132 0.617969 0.511806 0.079687 0.223611 -0.001563 0.004861 1.000000
0 133 0.617969 0.518750 0.071875 0.231944 0.000000 0.006944 1.000000
0 134 0.614062 0.525000 0.068750 0.230556 -0.003906 0.006250 1.000000
0 135 0.616406 0.537500 0.073438 0.241667 0.002344 0.012500 1.000000
0 136 0.617578 0.544444 0.071094 0.255556 0.001172 0.006944 1.000000
0 137 0.621875 0.547917 0.070312 0.251389 0.004297 0.003472 1.000000
0 138 0.625000 0.554861 0.073438 0.248611 0.003125 0.006944 1.000000
0 139 0.623828 0.562500 0.069531 0.241667 -0.001172 0.007639 1.000000
0 140 0.622656 0.567361 0.068750 0.234722 -0.001172 0.004861 1.000000
0 141 0.620703 0.571528 0.066406 0.226389 -0.001953 0.004167 1.000000
0 142 0.618359 0.574306 0.066406 0.226389 -0.002344 0.002778 1.000000
0 143 0.613672 0.572917 0.066406 0.226389 -0.004687 -0.001389 1.000000
0 144 0.613281 0.568750 0.070312 0.231944 -0.000391 -0.004167 1.000000
0 145 0.613281 0.564583 0.075000 0.229167 0.000000 -0.004167 1.000000
0 146 0.610156 0.561111 0.084375 0.225000 -0.003125 -0.003472 1.000000
0 147 0.615234 0.558333 0.082031 0.222222 0.005078 -0.002778 1.000000
0 148 0.616406 0.560417 0.084375 0.226389 0.001172 0.002083 1.000000
0 149 0.626563 0.561806 0.082812 0.226389 0.010156 0.001389 1.000000
0 150 0.626172 0.563889 0.092969 0.219444 -0.000391 0.002083 1.000000
0 151 0.627344 0.561111 0.098437 0.222222 0.001172 -0.002778 1.000000
0 152 0.626563 0.564583 0.103125 0.218056 -0.000781 0.003472 1.000000
0 153 0.627344 0.565278 0.104688 0.213889 0.000781 0.000694 1.000000
0 154 0.627344 0.565278 0.104688 0.213889 0.000000 0.000000 1.000000
0 155 0.622656 0.565972 0.115625 0.220833 -0.004687 0.000694 1.000000
0 156 0.619531 0.561806 0.115625 0.215278 -0.003125 -0.004167 1.000000
0 157 0.617969 0.558333 0.112500 0.208333 -0.001563 -0.003472 1.000000
0 158 0.614844 0.550694 0.106250 0.198611 -0.003125 -0.007639 1.000000
0 159 0.613281 0.553472 0.098437 0.204167 -0.001563 0.002778 1.000000
0 160 0.619141 0.549306 0.102344 0.212500 0.005859 -0.004167 1.000000
0 161 0.625391 0.547917 0.102344 0.218056 0.006250 -0.001389 1.000000
0 162 0.638672 0.543750 0.085156 0.218056 0.013281 -0.004167 1.000000
0 163 0.639062 0.543056 0.087500 0.222222 0.000391 -0.000694 1.000000
0 164 0.646094 0.540278 0.085938 0.216667 0.007031 -0.002778 1.000000
0 165 0.646094 0.537500 0.085938 0.216667 0.000000 -0.002778 1.000000
0 166 0.652344 0.534722 0.079687 0.211111 0.006250 -0.002778 1.000000
0 167 0.651172 0.534722 0.069531 0.211111 -0.001172 0.000000 1.000000
0 168 0.650391 0.531944 0.071094 0.213889 -0.000781 -0.002778 1.000000
0 169 0.656250 0.531250 0.075000 0.220833 0.005859 -0.000694 1.000000
0 170 0.664453 0.528472 0.082031 0.226389 0.008203 -0.002778 1.000000
0 171 0.669531 0.523611 0.084375 0.233333 0.005078 -0.004861 1.000000
0 172 0.677734 0.515972 0.089844 0.229167 0.008203 -0.007639 1.000000
0 173 0.685547 0.515972 0.091406 0.226389 0.007812 0.000000 1.000000
0 174 0.692969 0.511806 0.084375 0.226389 0.007422 -0.004167 1.000000
0 175 0.694531 0.516667 0.085938 0.233333 0.001563 0.004861 1.000000
0 176 0.692187 0.515278 0.082812 0.225000 -0.002344 -0.001389 1.000000
0 177 0.685156 0.513889 0.075000 0.219444 -0.007031 -0.001389 1.000000
0 178 0.679297 0.512500 0.063281 0.216667 -0.005859 -0.001389 1.000000
0 179 0.685937 0.511111 0.078125 0.222222 0.006641 -0.001389 1.000000
0 180 0.688672 0.506250 0.078906 0.218056 0.002734 -0.004861 1.000000
0 181 0.692969 0.506944 0.082812 0.227778 0.004297 0.000694 1.000000
0 182 0.694531 0.506944 0.085938 0.227778 0.001563 0.000000 1.000000
0 183 0.696094 0.507639 0.089063 0.229167 0.001563 0.000694 1.000000
0 184 0.696875 0.513889 0.087500 0.233333 0.000781 0.006250 1.000000
0 185 0.693359 0.515278 0.075781 0.225000 -0.003516 0.001389 1.000000
0 186 0.693750 0.513889 0.056250 0.225000 0.000391 -0.001389 1.000000
0 187 0.696094 0.511806 0.059375 0.229167 0.002344 -0.002083 1.000000
0 188 0.705078 0.509028 0.074219 0.226389 0.008984 -0.002778 1.000000
0 189 0.708203 0.506944 0.082031 0.227778 0.003125 -0.002083 1.000000
0 190 0.714453 0.506944 0.085156 0.227778 0.006250 0.000000 1.000000
0 191 0.714844 0.507639 0.090625 0.229167 0.000391 0.000694 1.000000
0 192 0.715625 0.509028 0.095312 0.229167 0.000781 0.001389 1.000000
0 193 0.718750 0.510417 0.084375 0.229167 0.003125 0.001389 1.000000
0 194 0.716406 0.517361 0.073438 0.220833 -0.002344 0.006944 1.000000
0 195 0.713281 0.518750 0.060937 0.220833 -0.003125 0.001389 1.000000
0 196 0.715234 0.519444 0.069531 0.222222 0.001953 0.000694 1.000000
0 197 0.719531 0.519444 0.078125 0.222222 0.004297 0.000000 1.000000
0 198 0.721875 0.519444 0.082812 0.222222 0.002344 0.000000 1.000000
0 199 0.725781 0.522222 0.090625 0.227778 0.003906 0.002778 1.000000
0 200 0.721484 0.524306 0.096094 0.226389 -0.004297 0.002083 1.000000
0 201 0.725781 0.527778 0.084375 0.222222 0.004297 0.003472 1.000000
0 202 0.727734 0.530556 0.071094 0.216667 0.001953 0.002778 1.000000
0 203 0.723437 0.533333 0.067187 0.213889 -0.004297 0.002778 1.000000
0 204 0.718750 0.532639 0.057813 0.212500 -0.004687 -0.000694 1.000000
0 205 0.715234 0.536111 0.071094 0.222222 -0.003516 0.003472 1.000000
0 206 0.723437 0.533333 0.070312 0.225000 0.008203 -0.002778 1.000000
0 207 0.724609 0.530556 0.075781 0.219444 0.001172 -0.002778 1.000000
0 208 0.719531 0.531250 0.092188 0.220833 -0.005078 0.000694 1.000000
0 209 0.714063 0.536111 0.104688 0.219444 -0.005469 0.004861 1.000000
0 210 0.715625 0.536806 0.092188 0.212500 0.001563 0.000694 1.000000
0 211 0.714063 0.539583 0.070312 0.209722 -0.001563 0.002778 1.000000
0 212 0.706250 0.540972 0.056250 0.209722 -0.007812 0.001389 1.000000
0 213 0.703125 0.540972 0.051562 0.209722 -0.003125 0.000000 1.000000
0 214 0.702344 0.538889 0.051562 0.216667 -0.000781 -0.002083 1.000000
0 215 0.707422 0.539583 0.061719 0.218056 0.005078 0.000694 1.000000
0 216 0.703125 0.538889 0.070312 0.216667 -0.004297 -0.000694 1.000000
0 217 0.699609 0.537500 0.085156 0.213889 -0.003516 -0.001389 1.000000
0 218 0.700391 0.540278 0.085156 0.208333 0.000781 0.002778 1.000000
0 219 0.702344 0.540278 0.070312 0.200000 0.001953 0.000000 1.000000
0 220 0.701172 0.540972 0.057031 0.198611 -0.001172 0.000694 1.000000
0 221 0.695312 0.540972 0.045312 0.198611 -0.005859 0.000000 1.000000
0 222 0.695703 0.538194 0.046094 0.201389 0.000391 -0.002778 1.000000
0 223 0.698828 0.535417 0.057031 0.206944 0.003125 -0.002778 1.000000
0 224 0.700781 0.531250 0.064062 0.204167 0.001953 -0.004167 1.000000
0 225 0.700000 0.526389 0.076563 0.202778 -0.000781 -0.004861 1.000000
0 226 0.693359 0.525000 0.088281 0.200000 -0.006641 -0.001389 1.000000
0 227 0.695703 0.525694 0.083594 0.198611 0.002344 0.000694 1.000000
0 228 0.699219 0.529167 0.075000 0.197222 0.003516 0.003472 1.000000
0 229 0.697266 0.529167 0.064844 0.191667 -0.001953 0.000000 1.000000
0 230 0.693750 0.529167 0.057813 0.191667 -0.003516 0.000000 1.000000
0 231 0.693750 0.527778 0.051562 0.191667 0.000000 -0.001389 1.000000
0 232 0.697656 0.527083 0.050000 0.195833 0.003906 -0.000694 1.000000
0 233 0.707422 0.525000 0.060156 0.202778 0.009766 -0.002083 1.000000
0 234 0.705078 0.525694 0.063281 0.204167 -0.002344 0.000694 1.000000
0 235 0.710547 0.522222 0.074219 0.197222 0.005469 -0.003472 1.000000
0 236 0.711719 0.524306 0.079687 0.195833 0.001172 0.002083 1.000000
0 237 0.719141 0.525000 0.066406 0.194444 0.007422 0.000694 1.000000
0 238 0.717969 0.528472 0.057813 0.187500 -0.001172 0.003472 1.000000
0 239 0.712891 0.534028 0.046094 0.198611 -0.005078 0.005556 1.000000
0 240 0.718750 0.535417 0.051562 0.201389 0.005859 0.001389 1.000000
0 241 0.721875 0.529861 0.059375 0.198611 0.003125 -0.005556 1.000000
0 242 0.724609 0.529167 0.071094 0.197222 0.002734 -0.000694 1.000000
0 243 0.723437 0.525694 0.081250 0.190278 -0.001172 -0.003472 1.000000
0 244 0.726953 0.526389 0.088281 0.191667 0.003516 0.000694 1.000000
0 245 0.727344 0.527778 0.082812 0.188889 0.000391 0.001389 1.000000
0 246 0.724609 0.530556 0.072656 0.186111 -0.002734 0.002778 1.000000
0 247 0.727344 0.530556 0.059375 0.186111 0.002734 0.000000 1.000000
0 248 0.724609 0.530556 0.049219 0.186111 -0.002734 0.000000 1.000000
0 249 0.718750 0.529861 0.045312 0.195833 -0.005859 -0.000694 1.000000
0 250 0.718750 0.528472 0.057813 0.198611 0.000000 -0.001389 1.000000
0 251 0.719141 0.527083 0.060156 0.204167 0.000391 -0.001389 1.000000
0 252 0.711719 0.526389 0.075000 0.202778 -0.007422 -0.000694 1.000000
0 253 0.708984 0.526389 0.080469 0.202778 -0.002734 0.000000 1.000000
0 254 0.708984 0.526389 0.083594 0.200000 0.000000 0.000000 1.000000
0 255 0.708984 0.527778 0.071094 0.197222 0.000000 0.001389 1.000000
0 256 0.703906 0.527778 0.060937 0.197222 -0.005078 0.000000 1.000000
0 257 0.696875 0.526389 0.057813 0.200000 -0.007031 -0.001389 1.000000
0 258 0.690234 0.524306 0.052344 0.204167 -0.006641 -0.002083 1.000000
0 259 0.692969 0.522222 0.059375 0.211111 0.002734 -0.002083 1.000000
0 260 0.691016 0.525000 0.069531 0.216667 -0.001953 0.002778 1.000000
0 261 0.690625 0.523611 0.081250 0.219444 -0.000391 -0.001389 1.000000
0 262 0.684766 0.521528 0.092969 0.215278 -0.005859 -0.002083 1.000000
0 263 0.683594 0.522917 0.090625 0.209722 -0.001172 0.001389 1.000000
0 264 0.680859 0.522917 0.085156 0.209722 -0.002734 0.000000 1.000000
0 265 0.674219 0.532639 0.078125 0.218056 -0.006641 0.009722 1.000000
0 266 0.663672 0.529167 0.072656 0.219444 -0.010547 -0.003472 1.000000
0 267 0.652734 0.525694 0.060156 0.215278 -0.010937 -0.003472 1.000000
0 268 0.649609 0.524306 0.064844 0.220833 -0.003125 -0.001389 1.000000
0 269 0.647266 0.524306 0.066406 0.223611 -0.002344 0.000000 1.000000
0 270 0.644141 0.525694 0.071094 0.226389 -0.003125 0.001389 1.000000
0 271 0.636719 0.529861 0.078125 0.229167 -0.007422 0.004167 1.000000
0 272 0.628906 0.534722 0.081250 0.227778 -0.007812 0.004861 1.000000
0 273 0.626563 0.538889 0.068750 0.219444 -0.002344 0.004167 1.000000
0 274 0.617969 0.538889 0.064062 0.219444 -0.008594 0.000000 1.000000
0 275 0.605859 0.540278 0.049219 0.222222 -0.012109 0.001389 1.000000
0 276 0.601172 0.541667 0.049219 0.225000 -0.004687 0.001389 1.000000
0 277 0.595703 0.538889 0.044531 0.233333 -0.005469 -0.002778 1.000000
0 278 0.589453 0.536806 0.047656 0.231944 -0.006250 -0.002083 1.000000
0 279 0.584375 0.537500 0.050000 0.233333 -0.005078 0.000694 1.000000
0 280 0.578125 0.543750 0.062500 0.237500 -0.006250 0.006250 1.000000
0 281 0.571875 0.545139 0.075000 0.240278 -0.006250 0.001389 1.000000
0 282 0.565625 0.549306 0.073438 0.240278 -0.006250 0.004167 1.000000
0 283 0.556250 0.551389 0.085938 0.236111 -0.009375 0.002083 1.000000
0 284 0.550000 0.552083 0.087500 0.231944 -0.006250 0.000694 1.000000
0 285 0.551172 0.552083 0.085156 0.231944 0.001172 0.000000 1.000000
0 286 0.552734 0.552083 0.082031 0.231944 0.001563 0.000000 1.000000
0 287 0.546875 0.550694 0.073438 0.231944 -0.005859 -0.001389 1.000000
0 288 0.540625 0.545139 0.070312 0.234722 -0.006250 -0.005556 1.000000
0 289 0.532031 0.540972 0.070312 0.234722 -0.008594 -0.004167 1.000000
0 290 0.526172 0.533333 0.067969 0.230556 -0.005859 -0.007639 1.000000
0 291 0.516797 0.529861 0.063281 0.234722 -0.009375 -0.003472 1.000000
0 292 0.510547 0.527778 0.075781 0.233333 -0.006250 -0.002083 1.000000
0 293 0.510156 0.525000 0.089063 0.227778 -0.000391 -0.002778 1.000000
0 294 0.507031 0.523611 0.106250 0.225000 -0.003125 -0.001389 1.000000
0 295 0.503125 0.520139 0.114062 0.229167 -0.003906 -0.003472 1.000000
0 296 0.499609 0.516667 0.114844 0.233333 -0.003516 -0.003472 1.000000
0 297 0.493359 0.512500 0.114844 0.233333 -0.006250 -0.004167 1.000000
0 298 0.490234 0.514583 0.108594 0.237500 -0.003125 0.002083 1.000000
0 299 0.483203 0.525000 0.107031 0.252778 -0.007031 0.010417 1.000000
0 300 0.478906 0.529861 0.110937 0.237500 -0.004297 0.004861 1.000000
0 301 0.466406 0.538194 0.101562 0.220833 -0.012500 0.008333 1.000000
0 302 0.460547 0.538194 0.089844 0.220833 -0.005859 0.000000 1.000000
0 303 0.456250 0.538194 0.081250 0.220833 -0.004297 0.000000 1.000000
0 304 0.450391 0.537500 0.074219 0.222222 -0.005859 -0.000694 1.000000
0 305 0.444922 0.534028 0.067969 0.229167 -0.005469 -0.003472 1.000000
0 306 0.439063 0.531250 0.060937 0.234722 -0.005859 -0.002778 1.000000
0 307 0.434766 0.529861 0.055469 0.240278 -0.004297 -0.001389 1.000000
0 308 0.431641 0.527778 0.053906 0.241667 -0.003125 -0.002083 1.000000
0 309 0.425781 0.527778 0.046875 0.241667 -0.005859 0.000000 1.000000
0 310 0.418359 0.530556 0.044531 0.244444 -0.007422 0.002778 1.000000
0 311 0.407422 0.534722 0.055469 0.244444 -0.010937 0.004167 1.000000
0 312 0.399609 0.537500 0.057031 0.241667 -0.007812 0.002778 1.000000
0 313 0.390625 0.536111 0.059375 0.241667 -0.008984 -0.001389 1.000000
0 314 0.383984 0.536111 0.057031 0.241667 -0.006641 0.000000 1.000000
0 315 0.380859 0.540278 0.057031 0.236111 -0.003125 0.004167 1.000000
0 316 0.379688 0.537500 0.056250 0.236111 -0.001172 -0.002778 1.000000
0 317 0.380469 0.534028 0.056250 0.240278 0.000781 -0.003472 1.000000
0 318 0.381641 0.529861 0.058594 0.237500 0.001172 -0.004167 1.000000
0 319 0.382422 0.522222 0.060156 0.233333 0.000781 -0.007639 1.000000
0 320 0.383594 0.518750 0.062500 0.231944 0.001172 -0.003472 1.000000
0 321 0.385937 0.516667 0.062500 0.233333 0.002344 -0.002083 1.000000
0 322 0.387109 0.516667 0.063281 0.233333 0.001172 0.000000 1.000000
0 323 0.387891 0.514583 0.071094 0.231944 0.000781 -0.002083 1.000000
0 324 0.387500 0.514583 0.075000 0.231944 -0.000391 0.000000 1.000000
0 325 0.389062 0.514583 0.078125 0.231944 0.001563 0.000000 1.000000
0 326 0.390625 0.515278 0.081250 0.230556 0.001563 0.000694 1.000000
0 327 0.392188 0.518750 0.084375 0.229167 0.001563 0.003472 1.000000
0 328 0.397266 0.517361 0.082031 0.226389 0.005078 -0.001389 1.000000
0 329 0.398047 0.518056 0.082031 0.225000 0.000781 0.000694 1.000000
0 330 0.400000 0.515278 0.078125 0.219444 0.001953 -0.002778 1.000000
0 331 0.401172 0.513194 0.071094 0.215278 0.001172 -0.002083 1.000000
0 332 0.401953 0.507639 0.064844 0.215278 0.000781 -0.005556 1.000000
0 333 0.403125 0.507639 0.057813 0.215278 0.001172 0.000000 1.000000
0 334 0.404687 0.506250 0.051562 0.215278 0.001563 -0.001389 1.000000
0 335 0.404687 0.505556 0.048438 0.219444 0.000000 -0.000694 1.000000
0 336 0.403125 0.505556 0.045312 0.219444 -0.001563 0.000000 1.000000
0 337 0.403125 0.505556 0.045312 0.219444 0.000000 0.000000 1.000000
0 338 0.403125 0.505556 0.045312 0.219444 0.000000 0.000000 1.000000
0 339 0.402734 0.508333 0.044531 0.213889 -0.000391 0.002778 1.000000
0 340 0.403906 0.511806 0.040625 0.212500 0.001172 0.003472 1.000000
0 341 0.403516 0.511806 0.039844 0.212500 -0.000391 0.000000 1.000000
0 342 0.402344 0.514583 0.035937 0.206944 -0.001172 0.002778 1.000000
0 343 0.402344 0.514583 0.035937 0.206944 0.000000 0.000000 1.000000
0 344 0.403125 0.515972 0.037500 0.209722 0.000781 0.001389 1.000000
0 345 0.405078 0.515972 0.036719 0.209722 0.001953 0.000000 1.000000
0 346 0.405469 0.518056 0.037500 0.208333 0.000391 0.002083 1.000000
0 347 0.406250 0.518056 0.039062 0.208333 0.000781 0.000000 1.000000
0 348 0.406641 0.522222 0.041406 0.205556 0.000391 0.004167 1.000000
0 349 0.405078 0.522222 0.046094 0.205556 -0.001563 0.000000 1.000000
0 350 0.405078 0.523611 0.049219 0.205556 0.000000 0.001389 1.000000
0 351 0.404687 0.526389 0.050000 0.205556 -0.000391 0.002778 1.000000
0 352 0.406641 0.528472 0.050781 0.204167 0.001953 0.002083 1.000000
0 353 0.408203 0.529861 0.050781 0.201389 0.001563 0.001389 1.000000
0 354 0.412891 0.529861 0.050781 0.198611 0.004687 0.000000 1.000000
0 355 0.415234 0.531250 0.049219 0.198611 0.002344 0.001389 1.000000
0 356 0.419141 0.532639 0.047656 0.198611 0.003906 0.001389 1.000000
0 357 0.422266 0.534028 0.046094 0.198611 0.003125 0.001389 1.000000
0 358 0.425000 0.535417 0.045312 0.198611 0.002734 0.001389 1.000000
0 359 0.427734 0.538194 0.044531 0.198611 0.002734 0.002778 1.000000
0 360 0.430469 0.539583 0.043750 0.198611 0.002734 0.001389 1.000000
0 361 0.430078 0.539583 0.049219 0.198611 -0.000391 0.000000 1.000000
0 362 0.430078 0.542361 0.052344 0.198611 0.000000 0.002778 1.000000
0 363 0.429297 0.543056 0.053906 0.200000 -0.000781 0.000694 1.000000
0 364 0.429688 0.544444 0.056250 0.200000 0.000391 0.001389 1.000000
0 365 0.429688 0.547917 0.064062 0.206944 0.000000 0.003472 1.000000
0 366 0.432422 0.550000 0.061719 0.205556 0.002734 0.002083 1.000000
0 367 0.433594 0.552778 0.064062 0.208333 0.001172 0.002778 1.000000
0 368 0.435937 0.554861 0.064062 0.209722 0.002344 0.002083 1.000000
0 369 0.434375 0.556250 0.071875 0.212500 -0.001563 0.001389 1.000000
0 370 0.434766 0.558333 0.072656 0.216667 0.000391 0.002083 1.000000
0 371 0.438672 0.559722 0.066406 0.216667 0.003906 0.001389 1.000000
0 372 0.440625 0.562500 0.054688 0.219444 0.001953 0.002778 1.000000
0 373 0.439453 0.564583 0.052344 0.220833 -0.001172 0.002083 1.000000
0 374 0.444531 0.568750 0.062500 0.223611 0.005078 0.004167 1.000000
0 375 0.447656 0.571528 0.071875 0.223611 0.003125 0.002778 1.000000
0 376 0.452344 0.575694 0.078125 0.226389 0.004687 0.004167 1.000000
0 377 0.456250 0.577778 0.078125 0.230556 0.003906 0.002083 1.000000
0 378 0.457031 0.581944 0.078125 0.230556 0.000781 0.004167 1.000000
0 379 0.458594 0.559028 0.076563 0.193056 0.001563 -0.022917 1.000000
0 380 0.447656 0.559722 0.062500 0.200000 -0.010937 0.000694 1.000000
0 381 0.447266 0.553472 0.074219 0.204167 -0.000391 -0.006250 1.000000
0 382 0.446875 0.559722 0.071875 0.252778 -0.000391 0.006250 1.000000
0 383 0.443359 0.558333 0.063281 0.275000 -0.003516 -0.001389 1.000000
0 384 0.439063 0.559028 0.054688 0.276389 -0.004297 0.000694 1.000000
0 385 0.436719 0.559028 0.054688 0.276389 -0.002344 0.000000 1.000000
0 386 0.432031 0.558333 0.053125 0.272222 -0.004687 -0.000694 1.000000
0 387 0.427344 0.552778 0.054688 0.288889 -0.004687 -0.005556 1.000000
0 388 0.424219 0.554167 0.059375 0.280556 -0.003125 0.001389 1.000000
0 389 0.423438 0.565972 0.060937 0.265278 -0.000781 0.011806 1.000000
0 390 0.420312 0.570833 0.056250 0.255556 -0.003125 0.004861 1.000000
0 391 0.416406 0.580556 0.053125 0.241667 -0.003906 0.009722 1.000000
0 392 0.410938 0.584722 0.046875 0.244444 -0.005469 0.004167 1.000000
0 393 0.405859 0.588194 0.039844 0.245833 -0.005078 0.003472 1.000000
0 394 0.403906 0.589583 0.043750 0.243056 -0.001953 0.001389 1.000000
0 395 0.400391 0.590278 0.055469 0.244444 -0.003516 0.000694 1.000000
0 396 0.388281 0.591667 0.056250 0.247222 -0.012109 0.001389 1.000000
0 397 0.380859 0.594444 0.066406 0.244444 -0.007422 0.002778 1.000000
0 398 0.376563 0.598611 0.070312 0.241667 -0.004297 0.004167 1.000000
0 399 0.376172 0.598611 0.071094 0.241667 -0.000391 0.000000 1.000000
0 400 0.371094 0.599306 0.065625 0.248611 -0.005078 0.000694 1.000000
0 401 0.366406 0.600694 0.059375 0.248611 -0.004687 0.001389 1.000000
0 402 0.360938 0.606250 0.053125 0.248611 -0.005469 0.005556 1.000000
0 403 0.359375 0.605556 0.050000 0.250000 -0.001563 -0.000694 1.000000
0 404 0.350781 0.605556 0.042188 0.250000 -0.008594 0.000000 1.000000
0 405 0.345313 0.606944 0.042188 0.250000 -0.005469 0.001389 1.000000
0 406 0.341797 0.609722 0.042969 0.252778 -0.003516 0.002778 1.000000
0 407 0.337109 0.612500 0.046094 0.250000 -0.004687 0.002778 1.000000
0 408 0.332422 0.615278 0.053906 0.250000 -0.004687 0.002778 1.000000
0 409 0.325391 0.621528 0.058594 0.256944 -0.007031 0.006250 1.000000
0 410 0.319922 0.631250 0.064844 0.265278 -0.005469 0.009722 1.000000
0 411 0.314063 0.634028 0.071875 0.262500 -0.005859 0.002778 1.000000
0 412 0.311719 0.635417 0.075000 0.262500 -0.002344 0.001389 1.000000
0 413 0.310156 0.636806 0.076563 0.259722 -0.001563 0.001389 1.000000
0 414 0.308594 0.637500 0.079687 0.261111 -0.001563 0.000694 1.000000
0 415 0.308594 0.634028 0.079687 0.268056 0.000000 -0.003472 1.000000
0 416 0.308594 0.629861 0.081250 0.270833 0.000000 -0.004167 1.000000
0 417 0.310937 0.624306 0.082812 0.273611 0.002344 -0.005556 1.000000
0 418 0.313281 0.622222 0.079687 0.272222 0.002344 -0.002083 1.000000
0 419 0.314844 0.622917 0.076563 0.276389 0.001563 0.000694 1.000000
0 420 0.316016 0.623611 0.074219 0.277778 0.001172 0.000694 1.000000
0 421 0.315625 0.622917 0.079687 0.276389 -0.000391 -0.000694 1.000000
0 422 0.316797 0.622917 0.082031 0.279167 0.001172 0.000000 1.000000
0 423 0.318359 0.625694 0.085156 0.279167 0.001563 0.002778 1.000000
0 424 0.316406 0.626389 0.089063 0.280556 -0.001953 0.000694 1.000000
0 425 0.315234 0.627778 0.091406 0.283333 -0.001172 0.001389 1.000000
0 426 0.313281 0.629167 0.095312 0.286111 -0.001953 0.001389 1.000000
0 427 0.313281 0.629167 0.095312 0.286111 0.000000 0.000000 1.000000
0 428 0.314453 0.630556 0.097656 0.288889 0.001172 0.001389 1.000000
0 429 0.316016 0.628472 0.097656 0.293056 0.001563 -0.002083 1.000000
0 430 0.319141 0.627083 0.091406 0.293056 0.003125 -0.001389 1.000000
0 431 0.325781 0.624306 0.090625 0.304167 0.006641 -0.002778 1.000000
0 432 0.332813 0.623611 0.085938 0.308333 0.007031 -0.000694 1.000000
0 433 0.337891 0.620139 0.075781 0.312500 0.005078 -0.003472 1.000000
0 434 0.350781 0.611806 0.078125 0.340278 0.012891 -0.008333 1.000000
0 435 0.357031 0.604861 0.071875 0.362500 0.006250 -0.006944 1.000000
0 436 0.359375 0.602083 0.076563 0.379167 0.002344 -0.002778 1.000000
0 437 0.359375 0.597917 0.075000 0.395833 0.000000 -0.004167 1.000000
0 438 0.357812 0.597917 0.078125 0.395833 -0.001563 0.000000 1.000000
0 439 0.358984 0.597917 0.082031 0.395833 0.001172 0.000000 1.000000
0 440 0.358984 0.597917 0.082031 0.395833 0.000000 0.000000 1.000000
0 441 0.364453 0.615278 0.082031 0.369444 0.005469 0.017361 1.000000
0 442 0.367578 0.615278 0.075781 0.369444 0.003125 0.000000 1.000000
0 443 0.372266 0.613194 0.075781 0.362500 0.004687 -0.002083 1.000000
0 444 0.378906 0.609028 0.073438 0.376389 0.006641 -0.004167 1.000000
0 445 0.387109 0.608333 0.064844 0.372222 0.008203 -0.000694 1.000000
0 446 0.395703 0.604167 0.058594 0.377778 0.008594 -0.004167 1.000000
0 447 0.400391 0.601389 0.063281 0.377778 0.004687 -0.002778 1.000000
0 448 0.401953 0.600000 0.061719 0.347222 0.001563 -0.001389 1.000000
0 449 0.405469 0.600000 0.068750 0.347222 0.003516 0.000000 1.000000
0 450 0.409375 0.616667 0.076563 0.308333 0.003906 0.016667 1.000000
0 451 0.411719 0.613889 0.081250 0.302778 0.002344 -0.002778 1.000000
0 452 0.413672 0.609722 0.091406 0.305556 0.001953 -0.004167 1.000000
0 453 0.417187 0.613889 0.096875 0.297222 0.003516 0.004167 1.000000
0 454 0.417578 0.614583 0.100781 0.298611 0.000391 0.000694 1.000000
0 455 0.416797 0.615278 0.108594 0.300000 -0.000781 0.000694 1.000000
0 456 0.414453 0.615278 0.108594 0.300000 -0.002344 0.000000 1.000000
0 457 0.410938 0.616667 0.106250 0.297222 -0.003516 0.001389 1.000000
0 458 0.402734 0.614583 0.103906 0.293056 -0.008203 -0.002083 1.000000
0 459 0.401172 0.614583 0.103906 0.293056 -0.001563 0.000000 1.000000
0 460 0.398047 0.613194 0.096094 0.290278 -0.003125 -0.001389 1.000000
0 461 0.392188 0.610417 0.093750 0.290278 -0.005859 -0.002778 1.000000
0 462 0.385937 0.607639 0.096875 0.293056 -0.006250 -0.002778 1.000000
0 463 0.380078 0.604167 0.100781 0.297222 -0.005859 -0.003472 1.000000
0 464 0.377734 0.604167 0.096094 0.297222 -0.002344 0.000000 1.000000
0 465 0.377734 0.600694 0.092969 0.298611 0.000000 -0.003472 1.000000
0 466 0.379297 0.600694 0.083594 0.298611 0.001563 0.000000 1.000000
0 467 0.378906 0.600694 0.076563 0.298611 -0.000391 0.000000 1.000000
0 468 0.378125 0.597917 0.071875 0.298611 -0.000781 -0.002778 1.000000
0 469 0.374219 0.597917 0.071875 0.298611 -0.003906 0.000000 1.000000
0 470 0.369531 0.596528 0.070312 0.298611 -0.004687 -0.001389 1.000000
0 471 0.362500 0.593750 0.075000 0.293056 -0.007031 -0.002778 1.000000
0 472 0.353906 0.590972 0.079687 0.295833 -0.008594 -0.002778 1.000000
0 473 0.344531 0.587500 0.084375 0.288889 -0.009375 -0.003472 1.000000
0 474 0.339062 0.587500 0.087500 0.286111 -0.005469 0.000000 1.000000
0 475 0.337109 0.585417 0.096094 0.281944 -0.001953 -0.002083 1.000000
0 476 0.331641 0.584722 0.097656 0.275000 -0.005469 -0.000694 1.000000
0 477 0.326172 0.582639 0.097656 0.273611 -0.005469 -0.002083 1.000000
0 478 0.319141 0.579167 0.094531 0.275000 -0.007031 -0.003472 1.000000
0 479 0.310547 0.575694 0.089844 0.273611 -0.008594 -0.003472 1.000000
0 480 0.302734 0.572222 0.088281 0.275000 -0.007812 -0.003472 1.000000
0 481 0.297266 0.565972 0.091406 0.276389 -0.005469 -0.006250 1.000000
0 482 0.291797 0.562500 0.091406 0.269444 -0.005469 -0.003472 1.000000
0 483 0.283203 0.563194 0.086719 0.270833 -0.008594 0.000694 1.000000
0 484 0.278906 0.559722 0.084375 0.258333 -0.004297 -0.003472 1.000000
0 485 0.273047 0.559028 0.080469 0.256944 -0.005859 -0.000694 1.000000
0 486 0.271094 0.554861 0.079687 0.248611 -0.001953 -0.004167 1.000000
0 487 0.269531 0.551389 0.079687 0.244444 -0.001563 -0.003472 1.000000
0 488 0.264453 0.545833 0.082031 0.241667 -0.005078 -0.005556 1.000000
0 489 0.253516 0.540278 0.080469 0.241667 -0.010937 -0.005556 1.000000
0 490 0.250781 0.531250 0.092188 0.243056 -0.002734 -0.009028 1.000000
0 491 0.244531 0.527778 0.092188 0.247222 -0.006250 -0.003472 1.000000
0 492 0.237500 0.522222 0.092188 0.247222 -0.007031 -0.005556 1.000000
0 493 0.229687 0.518750 0.089063 0.245833 -0.007812 -0.003472 1.000000
0 494 0.229297 0.517361 0.097656 0.243056 -0.000391 -0.001389 1.000000
0 495 0.223438 0.513889 0.085938 0.236111 -0.005859 -0.003472 1.000000
0 496 0.219922 0.511806 0.077344 0.231944 -0.003516 -0.002083 1.000000
0 497 0.223828 0.506944 0.074219 0.227778 0.003906 -0.004861 1.000000
0 498 0.225000 0.504861 0.075000 0.229167 0.001172 -0.002083 1.000000
0 499 0.221094 0.498611 0.076563 0.230556 -0.003906 -0.006250 1.000000
0 500 0.216016 0.498611 0.077344 0.238889 -0.005078 0.000000 1.000000
0 501 0.211719 0.493056 0.076563 0.236111 -0.004297 -0.005556 1.000000
0 502 0.210156 0.491667 0.078125 0.233333 -0.001563 -0.001389 1.000000
0 503 0.208203 0.489583 0.078906 0.229167 -0.001953 -0.002083 1.000000
0 504 0.209375 0.488889 0.068750 0.225000 0.001172 -0.000694 1.000000
0 505 0.210938 0.489583 0.065625 0.218056 0.001563 0.000694 1.000000
0 506 0.216016 0.488889 0.058594 0.211111 0.005078 -0.000694 1.000000
0 507 0.219922 0.488194 0.050781 0.209722 0.003906 -0.000694 1.000000
0 508 0.218750 0.483333 0.059375 0.208333 -0.001172 -0.004861 1.000000
0 509 0.217578 0.478472 0.064844 0.206944 -0.001172 -0.004861 1.000000
0 510 0.216797 0.475000 0.071094 0.211111 -0.000781 -0.003472 1.000000
0 511 0.218359 0.475000 0.074219 0.211111 0.001563 0.000000 1.000000
0 512 0.217969 0.475000 0.081250 0.211111 -0.000391 0.000000 1.000000
0 513 0.220312 0.475694 0.081250 0.215278 0.002344 0.000694 1.000000
0 514 0.219922 0.477778 0.069531 0.211111 -0.000391 0.002083 1.000000
0 515 0.223828 0.476389 0.066406 0.205556 0.003906 -0.001389 1.000000
0 516 0.230078 0.472917 0.061719 0.201389 0.006250 -0.003472 1.000000
0 517 0.236328 0.470833 0.053906 0.202778 0.006250 -0.002083 1.000000
0 518 0.237109 0.468056 0.053906 0.205556 0.000781 -0.002778 1.000000
0 519 0.236328 0.464583 0.055469 0.209722 -0.000781 -0.003472 1.000000
0 520 0.235156 0.464583 0.057813 0.209722 -0.001172 0.000000 1.000000
0 521 0.242969 0.463889 0.073438 0.208333 0.007812 -0.000694 1.000000
0 522 0.244922 0.464583 0.075781 0.201389 0.001953 0.000694 1.000000
0 523 0.245703 0.465972 0.074219 0.195833 0.000781 0.001389 1.000000
0 524 0.245703 0.465972 0.064844 0.193056 0.000000 0.000000 1.000000
0 525 0.245312 0.465278 0.054688 0.191667 -0.000391 -0.000694 1.000000
0 526 0.248047 0.463889 0.049219 0.188889 0.002734 -0.001389 1.000000
0 527 0.250781 0.461806 0.039062 0.190278 0.002734 -0.002083 1.000000
0 528 0.252344 0.461111 0.039062 0.191667 0.001563 -0.000694 1.000000
0 529 0.250781 0.459722 0.042188 0.188889 -0.001563 -0.001389 1.000000
0 530 0.254297 0.457639 0.053906 0.190278 0.003516 -0.002083 1.000000
0 531 0.257422 0.458333 0.060156 0.191667 0.003125 0.000694 1.000000
0 532 0.260156 0.461806 0.065625 0.184722 0.002734 0.003472 1.000000
0 533 0.258984 0.463194 0.058594 0.181944 -0.001172 0.001389 1.000000
0 534 0.259375 0.462500 0.051562 0.180556 0.000391 -0.000694 1.000000
0 535 0.258594 0.461806 0.042188 0.181944 -0.000781 -0.000694 1.000000
0 536 0.260547 0.461806 0.038281 0.181944 0.001953 0.000000 1.000000
0 537 0.263672 0.459722 0.033594 0.183333 0.003125 -0.002083 1.000000
0 538 0.265234 0.456250 0.035156 0.181944 0.001563 -0.003472 1.000000
0 539 0.267188 0.461111 0.035937 0.194444 0.001953 0.004861 1.000000
0 540 0.272656 0.462500 0.042188 0.200000 0.005469 0.001389 1.000000
0 541 0.276953 0.461806 0.044531 0.198611 0.004297 -0.000694 1.000000
0 542 0.281641 0.462500 0.049219 0.200000 0.004687 0.000694 1.000000
0 543 0.283203 0.463889 0.046094 0.194444 0.001563 0.001389 1.000000
0 544 0.284766 0.466667 0.041406 0.188889 0.001563 0.002778 1.000000
0 545 0.286328 0.467361 0.035156 0.190278 0.001563 0.000694 1.000000
0 546 0.291797 0.465972 0.033594 0.187500 0.005469 -0.001389 1.000000
0 547 0.295312 0.465278 0.031250 0.191667 0.003516 -0.000694 1.000000
0 548 0.298828 0.464583 0.032031 0.190278 0.003516 -0.000694 1.000000
0 549 0.303516 0.463194 0.041406 0.193056 0.004687 -0.001389 1.000000
0 550 0.307031 0.463889 0.048438 0.194444 0.003516 0.000694 1.000000
