0 234 0.016406 0.378472 0.032813 0.090278 0.000000 0.000000 1.000000
0 235 0.034375 0.379861 0.031250 0.087500 0.017969 0.001389 1.000000
0 236 0.050000 0.383333 0.037500 0.088889 0.015625 0.003472 1.000000
0 237 0.065625 0.386111 0.037500 0.086111 0.015625 0.002778 1.000000
0 238 0.082422 0.387500 0.030469 0.086111 0.016797 0.001389 1.000000
0 239 0.097656 0.388889 0.026562 0.083333 0.015234 0.001389 1.000000
0 240 0.112891 0.388889 0.019531 0.083333 0.015234 0.000000 1.000000
0 241 0.127734 0.391667 0.021094 0.086111 0.014844 0.002778 1.000000
0 242 0.141016 0.393056 0.022656 0.086111 0.013281 0.001389 1.000000
0 243 0.151172 0.394444 0.027344 0.086111 0.010156 0.001389 1.000000
0 244 0.163672 0.397222 0.030469 0.083333 0.012500 0.002778 1.000000
0 245 0.175781 0.401389 0.032813 0.083333 0.012109 0.004167 1.000000
0 246 0.187891 0.404167 0.035156 0.080556 0.012109 0.002778 1.000000
0 247 0.200781 0.406944 0.031250 0.075000 0.012891 0.002778 1.000000
0 248 0.214844 0.407639 0.031250 0.076389 0.014063 0.000694 1.000000
0 249 0.228516 0.406944 0.028906 0.075000 0.013672 -0.000694 1.000000
0 250 0.242578 0.406944 0.028906 0.075000 0.014063 0.000000 1.000000
0 251 0.255859 0.407639 0.030469 0.076389 0.013281 0.000694 1.000000
0 252 0.267969 0.406944 0.029687 0.080556 0.012109 -0.000694 1.000000
0 253 0.280469 0.405556 0.029687 0.080556 0.012500 -0.001389 1.000000
0 254 0.291797 0.405556 0.027344 0.080556 0.011328 0.000000 1.000000
0 255 0.302344 0.406250 0.026562 0.079167 0.010547 0.000694 1.000000
0 256 0.312500 0.409028 0.026562 0.079167 0.010156 0.002778 1.000000
0 257 0.322266 0.411111 0.024219 0.080556 0.009766 0.002083 1.000000
0 258 0.331641 0.412500 0.025781 0.080556 0.009375 0.001389 1.000000
0 259 0.341406 0.411806 0.029687 0.081944 0.009766 -0.000694 1.000000
0 260 0.349219 0.412500 0.028125 0.080556 0.007812 0.000694 1.000000
0 261 0.354687 0.412500 0.026562 0.080556 0.005469 0.000000 1.000000
0 262 0.363281 0.411806 0.029687 0.079167 0.008594 -0.000694 1.000000
0 263 0.367969 0.411806 0.029687 0.079167 0.004687 0.000000 1.000000
0 264 0.373828 0.411806 0.030469 0.079167 0.005859 0.000000 1.000000
0 265 0.379688 0.411806 0.031250 0.079167 0.005859 0.000000 1.000000
0 266 0.383984 0.412500 0.028906 0.080556 0.004297 0.000694 1.000000
0 267 0.389453 0.412500 0.028906 0.080556 0.005469 0.000000 1.000000
0 268 0.396094 0.409722 0.023438 0.080556 0.006641 -0.002778 1.000000
0 269 0.402344 0.408333 0.020313 0.083333 0.006250 -0.001389 1.000000
0 270 0.406250 0.406944 0.020313 0.083333 0.003906 -0.001389 1.000000
0 271 0.412500 0.406944 0.026562 0.083333 0.006250 0.000000 1.000000
0 272 0.420312 0.406944 0.037500 0.083333 0.007812 0.000000 1.000000
0 273 0.423438 0.408333 0.039062 0.083333 0.003125 0.001389 1.000000
0 274 0.425000 0.408333 0.039062 0.080556 0.001563 0.000000 1.000000
0 275 0.427344 0.409722 0.039062 0.080556 0.002344 0.001389 1.000000
0 276 0.429688 0.409028 0.042188 0.079167 0.002344 -0.000694 1.000000
0 277 0.428906 0.409028 0.039062 0.079167 -0.000781 0.000000 1.000000
0 278 0.430469 0.411111 0.039062 0.077778 0.001563 0.002083 1.000000
0 279 0.430469 0.409722 0.035937 0.077778 0.000000 -0.001389 1.000000
0 280 0.430078 0.408333 0.032031 0.077778 -0.000391 -0.001389 1.000000
0 281 0.429297 0.408333 0.027344 0.080556 -0.000781 0.000000 1.000000
0 282 0.428906 0.408333 0.023438 0.083333 -0.000391 0.000000 1.000000
0 283 0.427344 0.408333 0.021875 0.083333 -0.001563 0.000000 1.000000
0 284 0.425000 0.408333 0.021875 0.083333 -0.002344 0.000000 1.000000
0 285 0.423438 0.408333 0.021875 0.083333 -0.001563 0.000000 1.000000
0 286 0.420312 0.408333 0.021875 0.083333 -0.003125 0.000000 1.000000
0 287 0.417187 0.406944 0.021875 0.083333 -0.003125 -0.001389 1.000000
0 288 0.414453 0.405556 0.022656 0.083333 -0.002734 -0.001389 1.000000
0 289 0.411328 0.405556 0.022656 0.083333 -0.003125 0.000000 1.000000
0 290 0.406641 0.404167 0.022656 0.086111 -0.004687 -0.001389 1.000000
0 291 0.401562 0.404861 0.020313 0.087500 -0.005078 0.000694 1.000000
0 292 0.396484 0.402778 0.017969 0.088889 -0.005078 -0.002083 1.000000
0 293 0.392188 0.402778 0.018750 0.088889 -0.004297 0.000000 1.000000
0 294 0.387109 0.401389 0.017969 0.086111 -0.005078 -0.001389 1.000000
0 295 0.383203 0.401389 0.019531 0.086111 -0.003906 0.000000 1.000000
0 296 0.378516 0.401389 0.019531 0.086111 -0.004687 0.000000 1.000000
0 297 0.375391 0.401389 0.019531 0.086111 -0.003125 0.000000 1.000000
0 298 0.370312 0.400000 0.018750 0.086111 -0.005078 -0.001389 1.000000
0 299 0.367188 0.395833 0.020313 0.086111 -0.003125 -0.004167 1.000000
0 300 0.359375 0.395833 0.014063 0.086111 -0.007812 0.000000 1.000000
0 301 0.355469 0.394444 0.015625 0.086111 -0.003906 -0.001389 1.000000
0 302 0.351172 0.393750 0.014844 0.087500 -0.004297 -0.000694 1.000000
0 303 0.345313 0.393056 0.015625 0.086111 -0.005859 -0.000694 1.000000
0 304 0.342187 0.393056 0.017188 0.086111 -0.003125 0.000000 1.000000
0 305 0.338281 0.394444 0.020313 0.088889 -0.003906 0.001389 1.000000
0 306 0.333594 0.395833 0.020313 0.086111 -0.004687 0.001389 1.000000
0 307 0.328906 0.395833 0.020313 0.086111 -0.004687 0.000000 1.000000
0 308 0.323437 0.395833 0.020313 0.086111 -0.005469 0.000000 1.000000
0 309 0.317188 0.395833 0.018750 0.086111 -0.006250 0.000000 1.000000
0 310 0.313281 0.395833 0.020313 0.086111 -0.003906 0.000000 1.000000
0 311 0.310156 0.395833 0.020313 0.086111 -0.003125 0.000000 1.000000
0 312 0.304688 0.395833 0.018750 0.086111 -0.005469 0.000000 1.000000
0 313 0.303906 0.395139 0.023438 0.084722 -0.000781 -0.000694 1.000000
0 314 0.300781 0.395139 0.026562 0.084722 -0.003125 0.000000 1.000000
0 315 0.297656 0.395833 0.026562 0.086111 -0.003125 0.000694 1.000000
0 316 0.294922 0.395833 0.028906 0.086111 -0.002734 0.000000 1.000000
0 317 0.290625 0.395833 0.028125 0.086111 -0.004297 0.000000 1.000000
0 318 0.287891 0.395833 0.025781 0.086111 -0.002734 0.000000 1.000000
0 319 0.284375 0.396528 0.025000 0.087500 -0.003516 0.000694 1.000000
0 320 0.280469 0.397222 0.025000 0.086111 -0.003906 0.000694 1.000000
0 321 0.276953 0.397222 0.024219 0.086111 -0.003516 0.000000 1.000000
0 322 0.274219 0.395833 0.023438 0.086111 -0.002734 -0.001389 1.000000
0 323 0.271094 0.395833 0.023438 0.086111 -0.003125 0.000000 1.000000
0 324 0.267969 0.397222 0.023438 0.088889 -0.003125 0.001389 1.000000
0 325 0.264062 0.396528 0.023438 0.087500 -0.003906 -0.000694 1.000000
0 326 0.260156 0.395833 0.023438 0.086111 -0.003906 -0.000694 1.000000
0 327 0.255078 0.394444 0.019531 0.083333 -0.005078 -0.001389 1.000000
0 328 0.251172 0.394444 0.019531 0.083333 -0.003906 0.000000 1.000000
0 329 0.246875 0.394444 0.018750 0.083333 -0.004297 0.000000 1.000000
0 330 0.243750 0.397222 0.018750 0.088889 -0.003125 0.002778 1.000000
0 331 0.239844 0.395833 0.018750 0.086111 -0.003906 -0.001389 1.000000
0 332 0.237109 0.395833 0.019531 0.086111 -0.002734 0.000000 1.000000
0 333 0.234766 0.395833 0.022656 0.086111 -0.002344 0.000000 1.000000
0 334 0.231641 0.395833 0.022656 0.086111 -0.003125 0.000000 1.000000
0 335 0.226953 0.395833 0.022656 0.086111 -0.004687 0.000000 1.000000
0 336 0.222656 0.395833 0.021875 0.086111 -0.004297 0.000000 1.000000
0 337 0.217969 0.395833 0.021875 0.086111 -0.004687 0.000000 1.000000
0 341 0.198828 0.398611 0.019531 0.086111 -0.004785 0.000694 1.000000
0 342 0.193359 0.400000 0.019531 0.086111 -0.005469 0.001389 1.000000
0 343 0.188672 0.400000 0.019531 0.086111 -0.004687 0.000000 1.000000
0 344 0.183984 0.401389 0.019531 0.086111 -0.004687 0.001389 1.000000
0 345 0.180078 0.402778 0.019531 0.086111 -0.003906 0.001389 1.000000
0 346 0.175391 0.402778 0.017969 0.086111 -0.004687 0.000000 1.000000
0 347 0.170313 0.404167 0.018750 0.086111 -0.005078 0.001389 1.000000
0 348 0.165625 0.404167 0.020313 0.086111 -0.004687 0.000000 1.000000
0 349 0.161719 0.404167 0.020313 0.086111 -0.003906 0.000000 1.000000
0 350 0.156250 0.405556 0.020313 0.086111 -0.005469 0.001389 1.000000
0 351 0.150781 0.405556 0.020313 0.083333 -0.005469 0.000000 1.000000
0 352 0.145313 0.404167 0.020313 0.086111 -0.005469 -0.001389 1.000000
0 353 0.140625 0.404167 0.018750 0.083333 -0.004687 0.000000 1.000000
0 354 0.135937 0.403472 0.018750 0.084722 -0.004687 -0.000694 1.000000
0 355 0.129688 0.403472 0.018750 0.084722 -0.006250 0.000000 1.000000
0 356 0.126562 0.402083 0.018750 0.084722 -0.003125 -0.001389 1.000000
0 357 0.122266 0.401389 0.019531 0.086111 -0.004297 -0.000694 1.000000
0 358 0.118750 0.401389 0.018750 0.086111 -0.003516 0.000000 1.000000
0 359 0.115625 0.401389 0.018750 0.086111 -0.003125 0.000000 1.000000
0 360 0.114062 0.401389 0.021875 0.086111 -0.001563 0.000000 1.000000
0 361 0.113281 0.401389 0.025000 0.086111 -0.000781 0.000000 1.000000
0 362 0.110937 0.401389 0.026562 0.086111 -0.002344 0.000000 1.000000
0 363 0.108594 0.401389 0.026562 0.086111 -0.002344 0.000000 1.000000
0 364 0.105469 0.402778 0.026562 0.086111 -0.003125 0.001389 1.000000
0 365 0.102344 0.401389 0.025000 0.086111 -0.003125 -0.001389 1.000000
0 366 0.099219 0.401389 0.025000 0.086111 -0.003125 0.000000 1.000000
0 367 0.096094 0.400000 0.023438 0.086111 -0.003125 -0.001389 1.000000
0 368 0.093750 0.398611 0.020313 0.086111 -0.002344 -0.001389 1.000000
0 369 0.091016 0.398611 0.019531 0.086111 -0.002734 0.000000 1.000000
0 370 0.088281 0.398611 0.018750 0.086111 -0.002734 0.000000 1.000000
0 371 0.085547 0.398611 0.017969 0.086111 -0.002734 0.000000 1.000000
0 372 0.083594 0.398611 0.017188 0.086111 -0.001953 0.000000 1.000000
0 373 0.080859 0.398611 0.016406 0.086111 -0.002734 0.000000 1.000000
0 374 0.078906 0.398611 0.018750 0.086111 -0.001953 0.000000 1.000000
0 375 0.079297 0.398611 0.021094 0.086111 0.000391 0.000000 1.000000
0 376 0.080469 0.397222 0.023438 0.086111 0.001172 -0.001389 1.000000
0 377 0.082031 0.395833 0.025000 0.086111 0.001563 -0.001389 1.000000
0 378 0.084375 0.395139 0.028125 0.087500 0.002344 -0.000694 1.000000
0 379 0.086328 0.394444 0.028906 0.088889 0.001953 -0.000694 1.000000
0 380 0.089063 0.394444 0.029687 0.088889 0.002734 0.000000 1.000000
0 381 0.091406 0.394444 0.029687 0.088889 0.002344 0.000000 1.000000
0 382 0.094531 0.394444 0.029687 0.088889 0.003125 0.000000 1.000000
0 383 0.098437 0.394444 0.028125 0.088889 0.003906 0.000000 1.000000
0 384 0.103906 0.391667 0.026562 0.086111 0.005469 -0.002778 1.000000
0 385 0.109766 0.390972 0.024219 0.084722 0.005859 -0.000694 1.000000
0 386 0.116797 0.390972 0.021094 0.084722 0.007031 0.000000 1.000000
0 387 0.123828 0.388889 0.019531 0.083333 0.007031 -0.002083 1.000000
0 388 0.130078 0.387500 0.019531 0.086111 0.006250 -0.001389 1.000000
0 389 0.136328 0.387500 0.019531 0.086111 0.006250 0.000000 1.000000
0 390 0.142578 0.386111 0.019531 0.088889 0.006250 -0.001389 1.000000
0 391 0.148047 0.387500 0.017969 0.088889 0.005469 0.001389 1.000000
0 392 0.153125 0.387500 0.018750 0.088889 0.005078 0.000000 1.000000
0 393 0.159375 0.387500 0.018750 0.088889 0.006250 0.000000 1.000000
0 394 0.164453 0.386111 0.017969 0.086111 0.005078 -0.001389 1.000000
0 395 0.170313 0.386111 0.018750 0.086111 0.005859 0.000000 1.000000
0 396 0.175000 0.384028 0.017188 0.084722 0.004687 -0.002083 1.000000
0 397 0.179688 0.384722 0.017188 0.086111 0.004687 0.000694 1.000000
0 398 0.184766 0.383333 0.016406 0.083333 0.005078 -0.001389 1.000000
0 399 0.189844 0.383333 0.017188 0.086111 0.005078 0.000000 1.000000
0 400 0.194141 0.382639 0.016406 0.087500 0.004297 -0.000694 1.000000
0 401 0.198828 0.380556 0.016406 0.088889 0.004687 -0.002083 1.000000
0 402 0.203516 0.379861 0.016406 0.087500 0.004687 -0.000694 1.000000
0 403 0.206641 0.379861 0.016406 0.087500 0.003125 0.000000 1.000000
0 404 0.209766 0.379861 0.016406 0.087500 0.003125 0.000000 1.000000
0 405 0.212891 0.381250 0.017969 0.087500 0.003125 0.001389 1.000000
0 406 0.216797 0.381250 0.017969 0.087500 0.003906 0.000000 1.000000
0 407 0.219141 0.381250 0.019531 0.084722 0.002344 0.000000 1.000000
0 408 0.222656 0.379861 0.020313 0.084722 0.003516 -0.001389 1.000000
0 409 0.225781 0.378472 0.020313 0.084722 0.003125 -0.001389 1.000000
0 410 0.229687 0.377083 0.020313 0.084722 0.003906 -0.001389 1.000000
0 411 0.233594 0.376389 0.018750 0.083333 0.003906 -0.000694 1.000000
0 412 0.236719 0.377083 0.020313 0.084722 0.003125 0.000694 1.000000
0 413 0.240625 0.377083 0.018750 0.084722 0.003906 0.000000 1.000000
0 414 0.243750 0.377083 0.018750 0.084722 0.003125 0.000000 1.000000
0 415 0.246875 0.377083 0.017188 0.084722 0.003125 0.000000 1.000000
0 416 0.250781 0.377083 0.017188 0.084722 0.003906 0.000000 1.000000
0 417 0.254688 0.375694 0.017188 0.084722 0.003906 -0.001389 1.000000
0 418 0.258594 0.375694 0.017188 0.084722 0.003906 0.000000 1.000000
0 419 0.261719 0.375000 0.017188 0.083333 0.003125 -0.000694 1.000000
0 420 0.264844 0.375000 0.017188 0.083333 0.003125 0.000000 1.000000
0 421 0.269141 0.373611 0.017969 0.083333 0.004297 -0.001389 1.000000
0 422 0.272656 0.372222 0.017188 0.083333 0.003516 -0.001389 1.000000
0 423 0.278125 0.372222 0.018750 0.083333 0.005469 0.000000 1.000000
0 424 0.282813 0.372222 0.018750 0.083333 0.004687 0.000000 1.000000
0 425 0.287109 0.372222 0.021094 0.086111 0.004297 0.000000 1.000000
0 426 0.292578 0.370833 0.021094 0.086111 0.005469 -0.001389 1.000000
0 427 0.298047 0.371528 0.021094 0.084722 0.005469 0.000694 1.000000
0 428 0.302734 0.371528 0.021094 0.084722 0.004687 0.000000 1.000000
0 429 0.310156 0.372222 0.021875 0.083333 0.007422 0.000694 1.000000
0 430 0.316406 0.370833 0.021875 0.083333 0.006250 -0.001389 1.000000
0 431 0.325000 0.372222 0.021875 0.083333 0.008594 0.001389 1.000000
0 432 0.332813 0.371528 0.021875 0.081944 0.007812 -0.000694 1.000000
0 433 0.341406 0.368750 0.021875 0.081944 0.008594 -0.002778 1.000000
0 434 0.350781 0.368750 0.020313 0.081944 0.009375 0.000000 1.000000
0 435 0.360156 0.367361 0.020313 0.081944 0.009375 -0.001389 1.000000
0 436 0.369531 0.367361 0.020313 0.081944 0.009375 0.000000 1.000000
0 437 0.377344 0.367361 0.020313 0.081944 0.007812 0.000000 1.000000
0 438 0.386719 0.367361 0.020313 0.081944 0.009375 0.000000 1.000000
0 439 0.395313 0.367361 0.020313 0.081944 0.008594 0.000000 1.000000
0 440 0.404687 0.367361 0.021875 0.081944 0.009375 0.000000 1.000000
0 441 0.413281 0.367361 0.020313 0.081944 0.008594 0.000000 1.000000
0 442 0.422656 0.368056 0.020313 0.080556 0.009375 0.000694 1.000000
0 443 0.433203 0.368056 0.019531 0.080556 0.010547 0.000000 1.000000
0 444 0.442969 0.367361 0.018750 0.079167 0.009766 -0.000694 1.000000
0 445 0.453125 0.367361 0.018750 0.079167 0.010156 0.000000 1.000000
0 446 0.462500 0.366667 0.020313 0.077778 0.009375 -0.000694 1.000000
0 447 0.474219 0.366667 0.020313 0.075000 0.011719 0.000000 1.000000
0 448 0.485156 0.366667 0.020313 0.075000 0.010937 0.000000 1.000000
0 449 0.495312 0.369444 0.020313 0.075000 0.010156 0.002778 1.000000
0 450 0.505859 0.369444 0.024219 0.072222 0.010547 0.000000 1.000000
0 451 0.514844 0.369444 0.023438 0.069444 0.008984 0.000000 1.000000
0 452 0.528125 0.370833 0.020313 0.069444 0.013281 0.001389 1.000000
0 453 0.537891 0.371528 0.019531 0.068056 0.009766 0.000694 1.000000
0 454 0.546875 0.372222 0.018750 0.066667 0.008984 0.000694 1.000000
0 455 0.557422 0.370833 0.019531 0.063889 0.010547 -0.001389 1.000000
0 456 0.566406 0.370833 0.020313 0.063889 0.008984 0.000000 1.000000
0 457 0.574219 0.370139 0.020313 0.062500 0.007812 -0.000694 1.000000
0 458 0.580469 0.370139 0.018750 0.062500 0.006250 0.000000 1.000000
0 459 0.586719 0.369444 0.018750 0.061111 0.006250 -0.000694 1.000000
0 460 0.592969 0.369444 0.018750 0.061111 0.006250 0.000000 1.000000
0 461 0.599609 0.369444 0.017969 0.061111 0.006641 0.000000 1.000000
0 462 0.604688 0.368750 0.018750 0.059722 0.005078 -0.000694 1.000000
0 463 0.609375 0.368750 0.018750 0.059722 0.004687 0.000000 1.000000
0 464 0.614453 0.365972 0.019531 0.059722 0.005078 -0.002778 1.000000
0 465 0.618359 0.365972 0.019531 0.059722 0.003906 0.000000 1.000000
0 466 0.624219 0.364583 0.020313 0.059722 0.005859 -0.001389 1.000000
0 467 0.627344 0.362500 0.020313 0.058333 0.003125 -0.002083 1.000000
0 468 0.630859 0.360417 0.017969 0.059722 0.003516 -0.002083 1.000000
0 469 0.634766 0.357639 0.017969 0.059722 0.003906 -0.002778 1.000000
0 470 0.638281 0.354167 0.018750 0.058333 0.003516 -0.003472 1.000000
0 471 0.641406 0.350694 0.017188 0.059722 0.003125 -0.003472 1.000000
0 472 0.643750 0.347917 0.018750 0.059722 0.002344 -0.002778 1.000000
0 473 0.646484 0.345833 0.017969 0.058333 0.002734 -0.002083 1.000000
0 474 0.648828 0.343056 0.017969 0.058333 0.002344 -0.002778 1.000000
0 475 0.651172 0.341667 0.017969 0.058333 0.002344 -0.001389 1.000000
0 476 0.654297 0.340278 0.017969 0.058333 0.003125 -0.001389 1.000000
0 477 0.656250 0.340278 0.017188 0.058333 0.001953 0.000000 1.000000
0 478 0.658594 0.337500 0.017188 0.058333 0.002344 -0.002778 1.000000
0 479 0.660937 0.337500 0.017188 0.058333 0.002344 0.000000 1.000000
0 480 0.661328 0.334722 0.017969 0.058333 0.000391 -0.002778 1.000000
0 481 0.663281 0.334722 0.017188 0.058333 0.001953 0.000000 1.000000
0 482 0.663281 0.331944 0.017188 0.058333 0.000000 -0.002778 1.000000
0 483 0.664844 0.329167 0.017188 0.058333 0.001563 -0.002778 1.000000
0 484 0.664062 0.329167 0.017188 0.058333 -0.000781 0.000000 1.000000
0 485 0.663281 0.326389 0.017188 0.058333 -0.000781 -0.002778 1.000000
0 486 0.663672 0.323611 0.017969 0.058333 0.000391 -0.002778 1.000000
0 487 0.663672 0.322222 0.017969 0.058333 0.000000 -0.001389 1.000000
0 488 0.662109 0.320833 0.017969 0.058333 -0.001563 -0.001389 1.000000
0 489 0.662109 0.318056 0.017969 0.058333 0.000000 -0.002778 1.000000
0 490 0.662109 0.316667 0.017969 0.058333 0.000000 -0.001389 1.000000
0 491 0.662109 0.313889 0.017969 0.058333 0.000000 -0.002778 1.000000
0 492 0.661328 0.312500 0.017969 0.058333 -0.000781 -0.001389 1.000000
0 493 0.662109 0.309722 0.017969 0.058333 0.000781 -0.002778 1.000000
0 494 0.660547 0.306944 0.017969 0.061111 -0.001563 -0.002778 1.000000
0 495 0.659766 0.302778 0.017969 0.061111 -0.000781 -0.004167 1.000000
0 496 0.658984 0.298611 0.017969 0.063889 -0.000781 -0.004167 1.000000
0 497 0.658984 0.295833 0.017969 0.063889 0.000000 -0.002778 1.000000
0 498 0.657422 0.291667 0.017969 0.066667 -0.001563 -0.004167 1.000000
0 499 0.657031 0.287500 0.018750 0.069444 -0.000391 -0.004167 1.000000
0 500 0.655859 0.286111 0.017969 0.072222 -0.001172 -0.001389 1.000000
0 501 0.655078 0.281944 0.017969 0.072222 -0.000781 -0.004167 1.000000
0 502 0.653516 0.279167 0.019531 0.075000 -0.001563 -0.002778 1.000000
0 503 0.653125 0.275000 0.018750 0.075000 -0.000391 -0.004167 1.000000
0 504 0.651563 0.272222 0.018750 0.077778 -0.001563 -0.002778 1.000000
0 505 0.649219 0.266667 0.018750 0.077778 -0.002344 -0.005556 1.000000
0 506 0.646875 0.262500 0.018750 0.080556 -0.002344 -0.004167 1.000000
0 507 0.642969 0.258333 0.018750 0.080556 -0.003906 -0.004167 1.000000
0 508 0.639844 0.254167 0.018750 0.080556 -0.003125 -0.004167 1.000000
0 509 0.635938 0.248611 0.018750 0.080556 -0.003906 -0.005556 1.000000
0 510 0.632031 0.243056 0.020313 0.080556 -0.003906 -0.005556 1.000000
0 511 0.626563 0.238194 0.020313 0.081944 -0.005469 -0.004861 1.000000
0 512 0.621094 0.234028 0.018750 0.081944 -0.005469 -0.004167 1.000000
0 513 0.616016 0.229167 0.017969 0.080556 -0.005078 -0.004861 1.000000
0 514 0.610547 0.223611 0.017969 0.080556 -0.005469 -0.005556 1.000000
0 515 0.605859 0.218056 0.017969 0.080556 -0.004687 -0.005556 1.000000
0 516 0.600000 0.215278 0.017188 0.080556 -0.005859 -0.002778 1.000000
0 517 0.592969 0.209722 0.017188 0.080556 -0.007031 -0.005556 1.000000
0 518 0.587500 0.206250 0.018750 0.081944 -0.005469 -0.003472 1.000000
0 519 0.580469 0.202778 0.018750 0.083333 -0.007031 -0.003472 1.000000
0 520 0.573047 0.197222 0.019531 0.083333 -0.007422 -0.005556 1.000000
0 521 0.566016 0.191667 0.019531 0.083333 -0.007031 -0.005556 1.000000
0 522 0.558984 0.188889 0.019531 0.083333 -0.007031 -0.002778 1.000000
0 523 0.551953 0.183333 0.019531 0.083333 -0.007031 -0.005556 1.000000
0 524 0.545312 0.179167 0.018750 0.083333 -0.006641 -0.004167 1.000000
0 525 0.537500 0.173611 0.018750 0.083333 -0.007812 -0.005556 1.000000
0 526 0.530859 0.168750 0.017969 0.081944 -0.006641 -0.004861 1.000000
0 527 0.523438 0.165278 0.017188 0.083333 -0.007422 -0.003472 1.000000
0 528 0.515625 0.161806 0.017188 0.081944 -0.007812 -0.003472 1.000000
0 529 0.506250 0.156944 0.017188 0.080556 -0.009375 -0.004861 1.000000
0 530 0.497656 0.154167 0.017188 0.080556 -0.008594 -0.002778 1.000000
0 531 0.489063 0.149306 0.018750 0.079167 -0.008594 -0.004861 1.000000
0 532 0.480469 0.144444 0.020313 0.077778 -0.008594 -0.004861 1.000000
0 533 0.471094 0.140972 0.023438 0.079167 -0.009375 -0.003472 1.000000
0 534 0.460938 0.138194 0.021875 0.079167 -0.010156 -0.002778 1.000000
0 535 0.451562 0.135417 0.021875 0.079167 -0.009375 -0.002778 1.000000
0 536 0.440625 0.131250 0.020313 0.079167 -0.010937 -0.004167 1.000000
0 537 0.430078 0.128472 0.019531 0.079167 -0.010547 -0.002778 1.000000
