0 226 0.013672 0.773611 0.027344 0.130556 0.000000 0.000000 1.000000
0 227 0.026953 0.776389 0.041406 0.127778 0.013281 0.002778 1.000000
0 228 0.045703 0.779167 0.044531 0.122222 0.018750 0.002778 1.000000
0 229 0.063672 0.777083 0.049219 0.126389 0.017969 -0.002083 1.000000
0 230 0.079297 0.779861 0.052344 0.126389 0.015625 0.002778 1.000000
0 231 0.095703 0.779167 0.050781 0.127778 0.016406 -0.000694 1.000000
0 232 0.107422 0.782639 0.050781 0.123611 0.011719 0.003472 1.000000
0 233 0.118359 0.783333 0.044531 0.122222 0.010937 0.000694 1.000000
0 234 0.131641 0.784722 0.044531 0.119444 0.013281 0.001389 1.000000
0 235 0.148438 0.784028 0.046875 0.123611 0.016797 -0.000694 1.000000
0 236 0.164062 0.784028 0.048438 0.126389 0.015625 0.000000 1.000000
0 237 0.178906 0.779861 0.048438 0.123611 0.014844 -0.004167 1.000000
0 238 0.191406 0.778472 0.048438 0.120833 0.012500 -0.001389 1.000000
0 239 0.204297 0.779167 0.042969 0.122222 0.012891 0.000694 1.000000
0 240 0.213281 0.780556 0.035937 0.122222 0.008984 0.001389 1.000000
0 241 0.219531 0.780556 0.031250 0.122222 0.006250 0.000000 1.000000
0 242 0.233984 0.781944 0.036719 0.125000 0.014453 0.001389 1.000000
0 243 0.246484 0.780556 0.039844 0.127778 0.012500 -0.001389 1.000000
0 244 0.257031 0.780556 0.042188 0.127778 0.010547 0.000000 1.000000
0 245 0.264453 0.777778 0.047656 0.125000 0.007422 -0.002778 1.000000
0 246 0.272656 0.777778 0.045312 0.125000 0.008203 0.000000 1.000000
0 247 0.279687 0.779167 0.042188 0.125000 0.007031 0.001389 1.000000
0 248 0.283984 0.779167 0.036719 0.125000 0.004297 0.000000 1.000000
0 249 0.289453 0.779167 0.038281 0.125000 0.005469 0.000000 1.000000
0 250 0.299609 0.777778 0.039844 0.127778 0.010156 -0.001389 1.000000
0 251 0.308203 0.775694 0.041406 0.129167 0.008594 -0.002083 1.000000
0 252 0.316406 0.765972 0.045312 0.123611 0.008203 -0.009722 1.000000
0 253 0.320312 0.764583 0.045312 0.123611 0.003906 -0.001389 1.000000
0 254 0.325391 0.764583 0.041406 0.123611 0.005078 0.000000 1.000000
0 255 0.328906 0.764583 0.034375 0.123611 0.003516 0.000000 1.000000
0 256 0.331250 0.764583 0.029687 0.123611 0.002344 0.000000 1.000000
0 257 0.335547 0.764583 0.027344 0.123611 0.004297 0.000000 1.000000
0 258 0.340625 0.760417 0.031250 0.129167 0.005078 -0.004167 1.000000
0 259 0.344531 0.760417 0.035937 0.131944 0.003906 0.000000 1.000000
0 260 0.344531 0.752778 0.043750 0.125000 0.000000 -0.007639 1.000000
0 261 0.343359 0.754167 0.046094 0.119444 -0.001172 0.001389 1.000000
0 262 0.344922 0.754167 0.042969 0.119444 0.001563 0.000000 1.000000
0 263 0.344141 0.754167 0.039844 0.119444 -0.000781 0.000000 1.000000
0 264 0.340625 0.754167 0.035937 0.119444 -0.003516 0.000000 1.000000
0 265 0.337891 0.750694 0.030469 0.126389 -0.002734 -0.003472 1.000000
0 266 0.338672 0.750000 0.032031 0.130556 0.000781 -0.000694 1.000000
0 267 0.340625 0.748611 0.034375 0.133333 0.001953 -0.001389 1.000000
0 268 0.337891 0.744444 0.039844 0.127778 -0.002734 -0.004167 1.000000
0 269 0.334375 0.740278 0.040625 0.122222 -0.003516 -0.004167 1.000000
0 270 0.332813 0.740972 0.037500 0.120833 -0.001563 0.000694 1.000000
0 271 0.328125 0.740972 0.034375 0.120833 -0.004687 0.000000 1.000000
0 272 0.322266 0.740972 0.028906 0.120833 -0.005859 0.000000 1.000000
0 273 0.317969 0.738194 0.026562 0.120833 -0.004297 -0.002778 1.000000
0 274 0.316016 0.736806 0.032031 0.123611 -0.001953 -0.001389 1.000000
0 275 0.314063 0.734722 0.035937 0.130556 -0.001953 -0.002083 1.000000
0 276 0.308203 0.729861 0.039844 0.123611 -0.005859 -0.004861 1.000000
0 277 0.303906 0.729167 0.042188 0.122222 -0.004297 -0.000694 1.000000
0 278 0.300391 0.727778 0.038281 0.122222 -0.003516 -0.001389 1.000000
0 279 0.292969 0.728472 0.035937 0.123611 -0.007422 0.000694 1.000000
0 280 0.286719 0.727083 0.031250 0.123611 -0.006250 -0.001389 1.000000
0 281 0.282031 0.726389 0.029687 0.122222 -0.004687 -0.000694 1.000000
0 282 0.276562 0.725000 0.029687 0.125000 -0.005469 -0.001389 1.000000
0 283 0.271094 0.722222 0.034375 0.127778 -0.005469 -0.002778 1.000000
0 284 0.263672 0.719444 0.039844 0.125000 -0.007422 -0.002778 1.000000
0 285 0.255859 0.715278 0.039844 0.119444 -0.007812 -0.004167 1.000000
0 286 0.248047 0.715278 0.036719 0.119444 -0.007812 0.000000 1.000000
0 287 0.238672 0.716667 0.035156 0.119444 -0.009375 0.001389 1.000000
0 288 0.225781 0.715278 0.032813 0.119444 -0.012891 -0.001389 1.000000
0 289 0.216797 0.713194 0.030469 0.120833 -0.008984 -0.002083 1.000000
0 290 0.208594 0.711806 0.032813 0.123611 -0.008203 -0.001389 1.000000
0 291 0.201563 0.711111 0.037500 0.125000 -0.007031 -0.000694 1.000000
0 292 0.192188 0.708333 0.043750 0.125000 -0.009375 -0.002778 1.000000
0 293 0.181641 0.705556 0.047656 0.116667 -0.010547 -0.002778 1.000000
0 294 0.170703 0.706944 0.050781 0.113889 -0.010937 0.001389 1.000000
0 295 0.164062 0.706944 0.050000 0.113889 -0.006641 0.000000 1.000000
0 296 0.152344 0.705556 0.046875 0.113889 -0.011719 -0.001389 1.000000
0 297 0.142187 0.705556 0.043750 0.113889 -0.010156 0.000000 1.000000
0 298 0.132422 0.704167 0.036719 0.116667 -0.009766 -0.001389 1.000000
0 299 0.125000 0.702778 0.034375 0.116667 -0.007422 -0.001389 1.000000
0 300 0.118750 0.700000 0.031250 0.119444 -0.006250 -0.002778 1.000000
0 301 0.108984 0.700694 0.033594 0.120833 -0.009766 0.000694 1.000000
0 302 0.101172 0.699306 0.033594 0.118056 -0.007812 -0.001389 1.000000
0 303 0.093359 0.700000 0.033594 0.113889 -0.007812 0.000694 1.000000
0 304 0.086719 0.699306 0.032813 0.109722 -0.006641 -0.000694 1.000000
0 305 0.078125 0.696528 0.028125 0.104167 -0.008594 -0.002778 1.000000
0 306 0.068750 0.701389 0.031250 0.113889 -0.009375 0.004861 1.000000
0 307 0.060937 0.699306 0.031250 0.112500 -0.007812 -0.002083 1.000000
0 308 0.053125 0.697917 0.034375 0.112500 -0.007812 -0.001389 1.000000
0 309 0.045312 0.697917 0.035937 0.112500 -0.007812 0.000000 1.000000
0 310 0.038281 0.697917 0.032813 0.112500 -0.007031 0.000000 1.000000
0 311 0.032422 0.700000 0.032031 0.116667 -0.005859 0.002083 1.000000
0 312 0.026562 0.700694 0.031250 0.118056 -0.005859 0.000694 1.000000
0 313 0.020703 0.700694 0.028906 0.118056 -0.005859 0.000000 1.000000
0 314 0.016016 0.700694 0.027344 0.118056 -0.004687 0.000000 1.000000
0 315 0.012109 0.700694 0.024219 0.118056 -0.003906 0.000000 1.000000
0 316 0.010547 0.702083 0.021094 0.118056 -0.001563 0.001389 1.000000
0 317 0.008594 0.703472 0.017188 0.118056 -0.001953 0.001389 1.000000
0 318 0.007812 0.703472 0.015625 0.118056 -0.000781 0.000000 1.000000
0 319 0.006250 0.703472 0.012500 0.118056 -0.001563 0.000000 1.000000
0 403 0.009766 0.761111 0.019531 0.136111 0.000042 0.000686 1.000000
0 404 0.010547 0.761111 0.021094 0.136111 0.000781 0.000000 1.000000
0 405 0.012891 0.762500 0.022656 0.136111 0.002344 0.001389 1.000000
0 406 0.018750 0.762500 0.021875 0.136111 0.005859 0.000000 1.000000
0 407 0.023438 0.761806 0.021875 0.134722 0.004687 -0.000694 1.000000
0 408 0.028516 0.761806 0.022656 0.134722 0.005078 0.000000 1.000000
0 409 0.032422 0.761806 0.022656 0.134722 0.003906 0.000000 1.000000
0 410 0.038672 0.761806 0.025781 0.134722 0.006250 0.000000 1.000000
0 411 0.044141 0.763194 0.028906 0.131944 0.005469 0.001389 1.000000
0 412 0.048828 0.763194 0.028906 0.131944 0.004687 0.000000 1.000000
0 413 0.052344 0.763194 0.028125 0.131944 0.003516 0.000000 1.000000
0 414 0.056250 0.765278 0.028125 0.130556 0.003906 0.002083 1.000000
0 415 0.060156 0.765278 0.028125 0.130556 0.003906 0.000000 1.000000
0 416 0.065234 0.764583 0.027344 0.129167 0.005078 -0.000694 1.000000
0 417 0.070312 0.764583 0.025000 0.129167 0.005078 0.000000 1.000000
0 418 0.074219 0.764583 0.023438 0.129167 0.003906 0.000000 1.000000
0 419 0.080078 0.766667 0.021094 0.130556 0.005859 0.002083 1.000000
0 420 0.085938 0.766667 0.020313 0.133333 0.005859 0.000000 1.000000
0 421 0.091406 0.767361 0.020313 0.134722 0.005469 0.000694 1.000000
0 422 0.096875 0.767361 0.020313 0.134722 0.005469 0.000000 1.000000
0 423 0.103516 0.770833 0.025781 0.130556 0.006641 0.003472 1.000000
0 424 0.109375 0.770833 0.028125 0.130556 0.005859 0.000000 1.000000
0 425 0.115625 0.772222 0.031250 0.127778 0.006250 0.001389 1.000000
0 426 0.120313 0.773611 0.031250 0.127778 0.004687 0.001389 1.000000
0 427 0.127734 0.775000 0.032031 0.125000 0.007422 0.001389 1.000000
0 428 0.133594 0.776389 0.031250 0.125000 0.005859 0.001389 1.000000
0 429 0.139063 0.776389 0.029687 0.125000 0.005469 0.000000 1.000000
0 430 0.144922 0.776389 0.028906 0.122222 0.005859 0.000000 1.000000
0 431 0.151562 0.776389 0.028125 0.122222 0.006641 0.000000 1.000000
0 432 0.159375 0.776389 0.028125 0.122222 0.007812 0.000000 1.000000
0 433 0.168750 0.777083 0.028125 0.126389 0.009375 0.000694 1.000000
0 434 0.177344 0.780556 0.026562 0.127778 0.008594 0.003472 1.000000
0 435 0.186719 0.780556 0.026562 0.127778 0.009375 0.000000 1.000000
0 436 0.196094 0.783333 0.026562 0.125000 0.009375 0.002778 1.000000
0 437 0.204687 0.786111 0.026562 0.127778 0.008594 0.002778 1.000000
0 438 0.213281 0.787500 0.025000 0.127778 0.008594 0.001389 1.000000
0 439 0.222656 0.788889 0.023438 0.133333 0.009375 0.001389 1.000000
0 440 0.232031 0.790972 0.023438 0.126389 0.009375 0.002083 1.000000
0 441 0.242188 0.790972 0.025000 0.126389 0.010156 0.000000 1.000000
0 442 0.251563 0.791667 0.025000 0.127778 0.009375 0.000694 1.000000
0 443 0.261719 0.793056 0.025000 0.125000 0.010156 0.001389 1.000000
0 444 0.271875 0.794444 0.025000 0.125000 0.010156 0.001389 1.000000
0 445 0.282813 0.797222 0.025000 0.130556 0.010937 0.002778 1.000000
0 446 0.293750 0.800000 0.025000 0.133333 0.010937 0.002778 1.000000
0 447 0.304688 0.802778 0.025000 0.127778 0.010937 0.002778 1.000000
0 448 0.315625 0.804861 0.026562 0.126389 0.010937 0.002083 1.000000
0 449 0.325781 0.804861 0.026562 0.126389 0.010156 0.000000 1.000000
0 450 0.336719 0.806944 0.026562 0.130556 0.010937 0.002083 1.000000
0 451 0.348438 0.809028 0.025000 0.134722 0.011719 0.002083 1.000000
0 452 0.358594 0.817361 0.026562 0.129167 0.010156 0.008333 1.000000
0 453 0.368750 0.818750 0.028125 0.129167 0.010156 0.001389 1.000000
0 454 0.379297 0.818750 0.027344 0.129167 0.010547 0.000000 1.000000
0 455 0.389453 0.818750 0.027344 0.129167 0.010156 0.000000 1.000000
0 456 0.398438 0.820833 0.025000 0.133333 0.008984 0.002083 1.000000
0 457 0.405469 0.822222 0.025000 0.136111 0.007031 0.001389 1.000000
0 458 0.412500 0.823611 0.025000 0.136111 0.007031 0.001389 1.000000
0 459 0.418359 0.826389 0.027344 0.130556 0.005859 0.002778 1.000000
0 460 0.425000 0.831944 0.029687 0.127778 0.006641 0.005556 1.000000
0 461 0.432031 0.834722 0.031250 0.130556 0.007031 0.002778 1.000000
0 462 0.439063 0.836111 0.037500 0.133333 0.007031 0.001389 1.000000
0 463 0.449219 0.840278 0.042188 0.136111 0.010156 0.004167 1.000000
0 464 0.457031 0.840972 0.043750 0.140278 0.007812 0.000694 1.000000
0 465 0.465625 0.843056 0.043750 0.136111 0.008594 0.002083 1.000000
0 466 0.471094 0.840972 0.043750 0.131944 0.005469 -0.002083 1.000000
0 467 0.475000 0.840278 0.045312 0.130556 0.003906 -0.000694 1.000000
0 468 0.479687 0.840278 0.043750 0.130556 0.004687 0.000000 1.000000
0 469 0.483203 0.840278 0.041406 0.133333 0.003516 0.000000 1.000000
0 470 0.486719 0.841667 0.039062 0.136111 0.003516 0.001389 1.000000
0 471 0.491406 0.841667 0.039062 0.133333 0.004687 0.000000 1.000000
0 472 0.498047 0.843056 0.038281 0.130556 0.006641 0.001389 1.000000
0 473 0.504687 0.845833 0.035937 0.133333 0.006641 0.002778 1.000000
0 474 0.511719 0.848611 0.037500 0.138889 0.007031 0.002778 1.000000
0 475 0.517969 0.850000 0.040625 0.138889 0.006250 0.001389 1.000000
0 476 0.523438 0.852778 0.040625 0.138889 0.005469 0.002778 1.000000
0 477 0.529687 0.854167 0.037500 0.138889 0.006250 0.001389 1.000000
0 478 0.535937 0.854861 0.037500 0.137500 0.006250 0.000694 1.000000
0 479 0.543750 0.855556 0.037500 0.133333 0.007812 0.000694 1.000000
0 480 0.551172 0.856250 0.041406 0.131944 0.007422 0.000694 1.000000
0 481 0.555078 0.854861 0.044531 0.131944 0.003906 -0.001389 1.000000
0 482 0.557813 0.859722 0.046875 0.136111 0.002734 0.004861 1.000000
0 483 0.560937 0.860417 0.046875 0.140278 0.003125 0.000694 1.000000
0 484 0.565625 0.861111 0.046875 0.141667 0.004687 0.000694 1.000000
0 485 0.568750 0.863194 0.043750 0.137500 0.003125 0.002083 1.000000
0 486 0.574219 0.863889 0.039062 0.133333 0.005469 0.000694 1.000000
0 487 0.582422 0.862500 0.036719 0.130556 0.008203 -0.001389 1.000000
0 488 0.586719 0.865972 0.042188 0.137500 0.004297 0.003472 1.000000
0 489 0.591016 0.868056 0.044531 0.141667 0.004297 0.002083 1.000000
0 490 0.595703 0.870833 0.044531 0.144444 0.004687 0.002778 1.000000
0 491 0.600391 0.872917 0.041406 0.145833 0.004687 0.002083 1.000000
0 492 0.610156 0.875000 0.045312 0.141667 0.009766 0.002083 1.000000
0 493 0.617969 0.873611 0.042188 0.138889 0.007812 -0.001389 1.000000
0 494 0.623437 0.870833 0.045312 0.138889 0.005469 -0.002778 1.000000
0 495 0.626172 0.870833 0.049219 0.138889 0.002734 0.000000 1.000000
0 496 0.630078 0.872222 0.050781 0.144444 0.003906 0.001389 1.000000
0 497 0.634766 0.872222 0.050781 0.144444 0.004687 0.000000 1.000000
0 498 0.640625 0.872222 0.048438 0.144444 0.005859 0.000000 1.000000
0 499 0.647656 0.870833 0.042188 0.141667 0.007031 -0.001389 1.000000
0 500 0.656250 0.870139 0.035937 0.137500 0.008594 -0.000694 1.000000
0 501 0.659375 0.871528 0.040625 0.140278 0.003125 0.001389 1.000000
0 502 0.665625 0.872222 0.046875 0.144444 0.006250 0.000694 1.000000
0 503 0.673828 0.872917 0.053906 0.145833 0.008203 0.000694 1.000000
0 504 0.678516 0.873611 0.050781 0.150000 0.004687 0.000694 1.000000
0 505 0.683594 0.872222 0.043750 0.147222 0.005078 -0.001389 1.000000
0 506 0.690625 0.869444 0.037500 0.144444 0.007031 -0.002778 1.000000
0 507 0.699219 0.865278 0.032813 0.138889 0.008594 -0.004167 1.000000
0 508 0.702344 0.860417 0.042188 0.137500 0.003125 -0.004861 1.000000
0 509 0.706250 0.856944 0.053125 0.138889 0.003906 -0.003472 1.000000
0 510 0.709375 0.856944 0.059375 0.138889 0.003125 0.000000 1.000000
0 511 0.710938 0.855556 0.059375 0.141667 0.001563 -0.001389 1.000000
0 512 0.712500 0.852778 0.051562 0.141667 0.001563 -0.002778 1.000000
0 513 0.717969 0.847222 0.046875 0.138889 0.005469 -0.005556 1.000000
0 514 0.721094 0.845833 0.042188 0.136111 0.003125 -0.001389 1.000000
0 515 0.721875 0.845833 0.037500 0.147222 0.000781 0.000000 1.000000
0 516 0.718750 0.843750 0.037500 0.148611 -0.003125 -0.002083 1.000000
0 517 0.717578 0.838889 0.047656 0.152778 -0.001172 -0.004861 1.000000
0 518 0.714063 0.837500 0.054688 0.152778 -0.003516 -0.001389 1.000000
0 519 0.710156 0.834722 0.048438 0.152778 -0.003906 -0.002778 1.000000
0 520 0.707031 0.829167 0.042188 0.150000 -0.003125 -0.005556 1.000000
0 521 0.705469 0.823611 0.032813 0.147222 -0.001563 -0.005556 1.000000
0 522 0.706250 0.818056 0.026562 0.147222 0.000781 -0.005556 1.000000
0 523 0.703516 0.813889 0.024219 0.147222 -0.002734 -0.004167 1.000000
0 524 0.700781 0.812500 0.026562 0.155556 -0.002734 -0.001389 1.000000
0 525 0.697656 0.811111 0.026562 0.158333 -0.003125 -0.001389 1.000000
0 526 0.694531 0.810417 0.028125 0.156944 -0.003125 -0.000694 1.000000
0 527 0.692969 0.808333 0.032813 0.150000 -0.001563 -0.002083 1.000000
0 528 0.691797 0.804167 0.042969 0.152778 -0.001172 -0.004167 1.000000
0 529 0.685937 0.804167 0.050000 0.152778 -0.005859 0.000000 1.000000
0 530 0.677344 0.801389 0.053125 0.152778 -0.008594 -0.002778 1.000000
0 531 0.671875 0.795833 0.050000 0.150000 -0.005469 -0.005556 1.000000
0 532 0.669922 0.790278 0.046094 0.147222 -0.001953 -0.005556 1.000000
0 533 0.663281 0.784722 0.045312 0.147222 -0.006641 -0.005556 1.000000
0 534 0.658594 0.781944 0.042188 0.155556 -0.004687 -0.002778 1.000000
0 535 0.652734 0.779167 0.042969 0.155556 -0.005859 -0.002778 1.000000
0 536 0.646875 0.774306 0.040625 0.156944 -0.005859 -0.004861 1.000000
0 537 0.641016 0.775694 0.044531 0.159722 -0.005859 0.001389 1.000000
