0 630 0.055990 0.318519 0.039062 0.185185 0.000000 0.000000 1.000000
0 631 0.060156 0.313426 0.039062 0.186111 0.004167 -0.005093 1.000000
0 632 0.060937 0.314815 0.035417 0.188889 0.000781 0.001389 1.000000
0 633 0.062240 0.313426 0.033854 0.187963 0.001302 -0.001389 1.000000
0 634 0.067448 0.313889 0.047396 0.185185 0.005208 0.000463 1.000000
0 635 0.072396 0.315278 0.056250 0.182407 0.004948 0.001389 1.000000
0 636 0.083333 0.321759 0.073958 0.173148 0.010937 0.006481 1.000000
0 637 0.082812 0.316204 0.072917 0.180556 -0.000521 -0.005556 1.000000
0 638 0.087500 0.316667 0.076042 0.181481 0.004687 0.000463 1.000000
0 639 0.090365 0.314352 0.074479 0.178704 0.002865 -0.002315 1.000000
0 640 0.096354 0.312963 0.068750 0.177778 0.005990 -0.001389 1.000000
0 641 0.102604 0.313889 0.057292 0.185185 0.006250 0.000926 1.000000
0 642 0.105469 0.311574 0.042188 0.189815 0.002865 -0.002315 1.000000
0 643 0.127604 0.308333 0.035417 0.198148 0.022135 -0.003241 1.000000
0 644 0.135677 0.306481 0.047396 0.198148 0.008073 -0.001852 1.000000
0 645 0.140885 0.307870 0.054688 0.200926 0.005208 0.001389 1.000000
0 646 0.145313 0.308796 0.058333 0.199074 0.004427 0.000926 1.000000
0 647 0.150521 0.310185 0.060417 0.194444 0.005208 0.001389 1.000000
0 648 0.158594 0.316204 0.063021 0.186111 0.008073 0.006019 1.000000
0 649 0.163281 0.317130 0.060937 0.180556 0.004687 0.000926 1.000000
0 650 0.168229 0.316667 0.060417 0.179630 0.004948 -0.000463 1.000000
0 651 0.172396 0.320370 0.061458 0.185185 0.004167 0.003704 1.000000
0 652 0.178906 0.313426 0.058854 0.175000 0.006510 -0.006944 1.000000
0 653 0.194792 0.314352 0.042708 0.189815 0.015885 0.000926 1.000000
0 654 0.200000 0.312963 0.032292 0.188889 0.005208 -0.001389 1.000000
0 655 0.215625 0.312963 0.052083 0.190741 0.015625 0.000000 1.000000
0 656 0.213281 0.313426 0.040104 0.191667 -0.002344 0.000463 1.000000
0 657 0.228125 0.315741 0.059375 0.188889 0.014844 0.002315 1.000000
0 658 0.242188 0.319444 0.084375 0.181481 0.014063 0.003704 1.000000
0 659 0.241406 0.319444 0.081771 0.179630 -0.000781 0.000000 1.000000
0 660 0.242448 0.319444 0.076563 0.179630 0.001042 0.000000 1.000000
0 661 0.243750 0.318981 0.070833 0.184259 0.001302 -0.000463 1.000000
0 662 0.250260 0.316667 0.066146 0.185185 0.006510 -0.002315 1.000000
0 663 0.256510 0.309722 0.052604 0.184259 0.006250 -0.006944 1.000000
0 664 0.269271 0.310648 0.036458 0.182407 0.012760 0.000926 1.000000
0 665 0.272135 0.314352 0.034896 0.189815 0.002865 0.003704 1.000000
0 666 0.279687 0.314815 0.041667 0.187037 0.007552 0.000463 1.000000
0 667 0.287760 0.316667 0.049479 0.183333 0.008073 0.001852 1.000000
0 668 0.296354 0.319444 0.063542 0.177778 0.008594 0.002778 1.000000
0 669 0.299219 0.319907 0.067187 0.176852 0.002865 0.000463 1.000000
0 670 0.304427 0.320370 0.068229 0.175926 0.005208 0.000463 1.000000
0 671 0.310156 0.319444 0.069271 0.174074 0.005729 -0.000926 1.000000
0 672 0.315625 0.317130 0.066667 0.175000 0.005469 -0.002315 1.000000
0 673 0.332292 0.318981 0.043750 0.187963 0.016667 0.001852 1.000000
0 674 0.334375 0.318981 0.038542 0.187963 0.002083 0.000000 1.000000
0 675 0.338542 0.318519 0.037500 0.188889 0.004167 -0.000463 1.000000
0 676 0.341667 0.319907 0.034375 0.187963 0.003125 0.001389 1.000000
0 677 0.342187 0.319907 0.031250 0.187963 0.000521 0.000000 1.000000
0 678 0.350521 0.321759 0.048958 0.184259 0.008333 0.001852 1.000000
0 679 0.355469 0.322222 0.058854 0.183333 0.004948 0.000463 1.000000
0 680 0.361979 0.321296 0.064583 0.183333 0.006510 -0.000926 1.000000
0 681 0.365104 0.322685 0.065625 0.180556 0.003125 0.001389 1.000000
0 682 0.371094 0.325926 0.065104 0.190741 0.005990 0.003241 1.000000
0 683 0.387760 0.318056 0.033854 0.186111 0.016667 -0.007870 1.000000
0 684 0.388021 0.318056 0.035417 0.187963 0.000260 0.000000 1.000000
0 685 0.391927 0.315278 0.030729 0.182407 0.003906 -0.002778 1.000000
0 686 0.396875 0.318519 0.032292 0.187037 0.004948 0.003241 1.000000
0 687 0.404167 0.317130 0.038542 0.184259 0.007292 -0.001389 1.000000
0 688 0.413281 0.317593 0.041146 0.181481 0.009115 0.000463 1.000000
0 689 0.415625 0.317593 0.045833 0.179630 0.002344 0.000000 1.000000
0 690 0.417448 0.317593 0.047396 0.175926 0.001823 0.000000 1.000000
0 691 0.418229 0.314352 0.054167 0.167593 0.000781 -0.003241 1.000000
0 692 0.428125 0.318519 0.045833 0.179630 0.009896 0.004167 1.000000
0 693 0.428385 0.316667 0.052604 0.177778 0.000260 -0.001852 1.000000
0 694 0.439063 0.318981 0.048958 0.186111 0.010677 0.002315 1.000000
0 695 0.444792 0.314815 0.044792 0.179630 0.005729 -0.004167 1.000000
0 696 0.452865 0.310648 0.036979 0.173148 0.008073 -0.004167 1.000000
0 697 0.454167 0.312037 0.038542 0.175926 0.001302 0.001389 1.000000
0 698 0.458333 0.314815 0.034375 0.179630 0.004167 0.002778 1.000000
0 699 0.463542 0.316204 0.032292 0.178704 0.005208 0.001389 1.000000
0 700 0.474740 0.316204 0.044271 0.176852 0.011198 0.000000 1.000000
0 701 0.477865 0.316204 0.052604 0.176852 0.003125 0.000000 1.000000
0 702 0.475000 0.312500 0.055208 0.171296 -0.002865 -0.003704 1.000000
0 703 0.488281 0.313889 0.044271 0.177778 0.013281 0.001389 1.000000
0 704 0.493750 0.313889 0.045833 0.181481 0.005469 0.000000 1.000000
0 705 0.495833 0.312500 0.034375 0.180556 0.002083 -0.001389 1.000000
0 706 0.499219 0.312963 0.031771 0.183333 0.003385 0.000463 1.000000
0 707 0.503385 0.312037 0.033854 0.181481 0.004167 -0.000926 1.000000
0 708 0.507812 0.309259 0.028125 0.177778 0.004427 -0.002778 1.000000
0 709 0.510156 0.311111 0.027604 0.181481 0.002344 0.001852 1.000000
0 710 0.515365 0.309722 0.032813 0.180556 0.005208 -0.001389 1.000000
0 711 0.516146 0.311574 0.027083 0.180556 0.000781 0.001852 1.000000
0 712 0.518750 0.312963 0.027083 0.181481 0.002604 0.001389 1.000000
0 713 0.526823 0.313889 0.032813 0.181481 0.008073 0.000926 1.000000
0 714 0.528646 0.314815 0.032292 0.181481 0.001823 0.000926 1.000000
0 715 0.533594 0.313889 0.038021 0.183333 0.004948 -0.000926 1.000000
0 716 0.533594 0.312037 0.035937 0.181481 0.000000 -0.001852 1.000000
0 717 0.535156 0.310648 0.035937 0.182407 0.001563 -0.001389 1.000000
0 718 0.539062 0.311111 0.038542 0.187037 0.003906 0.000463 1.000000
0 719 0.539583 0.309259 0.038542 0.183333 0.000521 -0.001852 1.000000
0 720 0.540885 0.309259 0.041146 0.185185 0.001302 0.000000 1.000000
0 721 0.540365 0.308333 0.039062 0.183333 -0.000521 -0.000926 1.000000
0 722 0.540625 0.306944 0.038542 0.182407 0.000260 -0.001389 1.000000
0 723 0.540885 0.307870 0.035937 0.186111 0.000260 0.000926 1.000000
0 724 0.542188 0.302778 0.038542 0.181481 0.001302 -0.005093 1.000000
0 725 0.540104 0.300000 0.036458 0.177778 -0.002083 -0.002778 1.000000
0 726 0.539583 0.304167 0.039583 0.187963 -0.000521 0.004167 1.000000
0 727 0.538021 0.305556 0.040625 0.190741 -0.001563 0.001389 1.000000
0 728 0.532031 0.298611 0.039062 0.180556 -0.005990 -0.006944 1.000000
0 729 0.532031 0.300000 0.041146 0.185185 0.000000 0.001389 1.000000
0 730 0.530729 0.303241 0.041667 0.191667 -0.001302 0.003241 1.000000
0 731 0.532031 0.300926 0.045312 0.187037 0.001302 -0.002315 1.000000
0 732 0.533073 0.299537 0.049479 0.187963 0.001042 -0.001389 1.000000
0 733 0.534375 0.297685 0.047917 0.186111 0.001302 -0.001852 1.000000
0 734 0.534635 0.297685 0.046354 0.187963 0.000260 0.000000 1.000000
0 735 0.536458 0.297685 0.042708 0.186111 0.001823 0.000000 1.000000
0 736 0.536979 0.298611 0.042708 0.187963 0.000521 0.000926 1.000000
0 737 0.537500 0.298611 0.040625 0.187963 0.000521 0.000000 1.000000
0 738 0.538281 0.298611 0.042188 0.189815 0.000781 0.000000 1.000000
0 739 0.539062 0.299074 0.044792 0.188889 0.000781 0.000463 1.000000
0 740 0.539062 0.300000 0.045833 0.188889 0.000000 0.000926 1.000000
0 741 0.538802 0.300000 0.046354 0.187037 -0.000260 0.000000 1.000000
0 742 0.538281 0.300000 0.047396 0.185185 -0.000521 0.000000 1.000000
0 743 0.537760 0.300000 0.048438 0.187037 -0.000521 0.000000 1.000000
0 744 0.536719 0.299537 0.048438 0.186111 -0.001042 -0.000463 1.000000
0 745 0.538021 0.299537 0.042708 0.184259 0.001302 0.000000 1.000000
0 746 0.538021 0.299074 0.042708 0.183333 0.000000 -0.000463 1.000000
0 747 0.537500 0.299074 0.041667 0.183333 -0.000521 0.000000 1.000000
0 748 0.538021 0.300463 0.041667 0.184259 0.000521 0.001389 1.000000
0 749 0.536458 0.300000 0.042708 0.183333 -0.001563 -0.000463 1.000000
0 750 0.535156 0.300463 0.045312 0.184259 -0.001302 0.000463 1.000000
0 751 0.533073 0.300926 0.050521 0.185185 -0.002083 0.000463 1.000000
0 752 0.531250 0.299537 0.053125 0.182407 -0.001823 -0.001389 1.000000
0 753 0.528646 0.302778 0.058333 0.190741 -0.002604 0.003241 1.000000
0 754 0.528906 0.288889 0.058854 0.192593 0.000260 -0.013889 1.000000
0 755 0.528906 0.281944 0.057813 0.200926 0.000000 -0.006944 1.000000
0 756 0.529167 0.280093 0.058333 0.208333 0.000260 -0.001852 1.000000
0 757 0.532292 0.279630 0.051042 0.211111 0.003125 -0.000463 1.000000
0 758 0.534896 0.281019 0.046875 0.225000 0.002604 0.001389 1.000000
0 759 0.538021 0.279630 0.040625 0.214815 0.003125 -0.001389 1.000000
0 760 0.539323 0.278241 0.042188 0.217593 0.001302 -0.001389 1.000000
0 761 0.540365 0.279167 0.043229 0.208333 0.001042 0.000926 1.000000
0 762 0.539583 0.282870 0.045833 0.212037 -0.000781 0.003704 1.000000
0 763 0.540885 0.287500 0.046354 0.206481 0.001302 0.004630 1.000000
0 764 0.541146 0.291204 0.048958 0.200926 0.000260 0.003704 1.000000
0 765 0.541667 0.300000 0.048958 0.201852 0.000521 0.008796 1.000000
0 766 0.542188 0.302778 0.047917 0.196296 0.000521 0.002778 1.000000
0 767 0.541667 0.303704 0.048958 0.188889 -0.000521 0.000926 1.000000
0 768 0.541406 0.306944 0.049479 0.193519 -0.000260 0.003241 1.000000
0 769 0.541406 0.307870 0.049479 0.189815 0.000000 0.000926 1.000000
0 770 0.541406 0.306944 0.049479 0.186111 0.000000 -0.000926 1.000000
0 771 0.541667 0.308796 0.048958 0.191667 0.000260 0.001852 1.000000
0 772 0.540365 0.309259 0.048438 0.190741 -0.001302 0.000463 1.000000
0 773 0.540625 0.307870 0.047917 0.187963 0.000260 -0.001389 1.000000
0 774 0.540885 0.308796 0.047396 0.187963 0.000260 0.000926 1.000000
0 775 0.541146 0.307870 0.046875 0.186111 0.000260 -0.000926 1.000000
0 776 0.541146 0.305556 0.046875 0.183333 0.000000 -0.002315 1.000000
0 777 0.540885 0.305556 0.046354 0.183333 -0.000260 0.000000 1.000000
0 778 0.540885 0.307407 0.046354 0.187037 0.000000 0.001852 1.000000
0 779 0.540885 0.307407 0.046354 0.187037 0.000000 0.000000 1.000000
0 780 0.541667 0.306019 0.047917 0.184259 0.000781 -0.001389 1.000000
0 781 0.541146 0.306019 0.046875 0.184259 -0.000521 0.000000 1.000000
0 782 0.541146 0.306481 0.046875 0.185185 0.000000 0.000463 1.000000
0 783 0.541406 0.306481 0.047396 0.187037 0.000260 0.000000 1.000000
0 784 0.540885 0.306481 0.047396 0.187037 -0.000521 0.000000 1.000000
0 785 0.540885 0.306944 0.047396 0.187963 0.000000 0.000463 1.000000
0 786 0.540885 0.306944 0.047396 0.187963 0.000000 0.000000 1.000000
0 787 0.541146 0.307407 0.047917 0.188889 0.000260 0.000463 1.000000
0 788 0.541146 0.307407 0.047917 0.188889 0.000000 0.000000 1.000000
0 789 0.541146 0.307870 0.047917 0.189815 0.000000 0.000463 1.000000
0 790 0.541146 0.308796 0.047917 0.191667 0.000000 0.000926 1.000000
0 791 0.540885 0.308333 0.047396 0.190741 -0.000260 -0.000463 1.000000
0 792 0.540885 0.308796 0.047396 0.189815 0.000000 0.000463 1.000000
0 793 0.540885 0.308333 0.047396 0.188889 0.000000 -0.000463 1.000000
0 794 0.540885 0.308333 0.047396 0.188889 0.000000 0.000000 1.000000
0 795 0.541146 0.309259 0.047917 0.190741 0.000260 0.000926 1.000000
0 796 0.541146 0.305556 0.046875 0.183333 0.000000 -0.003704 1.000000
0 797 0.540885 0.305556 0.047396 0.183333 -0.000260 0.000000 1.000000
0 798 0.540885 0.305093 0.047396 0.182407 0.000000 -0.000463 1.000000
0 799 0.540625 0.304630 0.046875 0.181481 -0.000260 -0.000463 1.000000
0 800 0.540885 0.305093 0.047396 0.182407 0.000260 0.000463 1.000000
0 801 0.540885 0.306019 0.047396 0.184259 0.000000 0.000926 1.000000
0 802 0.541146 0.304630 0.047917 0.181481 0.000260 -0.001389 1.000000
0 803 0.541406 0.302778 0.047396 0.177778 0.000260 -0.001852 1.000000
0 804 0.540885 0.302778 0.047396 0.177778 -0.000521 0.000000 1.000000
0 805 0.540885 0.302315 0.047396 0.176852 0.000000 -0.000463 1.000000
0 806 0.541146 0.302315 0.047917 0.176852 0.000260 0.000000 1.000000
0 807 0.540365 0.302315 0.047396 0.178704 -0.000781 0.000000 1.000000
0 808 0.540625 0.303241 0.046875 0.180556 0.000260 0.000926 1.000000
0 809 0.540365 0.304167 0.047396 0.182407 -0.000260 0.000926 1.000000
0 810 0.540625 0.303704 0.046875 0.181481 0.000260 -0.000463 1.000000
0 811 0.540365 0.304167 0.047396 0.180556 -0.000260 0.000463 1.000000
0 812 0.540625 0.304630 0.047917 0.181481 0.000260 0.000463 1.000000
0 813 0.540625 0.303704 0.046875 0.181481 0.000000 -0.000926 1.000000
0 814 0.541146 0.303704 0.047917 0.181481 0.000521 0.000000 1.000000
0 815 0.540885 0.303704 0.047396 0.181481 -0.000260 0.000000 1.000000
0 816 0.540885 0.303704 0.047396 0.181481 0.000000 0.000000 1.000000
0 817 0.541927 0.304167 0.046354 0.182407 0.001042 0.000463 1.000000
0 818 0.540885 0.303704 0.046354 0.181481 -0.001042 -0.000463 1.000000
0 819 0.541146 0.304167 0.047917 0.182407 0.000260 0.000463 1.000000
0 820 0.541146 0.304167 0.047917 0.182407 0.000000 0.000000 1.000000
0 821 0.541146 0.304167 0.047917 0.182407 0.000000 0.000000 1.000000
0 822 0.541146 0.303241 0.047917 0.182407 0.000000 -0.000926 1.000000
0 823 0.541667 0.303704 0.046875 0.181481 0.000521 0.000463 1.000000
0 824 0.538802 0.305093 0.051562 0.180556 -0.002865 0.001389 1.000000
0 825 0.538021 0.305093 0.051042 0.178704 -0.000781 0.000000 1.000000
0 826 0.538021 0.307407 0.051042 0.175926 0.000000 0.002315 1.000000
0 827 0.538542 0.306944 0.052083 0.176852 0.000521 -0.000463 1.000000
0 828 0.539323 0.306481 0.052604 0.177778 0.000781 -0.000463 1.000000
0 829 0.539062 0.302315 0.057292 0.186111 -0.000260 -0.004167 1.000000
0 830 0.539062 0.295833 0.057292 0.197222 0.000000 -0.006481 1.000000
0 831 0.538021 0.287963 0.052083 0.214815 -0.001042 -0.007870 1.000000
0 832 0.535156 0.284722 0.047396 0.219444 -0.002865 -0.003241 1.000000
0 833 0.535937 0.287037 0.047917 0.216667 0.000781 0.002315 1.000000
0 834 0.535677 0.289815 0.050521 0.211111 -0.000260 0.002778 1.000000
0 835 0.537760 0.291204 0.051562 0.208333 0.002083 0.001389 1.000000
0 836 0.538802 0.292593 0.052604 0.203704 0.001042 0.001389 1.000000
0 837 0.539323 0.293981 0.053646 0.199074 0.000521 0.001389 1.000000
0 838 0.540104 0.296759 0.054167 0.195370 0.000781 0.002778 1.000000
0 839 0.541927 0.301852 0.056771 0.185185 0.001823 0.005093 1.000000
0 840 0.541927 0.305556 0.056771 0.179630 0.000000 0.003704 1.000000
0 841 0.541667 0.303704 0.056250 0.177778 -0.000260 -0.001852 1.000000
0 842 0.540625 0.305556 0.055208 0.175926 -0.001042 0.001852 1.000000
0 843 0.539062 0.306481 0.052083 0.175926 -0.001563 0.000926 1.000000
0 844 0.538281 0.307870 0.050521 0.173148 -0.000781 0.001389 1.000000
0 845 0.538542 0.308333 0.051042 0.172222 0.000260 0.000463 1.000000
0 846 0.538281 0.308333 0.051562 0.172222 -0.000260 0.000000 1.000000
0 847 0.538542 0.306944 0.052083 0.173148 0.000260 -0.001389 1.000000
0 848 0.539062 0.306944 0.052083 0.175000 0.000521 0.000000 1.000000
0 849 0.536458 0.306019 0.057292 0.175000 -0.002604 -0.000926 1.000000
0 850 0.536198 0.306944 0.058854 0.173148 -0.000260 0.000926 1.000000
0 851 0.535156 0.308796 0.059896 0.171296 -0.001042 0.001852 1.000000
0 852 0.532552 0.311111 0.065104 0.166667 -0.002604 0.002315 1.000000
0 853 0.532292 0.312500 0.066667 0.162037 -0.000260 0.001389 1.000000
0 854 0.536458 0.320370 0.058333 0.148148 0.004167 0.007870 1.000000
0 855 0.535937 0.324537 0.058333 0.139815 -0.000521 0.004167 1.000000
0 856 0.535677 0.330093 0.058854 0.126852 -0.000260 0.005556 1.000000
0 857 0.534896 0.334259 0.060417 0.120370 -0.000781 0.004167 1.000000
0 858 0.533594 0.337963 0.061979 0.112963 -0.001302 0.003704 1.000000
0 859 0.530469 0.339815 0.067187 0.109259 -0.003125 0.001852 1.000000
0 860 0.528906 0.339815 0.070312 0.109259 -0.001563 0.000000 1.000000
0 861 0.530469 0.339352 0.067187 0.108333 0.001563 -0.000463 1.000000
0 862 0.532552 0.339815 0.061979 0.107407 0.002083 0.000463 1.000000
0 863 0.535417 0.340278 0.057292 0.108333 0.002865 0.000463 1.000000
0 864 0.535937 0.338426 0.056250 0.108333 0.000521 -0.001852 1.000000
0 865 0.533854 0.337500 0.061458 0.112037 -0.002083 -0.000926 1.000000
0 866 0.531250 0.336574 0.066667 0.115741 -0.002604 -0.000926 1.000000
0 867 0.528646 0.334259 0.072917 0.118519 -0.002604 -0.002315 1.000000
0 868 0.528125 0.331481 0.075000 0.125926 -0.000521 -0.002778 1.000000
0 869 0.530729 0.306481 0.070833 0.174074 0.002604 -0.025000 1.000000
0 870 0.530208 0.294907 0.071875 0.197222 -0.000521 -0.011574 1.000000
0 871 0.532552 0.290741 0.066146 0.205556 0.002344 -0.004167 1.000000
0 872 0.535677 0.289815 0.058854 0.207407 0.003125 -0.000926 1.000000
0 873 0.538021 0.293056 0.054167 0.200926 0.002344 0.003241 1.000000
0 874 0.544271 0.299537 0.061458 0.187963 0.006250 0.006481 1.000000
0 875 0.547917 0.299537 0.071875 0.187963 0.003646 0.000000 1.000000
0 876 0.550260 0.300463 0.074479 0.186111 0.002344 0.000926 1.000000
0 877 0.551042 0.301389 0.079167 0.184259 0.000781 0.000926 1.000000
0 878 0.551302 0.303704 0.080729 0.179630 0.000260 0.002315 1.000000
0 879 0.551562 0.306944 0.081250 0.173148 0.000260 0.003241 1.000000
0 880 0.552865 0.309259 0.082812 0.170370 0.001302 0.002315 1.000000
0 881 0.552865 0.309722 0.080729 0.171296 0.000000 0.000463 1.000000
0 882 0.551042 0.310185 0.077083 0.168519 -0.001823 0.000463 1.000000
0 883 0.550781 0.309259 0.076563 0.174074 -0.000260 -0.000926 1.000000
0 884 0.547917 0.302778 0.079167 0.187037 -0.002865 -0.006481 1.000000
0 885 0.546354 0.300463 0.076042 0.187963 -0.001563 -0.002315 1.000000
0 886 0.545312 0.298611 0.073958 0.193519 -0.001042 -0.001852 1.000000
0 887 0.545833 0.294907 0.075000 0.191667 0.000521 -0.003704 1.000000
0 888 0.545573 0.292593 0.074479 0.192593 -0.000260 -0.002315 1.000000
0 889 0.544010 0.292593 0.071354 0.198148 -0.001563 0.000000 1.000000
0 890 0.543750 0.291667 0.070833 0.198148 -0.000260 -0.000926 1.000000
0 891 0.544271 0.291204 0.071875 0.199074 0.000521 -0.000463 1.000000
0 892 0.545312 0.291667 0.073958 0.200000 0.001042 0.000463 1.000000
0 893 0.544792 0.291204 0.072917 0.200926 -0.000521 -0.000463 1.000000
0 894 0.542188 0.290741 0.067708 0.201852 -0.002604 -0.000463 1.000000
0 895 0.539844 0.292130 0.061979 0.199074 -0.002344 0.001389 1.000000
0 896 0.538281 0.296296 0.056771 0.192593 -0.001563 0.004167 1.000000
0 897 0.538802 0.298611 0.056771 0.186111 0.000521 0.002315 1.000000
0 898 0.540104 0.302778 0.053125 0.183333 0.001302 0.004167 1.000000
0 899 0.542708 0.303241 0.044792 0.186111 0.002604 0.000463 1.000000
0 900 0.543490 0.303241 0.040104 0.187963 0.000781 0.000000 1.000000
0 901 0.544010 0.304167 0.036979 0.187963 0.000521 0.000926 1.000000
0 902 0.545312 0.305556 0.033333 0.188889 0.001302 0.001389 1.000000
0 903 0.545833 0.306944 0.031250 0.189815 0.000521 0.001389 1.000000
0 904 0.544792 0.306481 0.030208 0.188889 -0.001042 -0.000463 1.000000
0 905 0.544010 0.307407 0.028646 0.188889 -0.000781 0.000926 1.000000
0 906 0.542708 0.306944 0.029167 0.189815 -0.001302 -0.000463 1.000000
0 907 0.541146 0.306944 0.031250 0.189815 -0.001563 0.000000 1.000000
0 908 0.540104 0.306944 0.031250 0.187963 -0.001042 0.000000 1.000000
0 909 0.539323 0.306944 0.029687 0.187963 -0.000781 0.000000 1.000000
0 910 0.540104 0.307870 0.028125 0.187963 0.000781 0.000926 1.000000
0 911 0.540365 0.307870 0.026562 0.186111 0.000260 0.000000 1.000000
0 912 0.539583 0.308333 0.027083 0.185185 -0.000781 0.000463 1.000000
0 913 0.539583 0.308333 0.027083 0.185185 0.000000 0.000000 1.000000
0 914 0.539062 0.308796 0.028125 0.184259 -0.000521 0.000463 1.000000
0 915 0.539323 0.309259 0.027604 0.183333 0.000260 0.000463 1.000000
0 916 0.539323 0.309259 0.027604 0.181481 0.000000 0.000000 1.000000
0 917 0.539062 0.309722 0.028125 0.180556 -0.000260 0.000463 1.000000
0 918 0.539323 0.310648 0.028646 0.178704 0.000260 0.000926 1.000000
0 919 0.538021 0.310185 0.031250 0.181481 -0.001302 -0.000463 1.000000
0 920 0.534635 0.302778 0.038021 0.194444 -0.003385 -0.007407 1.000000
0 921 0.532552 0.300463 0.041146 0.200926 -0.002083 -0.002315 1.000000
0 922 0.530729 0.299537 0.041667 0.204630 -0.001823 -0.000926 1.000000
0 923 0.530469 0.298148 0.044271 0.205556 -0.000260 -0.001389 1.000000
0 924 0.529427 0.299074 0.046354 0.203704 -0.001042 0.000926 1.000000
0 925 0.528385 0.299537 0.051562 0.202778 -0.001042 0.000463 1.000000
0 926 0.527865 0.300926 0.052604 0.201852 -0.000521 0.001389 1.000000
0 927 0.528385 0.302315 0.052604 0.197222 0.000521 0.001389 1.000000
0 928 0.529948 0.305093 0.051562 0.193519 0.001563 0.002778 1.000000
0 929 0.532031 0.308333 0.048438 0.185185 0.002083 0.003241 1.000000
0 930 0.537760 0.316667 0.041146 0.168519 0.005729 0.008333 1.000000
0 931 0.537240 0.316667 0.041146 0.168519 -0.000521 0.000000 1.000000
0 932 0.537240 0.316204 0.041146 0.167593 0.000000 -0.000463 1.000000
0 933 0.536719 0.316204 0.041146 0.167593 -0.000521 0.000000 1.000000
0 934 0.536979 0.317130 0.041667 0.167593 0.000260 0.000926 1.000000
0 935 0.536979 0.317130 0.039583 0.165741 0.000000 0.000000 1.000000
0 936 0.537240 0.317130 0.039062 0.167593 0.000260 0.000000 1.000000
0 937 0.537500 0.316204 0.037500 0.167593 0.000260 -0.000926 1.000000
0 938 0.537760 0.316667 0.038021 0.166667 0.000260 0.000463 1.000000
0 939 0.537760 0.316204 0.038021 0.167593 0.000000 -0.000463 1.000000
0 940 0.537760 0.306944 0.040104 0.186111 0.000000 -0.009259 1.000000
0 941 0.537500 0.302778 0.040625 0.194444 -0.000260 -0.004167 1.000000
0 942 0.535417 0.298148 0.046875 0.201852 -0.002083 -0.004630 1.000000
0 943 0.534635 0.296296 0.052604 0.205556 -0.000781 -0.001852 1.000000
0 944 0.535156 0.295833 0.055729 0.206481 0.000521 -0.000463 1.000000
0 945 0.536458 0.296296 0.057292 0.205556 0.001302 0.000463 1.000000
0 946 0.536979 0.297222 0.057292 0.203704 0.000521 0.000926 1.000000
0 947 0.536719 0.298611 0.056771 0.200926 -0.000260 0.001389 1.000000
0 948 0.535937 0.299537 0.057292 0.197222 -0.000781 0.000926 1.000000
0 949 0.536198 0.301389 0.056771 0.195370 0.000260 0.001852 1.000000
0 950 0.535937 0.302315 0.056250 0.193519 -0.000260 0.000926 1.000000
0 951 0.534896 0.302315 0.054167 0.193519 -0.001042 0.000000 1.000000
0 952 0.534896 0.301389 0.053125 0.193519 0.000000 -0.000926 1.000000
0 953 0.534115 0.301389 0.050521 0.197222 -0.000781 0.000000 1.000000
0 954 0.533854 0.300000 0.046875 0.198148 -0.000260 -0.001389 1.000000
0 955 0.535156 0.302315 0.039062 0.193519 0.001302 0.002315 1.000000
0 956 0.534115 0.307870 0.036979 0.182407 -0.001042 0.005556 1.000000
0 957 0.534896 0.312037 0.036458 0.172222 0.000781 0.004167 1.000000
0 958 0.535677 0.313426 0.036979 0.175000 0.000781 0.001389 1.000000
0 959 0.535937 0.312500 0.039583 0.173148 0.000260 -0.000926 1.000000
0 960 0.536458 0.313426 0.040625 0.173148 0.000521 0.000926 1.000000
0 961 0.536458 0.312963 0.042708 0.174074 0.000000 -0.000463 1.000000
0 962 0.536198 0.312500 0.044271 0.175000 -0.000260 -0.000463 1.000000
0 963 0.535417 0.312500 0.044792 0.175000 -0.000781 0.000000 1.000000
0 964 0.535156 0.312037 0.046354 0.175926 -0.000260 -0.000463 1.000000
0 965 0.533073 0.312037 0.046354 0.175926 -0.002083 0.000000 1.000000
0 966 0.532813 0.311111 0.045833 0.175926 -0.000260 -0.000926 1.000000
0 967 0.532031 0.311111 0.043229 0.175926 -0.000781 0.000000 1.000000
0 968 0.532292 0.310648 0.043750 0.176852 0.000260 -0.000463 1.000000
0 969 0.532552 0.310185 0.043229 0.179630 0.000260 -0.000463 1.000000
0 970 0.535677 0.307870 0.050521 0.182407 0.003125 -0.002315 1.000000
0 971 0.538281 0.307870 0.054688 0.184259 0.002604 0.000000 1.000000
0 972 0.541406 0.307870 0.061979 0.184259 0.003125 0.000000 1.000000
0 973 0.541667 0.307407 0.065625 0.185185 0.000260 -0.000463 1.000000
0 974 0.541146 0.306944 0.069792 0.186111 -0.000521 -0.000463 1.000000
0 975 0.540625 0.306481 0.071875 0.187037 -0.000521 -0.000463 1.000000
0 976 0.540885 0.305556 0.072396 0.187037 0.000260 -0.000926 1.000000
0 977 0.539583 0.306481 0.075000 0.185185 -0.001302 0.000926 1.000000
0 978 0.539062 0.307407 0.079167 0.183333 -0.000521 0.000926 1.000000
0 979 0.536979 0.307407 0.077083 0.181481 -0.002083 0.000000 1.000000
0 980 0.532552 0.311574 0.080729 0.175000 -0.004427 0.004167 1.000000
0 981 0.530208 0.314352 0.076042 0.171296 -0.002344 0.002778 1.000000
0 982 0.528646 0.314815 0.075000 0.170370 -0.001563 0.000463 1.000000
0 983 0.527604 0.315278 0.077083 0.169444 -0.001042 0.000463 1.000000
0 984 0.527604 0.315741 0.076042 0.170370 0.000000 0.000463 1.000000
0 985 0.525781 0.315278 0.074479 0.169444 -0.001823 -0.000463 1.000000
0 986 0.525781 0.315741 0.071354 0.170370 0.000000 0.000463 1.000000
0 987 0.525000 0.315278 0.067708 0.171296 -0.000781 -0.000463 1.000000
0 988 0.524740 0.314352 0.061979 0.171296 -0.000260 -0.000926 1.000000
0 989 0.527083 0.313889 0.055208 0.172222 0.002344 -0.000463 1.000000
0 990 0.527604 0.312963 0.035417 0.174074 0.000521 -0.000926 1.000000
0 991 0.529427 0.314352 0.029687 0.173148 0.001823 0.001389 1.000000
0 992 0.528646 0.312500 0.030208 0.173148 -0.000781 -0.001852 1.000000
0 993 0.528646 0.310648 0.032292 0.176852 0.000000 -0.001852 1.000000
0 994 0.527865 0.309259 0.033854 0.179630 -0.000781 -0.001389 1.000000
0 995 0.525781 0.306019 0.039062 0.186111 -0.002083 -0.003241 1.000000
0 996 0.525260 0.305556 0.043229 0.188889 -0.000521 -0.000463 1.000000
0 997 0.525781 0.305093 0.042188 0.191667 0.000521 -0.000463 1.000000
0 998 0.526042 0.304630 0.042708 0.190741 0.000260 -0.000463 1.000000
0 999 0.526042 0.304630 0.040625 0.190741 0.000000 0.000000 1.000000
0 1000 0.523698 0.304167 0.040104 0.189815 -0.002344 -0.000463 1.000000
0 1001 0.522656 0.303704 0.042188 0.188889 -0.001042 -0.000463 1.000000
0 1002 0.520833 0.305556 0.042708 0.188889 -0.001823 0.001852 1.000000
0 1003 0.520312 0.306944 0.040625 0.187963 -0.000521 0.001389 1.000000
0 1004 0.518490 0.308333 0.040104 0.185185 -0.001823 0.001389 1.000000
0 1005 0.511979 0.312037 0.040625 0.185185 -0.006510 0.003704 1.000000
0 1006 0.511198 0.314815 0.040104 0.185185 -0.000781 0.002778 1.000000
0 1007 0.509635 0.318056 0.042188 0.186111 -0.001563 0.003241 1.000000
0 1008 0.509896 0.320370 0.039583 0.188889 0.000260 0.002315 1.000000
0 1009 0.511198 0.320370 0.035937 0.190741 0.001302 0.000000 1.000000
0 1010 0.511198 0.319444 0.035937 0.194444 0.000000 -0.000926 1.000000
0 1011 0.511979 0.318981 0.038542 0.197222 0.000781 -0.000463 1.000000
0 1012 0.512240 0.318519 0.040104 0.196296 0.000260 -0.000463 1.000000
0 1013 0.512500 0.318981 0.042708 0.197222 0.000260 0.000463 1.000000
0 1014 0.511979 0.320370 0.044792 0.194444 -0.000521 0.001389 1.000000
0 1015 0.509375 0.324537 0.047917 0.189815 -0.002604 0.004167 1.000000
0 1016 0.508594 0.328241 0.048438 0.187963 -0.000781 0.003704 1.000000
0 1017 0.508333 0.330093 0.048958 0.186111 -0.000260 0.001852 1.000000
0 1018 0.507292 0.333333 0.047917 0.188889 -0.001042 0.003241 1.000000
0 1019 0.507031 0.337963 0.046354 0.194444 -0.000260 0.004630 1.000000
0 1020 0.507292 0.342593 0.044792 0.200000 0.000260 0.004630 1.000000
0 1021 0.507812 0.342593 0.044792 0.201852 0.000521 0.000000 1.000000
0 1022 0.507812 0.343056 0.043750 0.199074 0.000000 0.000463 1.000000
0 1023 0.507812 0.343981 0.043750 0.195370 0.000000 0.000926 1.000000
0 1024 0.507031 0.344907 0.044271 0.191667 -0.000781 0.000926 1.000000
0 1025 0.504948 0.348148 0.042188 0.183333 -0.002083 0.003241 1.000000
0 1026 0.504687 0.349074 0.043750 0.181481 -0.000260 0.000926 1.000000
0 1027 0.506771 0.357407 0.039583 0.196296 0.002083 0.008333 1.000000
0 1028 0.507812 0.361574 0.038542 0.204630 0.001042 0.004167 1.000000
0 1029 0.510156 0.360648 0.039062 0.200926 0.002344 -0.000926 1.000000
0 1030 0.512240 0.360648 0.039062 0.199074 0.002083 0.000000 1.000000
0 1031 0.515104 0.362500 0.041667 0.197222 0.002865 0.001852 1.000000
0 1032 0.518229 0.364352 0.044792 0.195370 0.003125 0.001852 1.000000
0 1033 0.520833 0.369907 0.046875 0.202778 0.002604 0.005556 1.000000
0 1034 0.522135 0.375000 0.048438 0.209259 0.001302 0.005093 1.000000
0 1035 0.522917 0.382407 0.052083 0.212963 0.000781 0.007407 1.000000
0 1036 0.523177 0.385185 0.054688 0.209259 0.000260 0.002778 1.000000
0 1037 0.522656 0.385185 0.055729 0.209259 -0.000521 0.000000 1.000000
0 1038 0.523177 0.386111 0.053646 0.207407 0.000521 0.000926 1.000000
0 1039 0.523438 0.385648 0.050000 0.206481 0.000260 -0.000463 1.000000
0 1040 0.523698 0.386111 0.046354 0.205556 0.000260 0.000463 1.000000
0 1041 0.526823 0.385648 0.044271 0.204630 0.003125 -0.000463 1.000000
0 1042 0.531771 0.386111 0.045833 0.203704 0.004948 0.000463 1.000000
0 1043 0.536719 0.387037 0.047396 0.203704 0.004948 0.000926 1.000000
0 1044 0.541146 0.386574 0.051042 0.202778 0.004427 -0.000463 1.000000
0 1045 0.544271 0.390741 0.053125 0.207407 0.003125 0.004167 1.000000
0 1046 0.545573 0.392130 0.051562 0.204630 0.001302 0.001389 1.000000
0 1047 0.545312 0.391204 0.052083 0.204630 -0.000260 -0.000926 1.000000
0 1048 0.545573 0.390278 0.058854 0.204630 0.000260 -0.000926 1.000000
0 1049 0.543490 0.390278 0.071354 0.206481 -0.002083 0.000000 1.000000
0 1050 0.535937 0.389815 0.055208 0.205556 -0.007552 -0.000463 1.000000
0 1051 0.535417 0.389352 0.046875 0.204630 -0.000521 -0.000463 1.000000
0 1052 0.534375 0.389352 0.043750 0.202778 -0.001042 0.000000 1.000000
0 1053 0.535156 0.389352 0.040104 0.200926 0.000781 0.000000 1.000000
0 1054 0.531250 0.389352 0.038542 0.199074 -0.003906 0.000000 1.000000
0 1055 0.527344 0.389815 0.036979 0.200000 -0.003906 0.000463 1.000000
0 1056 0.530469 0.389815 0.052604 0.198148 0.003125 0.000000 1.000000
0 1057 0.529948 0.389815 0.072396 0.196296 -0.000521 0.000000 1.000000
0 1058 0.528906 0.391667 0.084896 0.198148 -0.001042 0.001852 1.000000
0 1059 0.526823 0.390278 0.092188 0.200926 -0.002083 -0.001389 1.000000
0 1060 0.524479 0.390741 0.094792 0.205556 -0.002344 0.000463 1.000000
0 1061 0.523177 0.390741 0.088021 0.205556 -0.001302 0.000000 1.000000
0 1062 0.523438 0.392130 0.079167 0.204630 0.000260 0.001389 1.000000
0 1063 0.522917 0.393519 0.069792 0.203704 -0.000521 0.001389 1.000000
0 1064 0.522396 0.394907 0.054167 0.202778 -0.000521 0.001389 1.000000
0 1065 0.521875 0.395370 0.038542 0.203704 -0.000521 0.000463 1.000000
0 1066 0.523438 0.393519 0.038542 0.203704 0.001563 -0.001852 1.000000
0 1067 0.520312 0.393056 0.046875 0.204630 -0.003125 -0.000463 1.000000
0 1068 0.516667 0.392130 0.059375 0.206481 -0.003646 -0.000926 1.000000
0 1069 0.519010 0.390278 0.073438 0.210185 0.002344 -0.001852 1.000000
0 1070 0.518490 0.388426 0.097396 0.213889 -0.000521 -0.001852 1.000000
0 1071 0.516667 0.387500 0.108333 0.213889 -0.001823 -0.000926 1.000000
0 1072 0.515625 0.385648 0.112500 0.210185 -0.001042 -0.001852 1.000000
0 1073 0.515104 0.385648 0.112500 0.206481 -0.000521 0.000000 1.000000
0 1074 0.512500 0.387963 0.106250 0.205556 -0.002604 0.002315 1.000000
0 1075 0.501563 0.388426 0.070833 0.202778 -0.010937 0.000463 1.000000
0 1076 0.501823 0.388426 0.067187 0.197222 0.000260 0.000000 1.000000
0 1077 0.497917 0.391204 0.061458 0.195370 -0.003906 0.002778 1.000000
0 1078 0.494271 0.393981 0.055208 0.193519 -0.003646 0.002778 1.000000
0 1079 0.491406 0.396759 0.049479 0.191667 -0.002865 0.002778 1.000000
0 1080 0.488021 0.399537 0.047917 0.189815 -0.003385 0.002778 1.000000
0 1081 0.483333 0.401389 0.045833 0.191667 -0.004687 0.001852 1.000000
0 1082 0.481771 0.403704 0.063542 0.194444 -0.001563 0.002315 1.000000
0 1083 0.477083 0.405556 0.065625 0.196296 -0.004687 0.001852 1.000000
0 1084 0.470833 0.406944 0.055208 0.195370 -0.006250 0.001389 1.000000
0 1085 0.466406 0.407870 0.046354 0.193519 -0.004427 0.000926 1.000000
0 1086 0.453125 0.406019 0.085417 0.193519 -0.013281 -0.001852 1.000000
0 1087 0.446615 0.402778 0.101562 0.200000 -0.006510 -0.003241 1.000000
0 1088 0.443750 0.400463 0.109375 0.206481 -0.002865 -0.002315 1.000000
0 1089 0.443750 0.394444 0.116667 0.218519 0.000000 -0.006019 1.000000
0 1090 0.444792 0.393056 0.121875 0.223148 0.001042 -0.001389 1.000000
0 1091 0.445312 0.376389 0.110417 0.237963 0.000521 -0.016667 1.000000
0 1092 0.446094 0.359722 0.103646 0.228704 0.000781 -0.016667 1.000000
0 1093 0.444271 0.353704 0.096875 0.229630 -0.001823 -0.006019 1.000000
0 1094 0.439063 0.359259 0.100000 0.231481 -0.005208 0.005556 1.000000
0 1095 0.433854 0.366667 0.111458 0.238889 -0.005208 0.007407 1.000000
0 1096 0.426302 0.396759 0.127604 0.234259 -0.007552 0.030093 1.000000
0 1097 0.421615 0.405093 0.127604 0.230556 -0.004687 0.008333 1.000000
0 1098 0.418750 0.408796 0.116667 0.234259 -0.002865 0.003704 1.000000
0 1099 0.414583 0.414352 0.094792 0.226852 -0.004167 0.005556 1.000000
0 1100 0.413542 0.419444 0.072917 0.218519 -0.001042 0.005093 1.000000
0 1101 0.410677 0.414352 0.074479 0.200926 -0.002865 -0.005093 1.000000
0 1102 0.411719 0.412500 0.082812 0.202778 0.001042 -0.001852 1.000000
0 1103 0.415885 0.413889 0.084896 0.201852 0.004167 0.001389 1.000000
0 1104 0.422135 0.415278 0.081771 0.200926 0.006250 0.001389 1.000000
0 1105 0.426042 0.411574 0.075000 0.206481 0.003906 -0.003704 1.000000
0 1106 0.418490 0.412963 0.068229 0.207407 -0.007552 0.001389 1.000000
0 1107 0.410156 0.412500 0.055729 0.204630 -0.008333 -0.000463 1.000000
0 1108 0.403906 0.411574 0.057813 0.200926 -0.006250 -0.000926 1.000000
0 1109 0.399219 0.411111 0.064062 0.198148 -0.004687 -0.000463 1.000000
0 1110 0.395052 0.409722 0.064062 0.189815 -0.004167 -0.001389 1.000000
0 1111 0.388542 0.412963 0.056250 0.181481 -0.006510 0.003241 1.000000
0 1112 0.387240 0.407407 0.050521 0.168519 -0.001302 -0.005556 1.000000
0 1113 0.385677 0.407407 0.050521 0.166667 -0.001563 0.000000 1.000000
0 1114 0.385417 0.405556 0.051042 0.168519 -0.000260 -0.001852 1.000000
0 1115 0.385937 0.405093 0.050000 0.171296 0.000521 -0.000463 1.000000
0 1116 0.385417 0.413426 0.047917 0.193519 -0.000521 0.008333 1.000000
0 1117 0.384896 0.414815 0.045833 0.198148 -0.000521 0.001389 1.000000
0 1118 0.385677 0.413889 0.045312 0.198148 0.000781 -0.000926 1.000000
0 1119 0.385677 0.412963 0.045312 0.198148 0.000000 -0.000926 1.000000
0 1120 0.385677 0.416204 0.045312 0.199074 0.000000 0.003241 1.000000
0 1121 0.385417 0.413426 0.044792 0.200926 -0.000260 -0.002778 1.000000
0 1122 0.385937 0.413426 0.044792 0.199074 0.000521 0.000000 1.000000
0 1123 0.384375 0.413426 0.044792 0.197222 -0.001563 0.000000 1.000000
0 1124 0.383333 0.413426 0.044792 0.197222 -0.001042 0.000000 1.000000
0 1125 0.382552 0.414815 0.043229 0.198148 -0.000781 0.001389 1.000000
0 1126 0.383594 0.414815 0.045312 0.198148 0.001042 0.000000 1.000000
0 1127 0.383854 0.415741 0.045833 0.198148 0.000260 0.000926 1.000000
0 1128 0.383854 0.415741 0.045833 0.198148 0.000000 0.000000 1.000000
0 1129 0.383854 0.416204 0.045833 0.197222 0.000000 0.000463 1.000000
0 1130 0.383594 0.415741 0.045312 0.196296 -0.000260 -0.000463 1.000000
0 1131 0.383333 0.416204 0.044792 0.195370 -0.000260 0.000463 1.000000
0 1132 0.383594 0.413889 0.044271 0.196296 0.000260 -0.002315 1.000000
0 1133 0.383333 0.412963 0.043750 0.198148 -0.000260 -0.000926 1.000000
0 1134 0.383073 0.412963 0.043229 0.198148 -0.000260 0.000000 1.000000
0 1135 0.383333 0.414352 0.042708 0.197222 0.000260 0.001389 1.000000
0 1136 0.383073 0.412500 0.042188 0.200926 -0.000260 -0.001852 1.000000
0 1137 0.382812 0.412500 0.041667 0.202778 -0.000260 0.000000 1.000000
0 1138 0.384115 0.412963 0.043229 0.201852 0.001302 0.000463 1.000000
0 1139 0.382812 0.413426 0.043750 0.200926 -0.001302 0.000463 1.000000
0 1140 0.383073 0.412500 0.043229 0.200926 0.000260 -0.000926 1.000000
0 1141 0.383333 0.412963 0.042708 0.200000 0.000260 0.000463 1.000000
0 1142 0.383073 0.412963 0.042188 0.198148 -0.000260 0.000000 1.000000
0 1143 0.383333 0.412500 0.041667 0.197222 0.000260 -0.000463 1.000000
0 1144 0.383594 0.414352 0.041146 0.197222 0.000260 0.001852 1.000000
0 1145 0.384115 0.412037 0.042188 0.201852 0.000521 -0.002315 1.000000
0 1146 0.384635 0.413426 0.044271 0.202778 0.000521 0.001389 1.000000
0 1147 0.387240 0.416204 0.050521 0.197222 0.002604 0.002778 1.000000
0 1148 0.390625 0.416204 0.055208 0.197222 0.003385 0.000000 1.000000
0 1149 0.392708 0.416204 0.055208 0.197222 0.002083 0.000000 1.000000
0 1150 0.394792 0.416204 0.045833 0.197222 0.002083 0.000000 1.000000
0 1151 0.395833 0.413426 0.035417 0.200926 0.001042 -0.002778 1.000000
0 1152 0.396354 0.411574 0.041667 0.200926 0.000521 -0.001852 1.000000
0 1153 0.399740 0.411574 0.054688 0.204630 0.003385 0.000000 1.000000
0 1154 0.401823 0.407870 0.065104 0.206481 0.002083 -0.003704 1.000000
0 1155 0.410156 0.406019 0.064062 0.210185 0.008333 -0.001852 1.000000
0 1156 0.415365 0.384259 0.056771 0.251852 0.005208 -0.021759 1.000000
0 1157 0.414323 0.375926 0.053646 0.261111 -0.001042 -0.008333 1.000000
0 1158 0.415625 0.375000 0.039583 0.262963 0.001302 -0.000926 1.000000
0 1159 0.421875 0.375000 0.039583 0.261111 0.006250 0.000000 1.000000
0 1160 0.423698 0.375000 0.049479 0.259259 0.001823 0.000000 1.000000
0 1161 0.429427 0.381944 0.066146 0.245370 0.005729 0.006944 1.000000
0 1162 0.431250 0.387037 0.080208 0.233333 0.001823 0.005093 1.000000
0 1163 0.432292 0.394907 0.087500 0.219444 0.001042 0.007870 1.000000
0 1164 0.434896 0.398611 0.098958 0.213889 0.002604 0.003704 1.000000
0 1165 0.436198 0.399537 0.106771 0.213889 0.001302 0.000926 1.000000
0 1166 0.436198 0.401389 0.099479 0.210185 0.000000 0.001852 1.000000
0 1167 0.439323 0.403241 0.084896 0.208333 0.003125 0.001852 1.000000
0 1168 0.446354 0.404167 0.063542 0.210185 0.007031 0.000926 1.000000
0 1169 0.452865 0.406019 0.048438 0.208333 0.006510 0.001852 1.000000
0 1170 0.458333 0.407870 0.035417 0.206481 0.005469 0.001852 1.000000
0 1171 0.475000 0.406944 0.056250 0.206481 0.016667 -0.000926 1.000000
0 1172 0.478906 0.406481 0.058854 0.203704 0.003906 -0.000463 1.000000
0 1173 0.480990 0.407870 0.058854 0.202778 0.002083 0.001389 1.000000
0 1174 0.481771 0.407870 0.056250 0.206481 0.000781 0.000000 1.000000
0 1175 0.478125 0.403241 0.056250 0.208333 -0.003646 -0.004630 1.000000
0 1176 0.474479 0.399074 0.055208 0.207407 -0.003646 -0.004167 1.000000
0 1177 0.472135 0.395833 0.057813 0.208333 -0.002344 -0.003241 1.000000
0 1178 0.459635 0.393981 0.082812 0.210185 -0.012500 -0.001852 1.000000
0 1179 0.459635 0.393519 0.081771 0.212963 0.000000 -0.000463 1.000000
0 1180 0.461719 0.386111 0.076563 0.227778 0.002083 -0.007407 1.000000
0 1181 0.474219 0.375000 0.051562 0.250000 0.012500 -0.011111 1.000000
0 1182 0.480208 0.371296 0.038542 0.251852 0.005990 -0.003704 1.000000
0 1183 0.479687 0.368519 0.038542 0.251852 -0.000521 -0.002778 1.000000
0 1184 0.480208 0.368056 0.047917 0.249074 0.000521 -0.000463 1.000000
0 1185 0.482812 0.368056 0.062500 0.245370 0.002604 0.000000 1.000000
0 1186 0.489063 0.370833 0.086458 0.241667 0.006250 0.002778 1.000000
0 1187 0.491146 0.375000 0.103125 0.238889 0.002083 0.004167 1.000000
0 1188 0.493490 0.380093 0.110937 0.234259 0.002344 0.005093 1.000000
0 1189 0.493490 0.383333 0.114062 0.225926 0.000000 0.003241 1.000000
0 1190 0.494010 0.385648 0.114062 0.221296 0.000521 0.002315 1.000000
0 1191 0.493229 0.387500 0.093750 0.215741 -0.000781 0.001852 1.000000
0 1192 0.495573 0.388889 0.079687 0.211111 0.002344 0.001389 1.000000
0 1193 0.501042 0.388426 0.062500 0.204630 0.005469 -0.000463 1.000000
0 1194 0.503385 0.388889 0.055729 0.198148 0.002344 0.000463 1.000000
0 1195 0.504167 0.388889 0.057292 0.190741 0.000781 0.000000 1.000000
0 1196 0.507031 0.390741 0.059896 0.187037 0.002865 0.001852 1.000000
0 1197 0.513802 0.388426 0.067187 0.186111 0.006771 -0.002315 1.000000
0 1198 0.521615 0.387037 0.069271 0.179630 0.007812 -0.001389 1.000000
0 1199 0.524479 0.386111 0.062500 0.174074 0.002865 -0.000926 1.000000
0 1200 0.528125 0.387037 0.056250 0.175926 0.003646 0.000926 1.000000
0 1201 0.529687 0.385185 0.046875 0.177778 0.001563 -0.001852 1.000000
