0 1 0.379427 0.606944 0.093229 0.306481 0.000000 0.000000 1.000000
0 2 0.382292 0.608796 0.089583 0.304630 0.002865 0.001852 1.000000
0 3 0.385156 0.609722 0.083854 0.302778 0.002865 0.000926 1.000000
0 4 0.390625 0.615278 0.093750 0.295370 0.005469 0.005556 1.000000
0 5 0.396354 0.624074 0.110417 0.279630 0.005729 0.008796 1.000000
0 6 0.395313 0.635648 0.107292 0.258333 -0.001042 0.011574 1.000000
0 7 0.389062 0.646759 0.095833 0.236111 -0.006250 0.011111 1.000000
0 8 0.389323 0.657407 0.096354 0.211111 0.000260 0.010648 1.000000
0 9 0.388802 0.675463 0.096354 0.178704 -0.000521 0.018056 1.000000
0 10 0.388802 0.677778 0.096354 0.172222 0.000000 0.002315 1.000000
0 11 0.389062 0.676852 0.096875 0.174074 0.000260 -0.000926 1.000000
0 12 0.378646 0.675463 0.116667 0.176852 -0.010417 -0.001389 1.000000
0 13 0.376302 0.673148 0.108854 0.181481 -0.002344 -0.002315 1.000000
0 14 0.377865 0.670370 0.084896 0.185185 0.001563 -0.002778 1.000000
0 15 0.370833 0.667130 0.069792 0.191667 -0.007031 -0.003241 1.000000
0 16 0.361198 0.662037 0.052604 0.205556 -0.009635 -0.005093 1.000000
0 17 0.358073 0.657870 0.047396 0.213889 -0.003125 -0.004167 1.000000
0 18 0.368490 0.653704 0.070312 0.225926 0.010417 -0.004167 1.000000
0 19 0.373958 0.649537 0.087500 0.232407 0.005469 -0.004167 1.000000
0 20 0.375000 0.645833 0.094792 0.241667 0.001042 -0.003704 1.000000
0 21 0.370052 0.641667 0.088021 0.250000 -0.004948 -0.004167 1.000000
0 22 0.357552 0.637963 0.070312 0.259259 -0.012500 -0.003704 1.000000
0 23 0.354167 0.637037 0.063542 0.262963 -0.003385 -0.000926 1.000000
0 24 0.354427 0.634722 0.064062 0.265741 0.000260 -0.002315 1.000000
0 25 0.359115 0.632407 0.072396 0.272222 0.004687 -0.002315 1.000000
0 26 0.358854 0.629630 0.072917 0.277778 -0.000260 -0.002778 1.000000
0 27 0.358333 0.628704 0.070833 0.290741 -0.000521 -0.000926 1.000000
0 28 0.360677 0.630093 0.073438 0.291667 0.002344 0.001389 1.000000
0 29 0.361719 0.631019 0.072396 0.289815 0.001042 0.000926 1.000000
0 30 0.360417 0.631481 0.068750 0.290741 -0.001302 0.000463 1.000000
0 31 0.359635 0.630556 0.068229 0.290741 -0.000781 -0.000926 1.000000
0 32 0.359375 0.630556 0.068750 0.290741 -0.000260 0.000000 1.000000
0 33 0.359635 0.630556 0.069271 0.288889 0.000260 0.000000 1.000000
0 34 0.359635 0.631481 0.069271 0.287037 0.000000 0.000926 1.000000
0 35 0.359896 0.630093 0.070833 0.282407 0.000260 -0.001389 1.000000
0 36 0.361458 0.629630 0.073958 0.279630 0.001563 -0.000463 1.000000
0 37 0.364583 0.630556 0.080208 0.283333 0.003125 0.000926 1.000000
0 38 0.364844 0.630556 0.079687 0.287037 0.000260 0.000000 1.000000
0 39 0.364583 0.630556 0.079167 0.290741 -0.000260 0.000000 1.000000
0 40 0.364323 0.631481 0.078646 0.292593 -0.000260 0.000926 1.000000
0 41 0.365885 0.631481 0.076563 0.292593 0.001563 0.000000 1.000000
0 42 0.366667 0.632407 0.075000 0.290741 0.000781 0.000926 1.000000
0 43 0.367448 0.632870 0.076563 0.289815 0.000781 0.000463 1.000000
0 44 0.366927 0.631944 0.075521 0.289815 -0.000521 -0.000926 1.000000
0 45 0.366667 0.633333 0.075000 0.287037 -0.000260 0.001389 1.000000
0 46 0.366667 0.634259 0.075000 0.285185 0.000000 0.000926 1.000000
0 47 0.366146 0.634722 0.073958 0.284259 -0.000521 0.000463 1.000000
0 48 0.366146 0.632407 0.073958 0.287037 0.000000 -0.002315 1.000000
0 49 0.366667 0.632407 0.073958 0.287037 0.000521 0.000000 1.000000
0 50 0.366146 0.631481 0.073958 0.287037 -0.000521 -0.000926 1.000000
0 51 0.370052 0.631019 0.081771 0.289815 0.003906 -0.000463 1.000000
0 52 0.368229 0.630556 0.078125 0.290741 -0.001823 -0.000463 1.000000
0 53 0.369792 0.630556 0.081250 0.288889 0.001563 0.000000 1.000000
0 54 0.369792 0.630556 0.082292 0.288889 0.000000 0.000000 1.000000
0 55 0.368750 0.630556 0.084375 0.287037 -0.001042 0.000000 1.000000
0 56 0.367969 0.631019 0.086979 0.286111 -0.000781 0.000463 1.000000
0 57 0.367969 0.631019 0.086979 0.286111 0.000000 0.000000 1.000000
0 58 0.366927 0.631019 0.089063 0.286111 -0.001042 0.000000 1.000000
0 59 0.366927 0.630556 0.089063 0.287037 0.000000 -0.000463 1.000000
0 60 0.367188 0.628704 0.088542 0.288889 0.000260 -0.001852 1.000000
0 61 0.365885 0.631019 0.091146 0.286111 -0.001302 0.002315 1.000000
0 62 0.366146 0.632407 0.091667 0.283333 0.000260 0.001389 1.000000
0 63 0.365625 0.636111 0.091667 0.275926 -0.000521 0.003704 1.000000
0 64 0.365885 0.634722 0.092188 0.278704 0.000260 -0.001389 1.000000
0 65 0.365365 0.633333 0.092188 0.281481 -0.000521 -0.001389 1.000000
0 66 0.365365 0.633333 0.092188 0.281481 0.000000 0.000000 1.000000
0 67 0.365365 0.632870 0.092188 0.280556 0.000000 -0.000463 1.000000
0 68 0.365625 0.633333 0.092708 0.281481 0.000260 0.000463 1.000000
0 69 0.365625 0.632870 0.092708 0.282407 0.000000 -0.000463 1.000000
0 70 0.365365 0.632870 0.093229 0.282407 -0.000260 0.000000 1.000000
0 71 0.364583 0.632870 0.093750 0.282407 -0.000781 0.000000 1.000000
0 72 0.364583 0.633796 0.093750 0.280556 0.000000 0.000926 1.000000
0 73 0.364583 0.634722 0.094792 0.278704 0.000000 0.000926 1.000000
0 74 0.364844 0.634722 0.094271 0.278704 0.000260 0.000000 1.000000
0 75 0.364844 0.632870 0.094271 0.282407 0.000000 -0.001852 1.000000
0 76 0.365365 0.632407 0.094271 0.283333 0.000521 -0.000463 1.000000
0 77 0.364844 0.632870 0.095312 0.284259 -0.000521 0.000463 1.000000
0 78 0.364583 0.631944 0.094792 0.284259 -0.000260 -0.000926 1.000000
0 79 0.365104 0.632407 0.094792 0.285185 0.000521 0.000463 1.000000
0 80 0.365365 0.631019 0.094271 0.286111 0.000260 -0.001389 1.000000
0 81 0.365104 0.630556 0.092708 0.287037 -0.000260 -0.000463 1.000000
0 82 0.365365 0.631019 0.093229 0.286111 0.000260 0.000463 1.000000
0 83 0.365625 0.632870 0.092708 0.284259 0.000260 0.001852 1.000000
0 84 0.365365 0.633333 0.093229 0.283333 -0.000260 0.000463 1.000000
0 85 0.365365 0.632407 0.093229 0.285185 0.000000 -0.000926 1.000000
0 86 0.365365 0.629630 0.093229 0.288889 0.000000 -0.002778 1.000000
0 87 0.365885 0.629167 0.093229 0.289815 0.000521 -0.000463 1.000000
0 88 0.365365 0.628704 0.093229 0.290741 -0.000521 -0.000463 1.000000
0 89 0.365365 0.629167 0.093229 0.291667 0.000000 0.000463 1.000000
0 90 0.365885 0.631481 0.093229 0.287037 0.000521 0.002315 1.000000
0 91 0.366406 0.631481 0.092188 0.285185 0.000521 0.000000 1.000000
0 92 0.367708 0.628241 0.089583 0.291667 0.001302 -0.003241 1.000000
0 93 0.368229 0.631481 0.088542 0.287037 0.000521 0.003241 1.000000
0 94 0.366927 0.630093 0.090104 0.289815 -0.001302 -0.001389 1.000000
0 95 0.365625 0.626852 0.090625 0.294444 -0.001302 -0.003241 1.000000
0 96 0.367448 0.618981 0.094271 0.306481 0.001823 -0.007870 1.000000
0 97 0.368490 0.615741 0.095312 0.312963 0.001042 -0.003241 1.000000
0 98 0.367448 0.616667 0.093229 0.311111 -0.001042 0.000926 1.000000
0 99 0.364844 0.616667 0.086979 0.311111 -0.002604 0.000000 1.000000
0 100 0.363281 0.615278 0.079687 0.315741 -0.001563 -0.001389 1.000000
0 101 0.363021 0.621296 0.079167 0.305556 -0.000260 0.006019 1.000000
0 102 0.363021 0.634259 0.079167 0.277778 0.000000 0.012963 1.000000
0 103 0.363281 0.637963 0.079687 0.270370 0.000260 0.003704 1.000000
0 104 0.363281 0.642593 0.079687 0.261111 0.000000 0.004630 1.000000
0 105 0.363281 0.646296 0.079687 0.253704 0.000000 0.003704 1.000000
0 106 0.362500 0.649537 0.081250 0.247222 -0.000781 0.003241 1.000000
0 107 0.357812 0.650926 0.090625 0.244444 -0.004687 0.001389 1.000000
0 108 0.355729 0.650463 0.094792 0.249074 -0.002083 -0.000463 1.000000
0 109 0.355990 0.649537 0.094271 0.249074 0.000260 -0.000926 1.000000
0 110 0.357031 0.649537 0.092188 0.249074 0.001042 0.000000 1.000000
0 111 0.359635 0.649537 0.088021 0.249074 0.002604 0.000000 1.000000
0 112 0.361979 0.649537 0.083333 0.247222 0.002344 0.000000 1.000000
0 113 0.362500 0.650000 0.081250 0.244444 0.000521 0.000463 1.000000
0 114 0.362760 0.650000 0.081771 0.244444 0.000260 0.000000 1.000000
0 115 0.363542 0.648611 0.083333 0.247222 0.000781 -0.001389 1.000000
0 116 0.366406 0.645370 0.088021 0.253704 0.002865 -0.003241 1.000000
0 117 0.367969 0.644907 0.091146 0.252778 0.001563 -0.000463 1.000000
0 118 0.367448 0.644907 0.090104 0.252778 -0.000521 0.000000 1.000000
0 119 0.366146 0.644907 0.087500 0.252778 -0.001302 0.000000 1.000000
0 120 0.363542 0.644907 0.083333 0.252778 -0.002604 0.000000 1.000000
0 121 0.363021 0.645370 0.082292 0.251852 -0.000521 0.000463 1.000000
0 122 0.363021 0.647685 0.082292 0.249074 0.000000 0.002315 1.000000
0 123 0.363021 0.650463 0.082292 0.243519 0.000000 0.002778 1.000000
0 124 0.363542 0.650000 0.084375 0.244444 0.000521 -0.000463 1.000000
0 125 0.362500 0.649537 0.084375 0.243519 -0.001042 -0.000463 1.000000
0 126 0.361458 0.647685 0.086458 0.250926 -0.001042 -0.001852 1.000000
0 127 0.359635 0.646296 0.091146 0.253704 -0.001823 -0.001389 1.000000
0 128 0.357812 0.645833 0.095833 0.254630 -0.001823 -0.000463 1.000000
0 129 0.358594 0.643519 0.096354 0.257407 0.000781 -0.002315 1.000000
0 130 0.360156 0.642593 0.094271 0.261111 0.001563 -0.000926 1.000000
0 131 0.361458 0.640741 0.091667 0.264815 0.001302 -0.001852 1.000000
0 132 0.361979 0.638426 0.090625 0.269444 0.000521 -0.002315 1.000000
0 133 0.361979 0.635185 0.091667 0.275926 0.000000 -0.003241 1.000000
0 134 0.361198 0.631944 0.089063 0.282407 -0.000781 -0.003241 1.000000
0 135 0.350781 0.627778 0.079687 0.290741 -0.010417 -0.004167 1.000000
0 136 0.338542 0.622222 0.064583 0.300000 -0.012240 -0.005556 1.000000
0 137 0.329427 0.615278 0.046354 0.315741 -0.009115 -0.006944 1.000000
0 138 0.328385 0.604630 0.043229 0.342593 -0.001042 -0.010648 1.000000
0 139 0.320573 0.598148 0.051562 0.361111 -0.007812 -0.006481 1.000000
0 140 0.314063 0.596759 0.044792 0.363889 -0.006510 -0.001389 1.000000
0 141 0.316927 0.600463 0.052604 0.358333 0.002865 0.003704 1.000000
0 142 0.315365 0.601852 0.051562 0.353704 -0.001563 0.001389 1.000000
0 143 0.314063 0.606019 0.051042 0.347222 -0.001302 0.004167 1.000000
0 144 0.312760 0.612963 0.050521 0.333333 -0.001302 0.006944 1.000000
0 145 0.313802 0.622685 0.053646 0.312037 0.001042 0.009722 1.000000
0 146 0.311719 0.624074 0.063021 0.309259 -0.002083 0.001389 1.000000
0 147 0.309635 0.623611 0.066146 0.310185 -0.002083 -0.000463 1.000000
0 148 0.308854 0.624537 0.068750 0.308333 -0.000781 0.000926 1.000000
0 149 0.302865 0.625463 0.060937 0.306481 -0.005990 0.000926 1.000000
0 150 0.302344 0.629167 0.061979 0.299074 -0.000521 0.003704 1.000000
0 151 0.301563 0.632870 0.054167 0.289815 -0.000781 0.003704 1.000000
0 152 0.303646 0.637037 0.048958 0.283333 0.002083 0.004167 1.000000
0 153 0.300260 0.641204 0.054688 0.275000 -0.003385 0.004167 1.000000
0 154 0.301042 0.645370 0.051042 0.268519 0.000781 0.004167 1.000000
0 155 0.301042 0.645370 0.050000 0.266667 0.000000 0.000000 1.000000
0 156 0.300260 0.646759 0.049479 0.263889 -0.000781 0.001389 1.000000
0 157 0.299479 0.647222 0.050000 0.264815 -0.000781 0.000463 1.000000
0 158 0.299219 0.646759 0.048438 0.265741 -0.000260 -0.000463 1.000000
0 159 0.299219 0.645370 0.046354 0.266667 0.000000 -0.001389 1.000000
0 160 0.298438 0.644907 0.044792 0.267593 -0.000781 -0.000463 1.000000
0 161 0.298438 0.644907 0.044792 0.269444 0.000000 0.000000 1.000000
0 162 0.298958 0.643981 0.045833 0.269444 0.000521 -0.000926 1.000000
0 163 0.299479 0.643519 0.046875 0.270370 0.000521 -0.000463 1.000000
0 164 0.299219 0.642593 0.048438 0.272222 -0.000260 -0.000926 1.000000
0 165 0.299740 0.640278 0.049479 0.276852 0.000521 -0.002315 1.000000
0 166 0.299740 0.638889 0.050521 0.279630 0.000000 -0.001389 1.000000
0 167 0.301302 0.637963 0.048438 0.281481 0.001563 -0.000926 1.000000
0 168 0.301563 0.636574 0.047917 0.284259 0.000260 -0.001389 1.000000
0 169 0.301563 0.635185 0.046875 0.287037 0.000000 -0.001389 1.000000
0 170 0.302083 0.633796 0.045833 0.289815 0.000521 -0.001389 1.000000
0 171 0.302344 0.632407 0.044271 0.292593 0.000260 -0.001389 1.000000
0 172 0.302865 0.629630 0.044271 0.298148 0.000521 -0.002778 1.000000
0 173 0.303385 0.629167 0.046354 0.297222 0.000521 -0.000463 1.000000
0 174 0.304167 0.627778 0.047917 0.300000 0.000781 -0.001389 1.000000
0 175 0.304167 0.627315 0.048958 0.302778 0.000000 -0.000463 1.000000
0 176 0.305469 0.626852 0.053646 0.303704 0.001302 -0.000463 1.000000
0 177 0.307552 0.626389 0.060937 0.302778 0.002083 -0.000463 1.000000
0 178 0.308073 0.625926 0.063021 0.303704 0.000521 -0.000463 1.000000
0 179 0.305990 0.625926 0.057813 0.303704 -0.002083 0.000000 1.000000
0 180 0.305208 0.626389 0.050000 0.304630 -0.000781 0.000463 1.000000
0 181 0.304167 0.625926 0.040625 0.303704 -0.001042 -0.000463 1.000000
0 182 0.303646 0.628241 0.042708 0.300926 -0.000521 0.002315 1.000000
0 183 0.303125 0.630556 0.051042 0.296296 -0.000521 0.002315 1.000000
0 184 0.300000 0.632870 0.069792 0.291667 -0.003125 0.002315 1.000000
0 185 0.305208 0.635648 0.077083 0.286111 0.005208 0.002778 1.000000
0 186 0.307292 0.639815 0.073958 0.279630 0.002083 0.004167 1.000000
0 187 0.308594 0.641667 0.071354 0.274074 0.001302 0.001852 1.000000
0 188 0.309375 0.643056 0.070833 0.271296 0.000781 0.001389 1.000000
0 189 0.309115 0.642593 0.071354 0.272222 -0.000260 -0.000463 1.000000
0 190 0.309115 0.641667 0.072396 0.274074 0.000000 -0.000926 1.000000
0 191 0.309375 0.639815 0.072917 0.277778 0.000260 -0.001852 1.000000
0 192 0.309115 0.637500 0.073438 0.282407 -0.000260 -0.002315 1.000000
0 193 0.309375 0.635185 0.073958 0.287037 0.000260 -0.002315 1.000000
0 194 0.309896 0.633333 0.073958 0.290741 0.000521 -0.001852 1.000000
0 195 0.309375 0.631019 0.071875 0.295370 -0.000521 -0.002315 1.000000
0 196 0.307812 0.629630 0.071875 0.298148 -0.001563 -0.001389 1.000000
0 197 0.306250 0.628704 0.070833 0.300000 -0.001563 -0.000926 1.000000
0 198 0.304427 0.628704 0.066146 0.301852 -0.001823 0.000000 1.000000
0 199 0.303906 0.627315 0.064062 0.302778 -0.000521 -0.001389 1.000000
0 200 0.307552 0.626389 0.071354 0.304630 0.003646 -0.000926 1.000000
0 201 0.314063 0.625463 0.085417 0.306481 0.006510 -0.000926 1.000000
0 202 0.321875 0.626389 0.097917 0.306481 0.007812 0.000926 1.000000
0 203 0.326562 0.626852 0.104167 0.305556 0.004687 0.000463 1.000000
0 204 0.327865 0.625000 0.106771 0.303704 0.001302 -0.001852 1.000000
0 205 0.327344 0.622685 0.110937 0.306481 -0.000521 -0.002315 1.000000
0 206 0.317969 0.625000 0.126562 0.301852 -0.009375 0.002315 1.000000
0 207 0.313281 0.625463 0.131771 0.300926 -0.004687 0.000463 1.000000
0 208 0.313802 0.626389 0.126562 0.299074 0.000521 0.000926 1.000000
0 209 0.314844 0.626852 0.119271 0.300000 0.001042 0.000463 1.000000
0 210 0.313802 0.625926 0.107813 0.300000 -0.001042 -0.000926 1.000000
0 211 0.314844 0.626852 0.096354 0.300000 0.001042 0.000926 1.000000
0 212 0.312500 0.627778 0.078125 0.298148 -0.002344 0.000926 1.000000
0 213 0.315365 0.629167 0.073438 0.293519 0.002865 0.001389 1.000000
0 214 0.317969 0.630556 0.076563 0.290741 0.002604 0.001389 1.000000
0 215 0.321615 0.632870 0.082812 0.287963 0.003646 0.002315 1.000000
0 216 0.324740 0.631944 0.088021 0.287963 0.003125 -0.000926 1.000000
0 217 0.324740 0.631481 0.089063 0.288889 0.000000 -0.000463 1.000000
0 218 0.326302 0.631481 0.086979 0.287037 0.001563 0.000000 1.000000
0 219 0.333594 0.631481 0.075521 0.285185 0.007292 0.000000 1.000000
0 220 0.346875 0.629630 0.063542 0.279630 0.013281 -0.001852 1.000000
0 221 0.362760 0.628241 0.052604 0.275000 0.015885 -0.001389 1.000000
0 222 0.368490 0.625926 0.040104 0.272222 0.005729 -0.002315 1.000000
0 223 0.374479 0.628241 0.048958 0.276852 0.005990 0.002315 1.000000
0 224 0.380208 0.626389 0.053125 0.278704 0.005729 -0.001852 1.000000
0 226 0.393229 0.624074 0.041667 0.283333 0.006510 -0.001157 1.000000
0 227 0.401562 0.624537 0.043750 0.282407 0.008333 0.000463 1.000000
0 228 0.407292 0.624537 0.052083 0.282407 0.005729 0.000000 1.000000
0 229 0.417708 0.624074 0.061458 0.283333 0.010417 -0.000463 1.000000
0 230 0.420052 0.623148 0.059896 0.285185 0.002344 -0.000926 1.000000
0 231 0.421875 0.621759 0.056250 0.286111 0.001823 -0.001389 1.000000
0 232 0.421094 0.618981 0.060937 0.284259 -0.000781 -0.002778 1.000000
0 233 0.422656 0.616667 0.065104 0.285185 0.001563 -0.002315 1.000000
0 234 0.432031 0.616204 0.064062 0.284259 0.009375 -0.000463 1.000000
0 235 0.435937 0.620833 0.056250 0.275000 0.003906 0.004630 1.000000
0 236 0.437500 0.622685 0.054167 0.271296 0.001563 0.001852 1.000000
0 237 0.438021 0.623148 0.050000 0.270370 0.000521 0.000463 1.000000
0 238 0.436719 0.623611 0.050521 0.269444 -0.001302 0.000463 1.000000
0 239 0.433333 0.623611 0.048958 0.267593 -0.003385 0.000000 1.000000
0 240 0.431250 0.624074 0.050000 0.268519 -0.002083 0.000463 1.000000
0 241 0.431771 0.627778 0.056250 0.274074 0.000521 0.003704 1.000000
0 242 0.432552 0.628704 0.060937 0.272222 0.000781 0.000926 1.000000
0 243 0.433073 0.629630 0.065104 0.270370 0.000521 0.000926 1.000000
0 244 0.431771 0.630093 0.064583 0.271296 -0.001302 0.000463 1.000000
0 245 0.429427 0.630093 0.061979 0.271296 -0.002344 0.000000 1.000000
0 246 0.427344 0.630093 0.059896 0.271296 -0.002083 0.000000 1.000000
0 247 0.427083 0.629630 0.058333 0.272222 -0.000260 -0.000463 1.000000
0 248 0.426563 0.630556 0.056250 0.272222 -0.000521 0.000926 1.000000
0 249 0.427604 0.631481 0.055208 0.270370 0.001042 0.000926 1.000000
0 250 0.428906 0.631019 0.055729 0.269444 0.001302 -0.000463 1.000000
0 251 0.429948 0.633796 0.052604 0.265741 0.001042 0.002778 1.000000
0 252 0.430208 0.634722 0.048958 0.262037 0.000260 0.000926 1.000000
0 253 0.431510 0.636574 0.047396 0.258333 0.001302 0.001852 1.000000
0 254 0.432031 0.636574 0.046354 0.258333 0.000521 0.000000 1.000000
0 255 0.432552 0.637500 0.046354 0.258333 0.000521 0.000926 1.000000
0 256 0.432552 0.636111 0.047396 0.259259 0.000000 -0.001389 1.000000
0 257 0.432812 0.635648 0.047917 0.260185 0.000260 -0.000463 1.000000
0 258 0.431771 0.635185 0.048958 0.261111 -0.001042 -0.000463 1.000000
0 259 0.431510 0.634259 0.051562 0.259259 -0.000260 -0.000926 1.000000
0 260 0.431250 0.632870 0.054167 0.260185 -0.000260 -0.001389 1.000000
0 261 0.430729 0.634259 0.058333 0.264815 -0.000521 0.001389 1.000000
0 262 0.430729 0.634722 0.062500 0.267593 0.000000 0.000463 1.000000
0 263 0.427865 0.633333 0.060937 0.268519 -0.002865 -0.001389 1.000000
0 264 0.426563 0.633796 0.060417 0.269444 -0.001302 0.000463 1.000000
0 265 0.426563 0.634259 0.061458 0.268519 0.000000 0.000463 1.000000
0 266 0.425781 0.633796 0.060937 0.269444 -0.000781 -0.000463 1.000000
0 267 0.425260 0.633333 0.061979 0.270370 -0.000521 -0.000463 1.000000
0 268 0.425260 0.633796 0.061979 0.269444 0.000000 0.000463 1.000000
0 269 0.423958 0.634259 0.059375 0.270370 -0.001302 0.000463 1.000000
0 270 0.422656 0.634722 0.056771 0.269444 -0.001302 0.000463 1.000000
0 271 0.422656 0.634722 0.054688 0.267593 0.000000 0.000000 1.000000
0 272 0.422656 0.636574 0.052604 0.263889 0.000000 0.001852 1.000000
0 273 0.422656 0.636574 0.052604 0.262037 0.000000 0.000000 1.000000
0 274 0.423958 0.638889 0.051042 0.259259 0.001302 0.002315 1.000000
0 275 0.424740 0.640278 0.049479 0.256481 0.000781 0.001389 1.000000
0 276 0.425521 0.641204 0.048958 0.254630 0.000781 0.000926 1.000000
0 277 0.425521 0.640741 0.048958 0.255556 0.000000 -0.000463 1.000000
0 278 0.425781 0.640741 0.050521 0.257407 0.000260 0.000000 1.000000
0 279 0.421875 0.638889 0.060417 0.257407 -0.003906 -0.001852 1.000000
0 280 0.415365 0.637037 0.074479 0.261111 -0.006510 -0.001852 1.000000
0 281 0.412760 0.634259 0.078646 0.266667 -0.002604 -0.002778 1.000000
0 282 0.408854 0.630556 0.086458 0.272222 -0.003906 -0.003704 1.000000
0 283 0.409896 0.625000 0.084375 0.283333 0.001042 -0.005556 1.000000
0 284 0.409635 0.621296 0.084896 0.290741 -0.000260 -0.003704 1.000000
0 285 0.414844 0.617593 0.074479 0.301852 0.005208 -0.003704 1.000000
0 286 0.418229 0.612037 0.067708 0.312963 0.003385 -0.005556 1.000000
0 287 0.419792 0.612500 0.063542 0.312037 0.001563 0.000463 1.000000
0 288 0.421875 0.612037 0.061458 0.312963 0.002083 -0.000463 1.000000
0 289 0.421875 0.611574 0.056250 0.313889 0.000000 -0.000463 1.000000
0 290 0.421615 0.611111 0.053646 0.314815 -0.000260 -0.000463 1.000000
0 291 0.422396 0.611574 0.053125 0.313889 0.000781 0.000463 1.000000
0 292 0.423177 0.607407 0.051562 0.322222 0.000781 -0.004167 1.000000
0 293 0.421094 0.608333 0.055729 0.322222 -0.002083 0.000926 1.000000
0 294 0.419792 0.608796 0.055208 0.321296 -0.001302 0.000463 1.000000
0 295 0.421875 0.607407 0.055208 0.322222 0.002083 -0.001389 1.000000
0 296 0.423177 0.612963 0.053646 0.312963 0.001302 0.005556 1.000000
0 297 0.423438 0.613426 0.054167 0.310185 0.000260 0.000463 1.000000
0 298 0.422917 0.614352 0.052083 0.308333 -0.000521 0.000926 1.000000
0 299 0.421354 0.614352 0.050000 0.308333 -0.001563 0.000000 1.000000
0 300 0.421094 0.613889 0.050521 0.309259 -0.000260 -0.000463 1.000000
0 301 0.421094 0.612037 0.050521 0.312963 0.000000 -0.001852 1.000000
0 302 0.420052 0.607407 0.051562 0.322222 -0.001042 -0.004630 1.000000
0 303 0.417969 0.606481 0.055729 0.324074 -0.002083 -0.000926 1.000000
0 304 0.417708 0.604167 0.057292 0.325000 -0.000260 -0.002315 1.000000
0 305 0.419010 0.600926 0.054688 0.329630 0.001302 -0.003241 1.000000
0 306 0.420573 0.602778 0.051562 0.329630 0.001563 0.001852 1.000000
0 307 0.422135 0.605556 0.049479 0.327778 0.001563 0.002778 1.000000
0 308 0.421615 0.606019 0.048438 0.326852 -0.000521 0.000463 1.000000
0 309 0.421354 0.605556 0.047917 0.325926 -0.000260 -0.000463 1.000000
0 310 0.422135 0.607407 0.047396 0.322222 0.000781 0.001852 1.000000
0 311 0.422135 0.612037 0.046354 0.314815 0.000000 0.004630 1.000000
0 312 0.422656 0.618519 0.045312 0.301852 0.000521 0.006481 1.000000
0 313 0.423438 0.621296 0.047917 0.294444 0.000781 0.002778 1.000000
0 314 0.426042 0.622222 0.043750 0.294444 0.002604 0.000926 1.000000
0 315 0.425260 0.619907 0.045312 0.297222 -0.000781 -0.002315 1.000000
0 316 0.427083 0.619444 0.037500 0.300000 0.001823 -0.000463 1.000000
0 317 0.425781 0.620833 0.032813 0.297222 -0.001302 0.001389 1.000000
0 318 0.429167 0.624074 0.042708 0.292593 0.003385 0.003241 1.000000
0 319 0.428646 0.630556 0.045833 0.277778 -0.000521 0.006481 1.000000
0 320 0.423958 0.628704 0.042708 0.277778 -0.004687 -0.001852 1.000000
0 321 0.418750 0.627315 0.053125 0.282407 -0.005208 -0.001389 1.000000
0 322 0.417708 0.623148 0.060417 0.283333 -0.001042 -0.004167 1.000000
0 323 0.419792 0.622685 0.057292 0.286111 0.002083 -0.000463 1.000000
0 324 0.423177 0.621759 0.048438 0.287963 0.003385 -0.000926 1.000000
0 325 0.425521 0.619444 0.043750 0.290741 0.002344 -0.002315 1.000000
0 326 0.425781 0.619907 0.043229 0.286111 0.000260 0.000463 1.000000
0 327 0.427344 0.621296 0.048438 0.283333 0.001563 0.001389 1.000000
0 328 0.429688 0.622685 0.046875 0.278704 0.002344 0.001389 1.000000
0 329 0.429427 0.621759 0.047396 0.280556 -0.000260 -0.000926 1.000000
0 330 0.429427 0.623611 0.050521 0.280556 0.000000 0.001852 1.000000
0 331 0.431250 0.622222 0.053125 0.281481 0.001823 -0.001389 1.000000
0 332 0.433073 0.622222 0.055729 0.283333 0.001823 0.000000 1.000000
0 333 0.434115 0.622222 0.056771 0.283333 0.001042 0.000000 1.000000
0 334 0.434635 0.623611 0.055729 0.282407 0.000521 0.001389 1.000000
0 335 0.434635 0.623611 0.054688 0.282407 0.000000 0.000000 1.000000
0 336 0.434375 0.625000 0.053125 0.279630 -0.000260 0.001389 1.000000
0 337 0.433333 0.627315 0.052083 0.276852 -0.001042 0.002315 1.000000
0 338 0.432812 0.628241 0.050000 0.273148 -0.000521 0.000926 1.000000
0 339 0.431250 0.630556 0.050000 0.268519 -0.001563 0.002315 1.000000
0 340 0.429427 0.632870 0.048438 0.263889 -0.001823 0.002315 1.000000
0 341 0.428385 0.633333 0.046354 0.261111 -0.001042 0.000463 1.000000
0 342 0.427083 0.633796 0.042708 0.260185 -0.001302 0.000463 1.000000
0 343 0.427083 0.634259 0.041667 0.259259 0.000000 0.000463 1.000000
0 344 0.426823 0.635648 0.041146 0.258333 -0.000260 0.001389 1.000000
0 345 0.427604 0.634722 0.041667 0.260185 0.000781 -0.000926 1.000000
0 346 0.429427 0.633796 0.045312 0.262037 0.001823 -0.000926 1.000000
0 347 0.429688 0.631481 0.045833 0.264815 0.000260 -0.002315 1.000000
0 348 0.430729 0.629630 0.047917 0.268519 0.001042 -0.001852 1.000000
0 349 0.431510 0.628241 0.049479 0.271296 0.000781 -0.001389 1.000000
0 350 0.433333 0.626389 0.051042 0.275000 0.001823 -0.001852 1.000000
0 351 0.434115 0.625926 0.053646 0.275926 0.000781 -0.000463 1.000000
0 352 0.434896 0.625926 0.054167 0.275926 0.000781 0.000000 1.000000
0 353 0.435417 0.626852 0.055208 0.275926 0.000521 0.000926 1.000000
0 354 0.435417 0.628241 0.055208 0.273148 0.000000 0.001389 1.000000
0 355 0.435156 0.629630 0.054688 0.270370 -0.000260 0.001389 1.000000
0 356 0.434896 0.630556 0.053125 0.268519 -0.000260 0.000926 1.000000
0 357 0.434375 0.631944 0.052083 0.265741 -0.000521 0.001389 1.000000
0 358 0.433854 0.632870 0.050000 0.265741 -0.000521 0.000926 1.000000
0 359 0.433854 0.632407 0.047917 0.266667 0.000000 -0.000463 1.000000
0 360 0.433594 0.630556 0.048438 0.264815 -0.000260 -0.001852 1.000000
0 361 0.433594 0.629630 0.048438 0.266667 0.000000 -0.000926 1.000000
0 362 0.434635 0.627315 0.049479 0.269444 0.001042 -0.002315 1.000000
0 363 0.434635 0.626389 0.049479 0.273148 0.000000 -0.000926 1.000000
0 364 0.434635 0.627315 0.049479 0.275000 0.000000 0.000926 1.000000
0 365 0.434635 0.626852 0.048438 0.274074 0.000000 -0.000463 1.000000
0 366 0.434635 0.627778 0.048438 0.274074 0.000000 0.000926 1.000000
0 367 0.434375 0.628241 0.050000 0.271296 -0.000260 0.000463 1.000000
0 368 0.434635 0.631019 0.050521 0.267593 0.000260 0.002778 1.000000
0 369 0.435417 0.631944 0.051042 0.265741 0.000781 0.000926 1.000000
0 370 0.435937 0.632870 0.052083 0.263889 0.000521 0.000926 1.000000
0 371 0.435156 0.632407 0.053646 0.264815 -0.000781 -0.000463 1.000000
0 372 0.435156 0.630556 0.052604 0.268519 0.000000 -0.001852 1.000000
0 373 0.434635 0.628704 0.051562 0.270370 -0.000521 -0.001852 1.000000
0 374 0.434375 0.626852 0.051042 0.272222 -0.000260 -0.001852 1.000000
0 375 0.433073 0.628241 0.051562 0.275000 -0.001302 0.001389 1.000000
0 376 0.431771 0.628704 0.053125 0.274074 -0.001302 0.000463 1.000000
0 377 0.432031 0.630093 0.053646 0.271296 0.000260 0.001389 1.000000
0 378 0.432292 0.631944 0.055208 0.269444 0.000260 0.001852 1.000000
0 379 0.434115 0.630556 0.057813 0.270370 0.001823 -0.001389 1.000000
0 380 0.431250 0.627778 0.050000 0.274074 -0.002865 -0.002778 1.000000
0 381 0.433333 0.624074 0.056250 0.270370 0.002083 -0.003704 1.000000
0 382 0.434375 0.623148 0.065625 0.268519 0.001042 -0.000926 1.000000
0 383 0.433594 0.622222 0.070312 0.266667 -0.000781 -0.000926 1.000000
0 384 0.433594 0.622222 0.072396 0.266667 0.000000 0.000000 1.000000
0 385 0.433594 0.620833 0.072396 0.269444 0.000000 -0.001389 1.000000
0 386 0.431771 0.620833 0.079167 0.271296 -0.001823 0.000000 1.000000
0 387 0.432552 0.620833 0.077604 0.267593 0.000781 0.000000 1.000000
0 388 0.435677 0.618981 0.067187 0.267593 0.003125 -0.001852 1.000000
0 389 0.435156 0.618981 0.066146 0.263889 -0.000521 0.000000 1.000000
0 390 0.434115 0.616667 0.059896 0.259259 -0.001042 -0.002315 1.000000
0 391 0.431250 0.614815 0.079167 0.257407 -0.002865 -0.001852 1.000000
0 392 0.431771 0.612963 0.076042 0.253704 0.000521 -0.001852 1.000000
0 393 0.436458 0.610648 0.051042 0.250926 0.004687 -0.002315 1.000000
0 394 0.436198 0.610648 0.040104 0.252778 -0.000260 0.000000 1.000000
0 395 0.435937 0.611111 0.039583 0.250000 -0.000260 0.000463 1.000000
0 396 0.434375 0.612963 0.042708 0.251852 -0.001563 0.001852 1.000000
0 397 0.432031 0.616204 0.048438 0.250926 -0.002344 0.003241 1.000000
0 398 0.434635 0.619907 0.047396 0.241667 0.002604 0.003704 1.000000
0 399 0.435677 0.626852 0.046354 0.227778 0.001042 0.006944 1.000000
0 400 0.435937 0.633796 0.045833 0.212037 0.000260 0.006944 1.000000
0 401 0.436198 0.637500 0.045312 0.206481 0.000260 0.003704 1.000000
0 402 0.436458 0.637500 0.044792 0.204630 0.000260 0.000000 1.000000
0 403 0.436198 0.638426 0.045312 0.204630 -0.000260 0.000926 1.000000
0 404 0.435937 0.636111 0.043750 0.207407 -0.000260 -0.002315 1.000000
0 405 0.435677 0.634259 0.043229 0.212963 -0.000260 -0.001852 1.000000
0 406 0.435417 0.633796 0.043750 0.213889 -0.000260 -0.000463 1.000000
0 407 0.434896 0.633333 0.042708 0.214815 -0.000521 -0.000463 1.000000
0 408 0.435156 0.633333 0.042188 0.214815 0.000260 0.000000 1.000000
0 409 0.435417 0.633333 0.042708 0.212963 0.000260 0.000000 1.000000
0 410 0.435417 0.634259 0.042708 0.212963 0.000000 0.000926 1.000000
0 411 0.436198 0.634259 0.043229 0.212963 0.000781 0.000000 1.000000
0 412 0.435937 0.633333 0.042708 0.216667 -0.000260 -0.000926 1.000000
0 413 0.434896 0.631944 0.042708 0.219444 -0.001042 -0.001389 1.000000
0 414 0.434115 0.628704 0.042188 0.224074 -0.000781 -0.003241 1.000000
0 415 0.433073 0.625926 0.042188 0.229630 -0.001042 -0.002778 1.000000
0 416 0.433854 0.623611 0.040625 0.232407 0.000781 -0.002315 1.000000
0 417 0.434635 0.622685 0.039062 0.236111 0.000781 -0.000926 1.000000
0 418 0.436719 0.622685 0.038021 0.234259 0.002083 0.000000 1.000000
0 419 0.436458 0.621759 0.045833 0.232407 -0.000260 -0.000926 1.000000
0 420 0.435677 0.623148 0.049479 0.233333 -0.000781 0.001389 1.000000
0 421 0.434635 0.625000 0.053646 0.229630 -0.001042 0.001852 1.000000
0 422 0.439844 0.629630 0.067187 0.220370 0.005208 0.004630 1.000000
0 423 0.442188 0.631019 0.073958 0.217593 0.002344 0.001389 1.000000
0 424 0.438542 0.634259 0.067708 0.209259 -0.003646 0.003241 1.000000
0 425 0.436719 0.636574 0.065104 0.204630 -0.001823 0.002315 1.000000
0 426 0.437760 0.634722 0.067187 0.208333 0.001042 -0.001852 1.000000
0 427 0.438281 0.632870 0.069271 0.213889 0.000521 -0.001852 1.000000
0 428 0.438802 0.626389 0.072396 0.225000 0.000521 -0.006481 1.000000
0 429 0.437500 0.626852 0.070833 0.224074 -0.001302 0.000463 1.000000
0 430 0.436458 0.627315 0.068750 0.223148 -0.001042 0.000463 1.000000
0 431 0.436979 0.627778 0.069792 0.222222 0.000521 0.000463 1.000000
0 432 0.437500 0.628704 0.070833 0.222222 0.000521 0.000926 1.000000
0 433 0.436719 0.631944 0.068229 0.215741 -0.000781 0.003241 1.000000
0 434 0.437240 0.633796 0.069271 0.210185 0.000521 0.001852 1.000000
0 435 0.437500 0.637037 0.070833 0.205556 0.000260 0.003241 1.000000
0 436 0.438281 0.636574 0.071354 0.206481 0.000781 -0.000463 1.000000
0 437 0.438281 0.633796 0.072396 0.210185 0.000000 -0.002778 1.000000
0 438 0.436719 0.633796 0.071354 0.212037 -0.001563 0.000000 1.000000
0 439 0.437240 0.631944 0.070312 0.215741 0.000521 -0.001852 1.000000
0 440 0.435156 0.632407 0.067187 0.214815 -0.002083 0.000463 1.000000
0 441 0.430729 0.632870 0.058333 0.212037 -0.004427 0.000463 1.000000
0 442 0.429427 0.633796 0.056771 0.212037 -0.001302 0.000926 1.000000
0 443 0.430729 0.635185 0.058333 0.209259 0.001302 0.001389 1.000000
0 444 0.430990 0.637037 0.058854 0.207407 0.000260 0.001852 1.000000
0 445 0.431510 0.637500 0.057813 0.206481 0.000521 0.000463 1.000000
0 446 0.431771 0.637963 0.058333 0.205556 0.000260 0.000463 1.000000
0 447 0.432031 0.638426 0.057813 0.204630 0.000260 0.000463 1.000000
0 448 0.430208 0.637963 0.061458 0.207407 -0.001823 -0.000463 1.000000
0 449 0.429427 0.634722 0.060937 0.210185 -0.000781 -0.003241 1.000000
0 450 0.428646 0.633333 0.060417 0.212963 -0.000781 -0.001389 1.000000
0 451 0.426823 0.632870 0.064062 0.212037 -0.001823 -0.000463 1.000000
0 452 0.426302 0.631944 0.064062 0.213889 -0.000521 -0.000926 1.000000
0 453 0.426823 0.632870 0.066146 0.213889 0.000521 0.000926 1.000000
0 454 0.431510 0.634722 0.058854 0.208333 0.004687 0.001852 1.000000
0 455 0.430990 0.635185 0.064062 0.207407 -0.000521 0.000463 1.000000
0 456 0.431250 0.636111 0.065625 0.203704 0.000260 0.000926 1.000000
0 457 0.430990 0.638426 0.066146 0.200926 -0.000260 0.002315 1.000000
0 458 0.430729 0.638889 0.066667 0.198148 -0.000260 0.000463 1.000000
0 459 0.429427 0.637500 0.068229 0.204630 -0.001302 -0.001389 1.000000
0 460 0.430208 0.634722 0.063542 0.212037 0.000781 -0.002778 1.000000
0 461 0.432812 0.628241 0.058333 0.223148 0.002604 -0.006481 1.000000
0 462 0.436979 0.619907 0.055208 0.236111 0.004167 -0.008333 1.000000
0 463 0.437500 0.608333 0.058333 0.257407 0.000521 -0.011574 1.000000
0 464 0.441406 0.598148 0.055729 0.275926 0.003906 -0.010185 1.000000
0 465 0.450260 0.595833 0.056771 0.287963 0.008854 -0.002315 1.000000
0 466 0.458333 0.597222 0.058333 0.288889 0.008073 0.001389 1.000000
0 467 0.458073 0.603241 0.054688 0.278704 -0.000260 0.006019 1.000000
0 468 0.458333 0.611111 0.051042 0.259259 0.000260 0.007870 1.000000
0 469 0.457031 0.613426 0.044271 0.243519 -0.001302 0.002315 1.000000
0 470 0.453646 0.615278 0.040625 0.239815 -0.003385 0.001852 1.000000
0 471 0.452344 0.617130 0.042188 0.241667 -0.001302 0.001852 1.000000
0 472 0.454688 0.614815 0.045833 0.246296 0.002344 -0.002315 1.000000
0 473 0.457292 0.610185 0.048958 0.255556 0.002604 -0.004630 1.000000
0 474 0.461719 0.605556 0.050521 0.264815 0.004427 -0.004630 1.000000
0 475 0.465365 0.603704 0.049479 0.266667 0.003646 -0.001852 1.000000
0 476 0.467448 0.600463 0.052604 0.271296 0.002083 -0.003241 1.000000
0 477 0.468490 0.603241 0.052604 0.271296 0.001042 0.002778 1.000000
0 478 0.469271 0.608796 0.052083 0.265741 0.000781 0.005556 1.000000
0 479 0.470833 0.611574 0.051042 0.260185 0.001563 0.002778 1.000000
0 480 0.470052 0.611574 0.052604 0.256481 -0.000781 0.000000 1.000000
0 481 0.463542 0.613889 0.050000 0.251852 -0.006510 0.002315 1.000000
0 482 0.460677 0.615741 0.053646 0.250000 -0.002865 0.001852 1.000000
0 483 0.462760 0.616204 0.051562 0.247222 0.002083 0.000463 1.000000
0 484 0.466406 0.614352 0.051562 0.247222 0.003646 -0.001852 1.000000
0 485 0.471875 0.615278 0.052083 0.250926 0.005469 0.000926 1.000000
0 486 0.476823 0.615278 0.053646 0.250926 0.004948 0.000000 1.000000
0 487 0.479427 0.612500 0.059896 0.254630 0.002604 -0.002778 1.000000
0 488 0.483854 0.612963 0.060417 0.253704 0.004427 0.000463 1.000000
0 489 0.488802 0.614352 0.060937 0.252778 0.004948 0.001389 1.000000
0 490 0.501302 0.613889 0.040104 0.253704 0.012500 -0.000463 1.000000
0 491 0.505729 0.613426 0.037500 0.252778 0.004427 -0.000463 1.000000
0 492 0.509635 0.612500 0.041146 0.252778 0.003906 -0.000926 1.000000
0 493 0.512760 0.616667 0.044271 0.262963 0.003125 0.004167 1.000000
0 494 0.517448 0.618056 0.047396 0.265741 0.004687 0.001389 1.000000
0 495 0.519792 0.613889 0.043750 0.275926 0.002344 -0.004167 1.000000
0 496 0.524740 0.603241 0.046354 0.299074 0.004948 -0.010648 1.000000
0 497 0.530208 0.599074 0.047917 0.309259 0.005469 -0.004167 1.000000
0 498 0.534896 0.598611 0.051042 0.308333 0.004687 -0.000463 1.000000
0 499 0.539583 0.600926 0.055208 0.314815 0.004687 0.002315 1.000000
0 500 0.541927 0.603241 0.056771 0.317593 0.002344 0.002315 1.000000
0 501 0.543229 0.610185 0.056250 0.303704 0.001302 0.006944 1.000000
0 502 0.543229 0.624537 0.056250 0.278704 0.000000 0.014352 1.000000
0 503 0.543229 0.622222 0.056250 0.283333 0.000000 -0.002315 1.000000
0 504 0.543750 0.623611 0.055208 0.289815 0.000521 0.001389 1.000000
0 505 0.544010 0.623611 0.054688 0.291667 0.000260 0.000000 1.000000
0 506 0.544792 0.623148 0.056250 0.292593 0.000781 -0.000463 1.000000
0 507 0.547135 0.623148 0.058854 0.292593 0.002344 0.000000 1.000000
0 508 0.550000 0.623148 0.061458 0.294444 0.002865 0.000000 1.000000
0 509 0.551562 0.624074 0.063542 0.294444 0.001563 0.000926 1.000000
0 510 0.551562 0.624074 0.062500 0.294444 0.000000 0.000000 1.000000
0 511 0.551562 0.624074 0.062500 0.294444 0.000000 0.000000 1.000000
0 512 0.551562 0.624074 0.062500 0.294444 0.000000 0.000000 1.000000
0 513 0.552604 0.624074 0.064583 0.294444 0.001042 0.000000 1.000000
0 514 0.552083 0.624074 0.062500 0.294444 -0.000521 0.000000 1.000000
0 515 0.551823 0.623611 0.063021 0.295370 -0.000260 -0.000463 1.000000
0 516 0.551302 0.622685 0.064062 0.297222 -0.000521 -0.000926 1.000000
0 517 0.550781 0.622222 0.064062 0.298148 -0.000521 -0.000463 1.000000
0 518 0.551562 0.622685 0.066667 0.297222 0.000781 0.000463 1.000000
0 519 0.552083 0.626852 0.067708 0.288889 0.000521 0.004167 1.000000
0 520 0.551042 0.633333 0.069792 0.277778 -0.001042 0.006481 1.000000
0 521 0.550521 0.639352 0.073958 0.265741 -0.000521 0.006019 1.000000
0 522 0.547917 0.642130 0.078125 0.258333 -0.002604 0.002778 1.000000
0 523 0.547656 0.641204 0.078646 0.262037 -0.000260 -0.000926 1.000000
0 524 0.551042 0.635648 0.079167 0.271296 0.003385 -0.005556 1.000000
0 525 0.550260 0.630093 0.074479 0.282407 -0.000781 -0.005556 1.000000
0 526 0.557292 0.625926 0.075000 0.290741 0.007031 -0.004167 1.000000
0 527 0.559375 0.619907 0.086458 0.302778 0.002083 -0.006019 1.000000
0 528 0.557552 0.613889 0.083854 0.314815 -0.001823 -0.006019 1.000000
0 529 0.553646 0.615741 0.078125 0.311111 -0.003906 0.001852 1.000000
0 530 0.552865 0.619444 0.074479 0.303704 -0.000781 0.003704 1.000000
0 531 0.551562 0.623148 0.070833 0.296296 -0.001302 0.003704 1.000000
0 532 0.552083 0.625926 0.070833 0.290741 0.000521 0.002778 1.000000
0 533 0.553385 0.625926 0.071354 0.290741 0.001302 0.000000 1.000000
0 534 0.553906 0.625463 0.072396 0.289815 0.000521 -0.000463 1.000000
0 535 0.552865 0.625926 0.070312 0.290741 -0.001042 0.000463 1.000000
0 536 0.553125 0.625926 0.069792 0.290741 0.000260 0.000000 1.000000
0 537 0.552344 0.625926 0.070312 0.290741 -0.000781 0.000000 1.000000
0 538 0.551823 0.626389 0.071354 0.289815 -0.000521 0.000463 1.000000
0 539 0.551823 0.626389 0.072396 0.289815 0.000000 0.000000 1.000000
0 540 0.555208 0.625926 0.080208 0.290741 0.003385 -0.000463 1.000000
0 541 0.554688 0.625463 0.091667 0.289815 -0.000521 -0.000463 1.000000
0 542 0.546875 0.626389 0.087500 0.289815 -0.007812 0.000926 1.000000
0 543 0.545052 0.626389 0.086979 0.289815 -0.001823 0.000000 1.000000
0 544 0.545312 0.626389 0.086458 0.289815 0.000260 0.000000 1.000000
0 545 0.544271 0.625000 0.087500 0.290741 -0.001042 -0.001389 1.000000
0 546 0.546354 0.624074 0.083333 0.294444 0.002083 -0.000926 1.000000
0 547 0.546875 0.623611 0.085417 0.295370 0.000521 -0.000463 1.000000
0 548 0.547396 0.622685 0.085417 0.297222 0.000521 -0.000926 1.000000
0 549 0.547135 0.623148 0.086979 0.296296 -0.000260 0.000463 1.000000
0 550 0.547656 0.625000 0.086979 0.294444 0.000521 0.001852 1.000000
0 551 0.547917 0.625000 0.086458 0.294444 0.000260 0.000000 1.000000
0 552 0.548177 0.623611 0.085938 0.295370 0.000260 -0.001389 1.000000
0 553 0.548177 0.623611 0.084896 0.295370 0.000000 0.000000 1.000000
0 554 0.550000 0.625000 0.081250 0.292593 0.001823 0.001389 1.000000
0 555 0.552083 0.626852 0.078125 0.288889 0.002083 0.001852 1.000000
0 556 0.553385 0.626852 0.075521 0.287037 0.001302 0.000000 1.000000
0 557 0.554427 0.627315 0.072396 0.287963 0.001042 0.000463 1.000000
0 558 0.555469 0.627778 0.070312 0.288889 0.001042 0.000463 1.000000
0 559 0.558073 0.628241 0.066146 0.286111 0.002604 0.000463 1.000000
0 560 0.558073 0.631019 0.066146 0.282407 0.000000 0.002778 1.000000
0 561 0.554167 0.633333 0.073958 0.277778 -0.003906 0.002315 1.000000
0 562 0.553646 0.636574 0.081250 0.273148 -0.000521 0.003241 1.000000
0 563 0.553125 0.636574 0.081250 0.273148 -0.000521 0.000000 1.000000
0 564 0.547656 0.631944 0.086979 0.295370 -0.005469 -0.004630 1.000000
0 565 0.541927 0.631481 0.098437 0.305556 -0.005729 -0.000463 1.000000
0 566 0.538021 0.637037 0.107292 0.300000 -0.003906 0.005556 1.000000
0 567 0.536719 0.637500 0.108854 0.302778 -0.001302 0.000463 1.000000
0 568 0.531510 0.638426 0.101562 0.304630 -0.005208 0.000926 1.000000
0 569 0.526042 0.639815 0.091667 0.309259 -0.005469 0.001389 1.000000
0 570 0.518750 0.638426 0.092708 0.310185 -0.007292 -0.001389 1.000000
0 571 0.516146 0.638889 0.097917 0.311111 -0.002604 0.000463 1.000000
0 572 0.511719 0.638426 0.079687 0.313889 -0.004427 -0.000463 1.000000
0 573 0.507812 0.635185 0.065625 0.316667 -0.003906 -0.003241 1.000000
0 574 0.502083 0.634722 0.055208 0.319444 -0.005729 -0.000463 1.000000
0 575 0.500000 0.634259 0.054167 0.320370 -0.002083 -0.000463 1.000000
0 576 0.500260 0.632870 0.049479 0.321296 0.000260 -0.001389 1.000000
0 577 0.499740 0.642593 0.045312 0.309259 -0.000521 0.009722 1.000000
0 578 0.496875 0.650926 0.043750 0.292593 -0.002865 0.008333 1.000000
0 579 0.495573 0.656481 0.045312 0.279630 -0.001302 0.005556 1.000000
0 580 0.494792 0.661574 0.044792 0.271296 -0.000781 0.005093 1.000000
0 581 0.494792 0.663426 0.044792 0.269444 0.000000 0.001852 1.000000
0 582 0.494792 0.663889 0.045833 0.266667 0.000000 0.000463 1.000000
0 583 0.495052 0.662500 0.046354 0.267593 0.000260 -0.001389 1.000000
0 584 0.494531 0.662500 0.046354 0.269444 -0.000521 0.000000 1.000000
0 585 0.492969 0.661574 0.048438 0.271296 -0.001563 -0.000926 1.000000
0 586 0.491927 0.659722 0.050521 0.275000 -0.001042 -0.001852 1.000000
0 587 0.492188 0.656019 0.050000 0.282407 0.000260 -0.003704 1.000000
0 588 0.492448 0.653704 0.049479 0.287037 0.000260 -0.002315 1.000000
0 589 0.492448 0.651389 0.048438 0.291667 0.000000 -0.002315 1.000000
0 590 0.492188 0.650926 0.048958 0.292593 -0.000260 -0.000463 1.000000
0 591 0.493229 0.651852 0.050000 0.290741 0.001042 0.000926 1.000000
0 592 0.495052 0.650463 0.050521 0.293519 0.001823 -0.001389 1.000000
0 593 0.496615 0.648148 0.048438 0.298148 0.001563 -0.002315 1.000000
0 594 0.497656 0.646759 0.049479 0.300926 0.001042 -0.001389 1.000000
0 595 0.498958 0.644907 0.055208 0.302778 0.001302 -0.001852 1.000000
0 596 0.500000 0.643056 0.060417 0.304630 0.001042 -0.001852 1.000000
0 597 0.504167 0.641667 0.061458 0.307407 0.004167 -0.001389 1.000000
0 598 0.509375 0.638426 0.064583 0.315741 0.005208 -0.003241 1.000000
0 599 0.513542 0.622222 0.068750 0.346296 0.004167 -0.016204 1.000000
0 600 0.517969 0.604167 0.073438 0.371296 0.004427 -0.018056 1.000000
0 601 0.529427 0.603241 0.096354 0.380556 0.011458 -0.000926 1.000000
0 602 0.536979 0.614815 0.119792 0.355556 0.007552 0.011574 1.000000
0 603 0.540625 0.633796 0.145833 0.317593 0.003646 0.018981 1.000000
0 604 0.544531 0.634722 0.156771 0.315741 0.003906 0.000926 1.000000
0 605 0.545573 0.633333 0.123438 0.318519 0.001042 -0.001389 1.000000
0 606 0.548177 0.635185 0.074479 0.320370 0.002604 0.001852 1.000000
0 607 0.550000 0.631019 0.065625 0.328704 0.001823 -0.004167 1.000000
0 608 0.552604 0.626389 0.057292 0.337963 0.002604 -0.004630 1.000000
0 609 0.556250 0.626852 0.055208 0.340741 0.003646 0.000463 1.000000
0 610 0.561979 0.624074 0.060417 0.337037 0.005729 -0.002778 1.000000
0 611 0.565625 0.609722 0.062500 0.363889 0.003646 -0.014352 1.000000
0 612 0.566406 0.602778 0.077604 0.398148 0.000781 -0.006944 1.000000
0 613 0.568490 0.609259 0.102604 0.385185 0.002083 0.006481 1.000000
0 614 0.580729 0.625926 0.140625 0.351852 0.012240 0.016667 1.000000
0 615 0.582552 0.640278 0.150521 0.325000 0.001823 0.014352 1.000000
0 616 0.593490 0.640741 0.134896 0.322222 0.010937 0.000463 1.000000
0 617 0.602083 0.641204 0.100000 0.321296 0.008594 0.000463 1.000000
0 618 0.613802 0.642593 0.080729 0.318519 0.011719 0.001389 1.000000
0 619 0.619531 0.642593 0.076563 0.318519 0.005729 0.000000 1.000000
0 620 0.626823 0.641667 0.080729 0.320370 0.007292 -0.000926 1.000000
0 621 0.633073 0.637500 0.093229 0.326852 0.006250 -0.004167 1.000000
0 622 0.639062 0.633796 0.105208 0.332407 0.005990 -0.003704 1.000000
0 623 0.643490 0.632407 0.097396 0.331481 0.004427 -0.001389 1.000000
0 624 0.648958 0.633796 0.086458 0.328704 0.005469 0.001389 1.000000
0 625 0.655729 0.635185 0.071875 0.324074 0.006771 0.001389 1.000000
0 626 0.661198 0.635185 0.063021 0.322222 0.005469 0.000000 1.000000
0 627 0.667188 0.635648 0.066667 0.323148 0.005990 0.000463 1.000000
0 628 0.676302 0.634259 0.077604 0.327778 0.009115 -0.001389 1.000000
0 629 0.682552 0.634259 0.084896 0.329630 0.006250 0.000000 1.000000
0 630 0.686458 0.635648 0.076042 0.330556 0.003906 0.001389 1.000000
0 631 0.691667 0.635648 0.072917 0.326852 0.005208 0.000000 1.000000
0 632 0.691146 0.637037 0.075000 0.327778 -0.000521 0.001389 1.000000
0 633 0.685417 0.637500 0.081250 0.325000 -0.005729 0.000463 1.000000
0 634 0.676042 0.640741 0.096875 0.316667 -0.009375 0.003241 1.000000
0 635 0.670833 0.649537 0.104167 0.300926 -0.005208 0.008796 1.000000
0 636 0.670833 0.650000 0.107292 0.300000 0.000000 0.000463 1.000000
0 637 0.672917 0.649537 0.105208 0.302778 0.002083 -0.000463 1.000000
0 638 0.676042 0.645833 0.096875 0.308333 0.003125 -0.003704 1.000000
0 639 0.683594 0.641667 0.080729 0.316667 0.007552 -0.004167 1.000000
0 640 0.689583 0.635648 0.063542 0.328704 0.005990 -0.006019 1.000000
0 641 0.691146 0.629167 0.055208 0.341667 0.001563 -0.006481 1.000000
0 642 0.693490 0.624537 0.058854 0.352778 0.002344 -0.004630 1.000000
0 643 0.696354 0.617593 0.075000 0.361111 0.002865 -0.006944 1.000000
0 644 0.697656 0.618519 0.090104 0.359259 0.001302 0.000926 1.000000
0 645 0.698177 0.626389 0.101562 0.345370 0.000521 0.007870 1.000000
0 646 0.697656 0.639815 0.103646 0.320370 -0.000521 0.013426 1.000000
0 647 0.698958 0.648148 0.100000 0.307407 0.001302 0.008333 1.000000
0 648 0.699479 0.648611 0.097917 0.306481 0.000521 0.000463 1.000000
0 649 0.700260 0.647222 0.097396 0.309259 0.000781 -0.001389 1.000000
0 650 0.700781 0.642593 0.094271 0.318519 0.000521 -0.004630 1.000000
0 651 0.702083 0.638426 0.091667 0.326852 0.001302 -0.004167 1.000000
0 652 0.701302 0.633333 0.091146 0.335185 -0.000781 -0.005093 1.000000
0 653 0.701823 0.629167 0.090104 0.339815 0.000521 -0.004167 1.000000
0 654 0.703646 0.628241 0.089583 0.339815 0.001823 -0.000926 1.000000
0 655 0.705469 0.630093 0.089063 0.336111 0.001823 0.001852 1.000000
0 656 0.705469 0.636111 0.089063 0.327778 0.000000 0.006019 1.000000
0 657 0.705729 0.640741 0.087500 0.318519 0.000260 0.004630 1.000000
0 658 0.706771 0.644444 0.085417 0.311111 0.001042 0.003704 1.000000
0 659 0.707552 0.645370 0.083854 0.311111 0.000781 0.000926 1.000000
0 660 0.707812 0.643056 0.083333 0.315741 0.000260 -0.002315 1.000000
0 661 0.707552 0.638889 0.083854 0.324074 -0.000260 -0.004167 1.000000
0 662 0.705208 0.636111 0.077083 0.329630 -0.002344 -0.002778 1.000000
0 663 0.696094 0.627315 0.063021 0.345370 -0.009115 -0.008796 1.000000
0 664 0.688542 0.618519 0.053125 0.364815 -0.007552 -0.008796 1.000000
0 665 0.674740 0.617593 0.064062 0.364815 -0.013802 -0.000926 1.000000
0 666 0.664583 0.625926 0.086458 0.348148 -0.010156 0.008333 1.000000
0 667 0.657552 0.637500 0.096354 0.326852 -0.007031 0.011574 1.000000
0 668 0.655469 0.640741 0.099479 0.320370 -0.002083 0.003241 1.000000
0 669 0.653385 0.644444 0.099479 0.311111 -0.002083 0.003704 1.000000
0 670 0.653646 0.647222 0.098958 0.305556 0.000260 0.002778 1.000000
0 671 0.653646 0.645833 0.096875 0.306481 0.000000 -0.001389 1.000000
0 672 0.655729 0.643056 0.096875 0.312037 0.002083 -0.002778 1.000000
0 673 0.659115 0.642130 0.097396 0.313889 0.003385 -0.000926 1.000000
0 674 0.661719 0.643519 0.096354 0.314815 0.002604 0.001389 1.000000
0 675 0.668229 0.644444 0.100000 0.312963 0.006510 0.000926 1.000000
0 676 0.676042 0.644907 0.096875 0.312037 0.007812 0.000463 1.000000
0 677 0.694792 0.643519 0.093750 0.314815 0.018750 -0.001389 1.000000
0 678 0.707292 0.641204 0.084375 0.317593 0.012500 -0.002315 1.000000
0 679 0.708594 0.639815 0.082812 0.320370 0.001302 -0.001389 1.000000
0 680 0.708594 0.637500 0.082812 0.323148 0.000000 -0.002315 1.000000
0 681 0.708854 0.634259 0.084375 0.325926 0.000260 -0.003241 1.000000
0 682 0.708594 0.632407 0.083854 0.329630 -0.000260 -0.001852 1.000000
0 683 0.709115 0.631019 0.083854 0.328704 0.000521 -0.001389 1.000000
0 684 0.709375 0.631944 0.083333 0.326852 0.000260 0.000926 1.000000
0 685 0.709635 0.635185 0.082812 0.320370 0.000260 0.003241 1.000000
0 686 0.709375 0.638426 0.083333 0.315741 -0.000260 0.003241 1.000000
0 687 0.709635 0.640278 0.082812 0.312037 0.000260 0.001852 1.000000
0 688 0.709896 0.643056 0.083333 0.306481 0.000260 0.002778 1.000000
0 689 0.709896 0.644444 0.083333 0.301852 0.000000 0.001389 1.000000
0 690 0.711198 0.645370 0.086979 0.301852 0.001302 0.000926 1.000000
0 691 0.713802 0.645370 0.091146 0.301852 0.002604 0.000000 1.000000
0 692 0.715625 0.644907 0.094792 0.302778 0.001823 -0.000463 1.000000
0 693 0.715365 0.645370 0.093229 0.301852 -0.000260 0.000463 1.000000
0 694 0.711979 0.644444 0.087500 0.301852 -0.003385 -0.000926 1.000000
0 695 0.710417 0.645370 0.085417 0.301852 -0.001563 0.000926 1.000000
0 696 0.709896 0.645833 0.084375 0.300926 -0.000521 0.000463 1.000000
0 697 0.709375 0.644907 0.083333 0.299074 -0.000521 -0.000926 1.000000
0 698 0.708854 0.644907 0.085417 0.299074 -0.000521 0.000000 1.000000
0 699 0.703125 0.645370 0.095833 0.300000 -0.005729 0.000463 1.000000
0 700 0.700521 0.645833 0.103125 0.300926 -0.002604 0.000463 1.000000
0 701 0.701042 0.644907 0.104167 0.300926 0.000521 -0.000926 1.000000
0 702 0.701823 0.644907 0.103646 0.300926 0.000781 0.000000 1.000000
0 703 0.704167 0.644444 0.098958 0.300000 0.002344 -0.000463 1.000000
0 704 0.709635 0.643981 0.089063 0.300926 0.005469 -0.000463 1.000000
0 705 0.713021 0.643981 0.082292 0.300926 0.003385 0.000000 1.000000
0 706 0.713281 0.645833 0.080729 0.297222 0.000260 0.001852 1.000000
0 707 0.712500 0.645833 0.080208 0.297222 -0.000781 0.000000 1.000000
0 708 0.711458 0.645370 0.084375 0.296296 -0.001042 -0.000463 1.000000
0 709 0.714323 0.644907 0.089063 0.297222 0.002865 -0.000463 1.000000
0 710 0.715365 0.644907 0.091146 0.297222 0.001042 0.000000 1.000000
0 711 0.715885 0.641204 0.089063 0.304630 0.000521 -0.003704 1.000000
0 712 0.715625 0.636574 0.087500 0.312037 -0.000260 -0.004630 1.000000
0 713 0.715104 0.634259 0.085417 0.318519 -0.000521 -0.002315 1.000000
0 714 0.714323 0.633796 0.083854 0.321296 -0.000781 -0.000463 1.000000
0 715 0.710156 0.630556 0.088021 0.324074 -0.004167 -0.003241 1.000000
0 716 0.707292 0.625463 0.091667 0.334259 -0.002865 -0.005093 1.000000
0 717 0.707552 0.623148 0.090104 0.340741 0.000260 -0.002315 1.000000
0 718 0.709896 0.630556 0.086458 0.324074 0.002344 0.007407 1.000000
0 719 0.709115 0.636111 0.088021 0.314815 -0.000781 0.005556 1.000000
0 720 0.708594 0.642130 0.088021 0.300926 -0.000521 0.006019 1.000000
0 721 0.708854 0.647685 0.087500 0.287963 0.000260 0.005556 1.000000
0 722 0.708073 0.646296 0.086979 0.292593 -0.000781 -0.001389 1.000000
0 723 0.705990 0.643519 0.079687 0.298148 -0.002083 -0.002778 1.000000
0 724 0.705469 0.641204 0.074479 0.302778 -0.000521 -0.002315 1.000000
0 725 0.702344 0.635648 0.075521 0.317593 -0.003125 -0.005556 1.000000
0 726 0.700521 0.635648 0.078125 0.319444 -0.001823 0.000000 1.000000
0 727 0.705729 0.632870 0.086458 0.325000 0.005208 -0.002778 1.000000
0 728 0.708073 0.635648 0.088021 0.321296 0.002344 0.002778 1.000000
0 729 0.709115 0.638426 0.091146 0.313889 0.001042 0.002778 1.000000
0 730 0.704948 0.648611 0.090104 0.293519 -0.004167 0.010185 1.000000
0 731 0.703646 0.649537 0.093750 0.293519 -0.001302 0.000926 1.000000
0 732 0.702865 0.643519 0.095312 0.305556 -0.000781 -0.006019 1.000000
0 733 0.701302 0.637500 0.088021 0.317593 -0.001563 -0.006019 1.000000
0 734 0.699479 0.633796 0.073958 0.323148 -0.001823 -0.003704 1.000000
0 735 0.695833 0.632407 0.084375 0.325926 -0.003646 -0.001389 1.000000
0 736 0.694271 0.632407 0.089583 0.325926 -0.001563 0.000000 1.000000
0 737 0.695833 0.634722 0.088542 0.323148 0.001563 0.002315 1.000000
0 738 0.696875 0.635648 0.083333 0.321296 0.001042 0.000926 1.000000
0 739 0.695833 0.637037 0.089583 0.318519 -0.001042 0.001389 1.000000
0 740 0.693490 0.637963 0.097396 0.316667 -0.002344 0.000926 1.000000
0 741 0.693490 0.637037 0.098437 0.318519 0.000000 -0.000926 1.000000
0 742 0.694271 0.631019 0.095833 0.315741 0.000781 -0.006019 1.000000
0 743 0.695052 0.620370 0.096354 0.312963 0.000781 -0.010648 1.000000
0 744 0.692187 0.618981 0.101042 0.317593 -0.002865 -0.001389 1.000000
0 745 0.689063 0.617593 0.105208 0.318519 -0.003125 -0.001389 1.000000
0 746 0.689583 0.618981 0.104167 0.313889 0.000521 0.001389 1.000000
0 747 0.690625 0.622685 0.098958 0.308333 0.001042 0.003704 1.000000
0 748 0.693229 0.625000 0.090625 0.303704 0.002604 0.002315 1.000000
0 749 0.691146 0.627315 0.090625 0.299074 -0.002083 0.002315 1.000000
0 750 0.684635 0.629167 0.100521 0.295370 -0.006510 0.001852 1.000000
0 751 0.682031 0.629630 0.099479 0.294444 -0.002604 0.000463 1.000000
0 752 0.682552 0.627315 0.094271 0.293519 0.000521 -0.002315 1.000000
0 753 0.685677 0.618519 0.085938 0.287037 0.003125 -0.008796 1.000000
0 754 0.684115 0.614815 0.088021 0.296296 -0.001563 -0.003704 1.000000
0 755 0.679427 0.608796 0.097396 0.302778 -0.004687 -0.006019 1.000000
0 756 0.680990 0.604630 0.095312 0.305556 0.001563 -0.004167 1.000000
0 757 0.680729 0.603704 0.094792 0.305556 -0.000260 -0.000926 1.000000
0 758 0.684115 0.604630 0.086979 0.303704 0.003385 0.000926 1.000000
0 759 0.685156 0.605093 0.084896 0.300926 0.001042 0.000463 1.000000
0 760 0.684115 0.610648 0.088021 0.289815 -0.001042 0.005556 1.000000
0 761 0.684896 0.618056 0.080208 0.273148 0.000781 0.007407 1.000000
0 762 0.685677 0.620370 0.073438 0.270370 0.000781 0.002315 1.000000
0 763 0.686198 0.622222 0.067187 0.268519 0.000521 0.001852 1.000000
0 764 0.690625 0.623148 0.067708 0.266667 0.004427 0.000926 1.000000
0 765 0.697135 0.623611 0.078646 0.263889 0.006510 0.000463 1.000000
0 766 0.703385 0.623148 0.091146 0.264815 0.006250 -0.000463 1.000000
0 767 0.711458 0.620833 0.105208 0.269444 0.008073 -0.002315 1.000000
0 768 0.714323 0.619444 0.106771 0.274074 0.002865 -0.001389 1.000000
0 769 0.716667 0.618519 0.102083 0.272222 0.002344 -0.000926 1.000000
0 770 0.722396 0.618981 0.089583 0.269444 0.005729 0.000463 1.000000
0 771 0.728646 0.620370 0.076042 0.264815 0.006250 0.001389 1.000000
0 773 0.744010 0.623148 0.049479 0.257407 0.007682 0.001389 1.000000
0 774 0.753646 0.618981 0.056250 0.265741 0.009635 -0.004167 1.000000
0 775 0.751042 0.613426 0.067708 0.278704 -0.002604 -0.005556 1.000000
0 776 0.746094 0.610185 0.074479 0.283333 -0.004948 -0.003241 1.000000
0 777 0.748177 0.598148 0.068229 0.303704 0.002083 -0.012037 1.000000
0 778 0.748698 0.587500 0.081771 0.325000 0.000521 -0.010648 1.000000
0 779 0.753906 0.588889 0.082812 0.327778 0.005208 0.001389 1.000000
0 780 0.753646 0.594444 0.083333 0.329630 -0.000260 0.005556 1.000000
0 781 0.761719 0.597222 0.070312 0.324074 0.008073 0.002778 1.000000
0 782 0.764844 0.601852 0.066146 0.316667 0.003125 0.004630 1.000000
0 783 0.764844 0.603704 0.066146 0.312963 0.000000 0.001852 1.000000
0 784 0.766406 0.603241 0.074479 0.315741 0.001563 -0.000463 1.000000
0 785 0.770573 0.603241 0.075521 0.330556 0.004167 0.000000 1.000000
0 786 0.773698 0.599074 0.068229 0.338889 0.003125 -0.004167 1.000000
0 787 0.775781 0.596296 0.067187 0.342593 0.002083 -0.002778 1.000000
0 788 0.779687 0.597222 0.066667 0.337037 0.003906 0.000926 1.000000
0 789 0.784115 0.598611 0.067187 0.328704 0.004427 0.001389 1.000000
0 790 0.788021 0.598611 0.066667 0.332407 0.003906 0.000000 1.000000
0 791 0.789323 0.594444 0.068229 0.351852 0.001302 -0.004167 1.000000
0 792 0.792188 0.593981 0.072917 0.354630 0.002865 -0.000463 1.000000
0 793 0.792969 0.596296 0.074479 0.351852 0.000781 0.002315 1.000000
0 794 0.790104 0.599074 0.068750 0.346296 -0.002865 0.002778 1.000000
0 795 0.789844 0.600000 0.069271 0.344444 -0.000260 0.000926 1.000000
0 796 0.789062 0.599074 0.070833 0.346296 -0.000781 -0.000926 1.000000
0 797 0.787500 0.601389 0.073958 0.363889 -0.001563 0.002315 1.000000
0 798 0.785937 0.598148 0.075000 0.368519 -0.001563 -0.003241 1.000000
0 799 0.784635 0.597685 0.077604 0.373148 -0.001302 -0.000463 1.000000
0 800 0.784115 0.597685 0.081771 0.373148 -0.000521 0.000000 1.000000
0 801 0.783854 0.599074 0.084375 0.368519 -0.000260 0.001389 1.000000
0 802 0.782292 0.604167 0.083333 0.362037 -0.001563 0.005093 1.000000
0 803 0.782552 0.606019 0.082812 0.367593 0.000260 0.001852 1.000000
0 804 0.783594 0.604167 0.079687 0.375000 0.001042 -0.001852 1.000000
0 805 0.787760 0.605556 0.073438 0.370370 0.004167 0.001389 1.000000
0 806 0.791146 0.608796 0.076042 0.365741 0.003385 0.003241 1.000000
0 807 0.794010 0.612500 0.084896 0.360185 0.002865 0.003704 1.000000
0 808 0.797656 0.615278 0.084896 0.354630 0.003646 0.002778 1.000000
0 809 0.797917 0.616204 0.085417 0.354630 0.000260 0.000926 1.000000
0 810 0.797396 0.615278 0.084375 0.354630 -0.000521 -0.000926 1.000000
0 811 0.795833 0.619907 0.079167 0.347222 -0.001563 0.004630 1.000000
0 812 0.793750 0.623611 0.075000 0.334259 -0.002083 0.003704 1.000000
0 813 0.785417 0.626852 0.094792 0.335185 -0.008333 0.003241 1.000000
0 814 0.775000 0.627315 0.108333 0.337963 -0.010417 0.000463 1.000000
0 815 0.773698 0.623148 0.108854 0.344444 -0.001302 -0.004167 1.000000
0 816 0.777865 0.618056 0.097396 0.354630 0.004167 -0.005093 1.000000
0 817 0.783333 0.605093 0.082292 0.380556 0.005469 -0.012963 1.000000
0 818 0.788802 0.600000 0.071354 0.388889 0.005469 -0.005093 1.000000
0 819 0.793750 0.600463 0.063542 0.387963 0.004948 0.000463 1.000000
0 820 0.799219 0.606481 0.055729 0.377778 0.005469 0.006019 1.000000
0 821 0.802344 0.620370 0.054688 0.351852 0.003125 0.013889 1.000000
0 822 0.805469 0.636574 0.059896 0.317593 0.003125 0.016204 1.000000
0 823 0.809635 0.646296 0.068229 0.329630 0.004167 0.009722 1.000000
0 824 0.812760 0.651389 0.073438 0.330556 0.003125 0.005093 1.000000
0 825 0.802344 0.651389 0.059896 0.328704 -0.010417 0.000000 1.000000
0 826 0.795833 0.654630 0.060417 0.335185 -0.006510 0.003241 1.000000
0 827 0.795052 0.655556 0.061979 0.337037 -0.000781 0.000926 1.000000
0 828 0.792708 0.653704 0.065625 0.340741 -0.002344 -0.001852 1.000000
0 829 0.789062 0.653704 0.066667 0.342593 -0.003646 0.000000 1.000000
0 830 0.785937 0.652315 0.065625 0.345370 -0.003125 -0.001389 1.000000
0 831 0.783854 0.651389 0.063542 0.349074 -0.002083 -0.000926 1.000000
0 832 0.788021 0.649537 0.070833 0.352778 0.004167 -0.001852 1.000000
0 833 0.788281 0.647685 0.080729 0.356481 0.000260 -0.001852 1.000000
0 834 0.783073 0.645833 0.088021 0.360185 -0.005208 -0.001852 1.000000
0 835 0.777604 0.641204 0.089583 0.369444 -0.005469 -0.004630 1.000000
0 836 0.777083 0.629167 0.089583 0.384259 -0.000521 -0.012037 1.000000
0 837 0.773958 0.629167 0.090625 0.365741 -0.003125 0.000000 1.000000
0 838 0.761198 0.631481 0.089063 0.361111 -0.012760 0.002315 1.000000
0 839 0.758854 0.637500 0.089583 0.349074 -0.002344 0.006019 1.000000
0 840 0.758333 0.638889 0.085417 0.346296 -0.000521 0.001389 1.000000
0 841 0.761198 0.639815 0.081771 0.346296 0.002865 0.000926 1.000000
0 842 0.767448 0.639352 0.090104 0.345370 0.006250 -0.000463 1.000000
0 843 0.765885 0.641204 0.100521 0.341667 -0.001563 0.001852 1.000000
0 844 0.759635 0.641204 0.101562 0.341667 -0.006250 0.000000 1.000000
0 845 0.748177 0.648148 0.081771 0.355556 -0.011458 0.006944 1.000000
0 846 0.738021 0.649074 0.064583 0.359259 -0.010156 0.000926 1.000000
0 847 0.736198 0.653704 0.059896 0.368519 -0.001823 0.004630 1.000000
0 848 0.733073 0.654167 0.068229 0.371296 -0.003125 0.000463 1.000000
0 849 0.727344 0.654167 0.067187 0.371296 -0.005729 0.000000 1.000000
0 850 0.720313 0.654167 0.065625 0.373148 -0.007031 0.000000 1.000000
0 851 0.715625 0.654167 0.066667 0.373148 -0.004687 0.000000 1.000000
0 852 0.712500 0.656019 0.068750 0.369444 -0.003125 0.001852 1.000000
0 853 0.711458 0.656944 0.072917 0.358333 -0.001042 0.000926 1.000000
0 854 0.710156 0.660648 0.076563 0.350926 -0.001302 0.003704 1.000000
0 855 0.708594 0.662037 0.084896 0.350000 -0.001563 0.001389 1.000000
0 856 0.696354 0.660185 0.104167 0.351852 -0.012240 -0.001852 1.000000
0 857 0.689063 0.657870 0.118750 0.356481 -0.007292 -0.002315 1.000000
0 858 0.685677 0.654167 0.126562 0.367593 -0.003385 -0.003704 1.000000
0 859 0.683854 0.641204 0.123958 0.386111 -0.001823 -0.012963 1.000000
0 860 0.680469 0.634722 0.119271 0.393519 -0.003385 -0.006481 1.000000
0 861 0.677604 0.630093 0.114583 0.386111 -0.002865 -0.004630 1.000000
0 862 0.675781 0.633333 0.111979 0.377778 -0.001823 0.003241 1.000000
0 863 0.674219 0.637963 0.108854 0.368519 -0.001563 0.004630 1.000000
0 864 0.675000 0.639352 0.109375 0.367593 0.000781 0.001389 1.000000
0 865 0.672135 0.637500 0.104688 0.371296 -0.002865 -0.001852 1.000000
0 866 0.657813 0.634722 0.080208 0.373148 -0.014323 -0.002778 1.000000
0 867 0.652344 0.629167 0.076563 0.382407 -0.005469 -0.005556 1.000000
0 868 0.655729 0.625463 0.095833 0.389815 0.003385 -0.003704 1.000000
0 869 0.658854 0.628704 0.100000 0.383333 0.003125 0.003241 1.000000
0 870 0.658854 0.633333 0.102083 0.379630 0.000000 0.004630 1.000000
0 871 0.658854 0.637500 0.102083 0.369444 0.000000 0.004167 1.000000
0 872 0.659115 0.644444 0.101562 0.353704 0.000260 0.006944 1.000000
0 873 0.659115 0.645833 0.102604 0.350926 0.000000 0.001389 1.000000
0 874 0.658854 0.647222 0.103125 0.346296 -0.000260 0.001389 1.000000
0 875 0.658594 0.650000 0.103646 0.342593 -0.000260 0.002778 1.000000
0 876 0.660937 0.650000 0.109375 0.338889 0.002344 0.000000 1.000000
0 877 0.671354 0.652778 0.127083 0.335185 0.010417 0.002778 1.000000
0 878 0.671615 0.654167 0.127604 0.330556 0.000260 0.001389 1.000000
0 879 0.669531 0.655556 0.124479 0.329630 -0.002083 0.001389 1.000000
0 880 0.669010 0.656481 0.124479 0.325926 -0.000521 0.000926 1.000000
0 881 0.668490 0.657407 0.123438 0.329630 -0.000521 0.000926 1.000000
0 882 0.660417 0.657407 0.107292 0.327778 -0.008073 0.000000 1.000000
0 883 0.659115 0.657407 0.105729 0.325926 -0.001302 0.000000 1.000000
0 884 0.659115 0.657870 0.105729 0.328704 0.000000 0.000463 1.000000
0 885 0.653906 0.655556 0.117188 0.331481 -0.005208 -0.002315 1.000000
0 886 0.643229 0.651852 0.138542 0.340741 -0.010677 -0.003704 1.000000
0 887 0.640365 0.645833 0.143229 0.352778 -0.002865 -0.006019 1.000000
0 888 0.639844 0.639815 0.142187 0.364815 -0.000521 -0.006019 1.000000
0 889 0.639323 0.629630 0.135937 0.385185 -0.000521 -0.010185 1.000000
0 890 0.640104 0.627315 0.133333 0.387963 0.000781 -0.002315 1.000000
0 891 0.640104 0.636574 0.132292 0.371296 0.000000 0.009259 1.000000
0 892 0.639583 0.643056 0.133333 0.356481 -0.000521 0.006481 1.000000
0 893 0.639323 0.648611 0.133854 0.345370 -0.000260 0.005556 1.000000
0 894 0.639583 0.650463 0.133333 0.339815 0.000260 0.001852 1.000000
0 895 0.639844 0.649537 0.132812 0.343519 0.000260 -0.000926 1.000000
0 896 0.640104 0.648611 0.132292 0.345370 0.000260 -0.000926 1.000000
0 897 0.639844 0.646759 0.132812 0.347222 -0.000260 -0.001852 1.000000
0 898 0.639844 0.645833 0.132812 0.349074 0.000000 -0.000926 1.000000
0 899 0.641146 0.644907 0.131250 0.352778 0.001302 -0.000926 1.000000
0 900 0.642708 0.643981 0.129167 0.352778 0.001563 -0.000926 1.000000
0 901 0.643229 0.641204 0.129167 0.360185 0.000521 -0.002778 1.000000
0 902 0.643490 0.642130 0.130729 0.358333 0.000260 0.000926 1.000000
0 903 0.642969 0.643056 0.131771 0.356481 -0.000521 0.000926 1.000000
0 904 0.643750 0.645833 0.132292 0.349074 0.000781 0.002778 1.000000
0 905 0.644010 0.648148 0.131771 0.344444 0.000260 0.002315 1.000000
0 906 0.646094 0.649074 0.127604 0.344444 0.002083 0.000926 1.000000
0 907 0.646615 0.649537 0.126562 0.343519 0.000521 0.000463 1.000000
0 908 0.648177 0.650463 0.123438 0.341667 0.001563 0.000926 1.000000
0 909 0.649740 0.650926 0.120313 0.340741 0.001563 0.000463 1.000000
0 910 0.649740 0.649074 0.120313 0.342593 0.000000 -0.001852 1.000000
0 911 0.649219 0.648148 0.121354 0.346296 -0.000521 -0.000926 1.000000
0 912 0.650260 0.646296 0.118229 0.350000 0.001042 -0.001852 1.000000
0 913 0.658073 0.644444 0.103646 0.353704 0.007812 -0.001852 1.000000
0 914 0.657292 0.642593 0.102083 0.357407 -0.000781 -0.001852 1.000000
0 915 0.656510 0.641204 0.100521 0.358333 -0.000781 -0.001389 1.000000
0 916 0.656771 0.643056 0.101042 0.356481 0.000260 0.001852 1.000000
0 917 0.656510 0.643981 0.100521 0.352778 -0.000260 0.000926 1.000000
0 918 0.657031 0.644907 0.101562 0.352778 0.000521 0.000926 1.000000
0 919 0.656771 0.642593 0.101042 0.355556 -0.000260 -0.002315 1.000000
0 920 0.656771 0.644907 0.101042 0.352778 0.000000 0.002315 1.000000
0 921 0.658073 0.644907 0.098437 0.352778 0.001302 0.000000 1.000000
0 922 0.659375 0.645370 0.095833 0.351852 0.001302 0.000463 1.000000
0 923 0.657813 0.645370 0.100000 0.355556 -0.001563 0.000000 1.000000
0 924 0.654687 0.646296 0.106250 0.359259 -0.003125 0.000926 1.000000
0 925 0.650260 0.645370 0.107813 0.359259 -0.004427 -0.000926 1.000000
0 926 0.642708 0.646759 0.100000 0.360185 -0.007552 0.001389 1.000000
0 927 0.638802 0.647222 0.091146 0.359259 -0.003906 0.000463 1.000000
0 928 0.637760 0.646759 0.082812 0.362037 -0.001042 -0.000463 1.000000
0 929 0.636458 0.645833 0.093750 0.365741 -0.001302 -0.000926 1.000000
0 930 0.633594 0.646759 0.086979 0.365741 -0.002865 0.000926 1.000000
0 931 0.632812 0.647685 0.068750 0.363889 -0.000781 0.000926 1.000000
0 932 0.630208 0.648611 0.060417 0.362037 -0.002604 0.000926 1.000000
0 933 0.627604 0.648611 0.060417 0.362037 -0.002604 0.000000 1.000000
0 934 0.627344 0.645833 0.060937 0.365741 -0.000260 -0.002778 1.000000
0 935 0.630729 0.647685 0.058333 0.363889 0.003385 0.001852 1.000000
0 936 0.630729 0.654630 0.056250 0.350000 0.000000 0.006944 1.000000
0 937 0.630208 0.662963 0.054167 0.335185 -0.000521 0.008333 1.000000
0 938 0.629948 0.671759 0.051562 0.317593 -0.000260 0.008796 1.000000
0 939 0.629687 0.679167 0.051042 0.304630 -0.000260 0.007407 1.000000
0 940 0.630469 0.682407 0.050521 0.296296 0.000781 0.003241 1.000000
0 941 0.630729 0.684259 0.051042 0.292593 0.000260 0.001852 1.000000
0 942 0.630729 0.684259 0.051042 0.292593 0.000000 0.000000 1.000000
0 943 0.630990 0.682870 0.050521 0.295370 0.000260 -0.001389 1.000000
0 944 0.630990 0.681944 0.051562 0.297222 0.000000 -0.000926 1.000000
0 945 0.630729 0.680556 0.051042 0.298148 -0.000260 -0.001389 1.000000
0 946 0.630729 0.679630 0.051042 0.301852 0.000000 -0.000926 1.000000
0 947 0.630208 0.679167 0.052083 0.302778 -0.000521 -0.000463 1.000000
0 948 0.629687 0.678704 0.053125 0.303704 -0.000521 -0.000463 1.000000
0 949 0.629687 0.675463 0.054167 0.306481 0.000000 -0.003241 1.000000
0 950 0.629948 0.674537 0.058854 0.306481 0.000260 -0.000926 1.000000
0 951 0.629948 0.674537 0.061979 0.304630 0.000000 0.000000 1.000000
0 952 0.628125 0.674074 0.065625 0.305556 -0.001823 -0.000463 1.000000
0 953 0.625781 0.675926 0.070312 0.303704 -0.002344 0.001852 1.000000
0 954 0.623437 0.676389 0.077083 0.302778 -0.002344 0.000463 1.000000
0 955 0.621875 0.677778 0.085417 0.300000 -0.001563 0.001389 1.000000
0 956 0.616406 0.678241 0.091146 0.299074 -0.005469 0.000463 1.000000
0 957 0.614844 0.677315 0.094271 0.300926 -0.001563 -0.000926 1.000000
0 958 0.616406 0.673148 0.090104 0.309259 0.001563 -0.004167 1.000000
0 959 0.617448 0.665741 0.088021 0.322222 0.001042 -0.007407 1.000000
0 960 0.617188 0.660648 0.089583 0.336111 -0.000260 -0.005093 1.000000
0 961 0.615625 0.650926 0.092708 0.353704 -0.001563 -0.009722 1.000000
0 962 0.614583 0.649074 0.094792 0.359259 -0.001042 -0.001852 1.000000
0 963 0.612760 0.668056 0.096354 0.319444 -0.001823 0.018981 1.000000
0 964 0.612240 0.669907 0.097396 0.315741 -0.000521 0.001852 1.000000
0 965 0.611719 0.672685 0.097396 0.310185 -0.000521 0.002778 1.000000
0 966 0.610677 0.675000 0.096354 0.305556 -0.001042 0.002315 1.000000
0 967 0.609635 0.678704 0.093229 0.298148 -0.001042 0.003704 1.000000
0 968 0.607552 0.681944 0.089063 0.291667 -0.002083 0.003241 1.000000
0 969 0.605208 0.685648 0.082292 0.284259 -0.002344 0.003704 1.000000
0 970 0.603125 0.688426 0.084375 0.276852 -0.002083 0.002778 1.000000
0 971 0.602344 0.693056 0.089063 0.267593 -0.000781 0.004630 1.000000
0 972 0.600781 0.697685 0.089063 0.260185 -0.001563 0.004630 1.000000
0 973 0.601823 0.699537 0.086979 0.254630 0.001042 0.001852 1.000000
0 974 0.605208 0.702315 0.080208 0.249074 0.003385 0.002778 1.000000
0 975 0.604688 0.706481 0.080208 0.240741 -0.000521 0.004167 1.000000
0 976 0.600521 0.714352 0.089583 0.230556 -0.004167 0.007870 1.000000
0 977 0.598437 0.720833 0.093750 0.226852 -0.002083 0.006481 1.000000
0 978 0.600781 0.728241 0.088021 0.221296 0.002344 0.007407 1.000000
0 979 0.603385 0.723611 0.080729 0.232407 0.002604 -0.004630 1.000000
0 980 0.601042 0.717593 0.084375 0.246296 -0.002344 -0.006019 1.000000
0 981 0.598177 0.709722 0.089063 0.260185 -0.002865 -0.007870 1.000000
0 982 0.595313 0.700000 0.092708 0.281481 -0.002865 -0.009722 1.000000
0 983 0.594271 0.702778 0.094792 0.275926 -0.001042 0.002778 1.000000
0 984 0.593490 0.717130 0.094271 0.249074 -0.000781 0.014352 1.000000
0 985 0.593229 0.717593 0.094792 0.246296 -0.000260 0.000463 1.000000
0 986 0.593229 0.719907 0.094792 0.243519 0.000000 0.002315 1.000000
0 987 0.593490 0.716667 0.094271 0.248148 0.000260 -0.003241 1.000000
0 988 0.594531 0.716667 0.093229 0.248148 0.001042 0.000000 1.000000
0 989 0.595833 0.715278 0.091667 0.250926 0.001302 -0.001389 1.000000
0 990 0.595833 0.716667 0.092708 0.244444 0.000000 0.001389 1.000000
0 991 0.595052 0.712963 0.095312 0.250000 -0.000781 -0.003704 1.000000
0 992 0.594531 0.714352 0.096354 0.247222 -0.000521 0.001389 1.000000
0 993 0.595313 0.712963 0.095833 0.248148 0.000781 -0.001389 1.000000
0 994 0.596615 0.712963 0.093229 0.248148 0.001302 0.000000 1.000000
0 995 0.597656 0.713426 0.090104 0.247222 0.001042 0.000463 1.000000
0 996 0.598958 0.714815 0.088542 0.244444 0.001302 0.001389 1.000000
0 997 0.598958 0.714815 0.088542 0.244444 0.000000 0.000000 1.000000
0 998 0.600260 0.715741 0.089063 0.242593 0.001302 0.000926 1.000000
0 999 0.604167 0.716667 0.101042 0.242593 0.003906 0.000926 1.000000
0 1000 0.605208 0.715278 0.112500 0.243519 0.001042 -0.001389 1.000000
0 1001 0.616406 0.711574 0.132812 0.250926 0.011198 -0.003704 1.000000
0 1002 0.622656 0.707870 0.144271 0.258333 0.006250 -0.003704 1.000000
0 1003 0.624219 0.715278 0.146354 0.245370 0.001563 0.007407 1.000000
0 1004 0.624740 0.724074 0.145313 0.227778 0.000521 0.008796 1.000000
0 1005 0.621875 0.734722 0.139583 0.206481 -0.002865 0.010648 1.000000
0 1006 0.622135 0.735648 0.139063 0.206481 0.000260 0.000926 1.000000
0 1007 0.622135 0.734259 0.138021 0.207407 0.000000 -0.001389 1.000000
0 1008 0.624740 0.733796 0.141146 0.206481 0.002604 -0.000463 1.000000
0 1009 0.627865 0.734259 0.146354 0.205556 0.003125 0.000463 1.000000
0 1010 0.629167 0.733796 0.150000 0.206481 0.001302 -0.000463 1.000000
0 1011 0.629167 0.731944 0.147917 0.210185 0.000000 -0.001852 1.000000
0 1012 0.629948 0.731481 0.144271 0.211111 0.000781 -0.000463 1.000000
0 1013 0.630990 0.731944 0.141146 0.212037 0.001042 0.000463 1.000000
0 1014 0.633854 0.733333 0.135417 0.205556 0.002865 0.001389 1.000000
0 1015 0.632552 0.737963 0.139063 0.196296 -0.001302 0.004630 1.000000
0 1016 0.641667 0.743519 0.138542 0.185185 0.009115 0.005556 1.000000
0 1017 0.645312 0.750000 0.114583 0.172222 0.003646 0.006481 1.000000
0 1018 0.650000 0.752778 0.116667 0.166667 0.004687 0.002778 1.000000
0 1019 0.651823 0.756944 0.124479 0.160185 0.001823 0.004167 1.000000
0 1020 0.650781 0.758333 0.122396 0.159259 -0.001042 0.001389 1.000000
0 1021 0.650260 0.755556 0.125521 0.164815 -0.000521 -0.002778 1.000000
0 1022 0.639062 0.750926 0.104167 0.174074 -0.011198 -0.004630 1.000000
0 1023 0.636979 0.743519 0.096875 0.188889 -0.002083 -0.007407 1.000000
0 1024 0.634375 0.726389 0.102083 0.225000 -0.002604 -0.017130 1.000000
0 1025 0.618229 0.696296 0.088542 0.279630 -0.016146 -0.030093 1.000000
0 1026 0.615104 0.702315 0.109375 0.263889 -0.003125 0.006019 1.000000
0 1027 0.612240 0.700926 0.125521 0.266667 -0.002865 -0.001389 1.000000
0 1028 0.613021 0.713889 0.127083 0.240741 0.000781 0.012963 1.000000
0 1029 0.614323 0.717593 0.126562 0.233333 0.001302 0.003704 1.000000
0 1030 0.616406 0.720370 0.120313 0.229630 0.002083 0.002778 1.000000
0 1031 0.619531 0.722685 0.113021 0.223148 0.003125 0.002315 1.000000
0 1032 0.615885 0.725000 0.121354 0.218519 -0.003646 0.002315 1.000000
0 1033 0.610677 0.726852 0.131771 0.214815 -0.005208 0.001852 1.000000
0 1034 0.605729 0.729630 0.141667 0.211111 -0.004948 0.002778 1.000000
0 1035 0.603646 0.731019 0.144792 0.208333 -0.002083 0.001389 1.000000
0 1036 0.605208 0.732407 0.143750 0.205556 0.001563 0.001389 1.000000
0 1037 0.609115 0.731481 0.135937 0.207407 0.003906 -0.000926 1.000000
0 1038 0.614062 0.728704 0.126042 0.212963 0.004948 -0.002778 1.000000
0 1039 0.618229 0.724074 0.115625 0.220370 0.004167 -0.004630 1.000000
0 1040 0.619531 0.717593 0.113021 0.233333 0.001302 -0.006481 1.000000
0 1041 0.620313 0.711111 0.110417 0.246296 0.000781 -0.006481 1.000000
0 1042 0.624219 0.706019 0.121354 0.256481 0.003906 -0.005093 1.000000
0 1043 0.624479 0.705093 0.142708 0.258333 0.000260 -0.000926 1.000000
0 1044 0.623437 0.705556 0.166667 0.257407 -0.001042 0.000463 1.000000
0 1045 0.615365 0.708333 0.179688 0.253704 -0.008073 0.002778 1.000000
0 1046 0.613542 0.700463 0.147917 0.267593 -0.001823 -0.007870 1.000000
0 1047 0.619792 0.698148 0.091667 0.272222 0.006250 -0.002315 1.000000
0 1048 0.618750 0.701389 0.086458 0.267593 -0.001042 0.003241 1.000000
0 1049 0.619271 0.700926 0.078125 0.268519 0.000521 -0.000463 1.000000
0 1050 0.620313 0.700926 0.077083 0.266667 0.001042 0.000000 1.000000
0 1051 0.620573 0.702778 0.076563 0.266667 0.000260 0.001852 1.000000
0 1052 0.620833 0.702778 0.077083 0.264815 0.000260 0.000000 1.000000
0 1053 0.620573 0.703704 0.075521 0.264815 -0.000260 0.000926 1.000000
0 1054 0.620313 0.703241 0.076042 0.263889 -0.000260 -0.000463 1.000000
0 1055 0.621094 0.703704 0.076563 0.264815 0.000781 0.000463 1.000000
0 1056 0.622135 0.702778 0.077604 0.266667 0.001042 -0.000926 1.000000
0 1057 0.623437 0.700926 0.077083 0.270370 0.001302 -0.001852 1.000000
0 1058 0.624219 0.700000 0.076563 0.270370 0.000781 -0.000926 1.000000
0 1059 0.624479 0.700463 0.076042 0.271296 0.000260 0.000463 1.000000
0 1060 0.624740 0.699074 0.075521 0.272222 0.000260 -0.001389 1.000000
0 1061 0.624479 0.699074 0.075000 0.274074 -0.000260 0.000000 1.000000
0 1062 0.623958 0.697685 0.076042 0.275000 -0.000521 -0.001389 1.000000
0 1063 0.622917 0.697685 0.077083 0.278704 -0.001042 0.000000 1.000000
0 1064 0.622656 0.696296 0.076563 0.279630 -0.000260 -0.001389 1.000000
0 1065 0.622396 0.695370 0.076042 0.283333 -0.000260 -0.000926 1.000000
0 1066 0.622917 0.694907 0.076042 0.282407 0.000521 -0.000463 1.000000
0 1067 0.623177 0.694907 0.075521 0.284259 0.000260 0.000000 1.000000
0 1068 0.623437 0.694444 0.076042 0.285185 0.000260 -0.000463 1.000000
0 1069 0.623437 0.693981 0.076042 0.286111 0.000000 -0.000463 1.000000
0 1070 0.623698 0.693519 0.076563 0.287037 0.000260 -0.000463 1.000000
0 1071 0.624219 0.692593 0.077604 0.288889 0.000521 -0.000926 1.000000
0 1072 0.625781 0.692130 0.077604 0.289815 0.001563 -0.000463 1.000000
0 1073 0.626823 0.691204 0.077604 0.291667 0.001042 -0.000926 1.000000
0 1074 0.627865 0.692130 0.076563 0.291667 0.001042 0.000926 1.000000
0 1075 0.628385 0.691667 0.075521 0.290741 0.000521 -0.000463 1.000000
0 1076 0.628385 0.691667 0.076563 0.290741 0.000000 0.000000 1.000000
0 1077 0.627604 0.691204 0.077083 0.291667 -0.000781 -0.000463 1.000000
0 1078 0.627604 0.690278 0.078125 0.293519 0.000000 -0.000926 1.000000
0 1079 0.626302 0.691204 0.078646 0.293519 -0.001302 0.000926 1.000000
0 1080 0.626302 0.690741 0.078646 0.292593 0.000000 -0.000463 1.000000
0 1081 0.626823 0.692593 0.078646 0.292593 0.000521 0.001852 1.000000
0 1082 0.628385 0.691204 0.079687 0.293519 0.001563 -0.001389 1.000000
0 1083 0.627865 0.691204 0.079687 0.293519 -0.000521 0.000000 1.000000
0 1084 0.625000 0.692130 0.072917 0.291667 -0.002865 0.000926 1.000000
0 1085 0.624219 0.668981 0.071354 0.337963 -0.000781 -0.023148 1.000000
0 1086 0.616927 0.670370 0.080729 0.335185 -0.007292 0.001389 1.000000
0 1087 0.611458 0.681944 0.090625 0.312037 -0.005469 0.011574 1.000000
0 1088 0.607812 0.687037 0.095833 0.301852 -0.003646 0.005093 1.000000
0 1089 0.606250 0.680556 0.094792 0.314815 -0.001563 -0.006481 1.000000
0 1090 0.603906 0.675463 0.093229 0.325000 -0.002344 -0.005093 1.000000
0 1091 0.603125 0.677778 0.092708 0.322222 -0.000781 0.002315 1.000000
0 1092 0.601042 0.678704 0.095833 0.318519 -0.002083 0.000926 1.000000
0 1093 0.598698 0.681019 0.098437 0.313889 -0.002344 0.002315 1.000000
0 1094 0.597135 0.684722 0.101562 0.308333 -0.001563 0.003704 1.000000
0 1095 0.595573 0.687963 0.103646 0.300000 -0.001563 0.003241 1.000000
0 1096 0.593490 0.693519 0.105729 0.288889 -0.002083 0.005556 1.000000
0 1097 0.592448 0.699537 0.106771 0.278704 -0.001042 0.006019 1.000000
0 1098 0.590885 0.704167 0.106771 0.269444 -0.001563 0.004630 1.000000
0 1099 0.590104 0.703704 0.105208 0.270370 -0.000781 -0.000463 1.000000
0 1100 0.590365 0.710185 0.102604 0.257407 0.000260 0.006481 1.000000
0 1101 0.590625 0.708333 0.101042 0.259259 0.000260 -0.001852 1.000000
0 1102 0.592708 0.700463 0.100000 0.275000 0.002083 -0.007870 1.000000
0 1103 0.594271 0.693056 0.097917 0.289815 0.001563 -0.007407 1.000000
0 1104 0.595573 0.689815 0.095312 0.298148 0.001302 -0.003241 1.000000
0 1105 0.596615 0.689815 0.094271 0.298148 0.001042 0.000000 1.000000
0 1106 0.594271 0.688889 0.098958 0.298148 -0.002344 -0.000926 1.000000
0 1107 0.593490 0.690741 0.102604 0.294444 -0.000781 0.001852 1.000000
0 1108 0.592187 0.699537 0.108333 0.280556 -0.001302 0.008796 1.000000
0 1109 0.590365 0.700926 0.113021 0.277778 -0.001823 0.001389 1.000000
0 1110 0.589063 0.701389 0.116667 0.275000 -0.001302 0.000463 1.000000
0 1111 0.589063 0.702315 0.115625 0.275000 0.000000 0.000926 1.000000
0 1112 0.595573 0.698148 0.102604 0.283333 0.006510 -0.004167 1.000000
0 1113 0.599740 0.693981 0.093229 0.293519 0.004167 -0.004167 1.000000
0 1114 0.599219 0.693981 0.094271 0.295370 -0.000521 0.000000 1.000000
0 1115 0.597656 0.693519 0.096354 0.294444 -0.001563 -0.000463 1.000000
0 1116 0.596875 0.697222 0.097917 0.288889 -0.000781 0.003704 1.000000
0 1117 0.596875 0.700926 0.097917 0.281481 0.000000 0.003704 1.000000
0 1118 0.596875 0.701852 0.096875 0.279630 0.000000 0.000926 1.000000
0 1119 0.596875 0.700000 0.094792 0.283333 0.000000 -0.001852 1.000000
0 1120 0.595833 0.698148 0.088542 0.285185 -0.001042 -0.001852 1.000000
0 1121 0.597917 0.694907 0.086458 0.273148 0.002083 -0.003241 1.000000
0 1122 0.595313 0.687037 0.091667 0.288889 -0.002604 -0.007870 1.000000
0 1123 0.591927 0.678704 0.098437 0.305556 -0.003385 -0.008333 1.000000
0 1124 0.591927 0.681019 0.099479 0.299074 0.000000 0.002315 1.000000
0 1125 0.589063 0.689815 0.106250 0.281481 -0.002865 0.008796 1.000000
0 1126 0.589063 0.687037 0.109375 0.287037 0.000000 -0.002778 1.000000
0 1127 0.602865 0.682870 0.127604 0.295370 0.013802 -0.004167 1.000000
0 1128 0.616667 0.678241 0.121875 0.306481 0.013802 -0.004630 1.000000
0 1129 0.614062 0.672222 0.111458 0.316667 -0.002604 -0.006019 1.000000
0 1130 0.607031 0.665278 0.094271 0.330556 -0.007031 -0.006944 1.000000
0 1131 0.603646 0.657407 0.086458 0.348148 -0.003385 -0.007870 1.000000
0 1132 0.609375 0.652315 0.094792 0.358333 0.005729 -0.005093 1.000000
0 1133 0.603385 0.646759 0.078646 0.369444 -0.005990 -0.005556 1.000000
0 1134 0.594010 0.643056 0.055729 0.376852 -0.009375 -0.003704 1.000000
0 1135 0.594010 0.639815 0.053646 0.377778 0.000000 -0.003241 1.000000
0 1136 0.593229 0.634722 0.053125 0.367593 -0.000781 -0.005093 1.000000
0 1137 0.591146 0.639815 0.054167 0.355556 -0.002083 0.005093 1.000000
0 1138 0.592187 0.638889 0.052083 0.351852 0.001042 -0.000926 1.000000
0 1139 0.591146 0.637963 0.048958 0.355556 -0.001042 -0.000926 1.000000
0 1140 0.590365 0.639815 0.046354 0.351852 -0.000781 0.001852 1.000000
0 1141 0.588542 0.640278 0.044792 0.349074 -0.001823 0.000463 1.000000
0 1142 0.587500 0.639815 0.045833 0.348148 -0.001042 -0.000463 1.000000
0 1149 0.578385 0.625926 0.055729 0.364815 -0.001302 -0.001984 1.000000
0 1150 0.570052 0.627778 0.071354 0.361111 -0.008333 0.001852 1.000000
0 1151 0.564063 0.642130 0.082292 0.330556 -0.005990 0.014352 1.000000
0 1152 0.572396 0.643981 0.062500 0.326852 0.008333 0.001852 1.000000
0 1153 0.574740 0.643981 0.056771 0.326852 0.002344 0.000000 1.000000
0 1154 0.575260 0.643519 0.056771 0.327778 0.000521 -0.000463 1.000000
0 1155 0.576562 0.642130 0.057292 0.328704 0.001302 -0.001389 1.000000
0 1156 0.576562 0.640741 0.056250 0.329630 0.000000 -0.001389 1.000000
0 1157 0.574740 0.639352 0.059896 0.328704 -0.001823 -0.001389 1.000000
0 1158 0.576562 0.639815 0.054167 0.327778 0.001823 0.000463 1.000000
0 1159 0.577865 0.639815 0.058854 0.329630 0.001302 0.000000 1.000000
0 1160 0.581510 0.638889 0.068229 0.329630 0.003646 -0.000926 1.000000
0 1161 0.586719 0.639352 0.079687 0.330556 0.005208 0.000463 1.000000
0 1162 0.594531 0.656481 0.097396 0.296296 0.007812 0.017130 1.000000
0 1163 0.588802 0.661111 0.086979 0.285185 -0.005729 0.004630 1.000000
0 1164 0.585938 0.665741 0.083333 0.274074 -0.002865 0.004630 1.000000
0 1165 0.585156 0.668056 0.083854 0.269444 -0.000781 0.002315 1.000000
0 1166 0.583594 0.669444 0.084896 0.264815 -0.001563 0.001389 1.000000
0 1167 0.583073 0.670833 0.085938 0.262037 -0.000521 0.001389 1.000000
0 1168 0.582292 0.673611 0.084375 0.258333 -0.000781 0.002778 1.000000
0 1169 0.582031 0.675000 0.085938 0.253704 -0.000260 0.001389 1.000000
0 1170 0.582812 0.676852 0.087500 0.250000 0.000781 0.001852 1.000000
0 1171 0.583333 0.678241 0.090625 0.247222 0.000521 0.001389 1.000000
0 1172 0.583854 0.679630 0.091667 0.244444 0.000521 0.001389 1.000000
0 1173 0.584115 0.679630 0.092188 0.244444 0.000260 0.000000 1.000000
0 1174 0.582552 0.679167 0.089063 0.245370 -0.001563 -0.000463 1.000000
0 1175 0.585417 0.676389 0.093750 0.249074 0.002865 -0.002778 1.000000
0 1176 0.582812 0.674074 0.085417 0.253704 -0.002604 -0.002315 1.000000
0 1177 0.574479 0.669907 0.064583 0.262037 -0.008333 -0.004167 1.000000
0 1178 0.575260 0.665278 0.063021 0.269444 0.000781 -0.004630 1.000000
0 1179 0.578125 0.650926 0.067708 0.298148 0.002865 -0.014352 1.000000
0 1180 0.577083 0.635185 0.066667 0.327778 -0.001042 -0.015741 1.000000
0 1181 0.576823 0.614815 0.065104 0.368519 -0.000260 -0.020370 1.000000
0 1182 0.578385 0.613889 0.061979 0.370370 0.001563 -0.000926 1.000000
0 1183 0.580469 0.632407 0.053646 0.333333 0.002083 0.018519 1.000000
0 1184 0.582552 0.628704 0.050521 0.333333 0.002083 -0.003704 1.000000
0 1185 0.585938 0.627778 0.042708 0.331481 0.003385 -0.000926 1.000000
0 1186 0.586719 0.625000 0.036979 0.327778 0.000781 -0.002778 1.000000
0 1195 0.589844 0.626389 0.061979 0.323148 0.000347 0.000154 1.000000
0 1196 0.596875 0.625463 0.063542 0.323148 0.007031 -0.000926 1.000000
0 1197 0.601302 0.626389 0.065104 0.323148 0.004427 0.000926 1.000000
0 1198 0.603906 0.625926 0.064062 0.324074 0.002604 -0.000463 1.000000
0 1199 0.604167 0.625926 0.064583 0.324074 0.000260 0.000000 1.000000
0 1200 0.604948 0.625000 0.065104 0.324074 0.000781 -0.000926 1.000000
0 1201 0.600260 0.626852 0.071354 0.322222 -0.004687 0.001852 1.000000
0 1202 0.594271 0.626389 0.071875 0.323148 -0.005990 -0.000463 1.000000
