0 1 0.327083 0.604167 0.071875 0.265741 0.000000 0.000000 1.000000
0 2 0.330208 0.605093 0.072917 0.263889 0.003125 0.000926 1.000000
0 3 0.330729 0.605556 0.070833 0.262963 0.000521 0.000463 1.000000
0 4 0.330990 0.612500 0.083854 0.252778 0.000260 0.006944 1.000000
0 5 0.339323 0.615741 0.083854 0.250000 0.008333 0.003241 1.000000
0 6 0.341927 0.618056 0.090104 0.245370 0.002604 0.002315 1.000000
0 7 0.340365 0.623611 0.097396 0.234259 -0.001563 0.005556 1.000000
0 8 0.340365 0.629630 0.097396 0.222222 0.000000 0.006019 1.000000
0 9 0.340625 0.640278 0.100000 0.200926 0.000260 0.010648 1.000000
0 10 0.340885 0.648148 0.098437 0.187037 0.000260 0.007870 1.000000
0 11 0.339583 0.648148 0.098958 0.187037 -0.001302 0.000000 1.000000
0 12 0.340625 0.646296 0.088542 0.190741 0.001042 -0.001852 1.000000
0 13 0.340104 0.643056 0.081250 0.195370 -0.000521 -0.003241 1.000000
0 14 0.334115 0.639352 0.071354 0.202778 -0.005990 -0.003704 1.000000
0 15 0.323177 0.636574 0.058854 0.213889 -0.010937 -0.002778 1.000000
0 16 0.314583 0.631944 0.056250 0.225000 -0.008594 -0.004630 1.000000
0 17 0.313281 0.626852 0.057813 0.237037 -0.001302 -0.005093 1.000000
0 18 0.312760 0.619444 0.057813 0.251852 -0.000521 -0.007407 1.000000
0 19 0.312240 0.615278 0.060937 0.260185 -0.000521 -0.004167 1.000000
0 20 0.306250 0.608333 0.053125 0.272222 -0.005990 -0.006944 1.000000
0 21 0.302865 0.606481 0.056771 0.277778 -0.003385 -0.001852 1.000000
0 22 0.299219 0.608796 0.063021 0.278704 -0.003646 0.002315 1.000000
0 23 0.297656 0.613889 0.064062 0.268519 -0.001563 0.005093 1.000000
0 24 0.296094 0.620370 0.061979 0.255556 -0.001563 0.006481 1.000000
0 25 0.296875 0.619907 0.063542 0.256481 0.000781 -0.000463 1.000000
0 26 0.302344 0.619444 0.074479 0.255556 0.005469 -0.000463 1.000000
0 27 0.301823 0.620370 0.073438 0.255556 -0.000521 0.000926 1.000000
0 28 0.304688 0.620833 0.080208 0.254630 0.002865 0.000463 1.000000
0 29 0.304688 0.621759 0.079167 0.252778 0.000000 0.000926 1.000000
0 30 0.304167 0.621759 0.080208 0.252778 -0.000521 0.000000 1.000000
0 31 0.303646 0.621759 0.078125 0.252778 -0.000521 0.000000 1.000000
0 32 0.303906 0.621759 0.077604 0.252778 0.000260 0.000000 1.000000
0 33 0.303646 0.622685 0.077083 0.252778 -0.000260 0.000926 1.000000
0 34 0.303385 0.622685 0.077604 0.252778 -0.000260 0.000000 1.000000
0 35 0.303906 0.622222 0.078646 0.251852 0.000521 -0.000463 1.000000
0 36 0.301563 0.621296 0.073958 0.253704 -0.002344 -0.000926 1.000000
0 37 0.302344 0.620833 0.074479 0.256481 0.000781 -0.000463 1.000000
0 38 0.302083 0.620370 0.073958 0.255556 -0.000260 -0.000463 1.000000
0 39 0.301563 0.620833 0.073958 0.254630 -0.000521 0.000463 1.000000
0 40 0.301302 0.621759 0.073438 0.254630 -0.000260 0.000926 1.000000
0 41 0.301563 0.621759 0.072917 0.252778 0.000260 0.000000 1.000000
0 42 0.301563 0.621759 0.071875 0.252778 0.000000 0.000000 1.000000
0 43 0.302083 0.622685 0.071875 0.250926 0.000521 0.000926 1.000000
0 44 0.303906 0.624537 0.074479 0.249074 0.001823 0.001852 1.000000
0 45 0.305729 0.624074 0.078125 0.248148 0.001823 -0.000463 1.000000
0 46 0.308073 0.624537 0.083854 0.247222 0.002344 0.000463 1.000000
0 47 0.308073 0.624537 0.083854 0.247222 0.000000 0.000000 1.000000
0 48 0.303125 0.623148 0.075000 0.250000 -0.004948 -0.001389 1.000000
0 49 0.302083 0.621759 0.071875 0.252778 -0.001042 -0.001389 1.000000
0 50 0.301823 0.621759 0.072396 0.252778 -0.000260 0.000000 1.000000
0 51 0.301823 0.622222 0.073438 0.251852 0.000000 0.000463 1.000000
0 52 0.301823 0.621759 0.074479 0.254630 0.000000 -0.000463 1.000000
0 53 0.301042 0.620833 0.072917 0.256481 -0.000781 -0.000926 1.000000
0 54 0.302083 0.619444 0.071875 0.257407 0.001042 -0.001389 1.000000
0 55 0.302344 0.619444 0.069271 0.259259 0.000260 0.000000 1.000000
0 56 0.304948 0.621296 0.073438 0.253704 0.002604 0.001852 1.000000
0 57 0.304688 0.621296 0.072917 0.253704 -0.000260 0.000000 1.000000
0 58 0.304167 0.620833 0.072917 0.254630 -0.000521 -0.000463 1.000000
0 59 0.303906 0.620370 0.072396 0.253704 -0.000260 -0.000463 1.000000
0 60 0.303646 0.621296 0.071875 0.253704 -0.000260 0.000926 1.000000
0 61 0.303646 0.621296 0.071875 0.253704 0.000000 0.000000 1.000000
0 62 0.303125 0.621296 0.071875 0.253704 -0.000521 0.000000 1.000000
0 63 0.303125 0.622685 0.072917 0.250926 0.000000 0.001389 1.000000
0 64 0.304688 0.623148 0.075000 0.251852 0.001563 0.000463 1.000000
0 65 0.304688 0.622222 0.075000 0.253704 0.000000 -0.000926 1.000000
0 66 0.304427 0.621759 0.074479 0.252778 -0.000260 -0.000463 1.000000
0 67 0.304167 0.622685 0.073958 0.252778 -0.000260 0.000926 1.000000
0 68 0.303906 0.622222 0.073438 0.251852 -0.000260 -0.000463 1.000000
0 69 0.303385 0.622222 0.073438 0.253704 -0.000521 0.000000 1.000000
0 70 0.303646 0.622222 0.072917 0.253704 0.000260 0.000000 1.000000
0 71 0.303385 0.621296 0.072396 0.253704 -0.000260 -0.000926 1.000000
0 72 0.303906 0.622222 0.073438 0.253704 0.000521 0.000926 1.000000
0 73 0.303385 0.622222 0.073438 0.253704 -0.000521 0.000000 1.000000
0 74 0.303385 0.620833 0.072396 0.256481 0.000000 -0.001389 1.000000
0 75 0.303125 0.620370 0.071875 0.257407 -0.000260 -0.000463 1.000000
0 76 0.304167 0.621759 0.073958 0.254630 0.001042 0.001389 1.000000
0 77 0.303906 0.622222 0.073438 0.253704 -0.000260 0.000463 1.000000
0 78 0.303906 0.621296 0.073438 0.253704 0.000000 -0.000926 1.000000
0 79 0.303646 0.620833 0.072917 0.254630 -0.000260 -0.000463 1.000000
0 80 0.303125 0.620370 0.072917 0.255556 -0.000521 -0.000463 1.000000
0 81 0.303906 0.621296 0.074479 0.255556 0.000781 0.000926 1.000000
0 82 0.303906 0.621296 0.074479 0.255556 0.000000 0.000000 1.000000
0 83 0.305469 0.620833 0.076563 0.256481 0.001563 -0.000463 1.000000
0 84 0.305469 0.618981 0.076563 0.258333 0.000000 -0.001852 1.000000
0 85 0.304948 0.619907 0.076563 0.258333 -0.000521 0.000926 1.000000
0 86 0.305208 0.619907 0.076042 0.258333 0.000260 0.000000 1.000000
0 87 0.305208 0.619907 0.076042 0.256481 0.000000 0.000000 1.000000
0 88 0.304948 0.620370 0.075521 0.255556 -0.000260 0.000463 1.000000
0 89 0.304948 0.620833 0.075521 0.254630 0.000000 0.000463 1.000000
0 90 0.304427 0.622222 0.075521 0.253704 -0.000521 0.001389 1.000000
0 91 0.304688 0.623148 0.075000 0.251852 0.000260 0.000926 1.000000
0 92 0.304167 0.624537 0.075000 0.247222 -0.000521 0.001389 1.000000
0 93 0.303385 0.623148 0.074479 0.250000 -0.000781 -0.001389 1.000000
0 94 0.304427 0.622222 0.082812 0.251852 0.001042 -0.000926 1.000000
0 95 0.296094 0.621759 0.100521 0.252778 -0.008333 -0.000463 1.000000
0 96 0.295312 0.618519 0.103125 0.259259 -0.000781 -0.003241 1.000000
0 97 0.294531 0.616667 0.102604 0.262963 -0.000781 -0.001852 1.000000
0 98 0.296094 0.609722 0.099479 0.276852 0.001563 -0.006944 1.000000
0 99 0.297135 0.606019 0.092188 0.286111 0.001042 -0.003704 1.000000
0 100 0.297396 0.602315 0.087500 0.291667 0.000260 -0.003704 1.000000
0 101 0.301302 0.603704 0.080729 0.290741 0.003906 0.001389 1.000000
0 102 0.300781 0.614352 0.075521 0.269444 -0.000521 0.010648 1.000000
0 103 0.302083 0.628241 0.075000 0.241667 0.001302 0.013889 1.000000
0 104 0.301563 0.631019 0.070833 0.236111 -0.000521 0.002778 1.000000
0 105 0.301302 0.633333 0.073438 0.231481 -0.000260 0.002315 1.000000
0 106 0.300521 0.633333 0.071875 0.233333 -0.000781 0.000000 1.000000
0 107 0.301302 0.633333 0.075521 0.233333 0.000781 0.000000 1.000000
0 108 0.301563 0.635185 0.076042 0.231481 0.000260 0.001852 1.000000
0 109 0.300521 0.635185 0.077083 0.229630 -0.001042 0.000000 1.000000
0 110 0.301042 0.634722 0.078125 0.230556 0.000521 -0.000463 1.000000
0 111 0.300521 0.635648 0.077083 0.228704 -0.000521 0.000926 1.000000
0 112 0.301302 0.637500 0.077604 0.226852 0.000781 0.001852 1.000000
0 113 0.300521 0.637500 0.076042 0.225000 -0.000781 0.000000 1.000000
0 114 0.301042 0.637037 0.077083 0.225926 0.000521 -0.000463 1.000000
0 115 0.300521 0.636111 0.077083 0.227778 -0.000521 -0.000926 1.000000
0 116 0.301042 0.634259 0.078125 0.231481 0.000521 -0.001852 1.000000
0 117 0.302865 0.633333 0.082812 0.231481 0.001823 -0.000926 1.000000
0 118 0.304427 0.633796 0.083854 0.230556 0.001563 0.000463 1.000000
0 119 0.305729 0.633796 0.082292 0.232407 0.001302 0.000000 1.000000
0 120 0.304948 0.632407 0.079687 0.233333 -0.000781 -0.001389 1.000000
0 121 0.302865 0.631944 0.073438 0.232407 -0.002083 -0.000463 1.000000
0 122 0.303385 0.633796 0.073438 0.232407 0.000521 0.001852 1.000000
0 123 0.303125 0.634259 0.072917 0.229630 -0.000260 0.000463 1.000000
0 124 0.302865 0.635648 0.075521 0.226852 -0.000260 0.001389 1.000000
0 125 0.304167 0.635648 0.077083 0.226852 0.001302 0.000000 1.000000
0 126 0.303906 0.634722 0.077604 0.230556 -0.000260 -0.000926 1.000000
0 127 0.303906 0.633796 0.078646 0.232407 0.000000 -0.000926 1.000000
0 128 0.303906 0.633333 0.079687 0.233333 0.000000 -0.000463 1.000000
0 129 0.303385 0.633333 0.079687 0.233333 -0.000521 0.000000 1.000000
0 130 0.303385 0.632870 0.079687 0.234259 0.000000 -0.000463 1.000000
0 131 0.303385 0.632407 0.079687 0.235185 0.000000 -0.000463 1.000000
0 132 0.303385 0.631481 0.079687 0.237037 0.000000 -0.000926 1.000000
0 133 0.303646 0.630556 0.080208 0.238889 0.000260 -0.000926 1.000000
0 134 0.303646 0.628241 0.080208 0.243519 0.000000 -0.002315 1.000000
0 135 0.303646 0.625926 0.080208 0.250000 0.000000 -0.002315 1.000000
0 136 0.305990 0.620833 0.075521 0.256481 0.002344 -0.005093 1.000000
0 137 0.314583 0.616204 0.063542 0.265741 0.008594 -0.004630 1.000000
0 138 0.320052 0.606944 0.047396 0.282407 0.005469 -0.009259 1.000000
0 140 0.328906 0.594907 0.029687 0.304630 0.004427 -0.006019 1.000000
0 141 0.332813 0.591204 0.033333 0.312037 0.003906 -0.003704 1.000000
0 142 0.333594 0.596296 0.031771 0.303704 0.000781 0.005093 1.000000
0 143 0.334896 0.598611 0.030208 0.299074 0.001302 0.002315 1.000000
0 144 0.338021 0.597685 0.032292 0.300926 0.003125 -0.000926 1.000000
0 145 0.340104 0.599074 0.035417 0.296296 0.002083 0.001389 1.000000
0 146 0.342187 0.598611 0.035417 0.297222 0.002083 -0.000463 1.000000
0 147 0.344271 0.596296 0.037500 0.303704 0.002083 -0.002315 1.000000
0 148 0.348177 0.595370 0.038021 0.303704 0.003906 -0.000926 1.000000
0 149 0.350260 0.599537 0.041146 0.293519 0.002083 0.004167 1.000000
0 150 0.354427 0.604630 0.042188 0.272222 0.004167 0.005093 1.000000
0 151 0.358594 0.614815 0.052604 0.266667 0.004167 0.010185 1.000000
0 152 0.363281 0.618056 0.052604 0.258333 0.004687 0.003241 1.000000
0 153 0.365104 0.624074 0.051042 0.248148 0.001823 0.006019 1.000000
0 154 0.366927 0.630556 0.048438 0.235185 0.001823 0.006481 1.000000
0 155 0.367969 0.633333 0.044271 0.231481 0.001042 0.002778 1.000000
0 156 0.369271 0.634259 0.041667 0.227778 0.001302 0.000926 1.000000
0 157 0.370833 0.634259 0.041667 0.227778 0.001563 0.000000 1.000000
0 158 0.372917 0.634722 0.042708 0.226852 0.002083 0.000463 1.000000
0 159 0.373437 0.635185 0.041667 0.225926 0.000521 0.000463 1.000000
0 160 0.374479 0.636111 0.040625 0.225926 0.001042 0.000926 1.000000
0 161 0.373698 0.635185 0.039062 0.225926 -0.000781 -0.000926 1.000000
0 162 0.373437 0.634722 0.039583 0.226852 -0.000260 -0.000463 1.000000
0 163 0.373698 0.634259 0.041146 0.229630 0.000260 -0.000463 1.000000
0 164 0.373698 0.632407 0.043229 0.231481 0.000000 -0.001852 1.000000
0 165 0.374219 0.631019 0.045312 0.234259 0.000521 -0.001389 1.000000
0 166 0.374219 0.629167 0.047396 0.236111 0.000000 -0.001852 1.000000
0 167 0.374219 0.627778 0.048438 0.238889 0.000000 -0.001389 1.000000
0 168 0.373698 0.626389 0.048438 0.243519 -0.000521 -0.001389 1.000000
0 169 0.373958 0.624537 0.048958 0.247222 0.000260 -0.001852 1.000000
0 170 0.373958 0.622685 0.047917 0.250926 0.000000 -0.001852 1.000000
0 171 0.374219 0.620833 0.046354 0.252778 0.000260 -0.001852 1.000000
0 172 0.374219 0.618981 0.044271 0.256481 0.000000 -0.001852 1.000000
0 173 0.374740 0.618519 0.043229 0.259259 0.000521 -0.000463 1.000000
0 174 0.375781 0.617130 0.044271 0.262037 0.001042 -0.001389 1.000000
0 175 0.377344 0.616667 0.044271 0.262963 0.001563 -0.000463 1.000000
0 176 0.379167 0.616204 0.043750 0.263889 0.001823 -0.000463 1.000000
0 177 0.380469 0.616204 0.043229 0.263889 0.001302 0.000000 1.000000
0 178 0.382031 0.617593 0.043229 0.261111 0.001563 0.001389 1.000000
0 179 0.382292 0.618981 0.042708 0.258333 0.000260 0.001389 1.000000
0 180 0.381771 0.619907 0.041667 0.256481 -0.000521 0.000926 1.000000
0 181 0.381771 0.619907 0.039583 0.256481 0.000000 0.000000 1.000000
0 182 0.382552 0.618519 0.039062 0.261111 0.000781 -0.001389 1.000000
0 183 0.379948 0.615278 0.044271 0.265741 -0.002604 -0.003241 1.000000
0 184 0.375521 0.619907 0.054167 0.254630 -0.004427 0.004630 1.000000
0 185 0.377604 0.622685 0.062500 0.250926 0.002083 0.002778 1.000000
0 186 0.379167 0.625926 0.064583 0.244444 0.001563 0.003241 1.000000
0 187 0.379948 0.629167 0.066146 0.237963 0.000781 0.003241 1.000000
0 188 0.379427 0.628704 0.067187 0.238889 -0.000521 -0.000463 1.000000
0 189 0.379688 0.628241 0.067708 0.241667 0.000260 -0.000463 1.000000
0 190 0.379688 0.626389 0.068750 0.243519 0.000000 -0.001852 1.000000
0 191 0.379688 0.624537 0.069792 0.247222 0.000000 -0.001852 1.000000
0 192 0.379948 0.623148 0.070312 0.250000 0.000260 -0.001389 1.000000
0 193 0.379948 0.621759 0.070312 0.252778 0.000000 -0.001389 1.000000
0 194 0.380208 0.621296 0.069792 0.255556 0.000260 -0.000463 1.000000
0 195 0.380208 0.619444 0.068750 0.257407 0.000000 -0.001852 1.000000
0 196 0.379948 0.618981 0.068229 0.258333 -0.000260 -0.000463 1.000000
0 197 0.379427 0.619444 0.067187 0.259259 -0.000521 0.000463 1.000000
0 198 0.379688 0.619444 0.065625 0.259259 0.000260 0.000000 1.000000
0 199 0.380729 0.618981 0.065625 0.258333 0.001042 -0.000463 1.000000
0 200 0.381771 0.618981 0.067708 0.260185 0.001042 0.000000 1.000000
0 201 0.383854 0.619444 0.070833 0.261111 0.002083 0.000463 1.000000
0 202 0.384635 0.619907 0.075521 0.263889 0.000781 0.000463 1.000000
0 203 0.391406 0.620370 0.091146 0.261111 0.006771 0.000463 1.000000
0 204 0.391146 0.618981 0.092708 0.263889 -0.000260 -0.001389 1.000000
0 205 0.394792 0.616667 0.093750 0.268519 0.003646 -0.002315 1.000000
0 206 0.387760 0.619444 0.106771 0.262963 -0.007031 0.002778 1.000000
0 207 0.387240 0.618981 0.100521 0.263889 -0.000521 -0.000463 1.000000
0 208 0.384375 0.619907 0.097917 0.262037 -0.002865 0.000926 1.000000
0 209 0.383073 0.620833 0.091146 0.260185 -0.001302 0.000926 1.000000
0 210 0.379948 0.622685 0.090104 0.258333 -0.003125 0.001852 1.000000
0 211 0.377344 0.623148 0.089063 0.255556 -0.002604 0.000463 1.000000
0 212 0.377083 0.623611 0.089583 0.254630 -0.000260 0.000463 1.000000
0 213 0.380990 0.623148 0.093229 0.255556 0.003906 -0.000463 1.000000
0 214 0.384635 0.622685 0.079687 0.256481 0.003646 -0.000463 1.000000
0 215 0.387240 0.622222 0.066146 0.257407 0.002604 -0.000463 1.000000
0 216 0.386719 0.621296 0.067187 0.261111 -0.000521 -0.000926 1.000000
0 217 0.385937 0.620370 0.064583 0.262963 -0.000781 -0.000926 1.000000
0 218 0.390365 0.620370 0.059896 0.262963 0.004427 0.000000 1.000000
0 219 0.409896 0.621296 0.088542 0.261111 0.019531 0.000926 1.000000
0 220 0.414844 0.621759 0.063021 0.262037 0.004948 0.000463 1.000000
0 222 0.423438 0.620833 0.035417 0.262037 0.004297 -0.000463 1.000000
0 223 0.427344 0.619907 0.036979 0.263889 0.003906 -0.000926 1.000000
0 224 0.428125 0.618056 0.045833 0.260185 0.000781 -0.001852 1.000000
0 225 0.435156 0.615741 0.041146 0.253704 0.007031 -0.002315 1.000000
0 226 0.438542 0.615741 0.041667 0.253704 0.003385 0.000000 1.000000
0 227 0.445052 0.614815 0.046354 0.253704 0.006510 -0.000926 1.000000
0 228 0.452604 0.614352 0.047917 0.254630 0.007552 -0.000463 1.000000
0 229 0.455208 0.611111 0.054167 0.248148 0.002604 -0.003241 1.000000
0 230 0.459115 0.610648 0.052604 0.243519 0.003906 -0.000463 1.000000
0 231 0.461979 0.612500 0.050000 0.243519 0.002865 0.001852 1.000000
0 232 0.465625 0.612037 0.048958 0.240741 0.003646 -0.000463 1.000000
0 233 0.471875 0.611111 0.054167 0.240741 0.006250 -0.000926 1.000000
0 234 0.477344 0.611574 0.046354 0.239815 0.005469 0.000463 1.000000
0 235 0.480469 0.611574 0.046354 0.239815 0.003125 0.000000 1.000000
0 236 0.482031 0.611574 0.045312 0.239815 0.001563 0.000000 1.000000
0 237 0.484115 0.611574 0.044271 0.239815 0.002083 0.000000 1.000000
0 238 0.483594 0.610185 0.044271 0.235185 -0.000521 -0.001389 1.000000
0 239 0.483333 0.609259 0.044792 0.231481 -0.000260 -0.000926 1.000000
0 240 0.484635 0.609722 0.045312 0.232407 0.001302 0.000463 1.000000
0 241 0.486719 0.610648 0.047396 0.232407 0.002083 0.000926 1.000000
0 242 0.487760 0.611111 0.050521 0.231481 0.001042 0.000463 1.000000
0 243 0.488802 0.612500 0.050521 0.230556 0.001042 0.001389 1.000000
0 244 0.490104 0.613426 0.051042 0.228704 0.001302 0.000926 1.000000
0 245 0.491406 0.613426 0.051562 0.226852 0.001302 0.000000 1.000000
0 246 0.491927 0.614352 0.051562 0.225000 0.000521 0.000926 1.000000
0 247 0.493229 0.615278 0.048958 0.223148 0.001302 0.000926 1.000000
0 248 0.494531 0.615741 0.047396 0.222222 0.001302 0.000463 1.000000
0 249 0.494531 0.616204 0.045312 0.221296 0.000000 0.000463 1.000000
0 250 0.495573 0.615741 0.044271 0.222222 0.001042 -0.000463 1.000000
0 251 0.496875 0.616204 0.043750 0.221296 0.001302 0.000463 1.000000
0 252 0.496875 0.617130 0.042708 0.221296 0.000000 0.000926 1.000000
0 253 0.497135 0.617593 0.042188 0.220370 0.000260 0.000463 1.000000
0 254 0.497135 0.617130 0.041146 0.217593 0.000000 -0.000463 1.000000
0 255 0.497135 0.617593 0.041146 0.218519 0.000000 0.000463 1.000000
0 256 0.497396 0.618056 0.041667 0.219444 0.000260 0.000463 1.000000
0 257 0.496875 0.617593 0.041667 0.218519 -0.000521 -0.000463 1.000000
0 258 0.497135 0.616667 0.042188 0.218519 0.000260 -0.000926 1.000000
0 259 0.497135 0.616667 0.045312 0.222222 0.000000 0.000000 1.000000
0 260 0.497135 0.615278 0.045312 0.221296 0.000000 -0.001389 1.000000
0 261 0.496615 0.614815 0.046354 0.224074 -0.000521 -0.000463 1.000000
0 262 0.497135 0.614815 0.048438 0.225926 0.000521 0.000000 1.000000
0 263 0.496615 0.614352 0.051562 0.226852 -0.000521 -0.000463 1.000000
0 264 0.496615 0.615278 0.052604 0.225000 0.000000 0.000926 1.000000
0 265 0.496354 0.615278 0.053125 0.225000 -0.000260 0.000000 1.000000
0 266 0.496094 0.616204 0.052604 0.223148 -0.000260 0.000926 1.000000
0 267 0.496615 0.617593 0.051562 0.220370 0.000521 0.001389 1.000000
0 268 0.495573 0.618056 0.052604 0.221296 -0.001042 0.000463 1.000000
0 269 0.494531 0.617593 0.050521 0.220370 -0.001042 -0.000463 1.000000
0 270 0.494271 0.618519 0.047917 0.218519 -0.000260 0.000926 1.000000
0 271 0.494792 0.618519 0.044792 0.218519 0.000521 0.000000 1.000000
0 272 0.494271 0.618056 0.043750 0.219444 -0.000521 -0.000463 1.000000
0 273 0.495052 0.617593 0.044271 0.220370 0.000781 -0.000463 1.000000
0 274 0.494792 0.617593 0.043750 0.218519 -0.000260 0.000000 1.000000
0 275 0.495052 0.618056 0.041146 0.217593 0.000260 0.000463 1.000000
0 276 0.495052 0.618056 0.040104 0.217593 0.000000 0.000000 1.000000
0 277 0.495312 0.617593 0.038542 0.218519 0.000260 -0.000463 1.000000
0 278 0.495052 0.617130 0.038021 0.219444 -0.000260 -0.000463 1.000000
0 279 0.495052 0.616667 0.036979 0.222222 0.000000 -0.000463 1.000000
0 280 0.495573 0.613426 0.035937 0.226852 0.000521 -0.003241 1.000000
0 281 0.489583 0.610185 0.047917 0.233333 -0.005990 -0.003241 1.000000
0 282 0.486458 0.608333 0.055208 0.238889 -0.003125 -0.001852 1.000000
0 283 0.486458 0.606481 0.057292 0.242593 0.000000 -0.001852 1.000000
0 284 0.488802 0.597685 0.053646 0.260185 0.002344 -0.008796 1.000000
0 285 0.492448 0.590741 0.047396 0.275926 0.003646 -0.006944 1.000000
0 286 0.492969 0.589352 0.046354 0.276852 0.000521 -0.001389 1.000000
0 287 0.492969 0.592593 0.045312 0.272222 0.000000 0.003241 1.000000
0 288 0.493229 0.593056 0.043750 0.271296 0.000260 0.000463 1.000000
0 289 0.494792 0.594444 0.045833 0.268519 0.001563 0.001389 1.000000
0 290 0.495573 0.594444 0.047396 0.266667 0.000781 0.000000 1.000000
0 291 0.496354 0.591667 0.048958 0.274074 0.000781 -0.002778 1.000000
0 292 0.493750 0.590741 0.042708 0.275926 -0.002604 -0.000926 1.000000
0 293 0.492448 0.590741 0.039062 0.275926 -0.001302 0.000000 1.000000
0 294 0.492188 0.590741 0.038542 0.275926 -0.000260 0.000000 1.000000
0 295 0.492448 0.590741 0.038021 0.277778 0.000260 0.000000 1.000000
0 296 0.493490 0.591667 0.038021 0.274074 0.001042 0.000926 1.000000
0 297 0.492969 0.596296 0.036979 0.266667 -0.000521 0.004630 1.000000
0 298 0.493750 0.596296 0.036458 0.262963 0.000781 0.000000 1.000000
0 299 0.494010 0.597222 0.038021 0.262963 0.000260 0.000926 1.000000
0 300 0.494010 0.598611 0.036979 0.262037 0.000000 0.001389 1.000000
0 301 0.494010 0.596759 0.038021 0.262037 0.000000 -0.001852 1.000000
0 302 0.493229 0.592593 0.037500 0.270370 -0.000781 -0.004167 1.000000
0 303 0.492708 0.591204 0.038542 0.273148 -0.000521 -0.001389 1.000000
0 304 0.491146 0.590278 0.037500 0.275000 -0.001563 -0.000926 1.000000
0 305 0.490625 0.589352 0.038542 0.278704 -0.000521 -0.000926 1.000000
0 306 0.491146 0.587963 0.039583 0.281481 0.000521 -0.001389 1.000000
0 307 0.490885 0.589815 0.040104 0.277778 -0.000260 0.001852 1.000000
0 308 0.490885 0.592593 0.040104 0.274074 0.000000 0.002778 1.000000
0 309 0.490885 0.593056 0.039062 0.271296 0.000000 0.000463 1.000000
0 310 0.491146 0.595370 0.039583 0.268519 0.000260 0.002315 1.000000
0 311 0.490625 0.598148 0.039583 0.262963 -0.000521 0.002778 1.000000
0 312 0.490104 0.604167 0.038542 0.252778 -0.000521 0.006019 1.000000
0 313 0.491146 0.610648 0.038542 0.239815 0.001042 0.006481 1.000000
0 314 0.491927 0.609259 0.039062 0.240741 0.000781 -0.001389 1.000000
0 315 0.492188 0.609722 0.041667 0.241667 0.000260 0.000463 1.000000
0 316 0.494271 0.608796 0.044792 0.243519 0.002083 -0.000926 1.000000
0 317 0.496094 0.608796 0.044271 0.239815 0.001823 0.000000 1.000000
0 318 0.502604 0.612037 0.050000 0.235185 0.006510 0.003241 1.000000
0 319 0.504687 0.616204 0.052083 0.225000 0.002083 0.004167 1.000000
0 320 0.503125 0.614352 0.050000 0.228704 -0.001563 -0.001852 1.000000
0 321 0.492448 0.612500 0.054688 0.232407 -0.010677 -0.001852 1.000000
0 322 0.488542 0.611111 0.062500 0.235185 -0.003906 -0.001389 1.000000
0 323 0.487500 0.608796 0.061458 0.237963 -0.001042 -0.002315 1.000000
0 324 0.490885 0.607407 0.059896 0.238889 0.003385 -0.001389 1.000000
0 325 0.498177 0.606481 0.057813 0.242593 0.007292 -0.000926 1.000000
0 326 0.492708 0.606944 0.063542 0.243519 -0.005469 0.000463 1.000000
0 327 0.489323 0.609722 0.060937 0.237963 -0.003385 0.002778 1.000000
0 328 0.488802 0.609722 0.055729 0.237963 -0.000521 0.000000 1.000000
0 329 0.487500 0.610185 0.056250 0.235185 -0.001302 0.000463 1.000000
0 330 0.489583 0.611574 0.052083 0.237963 0.002083 0.001389 1.000000
0 331 0.492969 0.612037 0.052604 0.238889 0.003385 0.000463 1.000000
0 332 0.495312 0.611111 0.048958 0.237037 0.002344 -0.000926 1.000000
0 333 0.502083 0.612963 0.048958 0.235185 0.006771 0.001852 1.000000
0 334 0.504948 0.613426 0.048438 0.232407 0.002865 0.000463 1.000000
0 335 0.504427 0.614352 0.047396 0.230556 -0.000521 0.000926 1.000000
0 336 0.508854 0.616667 0.057292 0.229630 0.004427 0.002315 1.000000
0 337 0.509115 0.616667 0.058854 0.227778 0.000260 0.000000 1.000000
0 338 0.509115 0.615741 0.058854 0.227778 0.000000 -0.000926 1.000000
0 339 0.506771 0.616667 0.056250 0.227778 -0.002344 0.000926 1.000000
0 340 0.502083 0.617130 0.046875 0.226852 -0.004687 0.000463 1.000000
0 341 0.501042 0.617130 0.044792 0.226852 -0.001042 0.000000 1.000000
0 342 0.501563 0.617130 0.043750 0.225000 0.000521 0.000000 1.000000
0 343 0.502083 0.618519 0.043750 0.224074 0.000521 0.001389 1.000000
0 344 0.501563 0.619444 0.042708 0.224074 -0.000521 0.000926 1.000000
0 345 0.501042 0.618519 0.041667 0.222222 -0.000521 -0.000926 1.000000
0 346 0.501563 0.617593 0.041667 0.222222 0.000521 -0.000926 1.000000
0 347 0.501563 0.618056 0.040625 0.225000 0.000000 0.000463 1.000000
0 348 0.501302 0.617593 0.041146 0.225926 -0.000260 -0.000463 1.000000
0 349 0.501563 0.616667 0.043750 0.227778 0.000260 -0.000926 1.000000
0 350 0.501563 0.615278 0.043750 0.228704 0.000000 -0.001389 1.000000
0 351 0.502083 0.614352 0.043750 0.228704 0.000521 -0.000926 1.000000
0 352 0.501563 0.615278 0.043750 0.230556 -0.000521 0.000926 1.000000
0 353 0.501302 0.615741 0.044271 0.231481 -0.000260 0.000463 1.000000
0 354 0.501042 0.616204 0.045833 0.228704 -0.000260 0.000463 1.000000
0 355 0.500260 0.617593 0.046354 0.225926 -0.000781 0.001389 1.000000
0 356 0.500260 0.618056 0.046354 0.225000 0.000000 0.000463 1.000000
0 357 0.501563 0.619444 0.047917 0.224074 0.001302 0.001389 1.000000
0 358 0.502344 0.618981 0.047396 0.223148 0.000781 -0.000463 1.000000
0 359 0.501823 0.619444 0.045312 0.224074 -0.000521 0.000463 1.000000
0 360 0.501042 0.618056 0.043750 0.225000 -0.000781 -0.001389 1.000000
0 361 0.500521 0.617593 0.043750 0.225926 -0.000521 -0.000463 1.000000
0 362 0.499740 0.615741 0.044271 0.229630 -0.000781 -0.001852 1.000000
0 363 0.500000 0.615741 0.044792 0.229630 0.000260 0.000000 1.000000
0 364 0.500260 0.615741 0.043229 0.229630 0.000260 0.000000 1.000000
0 365 0.499479 0.615278 0.043750 0.232407 -0.000781 -0.000463 1.000000
0 366 0.498958 0.617130 0.044792 0.228704 -0.000521 0.001852 1.000000
0 367 0.498698 0.617593 0.045312 0.227778 -0.000260 0.000463 1.000000
0 368 0.497917 0.619907 0.044792 0.225000 -0.000781 0.002315 1.000000
0 369 0.497917 0.619444 0.043750 0.222222 0.000000 -0.000463 1.000000
0 370 0.498698 0.620370 0.043229 0.222222 0.000781 0.000926 1.000000
0 371 0.499740 0.619444 0.043229 0.222222 0.001042 -0.000926 1.000000
0 372 0.501563 0.618981 0.042708 0.225000 0.001823 -0.000463 1.000000
0 373 0.502083 0.617130 0.042708 0.226852 0.000521 -0.001852 1.000000
0 374 0.502604 0.616204 0.043750 0.230556 0.000521 -0.000926 1.000000
0 375 0.503125 0.614815 0.042708 0.233333 0.000521 -0.001389 1.000000
0 376 0.504167 0.613426 0.043750 0.236111 0.001042 -0.001389 1.000000
0 377 0.504948 0.611574 0.044271 0.237963 0.000781 -0.001852 1.000000
0 378 0.505729 0.611111 0.043750 0.240741 0.000781 -0.000463 1.000000
0 379 0.506250 0.610648 0.041667 0.243519 0.000521 -0.000463 1.000000
0 380 0.507812 0.610648 0.040625 0.241667 0.001563 0.000000 1.000000
0 381 0.510417 0.613426 0.042708 0.239815 0.002604 0.002778 1.000000
0 382 0.514062 0.614815 0.045833 0.235185 0.003646 0.001389 1.000000
0 383 0.514323 0.614352 0.051562 0.237963 0.000260 -0.000463 1.000000
0 384 0.518750 0.611574 0.066667 0.241667 0.004427 -0.002778 1.000000
0 385 0.526823 0.612963 0.081771 0.250000 0.008073 0.001389 1.000000
0 388 0.529687 0.606481 0.075000 0.262963 0.000955 -0.002160 1.000000
0 389 0.532292 0.606019 0.069792 0.262037 0.002604 -0.000463 1.000000
0 390 0.538021 0.606944 0.060417 0.263889 0.005729 0.000926 1.000000
0 391 0.542969 0.606944 0.076563 0.262037 0.004948 0.000000 1.000000
0 392 0.547135 0.607407 0.070312 0.261111 0.004167 0.000463 1.000000
0 393 0.546094 0.609722 0.047396 0.256481 -0.001042 0.002315 1.000000
0 394 0.545573 0.610185 0.045312 0.255556 -0.000521 0.000463 1.000000
0 395 0.546354 0.611111 0.043750 0.255556 0.000781 0.000926 1.000000
0 396 0.546094 0.612037 0.043229 0.253704 -0.000260 0.000926 1.000000
0 397 0.543750 0.612500 0.051042 0.252778 -0.002344 0.000463 1.000000
0 398 0.546615 0.613426 0.045312 0.252778 0.002865 0.000926 1.000000
0 399 0.546875 0.616667 0.047917 0.242593 0.000260 0.003241 1.000000
0 400 0.546354 0.622222 0.051042 0.231481 -0.000521 0.005556 1.000000
0 401 0.545312 0.627315 0.056250 0.221296 -0.001042 0.005093 1.000000
0 402 0.547135 0.632407 0.052604 0.211111 0.001823 0.005093 1.000000
0 403 0.548698 0.632870 0.049479 0.208333 0.001563 0.000463 1.000000
0 404 0.549219 0.634722 0.048438 0.208333 0.000521 0.001852 1.000000
0 405 0.549219 0.633333 0.048438 0.207407 0.000000 -0.001389 1.000000
0 406 0.549740 0.632407 0.047396 0.209259 0.000521 -0.000926 1.000000
0 407 0.549740 0.630556 0.047396 0.212963 0.000000 -0.001852 1.000000
0 408 0.550000 0.629167 0.046875 0.217593 0.000260 -0.001389 1.000000
0 409 0.550521 0.626852 0.046875 0.218519 0.000521 -0.002315 1.000000
0 410 0.550781 0.627315 0.045312 0.221296 0.000260 0.000463 1.000000
0 411 0.550000 0.625463 0.044792 0.223148 -0.000781 -0.001852 1.000000
0 412 0.550781 0.624074 0.045312 0.227778 0.000781 -0.001389 1.000000
0 413 0.549219 0.622222 0.047396 0.231481 -0.001563 -0.001852 1.000000
0 414 0.550781 0.618981 0.050521 0.236111 0.001563 -0.003241 1.000000
0 415 0.555208 0.617593 0.048958 0.240741 0.004427 -0.001389 1.000000
0 416 0.554948 0.615741 0.057813 0.242593 -0.000260 -0.001852 1.000000
0 417 0.553125 0.615278 0.046875 0.243519 -0.001823 -0.000463 1.000000
0 418 0.550260 0.613889 0.049479 0.242593 -0.002865 -0.001389 1.000000
0 419 0.548958 0.615278 0.053125 0.245370 -0.001302 0.001389 1.000000
0 420 0.547135 0.615278 0.056771 0.241667 -0.001823 0.000000 1.000000
0 421 0.546875 0.617593 0.061458 0.238889 -0.000260 0.002315 1.000000
0 422 0.547656 0.620833 0.065104 0.234259 0.000781 0.003241 1.000000
0 423 0.551562 0.627778 0.073958 0.218519 0.003906 0.006944 1.000000
0 424 0.552083 0.633796 0.076042 0.208333 0.000521 0.006019 1.000000
0 425 0.552865 0.641667 0.076563 0.192593 0.000781 0.007870 1.000000
0 426 0.553125 0.638889 0.078125 0.196296 0.000260 -0.002778 1.000000
0 427 0.552865 0.637963 0.078646 0.200000 -0.000260 -0.000926 1.000000
0 428 0.552865 0.636111 0.080729 0.205556 0.000000 -0.001852 1.000000
0 429 0.552604 0.634722 0.078125 0.206481 -0.000260 -0.001389 1.000000
0 430 0.552865 0.633796 0.078646 0.206481 0.000260 -0.000926 1.000000
0 431 0.552344 0.632870 0.079687 0.212037 -0.000521 -0.000926 1.000000
0 432 0.553646 0.631481 0.078125 0.214815 0.001302 -0.001389 1.000000
0 433 0.552865 0.632407 0.077604 0.209259 -0.000781 0.000926 1.000000
0 434 0.553906 0.637037 0.079687 0.203704 0.001042 0.004630 1.000000
0 435 0.554688 0.643056 0.081250 0.191667 0.000781 0.006019 1.000000
0 436 0.554948 0.642130 0.082812 0.191667 0.000260 -0.000926 1.000000
0 437 0.554167 0.641667 0.081250 0.192593 -0.000781 -0.000463 1.000000
0 438 0.552604 0.641204 0.079167 0.193519 -0.001563 -0.000463 1.000000
0 439 0.551302 0.641667 0.074479 0.194444 -0.001302 0.000463 1.000000
0 440 0.547656 0.640278 0.069271 0.195370 -0.003646 -0.001389 1.000000
0 441 0.549479 0.641204 0.067708 0.195370 0.001823 0.000926 1.000000
0 442 0.549740 0.639352 0.067187 0.199074 0.000260 -0.001852 1.000000
0 443 0.550521 0.637963 0.066667 0.200000 0.000781 -0.001389 1.000000
0 444 0.551042 0.638426 0.066667 0.199074 0.000521 0.000463 1.000000
0 445 0.552344 0.640741 0.067187 0.194444 0.001302 0.002315 1.000000
0 446 0.553125 0.641204 0.066667 0.195370 0.000781 0.000463 1.000000
0 447 0.552083 0.640278 0.067708 0.197222 -0.001042 -0.000926 1.000000
0 448 0.552083 0.640741 0.067708 0.196296 0.000000 0.000463 1.000000
0 449 0.553125 0.639815 0.066667 0.198148 0.001042 -0.000926 1.000000
0 450 0.552083 0.639352 0.067708 0.199074 -0.001042 -0.000463 1.000000
0 451 0.551823 0.637037 0.066146 0.201852 -0.000260 -0.002315 1.000000
0 452 0.552083 0.637037 0.068750 0.201852 0.000260 0.000000 1.000000
0 453 0.552344 0.635648 0.069271 0.206481 0.000260 -0.001389 1.000000
0 454 0.552344 0.635648 0.069271 0.206481 0.000000 0.000000 1.000000
0 455 0.555469 0.636111 0.065104 0.205556 0.003125 0.000463 1.000000
0 456 0.553125 0.635648 0.069792 0.206481 -0.002344 -0.000463 1.000000
0 457 0.552865 0.633796 0.069271 0.208333 -0.000260 -0.001852 1.000000
0 458 0.556510 0.630556 0.057813 0.216667 0.003646 -0.003241 1.000000
0 459 0.556250 0.626389 0.054167 0.225000 -0.000260 -0.004167 1.000000
0 460 0.556250 0.620833 0.052083 0.236111 0.000000 -0.005556 1.000000
0 461 0.555990 0.614815 0.050521 0.248148 -0.000260 -0.006019 1.000000
0 462 0.556250 0.610185 0.046875 0.259259 0.000260 -0.004630 1.000000
0 463 0.557813 0.605556 0.044792 0.266667 0.001563 -0.004630 1.000000
0 464 0.562500 0.604630 0.054167 0.270370 0.004687 -0.000926 1.000000
0 465 0.563802 0.606481 0.061979 0.272222 0.001302 0.001852 1.000000
0 466 0.562760 0.608333 0.059896 0.266667 -0.001042 0.001852 1.000000
0 467 0.559375 0.611111 0.058333 0.261111 -0.003385 0.002778 1.000000
0 468 0.554167 0.615278 0.050000 0.250926 -0.005208 0.004167 1.000000
0 469 0.553906 0.617593 0.041146 0.246296 -0.000260 0.002315 1.000000
0 470 0.553385 0.618519 0.039062 0.242593 -0.000521 0.000926 1.000000
0 471 0.553906 0.618519 0.036979 0.242593 0.000521 0.000000 1.000000
0 472 0.555469 0.615278 0.033854 0.247222 0.001563 -0.003241 1.000000
0 473 0.555469 0.612037 0.033854 0.255556 0.000000 -0.003241 1.000000
0 474 0.555729 0.607407 0.036458 0.262963 0.000260 -0.004630 1.000000
0 475 0.560156 0.605556 0.050521 0.268519 0.004427 -0.001852 1.000000
0 476 0.560677 0.603241 0.058854 0.271296 0.000521 -0.002315 1.000000
0 477 0.561458 0.607407 0.062500 0.272222 0.000781 0.004167 1.000000
0 478 0.558073 0.613426 0.063021 0.263889 -0.003385 0.006019 1.000000
0 479 0.554167 0.618519 0.060417 0.255556 -0.003906 0.005093 1.000000
0 480 0.554427 0.619444 0.053646 0.251852 0.000260 0.000926 1.000000
0 481 0.554427 0.618519 0.042188 0.250000 0.000000 -0.000926 1.000000
0 482 0.553125 0.617130 0.043750 0.247222 -0.001302 -0.001389 1.000000
0 483 0.547656 0.615278 0.054688 0.243519 -0.005469 -0.001852 1.000000
0 484 0.535937 0.613889 0.079167 0.244444 -0.011719 -0.001389 1.000000
0 485 0.533594 0.613426 0.082812 0.249074 -0.002344 -0.000463 1.000000
0 486 0.534115 0.611111 0.080729 0.251852 0.000521 -0.002315 1.000000
0 487 0.530729 0.610185 0.084375 0.255556 -0.003385 -0.000926 1.000000
0 488 0.530469 0.610185 0.076563 0.257407 -0.000260 0.000000 1.000000
0 489 0.530208 0.610648 0.066667 0.256481 -0.000260 0.000463 1.000000
0 490 0.526302 0.610185 0.058854 0.255556 -0.003906 -0.000463 1.000000
0 491 0.525781 0.609722 0.040104 0.256481 -0.000521 -0.000463 1.000000
0 492 0.522917 0.609722 0.034375 0.256481 -0.002865 0.000000 1.000000
0 493 0.517448 0.611574 0.038021 0.256481 -0.005469 0.001852 1.000000
0 496 0.503906 0.611111 0.043229 0.253704 -0.004514 -0.000154 1.000000
0 497 0.502865 0.612963 0.045312 0.251852 -0.001042 0.001852 1.000000
0 498 0.502865 0.600463 0.040104 0.282407 0.000000 -0.012500 1.000000
0 499 0.502604 0.592593 0.034375 0.296296 -0.000260 -0.007870 1.000000
0 500 0.501042 0.596296 0.037500 0.290741 -0.001563 0.003704 1.000000
0 501 0.497135 0.603704 0.039062 0.274074 -0.003906 0.007407 1.000000
0 502 0.496094 0.613889 0.035937 0.255556 -0.001042 0.010185 1.000000
0 509 0.480990 0.615278 0.054688 0.260185 -0.002158 0.000198 1.000000
0 510 0.482292 0.615741 0.057292 0.259259 0.001302 0.000463 1.000000
0 511 0.482292 0.616204 0.059375 0.260185 0.000000 0.000463 1.000000
0 512 0.482812 0.617130 0.058333 0.258333 0.000521 0.000926 1.000000
0 513 0.482031 0.614815 0.058854 0.257407 -0.000781 -0.002315 1.000000
0 514 0.482292 0.616667 0.058333 0.257407 0.000260 0.001852 1.000000
0 515 0.482031 0.616667 0.057813 0.257407 -0.000260 0.000000 1.000000
0 516 0.482031 0.616204 0.057813 0.256481 0.000000 -0.000463 1.000000
0 517 0.482552 0.617130 0.057813 0.256481 0.000521 0.000926 1.000000
0 518 0.481510 0.616204 0.058854 0.258333 -0.001042 -0.000926 1.000000
0 519 0.481250 0.615278 0.060417 0.260185 -0.000260 -0.000926 1.000000
0 520 0.480729 0.614352 0.061458 0.262037 -0.000521 -0.000926 1.000000
0 529 0.475781 0.605093 0.072396 0.278704 -0.000550 -0.001029 1.000000
0 530 0.476042 0.604167 0.070833 0.282407 0.000260 -0.000926 1.000000
0 531 0.477083 0.600926 0.068750 0.287037 0.001042 -0.003241 1.000000
0 532 0.479167 0.605093 0.065625 0.278704 0.002083 0.004167 1.000000
0 533 0.479167 0.605093 0.064583 0.280556 0.000000 0.000000 1.000000
0 534 0.478125 0.602778 0.066667 0.283333 -0.001042 -0.002315 1.000000
0 535 0.477344 0.600463 0.068229 0.289815 -0.000781 -0.002315 1.000000
0 536 0.478385 0.599537 0.067187 0.289815 0.001042 -0.000926 1.000000
0 537 0.480990 0.602778 0.061979 0.285185 0.002604 0.003241 1.000000
0 538 0.481510 0.604167 0.060937 0.282407 0.000521 0.001389 1.000000
0 539 0.482552 0.602778 0.059896 0.285185 0.001042 -0.001389 1.000000
0 547 0.482812 0.600000 0.061458 0.294444 0.000033 -0.000347 1.000000
0 553 0.485677 0.606944 0.057813 0.282407 0.000477 0.001157 1.000000
0 554 0.487500 0.615278 0.059375 0.265741 0.001823 0.008333 1.000000
0 562 0.495833 0.621296 0.079167 0.248148 0.001042 0.000752 1.000000
0 563 0.499740 0.621296 0.086979 0.250000 0.003906 0.000000 1.000000
0 564 0.501042 0.618981 0.086458 0.252778 0.001302 -0.002315 1.000000
0 565 0.501563 0.616667 0.085417 0.255556 0.000521 -0.002315 1.000000
0 566 0.504948 0.616204 0.079687 0.262037 0.003385 -0.000463 1.000000
0 567 0.505729 0.614352 0.078125 0.265741 0.000781 -0.001852 1.000000
0 568 0.513281 0.611574 0.061979 0.265741 0.007552 -0.002778 1.000000
0 569 0.515885 0.610185 0.058854 0.268519 0.002604 -0.001389 1.000000
0 571 0.524219 0.610648 0.045312 0.267593 0.004167 0.000231 1.000000
0 572 0.532813 0.612963 0.045833 0.264815 0.008594 0.002315 1.000000
0 573 0.528125 0.613426 0.045833 0.263889 -0.004687 0.000463 1.000000
0 574 0.529687 0.612037 0.044792 0.264815 0.001563 -0.001389 1.000000
0 575 0.531771 0.611574 0.040625 0.267593 0.002083 -0.000463 1.000000
0 576 0.529948 0.612963 0.043229 0.264815 -0.001823 0.001389 1.000000
0 577 0.528906 0.613889 0.046354 0.262963 -0.001042 0.000926 1.000000
0 578 0.530729 0.613889 0.046875 0.262963 0.001823 0.000000 1.000000
0 579 0.527865 0.614815 0.054688 0.261111 -0.002865 0.000926 1.000000
0 580 0.527865 0.618981 0.057813 0.254630 0.000000 0.004167 1.000000
0 581 0.527604 0.628241 0.060417 0.236111 -0.000260 0.009259 1.000000
0 582 0.528385 0.634259 0.060937 0.222222 0.000781 0.006019 1.000000
0 583 0.529948 0.639815 0.058854 0.211111 0.001563 0.005556 1.000000
0 584 0.534635 0.638889 0.050521 0.212963 0.004687 -0.000926 1.000000
0 585 0.536458 0.638426 0.047917 0.213889 0.001823 -0.000463 1.000000
0 586 0.536719 0.638426 0.048438 0.215741 0.000260 0.000000 1.000000
0 587 0.536719 0.637037 0.048438 0.216667 0.000000 -0.001389 1.000000
0 588 0.537240 0.637037 0.047396 0.218519 0.000521 0.000000 1.000000
0 589 0.538021 0.637037 0.047917 0.218519 0.000781 0.000000 1.000000
0 590 0.538281 0.636574 0.047396 0.219444 0.000260 -0.000463 1.000000
0 591 0.539062 0.635648 0.045833 0.221296 0.000781 -0.000926 1.000000
0 592 0.539062 0.634259 0.044792 0.224074 0.000000 -0.001389 1.000000
0 593 0.539583 0.632870 0.044792 0.225000 0.000521 -0.001389 1.000000
0 594 0.541406 0.632407 0.046354 0.225926 0.001823 -0.000463 1.000000
0 595 0.544010 0.632407 0.048438 0.225926 0.002604 0.000000 1.000000
0 596 0.544010 0.631944 0.049479 0.228704 0.000000 -0.000463 1.000000
0 597 0.545573 0.625926 0.045312 0.237037 0.001563 -0.006019 1.000000
0 598 0.547135 0.618056 0.050521 0.254630 0.001563 -0.007870 1.000000
0 599 0.551302 0.608796 0.049479 0.267593 0.004167 -0.009259 1.000000
0 600 0.553646 0.590741 0.046875 0.290741 0.002344 -0.018056 1.000000
0 601 0.560156 0.585648 0.070312 0.310185 0.006510 -0.005093 1.000000
0 602 0.557813 0.594907 0.087500 0.293519 -0.002344 0.009259 1.000000
0 603 0.557813 0.588889 0.110417 0.270370 0.000000 -0.006019 1.000000
0 612 0.564583 0.588426 0.056250 0.315741 0.000752 -0.000051 1.000000
0 613 0.560417 0.596296 0.084375 0.290741 -0.004167 0.007870 1.000000
0 614 0.562500 0.611574 0.095833 0.262037 0.002083 0.015278 1.000000
0 615 0.560417 0.612037 0.097917 0.259259 -0.002083 0.000463 1.000000
0 616 0.565104 0.614815 0.093750 0.253704 0.004687 0.002778 1.000000
0 617 0.569271 0.616204 0.068750 0.252778 0.004167 0.001389 1.000000
0 618 0.575000 0.616667 0.046875 0.250000 0.005729 0.000463 1.000000
0 619 0.574740 0.618519 0.041146 0.250000 -0.000260 0.001852 1.000000
0 620 0.579688 0.617593 0.043750 0.251852 0.004948 -0.000926 1.000000
0 621 0.587240 0.614815 0.057813 0.257407 0.007552 -0.002778 1.000000
0 622 0.590625 0.612963 0.064583 0.261111 0.003385 -0.001852 1.000000
0 623 0.592448 0.612037 0.066146 0.261111 0.001823 -0.000926 1.000000
0 624 0.591927 0.610648 0.055729 0.258333 -0.000521 -0.001389 1.000000
0 625 0.595833 0.611574 0.052083 0.256481 0.003906 0.000926 1.000000
0 626 0.599740 0.613889 0.048438 0.255556 0.003906 0.002315 1.000000
0 627 0.603125 0.614352 0.044792 0.252778 0.003385 0.000463 1.000000
0 628 0.606771 0.615741 0.052083 0.250000 0.003646 0.001389 1.000000
0 629 0.611719 0.617593 0.064062 0.246296 0.004948 0.001852 1.000000
0 630 0.616667 0.619444 0.068750 0.244444 0.004948 0.001852 1.000000
0 631 0.619792 0.618056 0.057292 0.245370 0.003125 -0.001389 1.000000
0 632 0.619010 0.618056 0.052604 0.245370 -0.000781 0.000000 1.000000
0 633 0.615365 0.619444 0.054688 0.251852 -0.003646 0.001389 1.000000
0 634 0.606510 0.619444 0.068229 0.250000 -0.008854 0.000000 1.000000
0 635 0.600000 0.621759 0.079167 0.243519 -0.006510 0.002315 1.000000
0 636 0.600000 0.623148 0.084375 0.238889 0.000000 0.001389 1.000000
0 637 0.600260 0.623611 0.082812 0.237963 0.000260 0.000463 1.000000
0 638 0.601823 0.622222 0.076563 0.244444 0.001563 -0.001389 1.000000
0 639 0.605729 0.618519 0.069792 0.251852 0.003906 -0.003704 1.000000
0 640 0.609896 0.616204 0.061458 0.258333 0.004167 -0.002315 1.000000
0 641 0.611198 0.613426 0.060937 0.262037 0.001302 -0.002778 1.000000
0 642 0.611458 0.612963 0.061458 0.262963 0.000260 -0.000463 1.000000
0 643 0.610938 0.611574 0.067708 0.263889 -0.000521 -0.001389 1.000000
0 644 0.610156 0.610648 0.070312 0.265741 -0.000781 -0.000926 1.000000
0 645 0.608073 0.612037 0.072396 0.262963 -0.002083 0.001389 1.000000
0 646 0.607812 0.613426 0.071875 0.262037 -0.000260 0.001389 1.000000
0 647 0.608073 0.613889 0.071354 0.261111 0.000260 0.000463 1.000000
0 648 0.608073 0.612963 0.072396 0.262963 0.000000 -0.000926 1.000000
0 649 0.608333 0.618981 0.070833 0.249074 0.000260 0.006019 1.000000
0 650 0.609896 0.617593 0.066667 0.253704 0.001563 -0.001389 1.000000
0 651 0.609115 0.613426 0.069271 0.262037 -0.000781 -0.004167 1.000000
0 652 0.608073 0.611111 0.072396 0.266667 -0.001042 -0.002315 1.000000
0 653 0.608073 0.608796 0.072396 0.271296 0.000000 -0.002315 1.000000
0 654 0.608594 0.608796 0.072396 0.271296 0.000521 0.000000 1.000000
0 655 0.608594 0.609259 0.071354 0.270370 0.000000 0.000463 1.000000
0 656 0.609635 0.611574 0.069271 0.265741 0.001042 0.002315 1.000000
0 657 0.611198 0.613889 0.067187 0.261111 0.001563 0.002315 1.000000
0 658 0.613021 0.617130 0.064583 0.254630 0.001823 0.003241 1.000000
0 659 0.613281 0.619907 0.064062 0.250926 0.000260 0.002778 1.000000
0 660 0.613542 0.618981 0.063542 0.250926 0.000260 -0.000926 1.000000
0 661 0.613281 0.618056 0.064062 0.252778 -0.000260 -0.000926 1.000000
0 662 0.613281 0.617130 0.064062 0.254630 0.000000 -0.000926 1.000000
0 663 0.613542 0.616204 0.063542 0.256481 0.000260 -0.000926 1.000000
0 664 0.611198 0.610648 0.058854 0.265741 -0.002344 -0.005556 1.000000
0 665 0.601042 0.605556 0.059375 0.275926 -0.010156 -0.005093 1.000000
0 666 0.591406 0.607407 0.069271 0.272222 -0.009635 0.001852 1.000000
0 667 0.583854 0.615278 0.073958 0.256481 -0.007552 0.007870 1.000000
0 668 0.580990 0.619907 0.077604 0.247222 -0.002865 0.004630 1.000000
0 669 0.577865 0.622222 0.079687 0.242593 -0.003125 0.002315 1.000000
0 670 0.576823 0.623611 0.079687 0.239815 -0.001042 0.001389 1.000000
0 671 0.576302 0.623611 0.080729 0.239815 -0.000521 0.000000 1.000000
0 672 0.577604 0.622222 0.078125 0.240741 0.001302 -0.001389 1.000000
0 673 0.576823 0.621296 0.078646 0.242593 -0.000781 -0.000926 1.000000
0 674 0.576302 0.621296 0.077604 0.242593 -0.000521 0.000000 1.000000
0 675 0.576562 0.621296 0.080208 0.242593 0.000260 0.000000 1.000000
0 676 0.577344 0.619907 0.085938 0.247222 0.000781 -0.001389 1.000000
0 677 0.593229 0.618056 0.085417 0.250926 0.015885 -0.001852 1.000000
0 678 0.607812 0.618519 0.077083 0.251852 0.014583 0.000463 1.000000
0 679 0.614583 0.616204 0.068750 0.254630 0.006771 -0.002315 1.000000
0 680 0.615365 0.615278 0.068229 0.258333 0.000781 -0.000926 1.000000
0 681 0.614062 0.613889 0.066667 0.262963 -0.001302 -0.001389 1.000000
0 682 0.613802 0.611574 0.066146 0.263889 -0.000260 -0.002315 1.000000
0 683 0.614583 0.610185 0.065625 0.268519 0.000781 -0.001389 1.000000
0 684 0.614844 0.608333 0.065104 0.272222 0.000260 -0.001852 1.000000
0 685 0.614323 0.608796 0.066146 0.271296 -0.000521 0.000463 1.000000
0 686 0.614583 0.610648 0.065625 0.267593 0.000260 0.001852 1.000000
0 687 0.614323 0.612500 0.066146 0.262037 -0.000260 0.001852 1.000000
0 688 0.614323 0.616204 0.067187 0.254630 0.000000 0.003704 1.000000
0 689 0.614323 0.620833 0.067187 0.247222 0.000000 0.004630 1.000000
0 690 0.613802 0.622685 0.069271 0.241667 -0.000521 0.001852 1.000000
0 691 0.613281 0.624537 0.071354 0.239815 -0.000521 0.001852 1.000000
0 692 0.614062 0.626389 0.073958 0.236111 0.000781 0.001852 1.000000
0 693 0.614844 0.627315 0.076563 0.232407 0.000781 0.000926 1.000000
0 694 0.614062 0.628241 0.075000 0.230556 -0.000781 0.000926 1.000000
0 695 0.613542 0.627778 0.072917 0.231481 -0.000521 -0.000463 1.000000
0 696 0.613542 0.627778 0.072917 0.231481 0.000000 0.000000 1.000000
0 697 0.613281 0.627778 0.073438 0.233333 -0.000260 0.000000 1.000000
0 698 0.613542 0.627315 0.073958 0.234259 0.000260 -0.000463 1.000000
0 699 0.612500 0.626389 0.075000 0.234259 -0.001042 -0.000926 1.000000
0 700 0.612500 0.626852 0.075000 0.233333 0.000000 0.000463 1.000000
0 701 0.612500 0.627315 0.075000 0.232407 0.000000 0.000463 1.000000
0 702 0.612240 0.627315 0.075521 0.232407 -0.000260 0.000000 1.000000
0 703 0.611979 0.627315 0.077083 0.232407 -0.000260 0.000000 1.000000
0 704 0.611198 0.625463 0.077604 0.236111 -0.000781 -0.001852 1.000000
0 705 0.611458 0.624537 0.077083 0.237963 0.000260 -0.000926 1.000000
0 706 0.612500 0.624537 0.076042 0.237963 0.001042 0.000000 1.000000
0 707 0.611979 0.623611 0.076042 0.239815 -0.000521 -0.000926 1.000000
0 708 0.612240 0.622685 0.076563 0.239815 0.000260 -0.000926 1.000000
0 709 0.612240 0.623611 0.076563 0.237963 0.000000 0.000926 1.000000
0 710 0.612240 0.623148 0.076563 0.238889 0.000000 -0.000463 1.000000
0 711 0.612240 0.623611 0.076563 0.239815 0.000000 0.000463 1.000000
0 712 0.615365 0.622222 0.070312 0.240741 0.003125 -0.001389 1.000000
0 713 0.617969 0.620833 0.065104 0.241667 0.002604 -0.001389 1.000000
0 714 0.617448 0.619444 0.065104 0.246296 -0.000521 -0.001389 1.000000
0 715 0.617448 0.616667 0.065104 0.251852 0.000000 -0.002778 1.000000
0 716 0.613802 0.615741 0.072396 0.253704 -0.003646 -0.000926 1.000000
0 717 0.612760 0.612500 0.077604 0.258333 -0.001042 -0.003241 1.000000
0 718 0.615885 0.613889 0.073438 0.257407 0.003125 0.001389 1.000000
0 719 0.613802 0.612963 0.075521 0.259259 -0.002083 -0.000926 1.000000
0 720 0.612760 0.618056 0.078646 0.249074 -0.001042 0.005093 1.000000
0 721 0.613802 0.620833 0.074479 0.243519 0.001042 0.002778 1.000000
0 722 0.614844 0.625000 0.070312 0.233333 0.001042 0.004167 1.000000
0 723 0.610938 0.622685 0.070833 0.239815 -0.003906 -0.002315 1.000000
0 724 0.608333 0.622222 0.071875 0.240741 -0.002604 -0.000463 1.000000
0 725 0.607812 0.618519 0.075000 0.246296 -0.000521 -0.003704 1.000000
0 726 0.608854 0.618981 0.076042 0.243519 0.001042 0.000463 1.000000
0 727 0.612500 0.620370 0.077083 0.238889 0.003646 0.001389 1.000000
0 728 0.614062 0.625463 0.079167 0.232407 0.001563 0.005093 1.000000
0 729 0.613542 0.628241 0.082292 0.228704 -0.000521 0.002778 1.000000
0 730 0.614323 0.628241 0.081771 0.228704 0.000781 0.000000 1.000000
0 731 0.613021 0.625463 0.083333 0.234259 -0.001302 -0.002778 1.000000
0 732 0.611458 0.619444 0.086458 0.246296 -0.001563 -0.006019 1.000000
0 733 0.609115 0.614352 0.090104 0.258333 -0.002344 -0.005093 1.000000
0 734 0.603646 0.610185 0.087500 0.262963 -0.005469 -0.004167 1.000000
0 735 0.598437 0.610185 0.080208 0.268519 -0.005208 0.000000 1.000000
0 736 0.595833 0.610185 0.073958 0.268519 -0.002604 0.000000 1.000000
0 737 0.595052 0.612037 0.069271 0.264815 -0.000781 0.001852 1.000000
0 738 0.591406 0.613889 0.066146 0.261111 -0.003646 0.001852 1.000000
0 739 0.587240 0.615278 0.070312 0.258333 -0.004167 0.001389 1.000000
0 740 0.590625 0.618056 0.065625 0.252778 0.003385 0.002778 1.000000
0 741 0.585677 0.618519 0.075521 0.251852 -0.004948 0.000463 1.000000
0 742 0.584115 0.615741 0.075521 0.259259 -0.001563 -0.002778 1.000000
0 743 0.583073 0.610648 0.070312 0.267593 -0.001042 -0.005093 1.000000
0 744 0.580469 0.606019 0.070312 0.267593 -0.002604 -0.004630 1.000000
0 745 0.572135 0.603704 0.074479 0.270370 -0.008333 -0.002315 1.000000
0 746 0.567969 0.607870 0.075521 0.271296 -0.004167 0.004167 1.000000
0 747 0.569531 0.610648 0.071354 0.265741 0.001563 0.002778 1.000000
0 748 0.566927 0.612500 0.067187 0.260185 -0.002604 0.001852 1.000000
0 749 0.561719 0.616204 0.072396 0.254630 -0.005208 0.003704 1.000000
0 750 0.557031 0.620370 0.077604 0.253704 -0.004687 0.004167 1.000000
0 751 0.555208 0.621296 0.075000 0.251852 -0.001823 0.000926 1.000000
0 752 0.552083 0.618981 0.068750 0.256481 -0.003125 -0.002315 1.000000
0 753 0.546615 0.614352 0.072396 0.265741 -0.005469 -0.004630 1.000000
0 754 0.540365 0.610185 0.077604 0.274074 -0.006250 -0.004167 1.000000
0 755 0.537500 0.607407 0.075000 0.279630 -0.002865 -0.002778 1.000000
0 756 0.530990 0.608333 0.086979 0.279630 -0.006510 0.000926 1.000000
0 757 0.526302 0.612037 0.081771 0.277778 -0.004687 0.003704 1.000000
0 758 0.525000 0.614815 0.078125 0.272222 -0.001302 0.002778 1.000000
0 759 0.517188 0.618056 0.068750 0.267593 -0.007812 0.003241 1.000000
0 760 0.511458 0.618981 0.065625 0.263889 -0.005729 0.000926 1.000000
0 761 0.507552 0.618981 0.066146 0.263889 -0.003906 0.000000 1.000000
0 762 0.499740 0.620370 0.064062 0.257407 -0.007812 0.001389 1.000000
0 763 0.498437 0.621296 0.064583 0.251852 -0.001302 0.000926 1.000000
0 764 0.494531 0.622685 0.055729 0.247222 -0.003906 0.001389 1.000000
0 765 0.488281 0.623611 0.058854 0.247222 -0.006250 0.000926 1.000000
0 766 0.479427 0.622222 0.065104 0.248148 -0.008854 -0.001389 1.000000
0 767 0.473177 0.623148 0.079687 0.259259 -0.006250 0.000926 1.000000
0 768 0.469531 0.625000 0.085938 0.266667 -0.003646 0.001852 1.000000
0 769 0.463021 0.624537 0.080208 0.267593 -0.006510 -0.000463 1.000000
0 770 0.455208 0.624074 0.062500 0.266667 -0.007812 -0.000463 1.000000
0 771 0.448437 0.624074 0.045833 0.268519 -0.006771 0.000000 1.000000
0 772 0.445573 0.625000 0.040104 0.266667 -0.002865 0.000926 1.000000
0 773 0.437760 0.625000 0.047396 0.266667 -0.007812 0.000000 1.000000
0 774 0.431771 0.623148 0.052083 0.272222 -0.005990 -0.001852 1.000000
0 775 0.425521 0.618981 0.063542 0.280556 -0.006250 -0.004167 1.000000
0 776 0.423958 0.613426 0.073958 0.284259 -0.001563 -0.005556 1.000000
0 777 0.418750 0.598148 0.079167 0.309259 -0.005208 -0.015278 1.000000
0 778 0.410156 0.594444 0.088021 0.316667 -0.008594 -0.003704 1.000000
0 779 0.410156 0.595833 0.086979 0.323148 0.000000 0.001389 1.000000
0 780 0.405469 0.598148 0.082812 0.325926 -0.004687 0.002315 1.000000
0 781 0.401302 0.599537 0.077604 0.321296 -0.004167 0.001389 1.000000
0 782 0.400260 0.604167 0.073438 0.313889 -0.001042 0.004630 1.000000
0 783 0.399740 0.606944 0.071354 0.308333 -0.000521 0.002778 1.000000
0 784 0.397396 0.607407 0.067708 0.307407 -0.002344 0.000463 1.000000
0 785 0.395573 0.605093 0.066146 0.317593 -0.001823 -0.002315 1.000000
0 786 0.389583 0.601389 0.073958 0.325000 -0.005990 -0.003704 1.000000
0 787 0.387240 0.598611 0.075521 0.330556 -0.002344 -0.002778 1.000000
0 788 0.385417 0.598611 0.075000 0.328704 -0.001823 0.000000 1.000000
0 789 0.377604 0.599537 0.078125 0.328704 -0.007812 0.000926 1.000000
0 790 0.374740 0.597685 0.074479 0.336111 -0.002865 -0.001852 1.000000
0 791 0.376042 0.599537 0.070833 0.341667 0.001302 0.001852 1.000000
0 792 0.376823 0.601852 0.073438 0.337037 0.000781 0.002315 1.000000
0 793 0.377865 0.605093 0.074479 0.330556 0.001042 0.003241 1.000000
0 794 0.377865 0.608796 0.074479 0.323148 0.000000 0.003704 1.000000
0 795 0.376823 0.610648 0.074479 0.321296 -0.001042 0.001852 1.000000
0 796 0.371615 0.611574 0.068229 0.326852 -0.005208 0.000926 1.000000
0 797 0.371354 0.608796 0.072917 0.332407 -0.000260 -0.002778 1.000000
0 798 0.371094 0.603704 0.077604 0.342593 -0.000260 -0.005093 1.000000
0 799 0.370833 0.600926 0.084375 0.348148 -0.000260 -0.002778 1.000000
0 800 0.370573 0.599537 0.089063 0.347222 -0.000260 -0.001389 1.000000
0 801 0.367969 0.600926 0.088021 0.337037 -0.002604 0.001389 1.000000
0 802 0.366667 0.600000 0.089583 0.338889 -0.001302 -0.000926 1.000000
0 803 0.367448 0.600463 0.086979 0.354630 0.000781 0.000463 1.000000
0 804 0.368229 0.601389 0.073958 0.352778 0.000781 0.000926 1.000000
0 805 0.363802 0.604630 0.073438 0.346296 -0.004427 0.003241 1.000000
0 806 0.364063 0.606944 0.077083 0.341667 0.000260 0.002315 1.000000
0 807 0.373437 0.607870 0.069792 0.339815 0.009375 0.000926 1.000000
0 808 0.373177 0.610185 0.072396 0.342593 -0.000260 0.002315 1.000000
0 809 0.367188 0.610185 0.090625 0.344444 -0.005990 0.000000 1.000000
0 810 0.365365 0.609722 0.090104 0.339815 -0.001823 -0.000463 1.000000
0 811 0.363802 0.615278 0.088021 0.330556 -0.001563 0.005556 1.000000
0 812 0.360677 0.622685 0.077604 0.310185 -0.003125 0.007407 1.000000
0 813 0.354167 0.631481 0.062500 0.294444 -0.006510 0.008796 1.000000
0 814 0.345573 0.632407 0.084896 0.300000 -0.008594 0.000926 1.000000
0 815 0.338802 0.629630 0.102604 0.301852 -0.006771 -0.002778 1.000000
0 816 0.337500 0.631019 0.105208 0.300926 -0.001302 0.001389 1.000000
0 817 0.340365 0.631019 0.102604 0.299074 0.002865 0.000000 1.000000
0 818 0.339062 0.619444 0.094792 0.324074 -0.001302 -0.011574 1.000000
0 819 0.341927 0.610185 0.085938 0.340741 0.002865 -0.009259 1.000000
0 820 0.344271 0.606019 0.079167 0.352778 0.002344 -0.004167 1.000000
0 821 0.347135 0.606019 0.074479 0.349074 0.002865 0.000000 1.000000
0 822 0.350260 0.617593 0.066146 0.327778 0.003125 0.011574 1.000000
0 823 0.353646 0.635185 0.057292 0.294444 0.003385 0.017593 1.000000
0 824 0.358333 0.637037 0.062500 0.292593 0.004687 0.001852 1.000000
0 825 0.355469 0.648148 0.048438 0.307407 -0.002865 0.011111 1.000000
0 826 0.352604 0.650000 0.047917 0.301852 -0.002865 0.001852 1.000000
0 827 0.350521 0.652315 0.050000 0.299074 -0.002083 0.002315 1.000000
0 828 0.349479 0.652315 0.050000 0.299074 -0.001042 0.000000 1.000000
0 829 0.346615 0.650926 0.054688 0.301852 -0.002865 -0.001389 1.000000
0 830 0.344792 0.649537 0.057292 0.304630 -0.001823 -0.001389 1.000000
0 831 0.344010 0.647685 0.063021 0.308333 -0.000781 -0.001852 1.000000
0 832 0.344792 0.645833 0.067708 0.313889 0.000781 -0.001852 1.000000
0 833 0.351302 0.643519 0.076563 0.316667 0.006510 -0.002315 1.000000
0 834 0.355729 0.643056 0.077083 0.319444 0.004427 -0.000463 1.000000
0 835 0.357292 0.639352 0.072917 0.326852 0.001563 -0.003704 1.000000
0 836 0.356771 0.634722 0.066667 0.336111 -0.000521 -0.004630 1.000000
0 837 0.356250 0.625926 0.059375 0.351852 -0.000521 -0.008796 1.000000
0 838 0.358333 0.618519 0.056250 0.359259 0.002083 -0.007407 1.000000
0 839 0.356250 0.626389 0.062500 0.347222 -0.002083 0.007870 1.000000
0 840 0.357552 0.632407 0.058854 0.333333 0.001302 0.006019 1.000000
0 841 0.353906 0.642130 0.057813 0.312037 -0.003646 0.009722 1.000000
0 842 0.354687 0.642593 0.059375 0.311111 0.000781 0.000463 1.000000
0 843 0.356771 0.643981 0.061458 0.310185 0.002083 0.001389 1.000000
0 844 0.361198 0.644444 0.065104 0.309259 0.004427 0.000463 1.000000
0 845 0.363021 0.644907 0.061458 0.308333 0.001823 0.000463 1.000000
0 846 0.360938 0.643981 0.054167 0.308333 -0.002083 -0.000926 1.000000
0 847 0.364844 0.650000 0.053646 0.322222 0.003906 0.006019 1.000000
0 848 0.366406 0.651389 0.056771 0.326852 0.001563 0.001389 1.000000
0 849 0.365885 0.650463 0.059896 0.326852 -0.000521 -0.000926 1.000000
0 850 0.366667 0.650926 0.063542 0.327778 0.000781 0.000463 1.000000
0 851 0.369792 0.650463 0.066667 0.328704 0.003125 -0.000463 1.000000
0 852 0.375781 0.652315 0.068229 0.326852 0.005990 0.001852 1.000000
0 853 0.381510 0.653241 0.069271 0.325000 0.005729 0.000926 1.000000
0 854 0.385417 0.654167 0.068750 0.323148 0.003906 0.000926 1.000000
0 855 0.385417 0.656481 0.061458 0.316667 0.000000 0.002315 1.000000
0 856 0.386719 0.657870 0.058854 0.312037 0.001302 0.001389 1.000000
0 857 0.396354 0.658333 0.071875 0.312963 0.009635 0.000463 1.000000
0 858 0.403646 0.657407 0.088542 0.316667 0.007292 -0.000926 1.000000
0 859 0.407813 0.654167 0.100000 0.323148 0.004167 -0.003241 1.000000
0 860 0.411198 0.652778 0.101562 0.325926 0.003385 -0.001389 1.000000
0 861 0.413802 0.651852 0.102604 0.324074 0.002604 -0.000926 1.000000
0 862 0.418229 0.649074 0.094792 0.318519 0.004427 -0.002778 1.000000
0 863 0.421615 0.647222 0.089063 0.314815 0.003385 -0.001852 1.000000
0 864 0.423177 0.643056 0.085938 0.310185 0.001563 -0.004167 1.000000
0 865 0.424740 0.637963 0.083854 0.311111 0.001563 -0.005093 1.000000
0 866 0.425000 0.633333 0.085417 0.320370 0.000260 -0.004630 1.000000
0 867 0.435677 0.629167 0.072396 0.326852 0.010677 -0.004167 1.000000
0 868 0.444271 0.629630 0.076042 0.327778 0.008594 0.000463 1.000000
0 869 0.452344 0.629167 0.080729 0.328704 0.008073 -0.000463 1.000000
0 870 0.455208 0.632870 0.085417 0.319444 0.002865 0.003704 1.000000
0 871 0.457552 0.636574 0.089063 0.312037 0.002344 0.003704 1.000000
0 872 0.456510 0.638426 0.086979 0.308333 -0.001042 0.001852 1.000000
0 873 0.457031 0.638889 0.086979 0.307407 0.000521 0.000463 1.000000
0 874 0.456771 0.639352 0.086458 0.306481 -0.000260 0.000463 1.000000
0 875 0.457292 0.639352 0.086458 0.306481 0.000521 0.000000 1.000000
0 876 0.457552 0.638889 0.086979 0.307407 0.000260 -0.000463 1.000000
0 877 0.457292 0.639352 0.086458 0.310185 -0.000260 0.000463 1.000000
0 878 0.451302 0.639352 0.094271 0.310185 -0.005990 0.000000 1.000000
0 879 0.447656 0.637037 0.093229 0.318519 -0.003646 -0.002315 1.000000
0 880 0.446354 0.642130 0.089583 0.308333 -0.001302 0.005093 1.000000
0 881 0.446354 0.644907 0.087500 0.302778 0.000000 0.002778 1.000000
0 882 0.447917 0.644907 0.085417 0.302778 0.001563 0.000000 1.000000
0 883 0.451302 0.644907 0.079687 0.302778 0.003385 0.000000 1.000000
0 884 0.451823 0.646296 0.078646 0.301852 0.000521 0.001389 1.000000
0 885 0.452083 0.645833 0.079167 0.300926 0.000260 -0.000463 1.000000
0 886 0.452083 0.643981 0.079167 0.306481 0.000000 -0.001852 1.000000
0 887 0.452083 0.640741 0.079167 0.312963 0.000000 -0.003241 1.000000
0 888 0.452083 0.637037 0.079167 0.320370 0.000000 -0.003704 1.000000
0 889 0.451562 0.634722 0.079167 0.325000 -0.000521 -0.002315 1.000000
0 890 0.451823 0.633333 0.077604 0.327778 0.000260 -0.001389 1.000000
0 891 0.452865 0.635185 0.077604 0.324074 0.001042 0.001852 1.000000
0 892 0.452604 0.636111 0.077083 0.320370 -0.000260 0.000926 1.000000
0 893 0.452604 0.638889 0.077083 0.316667 0.000000 0.002778 1.000000
0 894 0.452083 0.640278 0.077083 0.312037 -0.000521 0.001389 1.000000
0 895 0.452604 0.641204 0.078125 0.310185 0.000521 0.000926 1.000000
0 896 0.452604 0.642130 0.078125 0.308333 0.000000 0.000926 1.000000
0 897 0.452344 0.643056 0.077604 0.308333 -0.000260 0.000926 1.000000
0 898 0.452344 0.641667 0.077604 0.311111 0.000000 -0.001389 1.000000
0 899 0.452344 0.638889 0.077604 0.316667 0.000000 -0.002778 1.000000
0 900 0.452604 0.635185 0.078125 0.324074 0.000260 -0.003704 1.000000
0 901 0.452865 0.633796 0.078646 0.326852 0.000260 -0.001389 1.000000
0 902 0.452865 0.634259 0.078646 0.325926 0.000000 0.000463 1.000000
0 903 0.453125 0.634259 0.079167 0.324074 0.000260 0.000000 1.000000
0 904 0.454167 0.636111 0.080208 0.322222 0.001042 0.001852 1.000000
0 905 0.454167 0.637963 0.080208 0.316667 0.000000 0.001852 1.000000
0 906 0.454167 0.641667 0.080208 0.311111 0.000000 0.003704 1.000000
0 907 0.454167 0.643981 0.080208 0.306481 0.000000 0.002315 1.000000
0 908 0.453906 0.642593 0.079687 0.309259 -0.000260 -0.001389 1.000000
0 909 0.454167 0.642130 0.080208 0.310185 0.000260 -0.000463 1.000000
0 910 0.454167 0.640741 0.080208 0.311111 0.000000 -0.001389 1.000000
0 911 0.454167 0.640741 0.080208 0.311111 0.000000 0.000000 1.000000
0 912 0.454167 0.640741 0.080208 0.311111 0.000000 0.000000 1.000000
0 913 0.453906 0.641204 0.079687 0.312037 -0.000260 0.000463 1.000000
0 914 0.454427 0.640741 0.079687 0.311111 0.000521 -0.000463 1.000000
0 915 0.454167 0.641667 0.079167 0.311111 -0.000260 0.000926 1.000000
0 916 0.453906 0.640741 0.077604 0.311111 -0.000260 -0.000926 1.000000
0 917 0.453125 0.642130 0.073958 0.310185 -0.000781 0.001389 1.000000
0 918 0.452344 0.643056 0.070312 0.308333 -0.000781 0.000926 1.000000
0 919 0.453385 0.643981 0.070312 0.310185 0.001042 0.000926 1.000000
0 920 0.451823 0.645833 0.071354 0.306481 -0.001563 0.001852 1.000000
0 921 0.454688 0.646296 0.077083 0.301852 0.002865 0.000463 1.000000
0 922 0.459635 0.642130 0.088021 0.297222 0.004948 -0.004167 1.000000
0 923 0.465625 0.638426 0.100000 0.304630 0.005990 -0.003704 1.000000
0 924 0.469531 0.640741 0.107813 0.316667 0.003906 0.002315 1.000000
0 925 0.471875 0.640278 0.111458 0.319444 0.002344 -0.000463 1.000000
0 926 0.474479 0.641667 0.100000 0.325926 0.002604 0.001389 1.000000
0 927 0.482552 0.638426 0.080729 0.325000 0.008073 -0.003241 1.000000
0 928 0.490365 0.637500 0.083854 0.325000 0.007812 -0.000926 1.000000
0 929 0.497656 0.637037 0.075521 0.325926 0.007292 -0.000463 1.000000
0 930 0.502083 0.638426 0.069792 0.323148 0.004427 0.001389 1.000000
0 935 0.519531 0.636111 0.056771 0.309259 0.003490 -0.000463 1.000000
0 936 0.517188 0.640278 0.061458 0.302778 -0.002344 0.004167 1.000000
0 937 0.517969 0.647685 0.058854 0.302778 0.000781 0.007407 1.000000
0 938 0.521354 0.652315 0.056250 0.295370 0.003385 0.004630 1.000000
0 939 0.523958 0.656944 0.057292 0.289815 0.002604 0.004630 1.000000
0 940 0.525000 0.659722 0.057292 0.280556 0.001042 0.002778 1.000000
0 941 0.523958 0.660648 0.061458 0.278704 -0.001042 0.000926 1.000000
0 942 0.524219 0.662500 0.061979 0.276852 0.000260 0.001852 1.000000
0 943 0.525521 0.662500 0.060417 0.276852 0.001302 0.000000 1.000000
0 944 0.525781 0.661111 0.058854 0.277778 0.000260 -0.001389 1.000000
0 945 0.525260 0.661111 0.059896 0.279630 -0.000521 0.000000 1.000000
0 946 0.524219 0.661111 0.060937 0.277778 -0.001042 0.000000 1.000000
0 947 0.523177 0.658333 0.061979 0.283333 -0.001042 -0.002778 1.000000
0 948 0.522135 0.658796 0.061979 0.282407 -0.001042 0.000463 1.000000
0 949 0.522656 0.653704 0.058854 0.292593 0.000521 -0.005093 1.000000
0 950 0.520833 0.650463 0.061458 0.297222 -0.001823 -0.003241 1.000000
0 951 0.518490 0.643981 0.063021 0.306481 -0.002344 -0.006481 1.000000
0 952 0.517188 0.643519 0.063542 0.309259 -0.001302 -0.000463 1.000000
0 953 0.516406 0.642130 0.064062 0.312037 -0.000781 -0.001389 1.000000
0 954 0.515885 0.641667 0.065104 0.314815 -0.000521 -0.000463 1.000000
0 955 0.509115 0.622222 0.052604 0.274074 -0.006771 -0.019444 1.000000
0 956 0.504948 0.642593 0.085938 0.312963 -0.004167 0.020370 1.000000
0 958 0.494010 0.643519 0.106771 0.311111 -0.005469 0.000463 1.000000
0 959 0.486719 0.637500 0.105729 0.310185 -0.007292 -0.006019 1.000000
0 960 0.491927 0.644907 0.103646 0.312037 0.005208 0.007407 1.000000
0 961 0.490885 0.644907 0.101562 0.310185 -0.001042 0.000000 1.000000
0 962 0.489063 0.644907 0.097917 0.308333 -0.001823 0.000000 1.000000
0 963 0.486979 0.643519 0.093750 0.307407 -0.002083 -0.001389 1.000000
0 964 0.484375 0.643981 0.088542 0.306481 -0.002604 0.000463 1.000000
0 965 0.481771 0.642130 0.082292 0.308333 -0.002604 -0.001852 1.000000
0 966 0.477083 0.640278 0.073958 0.310185 -0.004687 -0.001852 1.000000
0 967 0.471354 0.638426 0.066667 0.312037 -0.005729 -0.001852 1.000000
0 968 0.463542 0.637500 0.060417 0.317593 -0.007812 -0.000926 1.000000
0 969 0.458073 0.635648 0.054688 0.319444 -0.005469 -0.001852 1.000000
0 970 0.454167 0.634259 0.051042 0.320370 -0.003906 -0.001389 1.000000
0 971 0.453125 0.635648 0.047917 0.321296 -0.001042 0.001389 1.000000
0 972 0.451823 0.636574 0.045312 0.323148 -0.001302 0.000926 1.000000
0 973 0.450260 0.638426 0.042188 0.325000 -0.001563 0.001852 1.000000
0 974 0.444792 0.638426 0.046875 0.321296 -0.005469 0.000000 1.000000
0 975 0.438542 0.640278 0.054167 0.319444 -0.006250 0.001852 1.000000
0 976 0.436198 0.641667 0.055729 0.316667 -0.002344 0.001389 1.000000
0 977 0.429948 0.643519 0.060937 0.312963 -0.006250 0.001852 1.000000
0 978 0.422135 0.645370 0.078646 0.309259 -0.007812 0.001852 1.000000
0 979 0.415885 0.644907 0.086979 0.310185 -0.006250 -0.000463 1.000000
0 980 0.414844 0.641204 0.086979 0.317593 -0.001042 -0.003704 1.000000
0 981 0.414844 0.637963 0.086979 0.322222 0.000000 -0.003241 1.000000
0 982 0.414323 0.629167 0.085938 0.339815 -0.000521 -0.008796 1.000000
0 983 0.414323 0.618519 0.085938 0.361111 0.000000 -0.010648 1.000000
0 984 0.415625 0.629167 0.087500 0.339815 0.001302 0.010648 1.000000
0 985 0.414323 0.631019 0.084896 0.336111 -0.001302 0.001852 1.000000
0 986 0.414323 0.634259 0.084896 0.329630 0.000000 0.003241 1.000000
0 987 0.414062 0.637963 0.084375 0.322222 -0.000260 0.003704 1.000000
0 988 0.415104 0.636574 0.084375 0.325000 0.001042 -0.001389 1.000000
0 989 0.415625 0.634259 0.084375 0.327778 0.000521 -0.002315 1.000000
0 990 0.415885 0.635185 0.083854 0.325926 0.000260 0.000926 1.000000
0 991 0.415885 0.635185 0.083854 0.325926 0.000000 0.000000 1.000000
0 992 0.416146 0.635185 0.083333 0.325926 0.000260 0.000000 1.000000
0 993 0.416667 0.634722 0.083333 0.326852 0.000521 -0.000463 1.000000
0 994 0.416406 0.635185 0.082812 0.325926 -0.000260 0.000463 1.000000
0 995 0.416927 0.636111 0.082812 0.324074 0.000521 0.000926 1.000000
0 996 0.416927 0.637037 0.082812 0.322222 0.000000 0.000926 1.000000
0 997 0.417187 0.638426 0.082292 0.319444 0.000260 0.001389 1.000000
0 998 0.417187 0.638889 0.082292 0.318519 0.000000 0.000463 1.000000
0 999 0.417448 0.639352 0.081771 0.317593 0.000260 0.000463 1.000000
0 1000 0.417969 0.638426 0.081771 0.319444 0.000521 -0.000926 1.000000
0 1001 0.417969 0.637963 0.081771 0.320370 0.000000 -0.000463 1.000000
0 1002 0.418229 0.639815 0.081250 0.316667 0.000260 0.001852 1.000000
0 1003 0.417969 0.642593 0.084896 0.309259 -0.000260 0.002778 1.000000
0 1004 0.419792 0.646296 0.088542 0.303704 0.001823 0.003704 1.000000
0 1005 0.419792 0.645833 0.087500 0.302778 0.000000 -0.000463 1.000000
0 1006 0.418490 0.647685 0.084896 0.299074 -0.001302 0.001852 1.000000
0 1007 0.417969 0.647685 0.082812 0.299074 -0.000521 0.000000 1.000000
0 1008 0.417187 0.648148 0.083333 0.298148 -0.000781 0.000463 1.000000
0 1009 0.416146 0.648611 0.083333 0.297222 -0.001042 0.000463 1.000000
0 1010 0.414583 0.648148 0.083333 0.298148 -0.001563 -0.000463 1.000000
0 1011 0.414323 0.647222 0.084896 0.300000 -0.000260 -0.000926 1.000000
0 1012 0.414844 0.646759 0.086979 0.300926 0.000521 -0.000463 1.000000
0 1013 0.416927 0.647222 0.082812 0.300000 0.002083 0.000463 1.000000
0 1014 0.415104 0.649537 0.088542 0.293519 -0.001823 0.002315 1.000000
0 1015 0.409635 0.653241 0.098437 0.286111 -0.005469 0.003704 1.000000
0 1016 0.403125 0.658333 0.110417 0.275926 -0.006510 0.005093 1.000000
0 1017 0.394531 0.662037 0.125521 0.266667 -0.008594 0.003704 1.000000
0 1018 0.387240 0.664352 0.142187 0.263889 -0.007292 0.002315 1.000000
0 1019 0.386458 0.676389 0.142708 0.237963 -0.000781 0.012037 1.000000
0 1020 0.383594 0.683796 0.148438 0.223148 -0.002865 0.007407 1.000000
0 1021 0.390625 0.692593 0.135417 0.207407 0.007031 0.008796 1.000000
0 1022 0.385677 0.692130 0.145313 0.206481 -0.004948 -0.000463 1.000000
0 1023 0.397135 0.690741 0.122396 0.209259 0.011458 -0.001389 1.000000
0 1024 0.398698 0.688426 0.118229 0.213889 0.001563 -0.002315 1.000000
0 1025 0.393490 0.686111 0.128646 0.216667 -0.005208 -0.002315 1.000000
0 1026 0.388021 0.673148 0.140625 0.244444 -0.005469 -0.012963 1.000000
0 1027 0.379948 0.656481 0.156771 0.277778 -0.008073 -0.016667 1.000000
0 1028 0.382292 0.641204 0.152083 0.310185 0.002344 -0.015278 1.000000
0 1029 0.390104 0.625463 0.136458 0.339815 0.007812 -0.015741 1.000000
0 1030 0.391406 0.620833 0.132812 0.349074 0.001302 -0.004630 1.000000
0 1031 0.395313 0.616667 0.126042 0.355556 0.003906 -0.004167 1.000000
0 1032 0.400000 0.620370 0.116667 0.348148 0.004687 0.003704 1.000000
0 1033 0.404948 0.627315 0.106771 0.334259 0.004948 0.006944 1.000000
0 1034 0.409896 0.635185 0.095833 0.318519 0.004948 0.007870 1.000000
0 1035 0.414062 0.645833 0.090625 0.297222 0.004167 0.010648 1.000000
0 1036 0.414583 0.646296 0.087500 0.296296 0.000521 0.000463 1.000000
0 1037 0.414844 0.644444 0.086979 0.300000 0.000260 -0.001852 1.000000
0 1038 0.414062 0.641667 0.088542 0.307407 -0.000781 -0.002778 1.000000
0 1039 0.413542 0.639352 0.090625 0.310185 -0.000521 -0.002315 1.000000
0 1040 0.414323 0.638889 0.088021 0.309259 0.000781 -0.000463 1.000000
0 1041 0.416146 0.639352 0.083333 0.310185 0.001823 0.000463 1.000000
0 1042 0.415104 0.637963 0.085417 0.314815 -0.001042 -0.001389 1.000000
0 1043 0.414323 0.633796 0.086979 0.321296 -0.000781 -0.004167 1.000000
0 1044 0.411979 0.628704 0.082292 0.333333 -0.002344 -0.005093 1.000000
0 1045 0.414583 0.624537 0.086458 0.341667 0.002604 -0.004167 1.000000
0 1046 0.416146 0.621759 0.083333 0.347222 0.001563 -0.002778 1.000000
0 1047 0.419531 0.622222 0.075521 0.346296 0.003385 0.000463 1.000000
0 1048 0.421354 0.624074 0.070833 0.340741 0.001823 0.001852 1.000000
0 1049 0.422656 0.629167 0.069271 0.332407 0.001302 0.005093 1.000000
0 1050 0.425000 0.634259 0.068750 0.322222 0.002344 0.005093 1.000000
0 1051 0.427083 0.639815 0.068750 0.311111 0.002083 0.005556 1.000000
0 1052 0.428906 0.640741 0.068229 0.307407 0.001823 0.000926 1.000000
0 1053 0.430990 0.642593 0.067187 0.303704 0.002083 0.001852 1.000000
0 1054 0.431771 0.643056 0.066667 0.304630 0.000781 0.000463 1.000000
0 1055 0.432552 0.641204 0.066146 0.306481 0.000781 -0.001852 1.000000
0 1056 0.434115 0.640278 0.067187 0.310185 0.001563 -0.000926 1.000000
0 1057 0.435417 0.639815 0.068750 0.311111 0.001302 -0.000463 1.000000
0 1058 0.436458 0.639352 0.069792 0.312037 0.001042 -0.000463 1.000000
0 1059 0.437760 0.639352 0.070312 0.312037 0.001302 0.000000 1.000000
0 1060 0.437500 0.638889 0.070833 0.312963 -0.000260 -0.000463 1.000000
0 1061 0.436979 0.637500 0.070833 0.313889 -0.000521 -0.001389 1.000000
0 1062 0.435937 0.636574 0.069792 0.317593 -0.001042 -0.000926 1.000000
0 1063 0.436719 0.635185 0.071354 0.322222 0.000781 -0.001389 1.000000
0 1064 0.435677 0.632870 0.071354 0.326852 -0.001042 -0.002315 1.000000
0 1065 0.434896 0.631481 0.070833 0.329630 -0.000781 -0.001389 1.000000
0 1066 0.435156 0.632407 0.070312 0.327778 0.000260 0.000926 1.000000
0 1067 0.435156 0.634259 0.070312 0.325926 0.000000 0.001852 1.000000
0 1068 0.435677 0.633796 0.071354 0.325000 0.000521 -0.000463 1.000000
0 1069 0.435156 0.634259 0.071354 0.325926 -0.000521 0.000463 1.000000
0 1070 0.435156 0.634259 0.071354 0.325926 0.000000 0.000000 1.000000
0 1071 0.435156 0.633796 0.071354 0.326852 0.000000 -0.000463 1.000000
0 1072 0.434635 0.632407 0.071354 0.329630 -0.000521 -0.001389 1.000000
0 1073 0.434896 0.631481 0.071875 0.331481 0.000260 -0.000926 1.000000
0 1074 0.435156 0.631019 0.072396 0.332407 0.000260 -0.000463 1.000000
0 1075 0.434896 0.632870 0.071875 0.330556 -0.000260 0.001852 1.000000
0 1076 0.434896 0.631944 0.071875 0.330556 0.000000 -0.000926 1.000000
0 1077 0.435156 0.632407 0.072396 0.331481 0.000260 0.000463 1.000000
0 1078 0.434115 0.631019 0.072396 0.332407 -0.001042 -0.001389 1.000000
0 1079 0.434115 0.631019 0.072396 0.334259 0.000000 0.000000 1.000000
0 1080 0.434375 0.630093 0.071875 0.334259 0.000260 -0.000926 1.000000
0 1081 0.433594 0.631944 0.071354 0.330556 -0.000781 0.001852 1.000000
0 1082 0.433594 0.632870 0.071354 0.330556 0.000000 0.000926 1.000000
0 1083 0.433333 0.632870 0.070833 0.328704 -0.000260 0.000000 1.000000
0 1084 0.432812 0.632870 0.070833 0.328704 -0.000521 0.000000 1.000000
0 1085 0.432292 0.632870 0.069792 0.328704 -0.000521 0.000000 1.000000
0 1086 0.431250 0.632870 0.070833 0.328704 -0.001042 0.000000 1.000000
0 1087 0.429688 0.633796 0.070833 0.325000 -0.001563 0.000926 1.000000
0 1088 0.428385 0.625463 0.068229 0.341667 -0.001302 -0.008333 1.000000
0 1089 0.426042 0.629167 0.069792 0.334259 -0.002344 0.003704 1.000000
0 1090 0.421094 0.623148 0.076563 0.348148 -0.004948 -0.006019 1.000000
0 1091 0.415365 0.628241 0.084896 0.345370 -0.005729 0.005093 1.000000
0 1092 0.411719 0.638889 0.095312 0.325926 -0.003646 0.010648 1.000000
0 1093 0.414062 0.631944 0.094792 0.330556 0.002344 -0.006944 1.000000
0 1094 0.416667 0.626852 0.088542 0.340741 0.002604 -0.005093 1.000000
0 1095 0.416406 0.621759 0.092188 0.356481 -0.000260 -0.005093 1.000000
0 1096 0.415365 0.619444 0.088021 0.362963 -0.001042 -0.002315 1.000000
0 1097 0.413281 0.617130 0.089063 0.367593 -0.002083 -0.002315 1.000000
0 1098 0.414323 0.618519 0.086979 0.366667 0.001042 0.001389 1.000000
0 1099 0.413542 0.623611 0.086458 0.356481 -0.000781 0.005093 1.000000
0 1100 0.412500 0.633796 0.084375 0.337963 -0.001042 0.010185 1.000000
0 1101 0.412240 0.648611 0.083854 0.310185 -0.000260 0.014815 1.000000
0 1102 0.411719 0.650000 0.083854 0.305556 -0.000521 0.001389 1.000000
0 1103 0.409115 0.641667 0.085938 0.312963 -0.002604 -0.008333 1.000000
0 1104 0.411979 0.635185 0.088542 0.325926 0.002865 -0.006481 1.000000
0 1105 0.412240 0.632870 0.091146 0.330556 0.000260 -0.002315 1.000000
0 1106 0.411719 0.633796 0.092188 0.330556 -0.000521 0.000926 1.000000
0 1107 0.411719 0.637037 0.094271 0.333333 0.000000 0.003241 1.000000
0 1108 0.411719 0.638889 0.094271 0.329630 0.000000 0.001852 1.000000
0 1109 0.412240 0.641204 0.094271 0.325000 0.000521 0.002315 1.000000
0 1110 0.408333 0.645833 0.103125 0.317593 -0.003906 0.004630 1.000000
0 1111 0.407292 0.648611 0.104167 0.310185 -0.001042 0.002778 1.000000
0 1112 0.414583 0.647685 0.092708 0.310185 0.007292 -0.000926 1.000000
0 1113 0.409896 0.644907 0.098958 0.317593 -0.004687 -0.002778 1.000000
0 1114 0.414583 0.633333 0.089583 0.340741 0.004687 -0.011574 1.000000
0 1115 0.415625 0.625000 0.087500 0.359259 0.001042 -0.008333 1.000000
0 1116 0.416667 0.621296 0.085417 0.366667 0.001042 -0.003704 1.000000
0 1117 0.417187 0.620370 0.085417 0.368519 0.000521 -0.000926 1.000000
0 1118 0.417187 0.620833 0.085417 0.367593 0.000000 0.000463 1.000000
0 1119 0.417708 0.623611 0.085417 0.363889 0.000521 0.002778 1.000000
0 1120 0.415625 0.625463 0.089583 0.360185 -0.002083 0.001852 1.000000
0 1121 0.415625 0.625000 0.089583 0.364815 0.000000 -0.000463 1.000000
0 1122 0.414583 0.627778 0.088542 0.355556 -0.001042 0.002778 1.000000
0 1123 0.413542 0.630556 0.085417 0.351852 -0.001042 0.002778 1.000000
0 1124 0.402344 0.637500 0.084896 0.336111 -0.011198 0.006944 1.000000
0 1125 0.390365 0.646759 0.083854 0.319444 -0.011979 0.009259 1.000000
0 1126 0.389062 0.645833 0.089583 0.321296 -0.001302 -0.000926 1.000000
0 1127 0.405208 0.644444 0.127083 0.322222 0.016146 -0.001389 1.000000
0 1128 0.426563 0.643981 0.110417 0.325000 0.021354 -0.000463 1.000000
0 1129 0.426563 0.643056 0.110417 0.326852 0.000000 -0.000926 1.000000
0 1130 0.419010 0.615741 0.085938 0.379630 -0.007552 -0.027315 1.000000
0 1131 0.423958 0.606019 0.084375 0.387963 0.004948 -0.009722 1.000000
0 1132 0.425260 0.611111 0.072396 0.374074 0.001302 0.005093 1.000000
0 1133 0.422917 0.624537 0.054167 0.356481 -0.002344 0.013426 1.000000
0 1134 0.423438 0.628704 0.042708 0.346296 0.000521 0.004167 1.000000
0 1135 0.423958 0.633333 0.044792 0.337037 0.000521 0.004630 1.000000
0 1140 0.422917 0.635648 0.048958 0.332407 -0.000208 0.000463 1.000000
0 1141 0.423438 0.637963 0.050000 0.327778 0.000521 0.002315 1.000000
0 1142 0.423958 0.640278 0.050000 0.323148 0.000521 0.002315 1.000000
0 1143 0.421354 0.642130 0.046875 0.317593 -0.002604 0.001852 1.000000
0 1144 0.423177 0.645370 0.054688 0.311111 0.001823 0.003241 1.000000
0 1145 0.425781 0.647222 0.055729 0.307407 0.002604 0.001852 1.000000
0 1146 0.425521 0.647222 0.059375 0.307407 -0.000260 0.000000 1.000000
0 1147 0.424740 0.642593 0.059896 0.314815 -0.000781 -0.004630 1.000000
0 1148 0.423438 0.637963 0.057292 0.325926 -0.001302 -0.004630 1.000000
0 1149 0.421354 0.636111 0.053125 0.329630 -0.002083 -0.001852 1.000000
0 1150 0.420052 0.633333 0.053646 0.333333 -0.001302 -0.002778 1.000000
0 1151 0.421615 0.631944 0.052604 0.336111 0.001563 -0.001389 1.000000
0 1152 0.421615 0.639815 0.046354 0.320370 0.000000 0.007870 1.000000
0 1153 0.421875 0.639815 0.043750 0.318519 0.000260 0.000000 1.000000
0 1154 0.422135 0.643519 0.048438 0.311111 0.000260 0.003704 1.000000
0 1155 0.424740 0.644907 0.049479 0.308333 0.002604 0.001389 1.000000
0 1156 0.425000 0.644907 0.050000 0.308333 0.000260 0.000000 1.000000
0 1157 0.428906 0.645370 0.046354 0.307407 0.003906 0.000463 1.000000
0 1158 0.429948 0.643981 0.048438 0.310185 0.001042 -0.001389 1.000000
0 1159 0.426042 0.642593 0.057292 0.312963 -0.003906 -0.001389 1.000000
0 1160 0.429167 0.641204 0.062500 0.315741 0.003125 -0.001389 1.000000
0 1161 0.430990 0.638426 0.066146 0.321296 0.001823 -0.002778 1.000000
0 1162 0.435677 0.641204 0.074479 0.315741 0.004687 0.002778 1.000000
0 1163 0.438542 0.644444 0.080208 0.309259 0.002865 0.003241 1.000000
0 1164 0.439844 0.647685 0.086979 0.300926 0.001302 0.003241 1.000000
0 1165 0.441146 0.654630 0.092708 0.285185 0.001302 0.006944 1.000000
0 1166 0.440365 0.661111 0.093229 0.274074 -0.000781 0.006481 1.000000
0 1167 0.441667 0.663889 0.095833 0.268519 0.001302 0.002778 1.000000
0 1168 0.445052 0.666204 0.096354 0.263889 0.003385 0.002315 1.000000
0 1169 0.443750 0.668056 0.095833 0.260185 -0.001302 0.001852 1.000000
0 1170 0.441406 0.668981 0.091146 0.256481 -0.002344 0.000926 1.000000
0 1171 0.440625 0.667130 0.089583 0.260185 -0.000781 -0.001852 1.000000
0 1172 0.438542 0.664352 0.096875 0.265741 -0.002083 -0.002778 1.000000
0 1173 0.439583 0.664352 0.090625 0.265741 0.001042 0.000000 1.000000
0 1174 0.438281 0.666204 0.088021 0.262037 -0.001302 0.001852 1.000000
0 1175 0.438802 0.665278 0.088021 0.263889 0.000521 -0.000926 1.000000
0 1176 0.439063 0.664815 0.088542 0.262963 0.000260 -0.000463 1.000000
0 1177 0.439583 0.662963 0.083333 0.264815 0.000521 -0.001852 1.000000
0 1178 0.438281 0.656944 0.081771 0.269444 -0.001302 -0.006019 1.000000
0 1179 0.440625 0.649537 0.076042 0.280556 0.002344 -0.007407 1.000000
0 1180 0.440625 0.643981 0.073958 0.291667 0.000000 -0.005556 1.000000
0 1181 0.439063 0.638426 0.070833 0.304630 -0.001563 -0.005556 1.000000
0 1182 0.438542 0.632870 0.067708 0.315741 -0.000521 -0.005556 1.000000
0 1183 0.446354 0.630093 0.065625 0.323148 0.007812 -0.002778 1.000000
0 1184 0.455729 0.627315 0.061458 0.330556 0.009375 -0.002778 1.000000
0 1185 0.459896 0.622222 0.053125 0.331481 0.004167 -0.005093 1.000000
0 1186 0.460417 0.619444 0.047917 0.335185 0.000521 -0.002778 1.000000
0 1187 0.462240 0.621296 0.045312 0.342593 0.001823 0.001852 1.000000
0 1188 0.465104 0.623148 0.046875 0.348148 0.002865 0.001852 1.000000
0 1194 0.468750 0.624074 0.064583 0.331481 0.000608 0.000154 1.000000
0 1195 0.469010 0.623148 0.067187 0.331481 0.000260 -0.000926 1.000000
0 1196 0.468490 0.623148 0.064062 0.331481 -0.000521 0.000000 1.000000
0 1197 0.473438 0.623611 0.064583 0.332407 0.004948 0.000463 1.000000
0 1198 0.477865 0.622685 0.065104 0.332407 0.004427 -0.000926 1.000000
0 1199 0.482552 0.623611 0.063021 0.330556 0.004687 0.000926 1.000000
0 1200 0.481510 0.624074 0.067187 0.331481 -0.001042 0.000463 1.000000
0 1201 0.478906 0.624074 0.069271 0.331481 -0.002604 0.000000 1.000000
0 1202 0.477344 0.621759 0.068229 0.326852 -0.001563 -0.002315 1.000000
