0 17 0.974609 0.263194 0.049219 0.276389 1.000000
0 18 0.969922 0.265972 0.058594 0.270833 1.000000
0 19 0.966016 0.268750 0.058594 0.270833 1.000000
0 20 0.954297 0.267361 0.053906 0.270833 1.000000
0 21 0.939453 0.268750 0.047656 0.265278 1.000000
0 22 0.931641 0.268750 0.052344 0.265278 1.000000
0 23 0.914844 0.265278 0.059375 0.269444 1.000000
0 24 0.903516 0.261111 0.067969 0.275000 1.000000
0 25 0.894922 0.261111 0.067969 0.275000 1.000000
0 26 0.886719 0.261111 0.064062 0.272222 1.000000
0 27 0.874609 0.259028 0.061719 0.270833 1.000000
0 28 0.850781 0.259722 0.051562 0.261111 1.000000
0 29 0.844922 0.257639 0.052344 0.259722 1.000000
0 30 0.839453 0.256944 0.055469 0.252778 1.000000
0 31 0.833594 0.254861 0.057813 0.256944 1.000000
0 32 0.823438 0.254167 0.067187 0.258333 1.000000
0 33 0.806250 0.250000 0.075000 0.258333 1.000000
0 34 0.798438 0.249306 0.075000 0.254167 1.000000
0 35 0.791016 0.249306 0.064844 0.254167 1.000000
0 36 0.784766 0.247222 0.055469 0.252778 1.000000
0 37 0.775000 0.250000 0.048438 0.247222 1.000000
0 38 0.760938 0.250000 0.046875 0.247222 1.000000
0 39 0.755078 0.248611 0.049219 0.250000 1.000000
0 40 0.749219 0.247222 0.053125 0.252778 1.000000
0 41 0.742969 0.248611 0.062500 0.250000 1.000000
0 42 0.736719 0.247222 0.064062 0.252778 1.000000
0 43 0.728516 0.247222 0.053906 0.252778 1.000000
0 44 0.721875 0.247917 0.051562 0.248611 1.000000
0 45 0.715234 0.250694 0.044531 0.240278 1.000000
0 46 0.710938 0.246528 0.040625 0.243056 1.000000
0 47 0.708203 0.246528 0.050781 0.240278 1.000000
0 48 0.705078 0.242361 0.052344 0.243056 1.000000
0 49 0.702734 0.241667 0.063281 0.244444 1.000000
0 50 0.698438 0.239583 0.062500 0.245833 1.000000
0 51 0.696094 0.239583 0.064062 0.243056 1.000000
0 52 0.693359 0.240972 0.061719 0.237500 1.000000
0 53 0.688672 0.241667 0.050781 0.233333 1.000000
0 54 0.683984 0.242361 0.046094 0.234722 1.000000
0 55 0.679297 0.241667 0.041406 0.238889 1.000000
0 56 0.675781 0.240972 0.034375 0.240278 1.000000
0 57 0.676562 0.242361 0.040625 0.240278 1.000000
0 58 0.676562 0.242361 0.056250 0.243056 1.000000
0 59 0.669922 0.244444 0.050781 0.241667 1.000000
0 60 0.663672 0.247222 0.057031 0.236111 1.000000
0 61 0.662500 0.247222 0.068750 0.236111 1.000000
0 62 0.655469 0.249306 0.068750 0.231944 1.000000
0 63 0.644531 0.250000 0.073438 0.225000 1.000000
0 64 0.637891 0.250694 0.067969 0.223611 1.000000
0 65 0.632422 0.249306 0.064844 0.220833 1.000000
0 66 0.627734 0.247917 0.060156 0.220833 1.000000
0 67 0.625000 0.247917 0.054688 0.220833 1.000000
0 68 0.618359 0.242361 0.047656 0.220833 1.000000
0 69 0.613672 0.242361 0.038281 0.223611 1.000000
0 70 0.602734 0.237500 0.053906 0.213889 1.000000
0 71 0.595703 0.238194 0.053906 0.212500 1.000000
0 72 0.591016 0.239583 0.061719 0.209722 1.000000
0 73 0.598047 0.243750 0.066406 0.204167 1.000000
0 74 0.594141 0.244444 0.072656 0.211111 1.000000
0 75 0.589453 0.246528 0.077344 0.209722 1.000000
0 76 0.584375 0.247917 0.081250 0.206944 1.000000
0 77 0.578516 0.247917 0.080469 0.206944 1.000000
0 78 0.569922 0.248611 0.075781 0.208333 1.000000
0 79 0.567187 0.249306 0.071875 0.206944 1.000000
0 80 0.565625 0.249306 0.064062 0.206944 1.000000
0 81 0.564844 0.249306 0.054688 0.206944 1.000000
0 82 0.565234 0.249306 0.046094 0.206944 1.000000
0 83 0.557422 0.249306 0.036719 0.206944 1.000000
0 84 0.557422 0.247222 0.036719 0.202778 1.000000
0 85 0.557422 0.247222 0.036719 0.202778 1.000000
0 86 0.568359 0.253472 0.052344 0.206944 1.000000
0 87 0.570703 0.255556 0.057031 0.211111 1.000000
0 88 0.575000 0.260417 0.060937 0.209722 1.000000
0 89 0.576953 0.262500 0.063281 0.211111 1.000000
0 90 0.578125 0.263194 0.064062 0.212500 1.000000
0 91 0.579297 0.263889 0.064844 0.213889 1.000000
0 92 0.580469 0.264583 0.064062 0.215278 1.000000
0 93 0.581250 0.270833 0.064062 0.208333 1.000000
0 94 0.580469 0.272222 0.064062 0.208333 1.000000
0 95 0.580469 0.272222 0.065625 0.208333 1.000000
0 96 0.580078 0.275000 0.063281 0.208333 1.000000
0 97 0.580078 0.276389 0.063281 0.205556 1.000000
0 98 0.580469 0.279167 0.060937 0.208333 1.000000
0 99 0.581250 0.280556 0.059375 0.208333 1.000000
0 100 0.582031 0.280556 0.057813 0.208333 1.000000
0 101 0.582031 0.282639 0.054688 0.212500 1.000000
0 102 0.582422 0.284028 0.053906 0.209722 1.000000
0 103 0.581641 0.284028 0.052344 0.209722 1.000000
0 104 0.581641 0.285417 0.052344 0.209722 1.000000
0 105 0.582422 0.288889 0.053906 0.211111 1.000000
0 106 0.582422 0.289583 0.053906 0.209722 1.000000
0 107 0.582422 0.290972 0.053906 0.209722 1.000000
0 108 0.580859 0.291667 0.053906 0.205556 1.000000
0 109 0.582422 0.295139 0.058594 0.209722 1.000000
0 110 0.582812 0.295833 0.059375 0.211111 1.000000
0 111 0.584375 0.297222 0.059375 0.213889 1.000000
0 112 0.583984 0.297917 0.060156 0.212500 1.000000
0 113 0.582031 0.298611 0.059375 0.211111 1.000000
0 114 0.582031 0.298611 0.056250 0.211111 1.000000
0 115 0.583203 0.297222 0.057031 0.211111 1.000000
0 116 0.583203 0.297222 0.057031 0.211111 1.000000
0 117 0.582422 0.299306 0.055469 0.215278 1.000000
0 118 0.580469 0.297917 0.050000 0.220833 1.000000
0 119 0.578125 0.297917 0.045312 0.223611 1.000000
0 120 0.575000 0.296528 0.042188 0.220833 1.000000
0 121 0.573438 0.297917 0.042188 0.220833 1.000000
0 122 0.571484 0.293750 0.046094 0.215278 1.000000
0 123 0.567187 0.296528 0.050000 0.209722 1.000000
0 124 0.564063 0.299306 0.051562 0.206944 1.000000
0 125 0.560937 0.301389 0.053125 0.208333 1.000000
0 126 0.557031 0.304167 0.053125 0.213889 1.000000
0 127 0.547656 0.310417 0.050000 0.220833 1.000000
0 128 0.535156 0.311806 0.053125 0.223611 1.000000
0 129 0.525391 0.313194 0.053906 0.229167 1.000000
0 130 0.524609 0.313194 0.052344 0.229167 1.000000
0 131 0.523438 0.314583 0.060937 0.229167 1.000000
0 132 0.512891 0.315972 0.053906 0.223611 1.000000
0 133 0.501953 0.326389 0.069531 0.211111 1.000000
0 134 0.490234 0.333333 0.085156 0.211111 1.000000
0 135 0.484766 0.337500 0.096094 0.208333 1.000000
0 136 0.477344 0.343056 0.093750 0.202778 1.000000
0 137 0.472266 0.343056 0.091406 0.202778 1.000000
0 138 0.458203 0.345833 0.099219 0.205556 1.000000
0 139 0.448047 0.347222 0.096094 0.208333 1.000000
0 140 0.438281 0.347222 0.089063 0.213889 1.000000
0 141 0.425781 0.345833 0.078125 0.219444 1.000000
0 142 0.412891 0.347222 0.075781 0.222222 1.000000
0 143 0.385547 0.351389 0.061719 0.230556 1.000000
0 144 0.378516 0.353472 0.053906 0.243056 1.000000
0 145 0.373437 0.360417 0.048438 0.245833 1.000000
0 146 0.364063 0.365972 0.048438 0.248611 1.000000
0 147 0.356250 0.369444 0.050000 0.244444 1.000000
0 148 0.337891 0.381250 0.060156 0.237500 1.000000
0 149 0.332813 0.380556 0.067187 0.236111 1.000000
0 150 0.329688 0.386111 0.073438 0.236111 1.000000
0 151 0.327344 0.388889 0.078125 0.238889 1.000000
0 152 0.325391 0.388889 0.074219 0.238889 1.000000
0 153 0.319922 0.388194 0.063281 0.240278 1.000000
0 154 0.317188 0.386111 0.057813 0.244444 1.000000
0 155 0.313672 0.384028 0.050781 0.248611 1.000000
0 156 0.313281 0.381944 0.053125 0.252778 1.000000
0 157 0.308594 0.381250 0.053125 0.254167 1.000000
0 158 0.303906 0.381944 0.053125 0.258333 1.000000
0 159 0.294141 0.383333 0.060156 0.258333 1.000000
0 160 0.288281 0.387500 0.065625 0.261111 1.000000
0 161 0.283594 0.393750 0.068750 0.259722 1.000000
0 162 0.280078 0.401389 0.071094 0.263889 1.000000
0 163 0.278125 0.402778 0.073438 0.263889 1.000000
0 164 0.273438 0.406944 0.078125 0.261111 1.000000
0 165 0.270703 0.409028 0.080469 0.259722 1.000000
0 166 0.268359 0.409028 0.080469 0.262500 1.000000
0 167 0.265234 0.410417 0.077344 0.259722 1.000000
0 168 0.263672 0.410417 0.074219 0.259722 1.000000
0 169 0.262891 0.414583 0.069531 0.262500 1.000000
0 170 0.264062 0.420139 0.067187 0.265278 1.000000
0 171 0.264062 0.422917 0.067187 0.265278 1.000000
0 172 0.265625 0.425694 0.068750 0.262500 1.000000
0 173 0.266797 0.428472 0.071094 0.262500 1.000000
0 174 0.269922 0.427083 0.074219 0.259722 1.000000
0 175 0.270703 0.427083 0.074219 0.259722 1.000000
0 176 0.271875 0.426389 0.071875 0.258333 1.000000
0 177 0.272266 0.426389 0.071094 0.258333 1.000000
0 178 0.272656 0.425000 0.068750 0.258333 1.000000
0 179 0.273828 0.420139 0.071094 0.265278 1.000000
0 180 0.273828 0.422917 0.074219 0.268056 1.000000
0 181 0.273438 0.422917 0.078125 0.268056 1.000000
0 182 0.274219 0.427778 0.082812 0.261111 1.000000
0 183 0.275391 0.434722 0.086719 0.261111 1.000000
0 184 0.281641 0.444444 0.086719 0.261111 1.000000
0 185 0.283203 0.445833 0.089844 0.258333 1.000000
0 186 0.282813 0.445833 0.090625 0.258333 1.000000
0 187 0.283203 0.445833 0.092969 0.258333 1.000000
0 188 0.282031 0.444444 0.092188 0.258333 1.000000
0 189 0.278516 0.443056 0.083594 0.258333 1.000000
0 190 0.275000 0.441667 0.076563 0.261111 1.000000
0 191 0.271094 0.441667 0.070312 0.263889 1.000000
0 192 0.267188 0.440972 0.062500 0.262500 1.000000
0 193 0.262500 0.442361 0.057813 0.268056 1.000000
0 194 0.258594 0.449306 0.056250 0.273611 1.000000
0 195 0.257031 0.453472 0.056250 0.273611 1.000000
0 196 0.255859 0.457639 0.058594 0.273611 1.000000
0 197 0.255078 0.463194 0.058594 0.273611 1.000000
0 198 0.253125 0.465972 0.059375 0.270833 1.000000
0 199 0.250000 0.469444 0.057813 0.266667 1.000000
0 200 0.248438 0.469444 0.054688 0.266667 1.000000
0 201 0.246484 0.469444 0.050781 0.266667 1.000000
0 202 0.244531 0.470833 0.048438 0.261111 1.000000
0 203 0.243359 0.470833 0.046094 0.261111 1.000000
0 204 0.239844 0.470139 0.046875 0.262500 1.000000
0 205 0.238672 0.470139 0.050781 0.262500 1.000000
0 206 0.234375 0.468750 0.062500 0.265278 1.000000
0 207 0.230469 0.468750 0.070312 0.265278 1.000000
0 208 0.228125 0.469444 0.075000 0.263889 1.000000
0 209 0.228125 0.472917 0.079687 0.259722 1.000000
0 210 0.229687 0.475000 0.079687 0.258333 1.000000
0 211 0.230859 0.475694 0.080469 0.256944 1.000000
0 212 0.230859 0.477778 0.080469 0.255556 1.000000
0 213 0.231641 0.479167 0.080469 0.255556 1.000000
0 214 0.230859 0.484722 0.077344 0.258333 1.000000
0 215 0.227344 0.487500 0.071875 0.261111 1.000000
0 216 0.225000 0.490972 0.068750 0.262500 1.000000
0 217 0.220703 0.495833 0.063281 0.263889 1.000000
0 218 0.217578 0.502083 0.061719 0.262500 1.000000
0 219 0.211328 0.511111 0.064844 0.263889 1.000000
0 220 0.207813 0.517361 0.067187 0.265278 1.000000
0 221 0.205469 0.521528 0.071875 0.265278 1.000000
0 222 0.202734 0.525000 0.074219 0.261111 1.000000
0 223 0.200000 0.530556 0.075000 0.261111 1.000000
0 224 0.194141 0.537500 0.075781 0.261111 1.000000
0 225 0.191016 0.541667 0.077344 0.261111 1.000000
0 226 0.185156 0.543056 0.078125 0.263889 1.000000
0 227 0.180859 0.544444 0.078906 0.266667 1.000000
0 228 0.177344 0.548611 0.078125 0.266667 1.000000
0 229 0.166406 0.549306 0.078125 0.276389 1.000000
0 230 0.161719 0.550694 0.078125 0.281944 1.000000
0 231 0.152344 0.551389 0.078125 0.286111 1.000000
0 232 0.141797 0.552778 0.075781 0.288889 1.000000
0 233 0.128906 0.552778 0.071875 0.291667 1.000000
0 234 0.102734 0.553472 0.058594 0.301389 1.000000
0 235 0.091406 0.556944 0.054688 0.294444 1.000000
0 236 0.083203 0.559722 0.058594 0.294444 1.000000
0 237 0.076172 0.562500 0.061719 0.294444 1.000000
0 238 0.069531 0.572222 0.065625 0.283333 1.000000
0 239 0.051562 0.584028 0.081250 0.270833 1.000000
0 240 0.043750 0.586806 0.087500 0.265278 1.000000
0 241 0.041797 0.590278 0.083594 0.258333 1.000000
0 242 0.039453 0.589583 0.078906 0.256944 1.000000
0 345 0.017969 0.198611 0.035937 0.216667 1.000000
0 346 0.023047 0.200000 0.044531 0.219444 1.000000
0 347 0.027344 0.195139 0.054688 0.220833 1.000000
0 348 0.031250 0.195139 0.062500 0.220833 1.000000
0 349 0.033594 0.193056 0.067187 0.216667 1.000000
0 350 0.040625 0.194444 0.065625 0.205556 1.000000
0 351 0.042969 0.191667 0.059375 0.211111 1.000000
0 352 0.040234 0.190972 0.063281 0.212500 1.000000
0 353 0.040234 0.190972 0.058594 0.215278 1.000000
0 354 0.039453 0.189583 0.057031 0.218056 1.000000
0 355 0.039062 0.186806 0.050000 0.218056 1.000000
0 356 0.039844 0.187500 0.048438 0.216667 1.000000
0 357 0.041016 0.188194 0.050781 0.215278 1.000000
0 358 0.040234 0.187500 0.055469 0.216667 1.000000
0 359 0.042578 0.187500 0.055469 0.216667 1.000000
0 360 0.042578 0.186806 0.049219 0.215278 1.000000
0 361 0.041016 0.188194 0.046094 0.212500 1.000000
0 362 0.040234 0.189583 0.042969 0.212500 1.000000
0 363 0.039453 0.188889 0.039844 0.213889 1.000000
0 364 0.038672 0.188889 0.036719 0.213889 1.000000
0 365 0.042578 0.188194 0.036719 0.218056 1.000000
0 366 0.044141 0.190972 0.039844 0.218056 1.000000
0 367 0.044141 0.192361 0.047656 0.218056 1.000000
0 368 0.044531 0.193750 0.051562 0.218056 1.000000
0 369 0.047656 0.195833 0.051562 0.216667 1.000000
0 370 0.053906 0.198611 0.051562 0.216667 1.000000
0 371 0.057813 0.200000 0.051562 0.216667 1.000000
0 372 0.061328 0.202083 0.053906 0.215278 1.000000
0 373 0.064062 0.203472 0.050000 0.215278 1.000000
0 374 0.067187 0.203472 0.050000 0.215278 1.000000
0 375 0.072266 0.202778 0.046094 0.219444 1.000000
0 376 0.074609 0.202778 0.046094 0.219444 1.000000
0 377 0.077344 0.201389 0.045312 0.222222 1.000000
0 378 0.078906 0.200694 0.043750 0.223611 1.000000
0 379 0.082031 0.197917 0.043750 0.218056 1.000000
0 380 0.086719 0.197917 0.043750 0.218056 1.000000
0 381 0.091016 0.197222 0.046094 0.219444 1.000000
0 382 0.094141 0.195833 0.046094 0.216667 1.000000
0 383 0.098047 0.194444 0.047656 0.216667 1.000000
0 384 0.101562 0.194444 0.048438 0.219444 1.000000
0 385 0.106641 0.192361 0.049219 0.218056 1.000000
0 386 0.111328 0.192361 0.049219 0.218056 1.000000
0 387 0.112891 0.192361 0.049219 0.218056 1.000000
0 388 0.115234 0.192361 0.049219 0.218056 1.000000
0 389 0.116016 0.192361 0.049219 0.218056 1.000000
0 390 0.121484 0.190972 0.049219 0.218056 1.000000
0 391 0.122656 0.190972 0.050000 0.218056 1.000000
0 392 0.126172 0.190972 0.053906 0.218056 1.000000
0 393 0.125391 0.190972 0.049219 0.218056 1.000000
0 394 0.126172 0.190972 0.049219 0.218056 1.000000
0 395 0.128516 0.190972 0.049219 0.218056 1.000000
0 396 0.129297 0.190972 0.049219 0.218056 1.000000
0 397 0.130859 0.189583 0.049219 0.220833 1.000000
0 398 0.132031 0.189583 0.050000 0.220833 1.000000
0 399 0.133594 0.189583 0.050000 0.220833 1.000000
0 400 0.137500 0.189583 0.050000 0.220833 1.000000
0 401 0.139063 0.189583 0.050000 0.220833 1.000000
0 402 0.141406 0.189583 0.050000 0.220833 1.000000
0 403 0.144531 0.189583 0.050000 0.220833 1.000000
0 404 0.148047 0.190278 0.052344 0.222222 1.000000
0 405 0.153125 0.190278 0.056250 0.222222 1.000000
0 406 0.155469 0.190972 0.057813 0.220833 1.000000
0 407 0.157031 0.190972 0.057813 0.220833 1.000000
0 408 0.157812 0.190972 0.057813 0.220833 1.000000
0 409 0.158594 0.190972 0.057813 0.220833 1.000000
0 410 0.161719 0.190972 0.057813 0.218056 1.000000
0 411 0.162891 0.190972 0.057031 0.218056 1.000000
0 412 0.164844 0.189583 0.054688 0.215278 1.000000
0 413 0.166797 0.189583 0.050781 0.215278 1.000000
0 414 0.169141 0.189583 0.049219 0.215278 1.000000
0 415 0.173437 0.186806 0.045312 0.215278 1.000000
0 416 0.174609 0.186806 0.042969 0.215278 1.000000
0 417 0.174609 0.186806 0.042969 0.215278 1.000000
0 418 0.174609 0.186806 0.042969 0.215278 1.000000
0 419 0.174609 0.186111 0.042969 0.216667 1.000000
0 420 0.174609 0.186111 0.042969 0.222222 1.000000
0 421 0.174609 0.185417 0.042969 0.220833 1.000000
0 422 0.174609 0.185417 0.042969 0.223611 1.000000
0 423 0.174609 0.183333 0.042969 0.225000 1.000000
0 424 0.174609 0.181944 0.042969 0.225000 1.000000
0 425 0.174609 0.177778 0.041406 0.225000 1.000000
0 426 0.174609 0.177778 0.041406 0.225000 1.000000
0 427 0.174609 0.175000 0.041406 0.225000 1.000000
0 428 0.174609 0.175000 0.041406 0.225000 1.000000
0 429 0.174609 0.171528 0.041406 0.229167 1.000000
0 430 0.174609 0.171528 0.041406 0.229167 1.000000
0 431 0.174609 0.170139 0.041406 0.231944 1.000000
0 432 0.177734 0.169444 0.042969 0.233333 1.000000
0 433 0.178906 0.168750 0.045312 0.234722 1.000000
0 434 0.180078 0.166667 0.046094 0.238889 1.000000
0 435 0.183594 0.164583 0.045312 0.231944 1.000000
0 436 0.183594 0.164583 0.045312 0.231944 1.000000
0 437 0.185156 0.164583 0.045312 0.231944 1.000000
0 438 0.185938 0.164583 0.043750 0.231944 1.000000
0 439 0.187500 0.163889 0.043750 0.233333 1.000000
0 440 0.189844 0.163889 0.043750 0.233333 1.000000
0 441 0.191406 0.163889 0.043750 0.233333 1.000000
0 442 0.191406 0.163889 0.042188 0.233333 1.000000
0 443 0.192578 0.165278 0.041406 0.236111 1.000000
0 444 0.192578 0.165278 0.041406 0.236111 1.000000
0 445 0.193359 0.165278 0.041406 0.236111 1.000000
0 446 0.194141 0.165278 0.041406 0.236111 1.000000
0 447 0.194141 0.165278 0.041406 0.236111 1.000000
0 448 0.194141 0.165278 0.041406 0.236111 1.000000
0 449 0.194141 0.165278 0.041406 0.236111 1.000000
0 450 0.194922 0.165278 0.041406 0.236111 1.000000
0 451 0.194922 0.165278 0.041406 0.236111 1.000000
0 452 0.194922 0.168056 0.041406 0.236111 1.000000
0 453 0.195703 0.168056 0.039844 0.236111 1.000000
0 454 0.196094 0.168056 0.040625 0.236111 1.000000
0 455 0.196875 0.169444 0.040625 0.238889 1.000000
0 456 0.197656 0.169444 0.040625 0.238889 1.000000
0 457 0.198437 0.169444 0.040625 0.238889 1.000000
0 458 0.198437 0.169444 0.040625 0.238889 1.000000
0 459 0.200000 0.169444 0.040625 0.238889 1.000000
0 460 0.200000 0.169444 0.040625 0.238889 1.000000
0 461 0.201172 0.169444 0.044531 0.238889 1.000000
0 462 0.201172 0.170833 0.046094 0.238889 1.000000
0 463 0.201563 0.173611 0.046875 0.238889 1.000000
0 464 0.203906 0.173611 0.046875 0.238889 1.000000
0 465 0.206250 0.176389 0.046875 0.238889 1.000000
0 466 0.207813 0.177778 0.046875 0.238889 1.000000
0 467 0.209375 0.179167 0.046875 0.238889 1.000000
0 468 0.209375 0.180556 0.046875 0.238889 1.000000
0 469 0.210547 0.183333 0.049219 0.238889 1.000000
0 470 0.212109 0.186111 0.052344 0.236111 1.000000
0 471 0.213281 0.187500 0.054688 0.238889 1.000000
0 472 0.214062 0.190278 0.054688 0.236111 1.000000
0 473 0.214844 0.190972 0.056250 0.234722 1.000000
0 474 0.215234 0.192361 0.057031 0.237500 1.000000
0 475 0.215625 0.193750 0.054688 0.237500 1.000000
0 476 0.215625 0.197222 0.053125 0.227778 1.000000
0 477 0.215625 0.197222 0.050000 0.227778 1.000000
0 478 0.215234 0.198611 0.047656 0.230556 1.000000
0 479 0.216406 0.200000 0.046875 0.230556 1.000000
0 480 0.219531 0.200000 0.046875 0.230556 1.000000
0 481 0.221094 0.200000 0.046875 0.230556 1.000000
0 482 0.223438 0.202778 0.046875 0.227778 1.000000
0 483 0.225781 0.204167 0.046875 0.227778 1.000000
0 484 0.228125 0.205556 0.046875 0.225000 1.000000
0 485 0.231641 0.206944 0.044531 0.225000 1.000000
0 486 0.234766 0.206250 0.044531 0.220833 1.000000
0 487 0.237109 0.206250 0.044531 0.223611 1.000000
0 488 0.240234 0.204861 0.044531 0.223611 1.000000
0 489 0.242578 0.204861 0.044531 0.223611 1.000000
0 490 0.246875 0.206250 0.042188 0.223611 1.000000
0 491 0.250000 0.206250 0.042188 0.223611 1.000000
0 492 0.252344 0.206250 0.042188 0.223611 1.000000
0 493 0.255469 0.206250 0.042188 0.223611 1.000000
0 494 0.258203 0.209028 0.039844 0.223611 1.000000
0 495 0.260547 0.209028 0.039844 0.223611 1.000000
0 496 0.265234 0.209722 0.039844 0.222222 1.000000
0 497 0.267578 0.209722 0.039844 0.222222 1.000000
0 498 0.269922 0.209722 0.039844 0.222222 1.000000
0 499 0.272266 0.209722 0.039844 0.222222 1.000000
0 500 0.273828 0.212500 0.039844 0.222222 1.000000
0 501 0.277734 0.214583 0.039844 0.215278 1.000000
0 502 0.279297 0.214583 0.039844 0.215278 1.000000
0 503 0.280469 0.214583 0.039062 0.215278 1.000000
0 504 0.280469 0.214583 0.039062 0.215278 1.000000
0 505 0.280469 0.215972 0.039062 0.215278 1.000000
0 506 0.281250 0.218750 0.039062 0.215278 1.000000
0 507 0.281250 0.218750 0.039062 0.215278 1.000000
0 508 0.281250 0.218750 0.039062 0.215278 1.000000
0 509 0.282031 0.218750 0.039062 0.215278 1.000000
0 510 0.282031 0.218750 0.039062 0.215278 1.000000
0 511 0.283594 0.222917 0.039062 0.215278 1.000000
0 512 0.283594 0.224306 0.039062 0.215278 1.000000
0 513 0.283594 0.224306 0.039062 0.215278 1.000000
0 514 0.282813 0.224306 0.037500 0.215278 1.000000
0 515 0.282813 0.227083 0.037500 0.215278 1.000000
0 516 0.282031 0.228472 0.037500 0.215278 1.000000
0 517 0.282031 0.231944 0.037500 0.213889 1.000000
0 518 0.282031 0.231944 0.037500 0.213889 1.000000
0 519 0.282031 0.234028 0.037500 0.212500 1.000000
0 520 0.280469 0.237500 0.037500 0.211111 1.000000
0 521 0.280078 0.240278 0.036719 0.211111 1.000000
0 522 0.279297 0.240278 0.036719 0.211111 1.000000
0 523 0.277734 0.240278 0.036719 0.211111 1.000000
0 524 0.276953 0.240278 0.038281 0.211111 1.000000
0 525 0.275391 0.243056 0.041406 0.211111 1.000000
0 526 0.271484 0.243056 0.041406 0.211111 1.000000
0 527 0.269922 0.243056 0.041406 0.211111 1.000000
0 528 0.268359 0.244444 0.042969 0.211111 1.000000
0 529 0.268359 0.247222 0.042969 0.211111 1.000000
0 530 0.267578 0.247222 0.042969 0.211111 1.000000
0 531 0.264453 0.247222 0.042969 0.211111 1.000000
0 532 0.264453 0.247222 0.042969 0.211111 1.000000
0 533 0.262109 0.247222 0.042969 0.211111 1.000000
0 534 0.262109 0.247222 0.042969 0.211111 1.000000
0 535 0.260547 0.250694 0.042969 0.212500 1.000000
0 536 0.256641 0.255556 0.042969 0.213889 1.000000
0 537 0.254297 0.255556 0.042969 0.213889 1.000000
0 538 0.252734 0.255556 0.042969 0.213889 1.000000
0 539 0.249609 0.256250 0.042969 0.215278 1.000000
0 540 0.248047 0.257639 0.042969 0.212500 1.000000
0 541 0.244922 0.257639 0.042969 0.212500 1.000000
0 542 0.242578 0.257639 0.042969 0.212500 1.000000
0 543 0.240234 0.259028 0.042969 0.215278 1.000000
0 544 0.238281 0.259028 0.040625 0.215278 1.000000
0 545 0.236328 0.259028 0.039844 0.215278 1.000000
0 546 0.235156 0.259028 0.040625 0.215278 1.000000
0 547 0.234375 0.260417 0.039062 0.218056 1.000000
0 548 0.234375 0.260417 0.039062 0.218056 1.000000
0 549 0.234375 0.260417 0.039062 0.218056 1.000000
0 550 0.234375 0.260417 0.039062 0.218056 1.000000
0 551 0.234375 0.260417 0.039062 0.218056 1.000000
0 552 0.235156 0.261806 0.039062 0.218056 1.000000
0 553 0.235937 0.261806 0.039062 0.218056 1.000000
0 554 0.236719 0.263194 0.039062 0.218056 1.000000
0 555 0.237500 0.264583 0.039062 0.218056 1.000000
0 556 0.239063 0.264583 0.039062 0.215278 1.000000
0 557 0.239063 0.264583 0.039062 0.215278 1.000000
0 558 0.239844 0.264583 0.039062 0.215278 1.000000
0 559 0.241406 0.264583 0.039062 0.215278 1.000000
0 560 0.241406 0.264583 0.039062 0.215278 1.000000
0 561 0.242188 0.264583 0.039062 0.215278 1.000000
0 562 0.242969 0.264583 0.039062 0.215278 1.000000
0 563 0.243750 0.264583 0.039062 0.215278 1.000000
0 564 0.244531 0.264583 0.039062 0.215278 1.000000
0 565 0.245312 0.265972 0.039062 0.215278 1.000000
0 566 0.246094 0.268750 0.039062 0.215278 1.000000
0 567 0.246875 0.271528 0.037500 0.212500 1.000000
0 568 0.247266 0.271528 0.036719 0.209722 1.000000
0 569 0.248047 0.271528 0.036719 0.209722 1.000000
0 570 0.248047 0.272917 0.036719 0.209722 1.000000
0 571 0.248828 0.272917 0.036719 0.209722 1.000000
0 572 0.248828 0.275694 0.036719 0.212500 1.000000
0 573 0.249609 0.275694 0.036719 0.212500 1.000000
0 574 0.251172 0.277083 0.038281 0.212500 1.000000
0 575 0.251953 0.277083 0.038281 0.212500 1.000000
0 576 0.255859 0.279861 0.042969 0.215278 1.000000
0 577 0.256641 0.281250 0.042969 0.215278 1.000000
0 578 0.256641 0.281944 0.042969 0.213889 1.000000
0 579 0.255469 0.283333 0.039062 0.213889 1.000000
0 580 0.256250 0.286111 0.037500 0.213889 1.000000
0 581 0.257812 0.287500 0.037500 0.213889 1.000000
0 582 0.257812 0.288889 0.037500 0.213889 1.000000
0 583 0.257812 0.290278 0.037500 0.213889 1.000000
0 584 0.257812 0.290278 0.037500 0.213889 1.000000
0 585 0.257812 0.291667 0.037500 0.213889 1.000000
0 586 0.257812 0.294444 0.037500 0.213889 1.000000
0 587 0.257812 0.294444 0.037500 0.213889 1.000000
0 588 0.257812 0.295833 0.037500 0.216667 1.000000
0 589 0.257812 0.297222 0.037500 0.216667 1.000000
0 590 0.257812 0.298611 0.037500 0.213889 1.000000
0 591 0.257812 0.300000 0.037500 0.213889 1.000000
0 592 0.257812 0.301389 0.037500 0.213889 1.000000
0 593 0.257812 0.301389 0.037500 0.213889 1.000000
0 594 0.257812 0.301389 0.037500 0.213889 1.000000
0 595 0.258594 0.302778 0.037500 0.213889 1.000000
0 596 0.258594 0.302778 0.037500 0.213889 1.000000
0 597 0.258594 0.304167 0.037500 0.213889 1.000000
0 598 0.258594 0.304167 0.037500 0.213889 1.000000
0 599 0.258594 0.304167 0.037500 0.213889 1.000000
0 600 0.258594 0.304167 0.037500 0.213889 1.000000
0 601 0.258594 0.305556 0.037500 0.216667 1.000000
0 602 0.259375 0.306250 0.037500 0.212500 1.000000
0 603 0.260156 0.307639 0.037500 0.212500 1.000000
0 604 0.260156 0.309028 0.037500 0.212500 1.000000
0 605 0.260937 0.310417 0.037500 0.209722 1.000000
0 606 0.261719 0.310417 0.037500 0.209722 1.000000
0 607 0.261719 0.313194 0.037500 0.209722 1.000000
0 608 0.262500 0.313194 0.037500 0.209722 1.000000
0 609 0.263281 0.315972 0.037500 0.209722 1.000000
0 610 0.263281 0.315972 0.037500 0.209722 1.000000
0 611 0.263281 0.315972 0.037500 0.209722 1.000000
0 612 0.263281 0.315972 0.037500 0.209722 1.000000
0 613 0.263281 0.317361 0.037500 0.209722 1.000000
0 614 0.262500 0.317361 0.037500 0.209722 1.000000
0 615 0.262500 0.318750 0.037500 0.209722 1.000000
0 616 0.262500 0.320139 0.037500 0.209722 1.000000
0 617 0.262500 0.321528 0.037500 0.209722 1.000000
0 618 0.262500 0.321528 0.037500 0.209722 1.000000
0 619 0.262500 0.322917 0.037500 0.209722 1.000000
0 620 0.262500 0.322917 0.037500 0.209722 1.000000
0 621 0.263281 0.324306 0.037500 0.209722 1.000000
0 622 0.264062 0.325694 0.037500 0.209722 1.000000
0 623 0.266406 0.325694 0.040625 0.209722 1.000000
0 624 0.266406 0.325694 0.040625 0.209722 1.000000
0 625 0.267969 0.325694 0.043750 0.209722 1.000000
0 626 0.267969 0.325694 0.043750 0.209722 1.000000
0 627 0.269922 0.327083 0.044531 0.212500 1.000000
0 628 0.270703 0.327083 0.046094 0.212500 1.000000
0 629 0.270703 0.327083 0.046094 0.212500 1.000000
0 630 0.272266 0.327778 0.046094 0.211111 1.000000
0 631 0.273047 0.327778 0.046094 0.211111 1.000000
0 632 0.273047 0.327778 0.046094 0.211111 1.000000
0 633 0.273828 0.327778 0.046094 0.211111 1.000000
0 634 0.274609 0.327778 0.046094 0.211111 1.000000
0 635 0.274609 0.327778 0.046094 0.211111 1.000000
0 636 0.273438 0.327778 0.042188 0.211111 1.000000
0 637 0.274219 0.327778 0.042188 0.211111 1.000000
0 638 0.275000 0.327778 0.042188 0.211111 1.000000
0 639 0.275000 0.327778 0.042188 0.211111 1.000000
0 640 0.275781 0.327778 0.042188 0.211111 1.000000
0 641 0.276562 0.327778 0.042188 0.211111 1.000000
0 642 0.277344 0.327778 0.042188 0.211111 1.000000
0 643 0.278125 0.327778 0.042188 0.211111 1.000000
0 644 0.278125 0.327778 0.042188 0.211111 1.000000
0 645 0.278906 0.327778 0.042188 0.211111 1.000000
0 646 0.279687 0.327778 0.042188 0.211111 1.000000
0 647 0.280469 0.327778 0.042188 0.211111 1.000000
0 648 0.280469 0.326389 0.042188 0.211111 1.000000
0 649 0.282031 0.326389 0.042188 0.211111 1.000000
0 650 0.283594 0.325000 0.042188 0.211111 1.000000
0 651 0.285156 0.325000 0.042188 0.211111 1.000000
0 652 0.285938 0.325000 0.042188 0.211111 1.000000
0 653 0.287500 0.325000 0.042188 0.211111 1.000000
0 654 0.288281 0.325000 0.042188 0.211111 1.000000
0 655 0.289844 0.325000 0.042188 0.211111 1.000000
0 656 0.292187 0.323611 0.042188 0.211111 1.000000
0 657 0.292969 0.323611 0.042188 0.211111 1.000000
0 658 0.293750 0.323611 0.042188 0.211111 1.000000
0 659 0.294531 0.323611 0.042188 0.211111 1.000000
0 660 0.295312 0.323611 0.042188 0.211111 1.000000
0 661 0.296094 0.323611 0.042188 0.211111 1.000000
0 662 0.297656 0.323611 0.042188 0.211111 1.000000
0 663 0.298438 0.323611 0.042188 0.211111 1.000000
0 664 0.299219 0.323611 0.042188 0.211111 1.000000
0 665 0.300000 0.320833 0.042188 0.211111 1.000000
0 666 0.300000 0.320833 0.042188 0.211111 1.000000
0 667 0.302344 0.318056 0.042188 0.211111 1.000000
0 668 0.303125 0.316667 0.042188 0.211111 1.000000
0 669 0.303906 0.315278 0.042188 0.211111 1.000000
0 670 0.304688 0.312500 0.042188 0.211111 1.000000
0 671 0.305469 0.311111 0.042188 0.211111 1.000000
0 672 0.306250 0.309722 0.042188 0.211111 1.000000
0 673 0.307031 0.308333 0.042188 0.211111 1.000000
0 674 0.307031 0.308333 0.042188 0.211111 1.000000
0 675 0.307031 0.308333 0.042188 0.211111 1.000000
0 676 0.307031 0.308333 0.042188 0.211111 1.000000
0 677 0.307031 0.308333 0.042188 0.211111 1.000000
0 678 0.307031 0.308333 0.042188 0.211111 1.000000
0 679 0.307031 0.308333 0.042188 0.211111 1.000000
0 680 0.307031 0.308333 0.042188 0.211111 1.000000
0 681 0.307031 0.308333 0.042188 0.211111 1.000000
0 682 0.307031 0.308333 0.042188 0.211111 1.000000
0 683 0.307812 0.308333 0.042188 0.211111 1.000000
0 684 0.307812 0.308333 0.042188 0.211111 1.000000
0 685 0.308594 0.308333 0.042188 0.211111 1.000000
0 686 0.308594 0.308333 0.042188 0.211111 1.000000
0 687 0.309375 0.308333 0.042188 0.211111 1.000000
0 688 0.309375 0.308333 0.042188 0.211111 1.000000
0 689 0.310156 0.308333 0.042188 0.211111 1.000000
0 690 0.310937 0.308333 0.042188 0.211111 1.000000
0 691 0.310937 0.308333 0.042188 0.211111 1.000000
0 692 0.314453 0.308333 0.046094 0.211111 1.000000
0 693 0.316016 0.308333 0.046094 0.211111 1.000000
0 694 0.317578 0.308333 0.046094 0.211111 1.000000
0 695 0.319141 0.308333 0.046094 0.211111 1.000000
0 696 0.319141 0.308333 0.046094 0.211111 1.000000
0 697 0.319141 0.308333 0.046094 0.211111 1.000000
0 698 0.319141 0.308333 0.046094 0.211111 1.000000
0 699 0.319141 0.308333 0.046094 0.211111 1.000000
0 700 0.319141 0.308333 0.046094 0.211111 1.000000
0 701 0.319922 0.308333 0.046094 0.211111 1.000000
0 702 0.324609 0.307639 0.042969 0.215278 1.000000
0 703 0.328516 0.307639 0.042969 0.215278 1.000000
0 704 0.331641 0.307639 0.038281 0.215278 1.000000
0 705 0.333984 0.306250 0.038281 0.218056 1.000000
0 706 0.334766 0.306250 0.038281 0.218056 1.000000
0 707 0.337109 0.306250 0.038281 0.218056 1.000000
0 708 0.338672 0.304167 0.038281 0.211111 1.000000
0 709 0.339062 0.304167 0.037500 0.211111 1.000000
0 710 0.339844 0.306944 0.037500 0.211111 1.000000
0 711 0.340625 0.308333 0.037500 0.211111 1.000000
0 712 0.342187 0.308333 0.037500 0.211111 1.000000
0 713 0.343359 0.308333 0.036719 0.211111 1.000000
0 714 0.344141 0.308333 0.036719 0.211111 1.000000
0 715 0.345703 0.304861 0.036719 0.204167 1.000000
0 716 0.348047 0.304861 0.036719 0.204167 1.000000
0 717 0.351953 0.304861 0.036719 0.204167 1.000000
0 718 0.353906 0.304861 0.034375 0.204167 1.000000
0 719 0.357812 0.304861 0.040625 0.204167 1.000000
0 720 0.364063 0.307639 0.048438 0.209722 1.000000
0 721 0.368359 0.308333 0.052344 0.211111 1.000000
0 722 0.374219 0.308333 0.060937 0.211111 1.000000
0 723 0.377734 0.308333 0.053906 0.211111 1.000000
0 724 0.379297 0.308333 0.050781 0.211111 1.000000
0 725 0.381250 0.308333 0.050000 0.211111 1.000000
0 726 0.382422 0.311111 0.047656 0.208333 1.000000
0 727 0.385937 0.311806 0.043750 0.209722 1.000000
0 728 0.387109 0.311806 0.042969 0.209722 1.000000
0 729 0.389062 0.311111 0.042188 0.211111 1.000000
0 730 0.390625 0.311806 0.040625 0.212500 1.000000
0 731 0.395313 0.313194 0.043750 0.212500 1.000000
0 732 0.400781 0.313194 0.043750 0.212500 1.000000
0 733 0.403906 0.314583 0.045312 0.215278 1.000000
0 734 0.407813 0.314583 0.046875 0.215278 1.000000
0 735 0.410938 0.315972 0.046875 0.215278 1.000000
0 736 0.415625 0.315972 0.046875 0.215278 1.000000
0 737 0.427344 0.318750 0.056250 0.212500 1.000000
0 738 0.430078 0.320139 0.060156 0.198611 1.000000
0 739 0.437500 0.321528 0.070312 0.198611 1.000000
0 740 0.437500 0.324306 0.070312 0.190278 1.000000
0 741 0.447266 0.324306 0.089844 0.190278 1.000000
0 742 0.460156 0.322917 0.087500 0.187500 1.000000
0 743 0.466406 0.325694 0.096875 0.193056 1.000000
0 744 0.466406 0.325694 0.096875 0.193056 1.000000
0 745 0.480078 0.325694 0.091406 0.193056 1.000000
0 746 0.487891 0.324306 0.097656 0.198611 1.000000
0 747 0.504297 0.324306 0.102344 0.198611 1.000000
0 748 0.513672 0.322222 0.097656 0.200000 1.000000
0 749 0.529297 0.321528 0.085156 0.204167 1.000000
0 750 0.538281 0.320833 0.075000 0.208333 1.000000
0 751 0.550781 0.318056 0.057813 0.213889 1.000000
0 752 0.566797 0.318056 0.061719 0.216667 1.000000
0 753 0.578125 0.315278 0.057813 0.216667 1.000000
0 754 0.596094 0.326389 0.043750 0.233333 1.000000
0 755 0.607812 0.329861 0.042188 0.234722 1.000000
0 756 0.615625 0.329167 0.050000 0.230556 1.000000
0 757 0.638672 0.331944 0.044531 0.230556 1.000000
0 758 0.651172 0.333333 0.044531 0.230556 1.000000
0 759 0.664453 0.334722 0.044531 0.230556 1.000000
0 760 0.676953 0.332639 0.046094 0.231944 1.000000
0 761 0.688281 0.331944 0.048438 0.236111 1.000000
0 762 0.711719 0.334028 0.062500 0.245833 1.000000
0 763 0.721875 0.334028 0.070312 0.248611 1.000000
0 764 0.733984 0.338194 0.074219 0.248611 1.000000
0 765 0.746094 0.342361 0.079687 0.254167 1.000000
0 766 0.756250 0.348611 0.076563 0.255556 1.000000
0 767 0.778516 0.356944 0.067969 0.255556 1.000000
0 768 0.792969 0.362500 0.065625 0.252778 1.000000
0 769 0.808984 0.365972 0.060156 0.254167 1.000000
0 770 0.821484 0.367361 0.055469 0.256944 1.000000
0 771 0.829297 0.370139 0.055469 0.268056 1.000000
0 772 0.844141 0.377778 0.052344 0.277778 1.000000
0 773 0.847656 0.380556 0.057813 0.283333 1.000000
0 774 0.855469 0.385417 0.062500 0.287500 1.000000
0 775 0.860938 0.390278 0.065625 0.288889 1.000000
0 776 0.868750 0.396528 0.056250 0.276389 1.000000
0 777 0.877344 0.401389 0.053125 0.275000 1.000000
0 778 0.881250 0.403472 0.060937 0.276389 1.000000
0 779 0.886328 0.406250 0.063281 0.276389 1.000000
0 780 0.899609 0.407639 0.067969 0.279167 1.000000
0 781 0.917969 0.413194 0.062500 0.276389 1.000000
0 782 0.937891 0.427083 0.078906 0.287500 1.000000
0 783 0.948828 0.435417 0.078906 0.287500 1.000000
0 784 0.957031 0.441667 0.081250 0.286111 1.000000
0 785 0.960547 0.447222 0.077344 0.277778 1.000000
0 786 0.962891 0.451389 0.072656 0.269444 1.000000
0 787 0.968750 0.454861 0.060937 0.262500 1.000000
0 788 0.972656 0.454167 0.053125 0.263889 1.000000
0 789 0.975391 0.454167 0.047656 0.263889 1.000000
0 790 0.975391 0.454167 0.047656 0.263889 1.000000
0 791 0.973437 0.450000 0.051562 0.263889 1.000000
0 792 0.971484 0.443056 0.055469 0.252778 1.000000
0 793 0.970313 0.440278 0.057813 0.247222 1.000000
0 794 0.968750 0.438194 0.060937 0.243056 1.000000
0 795 0.967187 0.435417 0.064062 0.237500 1.000000
0 796 0.964844 0.431944 0.068750 0.233333 1.000000
0 797 0.959766 0.422917 0.078906 0.223611 1.000000
0 798 0.956250 0.418056 0.085938 0.225000 1.000000
0 799 0.951953 0.411806 0.094531 0.223611 1.000000
0 800 0.946484 0.407639 0.103906 0.231944 1.000000
0 801 0.941406 0.397222 0.114062 0.227778 1.000000
0 802 0.930469 0.379167 0.135937 0.219444 1.000000
0 803 0.930078 0.370833 0.138281 0.219444 1.000000
0 804 0.926953 0.359722 0.132031 0.213889 1.000000
0 805 0.921875 0.350694 0.118750 0.206944 1.000000
0 806 0.916797 0.341667 0.108594 0.208333 1.000000
0 807 0.901563 0.322917 0.104688 0.201389 1.000000
0 808 0.893750 0.314583 0.114062 0.204167 1.000000
0 809 0.884375 0.308333 0.112500 0.211111 1.000000
0 810 0.877344 0.306944 0.109375 0.213889 1.000000
0 811 0.869922 0.304861 0.111719 0.215278 1.000000
0 812 0.861328 0.302083 0.114844 0.218056 1.000000
0 813 0.856641 0.302778 0.105469 0.213889 1.000000
0 814 0.854297 0.302778 0.092969 0.213889 1.000000
0 815 0.857031 0.298611 0.089063 0.211111 1.000000
0 816 0.854688 0.296528 0.075000 0.206944 1.000000
0 817 0.841797 0.293750 0.055469 0.201389 1.000000
0 818 0.836328 0.287500 0.050781 0.208333 1.000000
0 819 0.836719 0.284722 0.056250 0.208333 1.000000
0 820 0.836719 0.284028 0.062500 0.215278 1.000000
0 821 0.834766 0.283333 0.067969 0.216667 1.000000
0 822 0.828125 0.281250 0.065625 0.220833 1.000000
0 823 0.825391 0.284028 0.063281 0.218056 1.000000
0 824 0.823438 0.283333 0.060937 0.216667 1.000000
0 825 0.821094 0.284722 0.057813 0.219444 1.000000
0 826 0.819922 0.284722 0.057031 0.222222 1.000000
0 827 0.820312 0.286806 0.057813 0.226389 1.000000
0 828 0.820312 0.286111 0.054688 0.230556 1.000000
0 829 0.823047 0.287500 0.053906 0.230556 1.000000
0 830 0.825391 0.290278 0.053906 0.230556 1.000000
0 831 0.830078 0.293750 0.052344 0.231944 1.000000
0 832 0.834375 0.299306 0.050000 0.229167 1.000000
0 833 0.844531 0.309028 0.050000 0.226389 1.000000
0 834 0.851172 0.313889 0.052344 0.225000 1.000000
0 835 0.857031 0.318750 0.054688 0.220833 1.000000
0 836 0.861719 0.321528 0.054688 0.220833 1.000000
0 837 0.868359 0.325000 0.055469 0.219444 1.000000
0 838 0.880078 0.329167 0.055469 0.216667 1.000000
0 839 0.884766 0.330556 0.055469 0.216667 1.000000
0 840 0.891016 0.334722 0.055469 0.216667 1.000000
0 841 0.893359 0.336111 0.052344 0.219444 1.000000
0 842 0.895312 0.340972 0.048438 0.220833 1.000000
0 843 0.898438 0.346528 0.042188 0.218056 1.000000
0 844 0.899219 0.350000 0.037500 0.222222 1.000000
0 845 0.895312 0.350694 0.037500 0.223611 1.000000
0 846 0.895703 0.354861 0.036719 0.223611 1.000000
0 847 0.896875 0.356250 0.040625 0.220833 1.000000
0 848 0.904297 0.361806 0.046094 0.220833 1.000000
0 849 0.908984 0.365972 0.049219 0.220833 1.000000
0 850 0.912891 0.370833 0.050781 0.219444 1.000000
0 851 0.916797 0.373611 0.052344 0.222222 1.000000
0 852 0.921875 0.379861 0.054688 0.223611 1.000000
0 853 0.931250 0.389583 0.056250 0.226389 1.000000
0 854 0.935156 0.395833 0.054688 0.227778 1.000000
0 855 0.937891 0.400694 0.052344 0.229167 1.000000
0 856 0.939453 0.407639 0.049219 0.231944 1.000000
0 857 0.940625 0.411806 0.043750 0.231944 1.000000
0 858 0.944531 0.422917 0.042188 0.231944 1.000000
0 859 0.946875 0.431250 0.040625 0.231944 1.000000
0 860 0.950000 0.436806 0.040625 0.231944 1.000000
0 861 0.950781 0.444444 0.046875 0.233333 1.000000
0 862 0.952344 0.451389 0.053125 0.233333 1.000000
0 863 0.956641 0.462500 0.049219 0.233333 1.000000
0 864 0.960547 0.469444 0.049219 0.233333 1.000000
0 865 0.963281 0.474306 0.048438 0.229167 1.000000
0 866 0.966406 0.478472 0.048438 0.229167 1.000000
0 867 0.970703 0.480556 0.046094 0.233333 1.000000
0 868 0.975391 0.484722 0.046094 0.233333 1.000000
0 869 0.976172 0.487500 0.044531 0.233333 1.000000
0 870 0.976953 0.487500 0.042969 0.233333 1.000000
0 871 0.979297 0.489583 0.038281 0.237500 1.000000
0 872 0.980469 0.489583 0.035937 0.237500 1.000000
0 873 0.983984 0.490972 0.028906 0.220833 1.000000
0 937 0.980859 0.406250 0.035156 0.270833 1.000000
0 938 0.973047 0.401389 0.050781 0.277778 1.000000
0 939 0.968359 0.397222 0.060156 0.277778 1.000000
0 940 0.968359 0.388889 0.060156 0.286111 1.000000
0 941 0.969531 0.390972 0.057813 0.281944 1.000000
0 942 0.961328 0.386806 0.074219 0.281944 1.000000
0 943 0.951172 0.389583 0.074219 0.268056 1.000000
0 944 0.952344 0.388194 0.078125 0.268056 1.000000
0 945 0.951172 0.384028 0.080469 0.268056 1.000000
0 946 0.945312 0.381250 0.090625 0.268056 1.000000
0 947 0.935156 0.379167 0.100000 0.269444 1.000000
0 948 0.913281 0.372222 0.101562 0.269444 1.000000
0 949 0.907031 0.372222 0.089063 0.269444 1.000000
0 950 0.898047 0.370833 0.072656 0.263889 1.000000
0 951 0.887500 0.370833 0.051562 0.263889 1.000000
0 952 0.875391 0.367361 0.046094 0.259722 1.000000
0 953 0.852344 0.363889 0.071875 0.266667 1.000000
0 954 0.838672 0.359028 0.080469 0.265278 1.000000
0 955 0.827734 0.356250 0.085156 0.265278 1.000000
0 956 0.814453 0.352083 0.085156 0.265278 1.000000
0 957 0.804297 0.354861 0.077344 0.265278 1.000000
0 958 0.778906 0.355556 0.059375 0.255556 1.000000
0 959 0.752734 0.354167 0.078906 0.247222 1.000000
0 960 0.750000 0.353472 0.073438 0.245833 1.000000
0 961 0.736328 0.353472 0.089844 0.245833 1.000000
0 962 0.732812 0.353472 0.085938 0.245833 1.000000
0 963 0.705078 0.350694 0.100781 0.245833 1.000000
0 964 0.697266 0.349306 0.096094 0.245833 1.000000
0 965 0.687109 0.349306 0.096094 0.245833 1.000000
0 966 0.673438 0.352083 0.089063 0.240278 1.000000
0 967 0.662109 0.352083 0.074219 0.240278 1.000000
0 968 0.656641 0.355556 0.050781 0.247222 1.000000
0 969 0.648828 0.355556 0.050781 0.250000 1.000000
0 970 0.640234 0.352083 0.050781 0.256944 1.000000
0 971 0.634375 0.350694 0.051562 0.259722 1.000000
0 972 0.630469 0.352083 0.056250 0.262500 1.000000
0 973 0.619141 0.348611 0.060156 0.261111 1.000000
0 974 0.610156 0.348611 0.048438 0.261111 1.000000
0 975 0.602734 0.350000 0.047656 0.252778 1.000000
0 976 0.594141 0.348611 0.050781 0.252778 1.000000
0 977 0.587891 0.348611 0.057031 0.252778 1.000000
0 978 0.577344 0.348611 0.078125 0.252778 1.000000
0 979 0.580078 0.347222 0.083594 0.250000 1.000000
0 980 0.579297 0.347222 0.083594 0.250000 1.000000
0 981 0.567969 0.344444 0.098437 0.250000 1.000000
0 982 0.565234 0.344444 0.092969 0.250000 1.000000
0 983 0.559766 0.344444 0.091406 0.250000 1.000000
0 984 0.556250 0.342361 0.089063 0.245833 1.000000
0 985 0.552344 0.335417 0.081250 0.245833 1.000000
0 986 0.548047 0.334028 0.072656 0.248611 1.000000
0 987 0.544922 0.334028 0.067969 0.256944 1.000000
0 988 0.539453 0.338194 0.069531 0.265278 1.000000
0 989 0.541406 0.339583 0.075000 0.265278 1.000000
0 990 0.544531 0.341667 0.081250 0.261111 1.000000
0 991 0.546875 0.347222 0.081250 0.252778 1.000000
0 992 0.552734 0.347222 0.074219 0.252778 1.000000
0 993 0.550781 0.353472 0.068750 0.251389 1.000000
0 994 0.539453 0.351389 0.082031 0.247222 1.000000
0 995 0.536719 0.347222 0.073438 0.247222 1.000000
0 996 0.542578 0.350000 0.086719 0.269444 1.000000
0 997 0.533203 0.350000 0.063281 0.269444 1.000000
0 998 0.532031 0.344444 0.071875 0.269444 1.000000
0 999 0.541016 0.327083 0.069531 0.248611 1.000000
0 1000 0.542578 0.327083 0.069531 0.248611 1.000000
0 1001 0.548047 0.325694 0.074219 0.251389 1.000000
0 1002 0.548828 0.330556 0.069531 0.261111 1.000000
0 1003 0.553516 0.330556 0.074219 0.258333 1.000000
0 1004 0.550391 0.334722 0.075781 0.258333 1.000000
0 1005 0.546875 0.336806 0.075000 0.256944 1.000000
0 1006 0.547656 0.341667 0.076563 0.269444 1.000000
0 1007 0.543359 0.341667 0.064844 0.269444 1.000000
0 1008 0.542188 0.338889 0.054688 0.269444 1.000000
0 1009 0.547656 0.336111 0.045312 0.269444 1.000000
0 1010 0.557422 0.320833 0.033594 0.244444 1.000000
0 1011 0.560547 0.322222 0.033594 0.244444 1.000000
0 1012 0.562109 0.320833 0.038281 0.244444 1.000000
0 1013 0.567578 0.333333 0.049219 0.269444 1.000000
0 1014 0.575781 0.336806 0.065625 0.265278 1.000000
0 1015 0.576172 0.337500 0.066406 0.261111 1.000000
0 1016 0.580469 0.337500 0.064062 0.261111 1.000000
0 1017 0.580469 0.340278 0.064062 0.261111 1.000000
0 1018 0.578906 0.340278 0.064062 0.258333 1.000000
0 1019 0.575391 0.336111 0.060156 0.258333 1.000000
0 1020 0.572656 0.334028 0.064062 0.259722 1.000000
0 1021 0.573828 0.334722 0.066406 0.266667 1.000000
0 1022 0.573047 0.333333 0.066406 0.266667 1.000000
0 1023 0.574219 0.329861 0.067187 0.259722 1.000000
0 1024 0.579688 0.329861 0.067187 0.254167 1.000000
0 1025 0.582031 0.329861 0.071875 0.254167 1.000000
0 1026 0.586719 0.332639 0.071875 0.248611 1.000000
0 1027 0.589063 0.332639 0.068750 0.248611 1.000000
0 1028 0.591406 0.331250 0.068750 0.248611 1.000000
0 1029 0.596484 0.332639 0.057031 0.248611 1.000000
0 1030 0.596484 0.332639 0.052344 0.248611 1.000000
0 1031 0.596484 0.334028 0.052344 0.245833 1.000000
0 1032 0.597656 0.334028 0.054688 0.245833 1.000000
0 1033 0.597656 0.334028 0.054688 0.245833 1.000000
0 1034 0.599219 0.334028 0.054688 0.245833 1.000000
0 1035 0.599609 0.333333 0.052344 0.241667 1.000000
0 1036 0.601953 0.329861 0.049219 0.248611 1.000000
0 1037 0.603125 0.328472 0.045312 0.245833 1.000000
0 1038 0.606641 0.327778 0.041406 0.244444 1.000000
0 1039 0.610547 0.329167 0.039844 0.241667 1.000000
0 1040 0.612500 0.327778 0.040625 0.244444 1.000000
0 1041 0.613672 0.331944 0.041406 0.241667 1.000000
0 1042 0.615234 0.336806 0.042969 0.237500 1.000000
0 1043 0.615234 0.343750 0.042969 0.237500 1.000000
0 1044 0.618359 0.352083 0.047656 0.229167 1.000000
0 1045 0.619141 0.360417 0.047656 0.229167 1.000000
0 1046 0.620703 0.364583 0.047656 0.229167 1.000000
0 1047 0.620313 0.368056 0.050000 0.233333 1.000000
0 1048 0.621875 0.370139 0.048438 0.234722 1.000000
0 1049 0.622656 0.372917 0.045312 0.234722 1.000000
0 1050 0.623437 0.374306 0.048438 0.240278 1.000000
0 1051 0.623047 0.376389 0.049219 0.238889 1.000000
0 1052 0.623047 0.377778 0.049219 0.238889 1.000000
0 1053 0.621484 0.377778 0.049219 0.238889 1.000000
0 1054 0.617578 0.383333 0.060156 0.238889 1.000000
0 1055 0.614062 0.385417 0.064062 0.231944 1.000000
0 1056 0.610547 0.385417 0.067969 0.223611 1.000000
0 1057 0.607812 0.392361 0.071875 0.223611 1.000000
0 1058 0.605078 0.402083 0.074219 0.231944 1.000000
0 1059 0.603516 0.409028 0.078906 0.229167 1.000000
0 1060 0.604297 0.411806 0.078906 0.229167 1.000000
0 1061 0.605859 0.415278 0.075781 0.225000 1.000000
0 1062 0.607031 0.416667 0.068750 0.222222 1.000000
0 1063 0.606641 0.404861 0.063281 0.195833 1.000000
0 1064 0.600391 0.406944 0.057031 0.191667 1.000000
0 1065 0.591797 0.407639 0.049219 0.190278 1.000000
0 1066 0.587500 0.409028 0.048438 0.187500 1.000000
0 1067 0.586328 0.409028 0.050781 0.187500 1.000000
0 1068 0.581641 0.411806 0.047656 0.187500 1.000000
0 1069 0.578125 0.430556 0.051562 0.225000 1.000000
0 1070 0.577734 0.430556 0.057031 0.227778 1.000000
0 1071 0.573828 0.434722 0.052344 0.227778 1.000000
0 1072 0.566406 0.434722 0.040625 0.227778 1.000000
0 1073 0.558594 0.438889 0.040625 0.227778 1.000000
0 1074 0.534766 0.446528 0.060156 0.209722 1.000000
0 1075 0.534375 0.456944 0.075000 0.216667 1.000000
0 1076 0.530078 0.458333 0.080469 0.222222 1.000000
0 1077 0.531641 0.464583 0.085156 0.218056 1.000000
0 1078 0.533203 0.467361 0.092969 0.218056 1.000000
0 1079 0.536328 0.475694 0.102344 0.218056 1.000000
0 1080 0.535156 0.481250 0.103125 0.220833 1.000000
0 1081 0.543359 0.483333 0.124219 0.225000 1.000000
0 1082 0.542578 0.488889 0.124219 0.225000 1.000000
0 1083 0.542578 0.494444 0.124219 0.225000 1.000000
0 1084 0.546094 0.511806 0.125000 0.226389 1.000000
0 1085 0.548438 0.520833 0.121875 0.238889 1.000000
0 1086 0.547266 0.527778 0.114844 0.241667 1.000000
0 1087 0.548047 0.534722 0.107031 0.244444 1.000000
0 1088 0.548438 0.540278 0.100000 0.250000 1.000000
0 1089 0.544531 0.548611 0.092188 0.263889 1.000000
0 1090 0.542578 0.551389 0.086719 0.263889 1.000000
0 1091 0.540234 0.563194 0.085156 0.268056 1.000000
0 1092 0.537500 0.568056 0.084375 0.277778 1.000000
0 1093 0.533984 0.574306 0.086719 0.281944 1.000000
0 1094 0.526172 0.582639 0.088281 0.293056 1.000000
0 1095 0.523438 0.584722 0.087500 0.300000 1.000000
0 1096 0.521484 0.587500 0.088281 0.300000 1.000000
0 1097 0.520312 0.591667 0.090625 0.308333 1.000000
0 1098 0.519922 0.595833 0.092969 0.308333 1.000000
0 1099 0.514453 0.603472 0.089844 0.315278 1.000000
0 1100 0.510547 0.608333 0.086719 0.319444 1.000000
0 1101 0.507812 0.611806 0.081250 0.326389 1.000000
0 1102 0.503516 0.615972 0.075781 0.326389 1.000000
0 1103 0.500000 0.622917 0.071875 0.326389 1.000000
0 1104 0.498828 0.632639 0.074219 0.329167 1.000000
0 1105 0.498437 0.636806 0.076563 0.331944 1.000000
0 1106 0.499609 0.638889 0.078906 0.336111 1.000000
0 1107 0.500391 0.640972 0.080469 0.337500 1.000000
0 1108 0.500000 0.638889 0.079687 0.341667 1.000000
0 1109 0.500781 0.637500 0.075000 0.350000 1.000000
0 1110 0.502344 0.636806 0.070312 0.351389 1.000000
0 1111 0.503906 0.637500 0.068750 0.352778 1.000000
0 1112 0.504687 0.637500 0.060937 0.355556 1.000000
0 1113 0.503906 0.635417 0.062500 0.359722 1.000000
0 1114 0.501172 0.634722 0.063281 0.363889 1.000000
0 1115 0.498437 0.631250 0.062500 0.368056 1.000000
0 1116 0.495312 0.631250 0.062500 0.368056 1.000000
0 1117 0.493750 0.626389 0.064062 0.375000 1.000000
0 1118 0.489844 0.625000 0.062500 0.377778 1.000000
0 1119 0.483203 0.622222 0.063281 0.383333 1.000000
0 1120 0.479687 0.620833 0.062500 0.386111 1.000000
0 1121 0.477344 0.619444 0.062500 0.388889 1.000000
0 1122 0.474219 0.620139 0.062500 0.395833 1.000000
0 1123 0.471875 0.620139 0.062500 0.395833 1.000000
0 1124 0.470703 0.620139 0.067969 0.398611 1.000000
0 1125 0.467187 0.622222 0.065625 0.402778 1.000000
0 1126 0.468750 0.621528 0.067187 0.406944 1.000000
0 1127 0.470313 0.620833 0.071875 0.411111 1.000000
0 1128 0.471484 0.622917 0.072656 0.415278 1.000000
0 1129 0.473438 0.627778 0.075000 0.419444 1.000000
0 1130 0.474609 0.628472 0.075781 0.423611 1.000000
0 1131 0.476953 0.630556 0.078906 0.425000 1.000000
0 1132 0.477734 0.631250 0.080469 0.429167 1.000000
0 1133 0.480078 0.634028 0.080469 0.429167 1.000000
0 1134 0.477734 0.636111 0.069531 0.438889 1.000000
0 1135 0.480859 0.638889 0.071094 0.441667 1.000000
0 1136 0.483203 0.641667 0.069531 0.441667 1.000000
0 1137 0.487109 0.642361 0.074219 0.445833 1.000000
0 1138 0.491016 0.642361 0.077344 0.451389 1.000000
0 1139 0.497266 0.648611 0.082031 0.455556 1.000000
0 1140 0.499609 0.651389 0.083594 0.458333 1.000000
0 1141 0.501172 0.653472 0.083594 0.465278 1.000000
0 1142 0.505078 0.657639 0.083594 0.465278 1.000000
0 1143 0.507422 0.660417 0.083594 0.470833 1.000000
0 1144 0.512891 0.665972 0.085156 0.479167 1.000000
0 1145 0.516406 0.668750 0.087500 0.479167 1.000000
0 1146 0.520703 0.670833 0.089844 0.486111 1.000000
0 1147 0.523047 0.673611 0.089844 0.486111 1.000000
0 1148 0.526953 0.674306 0.091406 0.493056 1.000000
0 1149 0.533594 0.678472 0.092188 0.495833 1.000000
0 1150 0.537500 0.679861 0.092188 0.501389 1.000000
0 1151 0.538672 0.679861 0.094531 0.501389 1.000000
0 1152 0.541406 0.680556 0.096875 0.505556 1.000000
0 1153 0.542969 0.683333 0.096875 0.505556 1.000000
0 1154 0.544922 0.686806 0.105469 0.512500 1.000000
0 1155 0.544922 0.689583 0.107031 0.512500 1.000000
0 1156 0.544531 0.690972 0.110937 0.512500 1.000000
0 1157 0.546094 0.693750 0.114062 0.512500 1.000000
0 1158 0.546094 0.694444 0.117188 0.519444 1.000000
0 1159 0.546094 0.699306 0.117188 0.523611 1.000000
0 1160 0.549219 0.702778 0.114062 0.527778 1.000000
0 1161 0.551562 0.705556 0.114062 0.527778 1.000000
0 1162 0.553125 0.707639 0.112500 0.537500 1.000000
0 1163 0.554297 0.709722 0.111719 0.541667 1.000000
0 1164 0.555469 0.712500 0.109375 0.544444 1.000000
0 1165 0.556641 0.723611 0.105469 0.547222 1.000000
0 1166 0.559375 0.722222 0.104688 0.550000 1.000000
0 1167 0.560937 0.723611 0.104688 0.550000 1.000000
0 1168 0.564844 0.723611 0.104688 0.550000 1.000000
0 1169 0.566406 0.725694 0.104688 0.545833 1.000000
0 1170 0.568359 0.726389 0.113281 0.544444 1.000000
0 1171 0.567969 0.727083 0.114062 0.543056 1.000000
0 1172 0.567969 0.727083 0.114062 0.543056 1.000000
0 1173 0.564844 0.731250 0.107813 0.534722 1.000000
0 1174 0.563281 0.731250 0.104688 0.534722 1.000000
0 1175 0.558594 0.731250 0.104688 0.534722 1.000000
0 1176 0.556641 0.733333 0.107031 0.533333 1.000000
