0 1 0.759115 0.389815 0.097396 0.312963 1.000000
0 2 0.760938 0.390278 0.090625 0.310185 1.000000
0 3 0.762760 0.391204 0.085938 0.308333 1.000000
0 4 0.764323 0.387037 0.079687 0.311111 1.000000
0 5 0.765625 0.383796 0.071875 0.315741 1.000000
0 6 0.765365 0.381944 0.064062 0.313889 1.000000
0 7 0.765885 0.381481 0.058854 0.312963 1.000000
0 8 0.770052 0.381944 0.054688 0.328704 1.000000
0 9 0.772656 0.380093 0.053646 0.343519 1.000000
0 10 0.777344 0.376389 0.053646 0.349074 1.000000
0 11 0.779167 0.382870 0.055208 0.334259 1.000000
0 12 0.788802 0.381481 0.077604 0.333333 1.000000
0 13 0.790885 0.379167 0.083854 0.332407 1.000000
0 14 0.795833 0.380093 0.090625 0.330556 1.000000
0 15 0.795052 0.380556 0.089063 0.327778 1.000000
0 16 0.793490 0.382870 0.088021 0.326852 1.000000
0 17 0.794271 0.384722 0.086458 0.323148 1.000000
0 18 0.796094 0.395370 0.067187 0.318519 1.000000
0 19 0.798958 0.400463 0.065625 0.310185 1.000000
0 20 0.801302 0.406481 0.064062 0.301852 1.000000
0 21 0.801302 0.410185 0.064062 0.298148 1.000000
0 22 0.797396 0.408796 0.087500 0.312037 1.000000
0 23 0.798698 0.415278 0.106771 0.330556 1.000000
0 24 0.801562 0.418056 0.114583 0.336111 1.000000
0 25 0.805208 0.420370 0.106250 0.337037 1.000000
0 26 0.801042 0.422685 0.091667 0.337963 1.000000
0 27 0.796354 0.424537 0.088542 0.337963 1.000000
0 28 0.792448 0.428241 0.083854 0.336111 1.000000
0 29 0.792448 0.430556 0.082812 0.335185 1.000000
0 30 0.792188 0.435648 0.076042 0.336111 1.000000
0 31 0.790104 0.438426 0.071875 0.332407 1.000000
0 32 0.785417 0.443056 0.068750 0.330556 1.000000
0 33 0.784635 0.445370 0.068229 0.329630 1.000000
0 34 0.779167 0.447222 0.065625 0.329630 1.000000
0 35 0.777344 0.447685 0.066146 0.330556 1.000000
0 36 0.772656 0.447685 0.066146 0.332407 1.000000
0 37 0.772656 0.444444 0.068229 0.329630 1.000000
0 38 0.774219 0.440741 0.075521 0.324074 1.000000
0 39 0.775000 0.438426 0.082292 0.325000 1.000000
0 40 0.774219 0.438426 0.088021 0.325000 1.000000
0 41 0.772135 0.437963 0.088021 0.324074 1.000000
0 42 0.768750 0.437500 0.087500 0.321296 1.000000
0 43 0.767188 0.435648 0.088542 0.321296 1.000000
0 44 0.764062 0.431944 0.088542 0.323148 1.000000
0 45 0.762240 0.428704 0.088021 0.325926 1.000000
0 46 0.759635 0.417130 0.084896 0.334259 1.000000
0 47 0.761979 0.413426 0.080208 0.336111 1.000000
0 48 0.772135 0.409259 0.078646 0.329630 1.000000
0 49 0.777344 0.407407 0.080729 0.324074 1.000000
0 50 0.778646 0.404167 0.085417 0.315741 1.000000
0 51 0.776823 0.403241 0.086979 0.313889 1.000000
0 52 0.772135 0.400000 0.094271 0.309259 1.000000
0 53 0.769531 0.396759 0.098437 0.304630 1.000000
0 54 0.766667 0.398148 0.107292 0.292593 1.000000
0 55 0.764323 0.398611 0.110937 0.282407 1.000000
0 56 0.759635 0.401389 0.121354 0.273148 1.000000
0 57 0.755208 0.399074 0.122917 0.268519 1.000000
0 58 0.744531 0.393056 0.120313 0.269444 1.000000
0 59 0.735417 0.386111 0.112500 0.264815 1.000000
0 60 0.720833 0.383333 0.092708 0.264815 1.000000
0 61 0.718490 0.380093 0.092188 0.269444 1.000000
0 62 0.718750 0.375926 0.103125 0.268519 1.000000
0 63 0.717187 0.373611 0.108333 0.267593 1.000000
0 64 0.709635 0.371759 0.109896 0.276852 1.000000
0 65 0.702083 0.371759 0.106250 0.276852 1.000000
0 66 0.678906 0.374074 0.086979 0.274074 1.000000
0 67 0.667969 0.373148 0.078646 0.275926 1.000000
0 68 0.660677 0.373611 0.090104 0.278704 1.000000
0 69 0.655208 0.376389 0.106250 0.280556 1.000000
0 70 0.651563 0.377315 0.104167 0.282407 1.000000
0 71 0.647396 0.377778 0.101042 0.279630 1.000000
0 72 0.633854 0.384722 0.084375 0.278704 1.000000
0 73 0.625260 0.389815 0.069271 0.277778 1.000000
0 74 0.620052 0.394907 0.070312 0.276852 1.000000
0 75 0.611198 0.397222 0.083854 0.275926 1.000000
0 76 0.604427 0.405556 0.081771 0.279630 1.000000
0 77 0.604167 0.409722 0.076042 0.276852 1.000000
0 78 0.597917 0.425000 0.072917 0.253704 1.000000
0 79 0.585156 0.428241 0.094271 0.247222 1.000000
0 80 0.570833 0.425926 0.117708 0.275926 1.000000
0 81 0.570833 0.422222 0.113542 0.272222 1.000000
0 82 0.570573 0.421296 0.105729 0.275926 1.000000
0 83 0.572917 0.418056 0.098958 0.282407 1.000000
0 84 0.572917 0.420833 0.088542 0.284259 1.000000
0 85 0.570052 0.422222 0.084896 0.300000 1.000000
0 86 0.570312 0.417593 0.072917 0.311111 1.000000
0 87 0.571094 0.421759 0.068229 0.302778 1.000000
0 88 0.574740 0.425463 0.068229 0.299074 1.000000
0 89 0.576042 0.416204 0.064583 0.319444 1.000000
0 90 0.579948 0.412037 0.064062 0.348148 1.000000
0 91 0.582812 0.401852 0.066667 0.338889 1.000000
0 92 0.584896 0.409722 0.065625 0.323148 1.000000
0 93 0.586979 0.410648 0.064583 0.325000 1.000000
0 94 0.588802 0.409259 0.064062 0.327778 1.000000
0 95 0.590104 0.408333 0.065625 0.331481 1.000000
0 96 0.591146 0.406019 0.065625 0.339815 1.000000
0 97 0.591667 0.408796 0.067708 0.334259 1.000000
0 98 0.590365 0.406019 0.072396 0.337963 1.000000
0 99 0.586979 0.406481 0.073958 0.337037 1.000000
0 100 0.583333 0.407407 0.070833 0.337037 1.000000
0 101 0.580469 0.406019 0.067187 0.336111 1.000000
0 102 0.578125 0.406481 0.062500 0.337037 1.000000
0 103 0.576562 0.406019 0.056250 0.337963 1.000000
0 104 0.573438 0.406019 0.053125 0.337963 1.000000
0 105 0.572656 0.406019 0.052604 0.337963 1.000000
0 106 0.573438 0.406019 0.054167 0.337963 1.000000
0 107 0.573177 0.408333 0.053646 0.337037 1.000000
0 108 0.572135 0.409722 0.056771 0.336111 1.000000
0 109 0.570833 0.407407 0.067708 0.340741 1.000000
0 110 0.577083 0.402778 0.100000 0.344444 1.000000
0 111 0.573698 0.403704 0.095312 0.361111 1.000000
0 112 0.573438 0.390741 0.095833 0.357407 1.000000
0 113 0.572135 0.391204 0.094271 0.356481 1.000000
0 114 0.568490 0.391667 0.093229 0.344444 1.000000
0 115 0.568750 0.392130 0.095833 0.334259 1.000000
0 116 0.567448 0.394907 0.092188 0.328704 1.000000
0 117 0.567187 0.404630 0.090625 0.312963 1.000000
0 118 0.569010 0.411574 0.089063 0.304630 1.000000
0 119 0.571094 0.419907 0.084896 0.312037 1.000000
0 120 0.573958 0.417130 0.085417 0.299074 1.000000
0 121 0.573177 0.418519 0.089063 0.298148 1.000000
0 122 0.572917 0.425000 0.117708 0.309259 1.000000
0 123 0.576823 0.426389 0.114062 0.310185 1.000000
0 124 0.587760 0.428704 0.097396 0.314815 1.000000
0 125 0.585677 0.430556 0.095312 0.312963 1.000000
0 126 0.584635 0.430556 0.095312 0.320370 1.000000
0 127 0.583073 0.429167 0.095312 0.325000 1.000000
0 128 0.580990 0.430556 0.093229 0.327778 1.000000
0 129 0.579688 0.431481 0.091667 0.331481 1.000000
0 130 0.573177 0.434259 0.099479 0.331481 1.000000
0 131 0.566146 0.437500 0.110417 0.330556 1.000000
0 132 0.559115 0.447685 0.118229 0.313889 1.000000
0 133 0.552865 0.456944 0.125521 0.302778 1.000000
0 134 0.546354 0.467593 0.131250 0.283333 1.000000
0 135 0.544271 0.469444 0.130208 0.281481 1.000000
0 136 0.535417 0.470370 0.125000 0.277778 1.000000
0 137 0.525521 0.469444 0.111458 0.270370 1.000000
0 138 0.518750 0.474537 0.106250 0.278704 1.000000
0 139 0.515365 0.475926 0.106771 0.281481 1.000000
0 140 0.509375 0.473148 0.126042 0.281481 1.000000
0 141 0.507292 0.472685 0.129167 0.286111 1.000000
0 142 0.512500 0.465278 0.128125 0.297222 1.000000
0 143 0.510938 0.459722 0.119792 0.304630 1.000000
0 144 0.514062 0.451389 0.110417 0.315741 1.000000
0 145 0.522135 0.447222 0.119271 0.318519 1.000000
0 146 0.531510 0.431481 0.109896 0.335185 1.000000
0 147 0.540104 0.412963 0.106250 0.340741 1.000000
0 148 0.548958 0.386111 0.108333 0.340741 1.000000
0 149 0.546615 0.372685 0.117188 0.350926 1.000000
0 150 0.544531 0.375463 0.136979 0.350926 1.000000
0 151 0.544792 0.375926 0.138542 0.346296 1.000000
0 152 0.555990 0.380556 0.148438 0.320370 1.000000
0 153 0.560156 0.369444 0.145313 0.337037 1.000000
0 154 0.563281 0.361574 0.141146 0.339815 1.000000
0 155 0.560417 0.368981 0.133333 0.321296 1.000000
0 156 0.560417 0.376852 0.104167 0.303704 1.000000
0 157 0.562500 0.383333 0.100000 0.303704 1.000000
0 158 0.566667 0.386574 0.091667 0.308333 1.000000
0 159 0.565885 0.387037 0.083854 0.314815 1.000000
0 160 0.566146 0.384259 0.082292 0.324074 1.000000
0 161 0.565625 0.381481 0.087500 0.340741 1.000000
0 162 0.566927 0.386574 0.085938 0.371296 1.000000
0 163 0.567969 0.392593 0.079687 0.366667 1.000000
0 164 0.571094 0.403241 0.071354 0.350926 1.000000
0 165 0.573177 0.415278 0.067187 0.334259 1.000000
0 166 0.577344 0.424537 0.068229 0.321296 1.000000
0 167 0.580208 0.431019 0.070833 0.313889 1.000000
0 168 0.583333 0.433796 0.071875 0.315741 1.000000
0 169 0.585156 0.431481 0.071354 0.322222 1.000000
0 170 0.591146 0.427778 0.088542 0.327778 1.000000
0 171 0.590104 0.431944 0.095833 0.332407 1.000000
0 172 0.588281 0.409259 0.102604 0.379630 1.000000
0 173 0.584635 0.410185 0.096354 0.381481 1.000000
0 174 0.587760 0.439352 0.100521 0.326852 1.000000
0 175 0.592448 0.451389 0.115104 0.306481 1.000000
0 176 0.576823 0.467593 0.111979 0.300000 1.000000
0 177 0.566927 0.475463 0.106771 0.300926 1.000000
0 178 0.554167 0.490741 0.102083 0.285185 1.000000
0 179 0.550521 0.502778 0.095833 0.274074 1.000000
0 180 0.550521 0.524074 0.095833 0.268519 1.000000
0 181 0.548958 0.534722 0.117708 0.252778 1.000000
0 182 0.527604 0.548148 0.118750 0.227778 1.000000
0 183 0.523438 0.551389 0.110417 0.225000 1.000000
0 184 0.514583 0.544907 0.134375 0.221296 1.000000
0 185 0.509375 0.543519 0.147917 0.218519 1.000000
0 186 0.503906 0.546296 0.163021 0.216667 1.000000
0 187 0.503385 0.550926 0.166146 0.214815 1.000000
0 188 0.498698 0.564815 0.188021 0.188889 1.000000
0 189 0.503646 0.561574 0.186458 0.184259 1.000000
0 190 0.508333 0.557407 0.189583 0.175926 1.000000
0 191 0.509635 0.555093 0.181771 0.180556 1.000000
0 192 0.498437 0.547222 0.142708 0.181481 1.000000
0 193 0.494010 0.543981 0.124479 0.182407 1.000000
0 194 0.498698 0.536574 0.117188 0.184259 1.000000
0 195 0.501563 0.533796 0.113542 0.187963 1.000000
0 196 0.504948 0.524537 0.100521 0.191667 1.000000
0 197 0.508594 0.519444 0.097396 0.194444 1.000000
0 198 0.514583 0.506481 0.095833 0.214815 1.000000
0 199 0.519531 0.495370 0.098437 0.240741 1.000000
0 200 0.526302 0.481481 0.101562 0.261111 1.000000
0 201 0.526563 0.469907 0.106250 0.278704 1.000000
0 202 0.531250 0.451852 0.110417 0.301852 1.000000
0 203 0.533073 0.445833 0.111979 0.312037 1.000000
0 204 0.533333 0.430556 0.106250 0.331481 1.000000
0 205 0.531510 0.424074 0.099479 0.340741 1.000000
0 206 0.530208 0.413889 0.094792 0.353704 1.000000
0 207 0.530990 0.409259 0.094271 0.359259 1.000000
0 208 0.533073 0.401389 0.092188 0.367593 1.000000
0 209 0.534896 0.398148 0.088542 0.370370 1.000000
0 210 0.539323 0.393519 0.083854 0.374074 1.000000
0 211 0.539844 0.391667 0.083854 0.374074 1.000000
0 212 0.538802 0.390741 0.083854 0.374074 1.000000
0 213 0.537760 0.391204 0.082812 0.373148 1.000000
0 214 0.534115 0.391204 0.076563 0.369444 1.000000
0 215 0.531771 0.393519 0.071875 0.368519 1.000000
0 216 0.532031 0.395370 0.072396 0.362963 1.000000
0 217 0.531510 0.398611 0.072396 0.360185 1.000000
0 218 0.533854 0.400000 0.070833 0.359259 1.000000
0 219 0.536458 0.399537 0.064583 0.358333 1.000000
0 220 0.540365 0.407870 0.054688 0.341667 1.000000
0 221 0.541406 0.409259 0.054688 0.338889 1.000000
0 222 0.540885 0.409259 0.053646 0.338889 1.000000
0 223 0.541146 0.409722 0.053125 0.339815 1.000000
0 224 0.539583 0.409722 0.054167 0.339815 1.000000
0 225 0.539323 0.408796 0.054688 0.343519 1.000000
0 226 0.538542 0.392593 0.056250 0.377778 1.000000
0 227 0.536979 0.389815 0.063542 0.383333 1.000000
0 228 0.536198 0.389815 0.067187 0.383333 1.000000
0 229 0.535937 0.390741 0.068750 0.383333 1.000000
0 230 0.534635 0.393056 0.072396 0.378704 1.000000
0 231 0.533333 0.394907 0.073958 0.376852 1.000000
0 232 0.531510 0.399537 0.078646 0.371296 1.000000
0 233 0.530208 0.400463 0.082292 0.367593 1.000000
0 234 0.526042 0.407870 0.086458 0.354630 1.000000
0 235 0.526042 0.414352 0.088542 0.339815 1.000000
0 236 0.541927 0.412963 0.096354 0.331481 1.000000
0 237 0.548958 0.413889 0.096875 0.322222 1.000000
0 238 0.556771 0.411111 0.102083 0.300000 1.000000
0 239 0.558333 0.416204 0.107292 0.269444 1.000000
0 240 0.557813 0.423611 0.106250 0.256481 1.000000
0 241 0.557292 0.429167 0.109375 0.252778 1.000000
0 242 0.558594 0.429167 0.116146 0.254630 1.000000
0 243 0.559896 0.421759 0.122917 0.271296 1.000000
0 244 0.568229 0.414352 0.126042 0.278704 1.000000
0 245 0.579948 0.407407 0.104688 0.301852 1.000000
0 246 0.584375 0.403704 0.093750 0.301852 1.000000
0 247 0.610417 0.393519 0.091667 0.322222 1.000000
0 248 0.609375 0.394444 0.095833 0.320370 1.000000
0 249 0.602344 0.389352 0.098437 0.339815 1.000000
0 250 0.602604 0.390278 0.104167 0.349074 1.000000
0 251 0.606250 0.402315 0.114583 0.365741 1.000000
0 252 0.620313 0.420370 0.120833 0.346296 1.000000
0 253 0.635156 0.457407 0.110937 0.324074 1.000000
0 254 0.635156 0.472685 0.089063 0.319444 1.000000
0 255 0.642708 0.500926 0.076042 0.294444 1.000000
0 256 0.643750 0.513426 0.073958 0.278704 1.000000
0 257 0.655469 0.541204 0.089063 0.247222 1.000000
0 258 0.661719 0.548611 0.093229 0.245370 1.000000
0 259 0.669531 0.564815 0.088021 0.229630 1.000000
0 260 0.673958 0.568519 0.085417 0.235185 1.000000
0 261 0.683073 0.525926 0.084896 0.277778 1.000000
0 262 0.689844 0.489815 0.081771 0.292593 1.000000
0 263 0.704688 0.424074 0.089583 0.318519 1.000000
0 264 0.716927 0.396759 0.099479 0.321296 1.000000
0 265 0.721875 0.360648 0.083333 0.356481 1.000000
0 266 0.725000 0.335648 0.076042 0.393519 1.000000
0 267 0.729688 0.304630 0.062500 0.444444 1.000000
0 268 0.728125 0.295370 0.054167 0.450000 1.000000
0 269 0.731510 0.281481 0.055729 0.444444 1.000000
0 270 0.733594 0.280556 0.057813 0.444444 1.000000
0 271 0.736198 0.280556 0.053646 0.448148 1.000000
0 272 0.737500 0.284259 0.054167 0.448148 1.000000
0 273 0.742708 0.298148 0.062500 0.444444 1.000000
0 274 0.744271 0.309259 0.070833 0.422222 1.000000
0 275 0.745313 0.350000 0.092708 0.379630 1.000000
0 276 0.747135 0.371759 0.101562 0.347222 1.000000
0 277 0.747396 0.376852 0.102083 0.338889 1.000000
0 278 0.746354 0.375463 0.101042 0.337963 1.000000
0 279 0.744010 0.373611 0.102604 0.336111 1.000000
0 280 0.740365 0.372222 0.102604 0.337037 1.000000
0 281 0.730729 0.368981 0.103125 0.343519 1.000000
0 282 0.727083 0.367130 0.102083 0.343519 1.000000
0 283 0.722917 0.370833 0.102083 0.334259 1.000000
0 284 0.721354 0.377315 0.102083 0.332407 1.000000
0 285 0.717969 0.382870 0.102604 0.330556 1.000000
0 286 0.715885 0.384259 0.101562 0.331481 1.000000
0 287 0.712240 0.389352 0.102604 0.325000 1.000000
0 288 0.710677 0.393056 0.102604 0.323148 1.000000
0 289 0.708073 0.395370 0.102604 0.322222 1.000000
0 290 0.706510 0.397685 0.101562 0.323148 1.000000
0 291 0.703646 0.408333 0.102083 0.320370 1.000000
0 292 0.703125 0.412037 0.103125 0.320370 1.000000
0 293 0.700781 0.417130 0.102604 0.323148 1.000000
0 294 0.698958 0.417593 0.102083 0.322222 1.000000
0 295 0.696354 0.424537 0.102083 0.313889 1.000000
0 296 0.692708 0.426389 0.108333 0.312037 1.000000
0 297 0.689323 0.429630 0.110937 0.312963 1.000000
0 298 0.688281 0.425926 0.111979 0.324074 1.000000
0 299 0.683854 0.427315 0.116667 0.325000 1.000000
0 300 0.682813 0.435185 0.116667 0.309259 1.000000
0 301 0.682813 0.442130 0.111458 0.299074 1.000000
0 302 0.682031 0.439815 0.109896 0.305556 1.000000
0 303 0.682292 0.432870 0.104167 0.323148 1.000000
0 304 0.682292 0.429630 0.103125 0.331481 1.000000
0 305 0.677604 0.427315 0.106250 0.337963 1.000000
0 306 0.674219 0.425926 0.110937 0.344444 1.000000
0 307 0.670833 0.427778 0.113542 0.340741 1.000000
0 308 0.671615 0.431944 0.110937 0.336111 1.000000
0 309 0.667969 0.431019 0.116146 0.339815 1.000000
0 310 0.668229 0.429167 0.114583 0.341667 1.000000
0 311 0.666927 0.426389 0.114062 0.349074 1.000000
0 312 0.666406 0.431481 0.116146 0.340741 1.000000
0 313 0.672917 0.435648 0.101042 0.330556 1.000000
0 314 0.673177 0.435648 0.100521 0.328704 1.000000
0 315 0.671875 0.443056 0.100000 0.315741 1.000000
0 316 0.672135 0.443519 0.100521 0.311111 1.000000
0 317 0.671094 0.446296 0.100521 0.307407 1.000000
0 318 0.671094 0.445370 0.100521 0.305556 1.000000
0 319 0.669792 0.445370 0.100000 0.303704 1.000000
0 320 0.670052 0.443981 0.100521 0.304630 1.000000
0 321 0.669271 0.443519 0.100000 0.303704 1.000000
0 322 0.669010 0.443981 0.100521 0.299074 1.000000
0 323 0.668750 0.443056 0.100000 0.299074 1.000000
0 324 0.668490 0.441667 0.100521 0.300000 1.000000
0 325 0.668490 0.443056 0.100521 0.295370 1.000000
0 326 0.668490 0.443519 0.100521 0.294444 1.000000
0 327 0.668750 0.441204 0.101042 0.295370 1.000000
0 328 0.669271 0.441667 0.101042 0.294444 1.000000
0 329 0.669010 0.443056 0.101562 0.289815 1.000000
0 330 0.669531 0.444907 0.101562 0.280556 1.000000
0 331 0.669271 0.447685 0.100000 0.271296 1.000000
0 332 0.668490 0.450926 0.098437 0.261111 1.000000
0 333 0.669531 0.451389 0.101562 0.258333 1.000000
0 334 0.671875 0.442130 0.104167 0.271296 1.000000
0 335 0.675260 0.435185 0.111979 0.283333 1.000000
0 336 0.676823 0.432407 0.115104 0.283333 1.000000
0 337 0.683333 0.432407 0.116667 0.288889 1.000000
0 338 0.686719 0.434722 0.115104 0.291667 1.000000
0 339 0.689323 0.435185 0.116146 0.287037 1.000000
0 340 0.691667 0.434259 0.116667 0.288889 1.000000
0 341 0.696615 0.430093 0.109896 0.289815 1.000000
0 342 0.700781 0.430093 0.103646 0.289815 1.000000
0 343 0.707031 0.431019 0.099479 0.297222 1.000000
0 344 0.707812 0.429630 0.100000 0.300000 1.000000
0 345 0.706250 0.425463 0.095833 0.308333 1.000000
0 346 0.710677 0.422685 0.093229 0.310185 1.000000
0 347 0.711458 0.417130 0.076042 0.310185 1.000000
0 348 0.715365 0.409259 0.080729 0.311111 1.000000
0 349 0.726042 0.393056 0.096875 0.293519 1.000000
0 350 0.732292 0.392130 0.113542 0.297222 1.000000
0 351 0.731250 0.392130 0.135417 0.300926 1.000000
0 352 0.727344 0.394444 0.130729 0.305556 1.000000
0 353 0.725521 0.402778 0.127083 0.314815 1.000000
0 354 0.725000 0.406481 0.128125 0.318519 1.000000
0 355 0.724740 0.406481 0.116146 0.316667 1.000000
0 356 0.726823 0.406944 0.105729 0.315741 1.000000
0 357 0.734635 0.406019 0.083854 0.317593 1.000000
0 358 0.739844 0.405556 0.070312 0.316667 1.000000
0 359 0.759115 0.404167 0.068229 0.315741 1.000000
0 360 0.766146 0.405556 0.081250 0.314815 1.000000
0 361 0.772396 0.397222 0.088542 0.346296 1.000000
0 362 0.773958 0.405556 0.094792 0.344444 1.000000
0 363 0.773958 0.421296 0.093750 0.338889 1.000000
0 364 0.772135 0.423611 0.089063 0.336111 1.000000
0 365 0.770573 0.424537 0.090104 0.334259 1.000000
0 366 0.765885 0.424074 0.082812 0.331481 1.000000
0 367 0.754948 0.419444 0.095312 0.337037 1.000000
0 368 0.751823 0.416204 0.102604 0.341667 1.000000
0 369 0.744271 0.413426 0.114583 0.339815 1.000000
0 370 0.736458 0.411111 0.112500 0.340741 1.000000
0 371 0.724219 0.421296 0.111979 0.344444 1.000000
0 372 0.719271 0.429167 0.115625 0.356481 1.000000
0 373 0.711979 0.446759 0.127083 0.347222 1.000000
0 374 0.709896 0.452778 0.128125 0.337037 1.000000
0 375 0.702604 0.451852 0.127083 0.335185 1.000000
0 376 0.698177 0.451852 0.126562 0.331481 1.000000
0 377 0.691927 0.452315 0.140104 0.323148 1.000000
0 378 0.690104 0.450000 0.143750 0.329630 1.000000
0 379 0.689583 0.437500 0.141667 0.352778 1.000000
0 380 0.690104 0.439352 0.140625 0.347222 1.000000
0 381 0.693229 0.442130 0.137500 0.336111 1.000000
0 382 0.696354 0.437963 0.138542 0.348148 1.000000
0 383 0.703385 0.427315 0.127604 0.375000 1.000000
0 384 0.709375 0.427315 0.125000 0.375000 1.000000
0 385 0.721094 0.444444 0.127604 0.348148 1.000000
0 386 0.725000 0.451852 0.127083 0.331481 1.000000
0 387 0.730729 0.454630 0.125000 0.331481 1.000000
0 388 0.737500 0.453704 0.125000 0.331481 1.000000
0 389 0.758594 0.455093 0.104688 0.330556 1.000000
0 390 0.766667 0.456944 0.100000 0.328704 1.000000
0 391 0.777344 0.456481 0.088021 0.329630 1.000000
0 392 0.783073 0.458796 0.082812 0.325000 1.000000
0 393 0.788802 0.457870 0.075521 0.323148 1.000000
0 394 0.789062 0.456944 0.072917 0.325000 1.000000
0 395 0.784635 0.458333 0.070312 0.316667 1.000000
0 396 0.785417 0.462037 0.071875 0.309259 1.000000
0 397 0.789583 0.472222 0.081250 0.292593 1.000000
0 398 0.798698 0.473148 0.097396 0.290741 1.000000
0 399 0.815104 0.476852 0.121875 0.279630 1.000000
0 400 0.819531 0.480556 0.127604 0.275926 1.000000
0 401 0.814583 0.481481 0.154167 0.270370 1.000000
0 402 0.811979 0.482407 0.161458 0.268519 1.000000
0 403 0.808073 0.475000 0.170313 0.281481 1.000000
0 404 0.805729 0.472685 0.171875 0.284259 1.000000
0 405 0.803646 0.471296 0.173958 0.285185 1.000000
0 406 0.802344 0.469444 0.171354 0.288889 1.000000
0 407 0.795833 0.464815 0.143750 0.300000 1.000000
0 408 0.788281 0.463426 0.117188 0.310185 1.000000
0 409 0.780990 0.463889 0.074479 0.329630 1.000000
0 410 0.784635 0.465741 0.063021 0.338889 1.000000
0 411 0.785937 0.460648 0.065625 0.347222 1.000000
0 412 0.786458 0.456944 0.069792 0.352778 1.000000
0 413 0.792448 0.440741 0.098437 0.350000 1.000000
0 414 0.783073 0.435185 0.100521 0.348148 1.000000
0 415 0.772917 0.411574 0.118750 0.397222 1.000000
0 416 0.767708 0.410185 0.115625 0.398148 1.000000
0 417 0.759896 0.407407 0.102083 0.403704 1.000000
0 418 0.755990 0.406481 0.096354 0.400000 1.000000
0 419 0.745573 0.417593 0.102604 0.379630 1.000000
0 420 0.738802 0.425000 0.104688 0.359259 1.000000
0 421 0.730990 0.446759 0.094271 0.349074 1.000000
0 422 0.728906 0.455556 0.086979 0.329630 1.000000
0 423 0.725260 0.471296 0.081771 0.305556 1.000000
0 424 0.724740 0.466204 0.081771 0.315741 1.000000
0 425 0.724219 0.467130 0.080729 0.313889 1.000000
0 426 0.724740 0.468519 0.080729 0.307407 1.000000
0 427 0.730469 0.454167 0.092188 0.319444 1.000000
0 428 0.735677 0.443519 0.103646 0.325926 1.000000
0 429 0.739323 0.447222 0.110937 0.338889 1.000000
0 430 0.745573 0.445833 0.122396 0.337963 1.000000
0 431 0.749740 0.449074 0.132812 0.337037 1.000000
0 432 0.750000 0.449537 0.134375 0.337963 1.000000
0 433 0.750000 0.453241 0.135417 0.337963 1.000000
0 434 0.750521 0.451852 0.136458 0.340741 1.000000
0 435 0.751042 0.453241 0.138542 0.341667 1.000000
0 436 0.751563 0.454630 0.139583 0.342593 1.000000
0 437 0.751563 0.456019 0.141667 0.339815 1.000000
0 438 0.751563 0.456481 0.141667 0.338889 1.000000
0 439 0.750781 0.457870 0.140104 0.341667 1.000000
0 440 0.750000 0.458333 0.139583 0.340741 1.000000
0 441 0.748698 0.459722 0.139063 0.339815 1.000000
0 442 0.748437 0.460648 0.138542 0.339815 1.000000
0 443 0.747656 0.461574 0.138021 0.339815 1.000000
0 444 0.747656 0.462963 0.138021 0.338889 1.000000
0 445 0.747656 0.462500 0.138021 0.339815 1.000000
0 446 0.746875 0.464352 0.137500 0.337963 1.000000
0 447 0.742969 0.464815 0.130729 0.337037 1.000000
0 448 0.740625 0.464815 0.126042 0.337037 1.000000
0 449 0.733594 0.467130 0.111979 0.337963 1.000000
0 450 0.733594 0.465741 0.111979 0.338889 1.000000
0 451 0.733333 0.467130 0.112500 0.337963 1.000000
0 452 0.733073 0.465741 0.111979 0.340741 1.000000
0 453 0.732812 0.464352 0.112500 0.345370 1.000000
0 454 0.733333 0.462963 0.111458 0.348148 1.000000
0 455 0.730729 0.466204 0.109375 0.343519 1.000000
0 456 0.730208 0.469907 0.107292 0.343519 1.000000
0 457 0.727604 0.475926 0.106250 0.342593 1.000000
0 458 0.727344 0.483333 0.105729 0.331481 1.000000
0 459 0.728385 0.490278 0.106771 0.317593 1.000000
0 460 0.728385 0.488889 0.105729 0.324074 1.000000
0 461 0.728906 0.487500 0.106771 0.326852 1.000000
0 462 0.728385 0.487500 0.106771 0.330556 1.000000
0 463 0.730469 0.481944 0.105729 0.336111 1.000000
0 464 0.731771 0.481481 0.104167 0.329630 1.000000
0 465 0.735156 0.482407 0.097396 0.307407 1.000000
0 466 0.731250 0.482870 0.088542 0.284259 1.000000
0 467 0.730208 0.486111 0.086458 0.261111 1.000000
0 468 0.730469 0.489352 0.086979 0.260185 1.000000
0 469 0.733854 0.502315 0.089583 0.271296 1.000000
0 470 0.736458 0.504630 0.090625 0.262963 1.000000
0 471 0.739062 0.511111 0.095833 0.251852 1.000000
0 472 0.739583 0.512037 0.097917 0.250000 1.000000
0 473 0.741146 0.516667 0.101042 0.240741 1.000000
0 474 0.743490 0.525463 0.104688 0.225000 1.000000
0 475 0.745573 0.535185 0.108854 0.205556 1.000000
0 476 0.742708 0.538426 0.104167 0.199074 1.000000
0 477 0.744010 0.568519 0.105729 0.179630 1.000000
0 478 0.740625 0.574537 0.100000 0.178704 1.000000
0 479 0.740885 0.582407 0.100521 0.164815 1.000000
0 480 0.740885 0.581481 0.100521 0.164815 1.000000
0 481 0.741667 0.578241 0.100000 0.175000 1.000000
0 482 0.741406 0.568519 0.100521 0.190741 1.000000
0 483 0.742188 0.573148 0.100000 0.181481 1.000000
0 484 0.742448 0.554167 0.100521 0.219444 1.000000
0 485 0.743229 0.566204 0.100000 0.195370 1.000000
0 486 0.743490 0.566667 0.099479 0.192593 1.000000
0 487 0.743750 0.568981 0.098958 0.187963 1.000000
0 488 0.743750 0.566667 0.097917 0.188889 1.000000
0 489 0.743490 0.567593 0.099479 0.188889 1.000000
0 490 0.744010 0.568519 0.099479 0.187037 1.000000
0 491 0.743750 0.562037 0.098958 0.194444 1.000000
0 492 0.743750 0.557407 0.100000 0.200000 1.000000
0 493 0.738281 0.539815 0.092188 0.196296 1.000000
0 494 0.739323 0.537500 0.096354 0.202778 1.000000
0 495 0.738802 0.527315 0.092188 0.217593 1.000000
0 496 0.735156 0.523611 0.086979 0.225000 1.000000
0 497 0.737760 0.518519 0.091146 0.231481 1.000000
0 498 0.737760 0.517593 0.092188 0.233333 1.000000
0 499 0.737240 0.512500 0.091146 0.237963 1.000000
0 500 0.738021 0.511111 0.092708 0.237037 1.000000
0 501 0.736458 0.508796 0.092708 0.239815 1.000000
0 502 0.734375 0.507407 0.090625 0.240741 1.000000
0 503 0.730208 0.500926 0.084375 0.250000 1.000000
0 504 0.731510 0.499074 0.086979 0.250000 1.000000
0 505 0.733073 0.497222 0.092188 0.253704 1.000000
0 506 0.732031 0.496296 0.095312 0.253704 1.000000
0 507 0.729948 0.494444 0.095312 0.253704 1.000000
0 508 0.729688 0.493981 0.094792 0.252778 1.000000
0 509 0.729427 0.493519 0.094271 0.251852 1.000000
0 510 0.729427 0.493519 0.094271 0.253704 1.000000
0 511 0.729167 0.491204 0.093750 0.252778 1.000000
0 512 0.729167 0.491667 0.093750 0.253704 1.000000
0 513 0.729427 0.490278 0.093229 0.254630 1.000000
0 514 0.729427 0.490278 0.093229 0.252778 1.000000
0 515 0.729167 0.489352 0.093750 0.252778 1.000000
0 516 0.728906 0.489352 0.093229 0.252778 1.000000
0 517 0.728906 0.488889 0.093229 0.251852 1.000000
0 518 0.729167 0.488889 0.093750 0.253704 1.000000
0 519 0.729167 0.487963 0.093750 0.253704 1.000000
0 520 0.728906 0.488889 0.093229 0.253704 1.000000
0 521 0.728906 0.487963 0.093229 0.253704 1.000000
0 522 0.728906 0.487963 0.093229 0.251852 1.000000
0 523 0.728646 0.489352 0.092708 0.252778 1.000000
0 524 0.728646 0.489815 0.092708 0.251852 1.000000
0 525 0.728125 0.492130 0.091667 0.250926 1.000000
0 526 0.727865 0.492593 0.091146 0.251852 1.000000
0 527 0.726823 0.493519 0.089063 0.251852 1.000000
0 528 0.726042 0.494444 0.088542 0.251852 1.000000
0 529 0.724219 0.494444 0.085938 0.250000 1.000000
0 530 0.724219 0.496296 0.089063 0.248148 1.000000
0 531 0.725000 0.495833 0.087500 0.252778 1.000000
0 532 0.723177 0.498611 0.088021 0.247222 1.000000
0 533 0.719010 0.501389 0.091146 0.241667 1.000000
0 534 0.716146 0.502315 0.093750 0.241667 1.000000
0 535 0.715885 0.500000 0.101562 0.244444 1.000000
0 536 0.714063 0.500000 0.105208 0.248148 1.000000
0 537 0.709635 0.500463 0.115104 0.250926 1.000000
0 538 0.706771 0.499537 0.117708 0.252778 1.000000
0 539 0.703125 0.498611 0.116667 0.254630 1.000000
0 540 0.703646 0.500000 0.110417 0.251852 1.000000
0 541 0.707812 0.506019 0.088542 0.243519 1.000000
0 542 0.707292 0.508796 0.075000 0.237963 1.000000
0 543 0.708854 0.515741 0.062500 0.264815 1.000000
0 544 0.708854 0.509259 0.064583 0.279630 1.000000
0 545 0.709635 0.510185 0.068229 0.279630 1.000000
0 546 0.709375 0.506944 0.068750 0.289815 1.000000
0 547 0.705729 0.501389 0.071875 0.300926 1.000000
0 548 0.701042 0.497685 0.075000 0.308333 1.000000
0 549 0.693490 0.495833 0.083854 0.312037 1.000000
0 550 0.686979 0.494907 0.096875 0.315741 1.000000
0 551 0.679167 0.488426 0.113542 0.330556 1.000000
0 552 0.678385 0.488426 0.114062 0.336111 1.000000
0 553 0.676562 0.472685 0.114583 0.341667 1.000000
0 554 0.670312 0.470370 0.117708 0.344444 1.000000
0 555 0.652344 0.464815 0.125521 0.348148 1.000000
0 556 0.641406 0.454167 0.126562 0.360185 1.000000
0 557 0.629167 0.460185 0.131250 0.366667 1.000000
0 558 0.628385 0.472222 0.130729 0.342593 1.000000
0 559 0.627865 0.477315 0.129688 0.334259 1.000000
0 560 0.627083 0.476389 0.127083 0.336111 1.000000
0 561 0.625260 0.477778 0.124479 0.338889 1.000000
0 562 0.625521 0.479167 0.126042 0.339815 1.000000
0 563 0.625260 0.478704 0.126562 0.340741 1.000000
0 564 0.626042 0.475926 0.126042 0.348148 1.000000
0 565 0.625781 0.456019 0.126562 0.386111 1.000000
0 566 0.627344 0.443519 0.131771 0.409259 1.000000
0 567 0.629427 0.436574 0.134896 0.425000 1.000000
0 568 0.625260 0.436574 0.127604 0.423148 1.000000
0 569 0.624740 0.438889 0.127604 0.418519 1.000000
0 570 0.625260 0.437963 0.127604 0.418519 1.000000
0 571 0.624479 0.446759 0.128125 0.402778 1.000000
0 572 0.623437 0.465741 0.129167 0.361111 1.000000
0 573 0.623177 0.466204 0.130729 0.358333 1.000000
0 574 0.622396 0.464352 0.130208 0.362037 1.000000
0 575 0.623177 0.468519 0.130729 0.351852 1.000000
0 576 0.621875 0.470833 0.129167 0.339815 1.000000
0 577 0.622396 0.469444 0.128125 0.340741 1.000000
0 578 0.622656 0.465741 0.126562 0.348148 1.000000
0 579 0.622917 0.463889 0.127083 0.351852 1.000000
0 580 0.624479 0.470833 0.129167 0.337963 1.000000
0 581 0.624740 0.470370 0.130729 0.337037 1.000000
0 582 0.624219 0.469907 0.132812 0.334259 1.000000
0 583 0.622135 0.470833 0.131771 0.330556 1.000000
0 584 0.620313 0.474074 0.131250 0.329630 1.000000
0 585 0.621094 0.474537 0.131771 0.328704 1.000000
0 586 0.620573 0.475000 0.131771 0.329630 1.000000
0 587 0.620833 0.474074 0.131250 0.329630 1.000000
0 588 0.620833 0.473611 0.128125 0.330556 1.000000
0 589 0.620313 0.474537 0.127083 0.332407 1.000000
0 590 0.619792 0.475000 0.128125 0.331481 1.000000
0 591 0.619792 0.474537 0.130208 0.328704 1.000000
0 592 0.620833 0.476852 0.134375 0.327778 1.000000
0 593 0.620313 0.476852 0.135417 0.327778 1.000000
0 594 0.619271 0.478704 0.134375 0.329630 1.000000
0 595 0.619010 0.479630 0.133854 0.329630 1.000000
0 596 0.616927 0.481019 0.131771 0.330556 1.000000
0 597 0.618750 0.481019 0.128125 0.330556 1.000000
0 598 0.619271 0.480093 0.128125 0.334259 1.000000
0 599 0.619271 0.480093 0.128125 0.334259 1.000000
0 600 0.622396 0.481944 0.135417 0.330556 1.000000
0 601 0.622135 0.482870 0.136979 0.326852 1.000000
0 602 0.621875 0.484722 0.137500 0.321296 1.000000
0 603 0.621615 0.486574 0.136979 0.319444 1.000000
0 604 0.620573 0.485185 0.136979 0.322222 1.000000
0 605 0.621094 0.483796 0.136979 0.325000 1.000000
0 606 0.621094 0.481481 0.136979 0.329630 1.000000
0 607 0.620573 0.480556 0.136979 0.329630 1.000000
0 608 0.619792 0.476852 0.137500 0.337037 1.000000
0 609 0.619010 0.479167 0.136979 0.332407 1.000000
0 610 0.618750 0.476389 0.137500 0.336111 1.000000
0 611 0.618229 0.476389 0.137500 0.336111 1.000000
0 612 0.617708 0.475463 0.137500 0.334259 1.000000
0 613 0.617708 0.475000 0.137500 0.335185 1.000000
0 614 0.616406 0.474537 0.136979 0.336111 1.000000
0 615 0.616927 0.471759 0.136979 0.337963 1.000000
0 616 0.615365 0.468981 0.138021 0.345370 1.000000
0 617 0.615365 0.473148 0.138021 0.333333 1.000000
0 618 0.618750 0.481481 0.146875 0.314815 1.000000
0 619 0.618750 0.487500 0.147917 0.304630 1.000000
0 620 0.616927 0.502315 0.148438 0.273148 1.000000
0 621 0.617188 0.505093 0.148958 0.263889 1.000000
0 622 0.616146 0.507407 0.147917 0.257407 1.000000
0 623 0.615625 0.508333 0.147917 0.257407 1.000000
0 624 0.614323 0.506019 0.146354 0.258333 1.000000
0 625 0.613542 0.506944 0.146875 0.260185 1.000000
0 626 0.614062 0.506944 0.146875 0.262037 1.000000
0 627 0.612500 0.506944 0.146875 0.262037 1.000000
0 628 0.613021 0.512963 0.147917 0.259259 1.000000
0 629 0.613281 0.515741 0.148438 0.255556 1.000000
0 630 0.612500 0.521296 0.148958 0.250000 1.000000
0 631 0.612240 0.522685 0.148438 0.249074 1.000000
0 632 0.611979 0.525463 0.148958 0.249074 1.000000
0 633 0.611719 0.526852 0.149479 0.250000 1.000000
0 634 0.611198 0.527778 0.148438 0.251852 1.000000
0 635 0.610938 0.528241 0.148958 0.250926 1.000000
0 636 0.611458 0.532870 0.150000 0.250926 1.000000
0 637 0.611458 0.534259 0.151042 0.251852 1.000000
0 638 0.610938 0.528241 0.151042 0.265741 1.000000
0 639 0.610938 0.523148 0.152083 0.277778 1.000000
0 640 0.613021 0.506481 0.146875 0.309259 1.000000
0 641 0.621615 0.504630 0.153646 0.316667 1.000000
0 642 0.635156 0.496296 0.126562 0.327778 1.000000
0 643 0.644271 0.494907 0.119792 0.325000 1.000000
0 644 0.660417 0.491667 0.094792 0.314815 1.000000
0 645 0.669010 0.494907 0.093229 0.312037 1.000000
0 646 0.684115 0.510185 0.093229 0.318519 1.000000
0 647 0.687500 0.514352 0.093750 0.308333 1.000000
0 648 0.690104 0.523148 0.087500 0.285185 1.000000
0 649 0.690365 0.529167 0.088021 0.269444 1.000000
0 650 0.689583 0.530556 0.087500 0.262963 1.000000
0 651 0.688542 0.525463 0.089583 0.269444 1.000000
0 652 0.685937 0.514352 0.093750 0.286111 1.000000
0 653 0.682552 0.510648 0.091146 0.291667 1.000000
0 654 0.667969 0.502315 0.077604 0.295370 1.000000
0 655 0.666406 0.505093 0.083854 0.287963 1.000000
0 656 0.658333 0.506019 0.089583 0.271296 1.000000
0 657 0.653906 0.512500 0.096354 0.263889 1.000000
0 658 0.644531 0.520833 0.101562 0.273148 1.000000
0 659 0.642448 0.520833 0.099479 0.275000 1.000000
0 660 0.640885 0.513889 0.098437 0.283333 1.000000
0 661 0.639323 0.512500 0.097396 0.287963 1.000000
0 662 0.630469 0.503704 0.088021 0.298148 1.000000
0 663 0.627604 0.501852 0.088542 0.300000 1.000000
0 664 0.624740 0.498611 0.091146 0.289815 1.000000
0 665 0.622656 0.500463 0.092188 0.284259 1.000000
0 666 0.613802 0.503704 0.101562 0.272222 1.000000
0 667 0.608854 0.511111 0.104167 0.283333 1.000000
0 668 0.604427 0.511574 0.101562 0.284259 1.000000
0 669 0.602083 0.511111 0.098958 0.285185 1.000000
0 670 0.597917 0.505556 0.091667 0.290741 1.000000
0 671 0.594271 0.505093 0.086458 0.293519 1.000000
0 672 0.592187 0.495370 0.096875 0.311111 1.000000
0 673 0.588021 0.489815 0.113542 0.318519 1.000000
0 674 0.583073 0.477315 0.127604 0.319444 1.000000
0 675 0.581771 0.477315 0.129167 0.321296 1.000000
0 676 0.581771 0.478241 0.119792 0.325000 1.000000
0 677 0.579688 0.477778 0.115625 0.327778 1.000000
0 678 0.575521 0.475926 0.115625 0.325926 1.000000
0 679 0.574740 0.475926 0.115104 0.325926 1.000000
0 680 0.576562 0.474074 0.112500 0.329630 1.000000
0 681 0.577604 0.471296 0.112500 0.331481 1.000000
0 682 0.583854 0.468056 0.114583 0.336111 1.000000
0 683 0.585156 0.465278 0.115104 0.334259 1.000000
0 684 0.589063 0.468056 0.118750 0.341667 1.000000
0 685 0.589583 0.467593 0.117708 0.340741 1.000000
0 686 0.591667 0.467593 0.109375 0.344444 1.000000
0 687 0.594531 0.466667 0.102604 0.346296 1.000000
0 688 0.591667 0.466667 0.095833 0.344444 1.000000
0 689 0.587240 0.466204 0.084896 0.343519 1.000000
0 690 0.586198 0.463889 0.082812 0.346296 1.000000
0 691 0.585677 0.462500 0.084896 0.347222 1.000000
0 692 0.585156 0.461574 0.103646 0.330556 1.000000
0 693 0.584896 0.465741 0.113542 0.331481 1.000000
0 694 0.584635 0.471296 0.121354 0.327778 1.000000
0 695 0.585156 0.473148 0.121354 0.325926 1.000000
0 696 0.585938 0.471296 0.120833 0.325926 1.000000
0 697 0.585417 0.469907 0.121875 0.326852 1.000000
0 698 0.584896 0.461574 0.120833 0.341667 1.000000
0 699 0.585417 0.459722 0.119792 0.341667 1.000000
0 700 0.585417 0.458796 0.120833 0.343519 1.000000
0 701 0.585156 0.457870 0.121354 0.343519 1.000000
0 702 0.585156 0.458333 0.121354 0.342593 1.000000
0 703 0.587500 0.450463 0.125000 0.360185 1.000000
0 704 0.590365 0.447222 0.130729 0.370370 1.000000
0 705 0.589323 0.450000 0.127604 0.364815 1.000000
0 706 0.587760 0.470370 0.125521 0.327778 1.000000
0 707 0.587500 0.468519 0.126042 0.333333 1.000000
0 708 0.591406 0.480093 0.133854 0.319444 1.000000
0 709 0.590104 0.482407 0.133333 0.316667 1.000000
0 710 0.593229 0.484259 0.138542 0.318519 1.000000
0 711 0.593490 0.481481 0.134896 0.324074 1.000000
0 712 0.614062 0.472685 0.138542 0.330556 1.000000
0 713 0.627604 0.468056 0.139583 0.336111 1.000000
0 714 0.644010 0.465278 0.115104 0.347222 1.000000
0 715 0.643229 0.464815 0.112500 0.350000 1.000000
0 716 0.644010 0.457407 0.104688 0.337037 1.000000
0 717 0.645833 0.458796 0.106250 0.337963 1.000000
0 718 0.654427 0.463426 0.109896 0.334259 1.000000
0 719 0.659896 0.464352 0.112500 0.336111 1.000000
0 720 0.674219 0.463426 0.119271 0.336111 1.000000
0 721 0.678385 0.463889 0.123438 0.327778 1.000000
0 722 0.691146 0.466667 0.120833 0.322222 1.000000
0 723 0.693750 0.470833 0.113542 0.321296 1.000000
0 724 0.697917 0.481944 0.103125 0.306481 1.000000
0 725 0.697396 0.483333 0.104167 0.303704 1.000000
0 726 0.702344 0.479167 0.106771 0.312037 1.000000
0 727 0.707812 0.478704 0.119792 0.312963 1.000000
0 728 0.717969 0.473148 0.130729 0.307407 1.000000
0 729 0.717708 0.478241 0.131250 0.315741 1.000000
0 730 0.717708 0.481019 0.133333 0.315741 1.000000
0 731 0.717969 0.484259 0.133854 0.312963 1.000000
0 732 0.717187 0.481481 0.132292 0.316667 1.000000
0 733 0.720052 0.481944 0.136979 0.315741 1.000000
0 734 0.723437 0.483333 0.140625 0.314815 1.000000
0 735 0.723437 0.486574 0.142708 0.312037 1.000000
0 736 0.721354 0.490278 0.140625 0.312037 1.000000
0 737 0.720313 0.492130 0.142708 0.310185 1.000000
0 738 0.720833 0.489352 0.140625 0.313889 1.000000
0 739 0.719010 0.491204 0.142187 0.312037 1.000000
0 740 0.716927 0.490278 0.145313 0.313889 1.000000
0 741 0.715885 0.491204 0.143229 0.313889 1.000000
0 742 0.714323 0.494907 0.145313 0.317593 1.000000
0 743 0.714583 0.494444 0.144792 0.318519 1.000000
0 744 0.712500 0.495370 0.147917 0.320370 1.000000
0 745 0.711979 0.495370 0.147917 0.320370 1.000000
0 746 0.711458 0.496296 0.147917 0.320370 1.000000
0 747 0.711458 0.496296 0.145833 0.320370 1.000000
0 748 0.710677 0.496759 0.145313 0.319444 1.000000
0 749 0.710417 0.496296 0.146875 0.318519 1.000000
0 750 0.708594 0.497685 0.146354 0.317593 1.000000
0 751 0.708854 0.497685 0.145833 0.315741 1.000000
0 752 0.708073 0.496759 0.145313 0.317593 1.000000
0 753 0.706771 0.495370 0.145833 0.316667 1.000000
0 754 0.706510 0.493981 0.146354 0.317593 1.000000
0 755 0.705990 0.492130 0.146354 0.317593 1.000000
0 756 0.705208 0.493056 0.145833 0.315741 1.000000
0 757 0.704688 0.494907 0.146875 0.312037 1.000000
0 758 0.703906 0.493056 0.147396 0.312037 1.000000
0 759 0.705469 0.493519 0.145313 0.311111 1.000000
0 760 0.704427 0.492130 0.144271 0.313889 1.000000
0 761 0.705208 0.490278 0.144792 0.313889 1.000000
0 762 0.705208 0.489815 0.143750 0.314815 1.000000
0 763 0.706250 0.488889 0.141667 0.312963 1.000000
0 764 0.706510 0.490741 0.140104 0.311111 1.000000
0 765 0.706510 0.489352 0.140104 0.312037 1.000000
0 766 0.706771 0.490741 0.140625 0.309259 1.000000
0 767 0.705990 0.491204 0.140104 0.308333 1.000000
0 768 0.707031 0.491204 0.140104 0.308333 1.000000
0 769 0.706771 0.492593 0.140625 0.311111 1.000000
0 770 0.707552 0.488889 0.140104 0.318519 1.000000
0 771 0.707031 0.488426 0.141146 0.317593 1.000000
0 772 0.707812 0.492593 0.140625 0.311111 1.000000
0 773 0.707812 0.495833 0.140625 0.306481 1.000000
0 774 0.707812 0.499074 0.140625 0.300000 1.000000
0 775 0.708594 0.501852 0.141146 0.298148 1.000000
0 776 0.708594 0.500463 0.141146 0.300926 1.000000
0 777 0.709375 0.499074 0.140625 0.309259 1.000000
0 778 0.709115 0.496759 0.141146 0.310185 1.000000
0 779 0.709635 0.496296 0.140104 0.309259 1.000000
0 780 0.709635 0.494907 0.140104 0.315741 1.000000
0 781 0.709375 0.495833 0.140625 0.315741 1.000000
0 782 0.709635 0.495833 0.140104 0.315741 1.000000
0 783 0.709896 0.497685 0.139583 0.315741 1.000000
0 784 0.709635 0.499074 0.140104 0.312963 1.000000
0 785 0.710156 0.500926 0.140104 0.311111 1.000000
0 786 0.710677 0.503704 0.140104 0.311111 1.000000
0 787 0.710938 0.505556 0.140625 0.309259 1.000000
0 788 0.711198 0.509259 0.140104 0.303704 1.000000
0 789 0.710677 0.514815 0.140104 0.292593 1.000000
0 790 0.711198 0.522222 0.140104 0.281481 1.000000
0 791 0.710677 0.524074 0.140104 0.275926 1.000000
0 792 0.711458 0.525000 0.140625 0.274074 1.000000
0 793 0.711719 0.525926 0.140104 0.275926 1.000000
0 794 0.711198 0.526389 0.140104 0.275000 1.000000
0 795 0.711458 0.527315 0.140625 0.275000 1.000000
0 796 0.710417 0.527778 0.140625 0.274074 1.000000
0 797 0.710938 0.527315 0.140625 0.275000 1.000000
0 798 0.710417 0.526852 0.140625 0.275926 1.000000
0 799 0.710156 0.524537 0.141146 0.278704 1.000000
0 800 0.709115 0.523148 0.143229 0.281481 1.000000
0 801 0.707552 0.522222 0.145313 0.281481 1.000000
0 802 0.706510 0.521759 0.147396 0.282407 1.000000
0 803 0.703646 0.520833 0.152083 0.282407 1.000000
0 804 0.700260 0.520370 0.157812 0.283333 1.000000
0 805 0.699479 0.519907 0.159375 0.284259 1.000000
0 806 0.700260 0.518981 0.158854 0.284259 1.000000
0 807 0.702344 0.516667 0.154688 0.287037 1.000000
0 808 0.709635 0.516204 0.143229 0.287963 1.000000
0 809 0.710938 0.512963 0.145833 0.285185 1.000000
0 810 0.711719 0.511111 0.148438 0.288889 1.000000
0 811 0.711979 0.509259 0.151042 0.298148 1.000000
0 812 0.713281 0.503704 0.148438 0.311111 1.000000
0 813 0.715365 0.504630 0.144271 0.311111 1.000000
0 814 0.730469 0.494907 0.124479 0.330556 1.000000
0 815 0.740365 0.494444 0.118229 0.329630 1.000000
0 816 0.764323 0.496296 0.115104 0.320370 1.000000
0 817 0.779167 0.498148 0.119792 0.320370 1.000000
0 818 0.789062 0.506019 0.139583 0.315741 1.000000
0 819 0.789583 0.506944 0.140625 0.312037 1.000000
0 820 0.789844 0.507407 0.141146 0.314815 1.000000
0 821 0.790885 0.508333 0.139063 0.312963 1.000000
0 822 0.806510 0.502778 0.133854 0.325926 1.000000
0 823 0.818229 0.499074 0.130208 0.333333 1.000000
0 824 0.848177 0.498148 0.127604 0.324074 1.000000
0 825 0.860156 0.509259 0.128646 0.316667 1.000000
0 826 0.867708 0.525926 0.131250 0.303704 1.000000
0 827 0.868490 0.536574 0.129688 0.282407 1.000000
0 828 0.872396 0.568056 0.122917 0.223148 1.000000
0 829 0.871615 0.572222 0.122396 0.214815 1.000000
0 830 0.871094 0.574537 0.123438 0.212037 1.000000
0 831 0.870573 0.575000 0.122396 0.214815 1.000000
0 832 0.869792 0.568056 0.121875 0.228704 1.000000
0 833 0.869271 0.562963 0.122917 0.240741 1.000000
0 834 0.868750 0.549537 0.122917 0.267593 1.000000
0 835 0.867708 0.541667 0.122917 0.283333 1.000000
0 836 0.864062 0.512963 0.120833 0.324074 1.000000
0 837 0.861719 0.515741 0.119271 0.311111 1.000000
0 838 0.857292 0.509259 0.116667 0.320370 1.000000
0 839 0.854427 0.512963 0.115104 0.325926 1.000000
0 840 0.853125 0.512500 0.123958 0.328704 1.000000
0 841 0.850000 0.514352 0.123958 0.325000 1.000000
0 842 0.842448 0.508796 0.130729 0.334259 1.000000
0 843 0.837760 0.512500 0.127604 0.323148 1.000000
0 844 0.834635 0.507870 0.103646 0.326852 1.000000
0 845 0.837760 0.503241 0.091146 0.334259 1.000000
0 846 0.833073 0.489352 0.094271 0.363889 1.000000
0 847 0.831510 0.481481 0.092188 0.377778 1.000000
0 848 0.825521 0.457870 0.077083 0.423148 1.000000
0 849 0.823698 0.452315 0.074479 0.430556 1.000000
0 850 0.820573 0.450926 0.077604 0.431481 1.000000
0 851 0.819010 0.453704 0.078646 0.425926 1.000000
0 852 0.816927 0.473611 0.079687 0.384259 1.000000
0 853 0.815365 0.491667 0.081771 0.346296 1.000000
0 854 0.811458 0.496296 0.083333 0.340741 1.000000
0 855 0.809115 0.496296 0.083854 0.338889 1.000000
0 856 0.803125 0.495833 0.081250 0.339815 1.000000
0 857 0.800521 0.495833 0.080208 0.341667 1.000000
0 858 0.794792 0.493981 0.078125 0.343519 1.000000
0 859 0.790885 0.493981 0.081771 0.345370 1.000000
0 860 0.781510 0.495370 0.098437 0.344444 1.000000
0 861 0.777604 0.495833 0.106250 0.343519 1.000000
0 862 0.774479 0.501389 0.109375 0.336111 1.000000
0 863 0.772917 0.498611 0.107292 0.341667 1.000000
0 864 0.771615 0.496296 0.106771 0.344444 1.000000
0 865 0.771094 0.495833 0.107813 0.341667 1.000000
0 866 0.772135 0.497685 0.106771 0.339815 1.000000
0 867 0.773698 0.499537 0.107813 0.337963 1.000000
0 868 0.779687 0.500926 0.105208 0.338889 1.000000
0 869 0.784115 0.500926 0.098437 0.338889 1.000000
0 870 0.790365 0.503241 0.090104 0.337963 1.000000
0 871 0.788802 0.502315 0.090104 0.337963 1.000000
0 872 0.782292 0.504167 0.090625 0.336111 1.000000
0 873 0.776563 0.504167 0.095833 0.336111 1.000000
0 874 0.769010 0.508796 0.101562 0.326852 1.000000
0 875 0.769531 0.511574 0.102604 0.321296 1.000000
0 876 0.768229 0.512500 0.103125 0.319444 1.000000
0 877 0.767708 0.509259 0.103125 0.324074 1.000000
0 878 0.765104 0.496296 0.103125 0.344444 1.000000
0 879 0.765625 0.494444 0.103125 0.348148 1.000000
0 880 0.772917 0.490278 0.090625 0.349074 1.000000
0 881 0.772135 0.488889 0.092188 0.350000 1.000000
0 882 0.769271 0.485648 0.093750 0.349074 1.000000
0 883 0.767188 0.482407 0.091667 0.350000 1.000000
0 884 0.760677 0.478241 0.088021 0.349074 1.000000
0 885 0.755990 0.475463 0.089063 0.352778 1.000000
0 886 0.746354 0.474537 0.101042 0.347222 1.000000
0 887 0.742448 0.474537 0.101562 0.343519 1.000000
0 888 0.736458 0.476852 0.102083 0.331481 1.000000
0 889 0.734115 0.474537 0.101562 0.332407 1.000000
0 890 0.728385 0.472222 0.099479 0.331481 1.000000
0 891 0.725521 0.467593 0.098958 0.331481 1.000000
0 892 0.726823 0.465741 0.107813 0.327778 1.000000
0 893 0.725781 0.462037 0.108854 0.338889 1.000000
0 894 0.721615 0.448148 0.109896 0.361111 1.000000
0 895 0.719010 0.452778 0.107813 0.353704 1.000000
0 896 0.713021 0.465278 0.103125 0.323148 1.000000
0 897 0.711458 0.462963 0.102083 0.325926 1.000000
0 898 0.711719 0.456944 0.104688 0.332407 1.000000
0 899 0.711979 0.451852 0.105208 0.338889 1.000000
0 900 0.713802 0.447685 0.101562 0.343519 1.000000
0 901 0.715365 0.445370 0.102604 0.346296 1.000000
0 902 0.721094 0.443056 0.104688 0.349074 1.000000
0 903 0.723437 0.443519 0.107292 0.346296 1.000000
0 904 0.725521 0.441204 0.109375 0.347222 1.000000
0 905 0.722135 0.442130 0.124479 0.343519 1.000000
0 906 0.723177 0.445370 0.125521 0.340741 1.000000
0 907 0.722396 0.446759 0.126042 0.336111 1.000000
0 908 0.719271 0.446759 0.118750 0.336111 1.000000
0 909 0.713802 0.443519 0.100521 0.342593 1.000000
0 910 0.713542 0.441667 0.106250 0.348148 1.000000
0 911 0.700781 0.423148 0.132812 0.383333 1.000000
0 912 0.708594 0.422685 0.148438 0.382407 1.000000
0 913 0.714063 0.426389 0.136458 0.376852 1.000000
0 914 0.710677 0.437963 0.113021 0.355556 1.000000
0 915 0.716146 0.443981 0.102083 0.345370 1.000000
0 916 0.714583 0.444907 0.097917 0.341667 1.000000
0 917 0.707031 0.445833 0.081771 0.343519 1.000000
0 918 0.701823 0.447685 0.077604 0.341667 1.000000
0 919 0.688281 0.450000 0.102604 0.338889 1.000000
0 920 0.683594 0.451389 0.107813 0.336111 1.000000
0 921 0.680208 0.450463 0.102083 0.337963 1.000000
0 922 0.682031 0.450000 0.095312 0.340741 1.000000
0 923 0.692969 0.449074 0.074479 0.340741 1.000000
0 924 0.698698 0.450926 0.074479 0.344444 1.000000
0 925 0.698438 0.454630 0.072917 0.335185 1.000000
0 926 0.696354 0.452315 0.071875 0.337963 1.000000
0 927 0.692708 0.447685 0.069792 0.345370 1.000000
0 928 0.683854 0.448148 0.076042 0.344444 1.000000
0 929 0.666927 0.450463 0.096354 0.336111 1.000000
0 930 0.660156 0.450926 0.109896 0.333333 1.000000
0 931 0.654948 0.455556 0.119271 0.322222 1.000000
0 932 0.653646 0.457407 0.120833 0.318519 1.000000
0 933 0.650260 0.454167 0.119271 0.321296 1.000000
0 934 0.650000 0.450000 0.116667 0.327778 1.000000
0 935 0.651042 0.438889 0.103125 0.348148 1.000000
0 936 0.658594 0.437500 0.083854 0.349074 1.000000
0 937 0.660937 0.435185 0.080208 0.351852 1.000000
0 938 0.660417 0.436111 0.080208 0.350000 1.000000
0 939 0.661719 0.434722 0.084896 0.350926 1.000000
0 940 0.662240 0.434722 0.084896 0.349074 1.000000
0 941 0.661979 0.435648 0.082292 0.349074 1.000000
0 942 0.663021 0.435185 0.079167 0.351852 1.000000
0 943 0.668229 0.436111 0.069792 0.350000 1.000000
0 944 0.669531 0.437500 0.073438 0.350926 1.000000
0 945 0.669792 0.437037 0.060417 0.351852 1.000000
0 946 0.671094 0.439352 0.059896 0.350926 1.000000
0 947 0.665885 0.440741 0.066146 0.346296 1.000000
0 948 0.668490 0.439352 0.065104 0.345370 1.000000
0 949 0.671094 0.438889 0.064062 0.342593 1.000000
0 950 0.670573 0.439815 0.069271 0.333333 1.000000
0 951 0.669792 0.444444 0.076042 0.316667 1.000000
0 952 0.668750 0.450926 0.080208 0.305556 1.000000
0 953 0.669531 0.460648 0.080729 0.291667 1.000000
0 954 0.671615 0.466204 0.078646 0.282407 1.000000
0 955 0.671354 0.491204 0.080208 0.236111 1.000000
0 956 0.670833 0.502315 0.080208 0.215741 1.000000
0 957 0.671094 0.518056 0.079687 0.193519 1.000000
0 958 0.672135 0.518519 0.079687 0.192593 1.000000
0 959 0.674219 0.515741 0.080729 0.198148 1.000000
0 960 0.674740 0.511574 0.080729 0.206481 1.000000
0 961 0.676562 0.507407 0.080208 0.216667 1.000000
0 962 0.677604 0.505556 0.080208 0.222222 1.000000
0 963 0.679427 0.500926 0.077604 0.231481 1.000000
0 964 0.679427 0.500000 0.077604 0.235185 1.000000
0 965 0.677865 0.493519 0.079687 0.244444 1.000000
0 966 0.677604 0.493056 0.078125 0.249074 1.000000
0 967 0.676562 0.487037 0.076042 0.259259 1.000000
0 968 0.675260 0.486111 0.075521 0.262963 1.000000
0 969 0.674219 0.481019 0.073438 0.271296 1.000000
0 970 0.672656 0.479630 0.072396 0.274074 1.000000
0 971 0.669792 0.474537 0.071875 0.280556 1.000000
0 972 0.665365 0.471296 0.075521 0.285185 1.000000
0 973 0.660417 0.467130 0.080208 0.291667 1.000000
0 974 0.657031 0.466204 0.082812 0.291667 1.000000
0 975 0.650781 0.459259 0.092188 0.301852 1.000000
0 976 0.647396 0.456481 0.094792 0.305556 1.000000
0 977 0.648177 0.450000 0.086979 0.318519 1.000000
0 978 0.649219 0.447222 0.081771 0.320370 1.000000
0 979 0.651823 0.436574 0.065104 0.337963 1.000000
0 980 0.650260 0.425926 0.066146 0.357407 1.000000
0 981 0.648177 0.419444 0.066146 0.368519 1.000000
0 982 0.646354 0.427315 0.065625 0.352778 1.000000
0 983 0.642188 0.425000 0.071875 0.351852 1.000000
0 984 0.640625 0.425000 0.072917 0.351852 1.000000
0 985 0.639062 0.425000 0.070833 0.350000 1.000000
0 986 0.637500 0.425926 0.068750 0.346296 1.000000
0 987 0.638542 0.429630 0.072917 0.333333 1.000000
0 988 0.641146 0.432407 0.079167 0.324074 1.000000
0 989 0.649479 0.426852 0.101042 0.314815 1.000000
0 990 0.654427 0.432870 0.110937 0.304630 1.000000
0 991 0.656510 0.439352 0.119271 0.302778 1.000000
0 992 0.657813 0.441204 0.117708 0.295370 1.000000
0 993 0.657552 0.443056 0.118229 0.291667 1.000000
0 994 0.657552 0.446296 0.118229 0.285185 1.000000
0 995 0.664583 0.443056 0.130208 0.293519 1.000000
0 996 0.666406 0.441204 0.133854 0.295370 1.000000
0 997 0.666667 0.440278 0.134375 0.295370 1.000000
0 998 0.666667 0.440741 0.132292 0.294444 1.000000
0 999 0.661198 0.439352 0.121354 0.291667 1.000000
0 1000 0.661198 0.440741 0.121354 0.290741 1.000000
0 1001 0.663021 0.437963 0.119792 0.298148 1.000000
0 1002 0.663281 0.435648 0.119271 0.302778 1.000000
0 1003 0.664844 0.431481 0.118229 0.311111 1.000000
0 1004 0.666927 0.430093 0.115104 0.315741 1.000000
0 1005 0.672396 0.430093 0.112500 0.319444 1.000000
0 1006 0.674740 0.430093 0.118229 0.313889 1.000000
0 1007 0.679688 0.424074 0.126042 0.312963 1.000000
0 1008 0.681250 0.427778 0.128125 0.320370 1.000000
0 1009 0.682552 0.427315 0.130729 0.319444 1.000000
0 1010 0.682813 0.429167 0.131250 0.313889 1.000000
0 1011 0.683073 0.429630 0.131771 0.316667 1.000000
0 1012 0.683333 0.430093 0.131250 0.315741 1.000000
0 1013 0.684115 0.431481 0.131771 0.316667 1.000000
0 1014 0.685677 0.431944 0.132812 0.312037 1.000000
0 1015 0.688802 0.438426 0.133854 0.300926 1.000000
0 1016 0.690104 0.440741 0.133333 0.296296 1.000000
0 1017 0.694010 0.443519 0.133854 0.288889 1.000000
0 1018 0.695052 0.439815 0.133854 0.292593 1.000000
0 1019 0.698438 0.437037 0.135417 0.296296 1.000000
0 1020 0.700521 0.434722 0.135417 0.300926 1.000000
0 1021 0.701302 0.433796 0.132812 0.295370 1.000000
0 1022 0.701042 0.427778 0.129167 0.301852 1.000000
0 1023 0.701042 0.424074 0.116667 0.301852 1.000000
0 1024 0.700000 0.422222 0.105208 0.301852 1.000000
0 1025 0.695833 0.416667 0.095833 0.294444 1.000000
0 1026 0.706771 0.418981 0.116667 0.273148 1.000000
0 1027 0.714583 0.425926 0.160417 0.259259 1.000000
0 1028 0.718490 0.428704 0.174479 0.244444 1.000000
0 1029 0.721875 0.446296 0.191667 0.238889 1.000000
0 1030 0.720573 0.452315 0.198437 0.223148 1.000000
0 1031 0.722396 0.471296 0.205208 0.181481 1.000000
0 1032 0.722396 0.477315 0.208333 0.173148 1.000000
0 1033 0.719531 0.480556 0.208854 0.161111 1.000000
0 1034 0.718229 0.481944 0.208333 0.162037 1.000000
0 1035 0.718490 0.478241 0.209896 0.169444 1.000000
0 1036 0.718490 0.477315 0.209896 0.171296 1.000000
0 1037 0.720313 0.472685 0.208333 0.180556 1.000000
0 1038 0.721875 0.466667 0.207292 0.188889 1.000000
0 1039 0.722656 0.465278 0.206771 0.195370 1.000000
0 1040 0.724479 0.467593 0.206250 0.187037 1.000000
0 1041 0.726823 0.467130 0.206771 0.187963 1.000000
0 1042 0.729167 0.467130 0.207292 0.187963 1.000000
0 1043 0.732031 0.475000 0.207813 0.177778 1.000000
0 1044 0.732292 0.474537 0.207292 0.178704 1.000000
0 1045 0.732031 0.475000 0.205729 0.185185 1.000000
0 1046 0.732031 0.475463 0.205729 0.184259 1.000000
0 1047 0.732292 0.478704 0.208333 0.183333 1.000000
0 1048 0.731771 0.479167 0.209375 0.184259 1.000000
0 1049 0.729427 0.480556 0.207813 0.185185 1.000000
0 1050 0.728906 0.481019 0.206771 0.186111 1.000000
0 1051 0.730469 0.487037 0.203646 0.187037 1.000000
0 1052 0.732031 0.489352 0.202604 0.184259 1.000000
0 1053 0.734115 0.494907 0.200521 0.182407 1.000000
0 1054 0.733854 0.498611 0.198958 0.180556 1.000000
0 1055 0.733854 0.507407 0.198958 0.170370 1.000000
0 1056 0.732552 0.507407 0.198437 0.174074 1.000000
0 1057 0.731510 0.507407 0.199479 0.175926 1.000000
0 1058 0.729948 0.508333 0.200521 0.177778 1.000000
0 1059 0.728646 0.504630 0.191667 0.183333 1.000000
0 1060 0.727865 0.509722 0.175521 0.175000 1.000000
0 1061 0.725000 0.505556 0.128125 0.170370 1.000000
0 1062 0.718490 0.507870 0.107813 0.178704 1.000000
0 1063 0.706250 0.512037 0.084375 0.177778 1.000000
0 1064 0.705469 0.510648 0.083854 0.182407 1.000000
0 1065 0.703385 0.513426 0.082812 0.182407 1.000000
0 1066 0.702083 0.514815 0.082292 0.183333 1.000000
0 1067 0.700521 0.512963 0.083333 0.188889 1.000000
0 1068 0.700260 0.511111 0.084896 0.196296 1.000000
0 1069 0.699479 0.503704 0.082292 0.212963 1.000000
0 1070 0.700000 0.498611 0.081250 0.225000 1.000000
0 1071 0.699479 0.489815 0.077083 0.246296 1.000000
0 1072 0.694792 0.482870 0.083333 0.258333 1.000000
0 1073 0.692187 0.473611 0.077083 0.278704 1.000000
0 1074 0.693490 0.462500 0.071354 0.300926 1.000000
0 1075 0.689583 0.451852 0.071875 0.324074 1.000000
0 1076 0.684115 0.445833 0.077604 0.336111 1.000000
0 1077 0.671094 0.434722 0.081771 0.352778 1.000000
0 1078 0.669010 0.430556 0.081771 0.357407 1.000000
0 1079 0.669531 0.417593 0.076563 0.348148 1.000000
0 1080 0.670573 0.416204 0.076563 0.349074 1.000000
0 1081 0.666406 0.422685 0.084896 0.349074 1.000000
0 1082 0.666927 0.425463 0.088021 0.345370 1.000000
0 1083 0.669010 0.428704 0.091146 0.338889 1.000000
0 1084 0.667188 0.427778 0.090625 0.342593 1.000000
0 1085 0.661458 0.422222 0.082292 0.351852 1.000000
0 1086 0.660417 0.419907 0.079167 0.352778 1.000000
0 1087 0.657031 0.418519 0.074479 0.346296 1.000000
0 1088 0.652083 0.417593 0.086458 0.342593 1.000000
0 1089 0.651563 0.414815 0.078125 0.320370 1.000000
0 1090 0.650521 0.413889 0.076042 0.320370 1.000000
0 1091 0.637760 0.416204 0.090104 0.330556 1.000000
0 1092 0.634115 0.413889 0.096354 0.322222 1.000000
0 1093 0.629167 0.418056 0.109375 0.312037 1.000000
0 1094 0.626563 0.420370 0.117708 0.305556 1.000000
0 1095 0.620313 0.431019 0.123958 0.287963 1.000000
0 1096 0.617708 0.431481 0.137500 0.288889 1.000000
0 1097 0.610938 0.426389 0.143750 0.295370 1.000000
0 1098 0.607292 0.421759 0.142708 0.300926 1.000000
0 1099 0.602083 0.413426 0.126042 0.313889 1.000000
0 1100 0.597656 0.407870 0.110937 0.323148 1.000000
0 1101 0.584375 0.388426 0.078125 0.319444 1.000000
0 1102 0.585156 0.379630 0.069271 0.311111 1.000000
0 1103 0.578125 0.379167 0.080208 0.313889 1.000000
0 1104 0.577604 0.377315 0.082292 0.310185 1.000000
0 1105 0.580208 0.379630 0.076042 0.300000 1.000000
0 1106 0.583594 0.378704 0.071354 0.300000 1.000000
0 1107 0.583854 0.380093 0.071875 0.299074 1.000000
0 1108 0.576562 0.381019 0.071875 0.297222 1.000000
0 1109 0.570052 0.379167 0.072396 0.302778 1.000000
0 1110 0.565104 0.377778 0.076042 0.307407 1.000000
0 1111 0.550521 0.375926 0.078125 0.307407 1.000000
0 1112 0.535677 0.361574 0.096354 0.332407 1.000000
0 1113 0.528385 0.355556 0.130729 0.342593 1.000000
0 1114 0.535677 0.362037 0.106771 0.325926 1.000000
0 1115 0.538802 0.368056 0.085938 0.312037 1.000000
0 1116 0.537240 0.372685 0.076563 0.302778 1.000000
0 1117 0.535156 0.378241 0.073438 0.289815 1.000000
0 1118 0.535417 0.368981 0.063542 0.308333 1.000000
0 1119 0.526042 0.349537 0.075000 0.345370 1.000000
0 1120 0.525781 0.350000 0.075521 0.342593 1.000000
0 1121 0.528385 0.368519 0.070312 0.305556 1.000000
0 1122 0.525781 0.367593 0.075521 0.307407 1.000000
0 1123 0.520312 0.367130 0.086458 0.306481 1.000000
0 1124 0.518490 0.368981 0.090104 0.302778 1.000000
0 1125 0.518490 0.368519 0.090104 0.301852 1.000000
0 1126 0.520052 0.399537 0.053646 0.312037 1.000000
0 1127 0.510156 0.387963 0.079687 0.335185 1.000000
0 1128 0.506510 0.387500 0.090104 0.337963 1.000000
0 1129 0.534896 0.388889 0.088542 0.338889 1.000000
0 1130 0.534115 0.389352 0.084896 0.336111 1.000000
0 1131 0.528125 0.389352 0.076042 0.343519 1.000000
0 1132 0.516667 0.388426 0.069792 0.343519 1.000000
0 1133 0.511458 0.393519 0.070833 0.335185 1.000000
0 1134 0.502083 0.394444 0.087500 0.333333 1.000000
0 1135 0.500521 0.382870 0.092708 0.356481 1.000000
0 1136 0.500521 0.370370 0.095833 0.381481 1.000000
0 1137 0.489063 0.383796 0.122917 0.358333 1.000000
0 1138 0.487240 0.386574 0.126562 0.356481 1.000000
0 1139 0.483073 0.388426 0.133854 0.352778 1.000000
0 1140 0.484115 0.389352 0.135937 0.352778 1.000000
0 1141 0.476823 0.393056 0.123438 0.341667 1.000000
0 1142 0.465104 0.400926 0.098958 0.327778 1.000000
0 1143 0.445573 0.401389 0.092188 0.325000 1.000000
0 1144 0.439063 0.402778 0.087500 0.322222 1.000000
0 1145 0.432552 0.400463 0.094271 0.326852 1.000000
0 1146 0.436198 0.394907 0.132812 0.336111 1.000000
0 1147 0.419010 0.368981 0.176563 0.387963 1.000000
0 1148 0.407813 0.368519 0.178125 0.387037 1.000000
0 1149 0.395573 0.375000 0.161979 0.374074 1.000000
0 1150 0.391927 0.380556 0.155729 0.361111 1.000000
0 1151 0.381510 0.383796 0.140104 0.356481 1.000000
0 1152 0.368750 0.380556 0.146875 0.366667 1.000000
0 1153 0.363802 0.378704 0.134896 0.374074 1.000000
0 1154 0.364583 0.381944 0.134375 0.369444 1.000000
0 1155 0.371354 0.399074 0.121875 0.333333 1.000000
0 1156 0.371354 0.403704 0.121875 0.322222 1.000000
0 1157 0.374479 0.401852 0.121875 0.324074 1.000000
0 1158 0.375260 0.390278 0.122396 0.347222 1.000000
0 1159 0.376563 0.386574 0.122917 0.350926 1.000000
0 1160 0.377083 0.388426 0.121875 0.347222 1.000000
0 1161 0.378385 0.385648 0.122396 0.356481 1.000000
0 1162 0.382812 0.387500 0.128125 0.349074 1.000000
0 1163 0.390104 0.400926 0.140625 0.324074 1.000000
0 1164 0.381771 0.401852 0.122917 0.325926 1.000000
0 1165 0.383073 0.400926 0.122396 0.324074 1.000000
0 1166 0.379427 0.402315 0.130729 0.323148 1.000000
0 1167 0.376563 0.405556 0.140625 0.316667 1.000000
0 1168 0.382031 0.405556 0.130729 0.318519 1.000000
0 1169 0.387500 0.399537 0.121875 0.330556 1.000000
0 1170 0.387760 0.395370 0.120313 0.338889 1.000000
0 1171 0.386719 0.385185 0.097396 0.342593 1.000000
0 1172 0.385156 0.371296 0.090104 0.372222 1.000000
0 1173 0.386719 0.363426 0.080729 0.387963 1.000000
0 1174 0.388021 0.369444 0.080208 0.375926 1.000000
0 1175 0.389062 0.387037 0.083333 0.340741 1.000000
0 1176 0.389583 0.386111 0.085417 0.346296 1.000000
0 1177 0.389323 0.380093 0.092188 0.358333 1.000000
0 1178 0.388542 0.371759 0.094792 0.376852 1.000000
0 1179 0.385156 0.356944 0.103646 0.406481 1.000000
0 1180 0.379427 0.360185 0.134896 0.401852 1.000000
0 1181 0.375781 0.363889 0.139063 0.383333 1.000000
0 1182 0.379167 0.369907 0.145833 0.386111 1.000000
0 1183 0.380469 0.376852 0.145313 0.375926 1.000000
0 1184 0.382812 0.375463 0.146875 0.371296 1.000000
0 1185 0.390625 0.382870 0.148958 0.356481 1.000000
0 1186 0.397917 0.383796 0.155208 0.354630 1.000000
0 1187 0.405990 0.381019 0.150521 0.360185 1.000000
0 1188 0.405469 0.394444 0.147396 0.335185 1.000000
0 1189 0.395573 0.407870 0.126562 0.306481 1.000000
0 1190 0.395313 0.408333 0.125000 0.307407 1.000000
0 1191 0.395313 0.397685 0.123958 0.330556 1.000000
0 1192 0.394531 0.396296 0.123438 0.335185 1.000000
0 1193 0.396094 0.404167 0.122396 0.317593 1.000000
0 1194 0.396615 0.412500 0.124479 0.299074 1.000000
0 1195 0.397396 0.411111 0.123958 0.307407 1.000000
0 1196 0.397917 0.403241 0.125000 0.325000 1.000000
0 1197 0.398438 0.380556 0.123958 0.368519 1.000000
0 1198 0.395313 0.384259 0.132292 0.359259 1.000000
0 1199 0.392969 0.384722 0.130729 0.354630 1.000000
0 1200 0.394531 0.384722 0.129688 0.356481 1.000000
0 1201 0.396354 0.377315 0.127083 0.369444 1.000000
0 1202 0.396354 0.379167 0.128125 0.369444 1.000000
0 1203 0.403125 0.381019 0.131250 0.362037 1.000000
