0 1 0.646615 0.315278 0.113021 0.486111 0.000000 0.000000 1.000000
0 2 0.645573 0.317130 0.123438 0.486111 -0.001042 0.001852 1.000000
0 3 0.644271 0.318056 0.138542 0.482407 -0.001302 0.000926 1.000000
0 4 0.645052 0.317130 0.153646 0.482407 0.000781 -0.000926 1.000000
0 5 0.641927 0.318056 0.151562 0.482407 -0.003125 0.000926 1.000000
0 6 0.646875 0.323611 0.147917 0.482407 0.004948 0.005556 1.000000
0 7 0.648958 0.327315 0.135417 0.484259 0.002083 0.003704 1.000000
0 8 0.644010 0.336111 0.117188 0.481481 -0.004948 0.008796 1.000000
0 9 0.642188 0.348611 0.130208 0.484259 -0.001823 0.012500 1.000000
0 10 0.644531 0.366667 0.127604 0.483333 0.002344 0.018056 1.000000
0 11 0.646875 0.368981 0.129167 0.476852 0.002344 0.002315 1.000000
0 12 0.645833 0.374074 0.123958 0.470370 -0.001042 0.005093 1.000000
0 13 0.644531 0.376852 0.110937 0.464815 -0.001302 0.002778 1.000000
0 14 0.647917 0.383796 0.089583 0.452778 0.003385 0.006944 1.000000
0 15 0.649479 0.384722 0.089583 0.452778 0.001563 0.000926 1.000000
0 16 0.650000 0.378704 0.087500 0.461111 0.000521 -0.006019 1.000000
0 17 0.651823 0.370833 0.096354 0.475000 0.001823 -0.007870 1.000000
0 18 0.651042 0.360185 0.121875 0.496296 -0.000781 -0.010648 1.000000
0 19 0.654948 0.356944 0.123438 0.504630 0.003906 -0.003241 1.000000
0 20 0.664323 0.352315 0.108854 0.517593 0.009375 -0.004630 1.000000
0 21 0.666667 0.352778 0.102083 0.516667 0.002344 0.000463 1.000000
0 22 0.665365 0.353704 0.114062 0.514815 -0.001302 0.000926 1.000000
0 23 0.665885 0.357407 0.134896 0.509259 0.000521 0.003704 1.000000
0 24 0.666667 0.370370 0.150000 0.492593 0.000781 0.012963 1.000000
0 25 0.667708 0.382407 0.139583 0.488889 0.001042 0.012037 1.000000
0 26 0.665625 0.401389 0.147917 0.480556 -0.002083 0.018981 1.000000
0 27 0.664844 0.407870 0.146354 0.478704 -0.000781 0.006481 1.000000
0 28 0.665104 0.417130 0.102083 0.486111 0.000260 0.009259 1.000000
0 29 0.670312 0.422222 0.089583 0.488889 0.005208 0.005093 1.000000
0 30 0.671875 0.423148 0.085417 0.505556 0.001563 0.000926 1.000000
0 31 0.673958 0.419907 0.082292 0.515741 0.002083 -0.003241 1.000000
0 32 0.673698 0.414352 0.134896 0.525000 -0.000260 -0.005556 1.000000
0 33 0.679427 0.414815 0.156771 0.525926 0.005729 0.000463 1.000000
0 34 0.683594 0.421759 0.143229 0.525000 0.004167 0.006944 1.000000
0 35 0.682552 0.429630 0.148438 0.533333 -0.001042 0.007870 1.000000
0 36 0.684375 0.440741 0.142708 0.537037 0.001823 0.011111 1.000000
0 37 0.673958 0.449074 0.146875 0.551852 -0.010417 0.008333 1.000000
0 38 0.693490 0.460648 0.121354 0.562037 0.019531 0.011574 1.000000
0 39 0.701302 0.458333 0.125521 0.581481 0.007812 -0.002315 1.000000
0 40 0.702344 0.468519 0.115104 0.592593 0.001042 0.010185 1.000000
0 41 0.699740 0.467593 0.120313 0.594444 -0.002604 -0.000926 1.000000
0 42 0.692187 0.472222 0.133333 0.588889 -0.007552 0.004630 1.000000
0 43 0.691667 0.475463 0.135417 0.584259 -0.000521 0.003241 1.000000
0 44 0.680469 0.480556 0.157812 0.575926 -0.011198 0.005093 1.000000
0 45 0.676302 0.482870 0.180729 0.580556 -0.004167 0.002315 1.000000
0 46 0.672135 0.494907 0.256771 0.589815 -0.004167 0.012037 1.000000
0 47 0.682552 0.501852 0.282813 0.590741 0.010417 0.006944 1.000000
0 48 0.722135 0.512037 0.285938 0.611111 0.039583 0.010185 1.000000
0 49 0.722135 0.509722 0.286979 0.610185 0.000000 -0.002315 1.000000
0 50 0.726823 0.481944 0.280729 0.612037 0.004687 -0.027778 1.000000
0 51 0.734896 0.470370 0.262500 0.627778 0.008073 -0.011574 1.000000
0 52 0.762240 0.445833 0.188021 0.649074 0.027344 -0.024537 1.000000
0 53 0.746354 0.439352 0.168750 0.654630 -0.015885 -0.006481 1.000000
0 54 0.738281 0.432407 0.183854 0.657407 -0.008073 -0.006944 1.000000
0 55 0.738802 0.431944 0.182812 0.658333 0.000521 -0.000463 1.000000
0 56 0.739583 0.432407 0.177083 0.653704 0.000781 0.000463 1.000000
0 57 0.738802 0.432870 0.169271 0.658333 -0.000781 0.000463 1.000000
0 58 0.725000 0.447222 0.194792 0.629630 -0.013802 0.014352 1.000000
0 59 0.726823 0.457407 0.197396 0.607407 0.001823 0.010185 1.000000
0 60 0.725521 0.469444 0.200000 0.590741 -0.001302 0.012037 1.000000
0 61 0.730469 0.467130 0.186979 0.593519 0.004948 -0.002315 1.000000
0 62 0.732292 0.458333 0.163542 0.612963 0.001823 -0.008796 1.000000
0 63 0.727604 0.452315 0.153125 0.615741 -0.004687 -0.006019 1.000000
0 64 0.715365 0.464352 0.176563 0.619444 -0.012240 0.012037 1.000000
0 65 0.714844 0.464352 0.178646 0.623148 -0.000521 0.000000 1.000000
0 66 0.714583 0.466667 0.180208 0.616667 -0.000260 0.002315 1.000000
0 67 0.711979 0.465278 0.184375 0.619444 -0.002604 -0.001389 1.000000
0 68 0.707812 0.473611 0.193750 0.610185 -0.004167 0.008333 1.000000
0 69 0.706771 0.475926 0.192708 0.601852 -0.001042 0.002315 1.000000
0 70 0.708333 0.475926 0.194792 0.609259 0.001563 0.000000 1.000000
0 71 0.707031 0.472685 0.196354 0.612037 -0.001302 -0.003241 1.000000
0 72 0.705469 0.475000 0.198437 0.614815 -0.001563 0.002315 1.000000
0 73 0.705729 0.479167 0.198958 0.606481 0.000260 0.004167 1.000000
0 74 0.704688 0.485648 0.201042 0.593519 -0.001042 0.006481 1.000000
0 75 0.703125 0.487500 0.203125 0.591667 -0.001563 0.001852 1.000000
0 76 0.703385 0.496759 0.204687 0.571296 0.000260 0.009259 1.000000
0 77 0.703906 0.498611 0.205729 0.573148 0.000521 0.001852 1.000000
0 78 0.704167 0.487500 0.204167 0.597222 0.000260 -0.011111 1.000000
0 79 0.706250 0.479630 0.206250 0.612963 0.002083 -0.007870 1.000000
0 80 0.715365 0.469907 0.223438 0.632407 0.009115 -0.009722 1.000000
0 81 0.715365 0.469444 0.221354 0.635185 0.000000 -0.000463 1.000000
0 82 0.715625 0.474074 0.221875 0.633333 0.000260 0.004630 1.000000
0 83 0.715625 0.471759 0.223958 0.634259 0.000000 -0.002315 1.000000
0 84 0.718490 0.482407 0.225521 0.618519 0.002865 0.010648 1.000000
0 85 0.722135 0.487500 0.226562 0.612037 0.003646 0.005093 1.000000
0 86 0.720313 0.500463 0.221875 0.586111 -0.001823 0.012963 1.000000
0 87 0.720573 0.504167 0.223438 0.582407 0.000260 0.003704 1.000000
0 88 0.721875 0.498148 0.221875 0.603704 0.001302 -0.006019 1.000000
0 89 0.720573 0.496296 0.223438 0.609259 -0.001302 -0.001852 1.000000
0 90 0.720052 0.497685 0.225521 0.612037 -0.000521 0.001389 1.000000
0 91 0.719792 0.500000 0.223958 0.607407 -0.000260 0.002315 1.000000
0 92 0.719271 0.504630 0.222917 0.603704 -0.000521 0.004630 1.000000
0 93 0.720052 0.505556 0.224479 0.600000 0.000781 0.000926 1.000000
0 94 0.721875 0.498148 0.225000 0.616667 0.001823 -0.007407 1.000000
0 95 0.721354 0.491667 0.225000 0.631481 -0.000521 -0.006481 1.000000
0 96 0.723177 0.481481 0.224479 0.655556 0.001823 -0.010185 1.000000
0 97 0.724740 0.476852 0.210938 0.664815 0.001563 -0.004630 1.000000
0 98 0.725781 0.468519 0.199479 0.662963 0.001042 -0.008333 1.000000
0 99 0.729167 0.467130 0.196875 0.654630 0.003385 -0.001389 1.000000
0 100 0.729427 0.467130 0.195312 0.650926 0.000260 0.000000 1.000000
0 101 0.732292 0.470370 0.201042 0.646296 0.002865 0.003241 1.000000
0 102 0.759635 0.482407 0.258854 0.627778 0.027344 0.012037 1.000000
0 103 0.756771 0.482870 0.251042 0.619444 -0.002865 0.000463 1.000000
0 104 0.742708 0.491667 0.221875 0.605556 -0.014063 0.008796 1.000000
0 105 0.740885 0.501389 0.218229 0.589815 -0.001823 0.009722 1.000000
0 106 0.760417 0.522685 0.260417 0.549074 0.019531 0.021296 1.000000
0 107 0.761979 0.532407 0.262500 0.525926 0.001563 0.009722 1.000000
0 108 0.762760 0.550463 0.264062 0.495370 0.000781 0.018056 1.000000
0 109 0.762760 0.550463 0.263021 0.493519 0.000000 0.000000 1.000000
0 110 0.763802 0.550926 0.265104 0.496296 0.001042 0.000463 1.000000
0 111 0.763542 0.549537 0.263542 0.504630 -0.000260 -0.001389 1.000000
0 112 0.763542 0.534259 0.265625 0.529630 0.000000 -0.015278 1.000000
0 113 0.761719 0.524537 0.263021 0.552778 -0.001823 -0.009722 1.000000
0 114 0.755208 0.506019 0.246875 0.589815 -0.006510 -0.018519 1.000000
0 115 0.740625 0.497685 0.216667 0.602778 -0.014583 -0.008333 1.000000
0 116 0.735677 0.477778 0.174479 0.590741 -0.004948 -0.019907 1.000000
0 117 0.747135 0.471759 0.151562 0.600926 0.011458 -0.006019 1.000000
0 118 0.744271 0.462500 0.156250 0.647222 -0.002865 -0.009259 1.000000
0 119 0.745052 0.455556 0.151562 0.664815 0.000781 -0.006944 1.000000
0 120 0.743490 0.457407 0.159896 0.679630 -0.001563 0.001852 1.000000
0 121 0.737760 0.455556 0.138021 0.670370 -0.005729 -0.001852 1.000000
0 122 0.685937 0.466204 0.175000 0.656481 -0.051823 0.010648 1.000000
0 123 0.666667 0.487037 0.204167 0.688889 -0.019271 0.020833 1.000000
0 124 0.644271 0.514815 0.280208 0.712963 -0.022396 0.027778 1.000000
0 125 0.643490 0.531944 0.302604 0.710185 -0.000781 0.017130 1.000000
0 126 0.637240 0.546296 0.322396 0.696296 -0.006250 0.014352 1.000000
0 127 0.632552 0.541204 0.333854 0.706481 -0.004687 -0.005093 1.000000
0 128 0.634635 0.536574 0.341146 0.708333 0.002083 -0.004630 1.000000
0 129 0.636198 0.531481 0.349479 0.711111 0.001563 -0.005093 1.000000
0 130 0.637760 0.529630 0.358854 0.696296 0.001563 -0.001852 1.000000
0 131 0.638281 0.532870 0.364063 0.662037 0.000521 0.003241 1.000000
0 132 0.639062 0.556019 0.366667 0.613889 0.000781 0.023148 1.000000
0 133 0.644531 0.585648 0.358854 0.586111 0.005469 0.029630 1.000000
0 134 0.645833 0.621296 0.345833 0.511111 0.001302 0.035648 1.000000
0 135 0.646875 0.635648 0.347917 0.476852 0.001042 0.014352 1.000000
0 136 0.645312 0.643056 0.350000 0.460185 -0.001563 0.007407 1.000000
0 137 0.645573 0.637037 0.346354 0.472222 0.000260 -0.006019 1.000000
0 138 0.645573 0.617593 0.348438 0.514815 0.000000 -0.019444 1.000000
0 139 0.641146 0.602315 0.358333 0.539815 -0.004427 -0.015278 1.000000
0 140 0.639323 0.586111 0.367188 0.566667 -0.001823 -0.016204 1.000000
0 141 0.634635 0.581019 0.372396 0.558333 -0.004687 -0.005093 1.000000
0 142 0.634375 0.592130 0.375000 0.539815 -0.000260 0.011111 1.000000
0 143 0.634635 0.600926 0.373437 0.525926 0.000260 0.008796 1.000000
0 144 0.634375 0.627778 0.366667 0.483333 -0.000260 0.026852 1.000000
0 145 0.634375 0.645370 0.368750 0.483333 0.000000 0.017593 1.000000
0 146 0.633594 0.650926 0.382812 0.462963 -0.000781 0.005556 1.000000
0 147 0.633594 0.645833 0.384896 0.476852 0.000000 -0.005093 1.000000
0 148 0.634635 0.618056 0.386979 0.534259 0.001042 -0.027778 1.000000
0 149 0.635938 0.606944 0.386458 0.554630 0.001302 -0.011111 1.000000
0 150 0.635677 0.600926 0.385937 0.570370 -0.000260 -0.006019 1.000000
0 151 0.635417 0.593981 0.385417 0.586111 -0.000260 -0.006944 1.000000
0 152 0.635417 0.601852 0.385417 0.564815 0.000000 0.007870 1.000000
0 153 0.634375 0.615278 0.382292 0.536111 -0.001042 0.013426 1.000000
0 154 0.634635 0.617593 0.380729 0.537037 0.000260 0.002315 1.000000
0 155 0.634635 0.619907 0.379688 0.537963 0.000000 0.002315 1.000000
0 156 0.634635 0.618981 0.381771 0.534259 0.000000 -0.000926 1.000000
0 157 0.634375 0.617593 0.383333 0.527778 -0.000260 -0.001389 1.000000
0 158 0.634375 0.593056 0.382292 0.578704 0.000000 -0.024537 1.000000
0 159 0.630729 0.590278 0.383333 0.584259 -0.003646 -0.002778 1.000000
0 160 0.629427 0.588889 0.382812 0.577778 -0.001302 -0.001389 1.000000
0 161 0.627865 0.590278 0.381771 0.556481 -0.001563 0.001389 1.000000
0 162 0.623437 0.611574 0.376042 0.517593 -0.004427 0.021296 1.000000
0 163 0.619271 0.620370 0.369792 0.503704 -0.004167 0.008796 1.000000
0 164 0.610417 0.611574 0.371875 0.517593 -0.008854 -0.008796 1.000000
0 165 0.605469 0.605556 0.357812 0.533333 -0.004948 -0.006019 1.000000
0 166 0.589323 0.595370 0.314063 0.561111 -0.016146 -0.010185 1.000000
0 167 0.582031 0.594907 0.307812 0.562037 -0.007292 -0.000463 1.000000
0 168 0.547135 0.608796 0.302604 0.537963 -0.034896 0.013889 1.000000
0 169 0.539583 0.616204 0.308333 0.526852 -0.007552 0.007407 1.000000
0 170 0.538281 0.644907 0.320312 0.545370 -0.001302 0.028704 1.000000
0 171 0.534115 0.648611 0.284896 0.543519 -0.004167 0.003704 1.000000
0 172 0.536198 0.643519 0.260937 0.546296 0.002083 -0.005093 1.000000
0 173 0.535156 0.646759 0.261979 0.536111 -0.001042 0.003241 1.000000
0 174 0.521875 0.625000 0.234375 0.579630 -0.013281 -0.021759 1.000000
0 175 0.495833 0.624537 0.201042 0.597222 -0.026042 -0.000463 1.000000
0 176 0.445052 0.620833 0.163021 0.589815 -0.050781 -0.003704 1.000000
0 177 0.425260 0.613426 0.180729 0.575000 -0.019792 -0.007407 1.000000
0 178 0.422135 0.640278 0.202604 0.582407 -0.003125 0.026852 1.000000
0 179 0.414583 0.643519 0.196875 0.583333 -0.007552 0.003241 1.000000
0 180 0.392969 0.655556 0.182812 0.577778 -0.021615 0.012037 1.000000
0 181 0.369792 0.656019 0.173958 0.576852 -0.023177 0.000463 1.000000
0 182 0.340885 0.649537 0.154688 0.586111 -0.028906 -0.006481 1.000000
0 183 0.331510 0.642130 0.153646 0.593519 -0.009375 -0.007407 1.000000
0 184 0.317448 0.617593 0.154688 0.600000 -0.014063 -0.024537 1.000000
0 185 0.308073 0.603241 0.153646 0.584259 -0.009375 -0.014352 1.000000
0 186 0.280208 0.578241 0.181250 0.552778 -0.027865 -0.025000 1.000000
0 187 0.268229 0.574537 0.182292 0.543519 -0.011979 -0.003704 1.000000
0 188 0.251302 0.573611 0.179688 0.543519 -0.016927 -0.000926 1.000000
0 189 0.247396 0.574074 0.173958 0.542593 -0.003906 0.000463 1.000000
0 190 0.241667 0.568519 0.165625 0.553704 -0.005729 -0.005556 1.000000
0 191 0.240625 0.563889 0.160417 0.561111 -0.001042 -0.004630 1.000000
0 192 0.240104 0.538889 0.156250 0.562963 -0.000521 -0.025000 1.000000
0 193 0.233073 0.522222 0.159896 0.551852 -0.007031 -0.016667 1.000000
0 194 0.226562 0.484722 0.161458 0.530556 -0.006510 -0.037500 1.000000
0 195 0.224740 0.474537 0.151562 0.519444 -0.001823 -0.010185 1.000000
0 196 0.224219 0.468056 0.132812 0.513889 -0.000521 -0.006481 1.000000
0 197 0.222917 0.469907 0.138542 0.513889 -0.001302 0.001852 1.000000
0 198 0.217708 0.464352 0.134375 0.521296 -0.005208 -0.005556 1.000000
0 199 0.219531 0.464352 0.134896 0.525000 0.001823 0.000000 1.000000
0 200 0.226823 0.459259 0.130729 0.514815 0.007292 -0.005093 1.000000
0 201 0.225000 0.445833 0.127083 0.499074 -0.001823 -0.013426 1.000000
0 202 0.253125 0.409722 0.140625 0.476852 0.028125 -0.036111 1.000000
0 203 0.247396 0.393981 0.116667 0.469444 -0.005729 -0.015741 1.000000
0 204 0.261719 0.388426 0.156771 0.491667 0.014323 -0.005556 1.000000
0 205 0.267969 0.393981 0.164062 0.500926 0.006250 0.005556 1.000000
0 206 0.279167 0.394444 0.173958 0.498148 0.011198 0.000463 1.000000
0 207 0.260677 0.380556 0.121354 0.498148 -0.018490 -0.013889 1.000000
0 208 0.282292 0.352315 0.170833 0.493519 0.021615 -0.028241 1.000000
0 209 0.293490 0.349537 0.172396 0.495370 0.011198 -0.002778 1.000000
0 210 0.302344 0.353704 0.177604 0.474074 0.008854 0.004167 1.000000
0 211 0.306771 0.365278 0.179167 0.441667 0.004427 0.011574 1.000000
0 212 0.323177 0.386574 0.157812 0.404630 0.016406 0.021296 1.000000
0 213 0.322917 0.392593 0.158333 0.387037 -0.000260 0.006019 1.000000
0 214 0.323958 0.413426 0.156250 0.345370 0.001042 0.020833 1.000000
0 215 0.325781 0.415278 0.153646 0.313889 0.001823 0.001852 1.000000
0 216 0.326042 0.428241 0.154167 0.287963 0.000260 0.012963 1.000000
0 217 0.324479 0.432407 0.154167 0.279630 -0.001563 0.004167 1.000000
0 218 0.325781 0.433796 0.154688 0.276852 0.001302 0.001389 1.000000
0 219 0.325521 0.434722 0.155208 0.278704 -0.000260 0.000926 1.000000
0 220 0.324479 0.432407 0.155208 0.281481 -0.001042 -0.002315 1.000000
0 221 0.324740 0.430093 0.155729 0.286111 0.000260 -0.002315 1.000000
0 222 0.324219 0.429630 0.155729 0.287037 -0.000521 -0.000463 1.000000
0 223 0.324479 0.430093 0.156250 0.286111 0.000260 0.000463 1.000000
0 224 0.324740 0.429630 0.156771 0.287037 0.000260 -0.000463 1.000000
0 225 0.323698 0.430093 0.156771 0.286111 -0.001042 0.000463 1.000000
0 226 0.323958 0.430556 0.157292 0.285185 0.000260 0.000463 1.000000
0 227 0.324219 0.431019 0.157812 0.286111 0.000260 0.000463 1.000000
0 228 0.323698 0.430556 0.157812 0.287037 -0.000521 -0.000463 1.000000
0 229 0.324479 0.429630 0.158333 0.287037 0.000781 -0.000926 1.000000
0 230 0.334375 0.428704 0.158333 0.287037 0.009896 -0.000926 1.000000
0 231 0.323177 0.430093 0.158854 0.287963 -0.011198 0.001389 1.000000
0 232 0.323437 0.431019 0.159375 0.289815 0.000260 0.000926 1.000000
0 233 0.322396 0.430093 0.159375 0.287963 -0.001042 -0.000926 1.000000
0 234 0.322135 0.429630 0.159896 0.287037 -0.000260 -0.000463 1.000000
0 235 0.321615 0.429167 0.161979 0.287963 -0.000521 -0.000463 1.000000
0 236 0.317188 0.428241 0.170833 0.287963 -0.004427 -0.000926 1.000000
0 237 0.317188 0.428241 0.170833 0.289815 0.000000 0.000000 1.000000
0 238 0.316927 0.428704 0.171354 0.288889 -0.000260 0.000463 1.000000
0 239 0.316146 0.429630 0.171875 0.288889 -0.000781 0.000926 1.000000
0 240 0.316667 0.429167 0.171875 0.287963 0.000521 -0.000463 1.000000
0 241 0.315885 0.429630 0.172396 0.287037 -0.000781 0.000463 1.000000
0 242 0.316667 0.429167 0.172917 0.286111 0.000781 -0.000463 1.000000
0 243 0.315885 0.430556 0.173437 0.285185 -0.000781 0.001389 1.000000
0 244 0.315365 0.430556 0.173437 0.285185 -0.000521 0.000000 1.000000
0 245 0.315625 0.429630 0.173958 0.287037 0.000260 -0.000926 1.000000
0 246 0.315365 0.429167 0.174479 0.287963 -0.000260 -0.000463 1.000000
0 247 0.314844 0.430093 0.174479 0.287963 -0.000521 0.000926 1.000000
0 248 0.315104 0.429167 0.175000 0.287963 0.000260 -0.000926 1.000000
0 249 0.314323 0.429167 0.175521 0.287963 -0.000781 0.000000 1.000000
0 250 0.314063 0.430093 0.176042 0.289815 -0.000260 0.000926 1.000000
0 251 0.314063 0.426389 0.176042 0.293519 0.000000 -0.003704 1.000000
0 252 0.308854 0.425926 0.186458 0.292593 -0.005208 -0.000463 1.000000
0 253 0.309375 0.418056 0.184375 0.308333 0.000521 -0.007870 1.000000
0 254 0.317188 0.414815 0.168750 0.318519 0.007812 -0.003241 1.000000
0 255 0.320312 0.413889 0.162500 0.351852 0.003125 -0.000926 1.000000
0 256 0.320573 0.410648 0.163021 0.358333 0.000260 -0.003241 1.000000
0 257 0.321094 0.405093 0.163021 0.369444 0.000521 -0.005556 1.000000
0 258 0.320573 0.404630 0.175521 0.374074 -0.000521 -0.000463 1.000000
0 259 0.338281 0.393519 0.193229 0.374074 0.017708 -0.011111 1.000000
0 260 0.341667 0.390278 0.191667 0.382407 0.003385 -0.003241 1.000000
0 261 0.338542 0.381481 0.172917 0.401852 -0.003125 -0.008796 1.000000
0 262 0.349219 0.379167 0.161979 0.412037 0.010677 -0.002315 1.000000
0 282 0.489844 0.366667 0.098437 0.479630 0.007031 -0.000625 1.000000
0 283 0.486198 0.367130 0.098437 0.480556 -0.003646 0.000463 1.000000
0 284 0.485677 0.367130 0.098437 0.480556 -0.000521 0.000000 1.000000
0 285 0.481510 0.365278 0.098437 0.480556 -0.004167 -0.001852 1.000000
0 286 0.484635 0.371759 0.098437 0.480556 0.003125 0.006481 1.000000
0 287 0.484375 0.372685 0.098958 0.480556 -0.000260 0.000926 1.000000
0 288 0.483854 0.373611 0.098958 0.480556 -0.000521 0.000926 1.000000
0 289 0.482812 0.374537 0.098958 0.480556 -0.001042 0.000926 1.000000
0 290 0.482292 0.376389 0.098958 0.480556 -0.000521 0.001852 1.000000
0 291 0.481250 0.375463 0.098958 0.480556 -0.001042 -0.000926 1.000000
0 292 0.480208 0.374537 0.098958 0.480556 -0.001042 -0.000926 1.000000
0 293 0.478646 0.377778 0.098958 0.481481 -0.001563 0.003241 1.000000
0 294 0.477604 0.376852 0.098958 0.481481 -0.001042 -0.000926 1.000000
0 295 0.470833 0.382407 0.098958 0.481481 -0.006771 0.005556 1.000000
0 296 0.475000 0.382407 0.109375 0.481481 0.004167 0.000000 1.000000
0 297 0.474479 0.381481 0.109375 0.481481 -0.000521 -0.000926 1.000000
0 298 0.474479 0.381481 0.109375 0.481481 0.000000 0.000000 1.000000
0 299 0.471615 0.381481 0.109896 0.481481 -0.002865 0.000000 1.000000
0 300 0.468490 0.381481 0.109896 0.481481 -0.003125 0.000000 1.000000
0 301 0.465365 0.381481 0.109896 0.481481 -0.003125 0.000000 1.000000
0 302 0.469531 0.383796 0.109896 0.482407 0.004167 0.002315 1.000000
0 303 0.466927 0.383333 0.109896 0.487037 -0.002604 -0.000463 1.000000
0 304 0.469010 0.383333 0.115104 0.487037 0.002083 0.000000 1.000000
0 305 0.471094 0.383333 0.120313 0.487037 0.002083 0.000000 1.000000
0 306 0.473177 0.383333 0.120313 0.487037 0.002083 0.000000 1.000000
0 307 0.473177 0.382407 0.120313 0.488889 0.000000 -0.000926 1.000000
0 308 0.473698 0.381944 0.120313 0.489815 0.000521 -0.000463 1.000000
0 309 0.480208 0.381019 0.120833 0.489815 0.006510 -0.000926 1.000000
0 310 0.478646 0.383333 0.120833 0.490741 -0.001563 0.002315 1.000000
0 311 0.476562 0.383333 0.120833 0.490741 -0.002083 0.000000 1.000000
0 312 0.474479 0.383333 0.120833 0.490741 -0.002083 0.000000 1.000000
0 313 0.472917 0.383333 0.120833 0.490741 -0.001563 0.000000 1.000000
0 314 0.471094 0.383333 0.121354 0.490741 -0.001823 0.000000 1.000000
0 315 0.469531 0.383333 0.121354 0.490741 -0.001563 0.000000 1.000000
0 316 0.467969 0.384259 0.121354 0.490741 -0.001563 0.000926 1.000000
0 317 0.466927 0.380093 0.121354 0.491667 -0.001042 -0.004167 1.000000
0 318 0.461719 0.377315 0.121354 0.491667 -0.005208 -0.002778 1.000000
0 319 0.458333 0.377315 0.121875 0.491667 -0.003385 0.000000 1.000000
0 320 0.454167 0.378241 0.121875 0.491667 -0.004167 0.000926 1.000000
0 321 0.453125 0.377315 0.121875 0.491667 -0.001042 -0.000926 1.000000
0 322 0.452083 0.377315 0.121875 0.491667 -0.001042 0.000000 1.000000
0 323 0.451302 0.376389 0.122396 0.491667 -0.000781 -0.000926 1.000000
0 324 0.450260 0.376852 0.122396 0.492593 -0.001042 0.000463 1.000000
0 325 0.449219 0.376852 0.122396 0.492593 -0.001042 0.000000 1.000000
0 326 0.446094 0.375926 0.122396 0.492593 -0.003125 -0.000926 1.000000
0 327 0.444010 0.377778 0.138021 0.492593 -0.002083 0.001852 1.000000
0 328 0.435156 0.376389 0.138021 0.489815 -0.008854 -0.001389 1.000000
0 329 0.437240 0.373611 0.138021 0.482407 0.002083 -0.002778 1.000000
0 330 0.439583 0.370833 0.138542 0.475000 0.002344 -0.002778 1.000000
0 331 0.438802 0.369444 0.138021 0.472222 -0.000781 -0.001389 1.000000
0 332 0.437240 0.368519 0.136979 0.470370 -0.001563 -0.000926 1.000000
0 333 0.436458 0.366204 0.136458 0.467593 -0.000781 -0.002315 1.000000
0 334 0.434115 0.366204 0.134896 0.467593 -0.002344 0.000000 1.000000
0 335 0.425000 0.361574 0.122917 0.467593 -0.009115 -0.004630 1.000000
0 336 0.420573 0.362500 0.115104 0.467593 -0.004427 0.000926 1.000000
0 337 0.416927 0.362500 0.102604 0.467593 -0.003646 0.000000 1.000000
0 338 0.416406 0.362500 0.104688 0.467593 -0.000521 0.000000 1.000000
0 339 0.404167 0.362500 0.086458 0.467593 -0.012240 0.000000 1.000000
0 340 0.403385 0.362500 0.086979 0.467593 -0.000781 0.000000 1.000000
0 341 0.401562 0.362963 0.088542 0.468519 -0.001823 0.000463 1.000000
0 342 0.400000 0.362963 0.090625 0.468519 -0.001563 0.000000 1.000000
0 343 0.400781 0.365278 0.090104 0.475000 0.000781 0.002315 1.000000
0 344 0.400521 0.365278 0.095833 0.475000 -0.000260 0.000000 1.000000
0 345 0.399219 0.365278 0.116146 0.475000 -0.001302 0.000000 1.000000
0 346 0.396875 0.365278 0.128125 0.475000 -0.002344 0.000000 1.000000
0 347 0.396875 0.365278 0.129167 0.475000 0.000000 0.000000 1.000000
0 348 0.396875 0.365278 0.130208 0.475000 0.000000 0.000000 1.000000
0 349 0.392188 0.369907 0.133333 0.475000 -0.004687 0.004630 1.000000
0 350 0.391406 0.368056 0.133854 0.475000 -0.000781 -0.001852 1.000000
0 351 0.388802 0.368981 0.135937 0.475000 -0.002604 0.000926 1.000000
0 352 0.386458 0.368056 0.138542 0.476852 -0.002344 -0.000926 1.000000
0 353 0.377344 0.368056 0.152604 0.476852 -0.009115 0.000000 1.000000
0 354 0.371875 0.356481 0.160417 0.496296 -0.005469 -0.011574 1.000000
0 355 0.370312 0.356481 0.160417 0.496296 -0.001563 0.000000 1.000000
0 356 0.368490 0.356481 0.160938 0.496296 -0.001823 0.000000 1.000000
0 357 0.369792 0.358333 0.167708 0.487037 0.001302 0.001852 1.000000
0 358 0.367708 0.359259 0.167708 0.487037 -0.002083 0.000926 1.000000
0 359 0.366927 0.359722 0.168229 0.487963 -0.000781 0.000463 1.000000
0 360 0.366406 0.358796 0.168229 0.487963 -0.000521 -0.000926 1.000000
0 361 0.366146 0.359722 0.173958 0.487963 -0.000260 0.000926 1.000000
0 362 0.364844 0.362037 0.176563 0.485185 -0.001302 0.002315 1.000000
0 363 0.352604 0.368981 0.195833 0.484259 -0.012240 0.006944 1.000000
0 364 0.348698 0.368981 0.189062 0.482407 -0.003906 0.000000 1.000000
0 365 0.343229 0.374074 0.190625 0.481481 -0.005469 0.005093 1.000000
0 366 0.342448 0.372222 0.191146 0.481481 -0.000781 -0.001852 1.000000
0 367 0.340885 0.373148 0.190104 0.481481 -0.001563 0.000926 1.000000
0 368 0.341146 0.371296 0.190625 0.479630 0.000260 -0.001852 1.000000
0 369 0.340104 0.371296 0.192708 0.477778 -0.001042 0.000000 1.000000
0 370 0.339062 0.373148 0.194792 0.477778 -0.001042 0.001852 1.000000
0 371 0.337760 0.373148 0.198437 0.477778 -0.001302 0.000000 1.000000
0 372 0.340625 0.373611 0.190625 0.478704 0.002865 0.000463 1.000000
0 373 0.340104 0.375000 0.185417 0.474074 -0.000521 0.001389 1.000000
0 374 0.337240 0.375000 0.185938 0.474074 -0.002865 0.000000 1.000000
0 375 0.336198 0.375000 0.184896 0.474074 -0.001042 0.000000 1.000000
0 376 0.334635 0.375926 0.184896 0.474074 -0.001563 0.000926 1.000000
0 377 0.333854 0.376852 0.185417 0.474074 -0.000781 0.000926 1.000000
0 378 0.332813 0.376389 0.185417 0.473148 -0.001042 -0.000463 1.000000
0 379 0.330990 0.376852 0.183854 0.474074 -0.001823 0.000463 1.000000
0 380 0.330990 0.375926 0.177604 0.474074 0.000000 -0.000926 1.000000
0 381 0.332031 0.358796 0.156771 0.510185 0.001042 -0.017130 1.000000
0 382 0.337760 0.348148 0.133854 0.527778 0.005729 -0.010648 1.000000
0 383 0.347135 0.355556 0.117188 0.516667 0.009375 0.007407 1.000000
0 384 0.347656 0.354630 0.117188 0.520370 0.000521 -0.000926 1.000000
0 385 0.348958 0.352778 0.113542 0.520370 0.001302 -0.001852 1.000000
0 386 0.355469 0.354167 0.100521 0.521296 0.006510 0.001389 1.000000
0 387 0.353125 0.353704 0.097917 0.518519 -0.002344 -0.000463 1.000000
0 388 0.351302 0.352315 0.094271 0.523148 -0.001823 -0.001389 1.000000
0 389 0.337240 0.346759 0.080729 0.526852 -0.014063 -0.005556 1.000000
0 390 0.334635 0.345833 0.080729 0.528704 -0.002604 -0.000926 1.000000
0 391 0.331250 0.344907 0.083333 0.530556 -0.003385 -0.000926 1.000000
0 392 0.329427 0.344907 0.084896 0.530556 -0.001823 0.000000 1.000000
0 393 0.327865 0.343056 0.088021 0.532407 -0.001563 -0.001852 1.000000
0 394 0.327344 0.345833 0.088021 0.528704 -0.000521 0.002778 1.000000
0 395 0.325521 0.343056 0.092708 0.534259 -0.001823 -0.002778 1.000000
0 396 0.326042 0.345833 0.092708 0.536111 0.000521 0.002778 1.000000
0 397 0.322656 0.343056 0.097396 0.541667 -0.003385 -0.002778 1.000000
0 398 0.320312 0.340741 0.103125 0.542593 -0.002344 -0.002315 1.000000
0 399 0.314844 0.348148 0.116146 0.540741 -0.005469 0.007407 1.000000
0 400 0.311719 0.350926 0.124479 0.529630 -0.003125 0.002778 1.000000
0 401 0.304948 0.356481 0.132812 0.512963 -0.006771 0.005556 1.000000
0 402 0.303385 0.357407 0.136979 0.511111 -0.001563 0.000926 1.000000
0 403 0.304167 0.357407 0.137500 0.511111 0.000781 0.000000 1.000000
0 404 0.303646 0.356481 0.138542 0.512963 -0.000521 -0.000926 1.000000
0 405 0.301042 0.360185 0.144792 0.503704 -0.002604 0.003704 1.000000
0 406 0.298438 0.366204 0.148958 0.493519 -0.002604 0.006019 1.000000
0 407 0.292187 0.379167 0.162500 0.465741 -0.006250 0.012963 1.000000
0 408 0.288281 0.380556 0.170313 0.462963 -0.003906 0.001389 1.000000
0 409 0.286719 0.380556 0.172396 0.461111 -0.001563 0.000000 1.000000
0 410 0.286198 0.380556 0.174479 0.461111 -0.000521 0.000000 1.000000
0 411 0.285677 0.379630 0.174479 0.461111 -0.000521 -0.000926 1.000000
0 412 0.285677 0.379630 0.176563 0.461111 0.000000 0.000000 1.000000
0 413 0.283854 0.379630 0.179167 0.461111 -0.001823 0.000000 1.000000
0 414 0.287500 0.378704 0.173958 0.462963 0.003646 -0.000926 1.000000
0 415 0.287760 0.373611 0.170313 0.475000 0.000260 -0.005093 1.000000
0 416 0.286458 0.373148 0.166667 0.470370 -0.001302 -0.000463 1.000000
0 417 0.271094 0.371759 0.182812 0.475000 -0.015365 -0.001389 1.000000
0 418 0.263802 0.376852 0.189062 0.459259 -0.007292 0.005093 1.000000
0 419 0.258073 0.390741 0.202604 0.453704 -0.005729 0.013889 1.000000
0 420 0.257552 0.406019 0.208854 0.452778 -0.000521 0.015278 1.000000
0 421 0.254688 0.417130 0.215625 0.441667 -0.002865 0.011111 1.000000
0 422 0.248698 0.406481 0.221354 0.407407 -0.005990 -0.010648 1.000000
0 423 0.229167 0.412500 0.210417 0.408333 -0.019531 0.006019 1.000000
0 424 0.218229 0.412500 0.196875 0.408333 -0.010937 0.000000 1.000000
0 427 0.166927 0.432870 0.145313 0.408333 -0.017101 0.006790 1.000000
0 428 0.163281 0.433796 0.152604 0.397222 -0.003646 0.000926 1.000000
0 429 0.145313 0.449074 0.181250 0.401852 -0.017969 0.015278 1.000000
0 430 0.138281 0.454630 0.188021 0.388889 -0.007031 0.005556 1.000000
0 431 0.116406 0.454630 0.185938 0.398148 -0.021875 0.000000 1.000000
0 432 0.101302 0.453241 0.182812 0.400926 -0.015104 -0.001389 1.000000
0 433 0.077083 0.449537 0.146875 0.408333 -0.024219 -0.003704 1.000000
0 434 0.060937 0.444907 0.121875 0.410185 -0.016146 -0.004630 1.000000
0 436 0.047656 0.437037 0.096354 0.435185 -0.006641 -0.003935 1.000000
0 437 0.046875 0.439352 0.093750 0.430556 -0.000781 0.002315 1.000000
0 438 0.046094 0.433333 0.092188 0.435185 -0.000781 -0.006019 1.000000
0 439 0.040104 0.441667 0.081250 0.440741 -0.005990 0.008333 1.000000
0 468 0.025260 0.455556 0.050521 0.475926 -0.000512 0.000479 1.000000
0 469 0.025521 0.455556 0.051042 0.475926 0.000260 0.000000 1.000000
0 470 0.025521 0.455556 0.051042 0.475926 0.000000 0.000000 1.000000
0 471 0.025260 0.450463 0.050521 0.486111 -0.000260 -0.005093 1.000000
0 472 0.025260 0.450463 0.050521 0.486111 0.000000 0.000000 1.000000
0 473 0.025781 0.450463 0.051562 0.486111 0.000521 0.000000 1.000000
0 474 0.025781 0.450926 0.051562 0.487037 0.000000 0.000463 1.000000
0 475 0.026042 0.450000 0.052083 0.487037 0.000260 -0.000926 1.000000
0 476 0.026302 0.450000 0.052604 0.487037 0.000260 0.000000 1.000000
0 477 0.029427 0.437963 0.058854 0.462963 0.003125 -0.012037 1.000000
0 478 0.032292 0.433333 0.064583 0.462963 0.002865 -0.004630 1.000000
0 479 0.037760 0.433333 0.075521 0.462963 0.005469 0.000000 1.000000
0 480 0.040104 0.437963 0.080208 0.462963 0.002344 0.004630 1.000000
0 481 0.042188 0.443519 0.084375 0.462963 0.002083 0.005556 1.000000
0 482 0.041927 0.436111 0.083854 0.472222 -0.000260 -0.007407 1.000000
0 483 0.042188 0.434259 0.084375 0.475926 0.000260 -0.001852 1.000000
0 484 0.042188 0.431019 0.084375 0.484259 0.000000 -0.003241 1.000000
0 485 0.042188 0.427315 0.084375 0.489815 0.000000 -0.003704 1.000000
0 486 0.042188 0.425926 0.084375 0.494444 0.000000 -0.001389 1.000000
0 487 0.042188 0.427315 0.084375 0.491667 0.000000 0.001389 1.000000
0 488 0.042188 0.428704 0.084375 0.488889 0.000000 0.001389 1.000000
0 489 0.042448 0.433796 0.084896 0.478704 0.000260 0.005093 1.000000
0 490 0.042188 0.434259 0.084375 0.477778 -0.000260 0.000463 1.000000
0 491 0.048438 0.436111 0.096875 0.481481 0.006250 0.001852 1.000000
0 492 0.046875 0.437037 0.093750 0.479630 -0.001563 0.000926 1.000000
0 493 0.042448 0.436111 0.084896 0.487037 -0.004427 -0.000926 1.000000
0 494 0.042448 0.437037 0.084896 0.479630 0.000000 0.000926 1.000000
0 495 0.042188 0.437037 0.084375 0.479630 -0.000260 0.000000 1.000000
0 496 0.042448 0.437037 0.084896 0.474074 0.000260 0.000000 1.000000
0 497 0.042448 0.438426 0.084896 0.482407 0.000000 0.001389 1.000000
0 498 0.042188 0.430093 0.084375 0.491667 -0.000260 -0.008333 1.000000
0 499 0.042188 0.444444 0.084375 0.464815 0.000000 0.014352 1.000000
0 500 0.042708 0.445370 0.085417 0.464815 0.000521 0.000926 1.000000
0 501 0.042448 0.445370 0.084896 0.464815 -0.000260 0.000000 1.000000
0 502 0.042448 0.445370 0.084896 0.464815 0.000000 0.000000 1.000000
0 503 0.042448 0.439815 0.084896 0.474074 0.000000 -0.005556 1.000000
0 504 0.042708 0.440741 0.085417 0.474074 0.000260 0.000926 1.000000
0 505 0.042448 0.438889 0.084896 0.475926 -0.000260 -0.001852 1.000000
0 506 0.042448 0.435185 0.084896 0.485185 0.000000 -0.003704 1.000000
0 507 0.042708 0.435185 0.085417 0.485185 0.000260 0.000000 1.000000
0 508 0.042448 0.435185 0.084896 0.485185 -0.000260 0.000000 1.000000
0 509 0.051042 0.436111 0.102083 0.485185 0.008594 0.000926 1.000000
0 510 0.045312 0.450463 0.090625 0.489815 -0.005729 0.014352 1.000000
0 517 0.043229 0.435185 0.087500 0.488889 -0.000298 -0.002183 1.000000
0 518 0.043490 0.434259 0.086979 0.488889 0.000260 -0.000926 1.000000
0 519 0.042969 0.437500 0.086979 0.484259 -0.000521 0.003241 1.000000
0 520 0.043490 0.442130 0.086979 0.484259 0.000521 0.004630 1.000000
0 521 0.044010 0.441204 0.088021 0.484259 0.000521 -0.000926 1.000000
0 522 0.044792 0.440278 0.089583 0.484259 0.000781 -0.000926 1.000000
0 523 0.045312 0.438426 0.090625 0.484259 0.000521 -0.001852 1.000000
0 524 0.043229 0.435648 0.086458 0.484259 -0.002083 -0.002778 1.000000
0 525 0.043229 0.434259 0.086458 0.485185 0.000000 -0.001389 1.000000
0 526 0.043229 0.434259 0.086458 0.485185 0.000000 0.000000 1.000000
0 527 0.043750 0.433333 0.086458 0.485185 0.000521 -0.000926 1.000000
0 528 0.044271 0.432407 0.088542 0.485185 0.000521 -0.000926 1.000000
0 529 0.044010 0.430556 0.088021 0.485185 -0.000260 -0.001852 1.000000
0 530 0.044271 0.426852 0.089583 0.488889 0.000260 -0.003704 1.000000
0 531 0.045312 0.424537 0.089583 0.491667 0.001042 -0.002315 1.000000
0 532 0.044792 0.426852 0.089583 0.485185 -0.000521 0.002315 1.000000
0 533 0.045573 0.423611 0.091146 0.487963 0.000781 -0.003241 1.000000
0 534 0.045573 0.423148 0.091146 0.488889 0.000000 -0.000463 1.000000
0 535 0.045573 0.425000 0.091146 0.485185 0.000000 0.001852 1.000000
0 536 0.046354 0.427778 0.092708 0.479630 0.000781 0.002778 1.000000
0 537 0.046615 0.427778 0.094271 0.479630 0.000260 0.000000 1.000000
0 538 0.047135 0.427778 0.094271 0.479630 0.000521 0.000000 1.000000
0 539 0.047656 0.428704 0.095312 0.479630 0.000521 0.000926 1.000000
0 540 0.048698 0.430556 0.097396 0.479630 0.001042 0.001852 1.000000
0 541 0.048438 0.431019 0.098958 0.480556 -0.000260 0.000463 1.000000
0 542 0.048958 0.431944 0.098958 0.480556 0.000521 0.000926 1.000000
0 543 0.050521 0.430093 0.101042 0.480556 0.001563 -0.001852 1.000000
0 544 0.050000 0.432870 0.101042 0.480556 -0.000521 0.002778 1.000000
0 545 0.050000 0.433333 0.105208 0.481481 0.000000 0.000463 1.000000
0 546 0.051042 0.434259 0.105208 0.481481 0.001042 0.000926 1.000000
0 547 0.052083 0.436111 0.105208 0.481481 0.001042 0.001852 1.000000
0 548 0.052604 0.437037 0.105208 0.481481 0.000521 0.000926 1.000000
0 549 0.053125 0.437963 0.106250 0.481481 0.000521 0.000926 1.000000
0 550 0.053646 0.437037 0.107292 0.481481 0.000521 -0.000926 1.000000
0 551 0.054167 0.437963 0.108333 0.481481 0.000521 0.000926 1.000000
0 552 0.054948 0.439815 0.109896 0.481481 0.000781 0.001852 1.000000
0 553 0.055729 0.440741 0.111458 0.481481 0.000781 0.000926 1.000000
0 554 0.055729 0.441667 0.112500 0.483333 0.000000 0.000926 1.000000
0 555 0.056250 0.446296 0.112500 0.472222 0.000521 0.004630 1.000000
0 556 0.056771 0.447222 0.113542 0.472222 0.000521 0.000926 1.000000
0 557 0.057292 0.447222 0.114583 0.472222 0.000521 0.000000 1.000000
0 558 0.057031 0.448148 0.114062 0.472222 -0.000260 0.000926 1.000000
0 559 0.057813 0.450463 0.117708 0.473148 0.000781 0.002315 1.000000
0 560 0.061198 0.449537 0.122396 0.473148 0.003385 -0.000926 1.000000
0 561 0.068490 0.448611 0.136979 0.473148 0.007292 -0.000926 1.000000
0 562 0.068750 0.448611 0.138542 0.473148 0.000260 0.000000 1.000000
0 563 0.069271 0.453704 0.139583 0.464815 0.000521 0.005093 1.000000
0 564 0.068490 0.454630 0.142187 0.464815 -0.000781 0.000926 1.000000
0 565 0.071094 0.452315 0.142187 0.471296 0.002604 -0.002315 1.000000
0 566 0.070312 0.452315 0.140625 0.471296 -0.000781 0.000000 1.000000
0 567 0.070573 0.454630 0.142187 0.468519 0.000260 0.002315 1.000000
0 568 0.070573 0.461574 0.141146 0.454630 0.000000 0.006944 1.000000
0 569 0.070833 0.458796 0.141667 0.458333 0.000260 -0.002778 1.000000
0 570 0.071094 0.459722 0.143229 0.458333 0.000260 0.000926 1.000000
0 571 0.071094 0.459722 0.143229 0.454630 0.000000 0.000000 1.000000
0 572 0.071094 0.460648 0.143229 0.454630 0.000000 0.000926 1.000000
0 573 0.071094 0.465741 0.145313 0.444444 0.000000 0.005093 1.000000
0 574 0.071615 0.467130 0.145313 0.441667 0.000521 0.001389 1.000000
0 575 0.071615 0.446296 0.145313 0.483333 0.000000 -0.020833 1.000000
0 576 0.072135 0.449074 0.145313 0.477778 0.000521 0.002778 1.000000
0 577 0.072396 0.449074 0.145833 0.477778 0.000260 0.000000 1.000000
0 578 0.072917 0.449074 0.145833 0.477778 0.000521 0.000000 1.000000
0 579 0.072917 0.447222 0.145833 0.477778 0.000000 -0.001852 1.000000
0 580 0.072917 0.448148 0.145833 0.475926 0.000000 0.000926 1.000000
0 581 0.072917 0.448148 0.145833 0.475926 0.000000 0.000000 1.000000
0 582 0.072656 0.456944 0.146354 0.458333 -0.000260 0.008796 1.000000
0 583 0.073177 0.456481 0.146354 0.457407 0.000521 -0.000463 1.000000
0 584 0.072396 0.458796 0.144792 0.452778 -0.000781 0.002315 1.000000
0 585 0.073177 0.459722 0.145313 0.452778 0.000781 0.000926 1.000000
0 586 0.072656 0.457870 0.145313 0.454630 -0.000521 -0.001852 1.000000
0 587 0.073177 0.459259 0.145313 0.451852 0.000521 0.001389 1.000000
0 588 0.072656 0.462500 0.145313 0.443519 -0.000521 0.003241 1.000000
0 589 0.072656 0.460185 0.145313 0.444444 0.000000 -0.002315 1.000000
0 590 0.072396 0.448611 0.145833 0.467593 -0.000260 -0.011574 1.000000
0 591 0.072917 0.449537 0.145833 0.467593 0.000521 0.000926 1.000000
0 592 0.072917 0.447685 0.145833 0.467593 0.000000 -0.001852 1.000000
0 593 0.072917 0.449537 0.145833 0.467593 0.000000 0.001852 1.000000
0 594 0.072917 0.449537 0.145833 0.467593 0.000000 0.000000 1.000000
0 595 0.072917 0.449074 0.145833 0.468519 0.000000 -0.000463 1.000000
0 596 0.073177 0.444907 0.146354 0.471296 0.000260 -0.004167 1.000000
0 597 0.072135 0.444907 0.145313 0.471296 -0.001042 0.000000 1.000000
0 598 0.072656 0.448148 0.145313 0.462963 0.000521 0.003241 1.000000
0 599 0.072917 0.450000 0.145833 0.457407 0.000260 0.001852 1.000000
0 600 0.072396 0.455556 0.145833 0.448148 -0.000521 0.005556 1.000000
0 601 0.072917 0.455556 0.145833 0.448148 0.000521 0.000000 1.000000
0 602 0.072396 0.456481 0.145833 0.448148 -0.000521 0.000926 1.000000
0 603 0.072917 0.454167 0.145833 0.447222 0.000521 -0.002315 1.000000
