0 1 0.831250 0.487500 0.071875 0.155556 1.000000
0 2 0.833984 0.488194 0.066406 0.154167 1.000000
0 3 0.833594 0.489583 0.062500 0.154167 1.000000
0 4 0.832031 0.490972 0.057813 0.154167 1.000000
0 5 0.829297 0.493750 0.052344 0.154167 1.000000
0 6 0.827344 0.496528 0.050000 0.151389 1.000000
0 7 0.826953 0.502083 0.050781 0.151389 1.000000
0 8 0.827344 0.505556 0.054688 0.147222 1.000000
0 9 0.827344 0.505556 0.054688 0.147222 1.000000
0 10 0.826953 0.509028 0.057031 0.143056 1.000000
0 11 0.824609 0.515972 0.066406 0.143056 1.000000
0 12 0.822266 0.517361 0.071094 0.143056 1.000000
0 13 0.819141 0.518750 0.074219 0.143056 1.000000
0 14 0.815234 0.521528 0.072656 0.140278 1.000000
0 15 0.810937 0.524306 0.067187 0.137500 1.000000
0 16 0.805469 0.526389 0.056250 0.136111 1.000000
0 17 0.803516 0.530556 0.046094 0.133333 1.000000
0 18 0.807422 0.532639 0.038281 0.129167 1.000000
0 19 0.803125 0.532639 0.051562 0.129167 1.000000
0 20 0.796875 0.533333 0.067187 0.130556 1.000000
0 21 0.792578 0.531944 0.080469 0.133333 1.000000
0 22 0.789844 0.531944 0.084375 0.133333 1.000000
0 23 0.785937 0.529167 0.081250 0.144444 1.000000
0 24 0.782422 0.526389 0.071094 0.155556 1.000000
0 25 0.778906 0.529861 0.057813 0.145833 1.000000
0 26 0.780078 0.536111 0.053906 0.136111 1.000000
0 27 0.780469 0.541667 0.046875 0.130556 1.000000
0 28 0.769141 0.542361 0.041406 0.134722 1.000000
0 29 0.762109 0.540278 0.049219 0.138889 1.000000
0 30 0.763672 0.538889 0.053906 0.141667 1.000000
0 31 0.768750 0.539583 0.057813 0.151389 1.000000
0 32 0.776172 0.528472 0.057031 0.168056 1.000000
0 33 0.778906 0.521528 0.054688 0.179167 1.000000
0 34 0.785156 0.515278 0.053125 0.188889 1.000000
0 35 0.793750 0.500000 0.048438 0.202778 1.000000
0 36 0.798047 0.484722 0.057031 0.202778 1.000000
0 37 0.797266 0.480556 0.067969 0.169444 1.000000
0 38 0.798828 0.475000 0.072656 0.138889 1.000000
0 39 0.807422 0.469444 0.072656 0.138889 1.000000
0 40 0.815234 0.470833 0.067969 0.152778 1.000000
0 41 0.819531 0.473611 0.064062 0.169444 1.000000
0 42 0.828125 0.461111 0.056250 0.183333 1.000000
0 43 0.833594 0.445833 0.046875 0.200000 1.000000
0 44 0.842969 0.442361 0.039062 0.198611 1.000000
0 45 0.847266 0.463194 0.044531 0.148611 1.000000
0 46 0.856641 0.465972 0.044531 0.143056 1.000000
0 47 0.867578 0.469444 0.041406 0.144444 1.000000
0 48 0.874609 0.475694 0.044531 0.145833 1.000000
0 49 0.882812 0.482639 0.045312 0.145833 1.000000
0 50 0.891406 0.492361 0.046875 0.151389 1.000000
0 51 0.900000 0.502778 0.048438 0.155556 1.000000
0 52 0.907813 0.515972 0.051562 0.162500 1.000000
0 53 0.914453 0.529167 0.053906 0.166667 1.000000
0 54 0.921094 0.538194 0.053125 0.159722 1.000000
0 55 0.926562 0.543056 0.053125 0.152778 1.000000
0 56 0.934766 0.545833 0.053906 0.150000 1.000000
0 57 0.944141 0.547917 0.057031 0.148611 1.000000
0 58 0.952734 0.550000 0.053906 0.150000 1.000000
0 59 0.959766 0.550000 0.049219 0.150000 1.000000
0 60 0.964063 0.550000 0.045312 0.150000 1.000000
0 61 0.969141 0.548611 0.038281 0.150000 1.000000
0 62 0.971094 0.548611 0.032813 0.150000 1.000000
0 63 0.971875 0.547222 0.034375 0.150000 1.000000
0 64 0.971875 0.547222 0.035937 0.152778 1.000000
0 65 0.970313 0.544444 0.040625 0.155556 1.000000
0 66 0.967578 0.543056 0.050781 0.155556 1.000000
0 67 0.964063 0.543056 0.057813 0.158333 1.000000
0 68 0.962891 0.543056 0.055469 0.158333 1.000000
0 69 0.960547 0.543056 0.050781 0.158333 1.000000
0 70 0.956641 0.543056 0.046094 0.158333 1.000000
0 71 0.951953 0.542361 0.039844 0.162500 1.000000
0 72 0.948047 0.540278 0.035156 0.166667 1.000000
0 73 0.941406 0.537500 0.037500 0.166667 1.000000
0 74 0.935156 0.537500 0.037500 0.169444 1.000000
0 75 0.926172 0.538194 0.041406 0.170833 1.000000
0 76 0.916797 0.539583 0.046094 0.170833 1.000000
0 77 0.907422 0.540972 0.052344 0.170833 1.000000
0 78 0.898438 0.545833 0.056250 0.175000 1.000000
0 79 0.891797 0.551389 0.057031 0.172222 1.000000
0 80 0.885547 0.553472 0.053906 0.168056 1.000000
0 81 0.880859 0.556944 0.052344 0.163889 1.000000
0 82 0.876953 0.559028 0.052344 0.159722 1.000000
0 83 0.872266 0.559722 0.052344 0.158333 1.000000
0 84 0.867578 0.559722 0.052344 0.158333 1.000000
0 85 0.862891 0.558333 0.052344 0.158333 1.000000
0 86 0.858984 0.556944 0.052344 0.161111 1.000000
0 87 0.854297 0.554167 0.052344 0.161111 1.000000
0 88 0.850391 0.553472 0.052344 0.162500 1.000000
0 89 0.848047 0.552778 0.052344 0.163889 1.000000
0 90 0.846094 0.552778 0.050000 0.163889 1.000000
0 91 0.846094 0.552083 0.045312 0.162500 1.000000
0 92 0.846484 0.552083 0.041406 0.159722 1.000000
0 93 0.847266 0.554861 0.046094 0.159722 1.000000
0 94 0.844922 0.558333 0.047656 0.158333 1.000000
0 95 0.840625 0.561111 0.050000 0.155556 1.000000
0 96 0.836328 0.559722 0.050781 0.144444 1.000000
0 97 0.832422 0.560417 0.053906 0.140278 1.000000
0 98 0.828516 0.560417 0.055469 0.137500 1.000000
0 99 0.824609 0.562500 0.055469 0.133333 1.000000
0 100 0.821484 0.562500 0.057031 0.133333 1.000000
0 101 0.817578 0.563194 0.058594 0.129167 1.000000
0 102 0.815234 0.564583 0.058594 0.129167 1.000000
0 103 0.812109 0.565278 0.058594 0.127778 1.000000
0 104 0.808984 0.564583 0.058594 0.126389 1.000000
0 105 0.805859 0.565278 0.060156 0.125000 1.000000
0 106 0.803516 0.565278 0.060156 0.125000 1.000000
0 107 0.801172 0.565278 0.060156 0.125000 1.000000
0 108 0.801172 0.565278 0.060156 0.125000 1.000000
0 109 0.798828 0.565278 0.060156 0.125000 1.000000
0 110 0.794922 0.564583 0.060156 0.123611 1.000000
0 111 0.793750 0.564583 0.059375 0.123611 1.000000
0 112 0.791406 0.563194 0.059375 0.123611 1.000000
0 113 0.789844 0.563194 0.059375 0.123611 1.000000
0 114 0.789453 0.561111 0.057031 0.122222 1.000000
0 115 0.789453 0.559028 0.053906 0.126389 1.000000
0 116 0.789844 0.557639 0.050000 0.129167 1.000000
0 117 0.789453 0.555556 0.047656 0.133333 1.000000
0 118 0.787109 0.555556 0.047656 0.136111 1.000000
0 119 0.785937 0.554167 0.045312 0.136111 1.000000
0 120 0.785937 0.552778 0.037500 0.136111 1.000000
0 121 0.782813 0.551389 0.037500 0.133333 1.000000
0 122 0.778906 0.555556 0.037500 0.138889 1.000000
0 123 0.775000 0.557639 0.037500 0.137500 1.000000
0 124 0.769922 0.557639 0.036719 0.134722 1.000000
0 125 0.764844 0.559028 0.035937 0.131944 1.000000
0 126 0.759375 0.559722 0.035937 0.130556 1.000000
0 127 0.753906 0.559722 0.035937 0.130556 1.000000
0 128 0.747656 0.561111 0.035937 0.130556 1.000000
0 129 0.741406 0.559722 0.037500 0.127778 1.000000
0 130 0.734375 0.559722 0.037500 0.127778 1.000000
0 131 0.726562 0.561111 0.040625 0.125000 1.000000
0 132 0.719531 0.561111 0.040625 0.125000 1.000000
0 133 0.712500 0.561111 0.040625 0.125000 1.000000
0 134 0.705469 0.561111 0.042188 0.125000 1.000000
0 135 0.699219 0.558333 0.042188 0.125000 1.000000
0 136 0.693750 0.556944 0.042188 0.125000 1.000000
0 137 0.689844 0.552778 0.040625 0.125000 1.000000
0 138 0.686328 0.551389 0.038281 0.125000 1.000000
0 139 0.682422 0.550000 0.038281 0.125000 1.000000
0 140 0.678516 0.550000 0.038281 0.125000 1.000000
0 141 0.675391 0.550000 0.041406 0.125000 1.000000
0 142 0.671094 0.551389 0.045312 0.122222 1.000000
0 143 0.668750 0.555556 0.048438 0.122222 1.000000
0 144 0.666406 0.558333 0.050000 0.122222 1.000000
0 145 0.665625 0.560417 0.050000 0.118056 1.000000
0 146 0.666016 0.562500 0.046094 0.116667 1.000000
0 147 0.666016 0.565972 0.042969 0.112500 1.000000
0 148 0.667969 0.568056 0.035937 0.111111 1.000000
0 149 0.667188 0.570139 0.035937 0.109722 1.000000
0 150 0.666406 0.572222 0.035937 0.108333 1.000000
0 151 0.667188 0.572222 0.039062 0.108333 1.000000
0 152 0.668359 0.572222 0.041406 0.108333 1.000000
0 153 0.667969 0.571528 0.042188 0.106944 1.000000
0 154 0.669531 0.570139 0.043750 0.106944 1.000000
0 155 0.670312 0.568056 0.045312 0.111111 1.000000
0 156 0.673047 0.567361 0.046094 0.118056 1.000000
0 157 0.675391 0.565278 0.046094 0.122222 1.000000
0 158 0.678906 0.563889 0.048438 0.127778 1.000000
0 159 0.682813 0.561111 0.050000 0.130556 1.000000
0 160 0.687500 0.559028 0.051562 0.134722 1.000000
0 161 0.692969 0.556944 0.053125 0.138889 1.000000
0 162 0.697656 0.554861 0.053125 0.143056 1.000000
0 163 0.701953 0.553472 0.055469 0.143056 1.000000
0 164 0.706250 0.551389 0.059375 0.144444 1.000000
0 165 0.708203 0.548611 0.063281 0.144444 1.000000
0 166 0.711328 0.545833 0.063281 0.144444 1.000000
0 167 0.715234 0.545833 0.064844 0.144444 1.000000
0 168 0.718359 0.545833 0.063281 0.144444 1.000000
0 169 0.720703 0.544444 0.058594 0.147222 1.000000
0 170 0.723437 0.544444 0.051562 0.147222 1.000000
0 171 0.725781 0.543056 0.043750 0.150000 1.000000
0 172 0.726953 0.542361 0.036719 0.151389 1.000000
0 173 0.729297 0.543056 0.032031 0.155556 1.000000
0 174 0.732422 0.543056 0.032031 0.155556 1.000000
0 175 0.735938 0.540972 0.037500 0.159722 1.000000
0 176 0.741016 0.539583 0.036719 0.162500 1.000000
0 177 0.745313 0.538889 0.034375 0.163889 1.000000
0 178 0.748437 0.536806 0.034375 0.170833 1.000000
0 179 0.751563 0.535417 0.031250 0.170833 1.000000
0 180 0.753125 0.532639 0.029687 0.170833 1.000000
0 181 0.753125 0.531944 0.026562 0.169444 1.000000
0 182 0.754297 0.533333 0.024219 0.172222 1.000000
0 183 0.756641 0.534028 0.025781 0.170833 1.000000
0 184 0.758203 0.535417 0.032031 0.170833 1.000000
0 185 0.758594 0.538194 0.040625 0.168056 1.000000
0 186 0.760547 0.540972 0.046094 0.168056 1.000000
0 187 0.762891 0.543750 0.046094 0.165278 1.000000
0 188 0.765234 0.543750 0.042969 0.162500 1.000000
0 189 0.766797 0.545833 0.038281 0.161111 1.000000
0 190 0.767969 0.545833 0.035937 0.161111 1.000000
0 191 0.769531 0.545833 0.034375 0.161111 1.000000
0 192 0.773047 0.544444 0.032031 0.161111 1.000000
0 193 0.775781 0.545139 0.031250 0.165278 1.000000
0 194 0.775391 0.545139 0.038281 0.165278 1.000000
0 195 0.778516 0.545139 0.038281 0.165278 1.000000
0 196 0.778125 0.545139 0.045312 0.165278 1.000000
0 197 0.781250 0.547222 0.045312 0.163889 1.000000
0 198 0.783594 0.548611 0.045312 0.161111 1.000000
0 199 0.785156 0.549306 0.045312 0.159722 1.000000
0 200 0.788672 0.550694 0.047656 0.159722 1.000000
0 201 0.791016 0.547917 0.047656 0.159722 1.000000
0 202 0.794141 0.547917 0.050781 0.159722 1.000000
0 203 0.799219 0.543750 0.053125 0.154167 1.000000
0 204 0.804688 0.543056 0.050000 0.158333 1.000000
0 205 0.810937 0.541667 0.046875 0.161111 1.000000
0 206 0.819141 0.540972 0.041406 0.162500 1.000000
0 207 0.824219 0.539583 0.037500 0.162500 1.000000
0 208 0.829297 0.540972 0.033594 0.162500 1.000000
0 209 0.833984 0.542361 0.033594 0.162500 1.000000
0 210 0.838281 0.545139 0.043750 0.159722 1.000000
0 211 0.842578 0.545139 0.052344 0.159722 1.000000
0 212 0.844141 0.545833 0.058594 0.158333 1.000000
0 213 0.846484 0.545833 0.064844 0.158333 1.000000
0 214 0.847266 0.546528 0.064844 0.156944 1.000000
0 215 0.847266 0.545833 0.063281 0.155556 1.000000
0 216 0.849609 0.545833 0.055469 0.155556 1.000000
0 217 0.852344 0.544444 0.045312 0.155556 1.000000
0 218 0.856641 0.544444 0.033594 0.155556 1.000000
0 219 0.857031 0.542361 0.032813 0.154167 1.000000
0 220 0.857812 0.545139 0.032813 0.159722 1.000000
0 221 0.861328 0.545833 0.039844 0.161111 1.000000
0 222 0.864453 0.547917 0.046094 0.162500 1.000000
0 223 0.865234 0.550000 0.052344 0.161111 1.000000
0 224 0.864844 0.550694 0.054688 0.156944 1.000000
0 225 0.863281 0.551389 0.054688 0.152778 1.000000
0 226 0.862500 0.552083 0.053125 0.148611 1.000000
0 227 0.861719 0.553472 0.053125 0.143056 1.000000
0 228 0.859766 0.553472 0.052344 0.140278 1.000000
0 229 0.858594 0.553472 0.051562 0.140278 1.000000
0 230 0.857031 0.554167 0.050000 0.138889 1.000000
0 231 0.855469 0.552778 0.050000 0.138889 1.000000
0 232 0.854688 0.552083 0.048438 0.137500 1.000000
0 233 0.853125 0.550694 0.048438 0.137500 1.000000
0 234 0.853516 0.550000 0.044531 0.136111 1.000000
0 235 0.851953 0.550000 0.042969 0.136111 1.000000
0 236 0.851172 0.550000 0.041406 0.136111 1.000000
0 237 0.849609 0.550000 0.041406 0.136111 1.000000
0 238 0.848437 0.550000 0.040625 0.136111 1.000000
0 239 0.846484 0.549306 0.039844 0.140278 1.000000
0 240 0.846484 0.549306 0.039844 0.140278 1.000000
0 241 0.844141 0.547917 0.039844 0.143056 1.000000
0 242 0.838672 0.546528 0.039844 0.148611 1.000000
0 243 0.835156 0.545139 0.039062 0.151389 1.000000
0 244 0.830469 0.543750 0.040625 0.151389 1.000000
0 245 0.826562 0.543750 0.042188 0.151389 1.000000
0 246 0.819922 0.543750 0.047656 0.151389 1.000000
0 247 0.813281 0.547917 0.050000 0.151389 1.000000
0 248 0.803906 0.550000 0.053125 0.150000 1.000000
0 249 0.796875 0.555556 0.053125 0.152778 1.000000
0 250 0.789844 0.560417 0.051562 0.151389 1.000000
0 251 0.783203 0.563194 0.053906 0.148611 1.000000
0 252 0.775391 0.565972 0.055469 0.145833 1.000000
0 253 0.768359 0.568056 0.057031 0.138889 1.000000
0 254 0.762500 0.568750 0.056250 0.137500 1.000000
0 255 0.757812 0.570139 0.056250 0.134722 1.000000
0 256 0.753906 0.570139 0.053125 0.131944 1.000000
0 257 0.750781 0.571528 0.053125 0.131944 1.000000
0 258 0.747656 0.570139 0.053125 0.131944 1.000000
0 259 0.746094 0.568750 0.053125 0.131944 1.000000
0 260 0.745313 0.567361 0.051562 0.134722 1.000000
0 261 0.746875 0.567361 0.048438 0.137500 1.000000
0 262 0.749219 0.569444 0.043750 0.136111 1.000000
0 263 0.749219 0.573611 0.042188 0.141667 1.000000
0 264 0.750000 0.576389 0.043750 0.141667 1.000000
0 265 0.751563 0.583333 0.045312 0.147222 1.000000
0 266 0.751953 0.589583 0.046094 0.151389 1.000000
0 267 0.752734 0.591667 0.049219 0.144444 1.000000
0 268 0.751953 0.593750 0.047656 0.140278 1.000000
0 269 0.750781 0.596528 0.048438 0.137500 1.000000
0 270 0.750781 0.597917 0.046875 0.134722 1.000000
0 271 0.749609 0.598611 0.046094 0.130556 1.000000
0 272 0.749219 0.600000 0.045312 0.130556 1.000000
0 273 0.748437 0.600694 0.045312 0.129167 1.000000
0 274 0.748047 0.600694 0.044531 0.129167 1.000000
0 275 0.747656 0.600000 0.043750 0.130556 1.000000
0 276 0.747656 0.597222 0.043750 0.133333 1.000000
0 277 0.747656 0.595139 0.043750 0.134722 1.000000
0 278 0.746875 0.592361 0.043750 0.143056 1.000000
0 279 0.746875 0.588889 0.043750 0.150000 1.000000
0 280 0.747656 0.584722 0.043750 0.158333 1.000000
0 281 0.748047 0.580556 0.041406 0.166667 1.000000
0 282 0.748828 0.577083 0.038281 0.173611 1.000000
0 283 0.749219 0.575000 0.032813 0.177778 1.000000
0 284 0.750000 0.572222 0.032813 0.177778 1.000000
0 285 0.750000 0.570139 0.034375 0.179167 1.000000
0 286 0.749609 0.570139 0.035156 0.176389 1.000000
0 287 0.748047 0.571528 0.036719 0.176389 1.000000
0 288 0.747266 0.574306 0.038281 0.176389 1.000000
0 289 0.746484 0.577778 0.039844 0.177778 1.000000
0 290 0.745703 0.580556 0.039844 0.177778 1.000000
0 291 0.746094 0.583333 0.040625 0.177778 1.000000
0 292 0.746094 0.586111 0.040625 0.177778 1.000000
0 293 0.746484 0.586806 0.039844 0.179167 1.000000
0 294 0.748047 0.586806 0.038281 0.179167 1.000000
0 295 0.748047 0.587500 0.038281 0.180556 1.000000
