0 37 0.024219 0.613889 0.039062 0.141667 1.000000
0 38 0.029687 0.611111 0.050000 0.141667 1.000000
0 39 0.042188 0.608333 0.050000 0.141667 1.000000
0 40 0.053906 0.605556 0.050000 0.141667 1.000000
0 41 0.066797 0.600694 0.049219 0.140278 1.000000
0 42 0.078125 0.596528 0.040625 0.140278 1.000000
0 43 0.089063 0.591667 0.034375 0.136111 1.000000
0 44 0.102344 0.586111 0.034375 0.136111 1.000000
0 45 0.117188 0.580556 0.034375 0.136111 1.000000
0 46 0.130859 0.575694 0.033594 0.137500 1.000000
0 47 0.146484 0.572222 0.033594 0.136111 1.000000
0 48 0.161719 0.568750 0.034375 0.134722 1.000000
0 49 0.175781 0.566667 0.034375 0.130556 1.000000
0 50 0.188672 0.565278 0.035156 0.127778 1.000000
0 51 0.201953 0.563889 0.035156 0.127778 1.000000
0 52 0.215234 0.564583 0.035156 0.123611 1.000000
0 53 0.227734 0.564583 0.033594 0.118056 1.000000
0 54 0.241406 0.563889 0.029687 0.113889 1.000000
0 55 0.252344 0.563889 0.029687 0.113889 1.000000
0 56 0.263281 0.562500 0.029687 0.111111 1.000000
0 57 0.273047 0.559722 0.030469 0.111111 1.000000
0 58 0.283984 0.559722 0.033594 0.111111 1.000000
0 59 0.293750 0.556944 0.034375 0.111111 1.000000
0 60 0.303516 0.555556 0.039844 0.113889 1.000000
0 61 0.312109 0.553472 0.044531 0.118056 1.000000
0 62 0.318359 0.552778 0.046094 0.122222 1.000000
0 63 0.322266 0.551389 0.047656 0.127778 1.000000
0 64 0.325391 0.548611 0.047656 0.130556 1.000000
0 65 0.328125 0.546528 0.045312 0.137500 1.000000
0 66 0.329688 0.544444 0.045312 0.138889 1.000000
0 67 0.329688 0.543056 0.043750 0.138889 1.000000
0 68 0.329297 0.542361 0.041406 0.148611 1.000000
0 69 0.326172 0.540972 0.042969 0.151389 1.000000
0 70 0.323047 0.539583 0.042969 0.151389 1.000000
0 71 0.319922 0.539583 0.042969 0.151389 1.000000
0 72 0.316406 0.538889 0.043750 0.152778 1.000000
0 73 0.313672 0.538194 0.041406 0.154167 1.000000
0 74 0.309766 0.538194 0.039844 0.156944 1.000000
0 75 0.305859 0.538889 0.038281 0.155556 1.000000
0 76 0.302344 0.538889 0.037500 0.155556 1.000000
0 77 0.298438 0.538889 0.035937 0.155556 1.000000
0 78 0.293750 0.540278 0.035937 0.155556 1.000000
0 79 0.291016 0.541667 0.035156 0.155556 1.000000
0 80 0.287109 0.543056 0.035156 0.155556 1.000000
0 81 0.283984 0.543056 0.035156 0.155556 1.000000
0 82 0.279687 0.545833 0.035937 0.155556 1.000000
0 83 0.276172 0.545833 0.036719 0.155556 1.000000
0 84 0.271484 0.545833 0.036719 0.155556 1.000000
0 85 0.268359 0.548611 0.036719 0.155556 1.000000
0 86 0.264453 0.548611 0.038281 0.155556 1.000000
0 87 0.259766 0.548611 0.038281 0.155556 1.000000
0 88 0.255859 0.548611 0.039844 0.155556 1.000000
0 89 0.250781 0.550000 0.042188 0.155556 1.000000
0 90 0.246875 0.550000 0.042188 0.155556 1.000000
0 91 0.243750 0.550000 0.042188 0.155556 1.000000
0 92 0.239453 0.551389 0.044531 0.152778 1.000000
0 93 0.235156 0.552778 0.045312 0.152778 1.000000
0 94 0.232813 0.552778 0.043750 0.152778 1.000000
0 95 0.230078 0.554167 0.046094 0.150000 1.000000
0 96 0.227344 0.554861 0.048438 0.148611 1.000000
0 97 0.224219 0.556250 0.048438 0.145833 1.000000
0 98 0.221875 0.556944 0.050000 0.144444 1.000000
0 99 0.219922 0.559028 0.050781 0.140278 1.000000
0 100 0.218359 0.559722 0.055469 0.141667 1.000000
0 101 0.219141 0.562500 0.053906 0.141667 1.000000
0 102 0.221094 0.563194 0.050000 0.137500 1.000000
0 103 0.221875 0.565972 0.048438 0.137500 1.000000
0 104 0.223828 0.565972 0.057031 0.137500 1.000000
0 105 0.224219 0.565972 0.064062 0.137500 1.000000
0 106 0.225781 0.566667 0.068750 0.141667 1.000000
0 107 0.229687 0.563889 0.068750 0.141667 1.000000
0 108 0.229687 0.563889 0.068750 0.141667 1.000000
0 109 0.231250 0.561111 0.060937 0.136111 1.000000
0 110 0.245312 0.563889 0.046875 0.133333 1.000000
0 111 0.250000 0.567361 0.045312 0.129167 1.000000
0 112 0.252734 0.567361 0.050781 0.126389 1.000000
0 113 0.255859 0.568056 0.060156 0.127778 1.000000
0 114 0.263281 0.556944 0.073438 0.150000 1.000000
0 115 0.269922 0.549306 0.077344 0.156944 1.000000
0 116 0.275000 0.547222 0.075000 0.161111 1.000000
0 117 0.283594 0.552778 0.064062 0.161111 1.000000
0 118 0.289844 0.561111 0.053125 0.141667 1.000000
0 119 0.291406 0.567361 0.046875 0.129167 1.000000
0 120 0.295312 0.565972 0.045312 0.131944 1.000000
0 121 0.310937 0.564583 0.043750 0.143056 1.000000
0 122 0.316016 0.563194 0.055469 0.145833 1.000000
0 123 0.317969 0.560417 0.064062 0.145833 1.000000
0 124 0.318359 0.558333 0.063281 0.150000 1.000000
0 125 0.320312 0.556944 0.059375 0.147222 1.000000
0 126 0.322656 0.554167 0.051562 0.147222 1.000000
0 127 0.324219 0.551389 0.042188 0.147222 1.000000
0 128 0.323437 0.551389 0.034375 0.152778 1.000000
0 129 0.322266 0.552083 0.032031 0.154167 1.000000
0 130 0.322656 0.551389 0.034375 0.152778 1.000000
0 131 0.318750 0.543750 0.029687 0.137500 1.000000
0 132 0.324219 0.552083 0.053125 0.148611 1.000000
0 133 0.323437 0.560417 0.057813 0.156944 1.000000
0 134 0.322656 0.561806 0.057813 0.148611 1.000000
0 135 0.323047 0.563889 0.057031 0.144444 1.000000
0 136 0.321484 0.565972 0.049219 0.143056 1.000000
0 137 0.319922 0.564583 0.042969 0.143056 1.000000
0 138 0.317188 0.564583 0.040625 0.143056 1.000000
0 139 0.314063 0.563889 0.040625 0.150000 1.000000
0 140 0.312109 0.561111 0.038281 0.152778 1.000000
0 141 0.309375 0.559722 0.037500 0.158333 1.000000
0 142 0.307422 0.558333 0.036719 0.158333 1.000000
0 143 0.306250 0.556250 0.034375 0.162500 1.000000
0 144 0.304688 0.553472 0.034375 0.162500 1.000000
0 145 0.305469 0.551389 0.035937 0.158333 1.000000
0 146 0.306250 0.551389 0.037500 0.155556 1.000000
0 147 0.305469 0.552083 0.037500 0.154167 1.000000
0 148 0.304688 0.554167 0.037500 0.150000 1.000000
0 149 0.304688 0.554167 0.037500 0.150000 1.000000
0 150 0.305078 0.555556 0.038281 0.144444 1.000000
0 151 0.305078 0.555556 0.038281 0.144444 1.000000
0 152 0.303516 0.554167 0.039844 0.144444 1.000000
0 153 0.302344 0.552778 0.039062 0.147222 1.000000
0 154 0.302734 0.551389 0.039844 0.150000 1.000000
0 155 0.303125 0.547917 0.043750 0.148611 1.000000
0 156 0.301172 0.545833 0.041406 0.152778 1.000000
0 157 0.295703 0.543056 0.036719 0.155556 1.000000
0 158 0.296484 0.537500 0.039844 0.150000 1.000000
0 159 0.296875 0.533333 0.042188 0.147222 1.000000
0 160 0.294141 0.531944 0.039844 0.147222 1.000000
0 161 0.291797 0.533333 0.039844 0.147222 1.000000
0 162 0.292578 0.533333 0.041406 0.147222 1.000000
0 163 0.294922 0.533333 0.039844 0.147222 1.000000
0 164 0.298047 0.533333 0.036719 0.147222 1.000000
0 165 0.298828 0.531944 0.038281 0.150000 1.000000
0 166 0.299609 0.530556 0.042969 0.152778 1.000000
0 167 0.300391 0.529167 0.042969 0.152778 1.000000
0 168 0.302344 0.526389 0.040625 0.150000 1.000000
0 169 0.306250 0.525000 0.042188 0.152778 1.000000
0 170 0.311328 0.522222 0.039844 0.152778 1.000000
0 171 0.316016 0.518750 0.036719 0.151389 1.000000
0 172 0.320703 0.513889 0.036719 0.150000 1.000000
0 173 0.325781 0.509722 0.035937 0.147222 1.000000
0 174 0.329688 0.506944 0.034375 0.147222 1.000000
0 175 0.334375 0.502083 0.032813 0.145833 1.000000
0 176 0.339062 0.500000 0.032813 0.144444 1.000000
0 177 0.344531 0.498611 0.032813 0.144444 1.000000
0 178 0.349609 0.498611 0.032031 0.144444 1.000000
0 179 0.355078 0.500000 0.028906 0.141667 1.000000
0 180 0.359375 0.500000 0.029687 0.138889 1.000000
0 181 0.362500 0.502778 0.029687 0.133333 1.000000
0 182 0.366016 0.504861 0.030469 0.129167 1.000000
0 183 0.370703 0.505556 0.030469 0.127778 1.000000
0 184 0.374609 0.505556 0.028906 0.127778 1.000000
0 185 0.380469 0.505556 0.029687 0.127778 1.000000
0 186 0.385156 0.504861 0.028125 0.129167 1.000000
0 187 0.389453 0.504167 0.027344 0.130556 1.000000
0 188 0.393359 0.502778 0.028906 0.130556 1.000000
0 189 0.396875 0.502778 0.029687 0.130556 1.000000
0 190 0.400000 0.502083 0.029687 0.131944 1.000000
0 191 0.406641 0.502083 0.033594 0.131944 1.000000
0 192 0.412891 0.497222 0.038281 0.122222 1.000000
0 193 0.415234 0.497222 0.038281 0.119444 1.000000
0 194 0.417969 0.497917 0.042188 0.120833 1.000000
0 195 0.420312 0.504861 0.042188 0.129167 1.000000
0 196 0.421875 0.504861 0.042188 0.129167 1.000000
0 197 0.421094 0.504861 0.039062 0.129167 1.000000
0 198 0.421094 0.504861 0.037500 0.131944 1.000000
0 199 0.422656 0.503472 0.039062 0.134722 1.000000
0 200 0.423828 0.501389 0.041406 0.141667 1.000000
0 201 0.423047 0.500000 0.039844 0.144444 1.000000
0 202 0.421484 0.497917 0.036719 0.145833 1.000000
0 203 0.422266 0.497917 0.036719 0.148611 1.000000
0 204 0.421484 0.495139 0.036719 0.148611 1.000000
0 205 0.421484 0.495139 0.036719 0.148611 1.000000
0 206 0.421484 0.495139 0.036719 0.148611 1.000000
0 207 0.421875 0.499306 0.037500 0.148611 1.000000
0 208 0.419922 0.502083 0.038281 0.154167 1.000000
0 209 0.416797 0.504861 0.042969 0.154167 1.000000
0 210 0.412109 0.508333 0.042969 0.152778 1.000000
0 211 0.406641 0.511111 0.042969 0.152778 1.000000
0 212 0.403516 0.511806 0.042969 0.154167 1.000000
0 213 0.400391 0.511806 0.039844 0.154167 1.000000
0 214 0.397266 0.513194 0.036719 0.154167 1.000000
0 215 0.393359 0.512500 0.035156 0.152778 1.000000
0 216 0.391406 0.512500 0.034375 0.152778 1.000000
0 217 0.388672 0.512500 0.030469 0.152778 1.000000
0 218 0.385547 0.512500 0.030469 0.152778 1.000000
0 219 0.383203 0.512500 0.030469 0.152778 1.000000
0 220 0.380078 0.512500 0.035156 0.152778 1.000000
0 221 0.378125 0.513889 0.037500 0.152778 1.000000
0 222 0.374219 0.516667 0.039062 0.152778 1.000000
0 223 0.371484 0.519444 0.041406 0.152778 1.000000
0 224 0.369922 0.521528 0.042969 0.154167 1.000000
0 225 0.368359 0.521528 0.042969 0.154167 1.000000
0 226 0.367578 0.521528 0.044531 0.154167 1.000000
0 227 0.368359 0.521528 0.044531 0.154167 1.000000
0 228 0.366797 0.521528 0.042969 0.154167 1.000000
0 229 0.366406 0.520139 0.040625 0.154167 1.000000
0 230 0.367188 0.520139 0.039062 0.154167 1.000000
0 231 0.366797 0.520139 0.036719 0.154167 1.000000
0 232 0.367578 0.520139 0.032031 0.154167 1.000000
0 233 0.367188 0.519444 0.031250 0.155556 1.000000
0 234 0.364844 0.519444 0.031250 0.155556 1.000000
0 235 0.363281 0.519444 0.032813 0.155556 1.000000
0 236 0.363281 0.519444 0.034375 0.155556 1.000000
0 237 0.363281 0.519444 0.039062 0.155556 1.000000
0 238 0.364063 0.519444 0.043750 0.155556 1.000000
0 239 0.364063 0.520833 0.048438 0.152778 1.000000
0 240 0.364063 0.520833 0.048438 0.152778 1.000000
0 241 0.364063 0.520833 0.048438 0.152778 1.000000
0 242 0.359766 0.522222 0.052344 0.152778 1.000000
0 243 0.357422 0.522222 0.052344 0.152778 1.000000
0 244 0.353516 0.522222 0.052344 0.152778 1.000000
0 245 0.350781 0.522222 0.050000 0.152778 1.000000
0 246 0.346875 0.522222 0.045312 0.152778 1.000000
0 247 0.342969 0.525000 0.045312 0.152778 1.000000
0 248 0.339062 0.527778 0.043750 0.152778 1.000000
0 249 0.335938 0.532639 0.037500 0.156944 1.000000
0 250 0.333203 0.538194 0.033594 0.156944 1.000000
0 251 0.327734 0.539583 0.033594 0.159722 1.000000
0 252 0.322266 0.544444 0.033594 0.155556 1.000000
0 253 0.316797 0.545833 0.033594 0.152778 1.000000
0 254 0.311328 0.548611 0.033594 0.150000 1.000000
0 255 0.306641 0.550000 0.035156 0.150000 1.000000
0 256 0.301953 0.550694 0.035156 0.145833 1.000000
0 257 0.298438 0.553472 0.034375 0.145833 1.000000
0 258 0.294531 0.553472 0.034375 0.145833 1.000000
0 259 0.291016 0.554861 0.036719 0.145833 1.000000
0 260 0.287891 0.553472 0.036719 0.145833 1.000000
0 261 0.286328 0.553472 0.036719 0.145833 1.000000
0 262 0.284766 0.553472 0.036719 0.145833 1.000000
0 263 0.282422 0.554167 0.036719 0.147222 1.000000
0 264 0.280469 0.554167 0.035937 0.147222 1.000000
0 265 0.278125 0.553472 0.034375 0.148611 1.000000
0 266 0.276953 0.554167 0.033594 0.150000 1.000000
0 267 0.276953 0.556250 0.033594 0.154167 1.000000
0 268 0.275000 0.559028 0.034375 0.154167 1.000000
0 269 0.273438 0.560417 0.034375 0.151389 1.000000
0 270 0.272656 0.561806 0.035937 0.148611 1.000000
0 271 0.271875 0.563194 0.035937 0.145833 1.000000
0 272 0.270313 0.563194 0.035937 0.145833 1.000000
0 273 0.269922 0.563194 0.035156 0.145833 1.000000
0 274 0.268750 0.562500 0.035937 0.147222 1.000000
0 275 0.267969 0.562500 0.035937 0.150000 1.000000
0 276 0.267969 0.560417 0.035937 0.154167 1.000000
0 277 0.266016 0.559028 0.033594 0.156944 1.000000
0 278 0.263281 0.557639 0.031250 0.159722 1.000000
0 279 0.263281 0.557639 0.031250 0.159722 1.000000
0 280 0.263281 0.556944 0.026562 0.161111 1.000000
0 281 0.263281 0.556944 0.026562 0.161111 1.000000
0 282 0.263281 0.558333 0.026562 0.161111 1.000000
0 283 0.264062 0.562500 0.026562 0.161111 1.000000
0 284 0.264844 0.563889 0.026562 0.161111 1.000000
0 285 0.264844 0.566667 0.026562 0.161111 1.000000
0 286 0.265625 0.569444 0.026562 0.161111 1.000000
0 287 0.267188 0.570833 0.026562 0.163889 1.000000
0 288 0.267969 0.570833 0.026562 0.163889 1.000000
0 289 0.270313 0.570139 0.025000 0.162500 1.000000
0 290 0.271094 0.570139 0.026562 0.162500 1.000000
0 291 0.272656 0.571528 0.026562 0.165278 1.000000
0 292 0.274609 0.571528 0.025781 0.165278 1.000000
0 293 0.276172 0.571528 0.025781 0.165278 1.000000
0 294 0.277734 0.571528 0.025781 0.165278 1.000000
0 295 0.279297 0.571528 0.025781 0.165278 1.000000
