0 1 0.461198 0.697222 0.160938 0.181481 1.000000
0 2 0.459375 0.698148 0.159375 0.179630 1.000000
0 3 0.458073 0.698611 0.157812 0.178704 1.000000
0 4 0.456510 0.698148 0.157812 0.174074 1.000000
0 5 0.455208 0.698148 0.154167 0.170370 1.000000
0 6 0.454948 0.699074 0.151562 0.172222 1.000000
0 7 0.454688 0.697685 0.148958 0.169444 1.000000
0 8 0.454688 0.695370 0.148958 0.170370 1.000000
0 9 0.454948 0.694907 0.147396 0.167593 1.000000
0 10 0.455469 0.692593 0.147396 0.168519 1.000000
0 11 0.453125 0.689815 0.142708 0.170370 1.000000
0 12 0.452865 0.687963 0.140104 0.172222 1.000000
0 13 0.454167 0.681944 0.139583 0.180556 1.000000
0 14 0.454167 0.676852 0.136458 0.187037 1.000000
0 15 0.453906 0.670370 0.131771 0.196296 1.000000
0 16 0.456510 0.667130 0.128646 0.200926 1.000000
0 17 0.455469 0.661574 0.115104 0.206481 1.000000
0 18 0.455208 0.658796 0.097917 0.210185 1.000000
0 19 0.457552 0.655093 0.083854 0.213889 1.000000
0 20 0.454427 0.654167 0.089063 0.213889 1.000000
0 21 0.452083 0.652778 0.093750 0.218519 1.000000
0 22 0.451823 0.650926 0.093229 0.220370 1.000000
0 23 0.451823 0.645370 0.092188 0.225926 1.000000
0 24 0.452083 0.641204 0.093750 0.230556 1.000000
0 25 0.446615 0.637500 0.104688 0.236111 1.000000
0 26 0.443229 0.634259 0.112500 0.240741 1.000000
0 27 0.440104 0.629630 0.118750 0.246296 1.000000
0 28 0.441927 0.625463 0.117188 0.252778 1.000000
0 29 0.436198 0.617593 0.124479 0.261111 1.000000
0 30 0.436979 0.615278 0.112500 0.265741 1.000000
0 31 0.434896 0.611111 0.094792 0.270370 1.000000
0 32 0.433594 0.609259 0.080729 0.272222 1.000000
0 33 0.428385 0.606019 0.064062 0.273148 1.000000
0 34 0.424479 0.604630 0.056250 0.274074 1.000000
0 35 0.427604 0.600000 0.048958 0.281481 1.000000
0 36 0.429167 0.596296 0.050000 0.281481 1.000000
0 37 0.429688 0.593981 0.051042 0.278704 1.000000
0 38 0.429167 0.595370 0.054167 0.272222 1.000000
0 39 0.429167 0.593519 0.052083 0.272222 1.000000
0 40 0.429427 0.591667 0.046354 0.272222 1.000000
0 41 0.431510 0.588889 0.038021 0.274074 1.000000
0 42 0.431771 0.589815 0.037500 0.272222 1.000000
0 43 0.432292 0.586574 0.037500 0.269444 1.000000
0 44 0.432031 0.583796 0.036979 0.267593 1.000000
0 45 0.432031 0.580093 0.038021 0.271296 1.000000
0 46 0.434375 0.578241 0.044792 0.269444 1.000000
0 47 0.438021 0.577315 0.052083 0.265741 1.000000
0 48 0.438021 0.576389 0.054167 0.265741 1.000000
0 49 0.434635 0.574537 0.056771 0.265741 1.000000
0 50 0.431250 0.575463 0.057292 0.263889 1.000000
0 51 0.430469 0.575926 0.063021 0.259259 1.000000
0 52 0.431510 0.576852 0.067187 0.257407 1.000000
0 53 0.433333 0.577315 0.070833 0.256481 1.000000
0 54 0.435156 0.575463 0.070312 0.258333 1.000000
0 55 0.440885 0.571759 0.068229 0.262037 1.000000
0 56 0.446094 0.569444 0.060937 0.259259 1.000000
0 57 0.445833 0.567593 0.062500 0.259259 1.000000
0 58 0.448698 0.569907 0.069271 0.254630 1.000000
0 59 0.449740 0.572222 0.074479 0.248148 1.000000
0 60 0.453646 0.573148 0.081250 0.244444 1.000000
0 61 0.461458 0.571296 0.090625 0.240741 1.000000
0 62 0.466146 0.567593 0.088542 0.240741 1.000000
0 63 0.472917 0.566204 0.081250 0.237963 1.000000
0 64 0.484635 0.560185 0.070312 0.246296 1.000000
0 65 0.500521 0.551852 0.062500 0.255556 1.000000
0 66 0.505469 0.547685 0.061979 0.256481 1.000000
0 67 0.509896 0.542130 0.062500 0.262037 1.000000
0 68 0.514062 0.535185 0.062500 0.255556 1.000000
0 69 0.519010 0.533333 0.060937 0.255556 1.000000
0 70 0.521615 0.534259 0.067187 0.251852 1.000000
0 71 0.529427 0.533333 0.079687 0.238889 1.000000
0 72 0.529167 0.531481 0.084375 0.231481 1.000000
0 73 0.530729 0.529630 0.086458 0.224074 1.000000
0 74 0.528125 0.526389 0.082292 0.225000 1.000000
0 75 0.530990 0.521759 0.073438 0.228704 1.000000
0 76 0.530990 0.516667 0.072396 0.233333 1.000000
0 77 0.545573 0.509722 0.050521 0.245370 1.000000
0 78 0.548698 0.506481 0.052604 0.250000 1.000000
0 79 0.555469 0.500926 0.056771 0.255556 1.000000
0 80 0.562240 0.498611 0.058854 0.254630 1.000000
0 81 0.570573 0.496759 0.058854 0.245370 1.000000
0 82 0.578125 0.504630 0.064583 0.251852 1.000000
0 83 0.588281 0.513889 0.067187 0.246296 1.000000
0 84 0.597917 0.522685 0.076042 0.243519 1.000000
0 85 0.612500 0.530556 0.085417 0.227778 1.000000
0 86 0.620573 0.535185 0.091146 0.220370 1.000000
0 87 0.628646 0.540278 0.089583 0.223148 1.000000
0 88 0.631510 0.540278 0.084896 0.226852 1.000000
0 89 0.640625 0.536111 0.081250 0.237037 1.000000
0 90 0.653906 0.533333 0.090104 0.242593 1.000000
0 91 0.674740 0.523611 0.074479 0.260185 1.000000
0 92 0.678906 0.501389 0.066146 0.297222 1.000000
0 93 0.672917 0.489352 0.037500 0.310185 1.000000
0 94 0.677083 0.481944 0.029167 0.328704 1.000000
0 95 0.674479 0.493056 0.050000 0.313889 1.000000
0 96 0.677083 0.495833 0.054167 0.321296 1.000000
0 97 0.689583 0.500926 0.058333 0.325926 1.000000
0 98 0.701302 0.507407 0.061979 0.322222 1.000000
0 99 0.716146 0.525926 0.063542 0.301852 1.000000
0 100 0.717708 0.536111 0.064583 0.294444 1.000000
0 101 0.718490 0.564352 0.065104 0.249074 1.000000
0 102 0.721875 0.570370 0.064583 0.244444 1.000000
0 103 0.727344 0.574074 0.065104 0.244444 1.000000
0 104 0.732812 0.575926 0.063542 0.246296 1.000000
0 105 0.745573 0.574537 0.068229 0.260185 1.000000
0 106 0.750260 0.568981 0.067187 0.278704 1.000000
0 107 0.756771 0.556019 0.057292 0.315741 1.000000
0 108 0.759115 0.556944 0.052604 0.315741 1.000000
0 109 0.764062 0.558333 0.044792 0.322222 1.000000
0 110 0.766146 0.556944 0.040625 0.326852 1.000000
0 111 0.767969 0.559722 0.036979 0.323148 1.000000
0 112 0.768750 0.559259 0.035417 0.325926 1.000000
0 113 0.770312 0.558333 0.033333 0.331481 1.000000
0 114 0.771094 0.558796 0.031771 0.330556 1.000000
0 115 0.773177 0.560185 0.030729 0.329630 1.000000
0 116 0.774479 0.560648 0.030208 0.330556 1.000000
0 117 0.775781 0.561111 0.029687 0.329630 1.000000
0 118 0.778385 0.561111 0.034896 0.331481 1.000000
0 119 0.782813 0.562963 0.044792 0.329630 1.000000
0 120 0.786198 0.563889 0.051562 0.329630 1.000000
0 121 0.790104 0.568519 0.058333 0.324074 1.000000
0 122 0.790885 0.571296 0.060937 0.320370 1.000000
0 123 0.791146 0.571759 0.062500 0.317593 1.000000
0 124 0.790625 0.572685 0.062500 0.317593 1.000000
0 125 0.789844 0.570370 0.061979 0.320370 1.000000
0 126 0.789844 0.570370 0.063021 0.320370 1.000000
0 127 0.789844 0.572222 0.063021 0.320370 1.000000
0 128 0.789844 0.573611 0.063021 0.319444 1.000000
0 129 0.791406 0.575926 0.065104 0.314815 1.000000
0 130 0.791927 0.577315 0.066146 0.313889 1.000000
0 131 0.790885 0.577778 0.069271 0.312963 1.000000
0 132 0.789062 0.578241 0.072917 0.312037 1.000000
0 133 0.786979 0.579167 0.077083 0.310185 1.000000
0 134 0.786198 0.578704 0.078646 0.311111 1.000000
0 135 0.786198 0.578704 0.076563 0.311111 1.000000
0 136 0.785937 0.578704 0.077083 0.311111 1.000000
0 137 0.785677 0.578704 0.075521 0.311111 1.000000
0 138 0.785156 0.577315 0.076563 0.313889 1.000000
0 139 0.782031 0.575463 0.078646 0.317593 1.000000
0 140 0.780729 0.575000 0.083333 0.316667 1.000000
0 141 0.777344 0.574074 0.091146 0.303704 1.000000
0 142 0.775260 0.578704 0.100521 0.296296 1.000000
0 143 0.766667 0.587037 0.121875 0.277778 1.000000
0 144 0.768490 0.601852 0.115104 0.250000 1.000000
0 145 0.765885 0.620370 0.111979 0.212963 1.000000
0 146 0.768490 0.631019 0.106771 0.189815 1.000000
0 147 0.781771 0.643519 0.082292 0.168519 1.000000
0 148 0.781250 0.650926 0.085417 0.159259 1.000000
0 149 0.781510 0.659722 0.083854 0.143519 1.000000
0 150 0.782031 0.666667 0.081771 0.131481 1.000000
0 151 0.780990 0.666204 0.084896 0.132407 1.000000
0 152 0.779948 0.664815 0.085938 0.133333 1.000000
0 153 0.780469 0.661574 0.082812 0.137963 1.000000
0 154 0.779687 0.668519 0.082292 0.124074 1.000000
0 155 0.772396 0.662500 0.093750 0.134259 1.000000
0 156 0.772396 0.661111 0.091667 0.131481 1.000000
0 157 0.777344 0.647222 0.075521 0.157407 1.000000
0 158 0.776823 0.642130 0.073438 0.165741 1.000000
0 159 0.774479 0.634722 0.070833 0.176852 1.000000
0 160 0.774479 0.631019 0.067708 0.180556 1.000000
0 161 0.772917 0.630093 0.069792 0.180556 1.000000
0 162 0.771094 0.628241 0.074479 0.182407 1.000000
0 163 0.764062 0.625000 0.086458 0.183333 1.000000
0 164 0.760417 0.625926 0.086458 0.181481 1.000000
0 165 0.752865 0.624074 0.079687 0.183333 1.000000
0 166 0.748177 0.622222 0.086979 0.185185 1.000000
0 167 0.740365 0.624074 0.103646 0.179630 1.000000
0 168 0.738021 0.627315 0.113542 0.175000 1.000000
0 169 0.734635 0.626389 0.121354 0.173148 1.000000
0 170 0.732552 0.625926 0.124479 0.174074 1.000000
0 171 0.732292 0.624074 0.125000 0.175926 1.000000
0 172 0.732031 0.622222 0.125521 0.179630 1.000000
0 173 0.732031 0.619444 0.124479 0.187037 1.000000
0 174 0.729688 0.614815 0.123958 0.196296 1.000000
0 175 0.723698 0.613426 0.118229 0.199074 1.000000
0 176 0.717448 0.610185 0.111979 0.201852 1.000000
0 177 0.705729 0.606944 0.086458 0.206481 1.000000
0 178 0.700260 0.605093 0.068229 0.212037 1.000000
0 179 0.702344 0.604167 0.055729 0.217593 1.000000
0 180 0.702083 0.599537 0.052083 0.225000 1.000000
0 181 0.698438 0.593519 0.052083 0.238889 1.000000
0 182 0.697396 0.591204 0.055208 0.243519 1.000000
0 183 0.688802 0.585648 0.057813 0.252778 1.000000
0 184 0.681250 0.583796 0.047917 0.256481 1.000000
0 185 0.678385 0.583796 0.055729 0.254630 1.000000
0 186 0.675781 0.585185 0.054688 0.251852 1.000000
0 187 0.669792 0.589352 0.057292 0.243519 1.000000
0 188 0.656771 0.591667 0.064583 0.240741 1.000000
0 189 0.643490 0.595833 0.077604 0.232407 1.000000
0 190 0.635938 0.596296 0.088542 0.231481 1.000000
0 191 0.632552 0.593056 0.081771 0.236111 1.000000
0 192 0.632031 0.592130 0.071354 0.239815 1.000000
0 193 0.629687 0.587500 0.043750 0.247222 1.000000
0 194 0.621094 0.587037 0.040104 0.248148 1.000000
0 195 0.615104 0.575463 0.040625 0.271296 1.000000
0 196 0.608333 0.571759 0.051042 0.278704 1.000000
0 197 0.597135 0.571296 0.058854 0.281481 1.000000
0 198 0.590885 0.573611 0.063021 0.273148 1.000000
0 199 0.586979 0.578241 0.062500 0.263889 1.000000
0 200 0.584375 0.580556 0.056250 0.257407 1.000000
0 201 0.580729 0.580556 0.051042 0.235185 1.000000
0 202 0.575521 0.584259 0.043750 0.225926 1.000000
0 203 0.563542 0.585648 0.035417 0.223148 1.000000
0 204 0.559375 0.587500 0.038542 0.219444 1.000000
0 205 0.553646 0.587500 0.041667 0.217593 1.000000
0 206 0.546615 0.585648 0.047396 0.221296 1.000000
0 207 0.541667 0.580556 0.047917 0.227778 1.000000
0 208 0.539583 0.578704 0.045833 0.231481 1.000000
0 209 0.537500 0.576852 0.044792 0.235185 1.000000
0 210 0.539844 0.573611 0.059896 0.243519 1.000000
0 211 0.541406 0.564815 0.068229 0.266667 1.000000
0 212 0.540885 0.559722 0.073438 0.278704 1.000000
0 213 0.537240 0.555556 0.068229 0.285185 1.000000
0 214 0.532031 0.555093 0.060937 0.287963 1.000000
0 215 0.520312 0.551389 0.060417 0.295370 1.000000
0 216 0.516927 0.550463 0.061979 0.293519 1.000000
0 217 0.511198 0.550926 0.059896 0.294444 1.000000
0 218 0.505990 0.550463 0.054688 0.293519 1.000000
0 219 0.496354 0.551389 0.041667 0.295370 1.000000
0 220 0.488281 0.551389 0.034896 0.295370 1.000000
0 221 0.483854 0.552315 0.037500 0.295370 1.000000
0 222 0.479427 0.553241 0.039062 0.295370 1.000000
0 223 0.473177 0.554630 0.041146 0.292593 1.000000
0 224 0.469010 0.554167 0.043229 0.291667 1.000000
0 225 0.465365 0.554167 0.047396 0.291667 1.000000
0 226 0.460677 0.553704 0.049479 0.290741 1.000000
0 227 0.450260 0.551852 0.045312 0.290741 1.000000
0 228 0.439063 0.549537 0.048958 0.293519 1.000000
0 229 0.422656 0.544907 0.068229 0.299074 1.000000
0 230 0.413021 0.544907 0.079167 0.299074 1.000000
0 231 0.401302 0.545370 0.085938 0.300000 1.000000
0 232 0.397135 0.544444 0.085938 0.294444 1.000000
0 233 0.390625 0.544907 0.085417 0.291667 1.000000
0 234 0.386458 0.550000 0.088542 0.287037 1.000000
0 235 0.377865 0.555556 0.093229 0.283333 1.000000
0 236 0.371094 0.558333 0.098437 0.279630 1.000000
0 237 0.356250 0.563889 0.097917 0.270370 1.000000
0 238 0.346875 0.569444 0.090625 0.259259 1.000000
0 239 0.341667 0.576852 0.088542 0.250000 1.000000
0 240 0.339323 0.578704 0.088021 0.251852 1.000000
0 241 0.338802 0.569907 0.078646 0.278704 1.000000
0 242 0.337760 0.564815 0.077604 0.288889 1.000000
0 243 0.329167 0.561111 0.084375 0.300000 1.000000
0 244 0.323698 0.558796 0.086979 0.306481 1.000000
0 245 0.323437 0.557407 0.085417 0.309259 1.000000
0 246 0.322917 0.559722 0.079167 0.308333 1.000000
0 247 0.326302 0.564352 0.063021 0.302778 1.000000
0 248 0.330469 0.568056 0.052604 0.295370 1.000000
0 249 0.334115 0.576389 0.048438 0.284259 1.000000
0 250 0.335156 0.575000 0.050521 0.287037 1.000000
0 251 0.333073 0.577778 0.056771 0.285185 1.000000
0 252 0.332031 0.582407 0.052604 0.296296 1.000000
0 253 0.332813 0.584722 0.042708 0.293519 1.000000
0 254 0.328906 0.588426 0.045312 0.289815 1.000000
0 255 0.323698 0.594444 0.047396 0.283333 1.000000
0 256 0.321094 0.597685 0.049479 0.280556 1.000000
0 257 0.320312 0.601389 0.046875 0.278704 1.000000
0 258 0.320312 0.595370 0.047917 0.275926 1.000000
0 259 0.327344 0.590278 0.066146 0.291667 1.000000
0 260 0.329427 0.584259 0.066146 0.300000 1.000000
0 261 0.329688 0.579167 0.058333 0.304630 1.000000
0 262 0.329167 0.577315 0.055208 0.306481 1.000000
0 263 0.328125 0.559722 0.044792 0.336111 1.000000
0 264 0.331510 0.555556 0.044271 0.344444 1.000000
0 265 0.343229 0.562963 0.056250 0.338889 1.000000
0 266 0.348438 0.574537 0.062500 0.319444 1.000000
0 267 0.353646 0.586574 0.066667 0.295370 1.000000
0 268 0.357031 0.585648 0.066146 0.293519 1.000000
0 269 0.362760 0.583333 0.060937 0.292593 1.000000
0 270 0.370052 0.578704 0.063021 0.288889 1.000000
0 271 0.400260 0.572222 0.081771 0.281481 1.000000
0 272 0.411458 0.568981 0.079167 0.282407 1.000000
0 273 0.417969 0.562963 0.077604 0.283333 1.000000
0 274 0.421094 0.558796 0.074479 0.286111 1.000000
0 275 0.427604 0.550926 0.072917 0.292593 1.000000
0 276 0.430990 0.544907 0.068229 0.300926 1.000000
0 277 0.437240 0.541204 0.064062 0.299074 1.000000
0 278 0.442188 0.537963 0.062500 0.292593 1.000000
0 279 0.447917 0.536574 0.063542 0.287963 1.000000
0 280 0.451562 0.536111 0.066667 0.285185 1.000000
0 281 0.458333 0.538426 0.071875 0.275000 1.000000
0 282 0.461198 0.540741 0.076563 0.270370 1.000000
0 283 0.462240 0.540741 0.079687 0.262963 1.000000
0 284 0.464583 0.540278 0.082292 0.256481 1.000000
0 285 0.465625 0.539352 0.085417 0.250926 1.000000
0 286 0.463281 0.539815 0.084896 0.251852 1.000000
0 287 0.460677 0.533796 0.070312 0.256481 1.000000
0 288 0.458594 0.529630 0.064062 0.261111 1.000000
0 289 0.457813 0.525926 0.062500 0.257407 1.000000
0 290 0.459896 0.524074 0.062500 0.255556 1.000000
0 291 0.465365 0.526852 0.064062 0.250000 1.000000
0 292 0.463281 0.517593 0.073438 0.268519 1.000000
0 293 0.464062 0.519907 0.066667 0.273148 1.000000
0 294 0.463281 0.524074 0.058854 0.259259 1.000000
0 295 0.460417 0.524537 0.061458 0.250926 1.000000
0 296 0.456250 0.523148 0.059375 0.250000 1.000000
0 297 0.448958 0.513426 0.048958 0.252778 1.000000
0 298 0.442448 0.510185 0.040104 0.255556 1.000000
0 299 0.437760 0.501852 0.043229 0.262963 1.000000
0 300 0.433333 0.498611 0.052083 0.271296 1.000000
0 301 0.427083 0.490741 0.057292 0.285185 1.000000
0 302 0.420833 0.490741 0.065625 0.279630 1.000000
0 303 0.420573 0.497685 0.076563 0.260185 1.000000
0 304 0.420052 0.491204 0.094271 0.256481 1.000000
0 305 0.418229 0.486111 0.091667 0.266667 1.000000
0 306 0.419792 0.483796 0.089583 0.271296 1.000000
0 307 0.416667 0.486111 0.085417 0.264815 1.000000
0 308 0.415885 0.487963 0.081771 0.261111 1.000000
0 309 0.411979 0.487500 0.073958 0.260185 1.000000
0 310 0.408594 0.484259 0.058854 0.264815 1.000000
0 311 0.411198 0.485185 0.049479 0.275926 1.000000
0 312 0.414323 0.484259 0.045312 0.277778 1.000000
0 313 0.417969 0.483796 0.044271 0.282407 1.000000
0 314 0.414323 0.481944 0.038021 0.287963 1.000000
0 315 0.414062 0.476852 0.035417 0.296296 1.000000
0 316 0.416146 0.476852 0.040625 0.296296 1.000000
0 317 0.412500 0.482870 0.058333 0.286111 1.000000
0 318 0.425000 0.488889 0.055208 0.277778 1.000000
0 319 0.423438 0.490278 0.051042 0.265741 1.000000
0 320 0.423698 0.491204 0.052604 0.267593 1.000000
0 321 0.421354 0.493519 0.059375 0.275926 1.000000
0 322 0.418229 0.491204 0.055208 0.280556 1.000000
0 323 0.408333 0.488426 0.041667 0.286111 1.000000
0 324 0.402083 0.490741 0.047917 0.283333 1.000000
0 325 0.397135 0.493519 0.047396 0.279630 1.000000
0 326 0.399479 0.491667 0.043750 0.281481 1.000000
0 327 0.396875 0.496296 0.044792 0.283333 1.000000
0 328 0.396094 0.493519 0.040104 0.264815 1.000000
0 329 0.396875 0.490741 0.039583 0.270370 1.000000
0 330 0.398177 0.487500 0.051562 0.275000 1.000000
0 331 0.396615 0.490278 0.064062 0.284259 1.000000
0 332 0.395052 0.492593 0.071354 0.277778 1.000000
0 333 0.396875 0.494444 0.082292 0.274074 1.000000
0 334 0.394531 0.492130 0.072396 0.278704 1.000000
0 335 0.390885 0.489815 0.072396 0.287037 1.000000
0 336 0.389583 0.486574 0.070833 0.287963 1.000000
0 337 0.386458 0.491204 0.073958 0.276852 1.000000
0 338 0.385417 0.492593 0.072917 0.274074 1.000000
0 339 0.387500 0.487963 0.077083 0.285185 1.000000
0 340 0.389844 0.487500 0.083854 0.284259 1.000000
0 341 0.393229 0.490741 0.090625 0.283333 1.000000
0 342 0.394010 0.491204 0.090104 0.287963 1.000000
0 343 0.388281 0.491667 0.088021 0.283333 1.000000
0 344 0.384375 0.494444 0.082292 0.279630 1.000000
0 345 0.378646 0.500000 0.075000 0.270370 1.000000
0 346 0.377604 0.506019 0.072917 0.263889 1.000000
0 347 0.379167 0.507407 0.073958 0.264815 1.000000
0 348 0.386979 0.504630 0.081250 0.272222 1.000000
0 349 0.389062 0.498148 0.071875 0.287037 1.000000
0 350 0.400000 0.490278 0.076042 0.284259 1.000000
0 351 0.413542 0.492593 0.071875 0.298148 1.000000
0 352 0.424219 0.489815 0.077604 0.290741 1.000000
0 353 0.436719 0.493519 0.081771 0.294444 1.000000
0 354 0.440625 0.496759 0.086458 0.289815 1.000000
0 355 0.444271 0.502778 0.092708 0.287037 1.000000
0 356 0.447135 0.508333 0.095312 0.283333 1.000000
0 357 0.451042 0.513889 0.102083 0.285185 1.000000
0 358 0.455208 0.514815 0.101042 0.285185 1.000000
0 359 0.463802 0.513426 0.096354 0.287963 1.000000
0 360 0.471875 0.510185 0.088542 0.292593 1.000000
0 361 0.483073 0.505093 0.082812 0.293519 1.000000
0 362 0.490104 0.505093 0.086458 0.295370 1.000000
0 363 0.500521 0.508796 0.092708 0.295370 1.000000
0 364 0.505469 0.512037 0.095312 0.296296 1.000000
0 365 0.511719 0.519907 0.095312 0.293519 1.000000
0 366 0.516406 0.526852 0.096354 0.285185 1.000000
0 367 0.523958 0.534722 0.093750 0.287963 1.000000
0 368 0.528906 0.536111 0.097396 0.288889 1.000000
0 369 0.535677 0.529167 0.092188 0.300926 1.000000
0 370 0.543490 0.524074 0.089063 0.309259 1.000000
0 371 0.550781 0.517593 0.081771 0.312963 1.000000
0 372 0.552344 0.514815 0.075521 0.320370 1.000000
0 373 0.563021 0.518519 0.086458 0.312963 1.000000
0 374 0.565365 0.517593 0.094271 0.320370 1.000000
0 375 0.570052 0.520370 0.107813 0.325926 1.000000
0 376 0.573698 0.529167 0.115104 0.328704 1.000000
0 377 0.582031 0.537963 0.119271 0.311111 1.000000
0 378 0.590365 0.546759 0.113021 0.300926 1.000000
0 379 0.600000 0.550463 0.103125 0.317593 1.000000
0 380 0.605729 0.555093 0.102083 0.319444 1.000000
0 381 0.613281 0.554630 0.096354 0.331481 1.000000
0 382 0.615625 0.557870 0.100000 0.326852 1.000000
0 383 0.615104 0.594444 0.085417 0.251852 1.000000
0 384 0.623177 0.595833 0.088021 0.247222 1.000000
0 385 0.639583 0.602315 0.081250 0.239815 1.000000
0 386 0.642708 0.607870 0.088542 0.239815 1.000000
0 387 0.651823 0.615278 0.094271 0.243519 1.000000
0 388 0.659375 0.617593 0.091667 0.240741 1.000000
0 389 0.675521 0.617130 0.103125 0.236111 1.000000
0 390 0.675521 0.619907 0.101042 0.237963 1.000000
0 391 0.683854 0.618519 0.104167 0.240741 1.000000
0 392 0.690625 0.618056 0.104167 0.243519 1.000000
0 393 0.701042 0.623611 0.096875 0.249074 1.000000
0 394 0.705729 0.626852 0.092708 0.251852 1.000000
0 395 0.710417 0.627778 0.095833 0.253704 1.000000
0 396 0.720313 0.622222 0.092708 0.259259 1.000000
0 397 0.732552 0.615278 0.076563 0.269444 1.000000
0 398 0.739323 0.608333 0.071354 0.277778 1.000000
0 399 0.742708 0.596759 0.075000 0.295370 1.000000
0 400 0.743750 0.593519 0.079167 0.301852 1.000000
0 401 0.751042 0.597685 0.091667 0.315741 1.000000
0 402 0.758594 0.604167 0.084896 0.321296 1.000000
0 403 0.764583 0.611574 0.063542 0.310185 1.000000
0 404 0.771354 0.614815 0.057292 0.303704 1.000000
0 405 0.780469 0.610185 0.061979 0.305556 1.000000
0 406 0.786979 0.605093 0.062500 0.312037 1.000000
0 407 0.794531 0.597222 0.072396 0.311111 1.000000
0 408 0.789323 0.597222 0.080729 0.314815 1.000000
0 409 0.789583 0.600000 0.084375 0.309259 1.000000
0 410 0.796875 0.607870 0.079167 0.300926 1.000000
0 411 0.808854 0.618981 0.056250 0.304630 1.000000
0 412 0.815365 0.623148 0.055729 0.298148 1.000000
0 413 0.827083 0.627778 0.057292 0.292593 1.000000
0 414 0.828385 0.628704 0.061979 0.292593 1.000000
0 415 0.833333 0.625000 0.083333 0.303704 1.000000
0 416 0.836198 0.629630 0.093229 0.294444 1.000000
0 417 0.836458 0.640278 0.092708 0.295370 1.000000
0 418 0.835677 0.647222 0.085938 0.292593 1.000000
0 419 0.839844 0.651852 0.080729 0.287037 1.000000
0 420 0.846354 0.654167 0.083333 0.282407 1.000000
0 421 0.853125 0.654630 0.088542 0.281481 1.000000
0 422 0.855469 0.653704 0.093229 0.285185 1.000000
0 423 0.855208 0.653704 0.094792 0.290741 1.000000
0 424 0.851302 0.657407 0.091146 0.294444 1.000000
0 425 0.840885 0.660648 0.079687 0.291667 1.000000
0 426 0.829948 0.662500 0.073438 0.289815 1.000000
0 427 0.822135 0.662963 0.073438 0.287037 1.000000
0 428 0.818750 0.663889 0.076042 0.285185 1.000000
0 429 0.813802 0.665278 0.077604 0.282407 1.000000
0 430 0.816667 0.667593 0.071875 0.281481 1.000000
0 431 0.815625 0.676389 0.073958 0.287963 1.000000
0 432 0.814583 0.681481 0.076042 0.283333 1.000000
0 433 0.813542 0.685648 0.079167 0.282407 1.000000
0 434 0.813281 0.688426 0.077604 0.282407 1.000000
0 435 0.813021 0.689352 0.075000 0.284259 1.000000
0 436 0.813281 0.690741 0.077604 0.287037 1.000000
0 437 0.812500 0.692593 0.080208 0.287037 1.000000
0 438 0.813281 0.694444 0.077604 0.287037 1.000000
0 439 0.812240 0.695833 0.078646 0.286111 1.000000
0 440 0.810417 0.696759 0.077083 0.286111 1.000000
0 441 0.808333 0.696759 0.076042 0.286111 1.000000
0 442 0.805729 0.696296 0.081250 0.287037 1.000000
0 443 0.808333 0.696759 0.073958 0.287963 1.000000
0 444 0.812240 0.697222 0.068229 0.287037 1.000000
0 445 0.820833 0.698611 0.055208 0.273148 1.000000
0 446 0.826823 0.701852 0.047396 0.266667 1.000000
0 447 0.828385 0.712500 0.048438 0.254630 1.000000
0 448 0.828906 0.715741 0.049479 0.250000 1.000000
0 449 0.819010 0.713889 0.055729 0.257407 1.000000
0 450 0.810677 0.706481 0.066146 0.272222 1.000000
0 451 0.800781 0.693519 0.081771 0.288889 1.000000
0 452 0.800000 0.684259 0.097917 0.290741 1.000000
0 453 0.807292 0.656944 0.102083 0.332407 1.000000
0 454 0.815365 0.648611 0.101562 0.345370 1.000000
0 455 0.824219 0.641204 0.086979 0.354630 1.000000
0 456 0.826302 0.642130 0.081771 0.352778 1.000000
0 457 0.823698 0.649074 0.083854 0.342593 1.000000
0 458 0.821615 0.656481 0.082812 0.337037 1.000000
0 459 0.818490 0.668056 0.082812 0.330556 1.000000
0 460 0.815625 0.674074 0.083333 0.320370 1.000000
0 461 0.805990 0.679167 0.083854 0.312037 1.000000
0 462 0.798698 0.677778 0.078646 0.312963 1.000000
0 463 0.786458 0.669907 0.067708 0.325000 1.000000
0 464 0.778385 0.663889 0.058854 0.335185 1.000000
0 465 0.776563 0.657407 0.048958 0.340741 1.000000
0 466 0.775260 0.658333 0.045312 0.340741 1.000000
0 467 0.765625 0.662963 0.061458 0.337037 1.000000
0 468 0.761458 0.668056 0.069792 0.325000 1.000000
0 469 0.757812 0.674537 0.076042 0.313889 1.000000
0 470 0.758073 0.671759 0.073438 0.313889 1.000000
0 471 0.754948 0.664815 0.068229 0.322222 1.000000
0 472 0.746615 0.657407 0.073438 0.329630 1.000000
0 473 0.729948 0.647222 0.069271 0.333333 1.000000
0 474 0.720833 0.642130 0.061458 0.332407 1.000000
0 475 0.708333 0.641667 0.052083 0.309259 1.000000
0 476 0.703646 0.660648 0.051042 0.262037 1.000000
0 477 0.697396 0.658796 0.048958 0.262037 1.000000
0 478 0.690104 0.661574 0.054167 0.260185 1.000000
0 479 0.680208 0.664815 0.070833 0.251852 1.000000
0 480 0.674479 0.662500 0.082292 0.247222 1.000000
0 481 0.666927 0.658333 0.084896 0.248148 1.000000
0 482 0.663542 0.655093 0.080208 0.245370 1.000000
0 483 0.656250 0.641667 0.079167 0.225926 1.000000
0 484 0.644010 0.638889 0.077604 0.227778 1.000000
0 485 0.629167 0.631019 0.063542 0.230556 1.000000
0 486 0.625521 0.624537 0.061458 0.230556 1.000000
0 487 0.622917 0.618056 0.056250 0.232407 1.000000
0 488 0.621094 0.616204 0.054688 0.230556 1.000000
0 489 0.618229 0.611574 0.055208 0.213889 1.000000
0 490 0.616406 0.612963 0.049479 0.211111 1.000000
0 491 0.611719 0.612963 0.042188 0.207407 1.000000
0 492 0.610156 0.612500 0.040104 0.208333 1.000000
0 493 0.608333 0.607870 0.041667 0.217593 1.000000
0 494 0.607812 0.603241 0.042708 0.226852 1.000000
0 495 0.608854 0.593519 0.044792 0.240741 1.000000
0 496 0.610156 0.588889 0.045312 0.246296 1.000000
0 497 0.614323 0.582870 0.041146 0.254630 1.000000
0 498 0.616927 0.580556 0.040104 0.253704 1.000000
0 499 0.622917 0.580093 0.036458 0.254630 1.000000
0 500 0.621615 0.583796 0.039062 0.250926 1.000000
0 501 0.622396 0.592130 0.044792 0.247222 1.000000
0 502 0.621875 0.594907 0.047917 0.245370 1.000000
0 503 0.623177 0.591204 0.055729 0.252778 1.000000
0 504 0.626563 0.586111 0.063542 0.262963 1.000000
0 505 0.632031 0.584259 0.079687 0.272222 1.000000
0 506 0.632292 0.584722 0.085417 0.273148 1.000000
0 507 0.633854 0.588426 0.091667 0.275000 1.000000
0 508 0.634896 0.576852 0.096875 0.300000 1.000000
0 509 0.638021 0.572685 0.101042 0.315741 1.000000
0 510 0.640104 0.575463 0.101042 0.310185 1.000000
0 511 0.643490 0.583333 0.107813 0.298148 1.000000
0 512 0.646094 0.592593 0.108854 0.279630 1.000000
0 513 0.657031 0.600000 0.102604 0.266667 1.000000
0 514 0.663281 0.599537 0.094271 0.269444 1.000000
0 515 0.665885 0.599074 0.089063 0.274074 1.000000
0 516 0.664062 0.599074 0.082292 0.272222 1.000000
0 517 0.659896 0.601852 0.068750 0.268519 1.000000
0 518 0.669010 0.606944 0.078646 0.258333 1.000000
0 519 0.681250 0.609722 0.076042 0.254630 1.000000
0 520 0.689063 0.606019 0.071875 0.260185 1.000000
0 521 0.691927 0.602778 0.075521 0.262963 1.000000
0 522 0.694010 0.598148 0.073438 0.272222 1.000000
0 523 0.698177 0.582407 0.070312 0.257407 1.000000
0 524 0.701562 0.581481 0.068750 0.259259 1.000000
0 525 0.706510 0.585185 0.064062 0.259259 1.000000
0 526 0.710938 0.587963 0.063542 0.253704 1.000000
0 527 0.717708 0.590278 0.064583 0.249074 1.000000
0 528 0.721094 0.589815 0.067187 0.250000 1.000000
0 529 0.726042 0.585648 0.069792 0.256481 1.000000
0 530 0.729427 0.582407 0.071354 0.262963 1.000000
0 531 0.735938 0.568519 0.073958 0.246296 1.000000
0 532 0.740885 0.570833 0.075521 0.247222 1.000000
0 533 0.746875 0.574074 0.071875 0.246296 1.000000
0 534 0.748177 0.574537 0.067187 0.247222 1.000000
0 535 0.747135 0.571759 0.057813 0.252778 1.000000
0 536 0.743750 0.568519 0.048958 0.257407 1.000000
0 537 0.742188 0.562037 0.044792 0.270370 1.000000
0 538 0.744010 0.553241 0.046354 0.260185 1.000000
0 539 0.743229 0.546759 0.045833 0.252778 1.000000
0 540 0.741146 0.543056 0.052083 0.271296 1.000000
0 541 0.740625 0.537500 0.059375 0.291667 1.000000
0 542 0.740104 0.534722 0.059375 0.300926 1.000000
0 543 0.740365 0.528241 0.059896 0.312037 1.000000
0 544 0.741927 0.525000 0.060937 0.322222 1.000000
0 545 0.739844 0.516667 0.061979 0.331481 1.000000
0 546 0.739583 0.507870 0.064583 0.323148 1.000000
0 547 0.738281 0.500463 0.065104 0.315741 1.000000
0 548 0.735938 0.504630 0.059375 0.322222 1.000000
0 549 0.731250 0.508333 0.044792 0.322222 1.000000
0 550 0.733594 0.511574 0.050521 0.321296 1.000000
0 551 0.734896 0.514815 0.061458 0.312963 1.000000
0 552 0.734635 0.518519 0.066146 0.307407 1.000000
0 553 0.732031 0.523148 0.070312 0.290741 1.000000
0 554 0.729688 0.520370 0.070833 0.264815 1.000000
0 555 0.724479 0.520370 0.069792 0.264815 1.000000
0 556 0.721094 0.525463 0.069271 0.265741 1.000000
0 557 0.716146 0.531481 0.067708 0.261111 1.000000
0 558 0.712500 0.532870 0.067708 0.258333 1.000000
0 559 0.707552 0.530556 0.066146 0.261111 1.000000
0 560 0.704948 0.526389 0.063021 0.271296 1.000000
0 561 0.697917 0.519444 0.058333 0.277778 1.000000
0 562 0.695573 0.514815 0.061979 0.274074 1.000000
0 563 0.694531 0.509722 0.067187 0.263889 1.000000
0 564 0.693490 0.514815 0.060937 0.266667 1.000000
0 565 0.681510 0.519444 0.056771 0.259259 1.000000
0 566 0.671615 0.519907 0.055729 0.260185 1.000000
0 567 0.661719 0.515278 0.056771 0.267593 1.000000
0 568 0.657813 0.510185 0.059375 0.274074 1.000000
0 569 0.651563 0.504167 0.059375 0.275000 1.000000
0 570 0.646094 0.501389 0.054688 0.271296 1.000000
0 571 0.638281 0.500463 0.050521 0.269444 1.000000
0 572 0.633073 0.505093 0.050521 0.269444 1.000000
0 573 0.621354 0.510648 0.067708 0.262037 1.000000
0 574 0.617188 0.515741 0.079167 0.251852 1.000000
0 575 0.618229 0.521296 0.081250 0.246296 1.000000
0 576 0.617708 0.520833 0.078125 0.247222 1.000000
0 577 0.613802 0.516204 0.066146 0.256481 1.000000
0 578 0.607031 0.511111 0.052604 0.262963 1.000000
0 579 0.593750 0.505556 0.041667 0.274074 1.000000
0 580 0.590104 0.502315 0.047917 0.269444 1.000000
0 581 0.582031 0.499537 0.052604 0.271296 1.000000
0 582 0.577344 0.499537 0.057813 0.263889 1.000000
0 583 0.571094 0.505556 0.067187 0.259259 1.000000
0 584 0.562760 0.512037 0.074479 0.257407 1.000000
0 585 0.548177 0.520370 0.084896 0.242593 1.000000
0 586 0.543229 0.525463 0.091667 0.232407 1.000000
0 587 0.534896 0.525000 0.076042 0.227778 1.000000
0 588 0.529687 0.520833 0.077083 0.234259 1.000000
0 589 0.521615 0.513889 0.073438 0.248148 1.000000
0 590 0.515365 0.508333 0.066146 0.257407 1.000000
0 591 0.482292 0.491204 0.106250 0.282407 1.000000
0 592 0.475521 0.461574 0.102083 0.328704 1.000000
0 593 0.480469 0.462500 0.064062 0.319444 1.000000
0 594 0.473698 0.461574 0.056771 0.319444 1.000000
0 595 0.458073 0.466204 0.060937 0.304630 1.000000
0 596 0.447396 0.475463 0.072917 0.295370 1.000000
0 597 0.428646 0.495833 0.084375 0.273148 1.000000
0 598 0.419010 0.506944 0.092188 0.252778 1.000000
0 599 0.415625 0.535648 0.103125 0.200926 1.000000
0 600 0.400000 0.543519 0.133333 0.185185 1.000000
0 601 0.400521 0.558796 0.128125 0.156481 1.000000
0 602 0.400521 0.562963 0.148958 0.148148 1.000000
0 603 0.392448 0.552315 0.134896 0.167593 1.000000
0 604 0.382292 0.531481 0.120833 0.209259 1.000000
0 605 0.364844 0.510648 0.091146 0.267593 1.000000
0 606 0.366667 0.521759 0.093750 0.245370 1.000000
0 607 0.350000 0.525000 0.142708 0.240741 1.000000
0 608 0.341406 0.555093 0.170313 0.178704 1.000000
0 609 0.333333 0.527315 0.133333 0.232407 1.000000
0 610 0.321875 0.510648 0.088542 0.265741 1.000000
0 611 0.325781 0.512500 0.069271 0.262037 1.000000
0 612 0.308073 0.519907 0.117188 0.247222 1.000000
0 613 0.298438 0.565278 0.155208 0.154630 1.000000
0 614 0.306771 0.566667 0.146875 0.153704 1.000000
0 615 0.314063 0.562500 0.133333 0.162037 1.000000
0 616 0.307812 0.552778 0.121875 0.194444 1.000000
0 617 0.309115 0.531019 0.125521 0.239815 1.000000
0 618 0.303906 0.518519 0.116146 0.268519 1.000000
0 619 0.292448 0.503704 0.097396 0.300000 1.000000
0 620 0.282552 0.498148 0.083854 0.314815 1.000000
0 621 0.268490 0.497222 0.071354 0.318519 1.000000
0 622 0.263802 0.500000 0.063021 0.322222 1.000000
0 623 0.259375 0.501389 0.057292 0.323148 1.000000
0 624 0.257292 0.501389 0.055208 0.325000 1.000000
0 625 0.245052 0.501389 0.065104 0.325000 1.000000
0 626 0.235677 0.505093 0.064062 0.319444 1.000000
0 627 0.220052 0.516204 0.070312 0.297222 1.000000
0 628 0.213802 0.524074 0.073438 0.281481 1.000000
0 629 0.208594 0.534259 0.070312 0.270370 1.000000
0 630 0.206250 0.540278 0.067708 0.271296 1.000000
0 631 0.207031 0.544907 0.065104 0.262037 1.000000
0 632 0.205729 0.546759 0.060417 0.258333 1.000000
0 633 0.200000 0.548611 0.053125 0.254630 1.000000
0 634 0.196354 0.548148 0.053125 0.251852 1.000000
0 635 0.194271 0.549074 0.055208 0.246296 1.000000
0 636 0.194010 0.550463 0.052604 0.245370 1.000000
0 637 0.193750 0.550000 0.051042 0.246296 1.000000
0 638 0.193490 0.552778 0.052604 0.255556 1.000000
0 639 0.194010 0.551852 0.047396 0.259259 1.000000
0 640 0.193750 0.550463 0.044792 0.260185 1.000000
0 641 0.190365 0.555556 0.046354 0.253704 1.000000
0 642 0.191927 0.555556 0.052604 0.251852 1.000000
0 643 0.191146 0.556019 0.056250 0.250926 1.000000
0 644 0.187240 0.557407 0.057813 0.251852 1.000000
0 645 0.182552 0.556481 0.053646 0.255556 1.000000
0 646 0.183073 0.557407 0.048438 0.251852 1.000000
0 647 0.183854 0.562037 0.053125 0.250000 1.000000
0 648 0.186719 0.564815 0.056771 0.248148 1.000000
0 649 0.185417 0.567130 0.059375 0.245370 1.000000
0 650 0.183073 0.568981 0.057813 0.243519 1.000000
0 651 0.177604 0.571296 0.052083 0.242593 1.000000
0 652 0.176042 0.578241 0.054167 0.247222 1.000000
0 653 0.174219 0.582870 0.058854 0.245370 1.000000
0 654 0.172396 0.588426 0.059375 0.241667 1.000000
0 655 0.172917 0.592593 0.058333 0.238889 1.000000
0 656 0.173958 0.595370 0.057292 0.237037 1.000000
0 657 0.176042 0.596759 0.054167 0.237963 1.000000
0 658 0.178125 0.598611 0.054167 0.237963 1.000000
0 659 0.180990 0.601389 0.055729 0.239815 1.000000
0 660 0.184115 0.604167 0.057813 0.237963 1.000000
0 661 0.189844 0.605093 0.058854 0.241667 1.000000
0 662 0.193490 0.604630 0.057813 0.237037 1.000000
0 663 0.198177 0.606481 0.058854 0.237037 1.000000
0 664 0.198958 0.607407 0.060417 0.237037 1.000000
0 665 0.201302 0.607870 0.063021 0.236111 1.000000
0 666 0.202604 0.608796 0.065625 0.237963 1.000000
0 667 0.201302 0.610648 0.064062 0.234259 1.000000
0 668 0.198698 0.611111 0.059896 0.233333 1.000000
0 669 0.193750 0.611111 0.051042 0.233333 1.000000
0 670 0.192969 0.612037 0.049479 0.231481 1.000000
0 671 0.192969 0.612963 0.048438 0.231481 1.000000
0 672 0.190104 0.612037 0.053125 0.227778 1.000000
0 673 0.191406 0.614815 0.057813 0.220370 1.000000
0 674 0.193490 0.617593 0.059896 0.214815 1.000000
0 675 0.196094 0.622685 0.061979 0.206481 1.000000
0 676 0.197656 0.624537 0.063021 0.202778 1.000000
0 677 0.202344 0.624074 0.055729 0.205556 1.000000
0 678 0.208333 0.619444 0.039583 0.214815 1.000000
0 679 0.226042 0.610185 0.055208 0.227778 1.000000
0 680 0.233333 0.604630 0.066667 0.235185 1.000000
0 681 0.231771 0.598148 0.058333 0.235185 1.000000
0 682 0.227344 0.580556 0.047396 0.264815 1.000000
0 683 0.218750 0.571296 0.029167 0.285185 1.000000
0 684 0.217708 0.573148 0.044792 0.287037 1.000000
0 685 0.217188 0.577778 0.051042 0.281481 1.000000
0 686 0.217969 0.577778 0.048438 0.277778 1.000000
0 687 0.220833 0.577315 0.043750 0.280556 1.000000
0 688 0.222396 0.574074 0.040625 0.285185 1.000000
0 689 0.223177 0.572685 0.038021 0.287963 1.000000
0 690 0.222656 0.572685 0.039062 0.287963 1.000000
0 691 0.221094 0.573148 0.039062 0.283333 1.000000
0 692 0.221875 0.575000 0.041667 0.281481 1.000000
0 693 0.224740 0.576852 0.046354 0.277778 1.000000
0 694 0.225000 0.580093 0.048958 0.271296 1.000000
0 695 0.226042 0.579630 0.053125 0.270370 1.000000
0 696 0.226042 0.579630 0.054167 0.268519 1.000000
0 697 0.227344 0.579167 0.055729 0.265741 1.000000
0 698 0.227604 0.579630 0.057292 0.264815 1.000000
0 699 0.229687 0.579167 0.059375 0.262037 1.000000
0 700 0.230990 0.583333 0.060937 0.251852 1.000000
0 701 0.234115 0.578704 0.071354 0.255556 1.000000
0 702 0.228125 0.587963 0.061458 0.233333 1.000000
0 703 0.225781 0.586574 0.058854 0.228704 1.000000
0 704 0.222917 0.587037 0.056250 0.224074 1.000000
0 705 0.220312 0.587500 0.055208 0.217593 1.000000
0 706 0.220573 0.584722 0.054688 0.217593 1.000000
0 707 0.221875 0.577778 0.053125 0.224074 1.000000
0 708 0.222917 0.573611 0.051042 0.226852 1.000000
0 709 0.223698 0.570370 0.044271 0.231481 1.000000
0 710 0.225260 0.569907 0.049479 0.232407 1.000000
0 711 0.230729 0.569444 0.048958 0.231481 1.000000
0 712 0.234635 0.568981 0.046354 0.230556 1.000000
0 713 0.235417 0.566667 0.048958 0.231481 1.000000
0 714 0.236458 0.565741 0.050000 0.229630 1.000000
0 715 0.237240 0.563889 0.050521 0.231481 1.000000
0 716 0.237760 0.563426 0.050521 0.226852 1.000000
0 717 0.238542 0.558796 0.048958 0.219444 1.000000
0 718 0.238542 0.556019 0.048958 0.219444 1.000000
0 719 0.238802 0.552778 0.048438 0.218519 1.000000
0 720 0.238542 0.551389 0.048958 0.219444 1.000000
0 721 0.239844 0.552315 0.051562 0.219444 1.000000
0 722 0.239844 0.551852 0.052604 0.218519 1.000000
0 723 0.239583 0.552315 0.052083 0.217593 1.000000
0 724 0.239583 0.551852 0.051042 0.216667 1.000000
0 725 0.238542 0.550000 0.048958 0.220370 1.000000
0 726 0.238542 0.550463 0.047917 0.219444 1.000000
0 727 0.238802 0.549074 0.047396 0.216667 1.000000
0 728 0.238802 0.547685 0.047396 0.217593 1.000000
0 729 0.239063 0.545370 0.046875 0.218519 1.000000
0 730 0.238802 0.544444 0.046354 0.218519 1.000000
0 731 0.239063 0.548611 0.042708 0.225000 1.000000
0 732 0.239323 0.548148 0.041146 0.225926 1.000000
0 733 0.239323 0.548148 0.039062 0.225926 1.000000
0 734 0.238802 0.546296 0.039062 0.229630 1.000000
0 735 0.240625 0.545833 0.043750 0.230556 1.000000
0 736 0.242448 0.546296 0.048438 0.231481 1.000000
0 737 0.243490 0.549074 0.052604 0.231481 1.000000
0 738 0.245573 0.548611 0.056771 0.228704 1.000000
0 739 0.245312 0.553241 0.057292 0.228704 1.000000
0 740 0.242448 0.556481 0.060937 0.231481 1.000000
0 741 0.240885 0.557407 0.059896 0.229630 1.000000
0 742 0.240885 0.557870 0.059896 0.230556 1.000000
0 743 0.240365 0.556481 0.064062 0.233333 1.000000
0 744 0.240365 0.556019 0.069271 0.234259 1.000000
0 745 0.239844 0.554630 0.078646 0.237037 1.000000
0 746 0.239063 0.555093 0.085417 0.236111 1.000000
0 747 0.234635 0.555556 0.092188 0.235185 1.000000
0 748 0.228646 0.558333 0.091667 0.229630 1.000000
0 749 0.217448 0.562963 0.084896 0.222222 1.000000
0 750 0.207292 0.566204 0.071875 0.215741 1.000000
0 751 0.207813 0.568981 0.069792 0.208333 1.000000
0 752 0.209896 0.569444 0.060417 0.207407 1.000000
0 753 0.201823 0.564815 0.077604 0.211111 1.000000
0 754 0.203125 0.559722 0.073958 0.217593 1.000000
0 755 0.218490 0.552778 0.065104 0.225926 1.000000
0 756 0.225781 0.546759 0.059896 0.230556 1.000000
0 757 0.223438 0.540741 0.068750 0.237037 1.000000
0 758 0.220573 0.538889 0.065104 0.235185 1.000000
0 759 0.228385 0.537963 0.073438 0.237037 1.000000
0 760 0.229687 0.537037 0.077083 0.238889 1.000000
0 761 0.228906 0.535648 0.082812 0.239815 1.000000
0 762 0.225260 0.535648 0.090104 0.239815 1.000000
0 763 0.219792 0.534722 0.098958 0.241667 1.000000
0 764 0.215885 0.535185 0.100521 0.238889 1.000000
0 765 0.205990 0.537500 0.103646 0.234259 1.000000
0 766 0.199479 0.542593 0.095833 0.227778 1.000000
0 767 0.199479 0.547222 0.076042 0.222222 1.000000
0 768 0.202083 0.547222 0.062500 0.222222 1.000000
0 769 0.195312 0.545833 0.066667 0.225000 1.000000
0 770 0.198177 0.543519 0.071354 0.229630 1.000000
0 771 0.209896 0.542130 0.071875 0.234259 1.000000
0 772 0.217448 0.542130 0.065104 0.236111 1.000000
0 773 0.217708 0.543056 0.068750 0.236111 1.000000
0 774 0.216146 0.545370 0.067708 0.233333 1.000000
0 775 0.220312 0.545370 0.070833 0.233333 1.000000
0 776 0.224740 0.545833 0.079687 0.234259 1.000000
0 777 0.227083 0.543519 0.088542 0.238889 1.000000
0 778 0.225260 0.543519 0.097396 0.238889 1.000000
0 779 0.214062 0.545370 0.085417 0.235185 1.000000
0 780 0.203385 0.545370 0.090104 0.233333 1.000000
0 781 0.196094 0.550463 0.098437 0.225000 1.000000
0 782 0.195052 0.555093 0.089063 0.219444 1.000000
0 783 0.198958 0.555093 0.068750 0.217593 1.000000
0 784 0.204167 0.554630 0.050000 0.222222 1.000000
0 785 0.209115 0.550463 0.040104 0.228704 1.000000
0 786 0.209115 0.548148 0.044271 0.231481 1.000000
0 787 0.213542 0.548611 0.045833 0.232407 1.000000
0 788 0.216667 0.549074 0.051042 0.233333 1.000000
0 789 0.216146 0.551389 0.059375 0.230556 1.000000
0 790 0.213802 0.551389 0.052604 0.230556 1.000000
0 791 0.214583 0.548148 0.045833 0.235185 1.000000
0 792 0.216146 0.548611 0.050000 0.236111 1.000000
0 793 0.212760 0.548148 0.057813 0.235185 1.000000
0 794 0.208854 0.547685 0.061458 0.237963 1.000000
0 795 0.201302 0.548148 0.068229 0.235185 1.000000
0 796 0.195052 0.550926 0.080729 0.229630 1.000000
0 797 0.193490 0.557407 0.091146 0.220370 1.000000
0 798 0.194271 0.557870 0.082292 0.219444 1.000000
0 799 0.200781 0.555093 0.050521 0.223148 1.000000
0 800 0.204948 0.551852 0.041146 0.229630 1.000000
0 801 0.204687 0.548611 0.047917 0.232407 1.000000
0 802 0.207031 0.548148 0.051562 0.233333 1.000000
0 803 0.210677 0.548148 0.049479 0.233333 1.000000
0 804 0.212500 0.549074 0.052083 0.233333 1.000000
0 805 0.210156 0.550000 0.056771 0.231481 1.000000
0 806 0.206510 0.548148 0.048438 0.235185 1.000000
0 807 0.207813 0.549074 0.045833 0.235185 1.000000
0 808 0.211458 0.548148 0.047917 0.237037 1.000000
0 809 0.206250 0.547685 0.061458 0.236111 1.000000
0 810 0.204687 0.546296 0.064583 0.235185 1.000000
0 811 0.191667 0.548611 0.083333 0.225000 1.000000
0 812 0.188281 0.550926 0.093229 0.224074 1.000000
0 813 0.191146 0.555093 0.085417 0.215741 1.000000
0 814 0.192708 0.557870 0.069792 0.213889 1.000000
0 815 0.204687 0.553241 0.051042 0.219444 1.000000
0 816 0.210156 0.550463 0.040104 0.223148 1.000000
0 817 0.214323 0.546759 0.048438 0.228704 1.000000
0 818 0.218229 0.544444 0.052083 0.231481 1.000000
0 819 0.219792 0.545370 0.055208 0.231481 1.000000
0 820 0.219792 0.546759 0.057292 0.230556 1.000000
0 821 0.217708 0.545370 0.048958 0.231481 1.000000
0 822 0.216927 0.546296 0.041146 0.231481 1.000000
0 823 0.219271 0.545370 0.048958 0.233333 1.000000
0 824 0.218229 0.545833 0.060417 0.232407 1.000000
0 825 0.221094 0.546759 0.067187 0.228704 1.000000
0 826 0.220052 0.550000 0.073438 0.224074 1.000000
0 827 0.209115 0.554167 0.094271 0.217593 1.000000
0 828 0.207813 0.557870 0.092708 0.213889 1.000000
0 829 0.211458 0.558796 0.085417 0.212037 1.000000
0 830 0.220052 0.556481 0.078646 0.216667 1.000000
0 831 0.233333 0.550463 0.057292 0.223148 1.000000
0 832 0.234115 0.548611 0.046354 0.226852 1.000000
0 833 0.228125 0.547222 0.043750 0.233333 1.000000
0 834 0.228646 0.548611 0.051042 0.234259 1.000000
0 835 0.230729 0.551852 0.057292 0.231481 1.000000
0 836 0.227344 0.552315 0.048438 0.230556 1.000000
0 837 0.234635 0.552315 0.052604 0.230556 1.000000
0 838 0.233073 0.550463 0.046354 0.232407 1.000000
0 839 0.229948 0.549074 0.043229 0.235185 1.000000
0 840 0.233854 0.549074 0.057292 0.235185 1.000000
0 841 0.237240 0.547222 0.073438 0.237037 1.000000
0 842 0.237240 0.549074 0.075521 0.233333 1.000000
0 843 0.225000 0.551389 0.095833 0.230556 1.000000
0 844 0.217188 0.553704 0.103125 0.227778 1.000000
0 845 0.212240 0.558796 0.095312 0.219444 1.000000
0 846 0.211979 0.558333 0.088542 0.222222 1.000000
0 847 0.219792 0.554167 0.068750 0.228704 1.000000
0 848 0.227604 0.550926 0.055208 0.231481 1.000000
0 849 0.236719 0.549074 0.045312 0.237037 1.000000
0 850 0.238281 0.549074 0.042188 0.237037 1.000000
0 851 0.239063 0.550463 0.042708 0.236111 1.000000
0 852 0.241146 0.551852 0.050000 0.235185 1.000000
0 853 0.242448 0.551389 0.050521 0.236111 1.000000
0 854 0.242708 0.549537 0.045833 0.239815 1.000000
0 855 0.247656 0.541667 0.053646 0.253704 1.000000
0 856 0.250000 0.533333 0.059375 0.270370 1.000000
0 857 0.251302 0.533796 0.065104 0.269444 1.000000
0 858 0.252604 0.541204 0.077083 0.254630 1.000000
0 859 0.246094 0.550000 0.107813 0.238889 1.000000
0 860 0.239844 0.551389 0.127604 0.234259 1.000000
0 861 0.231771 0.556944 0.136458 0.228704 1.000000
0 862 0.217969 0.558333 0.114062 0.225926 1.000000
0 863 0.214062 0.555093 0.096875 0.225000 1.000000
0 864 0.216927 0.552778 0.081771 0.231481 1.000000
0 865 0.225260 0.550000 0.063021 0.237037 1.000000
0 866 0.232031 0.548611 0.048438 0.241667 1.000000
0 867 0.239844 0.551389 0.035937 0.236111 1.000000
0 868 0.238021 0.551389 0.041667 0.236111 1.000000
0 869 0.240365 0.551852 0.050521 0.233333 1.000000
0 870 0.240365 0.551852 0.047396 0.233333 1.000000
0 871 0.240625 0.551852 0.044792 0.235185 1.000000
0 872 0.240365 0.550926 0.046354 0.235185 1.000000
0 873 0.240885 0.551852 0.049479 0.233333 1.000000
0 874 0.245052 0.552315 0.056771 0.234259 1.000000
0 875 0.250521 0.551852 0.062500 0.235185 1.000000
0 876 0.251302 0.551852 0.073438 0.235185 1.000000
0 877 0.242448 0.549537 0.097396 0.236111 1.000000
0 878 0.236979 0.546296 0.109375 0.246296 1.000000
0 879 0.229427 0.543056 0.118229 0.262037 1.000000
0 880 0.225781 0.542593 0.117188 0.262963 1.000000
0 881 0.222917 0.544907 0.114583 0.260185 1.000000
0 882 0.221615 0.544907 0.117188 0.260185 1.000000
0 883 0.220312 0.545370 0.125000 0.259259 1.000000
0 884 0.222135 0.545833 0.129688 0.260185 1.000000
0 885 0.226562 0.546759 0.136458 0.254630 1.000000
0 886 0.232292 0.551852 0.132292 0.246296 1.000000
0 887 0.247135 0.553704 0.111979 0.240741 1.000000
0 888 0.253385 0.556944 0.104688 0.232407 1.000000
0 889 0.252083 0.559722 0.103125 0.228704 1.000000
0 890 0.250781 0.561111 0.098437 0.225926 1.000000
0 891 0.247656 0.561111 0.084896 0.225926 1.000000
0 892 0.239583 0.561574 0.060417 0.226852 1.000000
0 893 0.236458 0.560648 0.039583 0.225000 1.000000
0 894 0.239063 0.560185 0.030208 0.222222 1.000000
0 895 0.238542 0.562963 0.031250 0.220370 1.000000
0 896 0.240625 0.566204 0.034375 0.221296 1.000000
0 897 0.243490 0.567593 0.040104 0.220370 1.000000
0 898 0.244531 0.566667 0.044271 0.224074 1.000000
0 899 0.247917 0.562037 0.057292 0.231481 1.000000
0 900 0.246875 0.558796 0.061458 0.237963 1.000000
0 901 0.246615 0.554630 0.065104 0.246296 1.000000
0 902 0.245312 0.553241 0.067708 0.247222 1.000000
0 903 0.240885 0.552315 0.082812 0.247222 1.000000
0 904 0.234635 0.555556 0.098437 0.244444 1.000000
0 905 0.224219 0.560648 0.108854 0.236111 1.000000
0 906 0.218750 0.565278 0.111458 0.230556 1.000000
0 907 0.209375 0.576852 0.098958 0.233333 1.000000
0 908 0.202865 0.579630 0.081771 0.229630 1.000000
0 909 0.208333 0.579630 0.060417 0.231481 1.000000
0 910 0.211719 0.580556 0.051562 0.229630 1.000000
0 911 0.195833 0.579167 0.068750 0.232407 1.000000
0 912 0.191146 0.577315 0.091667 0.234259 1.000000
0 913 0.190104 0.571296 0.106250 0.242593 1.000000
0 914 0.189583 0.566667 0.110417 0.251852 1.000000
0 915 0.185938 0.553704 0.107292 0.266667 1.000000
0 916 0.182552 0.549537 0.102604 0.275000 1.000000
0 917 0.177344 0.546759 0.093229 0.280556 1.000000
0 918 0.174479 0.548148 0.082292 0.279630 1.000000
0 919 0.175521 0.556944 0.068750 0.278704 1.000000
0 920 0.179948 0.563426 0.058854 0.265741 1.000000
0 921 0.176563 0.576389 0.053125 0.239815 1.000000
0 922 0.171615 0.578241 0.063021 0.237963 1.000000
0 923 0.175521 0.576852 0.089583 0.240741 1.000000
0 924 0.177865 0.576389 0.096354 0.241667 1.000000
0 925 0.179688 0.578241 0.088542 0.239815 1.000000
0 926 0.176302 0.578704 0.070312 0.240741 1.000000
0 927 0.164844 0.574537 0.048438 0.249074 1.000000
0 928 0.161198 0.571759 0.048438 0.256481 1.000000
0 929 0.164583 0.568981 0.065625 0.263889 1.000000
0 930 0.164062 0.561111 0.075000 0.274074 1.000000
0 931 0.157031 0.553704 0.094271 0.290741 1.000000
0 932 0.151302 0.550926 0.102604 0.300000 1.000000
0 933 0.140625 0.554630 0.107292 0.311111 1.000000
0 934 0.133073 0.556481 0.104688 0.312963 1.000000
0 935 0.123958 0.559259 0.092708 0.311111 1.000000
0 936 0.121354 0.561574 0.087500 0.308333 1.000000
0 937 0.123698 0.561574 0.081771 0.308333 1.000000
0 938 0.127865 0.562037 0.074479 0.309259 1.000000
0 939 0.134896 0.556481 0.062500 0.294444 1.000000
0 940 0.139323 0.560185 0.054688 0.292593 1.000000
0 941 0.142187 0.563889 0.053125 0.288889 1.000000
0 942 0.142448 0.568519 0.048438 0.285185 1.000000
0 943 0.144010 0.572685 0.039062 0.275000 1.000000
0 944 0.143490 0.577315 0.036979 0.263889 1.000000
0 945 0.142969 0.582407 0.052604 0.253704 1.000000
0 946 0.147396 0.580556 0.060417 0.261111 1.000000
0 947 0.155990 0.573611 0.063021 0.249074 1.000000
0 948 0.159896 0.579630 0.063542 0.251852 1.000000
0 949 0.158073 0.586574 0.072396 0.243519 1.000000
0 950 0.155729 0.591204 0.078125 0.237963 1.000000
0 951 0.151562 0.596759 0.083333 0.230556 1.000000
0 952 0.152083 0.595370 0.080208 0.231481 1.000000
0 953 0.147917 0.589352 0.085417 0.237963 1.000000
0 954 0.150260 0.585648 0.088021 0.243519 1.000000
0 955 0.155729 0.579630 0.091667 0.248148 1.000000
0 956 0.159896 0.574074 0.091667 0.251852 1.000000
0 957 0.166927 0.568519 0.092188 0.251852 1.000000
0 958 0.173958 0.566667 0.090625 0.250000 1.000000
0 959 0.184896 0.568519 0.085417 0.242593 1.000000
0 960 0.192708 0.574074 0.080208 0.238889 1.000000
0 961 0.204427 0.580093 0.077604 0.228704 1.000000
0 962 0.211458 0.583796 0.080208 0.225000 1.000000
0 963 0.221094 0.585648 0.088021 0.221296 1.000000
0 964 0.226823 0.584722 0.092188 0.221296 1.000000
0 965 0.234115 0.582407 0.098437 0.224074 1.000000
0 966 0.239844 0.579630 0.100521 0.225926 1.000000
0 967 0.248177 0.572222 0.101562 0.235185 1.000000
0 968 0.253906 0.565741 0.100521 0.235185 1.000000
0 969 0.262500 0.561574 0.100000 0.236111 1.000000
0 970 0.267708 0.561574 0.100000 0.234259 1.000000
0 971 0.276042 0.560185 0.101042 0.231481 1.000000
0 972 0.282031 0.563889 0.102604 0.227778 1.000000
0 973 0.289323 0.573611 0.099479 0.225000 1.000000
0 974 0.294792 0.584259 0.097917 0.209259 1.000000
0 975 0.306510 0.588889 0.091146 0.209259 1.000000
0 976 0.316927 0.591204 0.081771 0.206481 1.000000
0 977 0.329427 0.590741 0.071354 0.198148 1.000000
0 978 0.331510 0.585185 0.070312 0.194444 1.000000
0 979 0.333854 0.583796 0.064583 0.195370 1.000000
0 980 0.343229 0.580556 0.063542 0.200000 1.000000
0 981 0.347917 0.577315 0.061458 0.204630 1.000000
0 982 0.342969 0.575000 0.067187 0.207407 1.000000
0 983 0.339844 0.575000 0.064062 0.203704 1.000000
0 984 0.345313 0.569907 0.060417 0.195370 1.000000
0 985 0.355729 0.562037 0.051042 0.211111 1.000000
0 986 0.355469 0.557407 0.053646 0.220370 1.000000
0 987 0.354427 0.552315 0.060937 0.228704 1.000000
0 988 0.363802 0.550000 0.066146 0.233333 1.000000
0 989 0.377604 0.546759 0.072917 0.234259 1.000000
0 990 0.385156 0.546759 0.079687 0.236111 1.000000
0 991 0.398177 0.533333 0.096354 0.203704 1.000000
0 992 0.398698 0.519444 0.100521 0.157407 1.000000
0 993 0.403125 0.498611 0.117708 0.110185 1.000000
0 994 0.404427 0.496296 0.124479 0.101852 1.000000
0 995 0.403906 0.514815 0.131771 0.138889 1.000000
0 996 0.401302 0.529630 0.119271 0.166667 1.000000
0 997 0.401302 0.554630 0.098437 0.198148 1.000000
0 998 0.406510 0.557407 0.090104 0.196296 1.000000
0 999 0.419792 0.559722 0.065625 0.191667 1.000000
0 1000 0.430469 0.557870 0.052604 0.191667 1.000000
0 1001 0.448177 0.557407 0.035937 0.192593 1.000000
0 1002 0.458073 0.554630 0.050521 0.194444 1.000000
0 1003 0.467969 0.555093 0.061979 0.195370 1.000000
0 1004 0.469271 0.553241 0.058333 0.197222 1.000000
0 1005 0.474219 0.551389 0.048438 0.197222 1.000000
0 1006 0.476562 0.550000 0.045833 0.198148 1.000000
0 1007 0.478385 0.545370 0.042188 0.190741 1.000000
0 1008 0.485156 0.546296 0.050521 0.190741 1.000000
0 1009 0.488802 0.549537 0.054688 0.189815 1.000000
0 1010 0.490885 0.549537 0.059896 0.186111 1.000000
0 1011 0.493750 0.550463 0.066667 0.186111 1.000000
0 1012 0.493750 0.547685 0.067708 0.189815 1.000000
0 1013 0.491927 0.543981 0.063021 0.195370 1.000000
0 1014 0.491406 0.542593 0.058854 0.200000 1.000000
0 1015 0.489323 0.541667 0.048438 0.201852 1.000000
0 1016 0.488021 0.542593 0.040625 0.201852 1.000000
0 1017 0.488802 0.549537 0.038021 0.200926 1.000000
0 1018 0.490104 0.552315 0.038542 0.195370 1.000000
0 1019 0.487500 0.556944 0.035417 0.186111 1.000000
0 1020 0.487500 0.560185 0.037500 0.183333 1.000000
0 1021 0.485938 0.561111 0.040625 0.187037 1.000000
0 1022 0.484635 0.560648 0.042188 0.189815 1.000000
0 1023 0.480208 0.558333 0.041667 0.196296 1.000000
0 1024 0.478125 0.555093 0.037500 0.200926 1.000000
0 1025 0.475521 0.550463 0.033333 0.208333 1.000000
0 1026 0.473698 0.549074 0.034896 0.211111 1.000000
0 1027 0.465365 0.550000 0.047396 0.209259 1.000000
0 1028 0.467187 0.552778 0.042708 0.209259 1.000000
0 1029 0.464844 0.559722 0.046354 0.206481 1.000000
0 1030 0.462500 0.562963 0.045833 0.201852 1.000000
0 1031 0.460156 0.565741 0.050521 0.194444 1.000000
0 1032 0.458594 0.566204 0.051562 0.195370 1.000000
0 1033 0.454948 0.574537 0.051562 0.206481 1.000000
0 1034 0.455469 0.576852 0.053646 0.201852 1.000000
0 1035 0.454688 0.579167 0.044792 0.197222 1.000000
0 1036 0.457031 0.579630 0.036979 0.198148 1.000000
0 1037 0.460417 0.577778 0.032292 0.200000 1.000000
0 1038 0.460938 0.576389 0.036458 0.202778 1.000000
0 1039 0.463021 0.574537 0.041667 0.208333 1.000000
0 1040 0.463802 0.574537 0.042188 0.213889 1.000000
0 1041 0.463542 0.580556 0.037500 0.224074 1.000000
0 1042 0.463021 0.582870 0.034375 0.221296 1.000000
0 1043 0.463281 0.585185 0.033854 0.218519 1.000000
0 1044 0.464844 0.584259 0.032813 0.216667 1.000000
0 1045 0.465365 0.583796 0.036979 0.217593 1.000000
0 1046 0.466927 0.580556 0.033854 0.220370 1.000000
0 1047 0.470052 0.576852 0.032813 0.237037 1.000000
0 1048 0.471354 0.572685 0.034375 0.250926 1.000000
0 1049 0.473958 0.571759 0.039583 0.254630 1.000000
0 1050 0.476562 0.570370 0.043750 0.257407 1.000000
0 1051 0.479687 0.565741 0.043750 0.264815 1.000000
0 1052 0.484896 0.563426 0.041667 0.269444 1.000000
0 1053 0.485938 0.562500 0.045833 0.271296 1.000000
0 1054 0.486719 0.562500 0.048438 0.271296 1.000000
0 1055 0.487760 0.563889 0.051562 0.266667 1.000000
0 1056 0.489844 0.564815 0.054688 0.264815 1.000000
0 1057 0.495312 0.566667 0.060417 0.261111 1.000000
0 1058 0.500000 0.565278 0.063542 0.260185 1.000000
0 1059 0.510677 0.565741 0.056771 0.257407 1.000000
0 1060 0.518490 0.568056 0.050521 0.254630 1.000000
0 1061 0.523698 0.569907 0.051562 0.239815 1.000000
0 1062 0.526302 0.574074 0.050521 0.231481 1.000000
0 1063 0.529948 0.577778 0.056771 0.224074 1.000000
0 1064 0.527604 0.579630 0.056250 0.218519 1.000000
0 1065 0.531250 0.578241 0.057292 0.219444 1.000000
0 1066 0.535156 0.579167 0.055729 0.217593 1.000000
0 1067 0.543750 0.579167 0.048958 0.215741 1.000000
0 1068 0.547917 0.579167 0.047917 0.215741 1.000000
0 1069 0.554167 0.579167 0.040625 0.217593 1.000000
0 1070 0.559896 0.577778 0.045833 0.220370 1.000000
0 1071 0.567187 0.577315 0.046875 0.223148 1.000000
0 1072 0.573698 0.577778 0.049479 0.222222 1.000000
0 1073 0.579167 0.578241 0.050000 0.223148 1.000000
0 1074 0.582292 0.578704 0.050000 0.225926 1.000000
0 1075 0.588281 0.580093 0.059896 0.223148 1.000000
0 1076 0.592969 0.581481 0.059896 0.222222 1.000000
0 1077 0.591927 0.584259 0.040104 0.222222 1.000000
0 1078 0.594010 0.583796 0.039062 0.223148 1.000000
0 1079 0.596875 0.582870 0.039583 0.228704 1.000000
0 1080 0.599219 0.582870 0.047396 0.232407 1.000000
0 1081 0.599479 0.583796 0.048958 0.234259 1.000000
0 1082 0.601562 0.582407 0.050000 0.237037 1.000000
0 1083 0.606771 0.581944 0.044792 0.239815 1.000000
0 1084 0.609115 0.581944 0.050521 0.243519 1.000000
0 1085 0.609896 0.583333 0.054167 0.242593 1.000000
0 1086 0.609115 0.587037 0.055729 0.240741 1.000000
0 1087 0.608854 0.593056 0.066667 0.241667 1.000000
0 1088 0.608854 0.595833 0.071875 0.239815 1.000000
0 1089 0.615885 0.598148 0.076563 0.238889 1.000000
0 1090 0.617969 0.599537 0.079687 0.239815 1.000000
0 1091 0.621615 0.602315 0.064062 0.241667 1.000000
0 1092 0.616927 0.602315 0.056771 0.245370 1.000000
0 1093 0.608073 0.599537 0.061979 0.254630 1.000000
0 1094 0.608594 0.595833 0.055729 0.265741 1.000000
0 1095 0.609375 0.587037 0.063542 0.268519 1.000000
0 1096 0.613542 0.585185 0.065625 0.268519 1.000000
0 1097 0.616406 0.596296 0.056771 0.287037 1.000000
0 1098 0.623437 0.604167 0.064583 0.295370 1.000000
0 1099 0.628646 0.610648 0.063542 0.287963 1.000000
0 1100 0.630729 0.616667 0.060417 0.281481 1.000000
0 1101 0.632552 0.622222 0.055729 0.277778 1.000000
0 1102 0.633333 0.623148 0.054167 0.275926 1.000000
0 1103 0.634115 0.624074 0.055729 0.277778 1.000000
0 1104 0.633073 0.629630 0.053646 0.292593 1.000000
0 1105 0.630990 0.631944 0.056771 0.297222 1.000000
0 1106 0.630208 0.631481 0.057292 0.300000 1.000000
0 1107 0.628646 0.629167 0.058333 0.308333 1.000000
0 1108 0.627604 0.625000 0.056250 0.316667 1.000000
0 1109 0.628125 0.620833 0.056250 0.321296 1.000000
0 1110 0.626823 0.612963 0.053646 0.333333 1.000000
0 1111 0.628906 0.600463 0.058854 0.363889 1.000000
0 1112 0.629948 0.599537 0.060937 0.375000 1.000000
0 1113 0.629687 0.608333 0.060417 0.359259 1.000000
0 1114 0.627865 0.617593 0.066146 0.344444 1.000000
0 1115 0.622917 0.623148 0.072917 0.348148 1.000000
0 1116 0.619792 0.622685 0.072917 0.347222 1.000000
0 1117 0.611719 0.618519 0.080729 0.350000 1.000000
0 1118 0.607812 0.618519 0.088542 0.348148 1.000000
0 1119 0.603125 0.616667 0.091667 0.344444 1.000000
0 1120 0.596094 0.612500 0.102604 0.343519 1.000000
0 1121 0.589063 0.608333 0.106250 0.346296 1.000000
0 1122 0.582812 0.608796 0.113542 0.352778 1.000000
0 1123 0.577344 0.607870 0.114062 0.358333 1.000000
0 1124 0.573958 0.606481 0.112500 0.359259 1.000000
0 1125 0.570052 0.600926 0.102604 0.366667 1.000000
0 1126 0.569271 0.596759 0.094792 0.373148 1.000000
0 1127 0.566667 0.588889 0.091667 0.387037 1.000000
0 1128 0.565885 0.578704 0.084896 0.403704 1.000000
0 1129 0.564063 0.567130 0.078125 0.425000 1.000000
0 1130 0.561198 0.562500 0.072396 0.437963 1.000000
0 1131 0.556250 0.562500 0.064583 0.443519 1.000000
0 1132 0.550260 0.570370 0.065104 0.437037 1.000000
0 1133 0.542708 0.579167 0.065625 0.425000 1.000000
0 1134 0.539583 0.585648 0.065625 0.410185 1.000000
0 1135 0.536458 0.592593 0.064583 0.405556 1.000000
0 1136 0.534115 0.595370 0.061979 0.405556 1.000000
0 1137 0.534115 0.601389 0.060937 0.395370 1.000000
0 1138 0.530729 0.607407 0.065625 0.388889 1.000000
0 1139 0.524740 0.614815 0.075521 0.375926 1.000000
0 1140 0.520052 0.615741 0.092188 0.372222 1.000000
0 1141 0.523177 0.608796 0.103646 0.378704 1.000000
0 1142 0.521354 0.604630 0.113542 0.383333 1.000000
0 1143 0.522656 0.589815 0.109896 0.390741 1.000000
0 1144 0.522917 0.582407 0.106250 0.392593 1.000000
0 1145 0.521354 0.573611 0.101042 0.391667 1.000000
0 1146 0.518750 0.571296 0.101042 0.387037 1.000000
0 1147 0.515365 0.571759 0.103646 0.375000 1.000000
0 1148 0.513021 0.577315 0.105208 0.375000 1.000000
0 1149 0.509115 0.586111 0.110937 0.361111 1.000000
0 1150 0.507031 0.590741 0.115104 0.355556 1.000000
0 1151 0.506250 0.589815 0.110417 0.350000 1.000000
0 1152 0.505469 0.588889 0.105729 0.351852 1.000000
0 1153 0.490365 0.575926 0.105729 0.338889 1.000000
0 1154 0.477604 0.571759 0.106250 0.345370 1.000000
0 1155 0.471615 0.557870 0.105729 0.358333 1.000000
0 1156 0.469271 0.545370 0.109375 0.374074 1.000000
0 1157 0.466667 0.521296 0.108333 0.405556 1.000000
0 1158 0.463802 0.483796 0.109896 0.463889 1.000000
0 1159 0.463542 0.481481 0.103125 0.462963 1.000000
0 1160 0.463802 0.483333 0.096354 0.451852 1.000000
0 1161 0.467187 0.497685 0.085417 0.425000 1.000000
0 1162 0.465365 0.509722 0.084896 0.415741 1.000000
0 1163 0.460677 0.522222 0.086979 0.400000 1.000000
0 1164 0.453646 0.527315 0.091667 0.387963 1.000000
0 1165 0.451302 0.543981 0.098437 0.349074 1.000000
0 1166 0.456771 0.548611 0.092708 0.336111 1.000000
0 1167 0.455990 0.540278 0.072396 0.319444 1.000000
0 1168 0.444792 0.538889 0.073958 0.322222 1.000000
0 1169 0.434896 0.536574 0.084375 0.321296 1.000000
0 1170 0.432552 0.533333 0.090104 0.320370 1.000000
0 1171 0.427083 0.495833 0.107292 0.239815 1.000000
0 1172 0.435417 0.495833 0.143750 0.236111 1.000000
0 1173 0.441927 0.472685 0.173437 0.173148 1.000000
0 1174 0.438542 0.468981 0.172917 0.145370 1.000000
0 1175 0.427344 0.453241 0.157812 0.204630 1.000000
0 1176 0.425260 0.463889 0.160938 0.248148 1.000000
0 1177 0.428906 0.503704 0.148438 0.314815 1.000000
0 1178 0.425781 0.511574 0.152604 0.302778 1.000000
0 1179 0.429167 0.525000 0.140625 0.277778 1.000000
0 1180 0.428385 0.534259 0.132812 0.257407 1.000000
0 1181 0.422396 0.546296 0.106250 0.229630 1.000000
0 1182 0.426302 0.552315 0.103646 0.219444 1.000000
0 1183 0.429948 0.549537 0.109896 0.213889 1.000000
0 1184 0.423698 0.563889 0.110937 0.187037 1.000000
0 1185 0.405729 0.551852 0.096875 0.192593 1.000000
0 1186 0.398958 0.541204 0.082292 0.202778 1.000000
0 1187 0.395313 0.542593 0.091667 0.190741 1.000000
0 1188 0.378125 0.541204 0.103125 0.189815 1.000000
0 1189 0.377083 0.537963 0.098958 0.190741 1.000000
0 1190 0.375260 0.531944 0.091146 0.187963 1.000000
0 1191 0.372135 0.525926 0.082812 0.196296 1.000000
0 1192 0.369792 0.522222 0.078125 0.200000 1.000000
0 1193 0.364323 0.524074 0.078646 0.192593 1.000000
0 1194 0.366667 0.520370 0.066667 0.196296 1.000000
0 1195 0.364063 0.532870 0.064583 0.167593 1.000000
0 1196 0.366146 0.529630 0.066667 0.172222 1.000000
0 1197 0.370833 0.523611 0.065625 0.184259 1.000000
0 1198 0.372396 0.518519 0.065625 0.192593 1.000000
0 1199 0.374740 0.513426 0.068229 0.199074 1.000000
0 1200 0.376302 0.508333 0.069271 0.205556 1.000000
0 1201 0.377604 0.504167 0.064583 0.212037 1.000000
0 1202 0.376042 0.500926 0.060417 0.216667 1.000000
