0 1 0.079687 0.431250 0.025000 0.112500 0.000000 0.000000 1.000000
0 2 0.074219 0.430556 0.031250 0.116667 -0.005469 -0.000694 1.000000
0 3 0.074219 0.430556 0.031250 0.116667 0.000000 0.000000 1.000000
0 4 0.069141 0.429167 0.035156 0.116667 -0.005078 -0.001389 1.000000
0 5 0.065234 0.430556 0.036719 0.116667 -0.003906 0.001389 1.000000
0 6 0.064453 0.431944 0.038281 0.116667 -0.000781 0.001389 1.000000
0 7 0.061328 0.433333 0.038281 0.113889 -0.003125 0.001389 1.000000
0 8 0.061328 0.433333 0.038281 0.113889 0.000000 0.000000 1.000000
0 9 0.060156 0.434722 0.037500 0.105556 -0.001172 0.001389 1.000000
0 10 0.059766 0.435417 0.036719 0.106944 -0.000391 0.000694 1.000000
0 11 0.059766 0.433333 0.036719 0.105556 0.000000 -0.002083 1.000000
0 12 0.060547 0.433333 0.036719 0.111111 0.000781 0.000000 1.000000
0 13 0.060547 0.433333 0.036719 0.111111 0.000000 0.000000 1.000000
0 14 0.060547 0.427778 0.039844 0.113889 0.000000 -0.005556 1.000000
0 15 0.064844 0.427778 0.032813 0.113889 0.004297 0.000000 1.000000
0 16 0.066016 0.426389 0.032031 0.113889 0.001172 -0.001389 1.000000
0 17 0.066406 0.427778 0.032813 0.116667 0.000391 0.001389 1.000000
0 18 0.066406 0.427778 0.032813 0.116667 0.000000 0.000000 1.000000
0 19 0.068750 0.427083 0.037500 0.109722 0.002344 -0.000694 1.000000
0 20 0.071094 0.429861 0.042188 0.109722 0.002344 0.002778 1.000000
0 21 0.071484 0.429167 0.041406 0.108333 0.000391 -0.000694 1.000000
0 22 0.072266 0.429167 0.038281 0.108333 0.000781 0.000000 1.000000
0 23 0.072266 0.429167 0.038281 0.108333 0.000000 0.000000 1.000000
0 24 0.076172 0.427778 0.030469 0.108333 0.003906 -0.001389 1.000000
0 25 0.079297 0.426389 0.025781 0.111111 0.003125 -0.001389 1.000000
0 26 0.082812 0.426389 0.023438 0.111111 0.003516 0.000000 1.000000
0 27 0.085938 0.426389 0.018750 0.111111 0.003125 0.000000 1.000000
0 28 0.085938 0.426389 0.018750 0.111111 0.000000 0.000000 1.000000
0 29 0.089063 0.425000 0.018750 0.113889 0.003125 -0.001389 1.000000
0 30 0.093750 0.425000 0.025000 0.113889 0.004687 0.000000 1.000000
0 31 0.095312 0.423611 0.025000 0.113889 0.001563 -0.001389 1.000000
0 32 0.098437 0.422917 0.028125 0.112500 0.003125 -0.000694 1.000000
0 33 0.098437 0.422917 0.028125 0.112500 0.000000 0.000000 1.000000
0 34 0.103906 0.422222 0.028125 0.113889 0.005469 -0.000694 1.000000
0 35 0.105469 0.422222 0.028125 0.113889 0.001563 0.000000 1.000000
0 36 0.106250 0.421528 0.029687 0.112500 0.000781 -0.000694 1.000000
0 37 0.108594 0.420833 0.026562 0.113889 0.002344 -0.000694 1.000000
0 38 0.108594 0.420833 0.026562 0.113889 0.000000 0.000000 1.000000
0 39 0.114062 0.418056 0.021875 0.113889 0.005469 -0.002778 1.000000
0 40 0.115625 0.417361 0.021875 0.112500 0.001563 -0.000694 1.000000
0 41 0.117969 0.416667 0.020313 0.113889 0.002344 -0.000694 1.000000
0 42 0.121484 0.415278 0.021094 0.113889 0.003516 -0.001389 1.000000
0 43 0.121484 0.415278 0.021094 0.113889 0.000000 0.000000 1.000000
0 44 0.126562 0.413889 0.020313 0.116667 0.005078 -0.001389 1.000000
0 45 0.128906 0.411111 0.020313 0.116667 0.002344 -0.002778 1.000000
0 46 0.132031 0.410417 0.020313 0.118056 0.003125 -0.000694 1.000000
0 47 0.135156 0.409028 0.020313 0.118056 0.003125 -0.001389 1.000000
0 48 0.135156 0.409028 0.020313 0.118056 0.000000 0.000000 1.000000
0 49 0.142969 0.405556 0.020313 0.116667 0.007812 -0.003472 1.000000
0 50 0.146875 0.404167 0.020313 0.116667 0.003906 -0.001389 1.000000
0 51 0.150781 0.402778 0.020313 0.116667 0.003906 -0.001389 1.000000
0 52 0.153516 0.401389 0.019531 0.116667 0.002734 -0.001389 1.000000
0 53 0.153516 0.401389 0.019531 0.116667 0.000000 0.000000 1.000000
0 54 0.161719 0.399306 0.020313 0.115278 0.008203 -0.002083 1.000000
0 55 0.164844 0.397917 0.020313 0.115278 0.003125 -0.001389 1.000000
0 56 0.167969 0.395833 0.020313 0.113889 0.003125 -0.002083 1.000000
0 57 0.171094 0.393750 0.021875 0.115278 0.003125 -0.002083 1.000000
0 58 0.171094 0.393750 0.021875 0.115278 0.000000 0.000000 1.000000
0 59 0.176563 0.388889 0.025000 0.116667 0.005469 -0.004861 1.000000
0 60 0.180469 0.388889 0.026562 0.116667 0.003906 0.000000 1.000000
0 61 0.184375 0.387500 0.028125 0.116667 0.003906 -0.001389 1.000000
0 62 0.187891 0.388194 0.025781 0.115278 0.003516 0.000694 1.000000
0 63 0.187891 0.388194 0.025781 0.115278 0.000000 0.000000 1.000000
0 64 0.193750 0.388889 0.020313 0.113889 0.005859 0.000694 1.000000
0 65 0.197656 0.389583 0.020313 0.112500 0.003906 0.000694 1.000000
0 66 0.201563 0.388889 0.020313 0.113889 0.003906 -0.000694 1.000000
0 67 0.205469 0.387500 0.023438 0.113889 0.003906 -0.001389 1.000000
0 68 0.205469 0.387500 0.023438 0.113889 0.000000 0.000000 1.000000
0 69 0.215234 0.387500 0.024219 0.113889 0.009766 0.000000 1.000000
0 70 0.220312 0.386806 0.025000 0.112500 0.005078 -0.000694 1.000000
0 71 0.224609 0.387500 0.024219 0.113889 0.004297 0.000694 1.000000
0 72 0.226562 0.387500 0.021875 0.113889 0.001953 0.000000 1.000000
0 73 0.226562 0.387500 0.021875 0.113889 0.000000 0.000000 1.000000
0 74 0.234766 0.384028 0.022656 0.115278 0.008203 -0.003472 1.000000
0 75 0.238672 0.381944 0.022656 0.116667 0.003906 -0.002083 1.000000
0 76 0.244141 0.380556 0.025781 0.116667 0.005469 -0.001389 1.000000
0 77 0.249219 0.379167 0.026562 0.113889 0.005078 -0.001389 1.000000
0 78 0.249219 0.379167 0.026562 0.113889 0.000000 0.000000 1.000000
0 79 0.258203 0.380556 0.022656 0.111111 0.008984 0.001389 1.000000
0 80 0.263281 0.379861 0.021875 0.112500 0.005078 -0.000694 1.000000
0 81 0.268750 0.381250 0.021875 0.112500 0.005469 0.001389 1.000000
0 82 0.274609 0.379167 0.021094 0.113889 0.005859 -0.002083 1.000000
0 83 0.274609 0.379167 0.021094 0.113889 0.000000 0.000000 1.000000
0 84 0.285156 0.375000 0.020313 0.111111 0.010547 -0.004167 1.000000
0 85 0.289062 0.375000 0.021875 0.113889 0.003906 0.000000 1.000000
0 86 0.293750 0.375694 0.021875 0.112500 0.004687 0.000694 1.000000
0 87 0.299219 0.375000 0.021875 0.111111 0.005469 -0.000694 1.000000
0 88 0.299219 0.375000 0.021875 0.111111 0.000000 0.000000 1.000000
0 89 0.310156 0.375694 0.020313 0.109722 0.010937 0.000694 1.000000
0 90 0.315234 0.375000 0.021094 0.111111 0.005078 -0.000694 1.000000
0 91 0.318359 0.373611 0.021094 0.111111 0.003125 -0.001389 1.000000
0 92 0.323047 0.373611 0.021094 0.111111 0.004687 0.000000 1.000000
0 93 0.323047 0.373611 0.021094 0.111111 0.000000 0.000000 1.000000
0 94 0.331250 0.373611 0.021875 0.111111 0.008203 0.000000 1.000000
0 95 0.335156 0.375000 0.020313 0.111111 0.003906 0.001389 1.000000
0 96 0.339844 0.373611 0.020313 0.108333 0.004687 -0.001389 1.000000
0 97 0.343750 0.373611 0.020313 0.108333 0.003906 0.000000 1.000000
0 98 0.343750 0.373611 0.020313 0.108333 0.000000 0.000000 1.000000
0 99 0.349219 0.371528 0.020313 0.109722 0.005469 -0.002083 1.000000
0 100 0.352734 0.369444 0.022656 0.111111 0.003516 -0.002083 1.000000
0 101 0.356641 0.368750 0.025781 0.109722 0.003906 -0.000694 1.000000
0 102 0.359375 0.369444 0.025000 0.111111 0.002734 0.000694 1.000000
0 103 0.359375 0.369444 0.025000 0.111111 0.000000 0.000000 1.000000
0 104 0.366406 0.368750 0.017188 0.104167 0.007031 -0.000694 1.000000
0 105 0.370312 0.370139 0.018750 0.106944 0.003906 0.001389 1.000000
0 106 0.373828 0.368056 0.019531 0.105556 0.003516 -0.002083 1.000000
0 107 0.376172 0.367361 0.021094 0.106944 0.002344 -0.000694 1.000000
0 108 0.376172 0.367361 0.021094 0.106944 0.000000 0.000000 1.000000
0 109 0.382422 0.363889 0.021094 0.105556 0.006250 -0.003472 1.000000
0 110 0.384766 0.361111 0.022656 0.105556 0.002344 -0.002778 1.000000
0 111 0.387500 0.361111 0.021875 0.105556 0.002734 0.000000 1.000000
0 112 0.390625 0.359028 0.020313 0.106944 0.003125 -0.002083 1.000000
0 113 0.390625 0.359028 0.020313 0.106944 0.000000 0.000000 1.000000
0 114 0.394922 0.356944 0.019531 0.108333 0.004297 -0.002083 1.000000
0 115 0.396875 0.354861 0.018750 0.106944 0.001953 -0.002083 1.000000
0 116 0.399219 0.353472 0.018750 0.106944 0.002344 -0.001389 1.000000
0 117 0.400781 0.352778 0.018750 0.105556 0.001563 -0.000694 1.000000
0 118 0.400781 0.352778 0.018750 0.105556 0.000000 0.000000 1.000000
0 119 0.403516 0.352083 0.019531 0.104167 0.002734 -0.000694 1.000000
0 120 0.405469 0.351389 0.020313 0.102778 0.001953 -0.000694 1.000000
0 121 0.405859 0.350694 0.021094 0.101389 0.000391 -0.000694 1.000000
0 122 0.406250 0.350000 0.021875 0.102778 0.000391 -0.000694 1.000000
0 123 0.406250 0.350000 0.021875 0.102778 0.000000 0.000000 1.000000
0 124 0.406250 0.347917 0.021875 0.104167 0.000000 -0.002083 1.000000
0 125 0.407031 0.347222 0.021875 0.102778 0.000781 -0.000694 1.000000
0 126 0.407422 0.346528 0.022656 0.101389 0.000391 -0.000694 1.000000
0 127 0.407813 0.345833 0.021875 0.102778 0.000391 -0.000694 1.000000
0 128 0.407813 0.345833 0.021875 0.102778 0.000000 0.000000 1.000000
0 129 0.407422 0.343056 0.019531 0.105556 -0.000391 -0.002778 1.000000
0 130 0.407422 0.341667 0.019531 0.105556 0.000000 -0.001389 1.000000
0 131 0.407813 0.340278 0.018750 0.105556 0.000391 -0.001389 1.000000
0 132 0.407813 0.339583 0.018750 0.104167 0.000000 -0.000694 1.000000
0 133 0.407813 0.339583 0.018750 0.104167 0.000000 0.000000 1.000000
0 134 0.408594 0.339583 0.020313 0.101389 0.000781 0.000000 1.000000
0 135 0.407422 0.339583 0.017969 0.101389 -0.001172 0.000000 1.000000
0 136 0.409375 0.340278 0.021875 0.102778 0.001953 0.000694 1.000000
0 137 0.409766 0.340278 0.022656 0.100000 0.000391 0.000000 1.000000
0 138 0.409766 0.340278 0.022656 0.100000 0.000000 0.000000 1.000000
0 139 0.407813 0.340278 0.021875 0.097222 -0.001953 0.000000 1.000000
0 140 0.407813 0.340278 0.023438 0.097222 0.000000 0.000000 1.000000
0 141 0.407422 0.340278 0.024219 0.097222 -0.000391 0.000000 1.000000
0 142 0.406641 0.338194 0.022656 0.098611 -0.000781 -0.002083 1.000000
0 143 0.406641 0.338194 0.022656 0.098611 0.000000 0.000000 1.000000
0 144 0.405469 0.336111 0.023438 0.100000 -0.001172 -0.002083 1.000000
0 145 0.404687 0.335417 0.023438 0.098611 -0.000781 -0.000694 1.000000
0 146 0.403516 0.335417 0.022656 0.098611 -0.001172 0.000000 1.000000
0 147 0.400391 0.336111 0.025781 0.097222 -0.003125 0.000694 1.000000
0 148 0.400391 0.336111 0.025781 0.097222 0.000000 0.000000 1.000000
0 149 0.398828 0.337500 0.030469 0.094444 -0.001563 0.001389 1.000000
0 150 0.399219 0.337500 0.031250 0.094444 0.000391 0.000000 1.000000
0 151 0.399609 0.337500 0.030469 0.094444 0.000391 0.000000 1.000000
0 152 0.400781 0.337500 0.029687 0.094444 0.001172 0.000000 1.000000
0 153 0.400781 0.337500 0.029687 0.094444 0.000000 0.000000 1.000000
0 154 0.400000 0.337500 0.029687 0.091667 -0.000781 0.000000 1.000000
0 155 0.399609 0.338889 0.027344 0.091667 -0.000391 0.001389 1.000000
0 156 0.400391 0.340278 0.027344 0.091667 0.000781 0.001389 1.000000
0 157 0.401562 0.340278 0.028125 0.091667 0.001172 0.000000 1.000000
0 158 0.401562 0.340278 0.028125 0.091667 0.000000 0.000000 1.000000
0 159 0.401562 0.344444 0.028125 0.094444 0.000000 0.004167 1.000000
0 160 0.401172 0.344444 0.027344 0.091667 -0.000391 0.000000 1.000000
0 161 0.400391 0.346528 0.025781 0.093056 -0.000781 0.002083 1.000000
0 162 0.399219 0.348611 0.023438 0.091667 -0.001172 0.002083 1.000000
0 163 0.399219 0.348611 0.023438 0.091667 0.000000 0.000000 1.000000
0 164 0.396094 0.351389 0.021875 0.086111 -0.003125 0.002778 1.000000
0 165 0.394531 0.354861 0.023438 0.087500 -0.001563 0.003472 1.000000
0 166 0.394531 0.354861 0.026562 0.084722 0.000000 0.000000 1.000000
0 167 0.394141 0.356944 0.028906 0.088889 -0.000391 0.002083 1.000000
0 168 0.394141 0.356944 0.028906 0.088889 0.000000 0.000000 1.000000
0 169 0.392578 0.356944 0.028906 0.086111 -0.001563 0.000000 1.000000
0 170 0.391016 0.359722 0.025781 0.088889 -0.001563 0.002778 1.000000
0 171 0.391406 0.361806 0.025000 0.087500 0.000391 0.002083 1.000000
0 172 0.392188 0.362500 0.025000 0.088889 0.000781 0.000694 1.000000
0 173 0.392188 0.362500 0.025000 0.088889 0.000000 0.000000 1.000000
0 174 0.390625 0.363194 0.023438 0.090278 -0.001563 0.000694 1.000000
0 175 0.388672 0.363194 0.024219 0.093056 -0.001953 0.000000 1.000000
0 176 0.387500 0.364583 0.025000 0.093056 -0.001172 0.001389 1.000000
0 177 0.386719 0.367361 0.023438 0.095833 -0.000781 0.002778 1.000000
0 178 0.386719 0.367361 0.023438 0.095833 0.000000 0.000000 1.000000
0 179 0.387109 0.366667 0.021094 0.094444 0.000391 -0.000694 1.000000
0 180 0.389062 0.367361 0.020313 0.095833 0.001953 0.000694 1.000000
0 181 0.389844 0.368056 0.020313 0.097222 0.000781 0.000694 1.000000
0 182 0.390234 0.366667 0.022656 0.097222 0.000391 -0.001389 1.000000
0 183 0.390234 0.366667 0.022656 0.097222 0.000000 0.000000 1.000000
0 184 0.391016 0.366667 0.025781 0.097222 0.000781 0.000000 1.000000
0 185 0.391797 0.367361 0.025781 0.095833 0.000781 0.000694 1.000000
0 186 0.391797 0.372222 0.025781 0.094444 0.000000 0.004861 1.000000
0 187 0.392969 0.372222 0.026562 0.091667 0.001172 0.000000 1.000000
0 188 0.392969 0.372222 0.026562 0.091667 0.000000 0.000000 1.000000
0 189 0.396094 0.370833 0.025000 0.091667 0.003125 -0.001389 1.000000
0 190 0.397656 0.372222 0.023438 0.094444 0.001563 0.001389 1.000000
0 191 0.399219 0.374306 0.025000 0.095833 0.001563 0.002083 1.000000
0 192 0.400000 0.375694 0.025000 0.095833 0.000781 0.001389 1.000000
0 193 0.400000 0.375694 0.025000 0.095833 0.000000 0.000000 1.000000
0 194 0.404297 0.385417 0.028906 0.104167 0.004297 0.009722 1.000000
0 195 0.406250 0.388889 0.029687 0.102778 0.001953 0.003472 1.000000
0 196 0.406250 0.390278 0.028125 0.102778 0.000000 0.001389 1.000000
0 197 0.407813 0.388889 0.028125 0.102778 0.001563 -0.001389 1.000000
0 198 0.407813 0.388889 0.028125 0.102778 0.000000 0.000000 1.000000
0 199 0.408203 0.392361 0.028906 0.106944 0.000391 0.003472 1.000000
0 200 0.408984 0.395833 0.030469 0.113889 0.000781 0.003472 1.000000
0 201 0.407422 0.397222 0.032031 0.113889 -0.001563 0.001389 1.000000
0 202 0.407031 0.400000 0.031250 0.113889 -0.000391 0.002778 1.000000
0 203 0.407031 0.400000 0.031250 0.113889 0.000000 0.000000 1.000000
0 204 0.405859 0.408333 0.030469 0.116667 -0.001172 0.008333 1.000000
0 205 0.406641 0.411806 0.028906 0.112500 0.000781 0.003472 1.000000
0 206 0.406250 0.412500 0.028125 0.111111 -0.000391 0.000694 1.000000
0 207 0.407031 0.412500 0.026562 0.111111 0.000781 0.000000 1.000000
0 208 0.407031 0.412500 0.026562 0.111111 0.000000 0.000000 1.000000
0 209 0.407422 0.409722 0.024219 0.116667 0.000391 -0.002778 1.000000
0 210 0.407031 0.409028 0.025000 0.118056 -0.000391 -0.000694 1.000000
0 211 0.406250 0.409722 0.025000 0.119444 -0.000781 0.000694 1.000000
0 212 0.405469 0.409722 0.026562 0.119444 -0.000781 0.000000 1.000000
0 213 0.405469 0.409722 0.026562 0.119444 0.000000 0.000000 1.000000
0 214 0.404297 0.415278 0.028906 0.119444 -0.001172 0.005556 1.000000
0 215 0.402344 0.416667 0.029687 0.116667 -0.001953 0.001389 1.000000
0 216 0.401172 0.420833 0.030469 0.113889 -0.001172 0.004167 1.000000
0 217 0.398438 0.422222 0.031250 0.113889 -0.002734 0.001389 1.000000
0 218 0.398438 0.422222 0.031250 0.113889 0.000000 0.000000 1.000000
0 219 0.394531 0.425000 0.034375 0.111111 -0.003906 0.002778 1.000000
0 220 0.391797 0.425000 0.033594 0.113889 -0.002734 0.000000 1.000000
0 221 0.390625 0.425000 0.034375 0.116667 -0.001172 0.000000 1.000000
0 222 0.390234 0.425000 0.033594 0.116667 -0.000391 0.000000 1.000000
0 223 0.390234 0.425000 0.033594 0.116667 0.000000 0.000000 1.000000
0 224 0.392969 0.422222 0.032813 0.116667 0.002734 -0.002778 1.000000
0 225 0.393359 0.423611 0.028906 0.116667 0.000391 0.001389 1.000000
0 226 0.394531 0.423611 0.028125 0.113889 0.001172 0.000000 1.000000
0 227 0.396094 0.426389 0.029687 0.119444 0.001563 0.002778 1.000000
0 228 0.396094 0.426389 0.029687 0.119444 0.000000 0.000000 1.000000
0 229 0.399219 0.423611 0.029687 0.102778 0.003125 -0.002778 1.000000
0 230 0.400000 0.423611 0.029687 0.100000 0.000781 0.000000 1.000000
0 231 0.401172 0.425000 0.030469 0.100000 0.001172 0.001389 1.000000
0 232 0.403125 0.425000 0.031250 0.100000 0.001953 0.000000 1.000000
0 233 0.403125 0.425000 0.031250 0.100000 0.000000 0.000000 1.000000
0 234 0.405859 0.429861 0.032031 0.118056 0.002734 0.004861 1.000000
0 235 0.407813 0.428472 0.034375 0.115278 0.001953 -0.001389 1.000000
0 236 0.408594 0.426389 0.032813 0.113889 0.000781 -0.002083 1.000000
0 237 0.411328 0.424306 0.035156 0.115278 0.002734 -0.002083 1.000000
0 238 0.411328 0.424306 0.035156 0.115278 0.000000 0.000000 1.000000
0 239 0.416797 0.420833 0.033594 0.119444 0.005469 -0.003472 1.000000
0 240 0.420312 0.420139 0.032813 0.118056 0.003516 -0.000694 1.000000
0 241 0.423828 0.419444 0.032031 0.116667 0.003516 -0.000694 1.000000
0 242 0.426563 0.420139 0.032813 0.112500 0.002734 0.000694 1.000000
0 243 0.426563 0.420139 0.032813 0.112500 0.000000 0.000000 1.000000
0 244 0.432422 0.422222 0.032031 0.113889 0.005859 0.002083 1.000000
0 245 0.434375 0.423611 0.031250 0.111111 0.001953 0.001389 1.000000
0 246 0.438672 0.424306 0.030469 0.109722 0.004297 0.000694 1.000000
0 247 0.441406 0.423611 0.029687 0.108333 0.002734 -0.000694 1.000000
0 248 0.441406 0.423611 0.029687 0.108333 0.000000 0.000000 1.000000
0 249 0.449609 0.423611 0.028906 0.108333 0.008203 0.000000 1.000000
0 250 0.453906 0.425000 0.029687 0.108333 0.004297 0.001389 1.000000
0 251 0.458594 0.423611 0.028125 0.108333 0.004687 -0.001389 1.000000
0 252 0.464062 0.422222 0.028125 0.111111 0.005469 -0.001389 1.000000
0 253 0.464062 0.422222 0.028125 0.111111 0.000000 0.000000 1.000000
0 254 0.471875 0.418056 0.028125 0.113889 0.007812 -0.004167 1.000000
0 255 0.476562 0.415972 0.031250 0.115278 0.004687 -0.002083 1.000000
0 256 0.479297 0.413194 0.032031 0.115278 0.002734 -0.002778 1.000000
0 257 0.480859 0.413889 0.030469 0.113889 0.001563 0.000694 1.000000
0 258 0.480859 0.413889 0.030469 0.113889 0.000000 0.000000 1.000000
0 259 0.480078 0.413889 0.030469 0.111111 -0.000781 0.000000 1.000000
0 260 0.477344 0.415278 0.029687 0.111111 -0.002734 0.001389 1.000000
0 261 0.474219 0.416667 0.026562 0.108333 -0.003125 0.001389 1.000000
0 262 0.471875 0.418056 0.025000 0.108333 -0.002344 0.001389 1.000000
0 263 0.471875 0.418056 0.025000 0.108333 0.000000 0.000000 1.000000
0 264 0.465234 0.422222 0.021094 0.102778 -0.006641 0.004167 1.000000
0 265 0.462500 0.423611 0.021875 0.102778 -0.002734 0.001389 1.000000
0 266 0.458594 0.424306 0.020313 0.104167 -0.003906 0.000694 1.000000
0 267 0.453125 0.423611 0.020313 0.105556 -0.005469 -0.000694 1.000000
0 268 0.453125 0.423611 0.020313 0.105556 0.000000 0.000000 1.000000
0 269 0.440625 0.420833 0.021875 0.111111 -0.012500 -0.002778 1.000000
0 270 0.434375 0.419444 0.021875 0.113889 -0.006250 -0.001389 1.000000
0 271 0.427734 0.418056 0.022656 0.113889 -0.006641 -0.001389 1.000000
0 272 0.419531 0.418750 0.023438 0.112500 -0.008203 0.000694 1.000000
0 273 0.419531 0.418750 0.023438 0.112500 0.000000 0.000000 1.000000
0 274 0.405078 0.420139 0.024219 0.109722 -0.014453 0.001389 1.000000
0 275 0.398047 0.420833 0.025781 0.108333 -0.007031 0.000694 1.000000
0 276 0.391016 0.423611 0.027344 0.105556 -0.007031 0.002778 1.000000
0 277 0.384375 0.425000 0.028125 0.102778 -0.006641 0.001389 1.000000
0 278 0.384375 0.425000 0.028125 0.102778 0.000000 0.000000 1.000000
0 279 0.372656 0.424306 0.029687 0.098611 -0.011719 -0.000694 1.000000
0 280 0.366406 0.423611 0.029687 0.100000 -0.006250 -0.000694 1.000000
0 281 0.360938 0.423611 0.029687 0.100000 -0.005469 0.000000 1.000000
0 282 0.355859 0.421528 0.028906 0.098611 -0.005078 -0.002083 1.000000
0 283 0.355859 0.421528 0.028906 0.098611 0.000000 0.000000 1.000000
0 284 0.346094 0.419444 0.026562 0.100000 -0.009766 -0.002083 1.000000
0 285 0.342187 0.417361 0.023438 0.101389 -0.003906 -0.002083 1.000000
0 286 0.339062 0.415972 0.021875 0.104167 -0.003125 -0.001389 1.000000
0 287 0.332031 0.413194 0.021875 0.106944 -0.007031 -0.002778 1.000000
0 288 0.332031 0.413194 0.021875 0.106944 0.000000 0.000000 1.000000
0 289 0.320312 0.408333 0.025000 0.111111 -0.011719 -0.004861 1.000000
0 290 0.314844 0.406250 0.026562 0.115278 -0.005469 -0.002083 1.000000
0 291 0.307812 0.404861 0.026562 0.115278 -0.007031 -0.001389 1.000000
0 292 0.301563 0.405556 0.028125 0.116667 -0.006250 0.000694 1.000000
0 293 0.301563 0.405556 0.028125 0.116667 0.000000 0.000000 1.000000
0 294 0.291797 0.402778 0.027344 0.113889 -0.009766 -0.002778 1.000000
0 295 0.286328 0.402083 0.025781 0.115278 -0.005469 -0.000694 1.000000
0 296 0.282422 0.400000 0.024219 0.116667 -0.003906 -0.002083 1.000000
0 297 0.276953 0.400000 0.024219 0.119444 -0.005469 0.000000 1.000000
0 298 0.276953 0.400000 0.024219 0.119444 0.000000 0.000000 1.000000
0 299 0.266406 0.399306 0.023438 0.120833 -0.010547 -0.000694 1.000000
0 300 0.261719 0.399306 0.023438 0.120833 -0.004687 0.000000 1.000000
0 301 0.256641 0.400000 0.022656 0.119444 -0.005078 0.000694 1.000000
0 302 0.251563 0.401389 0.021875 0.119444 -0.005078 0.001389 1.000000
0 303 0.251563 0.401389 0.021875 0.119444 0.000000 0.000000 1.000000
0 304 0.242969 0.402778 0.020313 0.116667 -0.008594 0.001389 1.000000
0 305 0.238281 0.401389 0.020313 0.116667 -0.004687 -0.001389 1.000000
0 306 0.232813 0.401389 0.021875 0.119444 -0.005469 0.000000 1.000000
0 307 0.228516 0.400000 0.024219 0.119444 -0.004297 -0.001389 1.000000
0 308 0.228516 0.400000 0.024219 0.119444 0.000000 0.000000 1.000000
0 309 0.219531 0.400694 0.029687 0.120833 -0.008984 0.000694 1.000000
0 310 0.214453 0.400694 0.028906 0.118056 -0.005078 0.000000 1.000000
0 311 0.210547 0.402778 0.028906 0.116667 -0.003906 0.002083 1.000000
0 312 0.206641 0.402778 0.027344 0.116667 -0.003906 0.000000 1.000000
0 313 0.206641 0.402778 0.027344 0.116667 0.000000 0.000000 1.000000
0 314 0.201563 0.402083 0.021875 0.115278 -0.005078 -0.000694 1.000000
0 315 0.199219 0.402083 0.023438 0.115278 -0.002344 0.000000 1.000000
0 316 0.194922 0.402778 0.024219 0.116667 -0.004297 0.000694 1.000000
0 317 0.192578 0.401389 0.025781 0.116667 -0.002344 -0.001389 1.000000
0 318 0.192578 0.401389 0.025781 0.116667 0.000000 0.000000 1.000000
0 319 0.185938 0.402083 0.026562 0.115278 -0.006641 0.000694 1.000000
0 320 0.182812 0.403472 0.026562 0.115278 -0.003125 0.001389 1.000000
0 321 0.180469 0.404167 0.028125 0.113889 -0.002344 0.000694 1.000000
0 322 0.177734 0.404167 0.027344 0.113889 -0.002734 0.000000 1.000000
0 323 0.177734 0.404167 0.027344 0.113889 0.000000 0.000000 1.000000
0 324 0.173828 0.401389 0.019531 0.113889 -0.003906 -0.002778 1.000000
0 325 0.174219 0.401389 0.020313 0.113889 0.000391 0.000000 1.000000
0 326 0.175781 0.400694 0.023438 0.112500 0.001563 -0.000694 1.000000
0 327 0.173437 0.400694 0.020313 0.112500 -0.002344 0.000000 1.000000
0 328 0.173437 0.400694 0.020313 0.112500 0.000000 0.000000 1.000000
0 329 0.175391 0.401389 0.028906 0.111111 0.001953 0.000694 1.000000
0 330 0.175781 0.403472 0.032813 0.112500 0.000391 0.002083 1.000000
0 331 0.175000 0.404167 0.034375 0.113889 -0.000781 0.000694 1.000000
0 332 0.175000 0.404167 0.034375 0.113889 0.000000 0.000000 1.000000
0 333 0.175000 0.404167 0.034375 0.113889 0.000000 0.000000 1.000000
0 334 0.176953 0.402778 0.032031 0.111111 0.001953 -0.001389 1.000000
0 335 0.178125 0.402083 0.029687 0.109722 0.001172 -0.000694 1.000000
0 336 0.180078 0.401389 0.027344 0.111111 0.001953 -0.000694 1.000000
0 337 0.182031 0.401389 0.021875 0.111111 0.001953 0.000000 1.000000
0 338 0.182031 0.401389 0.021875 0.111111 0.000000 0.000000 1.000000
0 339 0.187109 0.402778 0.017969 0.111111 0.005078 0.001389 1.000000
0 340 0.186719 0.402778 0.023438 0.111111 -0.000391 0.000000 1.000000
0 341 0.187109 0.402778 0.027344 0.111111 0.000391 0.000000 1.000000
0 342 0.190234 0.403472 0.032031 0.109722 0.003125 0.000694 1.000000
0 343 0.190234 0.403472 0.032031 0.109722 0.000000 0.000000 1.000000
0 344 0.197266 0.405556 0.036719 0.105556 0.007031 0.002083 1.000000
0 345 0.199609 0.406944 0.035156 0.105556 0.002344 0.001389 1.000000
0 346 0.200000 0.408333 0.034375 0.105556 0.000391 0.001389 1.000000
0 347 0.200781 0.408333 0.032813 0.105556 0.000781 0.000000 1.000000
0 348 0.200781 0.408333 0.032813 0.105556 0.000000 0.000000 1.000000
0 349 0.203906 0.407639 0.025000 0.104167 0.003125 -0.000694 1.000000
0 350 0.206641 0.408333 0.021094 0.105556 0.002734 0.000694 1.000000
0 351 0.210547 0.406944 0.021094 0.105556 0.003906 -0.001389 1.000000
0 352 0.213672 0.406944 0.024219 0.108333 0.003125 0.000000 1.000000
0 353 0.213672 0.406944 0.024219 0.108333 0.000000 0.000000 1.000000
0 354 0.217188 0.406250 0.025000 0.109722 0.003516 -0.000694 1.000000
0 355 0.219531 0.406250 0.026562 0.109722 0.002344 0.000000 1.000000
0 356 0.219531 0.406250 0.026562 0.109722 0.000000 0.000000 1.000000
0 357 0.221094 0.406944 0.028125 0.111111 0.001563 0.000694 1.000000
0 358 0.221094 0.406944 0.028125 0.111111 0.000000 0.000000 1.000000
0 359 0.223438 0.406944 0.028125 0.108333 0.002344 0.000000 1.000000
0 360 0.225000 0.406944 0.025000 0.108333 0.001563 0.000000 1.000000
0 361 0.227344 0.406944 0.021875 0.105556 0.002344 0.000000 1.000000
0 362 0.229687 0.406944 0.018750 0.108333 0.002344 0.000000 1.000000
0 363 0.229687 0.406944 0.018750 0.108333 0.000000 0.000000 1.000000
0 364 0.232813 0.406944 0.018750 0.108333 0.003125 0.000000 1.000000
0 365 0.235937 0.408333 0.018750 0.108333 0.003125 0.001389 1.000000
0 366 0.239063 0.409722 0.020313 0.108333 0.003125 0.001389 1.000000
0 367 0.242578 0.410417 0.022656 0.109722 0.003516 0.000694 1.000000
0 368 0.242578 0.410417 0.022656 0.109722 0.000000 0.000000 1.000000
0 369 0.249219 0.413889 0.023438 0.108333 0.006641 0.003472 1.000000
0 370 0.251563 0.415278 0.023438 0.108333 0.002344 0.001389 1.000000
0 371 0.253906 0.416667 0.021875 0.108333 0.002344 0.001389 1.000000
0 372 0.256250 0.418056 0.021875 0.108333 0.002344 0.001389 1.000000
0 373 0.256250 0.418056 0.021875 0.108333 0.000000 0.000000 1.000000
0 374 0.260156 0.419444 0.020313 0.105556 0.003906 0.001389 1.000000
0 375 0.262500 0.419444 0.020313 0.105556 0.002344 0.000000 1.000000
0 376 0.263281 0.420833 0.023438 0.105556 0.000781 0.001389 1.000000
0 377 0.265625 0.422222 0.025000 0.108333 0.002344 0.001389 1.000000
0 378 0.265625 0.422222 0.025000 0.108333 0.000000 0.000000 1.000000
0 379 0.267188 0.425000 0.032813 0.108333 0.001563 0.002778 1.000000
0 380 0.267578 0.426389 0.035156 0.108333 0.000391 0.001389 1.000000
0 381 0.268750 0.427778 0.035937 0.108333 0.001172 0.001389 1.000000
0 382 0.269922 0.429167 0.036719 0.108333 0.001172 0.001389 1.000000
0 383 0.269922 0.429167 0.036719 0.108333 0.000000 0.000000 1.000000
0 384 0.272656 0.430556 0.034375 0.108333 0.002734 0.001389 1.000000
0 385 0.273438 0.429167 0.032813 0.108333 0.000781 -0.001389 1.000000
0 386 0.274219 0.428472 0.029687 0.106944 0.000781 -0.000694 1.000000
0 387 0.275781 0.429167 0.026562 0.108333 0.001563 0.000694 1.000000
0 388 0.275781 0.429167 0.026562 0.108333 0.000000 0.000000 1.000000
0 389 0.276562 0.429167 0.021875 0.111111 0.000781 0.000000 1.000000
0 390 0.278125 0.429167 0.021875 0.111111 0.001563 0.000000 1.000000
0 391 0.278125 0.430556 0.021875 0.111111 0.000000 0.001389 1.000000
0 392 0.278516 0.432639 0.022656 0.109722 0.000391 0.002083 1.000000
0 393 0.278516 0.432639 0.022656 0.109722 0.000000 0.000000 1.000000
0 394 0.278906 0.432639 0.021875 0.109722 0.000391 0.000000 1.000000
0 395 0.280469 0.433333 0.023438 0.108333 0.001563 0.000694 1.000000
0 396 0.280859 0.432639 0.022656 0.109722 0.000391 -0.000694 1.000000
0 397 0.281250 0.432639 0.023438 0.109722 0.000391 0.000000 1.000000
0 398 0.281250 0.432639 0.023438 0.109722 0.000000 0.000000 1.000000
0 399 0.282031 0.432639 0.023438 0.109722 0.000781 0.000000 1.000000
0 400 0.282422 0.431944 0.024219 0.108333 0.000391 -0.000694 1.000000
0 401 0.282031 0.431250 0.025000 0.109722 -0.000391 -0.000694 1.000000
0 402 0.282031 0.431250 0.025000 0.109722 0.000000 0.000000 1.000000
0 403 0.282031 0.431250 0.025000 0.109722 0.000000 0.000000 1.000000
0 404 0.281641 0.431944 0.027344 0.111111 -0.000391 0.000694 1.000000
0 405 0.280469 0.432639 0.026562 0.109722 -0.001172 0.000694 1.000000
0 406 0.279687 0.432639 0.025000 0.109722 -0.000781 0.000000 1.000000
0 407 0.279687 0.431944 0.025000 0.108333 0.000000 -0.000694 1.000000
0 408 0.279687 0.431944 0.025000 0.108333 0.000000 0.000000 1.000000
0 409 0.278516 0.430556 0.021094 0.108333 -0.001172 -0.001389 1.000000
0 410 0.278516 0.430556 0.019531 0.111111 0.000000 0.000000 1.000000
0 411 0.278125 0.427778 0.020313 0.111111 -0.000391 -0.002778 1.000000
0 412 0.278516 0.428472 0.019531 0.112500 0.000391 0.000694 1.000000
0 413 0.278516 0.428472 0.019531 0.112500 0.000000 0.000000 1.000000
0 414 0.279687 0.427778 0.017188 0.111111 0.001172 -0.000694 1.000000
0 415 0.281250 0.428472 0.020313 0.112500 0.001563 0.000694 1.000000
0 416 0.281641 0.428472 0.019531 0.112500 0.000391 0.000000 1.000000
0 417 0.281250 0.427083 0.018750 0.112500 -0.000391 -0.001389 1.000000
0 418 0.281250 0.427083 0.018750 0.112500 0.000000 0.000000 1.000000
0 419 0.282813 0.427778 0.018750 0.111111 0.001563 0.000694 1.000000
0 420 0.282813 0.425000 0.018750 0.111111 0.000000 -0.002778 1.000000
0 421 0.282813 0.425000 0.018750 0.111111 0.000000 0.000000 1.000000
0 422 0.282813 0.425694 0.018750 0.112500 0.000000 0.000694 1.000000
0 423 0.282813 0.425694 0.018750 0.112500 0.000000 0.000000 1.000000
0 424 0.285938 0.424306 0.018750 0.112500 0.003125 -0.001389 1.000000
0 425 0.286719 0.423611 0.017188 0.113889 0.000781 -0.000694 1.000000
0 426 0.287109 0.423611 0.017969 0.113889 0.000391 0.000000 1.000000
0 427 0.288281 0.423611 0.018750 0.113889 0.001172 0.000000 1.000000
0 428 0.288281 0.423611 0.018750 0.113889 0.000000 0.000000 1.000000
0 429 0.289062 0.423611 0.018750 0.113889 0.000781 0.000000 1.000000
0 430 0.289062 0.423611 0.018750 0.113889 0.000000 0.000000 1.000000
0 431 0.288672 0.423611 0.017969 0.113889 -0.000391 0.000000 1.000000
0 432 0.288281 0.425000 0.017188 0.116667 -0.000391 0.001389 1.000000
0 433 0.288281 0.425000 0.017188 0.116667 0.000000 0.000000 1.000000
0 434 0.287891 0.424306 0.016406 0.115278 -0.000391 -0.000694 1.000000
0 435 0.288281 0.424306 0.017188 0.115278 0.000391 0.000000 1.000000
0 436 0.287891 0.423611 0.016406 0.116667 -0.000391 -0.000694 1.000000
0 437 0.287500 0.422917 0.015625 0.115278 -0.000391 -0.000694 1.000000
0 438 0.287500 0.422917 0.015625 0.115278 0.000000 0.000000 1.000000
0 439 0.287500 0.421528 0.015625 0.115278 0.000000 -0.001389 1.000000
0 440 0.287891 0.420139 0.016406 0.112500 0.000391 -0.001389 1.000000
0 441 0.288281 0.419444 0.015625 0.113889 0.000391 -0.000694 1.000000
0 442 0.290234 0.420139 0.016406 0.115278 0.001953 0.000694 1.000000
0 443 0.290234 0.420139 0.016406 0.115278 0.000000 0.000000 1.000000
0 444 0.292578 0.419444 0.016406 0.116667 0.002344 -0.000694 1.000000
0 445 0.294531 0.418056 0.017188 0.113889 0.001953 -0.001389 1.000000
0 446 0.295703 0.418750 0.016406 0.115278 0.001172 0.000694 1.000000
0 447 0.298047 0.418056 0.016406 0.113889 0.002344 -0.000694 1.000000
0 448 0.298047 0.418056 0.016406 0.113889 0.000000 0.000000 1.000000
0 449 0.303516 0.418056 0.016406 0.113889 0.005469 0.000000 1.000000
0 450 0.306250 0.417361 0.017188 0.115278 0.002734 -0.000694 1.000000
0 451 0.310156 0.418056 0.017188 0.113889 0.003906 0.000694 1.000000
0 452 0.315234 0.418056 0.017969 0.113889 0.005078 0.000000 1.000000
0 453 0.315234 0.418056 0.017969 0.113889 0.000000 0.000000 1.000000
0 454 0.324609 0.418056 0.017969 0.113889 0.009375 0.000000 1.000000
0 455 0.330859 0.418056 0.019531 0.113889 0.006250 0.000000 1.000000
0 456 0.336328 0.418056 0.021094 0.113889 0.005469 0.000000 1.000000
0 457 0.342969 0.416667 0.021875 0.113889 0.006641 -0.001389 1.000000
0 458 0.342969 0.416667 0.021875 0.113889 0.000000 0.000000 1.000000
0 459 0.356250 0.416667 0.023438 0.116667 0.013281 0.000000 1.000000
0 460 0.362891 0.416667 0.024219 0.113889 0.006641 0.000000 1.000000
0 461 0.369922 0.416667 0.024219 0.113889 0.007031 0.000000 1.000000
0 462 0.377734 0.417361 0.022656 0.112500 0.007812 0.000694 1.000000
0 463 0.377734 0.417361 0.022656 0.112500 0.000000 0.000000 1.000000
0 464 0.390234 0.418750 0.028906 0.109722 0.012500 0.001389 1.000000
0 465 0.396875 0.419444 0.031250 0.105556 0.006641 0.000694 1.000000
0 466 0.405078 0.419444 0.035156 0.100000 0.008203 0.000000 1.000000
0 467 0.412500 0.420833 0.040625 0.100000 0.007422 0.001389 1.000000
0 468 0.412500 0.420833 0.040625 0.100000 0.000000 0.000000 1.000000
0 469 0.426172 0.420139 0.042969 0.101389 0.013672 -0.000694 1.000000
0 470 0.430859 0.419444 0.042969 0.102778 0.004687 -0.000694 1.000000
0 471 0.438281 0.418056 0.039062 0.102778 0.007422 -0.001389 1.000000
0 472 0.446094 0.419444 0.042188 0.105556 0.007812 0.001389 1.000000
0 473 0.446094 0.419444 0.042188 0.105556 0.000000 0.000000 1.000000
0 474 0.464844 0.416667 0.029687 0.108333 0.018750 -0.002778 1.000000
0 475 0.474219 0.417361 0.023438 0.109722 0.009375 0.000694 1.000000
0 476 0.480078 0.417361 0.019531 0.109722 0.005859 0.000000 1.000000
0 477 0.486328 0.418750 0.021094 0.109722 0.006250 0.001389 1.000000
0 478 0.486328 0.418750 0.021094 0.109722 0.000000 0.000000 1.000000
0 479 0.503516 0.420833 0.025781 0.108333 0.017188 0.002083 1.000000
0 480 0.511719 0.421528 0.032813 0.104167 0.008203 0.000694 1.000000
0 481 0.518750 0.423611 0.034375 0.102778 0.007031 0.002083 1.000000
0 482 0.524609 0.424306 0.033594 0.098611 0.005859 0.000694 1.000000
0 483 0.524609 0.424306 0.033594 0.098611 0.000000 0.000000 1.000000
0 484 0.532813 0.425000 0.031250 0.097222 0.008203 0.000694 1.000000
0 485 0.535937 0.426389 0.029687 0.097222 0.003125 0.001389 1.000000
0 486 0.539453 0.425000 0.028906 0.094444 0.003516 -0.001389 1.000000
0 487 0.541406 0.424306 0.029687 0.098611 0.001953 -0.000694 1.000000
0 488 0.541406 0.424306 0.029687 0.098611 0.000000 0.000000 1.000000
0 489 0.545312 0.420833 0.031250 0.102778 0.003906 -0.003472 1.000000
0 490 0.546875 0.420139 0.031250 0.104167 0.001563 -0.000694 1.000000
0 491 0.546875 0.419444 0.028125 0.105556 0.000000 -0.000694 1.000000
0 492 0.546094 0.419444 0.026562 0.105556 -0.000781 0.000000 1.000000
0 493 0.546094 0.419444 0.026562 0.105556 0.000000 0.000000 1.000000
0 494 0.547266 0.418750 0.022656 0.104167 0.001172 -0.000694 1.000000
0 495 0.548047 0.420139 0.021094 0.101389 0.000781 0.001389 1.000000
0 496 0.547656 0.421528 0.020313 0.098611 -0.000391 0.001389 1.000000
0 497 0.551562 0.422222 0.021875 0.097222 0.003906 0.000694 1.000000
0 498 0.551562 0.422222 0.021875 0.097222 0.000000 0.000000 1.000000
0 499 0.553906 0.422222 0.031250 0.091667 0.002344 0.000000 1.000000
0 500 0.557813 0.422222 0.028125 0.091667 0.003906 0.000000 1.000000
0 501 0.557813 0.423611 0.035937 0.097222 0.000000 0.001389 1.000000
0 502 0.558594 0.424306 0.042188 0.101389 0.000781 0.000694 1.000000
0 503 0.558594 0.424306 0.042188 0.101389 0.000000 0.000000 1.000000
0 504 0.559766 0.423611 0.038281 0.102778 0.001172 -0.000694 1.000000
0 505 0.558594 0.422917 0.039062 0.104167 -0.001172 -0.000694 1.000000
0 506 0.554688 0.422917 0.034375 0.104167 -0.003906 0.000000 1.000000
0 507 0.555469 0.422222 0.031250 0.102778 0.000781 -0.000694 1.000000
0 508 0.555469 0.422222 0.031250 0.102778 0.000000 0.000000 1.000000
0 509 0.556250 0.421528 0.032813 0.104167 0.000781 -0.000694 1.000000
0 510 0.556250 0.420833 0.032813 0.102778 0.000000 -0.000694 1.000000
0 511 0.555469 0.422222 0.032813 0.102778 -0.000781 0.001389 1.000000
0 512 0.554688 0.422917 0.031250 0.101389 -0.000781 0.000694 1.000000
0 513 0.554688 0.422917 0.031250 0.101389 0.000000 0.000000 1.000000
0 514 0.550781 0.427083 0.023438 0.104167 -0.003906 0.004167 1.000000
0 515 0.550781 0.429167 0.023438 0.108333 0.000000 0.002083 1.000000
0 516 0.551953 0.427778 0.027344 0.105556 0.001172 -0.001389 1.000000
0 517 0.550000 0.427778 0.034375 0.108333 -0.001953 0.000000 1.000000
0 518 0.550000 0.427778 0.034375 0.108333 0.000000 0.000000 1.000000
0 519 0.550000 0.428472 0.034375 0.106944 0.000000 0.000694 1.000000
0 520 0.548047 0.431944 0.035156 0.108333 -0.001953 0.003472 1.000000
0 521 0.545312 0.433333 0.032813 0.108333 -0.002734 0.001389 1.000000
0 522 0.542969 0.435417 0.028125 0.109722 -0.002344 0.002083 1.000000
0 523 0.542969 0.435417 0.028125 0.109722 0.000000 0.000000 1.000000
0 524 0.542578 0.434722 0.027344 0.108333 -0.000391 -0.000694 1.000000
0 525 0.541406 0.436806 0.026562 0.106944 -0.001172 0.002083 1.000000
0 526 0.540625 0.436111 0.026562 0.105556 -0.000781 -0.000694 1.000000
0 527 0.539062 0.437500 0.025000 0.102778 -0.001563 0.001389 1.000000
0 528 0.539062 0.437500 0.025000 0.102778 0.000000 0.000000 1.000000
0 529 0.538281 0.443056 0.025000 0.108333 -0.000781 0.005556 1.000000
0 530 0.537500 0.443056 0.025000 0.108333 -0.000781 0.000000 1.000000
0 531 0.535547 0.443056 0.025781 0.108333 -0.001953 0.000000 1.000000
0 532 0.533984 0.441667 0.027344 0.108333 -0.001563 -0.001389 1.000000
0 533 0.533984 0.441667 0.027344 0.108333 0.000000 0.000000 1.000000
0 534 0.530469 0.437500 0.032813 0.102778 -0.003516 -0.004167 1.000000
0 535 0.530078 0.436806 0.032031 0.101389 -0.000391 -0.000694 1.000000
0 536 0.526563 0.435417 0.029687 0.106944 -0.003516 -0.001389 1.000000
0 537 0.526563 0.432639 0.028125 0.109722 0.000000 -0.002778 1.000000
0 538 0.526563 0.432639 0.028125 0.109722 0.000000 0.000000 1.000000
0 539 0.525781 0.426389 0.026562 0.111111 -0.000781 -0.006250 1.000000
0 540 0.525391 0.423611 0.025781 0.108333 -0.000391 -0.002778 1.000000
0 541 0.524609 0.423611 0.025781 0.111111 -0.000781 0.000000 1.000000
0 542 0.524219 0.422222 0.026562 0.108333 -0.000391 -0.001389 1.000000
0 543 0.524219 0.422222 0.026562 0.108333 0.000000 0.000000 1.000000
0 544 0.519922 0.422917 0.036719 0.106944 -0.004297 0.000694 1.000000
0 545 0.518750 0.422222 0.037500 0.105556 -0.001172 -0.000694 1.000000
0 546 0.517969 0.420833 0.039062 0.102778 -0.000781 -0.001389 1.000000
0 547 0.513281 0.418750 0.040625 0.101389 -0.004687 -0.002083 1.000000
0 548 0.513281 0.418750 0.040625 0.101389 0.000000 0.000000 1.000000
0 549 0.515234 0.416667 0.036719 0.100000 0.001953 -0.002083 1.000000
0 550 0.515625 0.416667 0.034375 0.100000 0.000391 0.000000 1.000000
0 551 0.515625 0.416667 0.031250 0.102778 0.000000 0.000000 1.000000
0 552 0.514453 0.415278 0.027344 0.105556 -0.001172 -0.001389 1.000000
0 553 0.514453 0.415278 0.027344 0.105556 0.000000 0.000000 1.000000
0 554 0.512500 0.413194 0.028125 0.112500 -0.001953 -0.002083 1.000000
0 555 0.511328 0.411806 0.027344 0.112500 -0.001172 -0.001389 1.000000
0 556 0.510156 0.411806 0.026562 0.112500 -0.001172 0.000000 1.000000
0 557 0.509766 0.411806 0.027344 0.112500 -0.000391 0.000000 1.000000
0 558 0.509766 0.411806 0.027344 0.112500 0.000000 0.000000 1.000000
0 559 0.508203 0.413889 0.032031 0.111111 -0.001563 0.002083 1.000000
0 560 0.508594 0.413194 0.034375 0.109722 0.000391 -0.000694 1.000000
0 561 0.508594 0.414583 0.034375 0.112500 0.000000 0.001389 1.000000
0 562 0.508594 0.415278 0.034375 0.113889 0.000000 0.000694 1.000000
0 563 0.508594 0.415278 0.034375 0.113889 0.000000 0.000000 1.000000
0 564 0.509375 0.413889 0.031250 0.113889 0.000781 -0.001389 1.000000
0 565 0.510156 0.411806 0.029687 0.112500 0.000781 -0.002083 1.000000
0 566 0.511328 0.409722 0.030469 0.111111 0.001172 -0.002083 1.000000
0 567 0.514453 0.406250 0.028906 0.106944 0.003125 -0.003472 1.000000
0 568 0.514453 0.406250 0.028906 0.106944 0.000000 0.000000 1.000000
0 569 0.517188 0.406250 0.031250 0.106944 0.002734 0.000000 1.000000
0 570 0.519531 0.405556 0.032813 0.105556 0.002344 -0.000694 1.000000
0 571 0.521094 0.411111 0.034375 0.116667 0.001563 0.005556 1.000000
0 572 0.523438 0.415278 0.034375 0.119444 0.002344 0.004167 1.000000
0 573 0.523438 0.415278 0.034375 0.119444 0.000000 0.000000 1.000000
0 574 0.528125 0.416667 0.039062 0.116667 0.004687 0.001389 1.000000
0 575 0.529687 0.416667 0.040625 0.116667 0.001563 0.000000 1.000000
0 576 0.531250 0.416667 0.040625 0.116667 0.001563 0.000000 1.000000
0 577 0.533203 0.415972 0.041406 0.118056 0.001953 -0.000694 1.000000
0 578 0.533203 0.415972 0.041406 0.118056 0.000000 0.000000 1.000000
0 579 0.537500 0.415278 0.040625 0.119444 0.004297 -0.000694 1.000000
0 580 0.539844 0.412500 0.039062 0.119444 0.002344 -0.002778 1.000000
0 581 0.541016 0.413194 0.035156 0.120833 0.001172 0.000694 1.000000
0 582 0.543359 0.413194 0.030469 0.120833 0.002344 0.000000 1.000000
0 583 0.543359 0.413194 0.030469 0.120833 0.000000 0.000000 1.000000
0 584 0.551562 0.416667 0.025000 0.116667 0.008203 0.003472 1.000000
0 585 0.557813 0.418056 0.025000 0.113889 0.006250 0.001389 1.000000
0 586 0.564844 0.419444 0.026562 0.111111 0.007031 0.001389 1.000000
0 587 0.572266 0.420833 0.028906 0.108333 0.007422 0.001389 1.000000
0 588 0.572266 0.420833 0.028906 0.108333 0.000000 0.000000 1.000000
0 589 0.579688 0.423611 0.040625 0.108333 0.007422 0.002778 1.000000
0 590 0.583984 0.423611 0.044531 0.108333 0.004297 0.000000 1.000000
0 591 0.584766 0.422222 0.047656 0.108333 0.000781 -0.001389 1.000000
0 592 0.585156 0.422222 0.048438 0.111111 0.000391 0.000000 1.000000
0 593 0.585156 0.422222 0.048438 0.111111 0.000000 0.000000 1.000000
0 594 0.583594 0.418056 0.042188 0.111111 -0.001563 -0.004167 1.000000
0 595 0.582031 0.418056 0.035937 0.113889 -0.001563 0.000000 1.000000
0 596 0.582812 0.415278 0.031250 0.116667 0.000781 -0.002778 1.000000
0 597 0.584375 0.415278 0.031250 0.119444 0.001563 0.000000 1.000000
0 598 0.584375 0.415278 0.031250 0.119444 0.000000 0.000000 1.000000
0 599 0.585938 0.416667 0.029687 0.116667 0.001563 0.001389 1.000000
0 600 0.585938 0.418056 0.028125 0.116667 0.000000 0.001389 1.000000
0 601 0.585938 0.419444 0.028125 0.113889 0.000000 0.001389 1.000000
0 602 0.582031 0.422222 0.031250 0.111111 -0.003906 0.002778 1.000000
0 603 0.582031 0.422222 0.031250 0.111111 0.000000 0.000000 1.000000
0 604 0.575781 0.426389 0.035937 0.108333 -0.006250 0.004167 1.000000
0 605 0.575391 0.426389 0.042969 0.108333 -0.000391 0.000000 1.000000
0 606 0.576172 0.426389 0.046094 0.108333 0.000781 0.000000 1.000000
0 607 0.578906 0.425000 0.042188 0.111111 0.002734 -0.001389 1.000000
0 608 0.578906 0.425000 0.042188 0.111111 0.000000 0.000000 1.000000
0 609 0.575000 0.423611 0.037500 0.111111 -0.003906 -0.001389 1.000000
0 610 0.570703 0.420833 0.025781 0.108333 -0.004297 -0.002778 1.000000
0 611 0.566406 0.420833 0.032813 0.108333 -0.004297 0.000000 1.000000
0 612 0.561719 0.425694 0.037500 0.106944 -0.004687 0.004861 1.000000
0 613 0.562109 0.425000 0.036719 0.108333 0.000391 -0.000694 1.000000
0 614 0.554688 0.426389 0.035937 0.111111 -0.007422 0.001389 1.000000
0 615 0.549219 0.427778 0.035937 0.108333 -0.005469 0.001389 1.000000
0 616 0.540625 0.429861 0.043750 0.104167 -0.008594 0.002083 1.000000
0 617 0.542578 0.429167 0.041406 0.105556 0.001953 -0.000694 1.000000
0 618 0.542578 0.429167 0.041406 0.105556 0.000000 0.000000 1.000000
0 619 0.538281 0.430556 0.034375 0.105556 -0.004297 0.001389 1.000000
0 620 0.537500 0.433333 0.031250 0.102778 -0.000781 0.002778 1.000000
0 621 0.535156 0.433333 0.029687 0.100000 -0.002344 0.000000 1.000000
0 622 0.533203 0.435417 0.033594 0.101389 -0.001953 0.002083 1.000000
0 623 0.533203 0.435417 0.033594 0.101389 0.000000 0.000000 1.000000
0 624 0.531641 0.431944 0.036719 0.105556 -0.001563 -0.003472 1.000000
0 625 0.533984 0.431944 0.033594 0.108333 0.002344 0.000000 1.000000
0 626 0.535156 0.429861 0.029687 0.109722 0.001172 -0.002083 1.000000
0 627 0.537500 0.426389 0.025000 0.111111 0.002344 -0.003472 1.000000
0 628 0.537500 0.426389 0.025000 0.111111 0.000000 0.000000 1.000000
0 629 0.538281 0.425000 0.023438 0.111111 0.000781 -0.001389 1.000000
0 630 0.539062 0.423611 0.021875 0.111111 0.000781 -0.001389 1.000000
0 631 0.539844 0.420833 0.021875 0.111111 0.000781 -0.002778 1.000000
0 632 0.540625 0.419444 0.021875 0.113889 0.000781 -0.001389 1.000000
0 633 0.540625 0.419444 0.021875 0.113889 0.000000 0.000000 1.000000
0 634 0.538672 0.416667 0.027344 0.113889 -0.001953 -0.002778 1.000000
0 635 0.539844 0.415972 0.026562 0.109722 0.001172 -0.000694 1.000000
0 636 0.540625 0.414583 0.026562 0.109722 0.000781 -0.001389 1.000000
0 637 0.541406 0.414583 0.026562 0.106944 0.000781 0.000000 1.000000
0 638 0.541406 0.414583 0.026562 0.106944 0.000000 0.000000 1.000000
0 639 0.547266 0.411111 0.019531 0.111111 0.005859 -0.003472 1.000000
0 640 0.549609 0.408333 0.017969 0.113889 0.002344 -0.002778 1.000000
0 641 0.551953 0.406944 0.017969 0.113889 0.002344 -0.001389 1.000000
0 642 0.554297 0.404167 0.017969 0.113889 0.002344 -0.002778 1.000000
0 643 0.554297 0.404167 0.017969 0.113889 0.000000 0.000000 1.000000
0 644 0.555859 0.400000 0.024219 0.116667 0.001563 -0.004167 1.000000
0 645 0.557031 0.400694 0.026562 0.118056 0.001172 0.000694 1.000000
0 646 0.560156 0.399306 0.029687 0.118056 0.003125 -0.001389 1.000000
0 647 0.563281 0.397917 0.028125 0.118056 0.003125 -0.001389 1.000000
0 648 0.563281 0.397917 0.028125 0.118056 0.000000 0.000000 1.000000
0 649 0.565234 0.395833 0.036719 0.119444 0.001953 -0.002083 1.000000
0 650 0.567578 0.393056 0.036719 0.119444 0.002344 -0.002778 1.000000
0 651 0.570312 0.391667 0.037500 0.119444 0.002734 -0.001389 1.000000
0 652 0.571875 0.390972 0.037500 0.120833 0.001563 -0.000694 1.000000
0 653 0.571875 0.390972 0.037500 0.120833 0.000000 0.000000 1.000000
0 654 0.575781 0.388194 0.035937 0.120833 0.003906 -0.002778 1.000000
0 655 0.578125 0.387500 0.034375 0.119444 0.002344 -0.000694 1.000000
0 656 0.580469 0.387500 0.032813 0.119444 0.002344 0.000000 1.000000
0 657 0.582031 0.387500 0.032813 0.119444 0.001563 0.000000 1.000000
0 658 0.582031 0.387500 0.032813 0.119444 0.000000 0.000000 1.000000
0 659 0.586719 0.386111 0.032813 0.119444 0.004687 -0.001389 1.000000
0 660 0.588672 0.384722 0.032031 0.119444 0.001953 -0.001389 1.000000
0 661 0.591016 0.385417 0.032031 0.120833 0.002344 0.000694 1.000000
0 662 0.592969 0.383333 0.032813 0.122222 0.001953 -0.002083 1.000000
0 663 0.592969 0.383333 0.032813 0.122222 0.000000 0.000000 1.000000
0 664 0.596094 0.380556 0.032813 0.122222 0.003125 -0.002778 1.000000
0 665 0.600000 0.379167 0.032813 0.122222 0.003906 -0.001389 1.000000
0 666 0.602344 0.377778 0.031250 0.125000 0.002344 -0.001389 1.000000
0 667 0.604688 0.376389 0.031250 0.122222 0.002344 -0.001389 1.000000
0 668 0.604688 0.376389 0.031250 0.122222 0.000000 0.000000 1.000000
0 669 0.608594 0.376389 0.029687 0.119444 0.003906 0.000000 1.000000
0 670 0.609766 0.376389 0.028906 0.122222 0.001172 0.000000 1.000000
0 671 0.610938 0.377778 0.028125 0.122222 0.001172 0.001389 1.000000
0 672 0.613672 0.377778 0.027344 0.119444 0.002734 0.000000 1.000000
0 673 0.613672 0.377778 0.027344 0.119444 0.000000 0.000000 1.000000
0 674 0.616406 0.377778 0.026562 0.119444 0.002734 0.000000 1.000000
0 675 0.618750 0.379861 0.026562 0.120833 0.002344 0.002083 1.000000
0 676 0.619141 0.379861 0.024219 0.120833 0.000391 0.000000 1.000000
0 677 0.620313 0.379861 0.025000 0.120833 0.001172 0.000000 1.000000
0 678 0.620313 0.379861 0.025000 0.120833 0.000000 0.000000 1.000000
0 679 0.621875 0.379861 0.028125 0.120833 0.001563 0.000000 1.000000
0 680 0.624219 0.379861 0.026562 0.123611 0.002344 0.000000 1.000000
0 681 0.625781 0.379861 0.026562 0.123611 0.001563 0.000000 1.000000
0 682 0.626953 0.380556 0.028906 0.122222 0.001172 0.000694 1.000000
0 683 0.627344 0.380556 0.028125 0.122222 0.000391 0.000000 1.000000
0 684 0.627344 0.381944 0.029687 0.122222 0.000000 0.001389 1.000000
0 685 0.626953 0.383333 0.028906 0.122222 -0.000391 0.001389 1.000000
0 686 0.624609 0.385417 0.028906 0.120833 -0.002344 0.002083 1.000000
0 687 0.622266 0.385417 0.028906 0.120833 -0.002344 0.000000 1.000000
0 688 0.622266 0.385417 0.028906 0.120833 0.000000 0.000000 1.000000
0 689 0.610938 0.388194 0.029687 0.118056 -0.011328 0.002778 1.000000
0 690 0.603906 0.390278 0.029687 0.116667 -0.007031 0.002083 1.000000
0 691 0.596094 0.390972 0.029687 0.115278 -0.007812 0.000694 1.000000
0 692 0.588672 0.390972 0.028906 0.115278 -0.007422 0.000000 1.000000
0 693 0.588672 0.390972 0.028906 0.115278 0.000000 0.000000 1.000000
0 694 0.571094 0.392361 0.026562 0.112500 -0.017578 0.001389 1.000000
0 695 0.562500 0.393056 0.026562 0.111111 -0.008594 0.000694 1.000000
0 696 0.550000 0.393056 0.025000 0.111111 -0.012500 0.000000 1.000000
0 697 0.537500 0.394444 0.025000 0.108333 -0.012500 0.001389 1.000000
0 698 0.537500 0.394444 0.025000 0.108333 0.000000 0.000000 1.000000
0 699 0.512891 0.397222 0.025781 0.105556 -0.024609 0.002778 1.000000
0 700 0.497656 0.396528 0.028125 0.104167 -0.015234 -0.000694 1.000000
0 701 0.483594 0.396528 0.032813 0.104167 -0.014063 0.000000 1.000000
0 702 0.466797 0.395833 0.033594 0.108333 -0.016797 -0.000694 1.000000
0 703 0.466797 0.395833 0.033594 0.108333 0.000000 0.000000 1.000000
0 704 0.436719 0.392361 0.032813 0.106944 -0.030078 -0.003472 1.000000
0 705 0.423828 0.387500 0.028906 0.102778 -0.012891 -0.004861 1.000000
0 706 0.410938 0.384722 0.032813 0.105556 -0.012891 -0.002778 1.000000
0 707 0.391406 0.381944 0.034375 0.108333 -0.019531 -0.002778 1.000000
0 708 0.391406 0.381250 0.034375 0.106944 0.000000 -0.000694 1.000000
0 709 0.358594 0.377083 0.040625 0.104167 -0.032813 -0.004167 1.000000
0 710 0.342969 0.375000 0.040625 0.105556 -0.015625 -0.002083 1.000000
0 711 0.327344 0.372222 0.039062 0.105556 -0.015625 -0.002778 1.000000
0 712 0.311719 0.372222 0.035937 0.105556 -0.015625 0.000000 1.000000
0 713 0.311719 0.372222 0.035937 0.105556 0.000000 0.000000 1.000000
0 714 0.287891 0.370139 0.021094 0.101389 -0.023828 -0.002083 1.000000
0 715 0.271484 0.368750 0.024219 0.101389 -0.016406 -0.001389 1.000000
0 716 0.255859 0.365278 0.027344 0.102778 -0.015625 -0.003472 1.000000
0 717 0.241797 0.363889 0.033594 0.105556 -0.014063 -0.001389 1.000000
0 718 0.241797 0.363889 0.033594 0.105556 0.000000 0.000000 1.000000
0 719 0.214062 0.359722 0.040625 0.105556 -0.027734 -0.004167 1.000000
0 720 0.202344 0.361111 0.035937 0.102778 -0.011719 0.001389 1.000000
0 721 0.188281 0.360417 0.032813 0.104167 -0.014063 -0.000694 1.000000
0 722 0.175000 0.360417 0.032813 0.104167 -0.013281 0.000000 1.000000
0 723 0.175000 0.360417 0.032813 0.104167 0.000000 0.000000 1.000000
0 724 0.157422 0.356944 0.024219 0.102778 -0.017578 -0.003472 1.000000
0 725 0.146875 0.356250 0.029687 0.104167 -0.010547 -0.000694 1.000000
0 726 0.134375 0.354861 0.031250 0.106944 -0.012500 -0.001389 1.000000
0 727 0.123047 0.354167 0.030469 0.108333 -0.011328 -0.000694 1.000000
0 728 0.123047 0.354167 0.030469 0.108333 0.000000 0.000000 1.000000
0 729 0.103906 0.353472 0.034375 0.106944 -0.019141 -0.000694 1.000000
0 730 0.091406 0.354861 0.032813 0.106944 -0.012500 0.001389 1.000000
0 731 0.081641 0.355556 0.027344 0.105556 -0.009766 0.000694 1.000000
0 732 0.071875 0.354861 0.023438 0.104167 -0.009766 -0.000694 1.000000
0 733 0.071875 0.354861 0.023438 0.104167 0.000000 0.000000 1.000000
0 734 0.053906 0.353472 0.025000 0.104167 -0.017969 -0.001389 1.000000
0 735 0.042969 0.352778 0.029687 0.108333 -0.010937 -0.000694 1.000000
0 736 0.035156 0.352778 0.031250 0.108333 -0.007812 0.000000 1.000000
0 737 0.026562 0.354167 0.037500 0.108333 -0.008594 0.001389 1.000000
0 738 0.026562 0.354167 0.037500 0.108333 0.000000 0.000000 1.000000
0 739 0.012500 0.358333 0.025000 0.105556 -0.014063 0.004167 1.000000
0 740 0.008594 0.358333 0.017188 0.105556 -0.003906 0.000000 1.000000
0 741 0.007031 0.359028 0.014063 0.104167 -0.001563 0.000694 1.000000
