0 1 0.698438 0.411111 0.025000 0.111111 0.000000 0.000000 1.000000
0 2 0.700391 0.411111 0.025781 0.111111 0.001953 0.000000 1.000000
0 3 0.700391 0.411111 0.025781 0.111111 0.000000 0.000000 1.000000
0 4 0.702734 0.411111 0.025781 0.111111 0.002344 0.000000 1.000000
0 5 0.705469 0.410417 0.029687 0.106944 0.002734 -0.000694 1.000000
0 6 0.706250 0.409028 0.034375 0.101389 0.000781 -0.001389 1.000000
0 7 0.707031 0.411111 0.037500 0.097222 0.000781 0.002083 1.000000
0 8 0.707031 0.411111 0.037500 0.097222 0.000000 0.000000 1.000000
0 9 0.708594 0.411111 0.037500 0.097222 0.001563 0.000000 1.000000
0 10 0.710156 0.411111 0.035937 0.100000 0.001563 0.000000 1.000000
0 11 0.711719 0.408333 0.032813 0.102778 0.001563 -0.002778 1.000000
0 12 0.715234 0.408333 0.030469 0.105556 0.003516 0.000000 1.000000
0 13 0.715234 0.408333 0.030469 0.105556 0.000000 0.000000 1.000000
0 14 0.719922 0.402778 0.032031 0.105556 0.004687 -0.005556 1.000000
0 15 0.722656 0.404167 0.034375 0.108333 0.002734 0.001389 1.000000
0 16 0.725781 0.404167 0.039062 0.108333 0.003125 0.000000 1.000000
0 17 0.726953 0.404861 0.038281 0.109722 0.001172 0.000694 1.000000
0 18 0.726953 0.404861 0.038281 0.109722 0.000000 0.000000 1.000000
0 19 0.729688 0.402083 0.039062 0.106944 0.002734 -0.002778 1.000000
0 20 0.731250 0.402778 0.035937 0.105556 0.001563 0.000694 1.000000
0 21 0.733203 0.405556 0.033594 0.105556 0.001953 0.002778 1.000000
0 22 0.734375 0.408333 0.031250 0.105556 0.001172 0.002778 1.000000
0 23 0.734375 0.408333 0.031250 0.105556 0.000000 0.000000 1.000000
0 24 0.740234 0.408333 0.021094 0.102778 0.005859 0.000000 1.000000
0 25 0.741797 0.408333 0.021094 0.105556 0.001563 0.000000 1.000000
0 26 0.743750 0.406250 0.021875 0.101389 0.001953 -0.002083 1.000000
0 27 0.744531 0.404861 0.020313 0.104167 0.000781 -0.001389 1.000000
0 28 0.744531 0.404861 0.020313 0.104167 0.000000 0.000000 1.000000
0 29 0.750000 0.404167 0.025000 0.102778 0.005469 -0.000694 1.000000
0 30 0.753906 0.402778 0.029687 0.100000 0.003906 -0.001389 1.000000
0 31 0.757812 0.405556 0.032813 0.100000 0.003906 0.002778 1.000000
0 32 0.762109 0.406250 0.036719 0.101389 0.004297 0.000694 1.000000
0 33 0.762109 0.406250 0.036719 0.101389 0.000000 0.000000 1.000000
0 34 0.769531 0.411111 0.039062 0.097222 0.007422 0.004861 1.000000
0 35 0.770312 0.412500 0.037500 0.091667 0.000781 0.001389 1.000000
0 36 0.769922 0.413194 0.036719 0.090278 -0.000391 0.000694 1.000000
0 37 0.769531 0.415278 0.035937 0.091667 -0.000391 0.002083 1.000000
0 38 0.769531 0.415278 0.035937 0.091667 0.000000 0.000000 1.000000
0 39 0.772656 0.415972 0.032813 0.093056 0.003125 0.000694 1.000000
0 40 0.774609 0.415972 0.032031 0.093056 0.001953 0.000000 1.000000
0 41 0.776953 0.413889 0.030469 0.094444 0.002344 -0.002083 1.000000
0 42 0.780078 0.413194 0.028906 0.093056 0.003125 -0.000694 1.000000
0 43 0.780078 0.413194 0.028906 0.093056 0.000000 0.000000 1.000000
0 44 0.784766 0.409028 0.028906 0.095833 0.004687 -0.004167 1.000000
0 45 0.786719 0.408333 0.026562 0.097222 0.001953 -0.000694 1.000000
0 46 0.788281 0.406250 0.025000 0.098611 0.001563 -0.002083 1.000000
0 47 0.791406 0.405556 0.023438 0.100000 0.003125 -0.000694 1.000000
0 48 0.791406 0.405556 0.023438 0.100000 0.000000 0.000000 1.000000
0 49 0.796875 0.404167 0.023438 0.097222 0.005469 -0.001389 1.000000
0 50 0.799219 0.403472 0.023438 0.095833 0.002344 -0.000694 1.000000
0 51 0.803125 0.402778 0.023438 0.094444 0.003906 -0.000694 1.000000
0 52 0.805469 0.403472 0.025000 0.095833 0.002344 0.000694 1.000000
0 53 0.805469 0.403472 0.025000 0.095833 0.000000 0.000000 1.000000
0 54 0.814453 0.404167 0.028906 0.097222 0.008984 0.000694 1.000000
0 55 0.817969 0.401389 0.032813 0.097222 0.003516 -0.002778 1.000000
0 56 0.819531 0.401389 0.032813 0.097222 0.001563 0.000000 1.000000
0 57 0.819531 0.400000 0.032813 0.100000 0.000000 -0.001389 1.000000
0 58 0.819531 0.400000 0.032813 0.100000 0.000000 0.000000 1.000000
0 59 0.822656 0.397222 0.029687 0.105556 0.003125 -0.002778 1.000000
0 60 0.825781 0.397917 0.031250 0.106944 0.003125 0.000694 1.000000
0 61 0.829688 0.400000 0.026562 0.111111 0.003906 0.002083 1.000000
0 62 0.830469 0.401389 0.028125 0.108333 0.000781 0.001389 1.000000
0 63 0.830469 0.401389 0.028125 0.108333 0.000000 0.000000 1.000000
0 64 0.830859 0.402778 0.030469 0.102778 0.000391 0.001389 1.000000
0 65 0.832422 0.404167 0.032031 0.102778 0.001563 0.001389 1.000000
0 66 0.836719 0.403472 0.029687 0.101389 0.004297 -0.000694 1.000000
0 67 0.841406 0.403472 0.032813 0.104167 0.004687 0.000000 1.000000
0 68 0.841406 0.403472 0.032813 0.104167 0.000000 0.000000 1.000000
0 69 0.850000 0.405556 0.040625 0.108333 0.008594 0.002083 1.000000
0 70 0.853906 0.407639 0.042188 0.109722 0.003906 0.002083 1.000000
0 71 0.855469 0.407639 0.046875 0.106944 0.001563 0.000000 1.000000
0 72 0.857031 0.406250 0.046875 0.106944 0.001563 -0.001389 1.000000
0 73 0.857031 0.406250 0.046875 0.106944 0.000000 0.000000 1.000000
0 74 0.861328 0.404167 0.038281 0.108333 0.004297 -0.002083 1.000000
0 75 0.865234 0.403472 0.036719 0.109722 0.003906 -0.000694 1.000000
0 76 0.868359 0.404167 0.036719 0.111111 0.003125 0.000694 1.000000
0 77 0.871094 0.404167 0.035937 0.111111 0.002734 0.000000 1.000000
0 78 0.871094 0.404167 0.035937 0.111111 0.000000 0.000000 1.000000
0 79 0.875391 0.408333 0.032031 0.108333 0.004297 0.004167 1.000000
0 80 0.876172 0.408333 0.027344 0.105556 0.000781 0.000000 1.000000
0 81 0.880859 0.407639 0.028906 0.104167 0.004687 -0.000694 1.000000
0 82 0.884375 0.408333 0.032813 0.105556 0.003516 0.000694 1.000000
0 83 0.884375 0.408333 0.032813 0.105556 0.000000 0.000000 1.000000
0 84 0.888672 0.404167 0.039844 0.105556 0.004297 -0.004167 1.000000
0 85 0.891406 0.402778 0.042188 0.105556 0.002734 -0.001389 1.000000
0 86 0.892578 0.402778 0.042969 0.105556 0.001172 0.000000 1.000000
0 87 0.893750 0.404861 0.045312 0.106944 0.001172 0.002083 1.000000
0 88 0.893750 0.404861 0.045312 0.106944 0.000000 0.000000 1.000000
0 89 0.894531 0.409722 0.042188 0.102778 0.000781 0.004861 1.000000
0 90 0.893359 0.409028 0.039844 0.101389 -0.001172 -0.000694 1.000000
0 91 0.889062 0.409722 0.037500 0.102778 -0.004297 0.000694 1.000000
0 92 0.890234 0.408333 0.041406 0.102778 0.001172 -0.001389 1.000000
0 93 0.890234 0.408333 0.041406 0.102778 0.000000 0.000000 1.000000
0 94 0.892969 0.407639 0.043750 0.104167 0.002734 -0.000694 1.000000
0 95 0.893750 0.404167 0.042188 0.097222 0.000781 -0.003472 1.000000
0 96 0.893750 0.409028 0.040625 0.106944 0.000000 0.004861 1.000000
0 97 0.892188 0.407639 0.035937 0.098611 -0.001563 -0.001389 1.000000
0 98 0.892188 0.407639 0.035937 0.098611 0.000000 0.000000 1.000000
0 99 0.884375 0.412500 0.031250 0.108333 -0.007812 0.004861 1.000000
0 100 0.885938 0.411111 0.037500 0.111111 0.001563 -0.001389 1.000000
0 101 0.887891 0.407639 0.041406 0.104167 0.001953 -0.003472 1.000000
0 102 0.888281 0.405556 0.042188 0.102778 0.000391 -0.002083 1.000000
0 103 0.888281 0.405556 0.042188 0.102778 0.000000 0.000000 1.000000
0 104 0.886719 0.404861 0.048438 0.104167 -0.001563 -0.000694 1.000000
0 105 0.887500 0.406944 0.042188 0.102778 0.000781 0.002083 1.000000
0 106 0.885156 0.406944 0.037500 0.102778 -0.002344 0.000000 1.000000
0 107 0.879687 0.405556 0.034375 0.102778 -0.005469 -0.001389 1.000000
0 108 0.879687 0.405556 0.034375 0.102778 0.000000 0.000000 1.000000
0 109 0.876563 0.401389 0.035937 0.105556 -0.003125 -0.004167 1.000000
0 110 0.876563 0.400000 0.039062 0.105556 0.000000 -0.001389 1.000000
0 111 0.875781 0.397222 0.043750 0.105556 -0.000781 -0.002778 1.000000
0 112 0.873437 0.395833 0.046875 0.102778 -0.002344 -0.001389 1.000000
0 113 0.873437 0.395833 0.046875 0.102778 0.000000 0.000000 1.000000
0 114 0.870313 0.398611 0.035937 0.102778 -0.003125 0.002778 1.000000
0 115 0.864062 0.398611 0.034375 0.102778 -0.006250 0.000000 1.000000
0 116 0.859766 0.397222 0.028906 0.102778 -0.004297 -0.001389 1.000000
0 117 0.857812 0.397222 0.031250 0.105556 -0.001953 0.000000 1.000000
0 118 0.857812 0.397222 0.031250 0.105556 0.000000 0.000000 1.000000
0 119 0.854297 0.393056 0.041406 0.105556 -0.003516 -0.004167 1.000000
0 120 0.850000 0.391667 0.048438 0.102778 -0.004297 -0.001389 1.000000
0 121 0.846484 0.391667 0.049219 0.102778 -0.003516 0.000000 1.000000
0 122 0.846094 0.393056 0.042188 0.102778 -0.000391 0.001389 1.000000
0 123 0.846094 0.393056 0.042188 0.102778 0.000000 0.000000 1.000000
0 124 0.833594 0.390972 0.034375 0.101389 -0.012500 -0.002083 1.000000
0 125 0.827344 0.388889 0.029687 0.102778 -0.006250 -0.002083 1.000000
0 126 0.825000 0.386111 0.034375 0.105556 -0.002344 -0.002778 1.000000
0 127 0.822656 0.385417 0.037500 0.104167 -0.002344 -0.000694 1.000000
0 128 0.822656 0.385417 0.037500 0.104167 0.000000 0.000000 1.000000
0 129 0.813281 0.384722 0.046875 0.102778 -0.009375 -0.000694 1.000000
0 130 0.809375 0.386806 0.043750 0.101389 -0.003906 0.002083 1.000000
0 131 0.805469 0.388194 0.035937 0.098611 -0.003906 0.001389 1.000000
0 132 0.797266 0.388194 0.032031 0.098611 -0.008203 0.000000 1.000000
0 133 0.797266 0.388194 0.032031 0.098611 0.000000 0.000000 1.000000
0 134 0.787109 0.387500 0.033594 0.102778 -0.010156 -0.000694 1.000000
0 135 0.785547 0.385417 0.036719 0.104167 -0.001563 -0.002083 1.000000
0 136 0.782813 0.383333 0.040625 0.100000 -0.002734 -0.002083 1.000000
0 137 0.775781 0.383333 0.050000 0.100000 -0.007031 0.000000 1.000000
0 138 0.775781 0.383333 0.050000 0.100000 0.000000 0.000000 1.000000
0 139 0.768750 0.385417 0.043750 0.101389 -0.007031 0.002083 1.000000
0 140 0.763281 0.386806 0.037500 0.098611 -0.005469 0.001389 1.000000
0 141 0.754687 0.386111 0.034375 0.100000 -0.008594 -0.000694 1.000000
0 142 0.747266 0.385417 0.028906 0.101389 -0.007422 -0.000694 1.000000
0 143 0.747266 0.385417 0.028906 0.101389 0.000000 0.000000 1.000000
0 144 0.740625 0.384722 0.035937 0.102778 -0.006641 -0.000694 1.000000
0 145 0.736719 0.384722 0.037500 0.102778 -0.003906 0.000000 1.000000
0 146 0.731250 0.384722 0.037500 0.100000 -0.005469 0.000000 1.000000
0 147 0.725781 0.383333 0.035937 0.094444 -0.005469 -0.001389 1.000000
0 148 0.725781 0.383333 0.035937 0.094444 0.000000 0.000000 1.000000
0 149 0.706250 0.390278 0.029687 0.094444 -0.019531 0.006944 1.000000
0 150 0.699609 0.391667 0.033594 0.094444 -0.006641 0.001389 1.000000
0 151 0.696094 0.390972 0.040625 0.093056 -0.003516 -0.000694 1.000000
0 152 0.692578 0.390972 0.044531 0.093056 -0.003516 0.000000 1.000000
0 153 0.692578 0.390972 0.044531 0.093056 0.000000 0.000000 1.000000
0 154 0.685156 0.393750 0.037500 0.093056 -0.007422 0.002778 1.000000
0 155 0.678516 0.396528 0.032031 0.090278 -0.006641 0.002778 1.000000
0 156 0.671875 0.397917 0.025000 0.090278 -0.006641 0.001389 1.000000
0 157 0.669922 0.400694 0.027344 0.090278 -0.001953 0.002778 1.000000
0 158 0.669922 0.400694 0.027344 0.090278 0.000000 0.000000 1.000000
0 159 0.660547 0.404167 0.038281 0.094444 -0.009375 0.003472 1.000000
0 160 0.655469 0.405556 0.040625 0.094444 -0.005078 0.001389 1.000000
0 161 0.650391 0.408333 0.035156 0.094444 -0.005078 0.002778 1.000000
0 162 0.644922 0.409028 0.021094 0.093056 -0.005469 0.000694 1.000000
0 163 0.644922 0.409028 0.021094 0.093056 0.000000 0.000000 1.000000
0 164 0.636328 0.411806 0.022656 0.090278 -0.008594 0.002778 1.000000
0 165 0.629687 0.412500 0.034375 0.086111 -0.006641 0.000694 1.000000
0 166 0.624219 0.414583 0.048438 0.090278 -0.005469 0.002083 1.000000
0 167 0.622266 0.418750 0.053906 0.090278 -0.001953 0.004167 1.000000
0 168 0.622266 0.418750 0.053906 0.090278 0.000000 0.000000 1.000000
0 169 0.617969 0.427083 0.046875 0.093056 -0.004297 0.008333 1.000000
0 170 0.614844 0.427083 0.037500 0.093056 -0.003125 0.000000 1.000000
0 171 0.613281 0.431250 0.032813 0.095833 -0.001563 0.004167 1.000000
0 172 0.613672 0.431944 0.032031 0.097222 0.000391 0.000694 1.000000
0 173 0.613672 0.431944 0.032031 0.097222 0.000000 0.000000 1.000000
0 174 0.617969 0.434722 0.040625 0.102778 0.004297 0.002778 1.000000
0 175 0.619141 0.436111 0.042969 0.105556 0.001172 0.001389 1.000000
0 176 0.621094 0.436111 0.042188 0.102778 0.001953 0.000000 1.000000
0 177 0.621875 0.437500 0.040625 0.102778 0.000781 0.001389 1.000000
0 178 0.621875 0.437500 0.040625 0.102778 0.000000 0.000000 1.000000
0 179 0.620703 0.440278 0.044531 0.100000 -0.001172 0.002778 1.000000
0 180 0.619531 0.443056 0.046875 0.100000 -0.001172 0.002778 1.000000
0 181 0.619531 0.445833 0.046875 0.097222 0.000000 0.002778 1.000000
0 182 0.619922 0.451389 0.044531 0.097222 0.000391 0.005556 1.000000
0 183 0.619922 0.451389 0.044531 0.097222 0.000000 0.000000 1.000000
0 184 0.618750 0.457639 0.034375 0.093056 -0.001172 0.006250 1.000000
0 185 0.621094 0.463194 0.034375 0.095833 0.002344 0.005556 1.000000
0 186 0.623437 0.463889 0.034375 0.094444 0.002344 0.000694 1.000000
0 187 0.627734 0.466667 0.036719 0.094444 0.004297 0.002778 1.000000
0 188 0.627734 0.466667 0.036719 0.094444 0.000000 0.000000 1.000000
0 189 0.637500 0.467361 0.034375 0.098611 0.009766 0.000694 1.000000
0 190 0.642969 0.466667 0.035937 0.100000 0.005469 -0.000694 1.000000
0 191 0.649219 0.466667 0.032813 0.102778 0.006250 0.000000 1.000000
0 192 0.651953 0.465278 0.032031 0.102778 0.002734 -0.001389 1.000000
0 193 0.651953 0.465278 0.032031 0.102778 0.000000 0.000000 1.000000
0 194 0.664844 0.466667 0.029687 0.105556 0.012891 0.001389 1.000000
0 195 0.673828 0.468750 0.036719 0.106944 0.008984 0.002083 1.000000
0 196 0.680469 0.468056 0.040625 0.102778 0.006641 -0.000694 1.000000
0 197 0.686719 0.473611 0.043750 0.108333 0.006250 0.005556 1.000000
0 198 0.686719 0.473611 0.043750 0.108333 0.000000 0.000000 1.000000
0 199 0.695703 0.477778 0.046094 0.102778 0.008984 0.004167 1.000000
0 200 0.698047 0.480556 0.044531 0.100000 0.002344 0.002778 1.000000
0 201 0.700000 0.482639 0.042188 0.098611 0.001953 0.002083 1.000000
0 202 0.701562 0.484722 0.040625 0.097222 0.001563 0.002083 1.000000
0 203 0.701562 0.484722 0.040625 0.097222 0.000000 0.000000 1.000000
0 204 0.707031 0.488889 0.040625 0.097222 0.005469 0.004167 1.000000
0 205 0.708594 0.488889 0.039062 0.097222 0.001563 0.000000 1.000000
0 206 0.710547 0.488889 0.038281 0.100000 0.001953 0.000000 1.000000
0 207 0.711719 0.488889 0.037500 0.100000 0.001172 0.000000 1.000000
0 208 0.711719 0.488889 0.037500 0.100000 0.000000 0.000000 1.000000
0 209 0.713672 0.486111 0.036719 0.100000 0.001953 -0.002778 1.000000
0 210 0.714063 0.484722 0.034375 0.102778 0.000391 -0.001389 1.000000
0 211 0.714063 0.484028 0.031250 0.106944 0.000000 -0.000694 1.000000
0 212 0.713672 0.484028 0.027344 0.109722 -0.000391 0.000000 1.000000
0 213 0.713672 0.484028 0.027344 0.109722 0.000000 0.000000 1.000000
0 214 0.713672 0.479861 0.027344 0.109722 0.000000 -0.004167 1.000000
0 215 0.710938 0.479861 0.031250 0.109722 -0.002734 0.000000 1.000000
0 216 0.708984 0.479861 0.033594 0.109722 -0.001953 0.000000 1.000000
0 217 0.707031 0.483333 0.032813 0.113889 -0.001953 0.003472 1.000000
0 218 0.707031 0.483333 0.032813 0.113889 0.000000 0.000000 1.000000
0 219 0.702344 0.484722 0.034375 0.113889 -0.004687 0.001389 1.000000
0 220 0.700000 0.484722 0.032813 0.113889 -0.002344 0.000000 1.000000
0 221 0.698438 0.479167 0.031250 0.108333 -0.001563 -0.005556 1.000000
0 222 0.696875 0.477083 0.028125 0.106944 -0.001563 -0.002083 1.000000
0 223 0.696875 0.477083 0.028125 0.106944 0.000000 0.000000 1.000000
0 224 0.698438 0.482639 0.028125 0.115278 0.001563 0.005556 1.000000
0 225 0.698438 0.481944 0.028125 0.113889 0.000000 -0.000694 1.000000
0 226 0.697656 0.484028 0.028125 0.115278 -0.000781 0.002083 1.000000
0 227 0.695312 0.487500 0.026562 0.113889 -0.002344 0.003472 1.000000
0 228 0.694531 0.487500 0.026562 0.113889 -0.000781 0.000000 1.000000
0 229 0.696094 0.493056 0.037500 0.111111 0.001563 0.005556 1.000000
0 230 0.696094 0.493750 0.042188 0.109722 0.000000 0.000694 1.000000
0 231 0.696094 0.493750 0.048438 0.109722 0.000000 0.000000 1.000000
0 232 0.694141 0.494444 0.052344 0.111111 -0.001953 0.000694 1.000000
0 233 0.694141 0.494444 0.052344 0.111111 0.000000 0.000000 1.000000
0 234 0.691406 0.487500 0.050000 0.100000 -0.002734 -0.006944 1.000000
0 235 0.687891 0.486806 0.050781 0.101389 -0.003516 -0.000694 1.000000
0 236 0.682813 0.486111 0.050000 0.102778 -0.005078 -0.000694 1.000000
0 237 0.676562 0.487500 0.053125 0.116667 -0.006250 0.001389 1.000000
0 238 0.676562 0.487500 0.053125 0.116667 0.000000 0.000000 1.000000
0 239 0.678906 0.483333 0.056250 0.116667 0.002344 -0.004167 1.000000
0 240 0.682031 0.479167 0.054688 0.108333 0.003125 -0.004167 1.000000
0 241 0.685156 0.472222 0.054688 0.094444 0.003125 -0.006944 1.000000
0 242 0.684766 0.473611 0.053906 0.094444 -0.000391 0.001389 1.000000
0 243 0.684766 0.473611 0.053906 0.094444 0.000000 0.000000 1.000000
0 244 0.685547 0.478472 0.063281 0.090278 0.000781 0.004861 1.000000
0 245 0.684375 0.479167 0.057813 0.091667 -0.001172 0.000694 1.000000
0 246 0.688281 0.479167 0.051562 0.091667 0.003906 0.000000 1.000000
0 247 0.690625 0.479167 0.046875 0.091667 0.002344 0.000000 1.000000
0 248 0.690625 0.479167 0.046875 0.091667 0.000000 0.000000 1.000000
0 249 0.689844 0.475000 0.062500 0.100000 -0.000781 -0.004167 1.000000
0 250 0.692969 0.477083 0.064062 0.104167 0.003125 0.002083 1.000000
0 251 0.698438 0.476389 0.064062 0.108333 0.005469 -0.000694 1.000000
0 252 0.706250 0.476389 0.062500 0.108333 0.007812 0.000000 1.000000
0 253 0.706250 0.476389 0.062500 0.108333 0.000000 0.000000 1.000000
0 254 0.717969 0.479167 0.051562 0.111111 0.011719 0.002778 1.000000
0 255 0.720703 0.481944 0.047656 0.108333 0.002734 0.002778 1.000000
0 256 0.718750 0.484028 0.046875 0.106944 -0.001953 0.002083 1.000000
0 257 0.720313 0.487500 0.040625 0.108333 0.001563 0.003472 1.000000
0 258 0.720313 0.487500 0.040625 0.108333 0.000000 0.000000 1.000000
0 259 0.728125 0.488889 0.028125 0.111111 0.007812 0.001389 1.000000
0 260 0.728125 0.490972 0.028125 0.115278 0.000000 0.002083 1.000000
0 261 0.727344 0.489583 0.029687 0.118056 -0.000781 -0.001389 1.000000
0 262 0.725391 0.490278 0.028906 0.119444 -0.001953 0.000694 1.000000
0 263 0.725391 0.490278 0.028906 0.119444 0.000000 0.000000 1.000000
0 264 0.721875 0.493056 0.034375 0.125000 -0.003516 0.002778 1.000000
0 265 0.721094 0.493056 0.034375 0.127778 -0.000781 0.000000 1.000000
0 266 0.718359 0.492361 0.033594 0.126389 -0.002734 -0.000694 1.000000
0 267 0.718359 0.493056 0.039844 0.127778 0.000000 0.000694 1.000000
0 268 0.718359 0.493056 0.039844 0.127778 0.000000 0.000000 1.000000
0 269 0.709375 0.491667 0.035937 0.125000 -0.008984 -0.001389 1.000000
0 270 0.703516 0.491667 0.035156 0.125000 -0.005859 0.000000 1.000000
0 271 0.696875 0.491667 0.034375 0.125000 -0.006641 0.000000 1.000000
0 272 0.689844 0.492361 0.034375 0.126389 -0.007031 0.000694 1.000000
0 273 0.689844 0.492361 0.034375 0.126389 0.000000 0.000000 1.000000
0 274 0.675000 0.490278 0.031250 0.125000 -0.014844 -0.002083 1.000000
0 275 0.668750 0.490278 0.028125 0.125000 -0.006250 0.000000 1.000000
0 276 0.662500 0.488889 0.025000 0.125000 -0.006250 -0.001389 1.000000
0 277 0.656250 0.487500 0.021875 0.125000 -0.006250 -0.001389 1.000000
0 278 0.656250 0.487500 0.021875 0.125000 0.000000 0.000000 1.000000
0 279 0.639844 0.486806 0.020313 0.126389 -0.016406 -0.000694 1.000000
0 280 0.633984 0.484722 0.022656 0.125000 -0.005859 -0.002083 1.000000
0 281 0.627734 0.485417 0.022656 0.126389 -0.006250 0.000694 1.000000
0 282 0.622266 0.483333 0.025781 0.125000 -0.005469 -0.002083 1.000000
0 283 0.622266 0.483333 0.025781 0.125000 0.000000 0.000000 1.000000
0 284 0.612500 0.483333 0.028125 0.122222 -0.009766 0.000000 1.000000
0 285 0.606641 0.481944 0.028906 0.122222 -0.005859 -0.001389 1.000000
0 286 0.603125 0.481944 0.032813 0.122222 -0.003516 0.000000 1.000000
0 287 0.598437 0.481944 0.037500 0.119444 -0.004687 0.000000 1.000000
0 288 0.598437 0.481944 0.037500 0.119444 0.000000 0.000000 1.000000
0 289 0.587109 0.479167 0.042969 0.122222 -0.011328 -0.002778 1.000000
0 290 0.581641 0.475694 0.042969 0.123611 -0.005469 -0.003472 1.000000
0 291 0.575000 0.475000 0.040625 0.122222 -0.006641 -0.000694 1.000000
0 292 0.569531 0.473611 0.035937 0.122222 -0.005469 -0.001389 1.000000
0 293 0.569531 0.473611 0.035937 0.122222 0.000000 0.000000 1.000000
0 294 0.557813 0.468056 0.021875 0.122222 -0.011719 -0.005556 1.000000
0 295 0.551172 0.466667 0.024219 0.122222 -0.006641 -0.001389 1.000000
0 296 0.545703 0.465972 0.027344 0.120833 -0.005469 -0.000694 1.000000
0 297 0.541406 0.466667 0.032813 0.119444 -0.004297 0.000694 1.000000
0 298 0.541406 0.466667 0.032813 0.119444 0.000000 0.000000 1.000000
0 299 0.532031 0.465972 0.042188 0.118056 -0.009375 -0.000694 1.000000
0 300 0.525391 0.465278 0.041406 0.116667 -0.006641 -0.000694 1.000000
0 301 0.519531 0.464583 0.039062 0.118056 -0.005859 -0.000694 1.000000
0 302 0.514062 0.462500 0.034375 0.119444 -0.005469 -0.002083 1.000000
0 303 0.514062 0.462500 0.034375 0.119444 0.000000 0.000000 1.000000
0 304 0.506250 0.461111 0.028125 0.122222 -0.007812 -0.001389 1.000000
0 305 0.502344 0.459722 0.023438 0.122222 -0.003906 -0.001389 1.000000
0 306 0.499609 0.459722 0.021094 0.125000 -0.002734 0.000000 1.000000
0 307 0.493750 0.459722 0.025000 0.125000 -0.005859 0.000000 1.000000
0 308 0.493750 0.459722 0.025000 0.125000 0.000000 0.000000 1.000000
0 309 0.482812 0.459722 0.032813 0.119444 -0.010937 0.000000 1.000000
0 310 0.478906 0.460417 0.037500 0.118056 -0.003906 0.000694 1.000000
0 311 0.472656 0.459722 0.037500 0.119444 -0.006250 -0.000694 1.000000
0 312 0.466406 0.459028 0.035937 0.118056 -0.006250 -0.000694 1.000000
0 313 0.466406 0.459028 0.035937 0.118056 0.000000 0.000000 1.000000
0 314 0.457422 0.459028 0.028906 0.118056 -0.008984 0.000000 1.000000
0 315 0.454688 0.457639 0.025000 0.118056 -0.002734 -0.001389 1.000000
0 316 0.451562 0.456944 0.021875 0.119444 -0.003125 -0.000694 1.000000
0 317 0.446094 0.454167 0.025000 0.119444 -0.005469 -0.002778 1.000000
0 318 0.446094 0.454167 0.025000 0.119444 0.000000 0.000000 1.000000
0 319 0.439844 0.452778 0.026562 0.119444 -0.006250 -0.001389 1.000000
0 320 0.439844 0.452778 0.029687 0.119444 0.000000 0.000000 1.000000
0 321 0.437500 0.451389 0.034375 0.116667 -0.002344 -0.001389 1.000000
0 322 0.435156 0.452778 0.032813 0.116667 -0.002344 0.001389 1.000000
0 323 0.435156 0.452778 0.032813 0.116667 0.000000 0.000000 1.000000
0 324 0.428125 0.451389 0.031250 0.116667 -0.007031 -0.001389 1.000000
0 325 0.424219 0.450000 0.031250 0.116667 -0.003906 -0.001389 1.000000
0 326 0.423047 0.449306 0.035156 0.115278 -0.001172 -0.000694 1.000000
0 327 0.423438 0.448611 0.037500 0.113889 0.000391 -0.000694 1.000000
0 328 0.423438 0.448611 0.037500 0.113889 0.000000 0.000000 1.000000
0 329 0.424219 0.448611 0.035937 0.113889 0.000781 0.000000 1.000000
0 330 0.426172 0.448611 0.036719 0.113889 0.001953 0.000000 1.000000
0 331 0.428125 0.449306 0.032813 0.115278 0.001953 0.000694 1.000000
0 332 0.428125 0.450000 0.031250 0.116667 0.000000 0.000694 1.000000
0 333 0.428125 0.450000 0.031250 0.116667 0.000000 0.000000 1.000000
0 334 0.427734 0.450694 0.030469 0.112500 -0.000391 0.000694 1.000000
0 335 0.427734 0.450000 0.028906 0.111111 0.000000 -0.000694 1.000000
0 336 0.427344 0.450000 0.025000 0.111111 -0.000391 0.000000 1.000000
0 337 0.428516 0.450000 0.022656 0.111111 0.001172 0.000000 1.000000
0 338 0.428516 0.450000 0.022656 0.111111 0.000000 0.000000 1.000000
0 339 0.432031 0.452083 0.017188 0.112500 0.003516 0.002083 1.000000
0 340 0.433594 0.451389 0.017188 0.111111 0.001563 -0.000694 1.000000
0 341 0.435937 0.450694 0.023438 0.112500 0.002344 -0.000694 1.000000
0 342 0.437891 0.450694 0.027344 0.112500 0.001953 0.000000 1.000000
0 343 0.437891 0.450694 0.027344 0.112500 0.000000 0.000000 1.000000
0 344 0.441797 0.452778 0.036719 0.111111 0.003906 0.002083 1.000000
0 345 0.441016 0.452778 0.035156 0.111111 -0.000781 0.000000 1.000000
0 346 0.442969 0.452778 0.032813 0.111111 0.001953 0.000000 1.000000
0 347 0.444531 0.451389 0.029687 0.108333 0.001563 -0.001389 1.000000
0 348 0.444531 0.451389 0.029687 0.108333 0.000000 0.000000 1.000000
0 349 0.445312 0.450000 0.028125 0.108333 0.000781 -0.001389 1.000000
0 350 0.444922 0.449306 0.027344 0.109722 -0.000391 -0.000694 1.000000
0 351 0.445703 0.449306 0.025781 0.109722 0.000781 0.000000 1.000000
0 352 0.445312 0.449306 0.025000 0.109722 -0.000391 0.000000 1.000000
0 353 0.445312 0.449306 0.025000 0.109722 0.000000 0.000000 1.000000
0 354 0.443750 0.449306 0.021875 0.109722 -0.001563 0.000000 1.000000
0 355 0.444531 0.450000 0.021875 0.108333 0.000781 0.000694 1.000000
0 356 0.443359 0.450000 0.019531 0.108333 -0.001172 0.000000 1.000000
0 357 0.443750 0.450000 0.018750 0.108333 0.000391 0.000000 1.000000
0 358 0.443750 0.450000 0.018750 0.108333 0.000000 0.000000 1.000000
0 359 0.443750 0.450694 0.018750 0.109722 0.000000 0.000694 1.000000
0 360 0.443359 0.451389 0.019531 0.111111 -0.000391 0.000694 1.000000
0 361 0.442969 0.450694 0.020313 0.109722 -0.000391 -0.000694 1.000000
0 362 0.443359 0.451389 0.021094 0.108333 0.000391 0.000694 1.000000
0 363 0.443359 0.451389 0.021094 0.108333 0.000000 0.000000 1.000000
0 364 0.444531 0.451389 0.025000 0.108333 0.001172 0.000000 1.000000
0 365 0.446094 0.451389 0.026562 0.108333 0.001563 0.000000 1.000000
0 366 0.446094 0.454861 0.029687 0.109722 0.000000 0.003472 1.000000
0 367 0.446875 0.454861 0.031250 0.109722 0.000781 0.000000 1.000000
0 368 0.446875 0.454861 0.031250 0.109722 0.000000 0.000000 1.000000
0 369 0.448828 0.455556 0.035156 0.111111 0.001953 0.000694 1.000000
0 370 0.450000 0.452778 0.034375 0.116667 0.001172 -0.002778 1.000000
0 371 0.450781 0.452083 0.035937 0.120833 0.000781 -0.000694 1.000000
0 372 0.451562 0.452083 0.034375 0.120833 0.000781 0.000000 1.000000
0 373 0.451562 0.452083 0.034375 0.120833 0.000000 0.000000 1.000000
0 374 0.450000 0.452083 0.028125 0.126389 -0.001563 0.000000 1.000000
0 375 0.450000 0.447222 0.025000 0.138889 0.000000 -0.004861 1.000000
0 376 0.448047 0.447917 0.021094 0.140278 -0.001953 0.000694 1.000000
0 377 0.449219 0.447917 0.021875 0.140278 0.001172 0.000000 1.000000
0 378 0.449219 0.447917 0.021875 0.140278 0.000000 0.000000 1.000000
0 379 0.451172 0.452778 0.025781 0.136111 0.001953 0.004861 1.000000
0 380 0.451562 0.456944 0.028125 0.130556 0.000391 0.004167 1.000000
0 381 0.452344 0.461806 0.029687 0.123611 0.000781 0.004861 1.000000
0 382 0.453125 0.468056 0.031250 0.113889 0.000781 0.006250 1.000000
0 383 0.453125 0.468056 0.031250 0.113889 0.000000 0.000000 1.000000
0 384 0.451562 0.473611 0.031250 0.105556 -0.001563 0.005556 1.000000
0 385 0.451172 0.474306 0.032031 0.104167 -0.000391 0.000694 1.000000
0 386 0.449219 0.475694 0.029687 0.101389 -0.001953 0.001389 1.000000
0 387 0.446484 0.476389 0.027344 0.100000 -0.002734 0.000694 1.000000
0 388 0.446484 0.476389 0.027344 0.100000 0.000000 0.000000 1.000000
0 389 0.446094 0.477778 0.034375 0.102778 -0.000391 0.001389 1.000000
0 390 0.445703 0.477778 0.035156 0.105556 -0.000391 0.000000 1.000000
0 391 0.444531 0.474306 0.035937 0.104167 -0.001172 -0.003472 1.000000
0 392 0.443359 0.475000 0.036719 0.105556 -0.001172 0.000694 1.000000
0 393 0.443359 0.475000 0.036719 0.105556 0.000000 0.000000 1.000000
0 394 0.439063 0.476389 0.034375 0.105556 -0.004297 0.001389 1.000000
0 395 0.435547 0.477778 0.032031 0.105556 -0.003516 0.001389 1.000000
0 396 0.431641 0.477778 0.028906 0.105556 -0.003906 0.000000 1.000000
0 397 0.427344 0.478472 0.026562 0.106944 -0.004297 0.000694 1.000000
0 398 0.427344 0.478472 0.026562 0.106944 0.000000 0.000000 1.000000
0 399 0.422656 0.477778 0.029687 0.113889 -0.004687 -0.000694 1.000000
0 400 0.419922 0.475694 0.032031 0.112500 -0.002734 -0.002083 1.000000
0 401 0.417969 0.472917 0.032813 0.106944 -0.001953 -0.002778 1.000000
0 402 0.414453 0.474306 0.030469 0.109722 -0.003516 0.001389 1.000000
0 403 0.414453 0.474306 0.030469 0.109722 0.000000 0.000000 1.000000
0 404 0.406250 0.477083 0.021875 0.106944 -0.008203 0.002778 1.000000
0 405 0.402734 0.477083 0.019531 0.106944 -0.003516 0.000000 1.000000
0 406 0.400000 0.476389 0.021875 0.108333 -0.002734 -0.000694 1.000000
0 407 0.396875 0.475694 0.028125 0.112500 -0.003125 -0.000694 1.000000
0 408 0.396875 0.475694 0.028125 0.112500 0.000000 0.000000 1.000000
0 409 0.390625 0.473611 0.035937 0.113889 -0.006250 -0.002083 1.000000
0 410 0.388281 0.470833 0.042188 0.108333 -0.002344 -0.002778 1.000000
0 411 0.385937 0.471528 0.040625 0.109722 -0.002344 0.000694 1.000000
0 412 0.384375 0.473611 0.035937 0.111111 -0.001563 0.002083 1.000000
0 413 0.384375 0.473611 0.035937 0.111111 0.000000 0.000000 1.000000
0 414 0.374609 0.475000 0.033594 0.111111 -0.009766 0.001389 1.000000
0 415 0.369531 0.474306 0.029687 0.115278 -0.005078 -0.000694 1.000000
0 416 0.365625 0.472222 0.026562 0.116667 -0.003906 -0.002083 1.000000
0 417 0.362500 0.473611 0.029687 0.119444 -0.003125 0.001389 1.000000
0 418 0.362500 0.473611 0.029687 0.119444 0.000000 0.000000 1.000000
0 419 0.356250 0.469444 0.031250 0.111111 -0.006250 -0.004167 1.000000
0 420 0.351953 0.470139 0.030469 0.112500 -0.004297 0.000694 1.000000
0 421 0.347656 0.472222 0.026562 0.111111 -0.004297 0.002083 1.000000
0 422 0.344531 0.472222 0.025000 0.111111 -0.003125 0.000000 1.000000
0 423 0.344531 0.472222 0.025000 0.111111 0.000000 0.000000 1.000000
0 424 0.339453 0.470833 0.022656 0.111111 -0.005078 -0.001389 1.000000
0 425 0.335156 0.469444 0.025000 0.111111 -0.004297 -0.001389 1.000000
0 426 0.331250 0.470833 0.029687 0.116667 -0.003906 0.001389 1.000000
0 427 0.328125 0.468750 0.035937 0.115278 -0.003125 -0.002083 1.000000
0 428 0.328125 0.468750 0.035937 0.115278 0.000000 0.000000 1.000000
0 429 0.322266 0.470139 0.039844 0.112500 -0.005859 0.001389 1.000000
0 430 0.319531 0.470139 0.035937 0.112500 -0.002734 0.000000 1.000000
0 431 0.317969 0.470139 0.032813 0.112500 -0.001563 0.000000 1.000000
0 432 0.315625 0.470833 0.028125 0.113889 -0.002344 0.000694 1.000000
0 433 0.315625 0.470833 0.028125 0.113889 0.000000 0.000000 1.000000
0 434 0.307422 0.468056 0.024219 0.119444 -0.008203 -0.002778 1.000000
0 435 0.305859 0.466667 0.025781 0.119444 -0.001563 -0.001389 1.000000
0 436 0.303906 0.466667 0.026562 0.119444 -0.001953 0.000000 1.000000
0 437 0.302344 0.465972 0.029687 0.120833 -0.001563 -0.000694 1.000000
0 438 0.302344 0.465972 0.029687 0.120833 0.000000 0.000000 1.000000
0 439 0.296875 0.465972 0.034375 0.115278 -0.005469 0.000000 1.000000
0 440 0.294141 0.466667 0.038281 0.113889 -0.002734 0.000694 1.000000
0 441 0.291016 0.466667 0.044531 0.111111 -0.003125 0.000000 1.000000
0 442 0.288281 0.468056 0.046875 0.108333 -0.002734 0.001389 1.000000
0 443 0.288281 0.468056 0.046875 0.108333 0.000000 0.000000 1.000000
0 444 0.285938 0.466667 0.050000 0.108333 -0.002344 -0.001389 1.000000
0 445 0.285938 0.465972 0.050000 0.109722 0.000000 -0.000694 1.000000
0 446 0.285938 0.465972 0.046875 0.109722 0.000000 0.000000 1.000000
0 447 0.286719 0.463889 0.045312 0.111111 0.000781 -0.002083 1.000000
0 448 0.286719 0.463889 0.045312 0.111111 0.000000 0.000000 1.000000
0 449 0.289844 0.462500 0.043750 0.113889 0.003125 -0.001389 1.000000
0 450 0.291406 0.460417 0.042188 0.115278 0.001563 -0.002083 1.000000
0 451 0.294141 0.460417 0.041406 0.115278 0.002734 0.000000 1.000000
0 452 0.299219 0.460417 0.043750 0.115278 0.005078 0.000000 1.000000
0 453 0.299219 0.460417 0.043750 0.115278 0.000000 0.000000 1.000000
0 454 0.307812 0.459028 0.043750 0.115278 0.008594 -0.001389 1.000000
0 455 0.312109 0.458333 0.042969 0.116667 0.004297 -0.000694 1.000000
0 456 0.317188 0.458333 0.040625 0.116667 0.005078 0.000000 1.000000
0 457 0.321875 0.459028 0.040625 0.118056 0.004687 0.000694 1.000000
0 458 0.321875 0.459722 0.040625 0.119444 0.000000 0.000694 1.000000
0 459 0.332422 0.459722 0.036719 0.116667 0.010547 0.000000 1.000000
0 460 0.337500 0.461806 0.034375 0.118056 0.005078 0.002083 1.000000
0 461 0.343750 0.461806 0.034375 0.118056 0.006250 0.000000 1.000000
0 462 0.350000 0.461806 0.032813 0.118056 0.006250 0.000000 1.000000
0 463 0.350000 0.461806 0.032813 0.118056 0.000000 0.000000 1.000000
0 464 0.362500 0.461111 0.031250 0.116667 0.012500 -0.000694 1.000000
0 465 0.369141 0.461806 0.028906 0.115278 0.006641 0.000694 1.000000
0 466 0.375391 0.461806 0.028906 0.115278 0.006250 0.000000 1.000000
0 467 0.380469 0.462500 0.028125 0.113889 0.005078 0.000694 1.000000
0 468 0.380469 0.462500 0.028125 0.113889 0.000000 0.000000 1.000000
0 469 0.391797 0.466667 0.030469 0.111111 0.011328 0.004167 1.000000
0 470 0.399219 0.467361 0.035937 0.106944 0.007422 0.000694 1.000000
0 471 0.405469 0.469444 0.039062 0.105556 0.006250 0.002083 1.000000
0 472 0.412500 0.467361 0.042188 0.106944 0.007031 -0.002083 1.000000
0 473 0.412500 0.467361 0.042188 0.106944 0.000000 0.000000 1.000000
0 474 0.426563 0.465278 0.046875 0.108333 0.014063 -0.002083 1.000000
0 475 0.433594 0.463889 0.042188 0.108333 0.007031 -0.001389 1.000000
0 476 0.444531 0.461111 0.045312 0.105556 0.010937 -0.002778 1.000000
0 477 0.451172 0.462500 0.038281 0.105556 0.006641 0.001389 1.000000
0 478 0.451172 0.462500 0.038281 0.105556 0.000000 0.000000 1.000000
0 479 0.464453 0.462500 0.032031 0.105556 0.013281 0.000000 1.000000
0 480 0.471875 0.462500 0.039062 0.105556 0.007422 0.000000 1.000000
0 481 0.476172 0.462500 0.039844 0.105556 0.004297 0.000000 1.000000
0 482 0.481641 0.461111 0.041406 0.102778 0.005469 -0.001389 1.000000
0 483 0.481641 0.461111 0.041406 0.102778 0.000000 0.000000 1.000000
0 484 0.496484 0.460417 0.041406 0.101389 0.014844 -0.000694 1.000000
0 485 0.502344 0.460417 0.043750 0.101389 0.005859 0.000000 1.000000
0 486 0.512500 0.459722 0.035937 0.102778 0.010156 -0.000694 1.000000
0 487 0.519531 0.458333 0.032813 0.105556 0.007031 -0.001389 1.000000
0 488 0.519531 0.458333 0.032813 0.105556 0.000000 0.000000 1.000000
0 489 0.527734 0.452778 0.025781 0.108333 0.008203 -0.005556 1.000000
0 490 0.530469 0.449306 0.023438 0.106944 0.002734 -0.003472 1.000000
0 491 0.533203 0.447222 0.022656 0.105556 0.002734 -0.002083 1.000000
0 492 0.536719 0.445833 0.023438 0.100000 0.003516 -0.001389 1.000000
0 493 0.536719 0.445833 0.023438 0.100000 0.000000 0.000000 1.000000
0 494 0.546875 0.445833 0.021875 0.100000 0.010156 0.000000 1.000000
0 495 0.550000 0.445833 0.021875 0.097222 0.003125 0.000000 1.000000
0 496 0.555469 0.446528 0.021875 0.098611 0.005469 0.000694 1.000000
0 497 0.562891 0.445833 0.025781 0.097222 0.007422 -0.000694 1.000000
0 498 0.562891 0.445833 0.025781 0.097222 0.000000 0.000000 1.000000
0 499 0.570312 0.444444 0.025000 0.100000 0.007422 -0.001389 1.000000
0 500 0.575000 0.443056 0.025000 0.102778 0.004687 -0.001389 1.000000
0 501 0.580078 0.440278 0.024219 0.105556 0.005078 -0.002778 1.000000
0 502 0.585156 0.438194 0.020313 0.106944 0.005078 -0.002083 1.000000
0 503 0.585156 0.438194 0.020313 0.106944 0.000000 0.000000 1.000000
0 504 0.596094 0.431944 0.020313 0.111111 0.010937 -0.006250 1.000000
0 505 0.601562 0.430556 0.023438 0.111111 0.005469 -0.001389 1.000000
0 506 0.606250 0.429167 0.025000 0.113889 0.004687 -0.001389 1.000000
0 507 0.610938 0.427778 0.028125 0.111111 0.004687 -0.001389 1.000000
0 508 0.610938 0.427778 0.028125 0.111111 0.000000 0.000000 1.000000
0 509 0.620313 0.429861 0.034375 0.109722 0.009375 0.002083 1.000000
0 510 0.625000 0.432639 0.037500 0.106944 0.004687 0.002778 1.000000
0 511 0.629297 0.434028 0.041406 0.104167 0.004297 0.001389 1.000000
0 512 0.634375 0.436111 0.043750 0.100000 0.005078 0.002083 1.000000
0 513 0.634375 0.436111 0.043750 0.100000 0.000000 0.000000 1.000000
0 514 0.646094 0.438889 0.039062 0.097222 0.011719 0.002778 1.000000
0 515 0.649219 0.440278 0.039062 0.097222 0.003125 0.001389 1.000000
0 516 0.653125 0.440972 0.039062 0.098611 0.003906 0.000694 1.000000
0 517 0.657031 0.440972 0.039062 0.098611 0.003906 0.000000 1.000000
0 518 0.657031 0.440972 0.039062 0.098611 0.000000 0.000000 1.000000
0 519 0.670312 0.443056 0.028125 0.100000 0.013281 0.002083 1.000000
0 520 0.676172 0.445139 0.024219 0.098611 0.005859 0.002083 1.000000
0 521 0.680078 0.445833 0.025781 0.100000 0.003906 0.000694 1.000000
0 522 0.686328 0.449306 0.028906 0.098611 0.006250 0.003472 1.000000
0 523 0.686328 0.449306 0.028906 0.098611 0.000000 0.000000 1.000000
0 524 0.698828 0.452083 0.035156 0.098611 0.012500 0.002778 1.000000
0 525 0.702344 0.454861 0.039062 0.098611 0.003516 0.002778 1.000000
0 526 0.708203 0.456944 0.041406 0.100000 0.005859 0.002083 1.000000
0 527 0.712891 0.460417 0.041406 0.104167 0.004687 0.003472 1.000000
0 528 0.712891 0.460417 0.041406 0.104167 0.000000 0.000000 1.000000
0 529 0.722656 0.461111 0.039062 0.102778 0.009766 0.000694 1.000000
0 530 0.726172 0.461806 0.035156 0.101389 0.003516 0.000694 1.000000
0 531 0.730469 0.462500 0.031250 0.102778 0.004297 0.000694 1.000000
0 532 0.735156 0.461111 0.034375 0.102778 0.004687 -0.001389 1.000000
0 533 0.735156 0.461111 0.034375 0.102778 0.000000 0.000000 1.000000
0 534 0.742969 0.459722 0.029687 0.105556 0.007812 -0.001389 1.000000
0 535 0.746875 0.456944 0.028125 0.108333 0.003906 -0.002778 1.000000
0 536 0.748437 0.457639 0.029687 0.109722 0.001563 0.000694 1.000000
0 537 0.751953 0.455556 0.028906 0.111111 0.003516 -0.002083 1.000000
0 538 0.751953 0.455556 0.028906 0.111111 0.000000 0.000000 1.000000
0 539 0.757812 0.451389 0.028125 0.108333 0.005859 -0.004167 1.000000
0 540 0.760156 0.450000 0.029687 0.111111 0.002344 -0.001389 1.000000
0 541 0.762891 0.448611 0.025781 0.111111 0.002734 -0.001389 1.000000
0 542 0.764844 0.447917 0.029687 0.112500 0.001953 -0.000694 1.000000
0 543 0.764844 0.447917 0.029687 0.112500 0.000000 0.000000 1.000000
0 544 0.769922 0.445833 0.027344 0.113889 0.005078 -0.002083 1.000000
0 545 0.771875 0.445833 0.031250 0.116667 0.001953 0.000000 1.000000
0 546 0.773047 0.443750 0.030469 0.115278 0.001172 -0.002083 1.000000
0 547 0.774219 0.443056 0.032813 0.116667 0.001172 -0.000694 1.000000
0 548 0.774219 0.443056 0.032813 0.116667 0.000000 0.000000 1.000000
0 549 0.777344 0.439583 0.032813 0.112500 0.003125 -0.003472 1.000000
0 550 0.777734 0.439583 0.030469 0.112500 0.000391 0.000000 1.000000
0 551 0.777734 0.439583 0.027344 0.115278 0.000000 0.000000 1.000000
0 552 0.776563 0.439583 0.025000 0.115278 -0.001172 0.000000 1.000000
0 553 0.776563 0.439583 0.025000 0.115278 0.000000 0.000000 1.000000
0 554 0.780078 0.440278 0.019531 0.116667 0.003516 0.000694 1.000000
0 555 0.780469 0.438889 0.020313 0.116667 0.000391 -0.001389 1.000000
0 556 0.781641 0.438889 0.019531 0.116667 0.001172 0.000000 1.000000
0 557 0.782422 0.438889 0.019531 0.116667 0.000781 0.000000 1.000000
0 558 0.782422 0.438889 0.019531 0.116667 0.000000 0.000000 1.000000
0 559 0.784766 0.436806 0.022656 0.120833 0.002344 -0.002083 1.000000
0 560 0.785937 0.436111 0.023438 0.122222 0.001172 -0.000694 1.000000
0 561 0.788281 0.436111 0.023438 0.122222 0.002344 0.000000 1.000000
0 562 0.790625 0.435417 0.021875 0.123611 0.002344 -0.000694 1.000000
0 563 0.790625 0.435417 0.021875 0.123611 0.000000 0.000000 1.000000
0 564 0.795312 0.433333 0.020313 0.125000 0.004687 -0.002083 1.000000
0 565 0.798438 0.434722 0.021875 0.125000 0.003125 0.001389 1.000000
0 566 0.800781 0.431944 0.021875 0.125000 0.002344 -0.002778 1.000000
0 567 0.804688 0.431944 0.020313 0.125000 0.003906 0.000000 1.000000
0 568 0.804688 0.431944 0.020313 0.125000 0.000000 0.000000 1.000000
0 569 0.813281 0.432639 0.021875 0.126389 0.008594 0.000694 1.000000
0 570 0.817969 0.431944 0.021875 0.125000 0.004687 -0.000694 1.000000
0 571 0.821875 0.432639 0.021875 0.126389 0.003906 0.000694 1.000000
0 572 0.826562 0.432639 0.021875 0.126389 0.004687 0.000000 1.000000
0 573 0.826562 0.432639 0.021875 0.126389 0.000000 0.000000 1.000000
0 574 0.834375 0.433333 0.021875 0.127778 0.007812 0.000694 1.000000
0 575 0.839063 0.433333 0.021875 0.127778 0.004687 0.000000 1.000000
0 576 0.843750 0.433333 0.021875 0.127778 0.004687 0.000000 1.000000
0 577 0.849219 0.433333 0.023438 0.127778 0.005469 0.000000 1.000000
0 578 0.849219 0.433333 0.023438 0.127778 0.000000 0.000000 1.000000
0 579 0.860547 0.432639 0.027344 0.126389 0.011328 -0.000694 1.000000
0 580 0.865625 0.434028 0.028125 0.126389 0.005078 0.001389 1.000000
0 581 0.871484 0.436111 0.028906 0.127778 0.005859 0.002083 1.000000
0 582 0.877344 0.437500 0.029687 0.127778 0.005859 0.001389 1.000000
0 583 0.877344 0.437500 0.029687 0.127778 0.000000 0.000000 1.000000
0 584 0.891016 0.440972 0.030469 0.126389 0.013672 0.003472 1.000000
0 585 0.899219 0.441667 0.029687 0.125000 0.008203 0.000694 1.000000
0 586 0.906641 0.444444 0.030469 0.125000 0.007422 0.002778 1.000000
0 587 0.915625 0.445833 0.031250 0.125000 0.008984 0.001389 1.000000
0 588 0.915625 0.445833 0.031250 0.125000 0.000000 0.000000 1.000000
0 589 0.932031 0.448611 0.031250 0.125000 0.016406 0.002778 1.000000
0 590 0.940625 0.448611 0.028125 0.125000 0.008594 0.000000 1.000000
0 591 0.949609 0.448611 0.025781 0.125000 0.008984 0.000000 1.000000
0 592 0.957031 0.448611 0.023438 0.125000 0.007422 0.000000 1.000000
0 593 0.957031 0.448611 0.023438 0.125000 0.000000 0.000000 1.000000
0 594 0.972656 0.448611 0.023438 0.125000 0.015625 0.000000 1.000000
0 595 0.980078 0.449306 0.027344 0.126389 0.007422 0.000694 1.000000
0 596 0.985547 0.450694 0.028906 0.123611 0.005469 0.001389 1.000000
0 597 0.987891 0.451389 0.024219 0.125000 0.002344 0.000694 1.000000
0 598 0.987891 0.451389 0.024219 0.125000 0.000000 0.000000 1.000000
0 599 0.992188 0.452083 0.015625 0.126389 0.004297 0.000694 1.000000
0 700 0.992188 0.429167 0.015625 0.116667 0.000000 -0.000227 1.000000
0 701 0.983594 0.427778 0.032813 0.116667 -0.008594 -0.001389 1.000000
0 702 0.963281 0.425694 0.032813 0.115278 -0.020313 -0.002083 1.000000
0 703 0.963281 0.425694 0.032813 0.115278 0.000000 0.000000 1.000000
0 704 0.920312 0.420833 0.034375 0.111111 -0.042969 -0.004861 1.000000
0 705 0.901563 0.418750 0.040625 0.106944 -0.018750 -0.002083 1.000000
0 706 0.880078 0.415972 0.041406 0.104167 -0.021484 -0.002778 1.000000
0 707 0.858594 0.413889 0.042188 0.102778 -0.021484 -0.002083 1.000000
0 708 0.858594 0.413889 0.042188 0.102778 0.000000 0.000000 1.000000
0 709 0.817969 0.408333 0.048438 0.097222 -0.040625 -0.005556 1.000000
0 710 0.794922 0.406250 0.044531 0.098611 -0.023047 -0.002083 1.000000
0 711 0.776953 0.402083 0.046094 0.098611 -0.017969 -0.004167 1.000000
0 712 0.758203 0.400000 0.047656 0.100000 -0.018750 -0.002083 1.000000
0 713 0.758203 0.400000 0.047656 0.100000 0.000000 0.000000 1.000000
0 714 0.728125 0.395833 0.045312 0.097222 -0.030078 -0.004167 1.000000
0 715 0.712500 0.393750 0.042188 0.098611 -0.015625 -0.002083 1.000000
0 716 0.698047 0.390972 0.038281 0.098611 -0.014453 -0.002778 1.000000
0 717 0.680469 0.386806 0.040625 0.101389 -0.017578 -0.004167 1.000000
0 718 0.680469 0.386806 0.040625 0.101389 0.000000 0.000000 1.000000
0 719 0.646875 0.380556 0.040625 0.100000 -0.033594 -0.006250 1.000000
0 720 0.635938 0.379861 0.037500 0.098611 -0.010937 -0.000694 1.000000
0 721 0.619531 0.379167 0.037500 0.100000 -0.016406 -0.000694 1.000000
0 722 0.606641 0.377778 0.030469 0.100000 -0.012891 -0.001389 1.000000
0 723 0.606641 0.377778 0.030469 0.100000 0.000000 0.000000 1.000000
0 724 0.580078 0.377778 0.022656 0.097222 -0.026562 0.000000 1.000000
0 725 0.566797 0.375000 0.025781 0.097222 -0.013281 -0.002778 1.000000
0 726 0.554688 0.373611 0.031250 0.097222 -0.012109 -0.001389 1.000000
0 727 0.543359 0.372222 0.033594 0.097222 -0.011328 -0.001389 1.000000
0 728 0.543359 0.372222 0.033594 0.097222 0.000000 0.000000 1.000000
0 729 0.523828 0.370833 0.038281 0.097222 -0.019531 -0.001389 1.000000
0 730 0.514844 0.370833 0.034375 0.097222 -0.008984 0.000000 1.000000
0 731 0.508594 0.370833 0.034375 0.097222 -0.006250 0.000000 1.000000
0 732 0.501563 0.370833 0.031250 0.097222 -0.007031 0.000000 1.000000
0 733 0.501563 0.370833 0.031250 0.097222 0.000000 0.000000 1.000000
0 734 0.482422 0.368056 0.032031 0.100000 -0.019141 -0.002778 1.000000
0 735 0.472656 0.366667 0.032813 0.100000 -0.009766 -0.001389 1.000000
0 736 0.465625 0.366667 0.034375 0.100000 -0.007031 0.000000 1.000000
0 737 0.457813 0.367361 0.035937 0.098611 -0.007812 0.000694 1.000000
0 738 0.457813 0.367361 0.035937 0.098611 0.000000 0.000000 1.000000
0 739 0.444922 0.370833 0.027344 0.097222 -0.012891 0.003472 1.000000
0 740 0.440234 0.372222 0.021094 0.094444 -0.004687 0.001389 1.000000
0 741 0.436719 0.372917 0.018750 0.095833 -0.003516 0.000694 1.000000
0 742 0.430469 0.372917 0.023438 0.095833 -0.006250 0.000000 1.000000
0 743 0.430469 0.372917 0.023438 0.095833 0.000000 0.000000 1.000000
0 744 0.418750 0.373611 0.031250 0.097222 -0.011719 0.000694 1.000000
0 745 0.414844 0.373611 0.037500 0.097222 -0.003906 0.000000 1.000000
0 746 0.410938 0.376389 0.042188 0.097222 -0.003906 0.002778 1.000000
0 747 0.405078 0.377083 0.038281 0.095833 -0.005859 0.000694 1.000000
0 748 0.405078 0.377083 0.038281 0.095833 0.000000 0.000000 1.000000
0 749 0.399219 0.379167 0.032813 0.097222 -0.005859 0.002083 1.000000
0 750 0.397656 0.379167 0.029687 0.100000 -0.001563 0.000000 1.000000
0 751 0.396484 0.378472 0.027344 0.104167 -0.001172 -0.000694 1.000000
0 752 0.393359 0.377778 0.027344 0.105556 -0.003125 -0.000694 1.000000
0 753 0.393359 0.377778 0.027344 0.105556 0.000000 0.000000 1.000000
0 754 0.388281 0.378472 0.026562 0.106944 -0.005078 0.000694 1.000000
0 755 0.387109 0.379167 0.027344 0.105556 -0.001172 0.000694 1.000000
0 756 0.385547 0.381250 0.027344 0.104167 -0.001563 0.002083 1.000000
0 757 0.384766 0.384028 0.025781 0.104167 -0.000781 0.002778 1.000000
0 758 0.384766 0.384028 0.025781 0.104167 0.000000 0.000000 1.000000
0 759 0.385937 0.391667 0.029687 0.100000 0.001172 0.007639 1.000000
0 760 0.385937 0.392361 0.037500 0.095833 0.000000 0.000694 1.000000
0 761 0.385156 0.393750 0.043750 0.093056 -0.000781 0.001389 1.000000
0 762 0.385156 0.395833 0.043750 0.088889 0.000000 0.002083 1.000000
0 763 0.385156 0.395833 0.043750 0.088889 0.000000 0.000000 1.000000
0 764 0.385937 0.398611 0.032813 0.083333 0.000781 0.002778 1.000000
0 765 0.384375 0.400000 0.035937 0.086111 -0.001563 0.001389 1.000000
0 766 0.382031 0.399306 0.035937 0.087500 -0.002344 -0.000694 1.000000
0 767 0.384375 0.400000 0.035937 0.088889 0.002344 0.000694 1.000000
0 768 0.384375 0.400000 0.035937 0.088889 0.000000 0.000000 1.000000
0 769 0.391016 0.398611 0.032031 0.091667 0.006641 -0.001389 1.000000
0 770 0.395313 0.399306 0.028125 0.090278 0.004297 0.000694 1.000000
0 771 0.402344 0.400000 0.028125 0.088889 0.007031 0.000694 1.000000
0 772 0.407031 0.400694 0.026562 0.084722 0.004687 0.000694 1.000000
0 773 0.407031 0.400694 0.026562 0.084722 0.000000 0.000000 1.000000
0 774 0.417969 0.400000 0.028125 0.083333 0.010937 -0.000694 1.000000
0 775 0.421094 0.401389 0.026562 0.086111 0.003125 0.001389 1.000000
