0 1 0.357812 0.468056 0.025000 0.127778 0.000000 0.000000 1.000000
0 2 0.358984 0.468750 0.025781 0.129167 0.001172 0.000694 1.000000
0 3 0.358984 0.468750 0.025781 0.129167 0.000000 0.000000 1.000000
0 4 0.361719 0.468750 0.026562 0.129167 0.002734 0.000000 1.000000
0 5 0.362891 0.468750 0.025781 0.129167 0.001172 0.000000 1.000000
0 6 0.362891 0.470139 0.025781 0.129167 0.000000 0.001389 1.000000
0 7 0.364063 0.469444 0.025000 0.127778 0.001172 -0.000694 1.000000
0 8 0.364063 0.469444 0.025000 0.127778 0.000000 0.000000 1.000000
0 9 0.365625 0.469444 0.025000 0.127778 0.001563 0.000000 1.000000
0 10 0.366406 0.469444 0.025000 0.127778 0.000781 0.000000 1.000000
0 11 0.367188 0.469444 0.026562 0.127778 0.000781 0.000000 1.000000
0 12 0.369531 0.470139 0.026562 0.129167 0.002344 0.000694 1.000000
0 13 0.369531 0.470139 0.026562 0.129167 0.000000 0.000000 1.000000
0 14 0.373828 0.468750 0.022656 0.129167 0.004297 -0.001389 1.000000
0 15 0.376563 0.468750 0.020313 0.129167 0.002734 0.000000 1.000000
0 16 0.378906 0.468750 0.018750 0.129167 0.002344 0.000000 1.000000
0 17 0.380469 0.468750 0.020313 0.129167 0.001563 0.000000 1.000000
0 18 0.380469 0.468750 0.020313 0.129167 0.000000 0.000000 1.000000
0 19 0.383203 0.467361 0.025781 0.126389 0.002734 -0.001389 1.000000
0 20 0.385156 0.468056 0.029687 0.125000 0.001953 0.000694 1.000000
0 21 0.388281 0.468056 0.034375 0.125000 0.003125 0.000000 1.000000
0 22 0.390625 0.467361 0.037500 0.123611 0.002344 -0.000694 1.000000
0 23 0.390625 0.467361 0.037500 0.123611 0.000000 0.000000 1.000000
0 24 0.393750 0.467361 0.037500 0.123611 0.003125 0.000000 1.000000
0 25 0.392188 0.468056 0.034375 0.125000 -0.001563 0.000694 1.000000
0 26 0.392969 0.467361 0.031250 0.123611 0.000781 -0.000694 1.000000
0 27 0.394922 0.466667 0.030469 0.125000 0.001953 -0.000694 1.000000
0 28 0.394531 0.466667 0.029687 0.125000 -0.000391 0.000000 1.000000
0 29 0.400781 0.465972 0.026562 0.126389 0.006250 -0.000694 1.000000
0 30 0.404687 0.465972 0.025000 0.126389 0.003906 0.000000 1.000000
0 31 0.407813 0.465972 0.021875 0.126389 0.003125 0.000000 1.000000
0 32 0.412500 0.465972 0.018750 0.126389 0.004687 0.000000 1.000000
0 33 0.412500 0.465972 0.018750 0.126389 0.000000 0.000000 1.000000
0 34 0.419531 0.463889 0.023438 0.125000 0.007031 -0.002083 1.000000
0 35 0.421484 0.464583 0.027344 0.126389 0.001953 0.000694 1.000000
0 36 0.423438 0.464583 0.029687 0.126389 0.001953 0.000000 1.000000
0 37 0.426563 0.465278 0.031250 0.125000 0.003125 0.000694 1.000000
0 38 0.426563 0.465278 0.031250 0.125000 0.000000 0.000000 1.000000
0 39 0.434766 0.463889 0.027344 0.125000 0.008203 -0.001389 1.000000
0 40 0.436719 0.463194 0.026562 0.123611 0.001953 -0.000694 1.000000
0 41 0.440625 0.462500 0.025000 0.122222 0.003906 -0.000694 1.000000
0 42 0.442188 0.461111 0.025000 0.122222 0.001563 -0.001389 1.000000
0 43 0.442188 0.461111 0.025000 0.122222 0.000000 0.000000 1.000000
0 44 0.452344 0.460417 0.021875 0.115278 0.010156 -0.000694 1.000000
0 45 0.459375 0.457639 0.031250 0.112500 0.007031 -0.002778 1.000000
0 46 0.464062 0.456944 0.034375 0.113889 0.004687 -0.000694 1.000000
0 47 0.468750 0.457639 0.035937 0.120833 0.004687 0.000694 1.000000
0 48 0.468750 0.457639 0.035937 0.120833 0.000000 0.000000 1.000000
0 49 0.478516 0.455556 0.035156 0.122222 0.009766 -0.002083 1.000000
0 50 0.483594 0.454167 0.034375 0.122222 0.005078 -0.001389 1.000000
0 51 0.490234 0.451389 0.030469 0.119444 0.006641 -0.002778 1.000000
0 52 0.497656 0.451389 0.028125 0.119444 0.007422 0.000000 1.000000
0 53 0.497656 0.451389 0.028125 0.119444 0.000000 0.000000 1.000000
0 54 0.514062 0.447222 0.026562 0.119444 0.016406 -0.004167 1.000000
0 55 0.520312 0.447222 0.028125 0.125000 0.006250 0.000000 1.000000
0 56 0.525781 0.446528 0.028125 0.126389 0.005469 -0.000694 1.000000
0 57 0.531641 0.445833 0.028906 0.127778 0.005859 -0.000694 1.000000
0 58 0.531641 0.445833 0.028906 0.127778 0.000000 0.000000 1.000000
0 59 0.544531 0.445833 0.026562 0.125000 0.012891 0.000000 1.000000
0 60 0.551562 0.445833 0.025000 0.122222 0.007031 0.000000 1.000000
0 61 0.558594 0.445833 0.023438 0.119444 0.007031 0.000000 1.000000
0 62 0.566016 0.445833 0.024219 0.119444 0.007422 0.000000 1.000000
0 63 0.566016 0.445833 0.024219 0.119444 0.000000 0.000000 1.000000
0 64 0.580469 0.445833 0.023438 0.125000 0.014453 0.000000 1.000000
0 65 0.587891 0.446528 0.025781 0.129167 0.007422 0.000694 1.000000
0 66 0.595313 0.447222 0.028125 0.127778 0.007422 0.000694 1.000000
0 67 0.601562 0.448611 0.028125 0.127778 0.006250 0.001389 1.000000
0 68 0.601562 0.448611 0.028125 0.127778 0.000000 0.000000 1.000000
0 69 0.612109 0.450000 0.027344 0.122222 0.010547 0.001389 1.000000
0 70 0.617969 0.451389 0.028125 0.119444 0.005859 0.001389 1.000000
0 71 0.622656 0.451389 0.029687 0.119444 0.004687 0.000000 1.000000
0 72 0.628125 0.451389 0.028125 0.119444 0.005469 0.000000 1.000000
0 73 0.628125 0.451389 0.028125 0.119444 0.000000 0.000000 1.000000
0 74 0.640234 0.451389 0.028906 0.125000 0.012109 0.000000 1.000000
0 75 0.647266 0.452778 0.030469 0.125000 0.007031 0.001389 1.000000
0 76 0.652344 0.453472 0.029687 0.123611 0.005078 0.000694 1.000000
0 77 0.658594 0.453472 0.029687 0.120833 0.006250 0.000000 1.000000
0 78 0.658594 0.453472 0.029687 0.120833 0.000000 0.000000 1.000000
0 79 0.671094 0.454861 0.031250 0.115278 0.012500 0.001389 1.000000
0 80 0.676562 0.454167 0.031250 0.113889 0.005469 -0.000694 1.000000
0 81 0.681250 0.453472 0.031250 0.115278 0.004687 -0.000694 1.000000
0 82 0.685937 0.452778 0.031250 0.116667 0.004687 -0.000694 1.000000
0 83 0.685937 0.452778 0.031250 0.116667 0.000000 0.000000 1.000000
0 84 0.696094 0.455556 0.032813 0.125000 0.010156 0.002778 1.000000
0 85 0.700000 0.455556 0.032813 0.122222 0.003906 0.000000 1.000000
0 86 0.704297 0.456944 0.030469 0.122222 0.004297 0.001389 1.000000
0 87 0.707031 0.457639 0.028125 0.118056 0.002734 0.000694 1.000000
0 88 0.707031 0.457639 0.028125 0.118056 0.000000 0.000000 1.000000
0 89 0.717187 0.457639 0.031250 0.118056 0.010156 0.000000 1.000000
0 90 0.721094 0.455556 0.032813 0.116667 0.003906 -0.002083 1.000000
0 91 0.724609 0.456944 0.033594 0.119444 0.003516 0.001389 1.000000
0 92 0.728516 0.459722 0.035156 0.125000 0.003906 0.002778 1.000000
0 93 0.728516 0.459722 0.035156 0.125000 0.000000 0.000000 1.000000
0 94 0.733594 0.461806 0.034375 0.123611 0.005078 0.002083 1.000000
0 95 0.735547 0.463889 0.033594 0.122222 0.001953 0.002083 1.000000
0 96 0.736328 0.464583 0.032031 0.120833 0.000781 0.000694 1.000000
0 97 0.737109 0.463889 0.030469 0.119444 0.000781 -0.000694 1.000000
0 98 0.737109 0.463889 0.030469 0.119444 0.000000 0.000000 1.000000
0 99 0.740625 0.460417 0.031250 0.118056 0.003516 -0.003472 1.000000
0 100 0.742188 0.462500 0.034375 0.125000 0.001563 0.002083 1.000000
0 101 0.744531 0.463889 0.035937 0.127778 0.002344 0.001389 1.000000
0 102 0.746875 0.465278 0.037500 0.127778 0.002344 0.001389 1.000000
0 103 0.746875 0.465278 0.037500 0.127778 0.000000 0.000000 1.000000
0 104 0.749219 0.468056 0.032813 0.125000 0.002344 0.002778 1.000000
0 105 0.748437 0.468056 0.028125 0.125000 -0.000781 0.000000 1.000000
0 106 0.748437 0.465278 0.025000 0.122222 0.000000 -0.002778 1.000000
0 107 0.750781 0.463889 0.026562 0.122222 0.002344 -0.001389 1.000000
0 108 0.750781 0.463889 0.026562 0.122222 0.000000 0.000000 1.000000
0 109 0.753906 0.461111 0.032813 0.122222 0.003125 -0.002778 1.000000
0 110 0.754687 0.463889 0.035937 0.127778 0.000781 0.002778 1.000000
0 111 0.753516 0.463889 0.039844 0.127778 -0.001172 0.000000 1.000000
0 112 0.755859 0.463889 0.036719 0.125000 0.002344 0.000000 1.000000
0 113 0.755859 0.463889 0.036719 0.125000 0.000000 0.000000 1.000000
0 114 0.753125 0.465278 0.031250 0.122222 -0.002734 0.001389 1.000000
0 115 0.748047 0.465278 0.030469 0.122222 -0.005078 0.000000 1.000000
0 116 0.748828 0.463889 0.024219 0.122222 0.000781 -0.001389 1.000000
0 117 0.749609 0.462500 0.027344 0.125000 0.000781 -0.001389 1.000000
0 118 0.749609 0.462500 0.027344 0.125000 0.000000 0.000000 1.000000
0 119 0.746875 0.463194 0.034375 0.126389 -0.002734 0.000694 1.000000
0 120 0.747656 0.463194 0.035937 0.126389 0.000781 0.000000 1.000000
0 121 0.746094 0.465278 0.032813 0.127778 -0.001563 0.002083 1.000000
0 122 0.744531 0.465278 0.031250 0.122222 -0.001563 0.000000 1.000000
0 123 0.744531 0.465278 0.031250 0.122222 0.000000 0.000000 1.000000
0 124 0.738281 0.465278 0.023438 0.122222 -0.006250 0.000000 1.000000
0 125 0.736719 0.463889 0.023438 0.122222 -0.001563 -0.001389 1.000000
0 126 0.734766 0.462500 0.027344 0.125000 -0.001953 -0.001389 1.000000
0 127 0.733984 0.462500 0.030469 0.125000 -0.000781 0.000000 1.000000
0 128 0.733984 0.462500 0.030469 0.125000 0.000000 0.000000 1.000000
0 129 0.726562 0.464583 0.045312 0.126389 -0.007422 0.002083 1.000000
0 130 0.724219 0.465278 0.048438 0.122222 -0.002344 0.000694 1.000000
0 131 0.722656 0.469444 0.048438 0.122222 -0.001563 0.004167 1.000000
0 132 0.722266 0.470833 0.044531 0.119444 -0.000391 0.001389 1.000000
0 133 0.722266 0.470833 0.044531 0.119444 0.000000 0.000000 1.000000
0 134 0.717578 0.470833 0.032031 0.119444 -0.004687 0.000000 1.000000
0 135 0.716406 0.470139 0.029687 0.120833 -0.001172 -0.000694 1.000000
0 136 0.717187 0.468750 0.028125 0.120833 0.000781 -0.001389 1.000000
0 137 0.716797 0.471528 0.025781 0.126389 -0.000391 0.002778 1.000000
0 138 0.716797 0.471528 0.025781 0.126389 0.000000 0.000000 1.000000
0 139 0.716406 0.476389 0.026562 0.130556 -0.000391 0.004861 1.000000
0 140 0.716406 0.477778 0.026562 0.127778 0.000000 0.001389 1.000000
0 141 0.715625 0.479167 0.028125 0.125000 -0.000781 0.001389 1.000000
0 142 0.714844 0.479167 0.028125 0.125000 -0.000781 0.000000 1.000000
0 143 0.714844 0.479167 0.028125 0.125000 0.000000 0.000000 1.000000
0 144 0.714453 0.477778 0.028906 0.127778 -0.000391 -0.001389 1.000000
0 145 0.714063 0.477778 0.028125 0.127778 -0.000391 0.000000 1.000000
0 146 0.711719 0.479861 0.031250 0.131944 -0.002344 0.002083 1.000000
0 147 0.710156 0.480556 0.029687 0.133333 -0.001563 0.000694 1.000000
0 148 0.710156 0.480556 0.029687 0.133333 0.000000 0.000000 1.000000
0 149 0.708203 0.485417 0.030469 0.126389 -0.001953 0.004861 1.000000
0 150 0.707422 0.487500 0.032031 0.122222 -0.000781 0.002083 1.000000
0 151 0.708594 0.490972 0.032813 0.123611 0.001172 0.003472 1.000000
0 152 0.708594 0.493750 0.032813 0.126389 0.000000 0.002778 1.000000
0 153 0.708594 0.493750 0.032813 0.126389 0.000000 0.000000 1.000000
0 154 0.709375 0.496528 0.039062 0.126389 0.000781 0.002778 1.000000
0 155 0.708984 0.497222 0.039844 0.127778 -0.000391 0.000694 1.000000
0 156 0.708594 0.497222 0.037500 0.127778 -0.000391 0.000000 1.000000
0 157 0.708984 0.497222 0.033594 0.133333 0.000391 0.000000 1.000000
0 158 0.708984 0.497222 0.033594 0.133333 0.000000 0.000000 1.000000
0 159 0.707031 0.495139 0.028125 0.131944 -0.001953 -0.002083 1.000000
0 160 0.705078 0.495139 0.024219 0.131944 -0.001953 0.000000 1.000000
0 161 0.705469 0.497222 0.028125 0.133333 0.000391 0.002083 1.000000
0 162 0.705078 0.501389 0.027344 0.136111 -0.000391 0.004167 1.000000
0 163 0.705078 0.501389 0.027344 0.136111 0.000000 0.000000 1.000000
0 164 0.702344 0.506944 0.035937 0.130556 -0.002734 0.005556 1.000000
0 165 0.702344 0.509028 0.042188 0.123611 0.000000 0.002083 1.000000
0 166 0.701953 0.513194 0.044531 0.123611 -0.000391 0.004167 1.000000
0 167 0.701562 0.515972 0.045312 0.123611 -0.000391 0.002778 1.000000
0 168 0.701562 0.515972 0.045312 0.123611 0.000000 0.000000 1.000000
0 169 0.699609 0.518056 0.042969 0.119444 -0.001953 0.002083 1.000000
0 170 0.692969 0.519444 0.043750 0.119444 -0.006641 0.001389 1.000000
0 171 0.685937 0.520833 0.043750 0.119444 -0.007031 0.001389 1.000000
0 172 0.682813 0.522222 0.042188 0.119444 -0.003125 0.001389 1.000000
0 173 0.682813 0.522222 0.042188 0.119444 0.000000 0.000000 1.000000
0 174 0.683594 0.520139 0.046875 0.123611 0.000781 -0.002083 1.000000
0 175 0.683203 0.520139 0.046094 0.123611 -0.000391 0.000000 1.000000
0 176 0.681250 0.518056 0.046875 0.122222 -0.001953 -0.002083 1.000000
0 177 0.679297 0.520139 0.042969 0.123611 -0.001953 0.002083 1.000000
0 178 0.679297 0.520139 0.042969 0.123611 0.000000 0.000000 1.000000
0 179 0.670312 0.522917 0.034375 0.126389 -0.008984 0.002778 1.000000
0 180 0.664844 0.522917 0.026562 0.126389 -0.005469 0.000000 1.000000
0 181 0.663672 0.522917 0.032031 0.126389 -0.001172 0.000000 1.000000
0 182 0.661719 0.522222 0.039062 0.127778 -0.001953 -0.000694 1.000000
0 183 0.661719 0.522222 0.039062 0.127778 0.000000 0.000000 1.000000
0 184 0.657031 0.520139 0.045312 0.129167 -0.004687 -0.002083 1.000000
0 185 0.655078 0.519444 0.044531 0.127778 -0.001953 -0.000694 1.000000
0 186 0.651953 0.521528 0.038281 0.129167 -0.003125 0.002083 1.000000
0 187 0.646875 0.522222 0.035937 0.127778 -0.005078 0.000694 1.000000
0 188 0.646875 0.522222 0.035937 0.127778 0.000000 0.000000 1.000000
0 189 0.635938 0.520139 0.031250 0.131944 -0.010937 -0.002083 1.000000
0 190 0.635938 0.518056 0.035937 0.130556 0.000000 -0.002083 1.000000
0 191 0.632031 0.518056 0.035937 0.136111 -0.003906 0.000000 1.000000
0 192 0.628125 0.514583 0.040625 0.129167 -0.003906 -0.003472 1.000000
0 193 0.628125 0.514583 0.040625 0.129167 0.000000 0.000000 1.000000
0 194 0.621094 0.518056 0.034375 0.133333 -0.007031 0.003472 1.000000
0 195 0.616797 0.519444 0.024219 0.133333 -0.004297 0.001389 1.000000
0 196 0.612500 0.519444 0.025000 0.133333 -0.004297 0.000000 1.000000
0 197 0.607422 0.519444 0.025781 0.133333 -0.005078 0.000000 1.000000
0 198 0.607422 0.519444 0.025781 0.133333 0.000000 0.000000 1.000000
0 199 0.601562 0.517361 0.037500 0.137500 -0.005859 -0.002083 1.000000
0 200 0.598437 0.513889 0.040625 0.130556 -0.003125 -0.003472 1.000000
0 201 0.593750 0.515278 0.042188 0.130556 -0.004687 0.001389 1.000000
0 202 0.590625 0.518056 0.037500 0.133333 -0.003125 0.002778 1.000000
0 203 0.590625 0.518056 0.037500 0.133333 0.000000 0.000000 1.000000
0 204 0.583594 0.519444 0.034375 0.133333 -0.007031 0.001389 1.000000
0 205 0.585156 0.519444 0.029687 0.136111 0.001563 0.000000 1.000000
0 206 0.582812 0.517361 0.031250 0.137500 -0.002344 -0.002083 1.000000
0 207 0.575391 0.515278 0.038281 0.138889 -0.007422 -0.002083 1.000000
0 208 0.575391 0.515278 0.038281 0.138889 0.000000 0.000000 1.000000
0 209 0.567187 0.508333 0.040625 0.127778 -0.008203 -0.006944 1.000000
0 210 0.562891 0.511111 0.041406 0.127778 -0.004297 0.002778 1.000000
0 211 0.560547 0.511111 0.038281 0.127778 -0.002344 0.000000 1.000000
0 212 0.557813 0.511806 0.034375 0.126389 -0.002734 0.000694 1.000000
0 213 0.557813 0.511806 0.034375 0.126389 0.000000 0.000000 1.000000
0 214 0.550391 0.511806 0.035156 0.131944 -0.007422 0.000000 1.000000
0 215 0.546094 0.511111 0.039062 0.133333 -0.004297 -0.000694 1.000000
0 216 0.543750 0.508333 0.037500 0.127778 -0.002344 -0.002778 1.000000
0 217 0.539844 0.508333 0.037500 0.127778 -0.003906 0.000000 1.000000
0 218 0.539844 0.508333 0.037500 0.127778 0.000000 0.000000 1.000000
0 219 0.532813 0.508333 0.035937 0.122222 -0.007031 0.000000 1.000000
0 220 0.528906 0.509028 0.032813 0.123611 -0.003906 0.000694 1.000000
0 221 0.525781 0.507639 0.032813 0.126389 -0.003125 -0.001389 1.000000
0 222 0.523438 0.508333 0.031250 0.127778 -0.002344 0.000694 1.000000
0 223 0.523438 0.508333 0.031250 0.127778 0.000000 0.000000 1.000000
0 224 0.521875 0.502083 0.031250 0.123611 -0.001563 -0.006250 1.000000
0 225 0.522656 0.498611 0.029687 0.116667 0.000781 -0.003472 1.000000
0 226 0.522656 0.497917 0.029687 0.115278 0.000000 -0.000694 1.000000
0 227 0.523047 0.497222 0.030469 0.116667 0.000391 -0.000694 1.000000
0 228 0.523047 0.497222 0.030469 0.116667 0.000000 0.000000 1.000000
0 229 0.527344 0.498611 0.029687 0.127778 0.004297 0.001389 1.000000
0 230 0.529687 0.498611 0.031250 0.130556 0.002344 0.000000 1.000000
0 231 0.532031 0.497222 0.031250 0.133333 0.002344 -0.001389 1.000000
0 232 0.535156 0.493056 0.031250 0.127778 0.003125 -0.004167 1.000000
0 233 0.535156 0.493056 0.031250 0.127778 0.000000 0.000000 1.000000
0 234 0.540625 0.489583 0.028125 0.118056 0.005469 -0.003472 1.000000
0 235 0.544141 0.490278 0.028906 0.119444 0.003516 0.000694 1.000000
0 236 0.546875 0.488889 0.028125 0.119444 0.002734 -0.001389 1.000000
0 237 0.550391 0.488889 0.025781 0.122222 0.003516 0.000000 1.000000
0 238 0.550391 0.488889 0.025781 0.122222 0.000000 0.000000 1.000000
0 239 0.557813 0.484722 0.025000 0.125000 0.007422 -0.004167 1.000000
0 240 0.562500 0.484722 0.025000 0.125000 0.004687 0.000000 1.000000
0 241 0.566016 0.484722 0.025781 0.125000 0.003516 0.000000 1.000000
0 242 0.570703 0.483333 0.025781 0.122222 0.004687 -0.001389 1.000000
0 243 0.570703 0.483333 0.025781 0.122222 0.000000 0.000000 1.000000
0 244 0.581250 0.484722 0.028125 0.119444 0.010547 0.001389 1.000000
0 245 0.585938 0.484028 0.028125 0.118056 0.004687 -0.000694 1.000000
0 246 0.590625 0.483333 0.028125 0.119444 0.004687 -0.000694 1.000000
0 247 0.595703 0.480556 0.025781 0.122222 0.005078 -0.002778 1.000000
0 248 0.595703 0.480556 0.025781 0.122222 0.000000 0.000000 1.000000
0 249 0.605469 0.478472 0.028125 0.123611 0.009766 -0.002083 1.000000
0 250 0.611328 0.479167 0.028906 0.125000 0.005859 0.000694 1.000000
0 251 0.617969 0.479861 0.028125 0.123611 0.006641 0.000694 1.000000
0 252 0.623437 0.480556 0.028125 0.125000 0.005469 0.000694 1.000000
0 253 0.623437 0.480556 0.028125 0.125000 0.000000 0.000000 1.000000
0 254 0.637891 0.480556 0.025781 0.127778 0.014453 0.000000 1.000000
0 255 0.642578 0.477083 0.027344 0.126389 0.004687 -0.003472 1.000000
0 256 0.649219 0.477778 0.025000 0.127778 0.006641 0.000694 1.000000
0 257 0.654687 0.477778 0.025000 0.127778 0.005469 0.000000 1.000000
0 258 0.654687 0.477778 0.025000 0.127778 0.000000 0.000000 1.000000
0 259 0.659766 0.479167 0.025781 0.125000 0.005078 0.001389 1.000000
0 260 0.660156 0.479861 0.029687 0.123611 0.000391 0.000694 1.000000
0 261 0.659766 0.481944 0.032031 0.119444 -0.000391 0.002083 1.000000
0 262 0.658984 0.484722 0.032031 0.119444 -0.000781 0.002778 1.000000
0 263 0.658984 0.484722 0.032031 0.119444 0.000000 0.000000 1.000000
0 264 0.656250 0.485417 0.035937 0.120833 -0.002734 0.000694 1.000000
0 265 0.655859 0.484722 0.039844 0.122222 -0.000391 -0.000694 1.000000
0 266 0.653125 0.486111 0.039062 0.122222 -0.002734 0.001389 1.000000
0 267 0.650000 0.488194 0.034375 0.120833 -0.003125 0.002083 1.000000
0 268 0.650000 0.488194 0.034375 0.120833 0.000000 0.000000 1.000000
0 269 0.645703 0.488889 0.033594 0.116667 -0.004297 0.000694 1.000000
0 270 0.642578 0.490278 0.032031 0.116667 -0.003125 0.001389 1.000000
0 271 0.637500 0.490972 0.037500 0.115278 -0.005078 0.000694 1.000000
0 272 0.632812 0.490278 0.040625 0.113889 -0.004687 -0.000694 1.000000
0 273 0.632812 0.490278 0.040625 0.113889 0.000000 0.000000 1.000000
0 274 0.621875 0.490972 0.040625 0.115278 -0.010937 0.000694 1.000000
0 275 0.616406 0.490972 0.039062 0.115278 -0.005469 0.000000 1.000000
0 276 0.614453 0.490278 0.038281 0.113889 -0.001953 -0.000694 1.000000
0 277 0.614062 0.490278 0.039062 0.113889 -0.000391 0.000000 1.000000
0 278 0.614062 0.490278 0.039062 0.113889 0.000000 0.000000 1.000000
0 279 0.610156 0.487500 0.029687 0.113889 -0.003906 -0.002778 1.000000
0 280 0.607812 0.485417 0.028125 0.112500 -0.002344 -0.002083 1.000000
0 281 0.603125 0.487500 0.028125 0.122222 -0.004687 0.002083 1.000000
0 282 0.599219 0.486806 0.031250 0.123611 -0.003906 -0.000694 1.000000
0 283 0.599219 0.486806 0.031250 0.123611 0.000000 0.000000 1.000000
0 284 0.592187 0.486806 0.034375 0.123611 -0.007031 0.000000 1.000000
0 285 0.588672 0.485417 0.032031 0.120833 -0.003516 -0.001389 1.000000
0 286 0.586719 0.484722 0.028125 0.119444 -0.001953 -0.000694 1.000000
0 287 0.586328 0.483333 0.027344 0.119444 -0.000391 -0.001389 1.000000
0 288 0.586328 0.483333 0.027344 0.119444 0.000000 0.000000 1.000000
0 289 0.576953 0.479167 0.032031 0.125000 -0.009375 -0.004167 1.000000
0 290 0.573047 0.480556 0.033594 0.130556 -0.003906 0.001389 1.000000
0 291 0.568750 0.478472 0.037500 0.131944 -0.004297 -0.002083 1.000000
0 292 0.565234 0.479167 0.036719 0.133333 -0.003516 0.000694 1.000000
0 293 0.565234 0.479167 0.036719 0.133333 0.000000 0.000000 1.000000
0 294 0.560547 0.477778 0.038281 0.127778 -0.004687 -0.001389 1.000000
0 295 0.556641 0.476389 0.028906 0.127778 -0.003906 -0.001389 1.000000
0 296 0.557031 0.474306 0.026562 0.126389 0.000391 -0.002083 1.000000
0 297 0.553125 0.473611 0.032813 0.125000 -0.003906 -0.000694 1.000000
0 298 0.553125 0.473611 0.032813 0.125000 0.000000 0.000000 1.000000
0 299 0.545312 0.475000 0.034375 0.133333 -0.007812 0.001389 1.000000
0 300 0.544141 0.475000 0.038281 0.133333 -0.001172 0.000000 1.000000
0 301 0.539453 0.474306 0.038281 0.131944 -0.004687 -0.000694 1.000000
0 302 0.536719 0.476389 0.032813 0.130556 -0.002734 0.002083 1.000000
0 303 0.536719 0.476389 0.032813 0.130556 0.000000 0.000000 1.000000
0 304 0.534766 0.477083 0.022656 0.129167 -0.001953 0.000694 1.000000
0 305 0.532031 0.475000 0.026562 0.127778 -0.002734 -0.002083 1.000000
0 306 0.528516 0.475694 0.030469 0.129167 -0.003516 0.000694 1.000000
0 307 0.525391 0.475694 0.035156 0.131944 -0.003125 0.000000 1.000000
0 308 0.525391 0.475694 0.035156 0.131944 0.000000 0.000000 1.000000
0 309 0.523438 0.475000 0.046875 0.127778 -0.001953 -0.000694 1.000000
0 310 0.518750 0.476389 0.045312 0.125000 -0.004687 0.001389 1.000000
0 311 0.514453 0.477778 0.038281 0.122222 -0.004297 0.001389 1.000000
0 312 0.513281 0.479167 0.032813 0.119444 -0.001172 0.001389 1.000000
0 313 0.513281 0.479167 0.032813 0.119444 0.000000 0.000000 1.000000
0 314 0.508594 0.478472 0.028125 0.120833 -0.004687 -0.000694 1.000000
0 315 0.503906 0.475000 0.026562 0.116667 -0.004687 -0.003472 1.000000
0 316 0.503906 0.479167 0.032813 0.125000 0.000000 0.004167 1.000000
0 317 0.502344 0.479167 0.035937 0.125000 -0.001563 0.000000 1.000000
0 318 0.502344 0.479167 0.035937 0.125000 0.000000 0.000000 1.000000
0 319 0.498437 0.480556 0.035937 0.122222 -0.003906 0.001389 1.000000
0 320 0.495312 0.481944 0.034375 0.119444 -0.003125 0.001389 1.000000
0 321 0.492188 0.481250 0.031250 0.118056 -0.003125 -0.000694 1.000000
0 322 0.489063 0.480556 0.028125 0.116667 -0.003125 -0.000694 1.000000
0 323 0.489063 0.480556 0.028125 0.116667 0.000000 0.000000 1.000000
0 324 0.486719 0.481250 0.032813 0.120833 -0.002344 0.000694 1.000000
0 325 0.483594 0.481944 0.032813 0.122222 -0.003125 0.000694 1.000000
0 326 0.481641 0.484028 0.030469 0.123611 -0.001953 0.002083 1.000000
0 327 0.478516 0.485417 0.032031 0.123611 -0.003125 0.001389 1.000000
0 328 0.478516 0.485417 0.032031 0.123611 0.000000 0.000000 1.000000
0 329 0.474219 0.487500 0.028125 0.122222 -0.004297 0.002083 1.000000
0 330 0.472266 0.485417 0.028906 0.120833 -0.001953 -0.002083 1.000000
0 331 0.471094 0.484722 0.029687 0.119444 -0.001172 -0.000694 1.000000
0 332 0.467969 0.483333 0.029687 0.122222 -0.003125 -0.001389 1.000000
0 333 0.467969 0.483333 0.029687 0.122222 0.000000 0.000000 1.000000
0 334 0.467187 0.487500 0.031250 0.125000 -0.000781 0.004167 1.000000
0 335 0.467187 0.486806 0.031250 0.123611 0.000000 -0.000694 1.000000
0 336 0.467187 0.489583 0.032813 0.123611 0.000000 0.002778 1.000000
0 337 0.469141 0.493056 0.036719 0.125000 0.001953 0.003472 1.000000
0 338 0.469141 0.493056 0.036719 0.125000 0.000000 0.000000 1.000000
0 339 0.467969 0.499306 0.035937 0.123611 -0.001172 0.006250 1.000000
0 340 0.467969 0.497917 0.035937 0.120833 0.000000 -0.001389 1.000000
0 341 0.467969 0.497917 0.034375 0.123611 0.000000 0.000000 1.000000
0 342 0.467969 0.495833 0.032813 0.125000 0.000000 -0.002083 1.000000
0 343 0.467969 0.495833 0.032813 0.125000 0.000000 0.000000 1.000000
0 344 0.465625 0.494444 0.028125 0.130556 -0.002344 -0.001389 1.000000
0 345 0.463281 0.493056 0.023438 0.130556 -0.002344 -0.001389 1.000000
0 346 0.461719 0.492361 0.020313 0.131944 -0.001563 -0.000694 1.000000
0 347 0.460156 0.492361 0.020313 0.131944 -0.001563 0.000000 1.000000
0 348 0.460156 0.492361 0.020313 0.131944 0.000000 0.000000 1.000000
0 349 0.459766 0.493750 0.021094 0.126389 -0.000391 0.001389 1.000000
0 350 0.460156 0.497222 0.021875 0.127778 0.000391 0.003472 1.000000
0 351 0.459766 0.496528 0.022656 0.126389 -0.000391 -0.000694 1.000000
0 352 0.459766 0.497222 0.022656 0.127778 0.000000 0.000694 1.000000
0 353 0.459766 0.497222 0.022656 0.127778 0.000000 0.000000 1.000000
0 354 0.457031 0.495139 0.020313 0.126389 -0.002734 -0.002083 1.000000
0 355 0.456641 0.494444 0.021094 0.127778 -0.000391 -0.000694 1.000000
0 356 0.456250 0.495833 0.021875 0.127778 -0.000391 0.001389 1.000000
0 357 0.457031 0.495833 0.020313 0.125000 0.000781 0.000000 1.000000
0 358 0.457031 0.495833 0.020313 0.125000 0.000000 0.000000 1.000000
0 359 0.459375 0.495139 0.021875 0.123611 0.002344 -0.000694 1.000000
0 360 0.459375 0.494444 0.021875 0.125000 0.000000 -0.000694 1.000000
0 361 0.459375 0.493056 0.021875 0.125000 0.000000 -0.001389 1.000000
0 362 0.460938 0.493056 0.023438 0.127778 0.001563 0.000000 1.000000
0 363 0.460938 0.493056 0.023438 0.127778 0.000000 0.000000 1.000000
0 364 0.463672 0.493056 0.024219 0.127778 0.002734 0.000000 1.000000
0 365 0.465625 0.493056 0.025000 0.125000 0.001953 0.000000 1.000000
0 366 0.466016 0.494444 0.025781 0.122222 0.000391 0.001389 1.000000
0 367 0.466406 0.495833 0.026562 0.122222 0.000391 0.001389 1.000000
0 368 0.466406 0.495833 0.026562 0.122222 0.000000 0.000000 1.000000
0 369 0.468750 0.497222 0.028125 0.122222 0.002344 0.001389 1.000000
0 370 0.470313 0.497222 0.028125 0.127778 0.001563 0.000000 1.000000
0 371 0.471094 0.497222 0.026562 0.127778 0.000781 0.000000 1.000000
0 372 0.472656 0.497222 0.026562 0.127778 0.001563 0.000000 1.000000
0 373 0.472656 0.497222 0.026562 0.127778 0.000000 0.000000 1.000000
0 374 0.475000 0.495833 0.025000 0.122222 0.002344 -0.001389 1.000000
0 375 0.476562 0.495833 0.025000 0.119444 0.001563 0.000000 1.000000
0 376 0.478906 0.498611 0.026562 0.122222 0.002344 0.002778 1.000000
0 377 0.478906 0.500694 0.025000 0.123611 0.000000 0.002083 1.000000
0 378 0.478906 0.500694 0.025000 0.123611 0.000000 0.000000 1.000000
0 379 0.480078 0.500000 0.024219 0.125000 0.001172 -0.000694 1.000000
0 380 0.480078 0.500000 0.024219 0.127778 0.000000 0.000000 1.000000
0 381 0.481250 0.500000 0.025000 0.127778 0.001172 0.000000 1.000000
0 382 0.481250 0.499306 0.025000 0.123611 0.000000 -0.000694 1.000000
0 383 0.481250 0.499306 0.025000 0.123611 0.000000 0.000000 1.000000
0 384 0.482422 0.502778 0.024219 0.122222 0.001172 0.003472 1.000000
0 385 0.482031 0.502778 0.023438 0.116667 -0.000391 0.000000 1.000000
0 386 0.481641 0.504167 0.022656 0.119444 -0.000391 0.001389 1.000000
0 387 0.481250 0.504167 0.021875 0.119444 -0.000391 0.000000 1.000000
0 388 0.481250 0.504167 0.021875 0.119444 0.000000 0.000000 1.000000
0 389 0.481641 0.502083 0.025781 0.123611 0.000391 -0.002083 1.000000
0 390 0.481250 0.501389 0.028125 0.125000 -0.000391 -0.000694 1.000000
0 391 0.480469 0.500694 0.028125 0.123611 -0.000781 -0.000694 1.000000
0 392 0.478906 0.500000 0.028125 0.122222 -0.001563 -0.000694 1.000000
0 393 0.478906 0.500000 0.028125 0.122222 0.000000 0.000000 1.000000
0 394 0.475391 0.502778 0.027344 0.122222 -0.003516 0.002778 1.000000
0 395 0.471875 0.502778 0.025000 0.119444 -0.003516 0.000000 1.000000
0 396 0.469922 0.502083 0.027344 0.120833 -0.001953 -0.000694 1.000000
0 397 0.469531 0.500000 0.029687 0.122222 -0.000391 -0.002083 1.000000
0 398 0.469531 0.500000 0.029687 0.122222 0.000000 0.000000 1.000000
0 399 0.466406 0.497222 0.031250 0.119444 -0.003125 -0.002778 1.000000
0 400 0.464062 0.497222 0.031250 0.122222 -0.002344 0.000000 1.000000
0 401 0.460938 0.498611 0.028125 0.119444 -0.003125 0.001389 1.000000
0 402 0.457422 0.500694 0.024219 0.120833 -0.003516 0.002083 1.000000
0 403 0.457422 0.500694 0.024219 0.120833 0.000000 0.000000 1.000000
0 404 0.454688 0.500000 0.025000 0.122222 -0.002734 -0.000694 1.000000
0 405 0.454688 0.498611 0.029687 0.125000 0.000000 -0.001389 1.000000
0 406 0.452344 0.495833 0.029687 0.119444 -0.002344 -0.002778 1.000000
0 407 0.449219 0.493056 0.031250 0.119444 -0.003125 -0.002778 1.000000
0 408 0.449219 0.493056 0.031250 0.119444 0.000000 0.000000 1.000000
0 409 0.442578 0.493056 0.028906 0.119444 -0.006641 0.000000 1.000000
0 410 0.437891 0.493056 0.025781 0.119444 -0.004687 0.000000 1.000000
0 411 0.432812 0.493056 0.025000 0.119444 -0.005078 0.000000 1.000000
0 412 0.430859 0.491667 0.027344 0.122222 -0.001953 -0.001389 1.000000
0 413 0.430859 0.491667 0.027344 0.122222 0.000000 0.000000 1.000000
0 414 0.426172 0.491667 0.032031 0.127778 -0.004687 0.000000 1.000000
0 415 0.424219 0.487500 0.032813 0.122222 -0.001953 -0.004167 1.000000
0 416 0.421094 0.486111 0.032813 0.119444 -0.003125 -0.001389 1.000000
0 417 0.416406 0.486111 0.028125 0.119444 -0.004687 0.000000 1.000000
0 418 0.416406 0.486111 0.028125 0.119444 0.000000 0.000000 1.000000
0 419 0.407813 0.486111 0.023438 0.122222 -0.008594 0.000000 1.000000
0 420 0.403125 0.483333 0.021875 0.122222 -0.004687 -0.002778 1.000000
0 421 0.401562 0.481944 0.025000 0.127778 -0.001563 -0.001389 1.000000
0 422 0.397656 0.479167 0.029687 0.125000 -0.003906 -0.002778 1.000000
0 423 0.397656 0.479167 0.029687 0.125000 0.000000 0.000000 1.000000
0 424 0.391406 0.475694 0.035937 0.120833 -0.006250 -0.003472 1.000000
0 425 0.389844 0.476389 0.029687 0.122222 -0.001563 0.000694 1.000000
0 426 0.383594 0.477083 0.026562 0.120833 -0.006250 0.000694 1.000000
0 427 0.379688 0.476389 0.025000 0.122222 -0.003906 -0.000694 1.000000
0 428 0.379688 0.476389 0.025000 0.122222 0.000000 0.000000 1.000000
0 429 0.371875 0.475000 0.023438 0.122222 -0.007812 -0.001389 1.000000
0 430 0.367188 0.470833 0.025000 0.125000 -0.004687 -0.004167 1.000000
0 431 0.364063 0.472917 0.026562 0.129167 -0.003125 0.002083 1.000000
0 432 0.362891 0.470833 0.025781 0.125000 -0.001172 -0.002083 1.000000
0 433 0.362891 0.470833 0.025781 0.125000 0.000000 0.000000 1.000000
0 434 0.355469 0.472917 0.028125 0.118056 -0.007422 0.002083 1.000000
0 435 0.350781 0.473611 0.026562 0.119444 -0.004687 0.000694 1.000000
0 436 0.347656 0.473611 0.023438 0.119444 -0.003125 0.000000 1.000000
0 437 0.343750 0.473611 0.023438 0.119444 -0.003906 0.000000 1.000000
0 438 0.343750 0.473611 0.023438 0.119444 0.000000 0.000000 1.000000
0 439 0.335938 0.470833 0.021875 0.125000 -0.007812 -0.002778 1.000000
0 440 0.333203 0.468056 0.022656 0.125000 -0.002734 -0.002778 1.000000
0 441 0.329297 0.468056 0.025781 0.125000 -0.003906 0.000000 1.000000
0 442 0.327344 0.466667 0.029687 0.125000 -0.001953 -0.001389 1.000000
0 443 0.327344 0.466667 0.029687 0.125000 0.000000 0.000000 1.000000
0 444 0.325000 0.465972 0.034375 0.120833 -0.002344 -0.000694 1.000000
0 445 0.325391 0.466667 0.032031 0.119444 0.000391 0.000694 1.000000
0 446 0.323437 0.465972 0.028125 0.120833 -0.001953 -0.000694 1.000000
0 447 0.322656 0.463889 0.023438 0.122222 -0.000781 -0.002083 1.000000
0 448 0.322656 0.463889 0.023438 0.122222 0.000000 0.000000 1.000000
0 449 0.322266 0.458333 0.021094 0.125000 -0.000391 -0.005556 1.000000
0 450 0.323828 0.458333 0.019531 0.127778 0.001563 0.000000 1.000000
0 451 0.326172 0.456944 0.019531 0.127778 0.002344 -0.001389 1.000000
0 452 0.328125 0.456250 0.021875 0.126389 0.001953 -0.000694 1.000000
0 453 0.328125 0.456250 0.021875 0.126389 0.000000 0.000000 1.000000
0 454 0.333594 0.456944 0.025000 0.125000 0.005469 0.000694 1.000000
0 455 0.337500 0.459722 0.025000 0.119444 0.003906 0.002778 1.000000
0 456 0.342187 0.461111 0.025000 0.116667 0.004687 0.001389 1.000000
0 457 0.347656 0.461111 0.025000 0.116667 0.005469 0.000000 1.000000
0 458 0.347656 0.461111 0.025000 0.116667 0.000000 0.000000 1.000000
0 459 0.358594 0.459722 0.023438 0.119444 0.010937 -0.001389 1.000000
0 460 0.365234 0.460417 0.024219 0.120833 0.006641 0.000694 1.000000
0 461 0.372266 0.459722 0.022656 0.122222 0.007031 -0.000694 1.000000
0 462 0.378906 0.461111 0.023438 0.122222 0.006641 0.001389 1.000000
0 463 0.378906 0.461111 0.023438 0.122222 0.000000 0.000000 1.000000
0 464 0.392578 0.465278 0.022656 0.125000 0.013672 0.004167 1.000000
0 465 0.398438 0.464583 0.023438 0.123611 0.005859 -0.000694 1.000000
0 466 0.404687 0.465972 0.025000 0.120833 0.006250 0.001389 1.000000
0 467 0.409375 0.465972 0.023438 0.120833 0.004687 0.000000 1.000000
0 468 0.409375 0.465972 0.023438 0.120833 0.000000 0.000000 1.000000
0 469 0.418750 0.464583 0.021875 0.120833 0.009375 -0.001389 1.000000
0 470 0.423438 0.463889 0.021875 0.122222 0.004687 -0.000694 1.000000
0 471 0.428516 0.464583 0.022656 0.123611 0.005078 0.000694 1.000000
0 472 0.433594 0.464583 0.023438 0.123611 0.005078 0.000000 1.000000
0 473 0.433594 0.464583 0.023438 0.123611 0.000000 0.000000 1.000000
0 474 0.444922 0.465278 0.021094 0.125000 0.011328 0.000694 1.000000
0 475 0.450391 0.464583 0.022656 0.126389 0.005469 -0.000694 1.000000
0 476 0.455078 0.465972 0.022656 0.126389 0.004687 0.001389 1.000000
0 477 0.460156 0.465278 0.020313 0.125000 0.005078 -0.000694 1.000000
0 478 0.460156 0.465278 0.020313 0.125000 0.000000 0.000000 1.000000
0 479 0.467969 0.466667 0.020313 0.125000 0.007812 0.001389 1.000000
0 480 0.472266 0.467361 0.021094 0.123611 0.004297 0.000694 1.000000
0 481 0.475781 0.466667 0.020313 0.125000 0.003516 -0.000694 1.000000
0 482 0.479297 0.465972 0.021094 0.123611 0.003516 -0.000694 1.000000
0 483 0.479297 0.465972 0.021094 0.123611 0.000000 0.000000 1.000000
0 484 0.486719 0.463889 0.023438 0.122222 0.007422 -0.002083 1.000000
0 485 0.489844 0.463889 0.023438 0.122222 0.003125 0.000000 1.000000
0 486 0.492188 0.463889 0.025000 0.122222 0.002344 0.000000 1.000000
0 487 0.495312 0.463889 0.025000 0.122222 0.003125 0.000000 1.000000
0 488 0.495312 0.463889 0.025000 0.122222 0.000000 0.000000 1.000000
0 489 0.500781 0.463889 0.026562 0.122222 0.005469 0.000000 1.000000
0 490 0.502344 0.463889 0.026562 0.122222 0.001563 0.000000 1.000000
0 491 0.504297 0.463889 0.025781 0.122222 0.001953 0.000000 1.000000
0 492 0.505469 0.463889 0.026562 0.122222 0.001172 0.000000 1.000000
0 493 0.505469 0.463889 0.026562 0.122222 0.000000 0.000000 1.000000
0 494 0.509766 0.462500 0.025781 0.119444 0.004297 -0.001389 1.000000
0 495 0.511328 0.463194 0.024219 0.120833 0.001563 0.000694 1.000000
0 496 0.513672 0.463194 0.024219 0.120833 0.002344 0.000000 1.000000
0 497 0.514844 0.464583 0.021875 0.120833 0.001172 0.001389 1.000000
0 498 0.514844 0.464583 0.021875 0.120833 0.000000 0.000000 1.000000
0 499 0.519531 0.463889 0.018750 0.122222 0.004687 -0.000694 1.000000
0 500 0.522266 0.463889 0.019531 0.122222 0.002734 0.000000 1.000000
0 501 0.525781 0.465278 0.018750 0.122222 0.003516 0.001389 1.000000
0 502 0.528906 0.466667 0.020313 0.122222 0.003125 0.001389 1.000000
0 503 0.528906 0.466667 0.020313 0.122222 0.000000 0.000000 1.000000
0 504 0.537891 0.466667 0.025781 0.116667 0.008984 0.000000 1.000000
0 505 0.541797 0.468056 0.028906 0.113889 0.003906 0.001389 1.000000
0 506 0.545312 0.469444 0.029687 0.111111 0.003516 0.001389 1.000000
0 507 0.548438 0.471528 0.031250 0.109722 0.003125 0.002083 1.000000
0 508 0.548438 0.471528 0.031250 0.109722 0.000000 0.000000 1.000000
0 509 0.551953 0.473611 0.038281 0.108333 0.003516 0.002083 1.000000
0 510 0.554297 0.473611 0.038281 0.108333 0.002344 0.000000 1.000000
0 511 0.555078 0.471528 0.041406 0.109722 0.000781 -0.002083 1.000000
0 512 0.555469 0.472222 0.042188 0.108333 0.000391 0.000694 1.000000
0 513 0.555469 0.472222 0.042188 0.108333 0.000000 0.000000 1.000000
0 514 0.551172 0.472917 0.039844 0.106944 -0.004297 0.000694 1.000000
0 515 0.546875 0.475694 0.035937 0.106944 -0.004297 0.002778 1.000000
0 516 0.546875 0.477778 0.037500 0.108333 0.000000 0.002083 1.000000
0 517 0.546094 0.479167 0.042188 0.108333 -0.000781 0.001389 1.000000
0 518 0.546094 0.479167 0.042188 0.108333 0.000000 0.000000 1.000000
0 519 0.547266 0.485417 0.044531 0.112500 0.001172 0.006250 1.000000
0 520 0.544141 0.488194 0.046094 0.112500 -0.003125 0.002778 1.000000
0 521 0.540625 0.490972 0.043750 0.112500 -0.003516 0.002778 1.000000
0 522 0.537109 0.492361 0.039844 0.112500 -0.003516 0.001389 1.000000
0 523 0.537109 0.492361 0.039844 0.112500 0.000000 0.000000 1.000000
0 524 0.533594 0.495833 0.034375 0.116667 -0.003516 0.003472 1.000000
0 525 0.534766 0.493056 0.036719 0.111111 0.001172 -0.002778 1.000000
0 526 0.532813 0.495833 0.043750 0.116667 -0.001953 0.002778 1.000000
0 527 0.529297 0.497222 0.050781 0.116667 -0.003516 0.001389 1.000000
0 528 0.529297 0.497222 0.050781 0.116667 0.000000 0.000000 1.000000
0 529 0.525391 0.502778 0.050781 0.116667 -0.003906 0.005556 1.000000
0 530 0.523828 0.502778 0.047656 0.113889 -0.001563 0.000000 1.000000
0 531 0.521875 0.504167 0.040625 0.113889 -0.001953 0.001389 1.000000
0 532 0.515625 0.502778 0.040625 0.113889 -0.006250 -0.001389 1.000000
0 533 0.515625 0.502778 0.040625 0.113889 0.000000 0.000000 1.000000
0 534 0.513281 0.499306 0.043750 0.115278 -0.002344 -0.003472 1.000000
0 535 0.514062 0.499306 0.045312 0.115278 0.000781 0.000000 1.000000
0 536 0.512500 0.500000 0.048438 0.119444 -0.001563 0.000694 1.000000
0 537 0.514453 0.501389 0.047656 0.119444 0.001953 0.001389 1.000000
0 538 0.514453 0.501389 0.047656 0.119444 0.000000 0.000000 1.000000
0 539 0.514453 0.500694 0.050781 0.112500 0.000000 -0.000694 1.000000
0 540 0.514453 0.504167 0.052344 0.116667 0.000000 0.003472 1.000000
0 541 0.515234 0.504167 0.052344 0.116667 0.000781 0.000000 1.000000
0 542 0.515625 0.504167 0.048438 0.116667 0.000391 0.000000 1.000000
0 543 0.515625 0.504167 0.048438 0.116667 0.000000 0.000000 1.000000
0 544 0.514062 0.502778 0.037500 0.116667 -0.001563 -0.001389 1.000000
0 545 0.512891 0.504167 0.033594 0.119444 -0.001172 0.001389 1.000000
0 546 0.512500 0.503472 0.034375 0.118056 -0.000391 -0.000694 1.000000
0 547 0.511328 0.501389 0.036719 0.113889 -0.001172 -0.002083 1.000000
0 548 0.511328 0.501389 0.036719 0.113889 0.000000 0.000000 1.000000
0 549 0.511719 0.504861 0.035937 0.115278 0.000391 0.003472 1.000000
0 550 0.509375 0.506250 0.043750 0.115278 -0.002344 0.001389 1.000000
0 551 0.510547 0.506250 0.046094 0.112500 0.001172 0.000000 1.000000
0 552 0.510547 0.506944 0.046094 0.111111 0.000000 0.000694 1.000000
0 553 0.510547 0.506944 0.046094 0.111111 0.000000 0.000000 1.000000
0 554 0.511328 0.509722 0.044531 0.108333 0.000781 0.002778 1.000000
0 555 0.512500 0.509722 0.042188 0.108333 0.001172 0.000000 1.000000
0 556 0.514062 0.510417 0.042188 0.104167 0.001563 0.000694 1.000000
0 557 0.514844 0.511111 0.042188 0.102778 0.000781 0.000694 1.000000
0 558 0.514844 0.511111 0.042188 0.102778 0.000000 0.000000 1.000000
0 559 0.516406 0.511806 0.045312 0.101389 0.001563 0.000694 1.000000
0 560 0.517969 0.511806 0.048438 0.104167 0.001563 0.000000 1.000000
0 561 0.517188 0.511806 0.051562 0.104167 -0.000781 0.000000 1.000000
0 562 0.517188 0.511111 0.054688 0.105556 0.000000 -0.000694 1.000000
0 563 0.517188 0.511111 0.054688 0.105556 0.000000 0.000000 1.000000
0 564 0.517578 0.506944 0.060156 0.113889 0.000391 -0.004167 1.000000
0 565 0.515625 0.504167 0.053125 0.116667 -0.001953 -0.002778 1.000000
0 566 0.516797 0.503472 0.050781 0.118056 0.001172 -0.000694 1.000000
0 567 0.513672 0.502778 0.042969 0.122222 -0.003125 -0.000694 1.000000
0 568 0.513672 0.502778 0.042969 0.122222 0.000000 0.000000 1.000000
0 569 0.514844 0.499306 0.034375 0.126389 0.001172 -0.003472 1.000000
0 570 0.514844 0.497917 0.029687 0.129167 0.000000 -0.001389 1.000000
0 571 0.516406 0.498611 0.029687 0.130556 0.001563 0.000694 1.000000
0 572 0.517188 0.498611 0.028125 0.130556 0.000781 0.000000 1.000000
0 573 0.517188 0.498611 0.028125 0.130556 0.000000 0.000000 1.000000
0 574 0.521094 0.502778 0.026562 0.130556 0.003906 0.004167 1.000000
0 575 0.523438 0.504167 0.031250 0.127778 0.002344 0.001389 1.000000
0 576 0.525000 0.504861 0.040625 0.126389 0.001563 0.000694 1.000000
0 577 0.525781 0.508333 0.043750 0.133333 0.000781 0.003472 1.000000
0 578 0.525781 0.508333 0.043750 0.133333 0.000000 0.000000 1.000000
0 579 0.528906 0.506250 0.042188 0.129167 0.003125 -0.002083 1.000000
0 580 0.527344 0.506944 0.045312 0.130556 -0.001563 0.000694 1.000000
0 581 0.526563 0.508333 0.042188 0.130556 -0.000781 0.001389 1.000000
0 582 0.525781 0.509722 0.043750 0.130556 -0.000781 0.001389 1.000000
0 583 0.525781 0.509722 0.043750 0.130556 0.000000 0.000000 1.000000
0 584 0.527734 0.509722 0.039844 0.130556 0.001953 0.000000 1.000000
0 585 0.529687 0.508333 0.042188 0.127778 0.001953 -0.001389 1.000000
0 586 0.535937 0.513889 0.046875 0.138889 0.006250 0.005556 1.000000
0 587 0.539844 0.516667 0.046875 0.138889 0.003906 0.002778 1.000000
0 588 0.539844 0.516667 0.046875 0.138889 0.000000 0.000000 1.000000
0 589 0.544141 0.519444 0.042969 0.136111 0.004297 0.002778 1.000000
0 590 0.544531 0.520139 0.039062 0.131944 0.000391 0.000694 1.000000
0 591 0.543750 0.522222 0.031250 0.133333 -0.000781 0.002083 1.000000
0 592 0.539844 0.521528 0.029687 0.131944 -0.003906 -0.000694 1.000000
0 593 0.539844 0.521528 0.029687 0.131944 0.000000 0.000000 1.000000
0 594 0.539844 0.519444 0.039062 0.133333 0.000000 -0.002083 1.000000
0 595 0.542188 0.519444 0.043750 0.133333 0.002344 0.000000 1.000000
0 596 0.542188 0.518056 0.042188 0.136111 0.000000 -0.001389 1.000000
0 597 0.540625 0.519444 0.037500 0.136111 -0.001563 0.001389 1.000000
0 598 0.540625 0.519444 0.037500 0.136111 0.000000 0.000000 1.000000
0 599 0.535156 0.520833 0.020313 0.136111 -0.005469 0.001389 1.000000
0 600 0.532422 0.520139 0.027344 0.137500 -0.002734 -0.000694 1.000000
0 601 0.531250 0.518750 0.032813 0.137500 -0.001172 -0.001389 1.000000
0 602 0.525781 0.518056 0.043750 0.136111 -0.005469 -0.000694 1.000000
0 603 0.525781 0.518056 0.043750 0.136111 0.000000 0.000000 1.000000
0 604 0.519922 0.518056 0.039844 0.136111 -0.005859 0.000000 1.000000
0 605 0.517969 0.518750 0.029687 0.134722 -0.001953 0.000694 1.000000
0 606 0.517188 0.520139 0.025000 0.134722 -0.000781 0.001389 1.000000
0 607 0.516406 0.519444 0.026562 0.136111 -0.000781 -0.000694 1.000000
0 608 0.516406 0.519444 0.026562 0.136111 0.000000 0.000000 1.000000
0 609 0.512891 0.517361 0.033594 0.137500 -0.003516 -0.002083 1.000000
0 610 0.509375 0.517361 0.035937 0.137500 -0.003516 0.000000 1.000000
0 611 0.504687 0.518056 0.040625 0.136111 -0.004687 0.000694 1.000000
0 612 0.503906 0.518750 0.039062 0.134722 -0.000781 0.000694 1.000000
0 613 0.503906 0.518750 0.039062 0.134722 0.000000 0.000000 1.000000
0 614 0.502344 0.518750 0.029687 0.134722 -0.001563 0.000000 1.000000
0 615 0.501563 0.519444 0.026562 0.136111 -0.000781 0.000694 1.000000
0 616 0.501172 0.517361 0.025781 0.137500 -0.000391 -0.002083 1.000000
0 617 0.500000 0.515278 0.025000 0.136111 -0.001172 -0.002083 1.000000
0 618 0.500000 0.515278 0.025000 0.136111 0.000000 0.000000 1.000000
0 619 0.497656 0.514583 0.029687 0.140278 -0.002344 -0.000694 1.000000
0 620 0.495312 0.514583 0.032813 0.140278 -0.002344 0.000000 1.000000
0 621 0.494531 0.515278 0.032813 0.138889 -0.000781 0.000694 1.000000
0 622 0.494531 0.516667 0.031250 0.138889 0.000000 0.001389 1.000000
0 623 0.494531 0.516667 0.031250 0.138889 0.000000 0.000000 1.000000
0 624 0.498437 0.518750 0.034375 0.134722 0.003906 0.002083 1.000000
0 625 0.500000 0.518750 0.034375 0.134722 0.001563 0.000000 1.000000
0 626 0.502344 0.518056 0.035937 0.133333 0.002344 -0.000694 1.000000
0 627 0.503125 0.518056 0.034375 0.133333 0.000781 0.000000 1.000000
0 628 0.503125 0.518056 0.034375 0.133333 0.000000 0.000000 1.000000
0 629 0.505469 0.519444 0.031250 0.133333 0.002344 0.001389 1.000000
0 630 0.505078 0.519444 0.032031 0.133333 -0.000391 0.000000 1.000000
0 631 0.504687 0.518750 0.032813 0.131944 -0.000391 -0.000694 1.000000
0 632 0.504297 0.520139 0.032031 0.131944 -0.000391 0.001389 1.000000
0 633 0.504297 0.520139 0.032031 0.131944 0.000000 0.000000 1.000000
0 634 0.503125 0.520833 0.034375 0.130556 -0.001172 0.000694 1.000000
0 635 0.503125 0.520139 0.035937 0.126389 0.000000 -0.000694 1.000000
0 636 0.503125 0.519444 0.039062 0.122222 0.000000 -0.000694 1.000000
0 637 0.503516 0.520833 0.041406 0.119444 0.000391 0.001389 1.000000
0 638 0.503516 0.520833 0.041406 0.119444 0.000000 0.000000 1.000000
0 639 0.503516 0.520833 0.050781 0.111111 0.000000 0.000000 1.000000
0 640 0.503125 0.521528 0.056250 0.106944 -0.000391 0.000694 1.000000
0 641 0.503906 0.519444 0.057813 0.105556 0.000781 -0.002083 1.000000
0 642 0.504297 0.520139 0.058594 0.106944 0.000391 0.000694 1.000000
0 643 0.504297 0.520139 0.058594 0.106944 0.000000 0.000000 1.000000
0 644 0.503125 0.516667 0.056250 0.105556 -0.001172 -0.003472 1.000000
0 645 0.501563 0.513889 0.053125 0.105556 -0.001563 -0.002778 1.000000
0 646 0.499609 0.511111 0.049219 0.105556 -0.001953 -0.002778 1.000000
0 647 0.496484 0.509722 0.041406 0.108333 -0.003125 -0.001389 1.000000
0 648 0.496484 0.509722 0.041406 0.108333 0.000000 0.000000 1.000000
0 649 0.495703 0.505556 0.038281 0.116667 -0.000781 -0.004167 1.000000
0 650 0.495703 0.504167 0.035156 0.119444 0.000000 -0.001389 1.000000
0 651 0.496875 0.500000 0.035937 0.119444 0.001172 -0.004167 1.000000
0 652 0.499219 0.496528 0.035937 0.120833 0.002344 -0.003472 1.000000
0 653 0.499219 0.496528 0.035937 0.120833 0.000000 0.000000 1.000000
0 654 0.499609 0.495833 0.032031 0.127778 0.000391 -0.000694 1.000000
0 655 0.499609 0.494444 0.030469 0.127778 0.000000 -0.001389 1.000000
0 656 0.497656 0.492361 0.029687 0.129167 -0.001953 -0.002083 1.000000
0 657 0.494531 0.490278 0.029687 0.130556 -0.003125 -0.002083 1.000000
0 658 0.494531 0.490278 0.029687 0.130556 0.000000 0.000000 1.000000
0 659 0.492969 0.486111 0.034375 0.136111 -0.001563 -0.004167 1.000000
0 660 0.493359 0.486111 0.036719 0.138889 0.000391 0.000000 1.000000
0 661 0.492969 0.486111 0.039062 0.138889 -0.000391 0.000000 1.000000
0 662 0.493359 0.484028 0.039844 0.137500 0.000391 -0.002083 1.000000
0 663 0.493359 0.484028 0.039844 0.137500 0.000000 0.000000 1.000000
0 664 0.494531 0.481944 0.039062 0.133333 0.001172 -0.002083 1.000000
0 665 0.494531 0.481944 0.039062 0.133333 0.000000 0.000000 1.000000
0 666 0.495312 0.481250 0.037500 0.134722 0.000781 -0.000694 1.000000
0 667 0.495312 0.480556 0.035937 0.136111 0.000000 -0.000694 1.000000
0 668 0.495312 0.480556 0.035937 0.136111 0.000000 0.000000 1.000000
0 669 0.497656 0.478472 0.029687 0.134722 0.002344 -0.002083 1.000000
0 670 0.497656 0.479167 0.029687 0.136111 0.000000 0.000694 1.000000
0 671 0.498828 0.479167 0.028906 0.136111 0.001172 0.000000 1.000000
0 672 0.499609 0.479167 0.027344 0.136111 0.000781 0.000000 1.000000
0 673 0.499609 0.479167 0.027344 0.136111 0.000000 0.000000 1.000000
0 674 0.499609 0.482639 0.027344 0.140278 0.000000 0.003472 1.000000
0 675 0.500000 0.483333 0.025000 0.138889 0.000391 0.000694 1.000000
0 676 0.500000 0.484722 0.025000 0.138889 0.000000 0.001389 1.000000
0 677 0.500000 0.486111 0.025000 0.138889 0.000000 0.001389 1.000000
0 678 0.500000 0.486111 0.025000 0.138889 0.000000 0.000000 1.000000
0 679 0.498437 0.486111 0.025000 0.138889 -0.001563 0.000000 1.000000
0 680 0.498437 0.486111 0.025000 0.138889 0.000000 0.000000 1.000000
0 681 0.496875 0.486111 0.026562 0.138889 -0.001563 0.000000 1.000000
0 682 0.496875 0.486111 0.028125 0.138889 0.000000 0.000000 1.000000
0 683 0.496875 0.486111 0.028125 0.138889 0.000000 0.000000 1.000000
0 684 0.493750 0.490278 0.028125 0.141667 -0.003125 0.004167 1.000000
0 685 0.492578 0.493056 0.028906 0.141667 -0.001172 0.002778 1.000000
0 686 0.489453 0.493056 0.028906 0.141667 -0.003125 0.000000 1.000000
0 687 0.485156 0.493750 0.029687 0.140278 -0.004297 0.000694 1.000000
0 688 0.485156 0.493750 0.029687 0.140278 0.000000 0.000000 1.000000
0 689 0.472656 0.495139 0.029687 0.140278 -0.012500 0.001389 1.000000
0 690 0.464844 0.494444 0.029687 0.138889 -0.007812 -0.000694 1.000000
0 691 0.457031 0.494444 0.029687 0.138889 -0.007812 0.000000 1.000000
0 692 0.448437 0.494444 0.029687 0.138889 -0.008594 0.000000 1.000000
0 693 0.448437 0.494444 0.029687 0.138889 0.000000 0.000000 1.000000
0 694 0.430859 0.494444 0.030469 0.136111 -0.017578 0.000000 1.000000
0 695 0.421094 0.496528 0.031250 0.134722 -0.009766 0.002083 1.000000
0 696 0.410156 0.497222 0.031250 0.133333 -0.010937 0.000694 1.000000
0 697 0.398828 0.498611 0.032031 0.130556 -0.011328 0.001389 1.000000
0 698 0.398828 0.498611 0.032031 0.130556 0.000000 0.000000 1.000000
0 699 0.372656 0.500000 0.034375 0.127778 -0.026172 0.001389 1.000000
0 700 0.358594 0.499306 0.032813 0.126389 -0.014063 -0.000694 1.000000
0 701 0.344922 0.500694 0.033594 0.123611 -0.013672 0.001389 1.000000
0 702 0.330469 0.498611 0.032813 0.122222 -0.014453 -0.002083 1.000000
0 703 0.330469 0.498611 0.032813 0.122222 0.000000 0.000000 1.000000
0 704 0.299219 0.495139 0.032813 0.118056 -0.031250 -0.003472 1.000000
0 705 0.282031 0.491667 0.035937 0.116667 -0.017188 -0.003472 1.000000
0 706 0.264844 0.487500 0.037500 0.116667 -0.017188 -0.004167 1.000000
0 707 0.248438 0.487500 0.039062 0.119444 -0.016406 0.000000 1.000000
0 708 0.248438 0.487500 0.039062 0.119444 0.000000 0.000000 1.000000
0 709 0.218359 0.483333 0.039844 0.122222 -0.030078 -0.004167 1.000000
0 710 0.202344 0.481944 0.037500 0.119444 -0.016016 -0.001389 1.000000
0 711 0.188281 0.481250 0.039062 0.118056 -0.014063 -0.000694 1.000000
0 712 0.175000 0.481944 0.034375 0.119444 -0.013281 0.000694 1.000000
0 713 0.175000 0.481944 0.034375 0.119444 0.000000 0.000000 1.000000
0 714 0.145703 0.476389 0.041406 0.113889 -0.029297 -0.005556 1.000000
0 715 0.130859 0.475694 0.042969 0.118056 -0.014844 -0.000694 1.000000
0 716 0.116406 0.473611 0.042188 0.119444 -0.014453 -0.002083 1.000000
0 717 0.103516 0.474306 0.041406 0.120833 -0.012891 0.000694 1.000000
0 718 0.103516 0.474306 0.041406 0.120833 0.000000 0.000000 1.000000
0 719 0.078516 0.472917 0.032031 0.118056 -0.025000 -0.001389 1.000000
0 720 0.067187 0.472917 0.026562 0.118056 -0.011328 0.000000 1.000000
0 721 0.054297 0.472917 0.025781 0.118056 -0.012891 0.000000 1.000000
0 722 0.042188 0.468750 0.032813 0.115278 -0.012109 -0.004167 1.000000
0 723 0.042188 0.468750 0.032813 0.115278 0.000000 0.000000 1.000000
0 724 0.019531 0.470139 0.039062 0.123611 -0.022656 0.001389 1.000000
0 725 0.014844 0.470139 0.029687 0.126389 -0.004687 0.000000 1.000000
0 726 0.008594 0.470833 0.017188 0.125000 -0.006250 0.000694 1.000000
0 727 0.003516 0.468056 0.007031 0.119444 -0.005078 -0.002778 1.000000
0 728 0.003516 0.468056 0.007031 0.119444 0.000000 0.000000 1.000000
