0 1 0.467578 0.277083 0.044531 0.123611 1.000000
0 2 0.472656 0.274306 0.048438 0.123611 1.000000
0 3 0.479297 0.272917 0.057031 0.123611 1.000000
0 4 0.487109 0.271528 0.058594 0.126389 1.000000
0 5 0.496484 0.270833 0.055469 0.125000 1.000000
0 6 0.503906 0.270139 0.054688 0.123611 1.000000
0 7 0.512109 0.271528 0.049219 0.120833 1.000000
0 8 0.517578 0.271528 0.050781 0.123611 1.000000
0 9 0.519531 0.270139 0.056250 0.126389 1.000000
0 10 0.526953 0.270833 0.063281 0.133333 1.000000
0 11 0.532422 0.270833 0.061719 0.136111 1.000000
0 12 0.542188 0.275000 0.068750 0.130556 1.000000
0 13 0.549219 0.270139 0.064062 0.134722 1.000000
0 14 0.556641 0.275000 0.057031 0.122222 1.000000
0 15 0.569531 0.279861 0.035937 0.126389 1.000000
0 16 0.567187 0.279861 0.028125 0.123611 1.000000
0 17 0.570703 0.281250 0.032031 0.126389 1.000000
0 18 0.575781 0.284028 0.039062 0.123611 1.000000
0 19 0.583594 0.286111 0.048438 0.127778 1.000000
0 20 0.590234 0.293750 0.055469 0.137500 1.000000
0 21 0.593359 0.295139 0.050781 0.134722 1.000000
0 22 0.599609 0.296528 0.042969 0.131944 1.000000
0 23 0.604688 0.300694 0.032813 0.131944 1.000000
0 24 0.617969 0.302778 0.039062 0.130556 1.000000
0 25 0.624219 0.303472 0.040625 0.129167 1.000000
0 26 0.629687 0.306250 0.042188 0.131944 1.000000
0 27 0.634766 0.313889 0.044531 0.144444 1.000000
0 28 0.641797 0.318056 0.046094 0.144444 1.000000
0 29 0.647656 0.323611 0.046875 0.150000 1.000000
0 30 0.653125 0.328472 0.043750 0.145833 1.000000
0 31 0.657031 0.331250 0.037500 0.140278 1.000000
0 32 0.659766 0.334028 0.032031 0.137500 1.000000
0 33 0.663281 0.336111 0.029687 0.138889 1.000000
0 34 0.669531 0.339583 0.032813 0.145833 1.000000
0 35 0.674219 0.344444 0.035937 0.150000 1.000000
0 36 0.677344 0.348611 0.037500 0.147222 1.000000
0 37 0.682031 0.356250 0.035937 0.151389 1.000000
0 38 0.685937 0.361111 0.037500 0.147222 1.000000
0 39 0.691016 0.363194 0.041406 0.140278 1.000000
0 40 0.694531 0.365278 0.037500 0.144444 1.000000
0 41 0.692187 0.367361 0.035937 0.143056 1.000000
0 42 0.696484 0.374306 0.041406 0.159722 1.000000
0 43 0.700781 0.379861 0.040625 0.162500 1.000000
0 44 0.704688 0.383333 0.042188 0.158333 1.000000
0 45 0.709766 0.390972 0.042969 0.162500 1.000000
0 46 0.712500 0.395833 0.042188 0.161111 1.000000
0 47 0.715625 0.397222 0.042188 0.158333 1.000000
0 48 0.717578 0.398611 0.039844 0.158333 1.000000
0 49 0.718359 0.400000 0.038281 0.158333 1.000000
0 50 0.719141 0.406944 0.038281 0.166667 1.000000
0 51 0.718750 0.413889 0.035937 0.172222 1.000000
0 52 0.719141 0.418750 0.035156 0.176389 1.000000
0 53 0.719922 0.424306 0.032031 0.179167 1.000000
0 54 0.721094 0.428472 0.031250 0.173611 1.000000
0 55 0.721094 0.429167 0.032813 0.172222 1.000000
0 56 0.722656 0.429167 0.034375 0.169444 1.000000
0 57 0.724219 0.429861 0.034375 0.170833 1.000000
0 58 0.725781 0.430556 0.034375 0.172222 1.000000
0 59 0.726953 0.436111 0.035156 0.177778 1.000000
0 60 0.728125 0.440972 0.039062 0.176389 1.000000
0 61 0.730078 0.443056 0.041406 0.180556 1.000000
0 62 0.732812 0.445833 0.046875 0.172222 1.000000
0 63 0.733984 0.447222 0.049219 0.172222 1.000000
0 64 0.736328 0.451389 0.052344 0.175000 1.000000
0 65 0.737891 0.450694 0.053906 0.179167 1.000000
0 66 0.738672 0.450000 0.055469 0.180556 1.000000
0 67 0.739844 0.450000 0.054688 0.183333 1.000000
0 68 0.743359 0.447917 0.049219 0.187500 1.000000
0 69 0.746484 0.446528 0.041406 0.187500 1.000000
0 70 0.749219 0.445139 0.039062 0.190278 1.000000
0 71 0.751172 0.445833 0.038281 0.188889 1.000000
0 72 0.751953 0.444444 0.036719 0.191667 1.000000
0 73 0.751953 0.445833 0.036719 0.191667 1.000000
0 74 0.753125 0.445139 0.035937 0.190278 1.000000
0 75 0.753516 0.446528 0.033594 0.190278 1.000000
0 76 0.754687 0.447222 0.034375 0.188889 1.000000
0 77 0.755469 0.449306 0.035937 0.181944 1.000000
0 78 0.755859 0.451389 0.035156 0.177778 1.000000
0 79 0.757812 0.458333 0.035937 0.175000 1.000000
0 80 0.762109 0.463889 0.044531 0.166667 1.000000
0 81 0.764062 0.470139 0.053125 0.162500 1.000000
0 82 0.764844 0.474306 0.059375 0.151389 1.000000
0 83 0.765234 0.478472 0.060156 0.154167 1.000000
0 84 0.767188 0.481250 0.057813 0.154167 1.000000
0 85 0.765625 0.480556 0.056250 0.155556 1.000000
0 86 0.763281 0.481944 0.051562 0.152778 1.000000
0 87 0.761719 0.484028 0.043750 0.156944 1.000000
0 88 0.759375 0.485417 0.039062 0.154167 1.000000
0 89 0.757422 0.484722 0.036719 0.152778 1.000000
0 90 0.758203 0.485417 0.038281 0.154167 1.000000
0 91 0.758594 0.488889 0.039062 0.163889 1.000000
0 92 0.759375 0.490972 0.040625 0.170833 1.000000
0 93 0.760156 0.493750 0.040625 0.176389 1.000000
0 94 0.758984 0.496528 0.041406 0.181944 1.000000
0 95 0.757812 0.503472 0.039062 0.184722 1.000000
0 96 0.756250 0.505556 0.040625 0.183333 1.000000
0 97 0.753125 0.506944 0.034375 0.180556 1.000000
0 98 0.752734 0.506944 0.036719 0.180556 1.000000
0 99 0.752344 0.516667 0.037500 0.200000 1.000000
0 100 0.751953 0.520833 0.038281 0.205556 1.000000
0 101 0.750781 0.519444 0.037500 0.202778 1.000000
0 102 0.748437 0.522917 0.039062 0.204167 1.000000
0 103 0.743750 0.522222 0.039062 0.208333 1.000000
0 104 0.741016 0.523611 0.035156 0.202778 1.000000
0 105 0.739453 0.520833 0.035156 0.200000 1.000000
0 106 0.732422 0.529167 0.044531 0.202778 1.000000
0 107 0.729688 0.533333 0.046875 0.194444 1.000000
0 108 0.730859 0.546528 0.042969 0.209722 1.000000
0 109 0.731250 0.552083 0.039062 0.212500 1.000000
0 110 0.732422 0.552778 0.038281 0.216667 1.000000
0 111 0.732812 0.552778 0.037500 0.219444 1.000000
0 112 0.733203 0.551389 0.035156 0.219444 1.000000
0 113 0.734766 0.550000 0.032031 0.225000 1.000000
0 114 0.736719 0.550000 0.028125 0.225000 1.000000
0 115 0.739062 0.548611 0.026562 0.219444 1.000000
0 116 0.739844 0.549306 0.026562 0.215278 1.000000
0 117 0.741016 0.553472 0.030469 0.215278 1.000000
0 118 0.741797 0.556250 0.032031 0.212500 1.000000
0 119 0.742578 0.561111 0.041406 0.211111 1.000000
0 120 0.746094 0.565278 0.043750 0.213889 1.000000
0 121 0.747656 0.568056 0.043750 0.213889 1.000000
0 122 0.749609 0.572917 0.044531 0.223611 1.000000
0 123 0.752344 0.575000 0.045312 0.225000 1.000000
0 124 0.754687 0.577778 0.042188 0.219444 1.000000
0 125 0.755078 0.579167 0.042969 0.216667 1.000000
0 126 0.755469 0.580556 0.043750 0.216667 1.000000
0 127 0.755469 0.581250 0.042188 0.218056 1.000000
0 128 0.756250 0.584028 0.043750 0.220833 1.000000
0 129 0.758203 0.587500 0.046094 0.227778 1.000000
0 130 0.760156 0.593056 0.048438 0.227778 1.000000
0 131 0.762109 0.597222 0.047656 0.227778 1.000000
0 132 0.763672 0.604167 0.047656 0.227778 1.000000
0 133 0.766406 0.605556 0.043750 0.222222 1.000000
0 134 0.769922 0.609028 0.041406 0.220833 1.000000
0 135 0.771875 0.615278 0.040625 0.222222 1.000000
0 136 0.775000 0.621528 0.040625 0.229167 1.000000
0 137 0.775000 0.627778 0.043750 0.236111 1.000000
0 138 0.776953 0.632639 0.042969 0.243056 1.000000
0 139 0.778125 0.642361 0.042188 0.245833 1.000000
0 140 0.778125 0.644444 0.043750 0.244444 1.000000
0 141 0.778906 0.650000 0.043750 0.244444 1.000000
0 142 0.779297 0.654861 0.044531 0.243056 1.000000
0 143 0.779687 0.656944 0.046875 0.241667 1.000000
0 144 0.778906 0.660417 0.045312 0.243056 1.000000
0 145 0.778125 0.660417 0.043750 0.243056 1.000000
0 146 0.776563 0.659028 0.042188 0.251389 1.000000
0 147 0.775391 0.660417 0.041406 0.248611 1.000000
0 148 0.774219 0.664583 0.040625 0.251389 1.000000
0 149 0.773438 0.667361 0.040625 0.251389 1.000000
0 150 0.772656 0.674306 0.040625 0.254167 1.000000
0 151 0.771484 0.681250 0.042969 0.251389 1.000000
0 152 0.767188 0.687500 0.053125 0.250000 1.000000
0 153 0.764844 0.694444 0.059375 0.252778 1.000000
0 154 0.764453 0.701389 0.058594 0.247222 1.000000
0 155 0.764062 0.708333 0.059375 0.250000 1.000000
0 156 0.763672 0.710417 0.058594 0.251389 1.000000
0 157 0.764453 0.713194 0.060156 0.251389 1.000000
0 158 0.763281 0.714583 0.059375 0.251389 1.000000
0 159 0.761328 0.718750 0.060156 0.254167 1.000000
0 160 0.760156 0.719444 0.062500 0.255556 1.000000
0 161 0.757812 0.722222 0.065625 0.258333 1.000000
0 162 0.757812 0.725000 0.062500 0.255556 1.000000
0 163 0.757812 0.727778 0.065625 0.252778 1.000000
0 164 0.756641 0.729861 0.067969 0.254167 1.000000
0 165 0.758203 0.730556 0.066406 0.255556 1.000000
0 166 0.760547 0.730556 0.067969 0.252778 1.000000
0 167 0.760938 0.731944 0.067187 0.252778 1.000000
0 168 0.763672 0.734722 0.067969 0.250000 1.000000
0 169 0.766797 0.734722 0.064844 0.250000 1.000000
0 170 0.768750 0.737500 0.064062 0.247222 1.000000
0 171 0.771484 0.740972 0.060156 0.245833 1.000000
0 172 0.774609 0.743750 0.058594 0.240278 1.000000
0 173 0.775781 0.745139 0.057813 0.240278 1.000000
0 174 0.778125 0.750000 0.060937 0.241667 1.000000
0 175 0.781641 0.750000 0.060156 0.236111 1.000000
0 176 0.784375 0.750000 0.062500 0.233333 1.000000
0 177 0.793359 0.748611 0.055469 0.230556 1.000000
0 178 0.800000 0.751389 0.051562 0.233333 1.000000
0 179 0.806250 0.754167 0.050000 0.236111 1.000000
0 180 0.810547 0.755556 0.052344 0.238889 1.000000
0 181 0.813672 0.751389 0.058594 0.227778 1.000000
0 182 0.817578 0.752778 0.063281 0.222222 1.000000
0 183 0.821875 0.761111 0.068750 0.230556 1.000000
0 184 0.826562 0.769444 0.075000 0.236111 1.000000
0 185 0.832812 0.763889 0.079687 0.213889 1.000000
0 186 0.838672 0.762500 0.082031 0.202778 1.000000
0 187 0.843359 0.772917 0.085156 0.212500 1.000000
0 188 0.847266 0.801389 0.085156 0.261111 1.000000
0 189 0.851953 0.804167 0.088281 0.258333 1.000000
0 190 0.857422 0.809028 0.082031 0.259722 1.000000
0 191 0.863672 0.812500 0.075781 0.261111 1.000000
0 192 0.870313 0.818750 0.071875 0.268056 1.000000
0 193 0.878516 0.822917 0.066406 0.268056 1.000000
0 194 0.896875 0.825000 0.045312 0.272222 1.000000
0 195 0.911328 0.838194 0.038281 0.284722 1.000000
0 196 0.923828 0.840972 0.050781 0.279167 1.000000
0 197 0.932813 0.845833 0.060937 0.286111 1.000000
0 198 0.941406 0.852778 0.065625 0.288889 1.000000
0 199 0.946875 0.854167 0.070312 0.286111 1.000000
0 200 0.950000 0.856250 0.067187 0.284722 1.000000
0 201 0.952734 0.858333 0.078906 0.283333 1.000000
0 202 0.962891 0.859722 0.057031 0.280556 1.000000
0 203 0.966016 0.861111 0.050781 0.277778 1.000000
0 204 0.975391 0.861806 0.049219 0.276389 1.000000
0 205 0.978125 0.861806 0.043750 0.276389 1.000000
0 206 0.982812 0.861806 0.034375 0.276389 1.000000
0 207 0.986328 0.863194 0.027344 0.273611 1.000000
0 208 0.987891 0.863889 0.024219 0.272222 1.000000
0 209 0.986328 0.865972 0.027344 0.268056 1.000000
0 227 0.979688 0.868750 0.040625 0.262500 1.000000
0 228 0.980859 0.863889 0.038281 0.272222 1.000000
0 229 0.979297 0.856944 0.041406 0.286111 1.000000
0 230 0.976953 0.850000 0.046094 0.300000 1.000000
0 231 0.974219 0.845139 0.051562 0.309722 1.000000
0 232 0.973047 0.840278 0.053906 0.319444 1.000000
0 233 0.971094 0.833333 0.057813 0.316667 1.000000
0 234 0.969141 0.827083 0.061719 0.315278 1.000000
0 235 0.967969 0.822917 0.064062 0.306944 1.000000
0 236 0.965234 0.818056 0.069531 0.297222 1.000000
0 237 0.962891 0.814583 0.072656 0.284722 1.000000
0 238 0.952344 0.813194 0.064062 0.276389 1.000000
0 239 0.941797 0.804861 0.058594 0.270833 1.000000
0 240 0.932422 0.797222 0.057031 0.269444 1.000000
0 241 0.921094 0.786806 0.046875 0.270833 1.000000
0 242 0.910156 0.777083 0.045312 0.270833 1.000000
0 243 0.897266 0.764583 0.046094 0.270833 1.000000
0 244 0.888281 0.758333 0.048438 0.275000 1.000000
0 245 0.878906 0.747917 0.050000 0.268056 1.000000
0 246 0.871484 0.746528 0.053906 0.268056 1.000000
0 247 0.868750 0.745139 0.060937 0.268056 1.000000
0 248 0.862891 0.744444 0.069531 0.255556 1.000000
0 249 0.855469 0.750694 0.073438 0.248611 1.000000
0 250 0.848437 0.754167 0.076563 0.247222 1.000000
0 251 0.843750 0.755556 0.075000 0.238889 1.000000
0 252 0.839453 0.754861 0.077344 0.237500 1.000000
0 253 0.835938 0.747917 0.076563 0.229167 1.000000
0 254 0.833203 0.745833 0.080469 0.241667 1.000000
0 255 0.829297 0.739583 0.078906 0.240278 1.000000
0 256 0.824219 0.734722 0.079687 0.241667 1.000000
0 257 0.817969 0.727083 0.075000 0.234722 1.000000
0 258 0.811719 0.722222 0.071875 0.236111 1.000000
0 259 0.804688 0.716667 0.064062 0.230556 1.000000
0 260 0.799219 0.713194 0.059375 0.234722 1.000000
0 261 0.792188 0.709028 0.050000 0.231944 1.000000
0 262 0.784766 0.707639 0.042969 0.234722 1.000000
0 263 0.780859 0.709028 0.046094 0.237500 1.000000
0 264 0.776563 0.706250 0.051562 0.234722 1.000000
0 265 0.775000 0.706944 0.056250 0.230556 1.000000
0 266 0.771875 0.706944 0.057813 0.230556 1.000000
0 267 0.770703 0.706944 0.060156 0.230556 1.000000
0 268 0.769141 0.704861 0.058594 0.226389 1.000000
0 269 0.764453 0.704861 0.052344 0.234722 1.000000
0 270 0.762891 0.698611 0.047656 0.230556 1.000000
0 271 0.759766 0.693056 0.039844 0.227778 1.000000
0 272 0.756641 0.690972 0.036719 0.231944 1.000000
0 273 0.756641 0.689583 0.039844 0.231944 1.000000
0 274 0.754297 0.690972 0.050781 0.229167 1.000000
0 275 0.750781 0.691667 0.060937 0.227778 1.000000
0 276 0.748828 0.694444 0.067969 0.227778 1.000000
0 277 0.746875 0.695139 0.075000 0.226389 1.000000
0 278 0.746094 0.694444 0.073438 0.222222 1.000000
0 279 0.746094 0.695139 0.068750 0.220833 1.000000
0 280 0.744922 0.693750 0.063281 0.223611 1.000000
0 281 0.742578 0.691667 0.055469 0.225000 1.000000
0 282 0.738672 0.693750 0.046094 0.229167 1.000000
0 283 0.733594 0.692361 0.037500 0.229167 1.000000
0 284 0.726172 0.691667 0.030469 0.227778 1.000000
0 285 0.724609 0.691667 0.035156 0.227778 1.000000
0 286 0.719531 0.690972 0.046875 0.226389 1.000000
0 287 0.712500 0.693056 0.060937 0.222222 1.000000
0 288 0.708984 0.695139 0.067969 0.220833 1.000000
0 289 0.705469 0.695833 0.071875 0.219444 1.000000
0 290 0.703906 0.695833 0.070312 0.222222 1.000000
0 291 0.702344 0.694444 0.067187 0.222222 1.000000
0 292 0.699609 0.693056 0.061719 0.222222 1.000000
0 293 0.695703 0.690278 0.050781 0.219444 1.000000
0 294 0.689453 0.688889 0.041406 0.225000 1.000000
0 295 0.683203 0.693750 0.030469 0.231944 1.000000
0 296 0.677344 0.692361 0.031250 0.234722 1.000000
0 297 0.673828 0.695139 0.035156 0.234722 1.000000
0 298 0.667969 0.696528 0.045312 0.234722 1.000000
0 299 0.661719 0.697917 0.056250 0.231944 1.000000
0 300 0.659766 0.699306 0.063281 0.234722 1.000000
0 301 0.658594 0.700000 0.062500 0.233333 1.000000
0 302 0.658203 0.701389 0.061719 0.230556 1.000000
0 303 0.653516 0.700694 0.055469 0.231944 1.000000
0 304 0.651563 0.700694 0.053125 0.231944 1.000000
0 305 0.647656 0.701389 0.045312 0.236111 1.000000
0 306 0.642578 0.697917 0.038281 0.234722 1.000000
0 307 0.633594 0.695833 0.032813 0.233333 1.000000
0 308 0.627344 0.696528 0.035937 0.234722 1.000000
0 309 0.622266 0.695833 0.039844 0.233333 1.000000
0 310 0.613672 0.697917 0.053906 0.223611 1.000000
0 311 0.604297 0.700694 0.067969 0.215278 1.000000
0 312 0.600391 0.704167 0.078906 0.208333 1.000000
0 313 0.594922 0.703472 0.085156 0.206944 1.000000
0 314 0.591797 0.703472 0.083594 0.206944 1.000000
0 315 0.588672 0.704167 0.086719 0.211111 1.000000
0 316 0.582422 0.702778 0.083594 0.213889 1.000000
0 317 0.578125 0.703472 0.075000 0.209722 1.000000
0 318 0.570312 0.704167 0.062500 0.208333 1.000000
0 319 0.557813 0.702083 0.057813 0.209722 1.000000
0 320 0.543750 0.702083 0.046875 0.209722 1.000000
0 321 0.535547 0.702778 0.050781 0.225000 1.000000
0 322 0.528125 0.702778 0.056250 0.227778 1.000000
0 323 0.519922 0.702778 0.060156 0.230556 1.000000
0 324 0.512109 0.702083 0.061719 0.231944 1.000000
0 325 0.503125 0.705556 0.060937 0.233333 1.000000
0 326 0.494922 0.706250 0.055469 0.226389 1.000000
0 327 0.482812 0.706250 0.046875 0.226389 1.000000
0 328 0.470313 0.706250 0.037500 0.220833 1.000000
0 329 0.464453 0.703472 0.042969 0.223611 1.000000
0 330 0.458203 0.700694 0.050781 0.223611 1.000000
0 331 0.448047 0.699306 0.063281 0.231944 1.000000
0 332 0.438672 0.700000 0.077344 0.233333 1.000000
0 333 0.433594 0.700694 0.081250 0.240278 1.000000
0 334 0.426172 0.706944 0.071094 0.236111 1.000000
0 335 0.419531 0.710417 0.059375 0.234722 1.000000
0 336 0.406250 0.710417 0.054688 0.229167 1.000000
0 337 0.392188 0.711111 0.043750 0.227778 1.000000
0 338 0.386328 0.715278 0.049219 0.238889 1.000000
0 339 0.383203 0.717361 0.053906 0.245833 1.000000
0 340 0.373828 0.718750 0.061719 0.243056 1.000000
0 341 0.366406 0.721528 0.067187 0.248611 1.000000
0 342 0.358594 0.727083 0.065625 0.245833 1.000000
0 343 0.353125 0.729861 0.056250 0.243056 1.000000
0 344 0.344531 0.735417 0.048438 0.243056 1.000000
0 345 0.329688 0.737500 0.045312 0.236111 1.000000
0 346 0.320703 0.737500 0.044531 0.241667 1.000000
0 347 0.311719 0.737500 0.059375 0.241667 1.000000
0 348 0.307812 0.735417 0.057813 0.245833 1.000000
0 349 0.301172 0.737500 0.064844 0.247222 1.000000
0 350 0.293750 0.738889 0.068750 0.250000 1.000000
0 351 0.285938 0.739583 0.065625 0.240278 1.000000
0 352 0.280078 0.741667 0.055469 0.238889 1.000000
0 353 0.266406 0.742361 0.053125 0.237500 1.000000
0 354 0.243359 0.741667 0.027344 0.233333 1.000000
0 355 0.240234 0.740972 0.039844 0.237500 1.000000
0 356 0.236719 0.740972 0.045312 0.243056 1.000000
0 357 0.231641 0.743750 0.050781 0.237500 1.000000
0 358 0.222656 0.744444 0.073438 0.241667 1.000000
0 359 0.219141 0.746528 0.063281 0.237500 1.000000
0 360 0.212109 0.749306 0.061719 0.231944 1.000000
0 361 0.201172 0.746528 0.061719 0.226389 1.000000
0 362 0.187891 0.752083 0.057031 0.229167 1.000000
0 363 0.174219 0.751389 0.050000 0.236111 1.000000
0 364 0.166797 0.752778 0.053906 0.244444 1.000000
0 365 0.160938 0.750694 0.056250 0.240278 1.000000
0 366 0.156641 0.751389 0.061719 0.241667 1.000000
0 367 0.151172 0.752778 0.063281 0.241667 1.000000
0 368 0.146875 0.759722 0.068750 0.250000 1.000000
0 369 0.140234 0.761111 0.067969 0.250000 1.000000
0 370 0.131641 0.759028 0.063281 0.251389 1.000000
0 371 0.124609 0.760417 0.058594 0.251389 1.000000
0 372 0.117969 0.759028 0.053125 0.251389 1.000000
0 373 0.114844 0.759722 0.048438 0.266667 1.000000
0 374 0.110937 0.759722 0.046875 0.258333 1.000000
0 375 0.102734 0.763194 0.063281 0.262500 1.000000
0 376 0.097266 0.762500 0.075781 0.258333 1.000000
0 377 0.095703 0.763889 0.077344 0.261111 1.000000
0 378 0.095703 0.768750 0.074219 0.259722 1.000000
0 379 0.096094 0.768056 0.071875 0.258333 1.000000
0 380 0.089844 0.765972 0.075000 0.256944 1.000000
0 381 0.083984 0.767361 0.069531 0.256944 1.000000
0 382 0.076953 0.765278 0.067969 0.258333 1.000000
0 383 0.071484 0.765278 0.064844 0.258333 1.000000
0 384 0.070703 0.763889 0.067969 0.261111 1.000000
0 385 0.067969 0.763194 0.071875 0.259722 1.000000
0 386 0.067187 0.763889 0.075000 0.255556 1.000000
0 387 0.066797 0.761806 0.078906 0.256944 1.000000
0 388 0.065234 0.764583 0.080469 0.256944 1.000000
0 389 0.063672 0.763194 0.078906 0.254167 1.000000
0 390 0.060547 0.763889 0.077344 0.258333 1.000000
0 391 0.058203 0.759722 0.072656 0.250000 1.000000
0 392 0.056250 0.758333 0.067187 0.255556 1.000000
0 393 0.053516 0.757639 0.061719 0.254167 1.000000
0 394 0.051953 0.760417 0.053906 0.259722 1.000000
0 395 0.049219 0.761111 0.054688 0.258333 1.000000
0 396 0.046094 0.760417 0.056250 0.259722 1.000000
0 397 0.044141 0.761111 0.055469 0.255556 1.000000
0 398 0.044141 0.762500 0.053906 0.255556 1.000000
0 399 0.044531 0.765278 0.053125 0.263889 1.000000
0 400 0.046094 0.766667 0.053125 0.263889 1.000000
0 401 0.048828 0.765972 0.052344 0.259722 1.000000
0 402 0.050000 0.765972 0.053125 0.262500 1.000000
0 403 0.051562 0.765972 0.053125 0.259722 1.000000
0 404 0.053516 0.765278 0.055469 0.261111 1.000000
0 405 0.056641 0.766667 0.058594 0.258333 1.000000
0 406 0.058984 0.766667 0.058594 0.261111 1.000000
0 407 0.060937 0.765972 0.059375 0.259722 1.000000
0 408 0.062109 0.766667 0.057031 0.258333 1.000000
0 409 0.064844 0.768056 0.054688 0.263889 1.000000
0 410 0.067578 0.768056 0.053906 0.258333 1.000000
0 411 0.070312 0.768056 0.054688 0.258333 1.000000
0 412 0.073047 0.766667 0.055469 0.261111 1.000000
0 413 0.077344 0.767361 0.051562 0.256944 1.000000
0 414 0.079297 0.768056 0.050781 0.255556 1.000000
0 415 0.082812 0.765972 0.053125 0.256944 1.000000
0 416 0.086719 0.765278 0.053125 0.255556 1.000000
0 417 0.089844 0.765972 0.053125 0.256944 1.000000
0 418 0.095312 0.765278 0.054688 0.255556 1.000000
0 419 0.098047 0.765278 0.053906 0.255556 1.000000
0 420 0.102344 0.764583 0.054688 0.256944 1.000000
0 421 0.105859 0.763194 0.055469 0.254167 1.000000
0 422 0.109375 0.762500 0.053125 0.258333 1.000000
0 423 0.112891 0.762500 0.052344 0.258333 1.000000
0 424 0.118359 0.764583 0.050781 0.262500 1.000000
0 425 0.122266 0.758333 0.052344 0.252778 1.000000
0 426 0.128516 0.758333 0.053906 0.250000 1.000000
0 427 0.132812 0.754861 0.053125 0.240278 1.000000
0 428 0.137109 0.756944 0.057031 0.236111 1.000000
0 429 0.141797 0.760417 0.064844 0.231944 1.000000
0 430 0.150000 0.764583 0.070312 0.223611 1.000000
0 431 0.157422 0.766667 0.075781 0.225000 1.000000
0 432 0.162891 0.769444 0.085156 0.216667 1.000000
0 433 0.168750 0.770833 0.087500 0.222222 1.000000
0 434 0.178516 0.769444 0.088281 0.225000 1.000000
0 435 0.187109 0.764583 0.091406 0.215278 1.000000
0 436 0.201563 0.762500 0.081250 0.225000 1.000000
0 437 0.214453 0.756250 0.074219 0.231944 1.000000
0 438 0.227344 0.750694 0.068750 0.234722 1.000000
0 439 0.243359 0.747222 0.052344 0.236111 1.000000
0 440 0.255078 0.743056 0.047656 0.241667 1.000000
0 441 0.265625 0.743056 0.040625 0.247222 1.000000
0 442 0.274609 0.738889 0.038281 0.238889 1.000000
0 443 0.282031 0.739583 0.037500 0.240278 1.000000
0 444 0.290234 0.741667 0.036719 0.238889 1.000000
0 445 0.297656 0.744444 0.045312 0.236111 1.000000
0 446 0.310937 0.745833 0.053125 0.227778 1.000000
0 447 0.314453 0.751389 0.069531 0.236111 1.000000
0 448 0.326562 0.751389 0.082812 0.227778 1.000000
0 449 0.330469 0.750000 0.067187 0.227778 1.000000
0 450 0.335156 0.750694 0.065625 0.234722 1.000000
0 451 0.344531 0.746528 0.059375 0.231944 1.000000
0 452 0.355469 0.747222 0.054688 0.230556 1.000000
0 453 0.368750 0.745139 0.053125 0.231944 1.000000
0 454 0.383203 0.747222 0.046094 0.233333 1.000000
0 455 0.392188 0.747917 0.051562 0.231944 1.000000
0 456 0.400781 0.747222 0.057813 0.230556 1.000000
0 457 0.407813 0.750000 0.062500 0.227778 1.000000
0 458 0.415234 0.752083 0.064844 0.220833 1.000000
0 459 0.421484 0.755556 0.066406 0.219444 1.000000
0 460 0.426563 0.756944 0.064062 0.216667 1.000000
0 461 0.432031 0.754861 0.059375 0.215278 1.000000
0 462 0.438281 0.754861 0.054688 0.220833 1.000000
0 463 0.444141 0.753472 0.049219 0.218056 1.000000
0 464 0.448828 0.755556 0.044531 0.219444 1.000000
0 465 0.453125 0.754861 0.035937 0.220833 1.000000
0 466 0.454688 0.757639 0.037500 0.218056 1.000000
0 467 0.458984 0.762500 0.038281 0.219444 1.000000
0 468 0.462891 0.766667 0.033594 0.216667 1.000000
0 469 0.467969 0.766667 0.034375 0.200000 1.000000
0 470 0.474219 0.777778 0.035937 0.200000 1.000000
0 471 0.492969 0.777778 0.062500 0.188889 1.000000
0 472 0.498437 0.776389 0.075000 0.177778 1.000000
0 473 0.510156 0.777778 0.059375 0.183333 1.000000
0 474 0.519922 0.789583 0.047656 0.212500 1.000000
0 475 0.524219 0.783333 0.042188 0.205556 1.000000
0 476 0.535937 0.771528 0.046875 0.187500 1.000000
0 477 0.545312 0.774306 0.045312 0.193056 1.000000
0 478 0.553906 0.782639 0.043750 0.212500 1.000000
0 479 0.560937 0.781250 0.043750 0.206944 1.000000
0 480 0.568750 0.788889 0.046875 0.213889 1.000000
0 481 0.582422 0.796528 0.053906 0.218056 1.000000
0 482 0.594141 0.817361 0.052344 0.254167 1.000000
0 483 0.608984 0.820139 0.057031 0.254167 1.000000
0 484 0.623828 0.823611 0.066406 0.263889 1.000000
0 485 0.636719 0.822917 0.073438 0.268056 1.000000
0 486 0.646094 0.822222 0.073438 0.275000 1.000000
0 487 0.653516 0.824306 0.067969 0.273611 1.000000
0 488 0.666016 0.820139 0.061719 0.276389 1.000000
0 489 0.677734 0.815972 0.069531 0.279167 1.000000
0 490 0.683984 0.812500 0.066406 0.280556 1.000000
0 491 0.689063 0.809028 0.079687 0.279167 1.000000
0 492 0.689844 0.810417 0.073438 0.287500 1.000000
0 493 0.689453 0.804167 0.074219 0.275000 1.000000
0 494 0.696875 0.808333 0.065625 0.277778 1.000000
0 495 0.704297 0.793750 0.071094 0.293056 1.000000
0 496 0.710547 0.785417 0.080469 0.306944 1.000000
0 497 0.706250 0.786806 0.078125 0.312500 1.000000
0 498 0.708203 0.787500 0.064844 0.302778 1.000000
0 499 0.704297 0.790972 0.063281 0.279167 1.000000
0 500 0.705859 0.790972 0.067969 0.254167 1.000000
0 501 0.703516 0.771528 0.071094 0.218056 1.000000
0 502 0.699219 0.773611 0.075000 0.225000 1.000000
0 503 0.696094 0.773611 0.076563 0.213889 1.000000
0 504 0.692578 0.773611 0.074219 0.208333 1.000000
0 505 0.688281 0.772917 0.071875 0.204167 1.000000
0 506 0.684375 0.775694 0.070312 0.209722 1.000000
0 507 0.681250 0.768750 0.073438 0.206944 1.000000
0 508 0.674609 0.772222 0.074219 0.211111 1.000000
0 509 0.672266 0.768750 0.075781 0.206944 1.000000
0 510 0.668359 0.769444 0.075781 0.208333 1.000000
0 511 0.666406 0.775000 0.078125 0.213889 1.000000
0 512 0.666016 0.777083 0.080469 0.209722 1.000000
0 513 0.662109 0.766667 0.075781 0.191667 1.000000
0 514 0.663672 0.770139 0.078906 0.195833 1.000000
0 515 0.663672 0.767361 0.077344 0.190278 1.000000
0 516 0.661328 0.767361 0.078906 0.195833 1.000000
0 517 0.662891 0.765972 0.078906 0.195833 1.000000
0 518 0.662891 0.770139 0.078906 0.206944 1.000000
0 519 0.662109 0.765972 0.078906 0.206944 1.000000
0 520 0.661719 0.768750 0.079687 0.218056 1.000000
0 521 0.661719 0.768056 0.079687 0.216667 1.000000
0 522 0.661719 0.765278 0.079687 0.216667 1.000000
0 523 0.661328 0.759722 0.077344 0.208333 1.000000
0 524 0.658594 0.758333 0.082812 0.213889 1.000000
0 525 0.658203 0.759028 0.082031 0.215278 1.000000
0 526 0.657813 0.755556 0.081250 0.216667 1.000000
0 527 0.657422 0.754861 0.083594 0.218056 1.000000
0 528 0.655078 0.752083 0.085156 0.226389 1.000000
0 529 0.652734 0.745833 0.086719 0.238889 1.000000
0 530 0.648828 0.741667 0.085156 0.238889 1.000000
0 531 0.644141 0.744444 0.078906 0.244444 1.000000
0 532 0.637891 0.745833 0.074219 0.244444 1.000000
0 533 0.628125 0.745833 0.064062 0.244444 1.000000
0 534 0.620703 0.746528 0.053906 0.237500 1.000000
0 535 0.606250 0.741667 0.037500 0.244444 1.000000
0 536 0.606250 0.744444 0.039062 0.241667 1.000000
0 537 0.601172 0.743056 0.046094 0.250000 1.000000
0 538 0.593359 0.746528 0.052344 0.245833 1.000000
0 539 0.592578 0.748611 0.050781 0.236111 1.000000
0 540 0.591406 0.752778 0.054688 0.230556 1.000000
0 541 0.587891 0.757639 0.064844 0.226389 1.000000
0 542 0.584766 0.762500 0.069531 0.213889 1.000000
0 543 0.583203 0.766667 0.074219 0.205556 1.000000
0 544 0.576953 0.765278 0.086719 0.202778 1.000000
0 545 0.573438 0.760417 0.089063 0.209722 1.000000
0 546 0.570312 0.759028 0.090625 0.206944 1.000000
0 547 0.559766 0.756944 0.096094 0.205556 1.000000
0 548 0.548828 0.759028 0.092969 0.204167 1.000000
0 549 0.525781 0.759722 0.098437 0.200000 1.000000
0 550 0.502344 0.757639 0.104688 0.201389 1.000000
0 551 0.496094 0.756944 0.109375 0.202778 1.000000
0 552 0.492188 0.754861 0.115625 0.204167 1.000000
0 553 0.486719 0.750694 0.115625 0.215278 1.000000
0 554 0.483984 0.750694 0.108594 0.212500 1.000000
0 555 0.456641 0.750694 0.049219 0.220833 1.000000
0 556 0.444531 0.752778 0.054688 0.216667 1.000000
0 557 0.438281 0.752778 0.075000 0.216667 1.000000
0 558 0.422266 0.751389 0.064844 0.211111 1.000000
0 559 0.417187 0.747917 0.070312 0.223611 1.000000
0 560 0.412109 0.745833 0.075781 0.230556 1.000000
0 561 0.393750 0.744444 0.096875 0.236111 1.000000
0 562 0.383594 0.737500 0.103125 0.225000 1.000000
0 563 0.370312 0.728472 0.093750 0.204167 1.000000
0 564 0.360156 0.724306 0.071875 0.201389 1.000000
0 565 0.349219 0.722917 0.050000 0.206944 1.000000
0 566 0.335938 0.720833 0.045312 0.205556 1.000000
0 567 0.327344 0.718750 0.046875 0.206944 1.000000
0 568 0.314844 0.716667 0.056250 0.208333 1.000000
0 569 0.301172 0.715278 0.067969 0.208333 1.000000
0 570 0.291406 0.717361 0.070312 0.204167 1.000000
0 571 0.282422 0.718750 0.072656 0.198611 1.000000
0 572 0.277734 0.720139 0.064844 0.201389 1.000000
0 573 0.275781 0.721528 0.060937 0.204167 1.000000
0 574 0.272266 0.720139 0.055469 0.204167 1.000000
0 575 0.269531 0.712500 0.053125 0.219444 1.000000
0 576 0.270703 0.704861 0.050781 0.226389 1.000000
0 577 0.270703 0.688194 0.047656 0.245833 1.000000
0 578 0.271484 0.676389 0.044531 0.258333 1.000000
0 579 0.273828 0.658333 0.038281 0.286111 1.000000
0 580 0.272266 0.647917 0.038281 0.304167 1.000000
0 581 0.269922 0.644444 0.039844 0.300000 1.000000
0 582 0.267188 0.640972 0.043750 0.293056 1.000000
0 583 0.265234 0.645833 0.047656 0.288889 1.000000
0 584 0.262891 0.650000 0.052344 0.277778 1.000000
0 585 0.260156 0.649306 0.060937 0.290278 1.000000
0 586 0.260156 0.661806 0.070312 0.273611 1.000000
0 587 0.258203 0.675000 0.083594 0.272222 1.000000
0 588 0.259375 0.698611 0.092188 0.252778 1.000000
0 589 0.260156 0.715972 0.098437 0.259722 1.000000
0 590 0.264453 0.731250 0.096094 0.251389 1.000000
0 591 0.266016 0.738889 0.097656 0.236111 1.000000
0 592 0.262500 0.745139 0.095312 0.231944 1.000000
0 593 0.258984 0.749306 0.091406 0.220833 1.000000
0 594 0.258203 0.754861 0.078906 0.215278 1.000000
0 595 0.257031 0.759722 0.075000 0.216667 1.000000
0 596 0.255469 0.761111 0.070312 0.213889 1.000000
0 597 0.254688 0.759722 0.075000 0.216667 1.000000
0 598 0.255078 0.756944 0.075781 0.211111 1.000000
0 599 0.256250 0.754861 0.076563 0.220833 1.000000
0 600 0.256250 0.755556 0.073438 0.225000 1.000000
0 601 0.260547 0.752083 0.074219 0.231944 1.000000
0 602 0.266406 0.750000 0.065625 0.233333 1.000000
0 603 0.267578 0.745833 0.064844 0.238889 1.000000
0 604 0.273828 0.743750 0.061719 0.240278 1.000000
0 605 0.278125 0.747222 0.060937 0.252778 1.000000
0 606 0.281641 0.745833 0.058594 0.247222 1.000000
0 607 0.286328 0.746528 0.052344 0.245833 1.000000
0 608 0.289453 0.747222 0.046094 0.236111 1.000000
0 609 0.295703 0.757639 0.047656 0.243056 1.000000
0 610 0.301953 0.790972 0.053906 0.290278 1.000000
0 611 0.308203 0.797222 0.057031 0.280556 1.000000
0 612 0.313672 0.804861 0.060156 0.276389 1.000000
0 613 0.316406 0.805556 0.065625 0.277778 1.000000
0 614 0.316797 0.804167 0.066406 0.277778 1.000000
0 615 0.321875 0.803472 0.075000 0.281944 1.000000
0 616 0.337500 0.779167 0.062500 0.238889 1.000000
0 617 0.342969 0.773611 0.070312 0.225000 1.000000
0 618 0.343750 0.767361 0.078125 0.223611 1.000000
0 619 0.344531 0.788194 0.081250 0.287500 1.000000
0 620 0.345313 0.781944 0.079687 0.294444 1.000000
0 621 0.346094 0.781250 0.076563 0.298611 1.000000
0 622 0.346875 0.754861 0.079687 0.265278 1.000000
0 623 0.348828 0.750694 0.077344 0.256944 1.000000
0 624 0.351562 0.758333 0.067187 0.266667 1.000000
0 625 0.359375 0.752778 0.054688 0.250000 1.000000
0 626 0.365625 0.752778 0.060937 0.238889 1.000000
0 627 0.368359 0.747917 0.071094 0.229167 1.000000
0 628 0.371094 0.751389 0.079687 0.236111 1.000000
0 629 0.372656 0.745139 0.089063 0.237500 1.000000
0 630 0.376953 0.743750 0.099219 0.243056 1.000000
0 631 0.380469 0.738889 0.101562 0.244444 1.000000
0 632 0.390234 0.736111 0.097656 0.238889 1.000000
0 633 0.403516 0.734722 0.091406 0.236111 1.000000
0 634 0.417187 0.734028 0.084375 0.234722 1.000000
0 635 0.442188 0.730556 0.101562 0.233333 1.000000
0 636 0.444141 0.722917 0.100781 0.231944 1.000000
0 637 0.447266 0.718750 0.105469 0.245833 1.000000
0 638 0.452344 0.708333 0.107813 0.244444 1.000000
0 639 0.459766 0.702778 0.103906 0.244444 1.000000
0 640 0.466797 0.702778 0.086719 0.250000 1.000000
0 641 0.474219 0.699306 0.071875 0.251389 1.000000
0 642 0.480859 0.694444 0.063281 0.250000 1.000000
0 643 0.488281 0.687500 0.051562 0.250000 1.000000
0 644 0.494922 0.684028 0.055469 0.251389 1.000000
0 645 0.507422 0.681944 0.072656 0.244444 1.000000
0 646 0.514844 0.675000 0.078125 0.238889 1.000000
0 647 0.516797 0.672222 0.077344 0.236111 1.000000
0 648 0.514844 0.673611 0.075000 0.238889 1.000000
0 649 0.503125 0.672222 0.068750 0.227778 1.000000
0 650 0.496094 0.669444 0.062500 0.216667 1.000000
0 651 0.488281 0.664583 0.060937 0.215278 1.000000
0 652 0.484766 0.662500 0.064844 0.208333 1.000000
0 653 0.476953 0.659028 0.063281 0.204167 1.000000
0 654 0.470313 0.661111 0.060937 0.211111 1.000000
0 655 0.459375 0.659028 0.056250 0.212500 1.000000
0 656 0.451562 0.659028 0.051562 0.220833 1.000000
0 657 0.442578 0.658333 0.052344 0.230556 1.000000
0 658 0.436719 0.657639 0.054688 0.240278 1.000000
0 659 0.426953 0.655556 0.052344 0.241667 1.000000
0 660 0.421875 0.650000 0.051562 0.244444 1.000000
0 661 0.411328 0.644444 0.049219 0.247222 1.000000
0 662 0.401953 0.639583 0.055469 0.243056 1.000000
0 663 0.394141 0.634028 0.058594 0.245833 1.000000
0 664 0.389453 0.631250 0.055469 0.243056 1.000000
0 665 0.384766 0.631250 0.055469 0.237500 1.000000
0 666 0.376563 0.630556 0.057813 0.236111 1.000000
0 667 0.371875 0.631250 0.067187 0.231944 1.000000
0 668 0.370312 0.630556 0.065625 0.225000 1.000000
0 669 0.367188 0.629167 0.062500 0.216667 1.000000
0 670 0.355469 0.627778 0.070312 0.211111 1.000000
0 671 0.346484 0.623611 0.075781 0.216667 1.000000
0 672 0.340625 0.614583 0.081250 0.209722 1.000000
0 673 0.339062 0.597917 0.081250 0.190278 1.000000
0 674 0.333594 0.607639 0.095312 0.218056 1.000000
0 675 0.337500 0.603472 0.106250 0.218056 1.000000
0 676 0.337500 0.597917 0.101562 0.215278 1.000000
0 677 0.334375 0.592361 0.087500 0.212500 1.000000
0 678 0.324219 0.586111 0.093750 0.213889 1.000000
0 679 0.319531 0.579861 0.095312 0.215278 1.000000
0 680 0.307031 0.577083 0.103125 0.220833 1.000000
0 681 0.317188 0.570139 0.050000 0.215278 1.000000
0 682 0.281641 0.568750 0.085156 0.212500 1.000000
0 683 0.278125 0.567361 0.078125 0.209722 1.000000
0 684 0.274219 0.563889 0.067187 0.205556 1.000000
0 685 0.274609 0.561111 0.067969 0.208333 1.000000
0 686 0.263281 0.547917 0.078125 0.193056 1.000000
0 687 0.250000 0.548611 0.081250 0.211111 1.000000
0 688 0.243750 0.538889 0.085938 0.205556 1.000000
0 689 0.240234 0.531944 0.083594 0.200000 1.000000
0 690 0.239844 0.525000 0.078125 0.194444 1.000000
0 691 0.239844 0.528472 0.065625 0.204167 1.000000
0 692 0.243359 0.527778 0.053906 0.208333 1.000000
0 693 0.241797 0.522222 0.053906 0.211111 1.000000
0 694 0.235937 0.517361 0.062500 0.215278 1.000000
0 695 0.230859 0.513194 0.067969 0.215278 1.000000
0 696 0.229297 0.507639 0.078906 0.204167 1.000000
0 697 0.229297 0.510417 0.080469 0.212500 1.000000
0 698 0.225391 0.510417 0.074219 0.206944 1.000000
0 699 0.221875 0.512500 0.057813 0.205556 1.000000
0 700 0.226172 0.513889 0.049219 0.202778 1.000000
0 701 0.228516 0.513889 0.066406 0.205556 1.000000
0 702 0.219531 0.512500 0.068750 0.213889 1.000000
0 703 0.211719 0.514583 0.064062 0.218056 1.000000
0 704 0.209375 0.507639 0.073438 0.204167 1.000000
0 705 0.207813 0.506250 0.073438 0.201389 1.000000
0 706 0.202344 0.510417 0.062500 0.204167 1.000000
0 707 0.200391 0.511111 0.044531 0.202778 1.000000
0 708 0.203906 0.515278 0.035937 0.205556 1.000000
0 709 0.201172 0.514583 0.047656 0.204167 1.000000
0 710 0.196875 0.514583 0.060937 0.206944 1.000000
0 711 0.198828 0.511111 0.061719 0.211111 1.000000
0 712 0.200000 0.508333 0.073438 0.202778 1.000000
0 713 0.200781 0.507639 0.075000 0.193056 1.000000
0 714 0.200781 0.512500 0.065625 0.194444 1.000000
0 715 0.200391 0.512500 0.052344 0.194444 1.000000
0 716 0.214062 0.514583 0.053125 0.193056 1.000000
0 717 0.214453 0.514583 0.053906 0.198611 1.000000
0 718 0.209766 0.513889 0.055469 0.202778 1.000000
0 719 0.208203 0.509028 0.057031 0.198611 1.000000
0 720 0.212891 0.506944 0.067969 0.194444 1.000000
0 721 0.213281 0.504167 0.067187 0.188889 1.000000
0 722 0.214453 0.508333 0.057031 0.188889 1.000000
0 723 0.214844 0.511111 0.040625 0.186111 1.000000
0 724 0.222656 0.510417 0.031250 0.193056 1.000000
0 725 0.226172 0.508333 0.033594 0.197222 1.000000
0 726 0.225391 0.504861 0.046094 0.201389 1.000000
0 727 0.226562 0.499306 0.051562 0.204167 1.000000
0 728 0.231250 0.494444 0.062500 0.191667 1.000000
0 729 0.234375 0.492361 0.062500 0.187500 1.000000
0 730 0.236328 0.492361 0.052344 0.181944 1.000000
0 731 0.245703 0.495833 0.055469 0.186111 1.000000
0 732 0.255469 0.496528 0.053125 0.184722 1.000000
0 733 0.263672 0.495139 0.046094 0.193056 1.000000
0 734 0.266406 0.490972 0.043750 0.198611 1.000000
0 735 0.268750 0.488889 0.043750 0.200000 1.000000
0 736 0.273047 0.484028 0.047656 0.187500 1.000000
0 737 0.281250 0.480556 0.054688 0.183333 1.000000
0 738 0.285938 0.480556 0.051562 0.177778 1.000000
0 739 0.289453 0.481944 0.039844 0.177778 1.000000
0 740 0.302344 0.484028 0.031250 0.181944 1.000000
0 741 0.304688 0.481944 0.031250 0.186111 1.000000
0 742 0.307031 0.481944 0.039062 0.191667 1.000000
0 743 0.308203 0.480556 0.044531 0.191667 1.000000
0 744 0.310547 0.479167 0.052344 0.186111 1.000000
0 745 0.312891 0.477083 0.058594 0.176389 1.000000
0 746 0.314063 0.479167 0.053125 0.175000 1.000000
0 747 0.316406 0.484028 0.046875 0.173611 1.000000
0 748 0.319531 0.486806 0.039062 0.176389 1.000000
0 749 0.327734 0.486111 0.035156 0.177778 1.000000
0 750 0.326953 0.486806 0.035156 0.181944 1.000000
0 751 0.326562 0.486806 0.035937 0.187500 1.000000
0 752 0.327344 0.486806 0.040625 0.190278 1.000000
0 753 0.329688 0.488194 0.046875 0.184722 1.000000
0 754 0.331641 0.491667 0.044531 0.177778 1.000000
0 755 0.331641 0.492361 0.036719 0.179167 1.000000
0 756 0.334375 0.495139 0.031250 0.176389 1.000000
0 757 0.337109 0.494444 0.027344 0.177778 1.000000
0 758 0.339062 0.496528 0.035937 0.184722 1.000000
0 759 0.339453 0.497917 0.038281 0.187500 1.000000
0 760 0.342578 0.501389 0.049219 0.188889 1.000000
0 761 0.344531 0.502778 0.053125 0.183333 1.000000
0 762 0.346875 0.506944 0.056250 0.177778 1.000000
0 763 0.346484 0.513194 0.046094 0.176389 1.000000
0 764 0.348828 0.518056 0.038281 0.180556 1.000000
0 765 0.352734 0.522222 0.032031 0.180556 1.000000
0 766 0.358984 0.522917 0.028906 0.187500 1.000000
0 767 0.360156 0.528472 0.028125 0.190278 1.000000
0 768 0.362891 0.533333 0.032031 0.194444 1.000000
0 769 0.368750 0.530556 0.039062 0.194444 1.000000
0 770 0.371875 0.538194 0.042188 0.187500 1.000000
0 771 0.373437 0.543750 0.037500 0.187500 1.000000
0 772 0.374219 0.550694 0.032813 0.187500 1.000000
0 773 0.378125 0.552083 0.029687 0.190278 1.000000
0 774 0.382031 0.554167 0.031250 0.188889 1.000000
0 775 0.383984 0.555556 0.032031 0.191667 1.000000
0 776 0.389062 0.556250 0.039062 0.198611 1.000000
0 777 0.389844 0.559028 0.043750 0.198611 1.000000
0 778 0.389844 0.561806 0.046875 0.198611 1.000000
0 779 0.389062 0.564583 0.043750 0.195833 1.000000
0 780 0.389062 0.563194 0.039062 0.193056 1.000000
0 781 0.389062 0.562500 0.034375 0.194444 1.000000
0 782 0.389453 0.561111 0.028906 0.197222 1.000000
0 783 0.389453 0.559028 0.025781 0.201389 1.000000
0 784 0.387891 0.558333 0.025781 0.208333 1.000000
0 785 0.387109 0.557639 0.024219 0.209722 1.000000
0 786 0.388672 0.559028 0.025781 0.215278 1.000000
0 787 0.389062 0.556250 0.025000 0.209722 1.000000
0 788 0.387500 0.557639 0.028125 0.212500 1.000000
0 789 0.387109 0.556944 0.030469 0.213889 1.000000
0 790 0.386328 0.558333 0.030469 0.213889 1.000000
0 791 0.385937 0.554167 0.028125 0.213889 1.000000
0 792 0.386719 0.550000 0.026562 0.211111 1.000000
0 793 0.387500 0.548611 0.025000 0.208333 1.000000
0 794 0.389844 0.543750 0.025000 0.209722 1.000000
0 795 0.389453 0.538889 0.028906 0.213889 1.000000
0 796 0.389453 0.537500 0.028906 0.205556 1.000000
0 797 0.392578 0.538194 0.038281 0.204167 1.000000
0 798 0.394141 0.541667 0.036719 0.200000 1.000000
0 799 0.394141 0.543056 0.041406 0.194444 1.000000
0 800 0.394922 0.543750 0.039844 0.193056 1.000000
0 801 0.394922 0.542361 0.042969 0.195833 1.000000
0 802 0.394531 0.543056 0.040625 0.197222 1.000000
0 803 0.394531 0.540278 0.037500 0.200000 1.000000
0 804 0.395703 0.541667 0.038281 0.197222 1.000000
0 805 0.395313 0.542361 0.035937 0.195833 1.000000
0 806 0.397656 0.542361 0.039062 0.198611 1.000000
0 807 0.397656 0.538194 0.037500 0.204167 1.000000
0 808 0.398438 0.543056 0.034375 0.200000 1.000000
0 809 0.399219 0.540278 0.035937 0.202778 1.000000
0 810 0.399609 0.540972 0.036719 0.204167 1.000000
0 811 0.401172 0.539583 0.039844 0.201389 1.000000
0 812 0.401953 0.540278 0.038281 0.202778 1.000000
0 813 0.404297 0.540972 0.038281 0.201389 1.000000
0 814 0.404297 0.538194 0.039844 0.204167 1.000000
0 815 0.407031 0.539583 0.042188 0.198611 1.000000
0 816 0.408203 0.534028 0.042969 0.206944 1.000000
0 817 0.408594 0.536111 0.040625 0.205556 1.000000
0 818 0.408984 0.538194 0.041406 0.201389 1.000000
0 819 0.409375 0.534028 0.040625 0.204167 1.000000
0 820 0.408984 0.533333 0.039844 0.202778 1.000000
0 821 0.408594 0.535417 0.040625 0.204167 1.000000
0 822 0.408203 0.534722 0.039844 0.208333 1.000000
0 823 0.407813 0.538194 0.035937 0.201389 1.000000
0 824 0.407813 0.534722 0.037500 0.208333 1.000000
0 825 0.407031 0.534722 0.039062 0.205556 1.000000
