0 618 0.013802 0.415278 0.027604 0.189815 1.000000
0 619 0.016667 0.408796 0.033333 0.200926 1.000000
0 620 0.021094 0.405093 0.042188 0.210185 1.000000
0 621 0.024740 0.401389 0.049479 0.213889 1.000000
0 622 0.026823 0.400463 0.053646 0.217593 1.000000
0 623 0.027344 0.399074 0.054688 0.220370 1.000000
0 624 0.026562 0.398148 0.053125 0.222222 1.000000
0 625 0.025000 0.398611 0.050000 0.221296 1.000000
0 626 0.031510 0.396759 0.044271 0.225000 1.000000
0 627 0.044792 0.397222 0.056250 0.224074 1.000000
0 628 0.054688 0.400926 0.081250 0.216667 1.000000
0 629 0.056250 0.400463 0.086458 0.217593 1.000000
0 630 0.058594 0.400463 0.088021 0.217593 1.000000
0 631 0.060937 0.399074 0.083333 0.218519 1.000000
0 632 0.067187 0.398148 0.085417 0.218519 1.000000
0 633 0.080990 0.394907 0.066146 0.217593 1.000000
0 634 0.090365 0.393519 0.051562 0.214815 1.000000
0 635 0.092448 0.397222 0.040104 0.218519 1.000000
0 636 0.097917 0.399537 0.045833 0.219444 1.000000
0 637 0.111719 0.397685 0.058854 0.221296 1.000000
0 638 0.123177 0.401389 0.078646 0.212037 1.000000
0 639 0.125521 0.402315 0.082292 0.213889 1.000000
0 640 0.125521 0.402315 0.082292 0.215741 1.000000
0 641 0.131250 0.402315 0.081250 0.217593 1.000000
0 642 0.137500 0.400000 0.075000 0.220370 1.000000
0 643 0.146615 0.396759 0.059896 0.225000 1.000000
0 644 0.154948 0.397685 0.042188 0.226852 1.000000
0 645 0.161979 0.397685 0.041667 0.226852 1.000000
0 646 0.174219 0.398148 0.051562 0.225926 1.000000
0 647 0.183333 0.400000 0.067708 0.222222 1.000000
0 648 0.188802 0.401389 0.078646 0.219444 1.000000
0 649 0.190365 0.400926 0.077604 0.220370 1.000000
0 650 0.196354 0.400926 0.082292 0.220370 1.000000
0 651 0.198177 0.401389 0.077604 0.219444 1.000000
0 652 0.202083 0.397685 0.070833 0.215741 1.000000
0 653 0.215885 0.396296 0.049479 0.218519 1.000000
0 654 0.220573 0.396296 0.038021 0.220370 1.000000
0 655 0.223438 0.397222 0.037500 0.224074 1.000000
0 656 0.232813 0.400463 0.043750 0.219444 1.000000
0 657 0.242188 0.402778 0.062500 0.214815 1.000000
0 658 0.251563 0.403241 0.081250 0.212037 1.000000
0 659 0.255208 0.401852 0.080208 0.216667 1.000000
0 660 0.259896 0.398611 0.079167 0.221296 1.000000
0 661 0.265885 0.398148 0.076563 0.224074 1.000000
0 662 0.272656 0.399074 0.072396 0.220370 1.000000
0 663 0.282292 0.399074 0.051042 0.224074 1.000000
0 664 0.286719 0.397685 0.038021 0.225000 1.000000
0 665 0.294531 0.398611 0.054688 0.223148 1.000000
0 666 0.306771 0.396759 0.057292 0.226852 1.000000
0 667 0.313281 0.400463 0.072396 0.219444 1.000000
0 668 0.320312 0.402315 0.084375 0.215741 1.000000
0 669 0.322135 0.400463 0.078646 0.215741 1.000000
0 670 0.324219 0.400463 0.073438 0.215741 1.000000
0 671 0.334375 0.400000 0.072917 0.214815 1.000000
0 672 0.339844 0.397685 0.052604 0.217593 1.000000
0 673 0.351302 0.398611 0.045312 0.223148 1.000000
0 674 0.353385 0.399074 0.044271 0.224074 1.000000
0 675 0.368750 0.398148 0.057292 0.220370 1.000000
0 676 0.375781 0.397685 0.065104 0.213889 1.000000
0 677 0.380990 0.398611 0.075521 0.213889 1.000000
0 678 0.381510 0.398611 0.073438 0.215741 1.000000
0 679 0.384375 0.398611 0.069792 0.213889 1.000000
0 680 0.387760 0.398148 0.061979 0.216667 1.000000
0 681 0.389062 0.398148 0.059375 0.216667 1.000000
0 682 0.397396 0.398611 0.062500 0.221296 1.000000
0 683 0.408073 0.397685 0.046354 0.219444 1.000000
0 684 0.423177 0.397222 0.044271 0.220370 1.000000
0 685 0.425521 0.398148 0.050000 0.218519 1.000000
0 686 0.428385 0.398148 0.056771 0.216667 1.000000
0 687 0.432292 0.396759 0.063542 0.215741 1.000000
0 688 0.437500 0.392593 0.061458 0.211111 1.000000
0 689 0.444792 0.394907 0.060417 0.217593 1.000000
0 690 0.447396 0.393056 0.047917 0.217593 1.000000
0 691 0.459635 0.393519 0.056771 0.222222 1.000000
0 692 0.461979 0.395370 0.054167 0.227778 1.000000
0 693 0.472396 0.396296 0.065625 0.222222 1.000000
0 694 0.477344 0.395833 0.061979 0.217593 1.000000
0 695 0.479948 0.398611 0.070312 0.225000 1.000000
0 696 0.481510 0.400000 0.068229 0.224074 1.000000
0 697 0.484896 0.399074 0.062500 0.224074 1.000000
0 698 0.495573 0.398611 0.040104 0.226852 1.000000
0 699 0.495833 0.397222 0.038542 0.227778 1.000000
0 700 0.499740 0.396296 0.039062 0.231481 1.000000
0 701 0.502344 0.395370 0.035937 0.233333 1.000000
0 702 0.509115 0.396759 0.049479 0.232407 1.000000
0 703 0.526302 0.398611 0.059896 0.226852 1.000000
0 704 0.528385 0.400463 0.064062 0.225000 1.000000
0 705 0.528125 0.399537 0.063542 0.223148 1.000000
0 706 0.531510 0.400463 0.057813 0.223148 1.000000
0 707 0.532813 0.399537 0.054167 0.225000 1.000000
0 708 0.542969 0.390741 0.034896 0.214815 1.000000
0 709 0.550781 0.390278 0.032813 0.219444 1.000000
0 710 0.555729 0.391204 0.036458 0.221296 1.000000
0 711 0.563281 0.389352 0.042188 0.219444 1.000000
0 712 0.572135 0.389815 0.054688 0.218519 1.000000
0 713 0.579688 0.390741 0.067708 0.218519 1.000000
0 714 0.580990 0.390278 0.069271 0.219444 1.000000
0 715 0.582031 0.388426 0.067187 0.215741 1.000000
0 716 0.582812 0.390278 0.065625 0.223148 1.000000
0 717 0.585938 0.387037 0.061458 0.216667 1.000000
0 718 0.594792 0.387037 0.041667 0.216667 1.000000
0 719 0.598177 0.386574 0.044271 0.217593 1.000000
0 720 0.599479 0.385185 0.043750 0.216667 1.000000
0 721 0.603906 0.385185 0.049479 0.216667 1.000000
0 722 0.607031 0.385648 0.053646 0.215741 1.000000
0 723 0.613542 0.387500 0.058333 0.210185 1.000000
0 724 0.614323 0.389352 0.056771 0.204630 1.000000
0 725 0.624479 0.390741 0.073958 0.196296 1.000000
0 726 0.625781 0.394907 0.074479 0.195370 1.000000
0 727 0.627344 0.396296 0.073438 0.188889 1.000000
0 728 0.629687 0.403241 0.076042 0.180556 1.000000
0 729 0.632292 0.406944 0.077083 0.173148 1.000000
0 730 0.632552 0.408333 0.075521 0.172222 1.000000
0 731 0.633854 0.408796 0.072917 0.169444 1.000000
0 732 0.636719 0.410185 0.073438 0.168519 1.000000
0 733 0.642448 0.417130 0.071354 0.154630 1.000000
0 734 0.645833 0.415741 0.068750 0.137037 1.000000
0 735 0.648698 0.422685 0.068229 0.119444 1.000000
0 736 0.651042 0.425000 0.067708 0.112963 1.000000
0 737 0.654427 0.423611 0.061979 0.108333 1.000000
0 738 0.659115 0.423148 0.072396 0.120370 1.000000
0 739 0.658854 0.426852 0.071875 0.124074 1.000000
0 740 0.668750 0.428241 0.087500 0.130556 1.000000
0 741 0.660937 0.429167 0.083333 0.134259 1.000000
0 742 0.658854 0.431019 0.082292 0.130556 1.000000
0 743 0.660937 0.428704 0.082292 0.135185 1.000000
0 744 0.660156 0.429167 0.081771 0.134259 1.000000
0 745 0.661458 0.428241 0.086458 0.134259 1.000000
0 746 0.661719 0.429167 0.086979 0.132407 1.000000
0 747 0.664062 0.430093 0.080208 0.132407 1.000000
0 748 0.663021 0.431944 0.086458 0.130556 1.000000
0 749 0.661719 0.429630 0.084896 0.133333 1.000000
0 750 0.662240 0.431019 0.084896 0.130556 1.000000
0 751 0.663802 0.432407 0.088021 0.129630 1.000000
0 752 0.663021 0.433333 0.088542 0.127778 1.000000
0 753 0.664323 0.433333 0.089063 0.127778 1.000000
0 754 0.664062 0.432407 0.090625 0.127778 1.000000
0 755 0.663802 0.432870 0.088021 0.126852 1.000000
0 756 0.664062 0.432870 0.088542 0.128704 1.000000
0 757 0.664844 0.432870 0.091146 0.128704 1.000000
0 758 0.664062 0.433333 0.090625 0.127778 1.000000
0 759 0.664062 0.432407 0.089583 0.127778 1.000000
0 760 0.664323 0.432870 0.090104 0.126852 1.000000
0 761 0.663281 0.432407 0.085938 0.129630 1.000000
0 762 0.664062 0.432870 0.088542 0.126852 1.000000
0 763 0.663542 0.432407 0.089583 0.127778 1.000000
0 764 0.664844 0.433333 0.092188 0.125926 1.000000
0 765 0.665625 0.432870 0.092708 0.125000 1.000000
0 766 0.665885 0.434259 0.093229 0.124074 1.000000
0 767 0.666406 0.434722 0.093229 0.126852 1.000000
0 768 0.666667 0.433796 0.093750 0.125000 1.000000
0 769 0.666927 0.435185 0.094271 0.125926 1.000000
0 770 0.666667 0.433796 0.093750 0.126852 1.000000
0 771 0.666406 0.432870 0.093229 0.126852 1.000000
0 772 0.666406 0.432870 0.093229 0.126852 1.000000
0 773 0.666146 0.434722 0.092708 0.126852 1.000000
0 774 0.666667 0.434259 0.091667 0.127778 1.000000
0 775 0.666146 0.433796 0.089583 0.126852 1.000000
0 776 0.665104 0.432407 0.090625 0.125926 1.000000
0 777 0.665625 0.431019 0.091667 0.126852 1.000000
0 778 0.664844 0.433333 0.090104 0.129630 1.000000
0 779 0.664583 0.432870 0.089583 0.128704 1.000000
0 780 0.664583 0.432407 0.089583 0.127778 1.000000
0 781 0.665104 0.432407 0.090625 0.127778 1.000000
0 782 0.665365 0.432407 0.091146 0.127778 1.000000
0 783 0.665625 0.432870 0.091667 0.128704 1.000000
0 784 0.665885 0.431481 0.092188 0.127778 1.000000
0 785 0.665885 0.431481 0.092188 0.127778 1.000000
0 786 0.666406 0.432407 0.092188 0.129630 1.000000
0 787 0.666406 0.432407 0.092188 0.127778 1.000000
0 788 0.666146 0.432870 0.092708 0.128704 1.000000
0 789 0.666146 0.433333 0.092708 0.129630 1.000000
0 790 0.666406 0.433796 0.093229 0.128704 1.000000
0 791 0.666406 0.432870 0.093229 0.128704 1.000000
0 792 0.666406 0.432870 0.093229 0.128704 1.000000
0 793 0.665885 0.434259 0.095312 0.129630 1.000000
0 794 0.667708 0.432870 0.094792 0.126852 1.000000
0 795 0.667708 0.432870 0.092708 0.128704 1.000000
0 796 0.666927 0.432407 0.092188 0.131481 1.000000
0 797 0.665885 0.431481 0.091146 0.129630 1.000000
0 798 0.665885 0.431944 0.091146 0.130556 1.000000
0 799 0.665885 0.430556 0.092188 0.129630 1.000000
0 800 0.665625 0.430556 0.092708 0.129630 1.000000
0 801 0.666406 0.430093 0.091146 0.128704 1.000000
0 802 0.666667 0.430093 0.090625 0.128704 1.000000
0 803 0.666146 0.429630 0.091667 0.127778 1.000000
0 804 0.665885 0.430093 0.092188 0.130556 1.000000
0 805 0.665625 0.430093 0.093750 0.130556 1.000000
0 806 0.664844 0.430093 0.094271 0.130556 1.000000
0 807 0.664844 0.431481 0.093229 0.133333 1.000000
0 808 0.665365 0.432407 0.095312 0.127778 1.000000
0 809 0.664062 0.433796 0.090625 0.128704 1.000000
0 810 0.665104 0.433333 0.094792 0.129630 1.000000
0 811 0.666146 0.433333 0.093750 0.129630 1.000000
0 812 0.665625 0.431944 0.093750 0.126852 1.000000
0 813 0.665365 0.431019 0.094271 0.125000 1.000000
0 814 0.665104 0.431481 0.091667 0.125926 1.000000
0 815 0.663802 0.429630 0.091146 0.125926 1.000000
0 816 0.664323 0.427315 0.091146 0.119444 1.000000
0 817 0.665104 0.432407 0.091667 0.127778 1.000000
0 818 0.665625 0.432870 0.091667 0.125000 1.000000
0 819 0.666927 0.433333 0.095312 0.125926 1.000000
0 820 0.666406 0.432870 0.096354 0.125000 1.000000
0 821 0.667708 0.433796 0.095833 0.125000 1.000000
0 822 0.668229 0.433333 0.096875 0.125926 1.000000
0 823 0.666927 0.431481 0.095312 0.125926 1.000000
0 824 0.666667 0.432870 0.095833 0.126852 1.000000
0 825 0.666406 0.429167 0.096354 0.121296 1.000000
0 826 0.666927 0.431481 0.096354 0.125926 1.000000
0 827 0.666667 0.429167 0.095833 0.126852 1.000000
0 828 0.667188 0.428241 0.095833 0.130556 1.000000
0 829 0.667188 0.423611 0.094792 0.126852 1.000000
0 830 0.667188 0.421296 0.096875 0.129630 1.000000
0 831 0.667448 0.419444 0.097396 0.133333 1.000000
0 832 0.667448 0.418519 0.097396 0.135185 1.000000
0 833 0.665365 0.418981 0.098437 0.134259 1.000000
0 834 0.666146 0.420833 0.097917 0.130556 1.000000
0 835 0.666927 0.421759 0.099479 0.128704 1.000000
0 836 0.666927 0.422685 0.100521 0.126852 1.000000
0 837 0.666927 0.422685 0.101562 0.125000 1.000000
0 838 0.667708 0.424537 0.103125 0.125000 1.000000
0 839 0.668750 0.423148 0.104167 0.124074 1.000000
0 840 0.668229 0.423611 0.103125 0.125000 1.000000
0 841 0.667188 0.423148 0.102083 0.125926 1.000000
0 842 0.667448 0.423611 0.102604 0.126852 1.000000
0 843 0.666146 0.423148 0.100000 0.125926 1.000000
0 844 0.661719 0.423611 0.107813 0.125000 1.000000
0 845 0.658854 0.425000 0.111458 0.125926 1.000000
0 846 0.657552 0.425463 0.114062 0.126852 1.000000
0 847 0.657031 0.427315 0.115104 0.128704 1.000000
0 848 0.657031 0.427315 0.116146 0.125000 1.000000
0 849 0.656771 0.429630 0.114583 0.129630 1.000000
0 850 0.657292 0.430556 0.114583 0.129630 1.000000
0 851 0.656771 0.430093 0.111458 0.132407 1.000000
0 852 0.654167 0.429167 0.104167 0.136111 1.000000
0 853 0.645573 0.427778 0.086979 0.137037 1.000000
0 854 0.644271 0.432870 0.086458 0.126852 1.000000
0 855 0.643490 0.437963 0.086979 0.116667 1.000000
0 856 0.642188 0.443981 0.087500 0.104630 1.000000
0 857 0.641667 0.452778 0.087500 0.087037 1.000000
0 858 0.641146 0.462037 0.087500 0.068519 1.000000
0 859 0.640104 0.467130 0.087500 0.062037 1.000000
0 860 0.640885 0.467130 0.086979 0.060185 1.000000
0 861 0.640625 0.466667 0.085417 0.061111 1.000000
0 862 0.640885 0.465741 0.086979 0.062963 1.000000
0 863 0.640885 0.462963 0.086979 0.066667 1.000000
0 864 0.641406 0.456019 0.086979 0.076852 1.000000
0 865 0.641406 0.453241 0.086979 0.084259 1.000000
0 866 0.641406 0.448148 0.086979 0.098148 1.000000
0 867 0.641927 0.439352 0.088021 0.112037 1.000000
0 868 0.642188 0.431944 0.087500 0.128704 1.000000
0 869 0.642969 0.420370 0.088021 0.153704 1.000000
0 870 0.643490 0.412963 0.088021 0.166667 1.000000
0 871 0.646354 0.407870 0.092708 0.176852 1.000000
0 872 0.647917 0.408796 0.096875 0.175000 1.000000
0 873 0.655990 0.412963 0.111979 0.168519 1.000000
0 874 0.668490 0.418519 0.134896 0.155556 1.000000
0 875 0.671354 0.426389 0.139583 0.137963 1.000000
0 876 0.671094 0.434722 0.138021 0.125000 1.000000
0 877 0.669531 0.437963 0.133854 0.116667 1.000000
0 878 0.668229 0.439815 0.130208 0.111111 1.000000
0 879 0.670052 0.443519 0.132812 0.107407 1.000000
0 880 0.671094 0.446759 0.133854 0.106481 1.000000
0 881 0.672917 0.447222 0.135417 0.101852 1.000000
0 882 0.674479 0.448148 0.137500 0.101852 1.000000
0 883 0.676042 0.449537 0.139583 0.106481 1.000000
0 884 0.679167 0.448148 0.145833 0.114815 1.000000
0 885 0.680729 0.447685 0.150000 0.112037 1.000000
0 886 0.682031 0.449537 0.151562 0.110185 1.000000
0 887 0.682292 0.452315 0.156250 0.106481 1.000000
0 888 0.683854 0.456481 0.159375 0.096296 1.000000
0 889 0.686458 0.464815 0.160417 0.092593 1.000000
0 890 0.686458 0.464352 0.162500 0.093519 1.000000
0 891 0.687760 0.464352 0.165104 0.093519 1.000000
0 892 0.689323 0.464815 0.167187 0.092593 1.000000
0 893 0.689844 0.464815 0.169271 0.090741 1.000000
0 894 0.690104 0.464815 0.169792 0.090741 1.000000
0 895 0.690625 0.465278 0.170833 0.089815 1.000000
0 896 0.690625 0.465741 0.171875 0.088889 1.000000
0 897 0.690625 0.466204 0.172917 0.087963 1.000000
0 898 0.690625 0.466204 0.172917 0.087963 1.000000
0 899 0.690625 0.466667 0.172917 0.087037 1.000000
0 900 0.690885 0.466667 0.173437 0.087037 1.000000
0 901 0.690885 0.468056 0.172396 0.084259 1.000000
0 902 0.690885 0.468981 0.171354 0.082407 1.000000
0 903 0.689844 0.469444 0.169271 0.083333 1.000000
0 904 0.691146 0.468519 0.166667 0.085185 1.000000
0 905 0.688021 0.466667 0.157292 0.087037 1.000000
0 906 0.686719 0.466204 0.150521 0.089815 1.000000
0 907 0.685677 0.465278 0.143229 0.093519 1.000000
0 908 0.682813 0.461574 0.132292 0.099074 1.000000
0 909 0.682031 0.450000 0.113021 0.120370 1.000000
0 910 0.682292 0.443519 0.104167 0.133333 1.000000
0 911 0.685156 0.439352 0.099479 0.143519 1.000000
0 912 0.686979 0.438889 0.095833 0.144444 1.000000
0 913 0.688802 0.440741 0.093229 0.142593 1.000000
0 914 0.689583 0.447222 0.090625 0.127778 1.000000
0 915 0.690625 0.456019 0.089583 0.110185 1.000000
0 916 0.690625 0.452778 0.090625 0.118519 1.000000
0 917 0.690104 0.447222 0.090625 0.127778 1.000000
0 918 0.690365 0.444444 0.090104 0.135185 1.000000
0 919 0.690365 0.440741 0.090104 0.142593 1.000000
0 920 0.690104 0.432407 0.089583 0.157407 1.000000
0 921 0.690365 0.428704 0.091146 0.164815 1.000000
0 922 0.690104 0.427778 0.090625 0.166667 1.000000
0 923 0.690885 0.428241 0.091146 0.167593 1.000000
0 924 0.690104 0.430093 0.091667 0.162037 1.000000
0 925 0.690104 0.437037 0.090625 0.148148 1.000000
0 926 0.690885 0.438889 0.091146 0.144444 1.000000
0 927 0.690885 0.439815 0.092188 0.140741 1.000000
0 928 0.690365 0.439352 0.091146 0.143519 1.000000
0 929 0.690885 0.437037 0.090104 0.148148 1.000000
0 930 0.690885 0.426852 0.090104 0.170370 1.000000
0 931 0.690365 0.422685 0.090104 0.175000 1.000000
0 932 0.690365 0.423148 0.090104 0.177778 1.000000
0 933 0.690625 0.431944 0.091667 0.156481 1.000000
0 934 0.683073 0.447222 0.105729 0.129630 1.000000
0 935 0.679427 0.461574 0.111979 0.100926 1.000000
0 936 0.682031 0.459722 0.107813 0.102778 1.000000
0 937 0.682292 0.460648 0.108333 0.102778 1.000000
0 938 0.681250 0.460185 0.108333 0.101852 1.000000
0 939 0.680990 0.460185 0.108854 0.101852 1.000000
0 940 0.680729 0.460648 0.109375 0.102778 1.000000
0 941 0.679948 0.460648 0.110937 0.100926 1.000000
0 942 0.679167 0.461574 0.111458 0.100926 1.000000
0 943 0.680469 0.462500 0.109896 0.099074 1.000000
0 944 0.684115 0.447222 0.101562 0.127778 1.000000
0 945 0.690104 0.425463 0.090625 0.173148 1.000000
0 946 0.690104 0.425000 0.090625 0.172222 1.000000
0 947 0.690365 0.433796 0.090104 0.154630 1.000000
0 948 0.692448 0.443056 0.093229 0.137963 1.000000
0 949 0.694010 0.446759 0.095312 0.128704 1.000000
0 950 0.690885 0.433333 0.088021 0.157407 1.000000
0 951 0.691406 0.425000 0.088021 0.172222 1.000000
0 952 0.691927 0.423148 0.088021 0.175926 1.000000
0 953 0.691927 0.428704 0.086979 0.164815 1.000000
0 954 0.681771 0.441667 0.106250 0.138889 1.000000
0 955 0.672917 0.456944 0.125000 0.108333 1.000000
0 956 0.673438 0.456019 0.125000 0.110185 1.000000
0 957 0.673177 0.454630 0.124479 0.112963 1.000000
0 958 0.672656 0.452315 0.121354 0.117593 1.000000
0 959 0.670052 0.449537 0.118229 0.121296 1.000000
0 960 0.659635 0.445833 0.097396 0.121296 1.000000
0 961 0.656510 0.446296 0.091146 0.120370 1.000000
0 962 0.656250 0.447685 0.092708 0.117593 1.000000
0 963 0.656250 0.448148 0.091667 0.114815 1.000000
0 964 0.655990 0.451389 0.092188 0.110185 1.000000
0 965 0.655729 0.455093 0.093750 0.108333 1.000000
0 966 0.655469 0.455556 0.093229 0.105556 1.000000
0 967 0.655208 0.456019 0.092708 0.106481 1.000000
0 968 0.653385 0.455556 0.089063 0.107407 1.000000
0 969 0.650260 0.454630 0.082812 0.109259 1.000000
0 970 0.644010 0.450463 0.070312 0.121296 1.000000
0 971 0.637500 0.445370 0.058333 0.131481 1.000000
0 972 0.633333 0.442130 0.050000 0.137963 1.000000
0 973 0.632552 0.434259 0.048438 0.151852 1.000000
0 974 0.632292 0.431944 0.046875 0.154630 1.000000
0 975 0.627344 0.428241 0.054688 0.162037 1.000000
0 976 0.624219 0.425463 0.060937 0.167593 1.000000
0 977 0.625000 0.418519 0.059375 0.179630 1.000000
0 978 0.623698 0.417130 0.061979 0.184259 1.000000
0 979 0.623698 0.413889 0.059896 0.190741 1.000000
0 980 0.622396 0.408796 0.044792 0.200926 1.000000
0 981 0.619531 0.405556 0.035937 0.205556 1.000000
0 982 0.614583 0.403704 0.042708 0.211111 1.000000
0 983 0.612500 0.402778 0.046875 0.212963 1.000000
0 984 0.616927 0.402315 0.038021 0.213889 1.000000
0 985 0.629687 0.401852 0.056250 0.214815 1.000000
0 986 0.637500 0.402778 0.075000 0.214815 1.000000
0 987 0.641927 0.402315 0.088021 0.213889 1.000000
0 988 0.639323 0.401852 0.090104 0.214815 1.000000
0 989 0.633073 0.401852 0.084896 0.214815 1.000000
0 990 0.618229 0.402315 0.063542 0.213889 1.000000
0 991 0.612760 0.402315 0.052604 0.213889 1.000000
0 992 0.610938 0.402778 0.051042 0.212963 1.000000
0 993 0.613802 0.402315 0.053646 0.213889 1.000000
0 994 0.616406 0.402315 0.052604 0.213889 1.000000
0 995 0.616406 0.401389 0.049479 0.215741 1.000000
0 996 0.617969 0.400000 0.046354 0.218519 1.000000
0 997 0.618750 0.399537 0.048958 0.219444 1.000000
0 998 0.623958 0.400000 0.054167 0.222222 1.000000
0 999 0.627344 0.401852 0.058854 0.225926 1.000000
0 1000 0.632031 0.407870 0.068229 0.225000 1.000000
0 1001 0.633073 0.410185 0.070312 0.222222 1.000000
0 1002 0.634896 0.414352 0.072917 0.221296 1.000000
0 1003 0.637500 0.415278 0.076042 0.219444 1.000000
0 1004 0.640365 0.415278 0.078646 0.217593 1.000000
0 1005 0.652083 0.413889 0.077083 0.222222 1.000000
0 1006 0.657813 0.412037 0.071875 0.225926 1.000000
0 1007 0.662500 0.411574 0.064583 0.225000 1.000000
0 1008 0.666406 0.412963 0.053646 0.224074 1.000000
0 1009 0.667969 0.413889 0.045312 0.222222 1.000000
0 1010 0.673177 0.421296 0.048438 0.224074 1.000000
0 1011 0.676562 0.426389 0.054167 0.226852 1.000000
0 1012 0.677344 0.427778 0.055729 0.227778 1.000000
0 1013 0.677865 0.428704 0.055729 0.227778 1.000000
0 1014 0.680729 0.427315 0.058333 0.230556 1.000000
0 1015 0.687760 0.425463 0.052604 0.232407 1.000000
0 1016 0.692708 0.424537 0.040625 0.234259 1.000000
0 1017 0.698698 0.426389 0.033854 0.232407 1.000000
0 1018 0.702083 0.428241 0.038542 0.236111 1.000000
0 1019 0.709115 0.436111 0.051562 0.242593 1.000000
0 1020 0.721875 0.444444 0.072917 0.240741 1.000000
0 1021 0.727083 0.450000 0.082292 0.238889 1.000000
0 1022 0.730729 0.449074 0.086458 0.238889 1.000000
0 1023 0.734115 0.448611 0.085938 0.239815 1.000000
0 1024 0.736979 0.448148 0.080208 0.240741 1.000000
0 1025 0.744792 0.448611 0.062500 0.239815 1.000000
0 1026 0.749219 0.449537 0.050521 0.237963 1.000000
0 1027 0.757031 0.451389 0.045312 0.236111 1.000000
0 1028 0.766667 0.456019 0.054167 0.236111 1.000000
0 1029 0.772917 0.458796 0.064583 0.236111 1.000000
0 1030 0.775260 0.466204 0.063021 0.243519 1.000000
0 1031 0.775781 0.467593 0.061979 0.240741 1.000000
0 1032 0.777865 0.468519 0.056771 0.238889 1.000000
0 1033 0.780990 0.467130 0.052604 0.241667 1.000000
0 1034 0.785417 0.465278 0.042708 0.245370 1.000000
0 1035 0.789062 0.468519 0.036458 0.251852 1.000000
0 1036 0.789062 0.472685 0.037500 0.260185 1.000000
0 1037 0.792969 0.478704 0.046354 0.262963 1.000000
0 1038 0.797396 0.484722 0.054167 0.260185 1.000000
0 1039 0.799479 0.491667 0.059375 0.264815 1.000000
0 1040 0.805208 0.497685 0.065625 0.256481 1.000000
0 1041 0.806510 0.499074 0.067187 0.255556 1.000000
0 1042 0.808594 0.500000 0.069271 0.253704 1.000000
0 1043 0.809375 0.499074 0.069792 0.251852 1.000000
0 1044 0.810156 0.500926 0.071354 0.251852 1.000000
0 1045 0.811719 0.506019 0.072396 0.258333 1.000000
0 1046 0.812500 0.507870 0.073958 0.260185 1.000000
0 1047 0.812240 0.510185 0.075521 0.264815 1.000000
0 1048 0.812500 0.512037 0.076042 0.266667 1.000000
0 1049 0.811979 0.512037 0.079167 0.264815 1.000000
0 1050 0.802083 0.512500 0.071875 0.263889 1.000000
0 1051 0.795052 0.512963 0.058854 0.264815 1.000000
0 1052 0.796094 0.511111 0.055729 0.266667 1.000000
0 1053 0.798958 0.511111 0.048958 0.268519 1.000000
0 1054 0.795833 0.510185 0.048958 0.270370 1.000000
0 1055 0.790885 0.502315 0.059896 0.275000 1.000000
0 1056 0.794271 0.501852 0.068750 0.266667 1.000000
0 1057 0.796354 0.504167 0.073958 0.256481 1.000000
0 1058 0.794792 0.505556 0.080208 0.257407 1.000000
0 1059 0.792448 0.504630 0.078646 0.257407 1.000000
0 1060 0.793490 0.505093 0.066146 0.256481 1.000000
0 1061 0.790365 0.506019 0.052604 0.258333 1.000000
0 1062 0.791146 0.503704 0.041667 0.264815 1.000000
0 1063 0.786458 0.501852 0.033333 0.266667 1.000000
0 1064 0.783594 0.500463 0.057813 0.269444 1.000000
0 1065 0.782292 0.502778 0.108333 0.266667 1.000000
0 1066 0.784635 0.503241 0.121354 0.269444 1.000000
0 1067 0.788021 0.504630 0.127083 0.272222 1.000000
0 1068 0.789583 0.504630 0.132292 0.275926 1.000000
0 1069 0.789844 0.499074 0.135937 0.268519 1.000000
0 1070 0.788281 0.495833 0.135937 0.260185 1.000000
0 1071 0.786979 0.495370 0.134375 0.262963 1.000000
0 1072 0.785677 0.495370 0.132812 0.264815 1.000000
0 1073 0.784635 0.493981 0.130729 0.263889 1.000000
0 1074 0.783594 0.494444 0.129688 0.264815 1.000000
0 1075 0.779427 0.496759 0.123438 0.260185 1.000000
0 1076 0.779167 0.497685 0.121875 0.256481 1.000000
0 1077 0.775781 0.501389 0.114062 0.252778 1.000000
0 1078 0.773958 0.500926 0.105208 0.251852 1.000000
0 1079 0.771094 0.505093 0.093229 0.245370 1.000000
0 1080 0.769792 0.510185 0.075000 0.237037 1.000000
0 1081 0.770833 0.514352 0.075000 0.236111 1.000000
0 1082 0.766406 0.518056 0.067187 0.236111 1.000000
0 1083 0.764844 0.519444 0.069271 0.237037 1.000000
0 1084 0.763542 0.521296 0.066667 0.238889 1.000000
0 1085 0.758854 0.525000 0.060417 0.246296 1.000000
0 1086 0.749740 0.526852 0.049479 0.251852 1.000000
0 1087 0.749479 0.528241 0.050000 0.249074 1.000000
0 1088 0.747656 0.529167 0.064062 0.249074 1.000000
0 1089 0.741146 0.529167 0.083333 0.247222 1.000000
0 1090 0.734896 0.531019 0.100000 0.247222 1.000000
0 1091 0.730990 0.525926 0.127604 0.257407 1.000000
0 1092 0.732812 0.520370 0.139583 0.268519 1.000000
0 1093 0.736458 0.513889 0.145833 0.279630 1.000000
0 1094 0.738021 0.490278 0.142708 0.295370 1.000000
0 1095 0.740625 0.488426 0.136458 0.299074 1.000000
0 1096 0.739062 0.476389 0.130208 0.295370 1.000000
0 1097 0.735677 0.473611 0.138021 0.315741 1.000000
0 1098 0.732292 0.485648 0.155208 0.315741 1.000000
0 1099 0.727083 0.500463 0.165625 0.306481 1.000000
0 1100 0.725000 0.511111 0.166667 0.283333 1.000000
0 1101 0.721354 0.525463 0.157292 0.254630 1.000000
0 1102 0.723698 0.527315 0.149479 0.250926 1.000000
0 1103 0.722656 0.529630 0.143229 0.242593 1.000000
0 1104 0.719792 0.529630 0.142708 0.242593 1.000000
0 1105 0.717708 0.535648 0.145833 0.250926 1.000000
0 1106 0.722917 0.535185 0.135417 0.251852 1.000000
0 1107 0.722396 0.534259 0.106250 0.253704 1.000000
0 1108 0.715885 0.533333 0.079687 0.255556 1.000000
0 1109 0.708073 0.534722 0.064062 0.252778 1.000000
0 1110 0.709635 0.535185 0.065104 0.250000 1.000000
0 1111 0.707812 0.537037 0.061458 0.248148 1.000000
0 1112 0.707812 0.537963 0.061458 0.246296 1.000000
0 1113 0.709375 0.539352 0.064583 0.243519 1.000000
0 1114 0.703125 0.539815 0.052083 0.244444 1.000000
0 1115 0.699479 0.536574 0.045833 0.247222 1.000000
0 1116 0.691406 0.534722 0.099479 0.250926 1.000000
0 1117 0.690625 0.534259 0.128125 0.251852 1.000000
0 1118 0.696094 0.535185 0.140104 0.253704 1.000000
0 1119 0.705208 0.537500 0.138542 0.265741 1.000000
0 1120 0.711979 0.524537 0.126042 0.302778 1.000000
0 1121 0.712760 0.504167 0.074479 0.345370 1.000000
0 1122 0.701562 0.502778 0.063542 0.350000 1.000000
0 1123 0.704167 0.500463 0.060417 0.352778 1.000000
0 1124 0.709375 0.500926 0.057292 0.351852 1.000000
0 1125 0.718750 0.502315 0.063542 0.347222 1.000000
0 1126 0.725521 0.511574 0.112500 0.330556 1.000000
0 1127 0.730469 0.519907 0.128646 0.313889 1.000000
0 1128 0.733854 0.530093 0.148958 0.289815 1.000000
0 1129 0.739844 0.537963 0.155729 0.279630 1.000000
0 1130 0.742708 0.539352 0.151042 0.273148 1.000000
0 1131 0.742969 0.538426 0.113021 0.262037 1.000000
0 1132 0.746615 0.535185 0.085938 0.246296 1.000000
0 1133 0.744531 0.534259 0.060937 0.242593 1.000000
0 1134 0.750521 0.532870 0.054167 0.241667 1.000000
0 1135 0.755469 0.533796 0.047396 0.239815 1.000000
0 1136 0.760417 0.534259 0.089583 0.238889 1.000000
0 1137 0.763802 0.533796 0.111979 0.239815 1.000000
0 1138 0.770052 0.534259 0.124479 0.238889 1.000000
0 1139 0.773177 0.537037 0.128646 0.238889 1.000000
0 1140 0.776042 0.538426 0.112500 0.234259 1.000000
0 1141 0.769010 0.539815 0.088021 0.233333 1.000000
0 1142 0.761979 0.540278 0.069792 0.234259 1.000000
0 1143 0.764323 0.538426 0.067187 0.236111 1.000000
0 1144 0.766146 0.535185 0.069792 0.242593 1.000000
0 1145 0.766667 0.530556 0.083333 0.250000 1.000000
0 1146 0.769010 0.525926 0.086979 0.261111 1.000000
0 1147 0.772396 0.525926 0.080208 0.266667 1.000000
0 1148 0.779427 0.518519 0.070312 0.285185 1.000000
0 1149 0.784635 0.510185 0.063021 0.305556 1.000000
0 1150 0.786198 0.506019 0.064062 0.312037 1.000000
0 1151 0.787500 0.504630 0.067708 0.314815 1.000000
0 1152 0.790625 0.500926 0.081250 0.322222 1.000000
0 1153 0.790625 0.500000 0.094792 0.324074 1.000000
0 1154 0.791406 0.501852 0.108854 0.320370 1.000000
0 1155 0.790625 0.505556 0.116667 0.314815 1.000000
0 1156 0.786719 0.515278 0.126562 0.295370 1.000000
0 1157 0.784635 0.523611 0.120313 0.278704 1.000000
0 1158 0.784375 0.526852 0.104167 0.272222 1.000000
0 1159 0.781250 0.528704 0.087500 0.268519 1.000000
0 1160 0.783333 0.527778 0.069792 0.266667 1.000000
0 1161 0.794271 0.531481 0.044792 0.262963 1.000000
0 1162 0.796094 0.530093 0.046354 0.245370 1.000000
0 1163 0.796354 0.530093 0.053125 0.230556 1.000000
0 1164 0.800521 0.536574 0.052083 0.223148 1.000000
0 1165 0.808854 0.543056 0.060417 0.210185 1.000000
0 1166 0.818750 0.555556 0.078125 0.187037 1.000000
0 1167 0.824479 0.564352 0.085417 0.169444 1.000000
0 1168 0.824740 0.575926 0.082812 0.168519 1.000000
0 1169 0.824219 0.586574 0.077604 0.165741 1.000000
0 1170 0.824479 0.593981 0.073958 0.154630 1.000000
0 1171 0.825000 0.606481 0.067708 0.131481 1.000000
0 1172 0.825521 0.613426 0.067708 0.117593 1.000000
0 1173 0.825521 0.609722 0.065625 0.123148 1.000000
0 1174 0.825781 0.606944 0.066146 0.130556 1.000000
0 1175 0.825781 0.601852 0.066146 0.140741 1.000000
0 1176 0.826042 0.596759 0.066667 0.152778 1.000000
0 1177 0.826042 0.595370 0.066667 0.155556 1.000000
0 1178 0.826042 0.594907 0.066667 0.154630 1.000000
0 1179 0.823698 0.597222 0.070312 0.151852 1.000000
0 1180 0.821875 0.600926 0.073958 0.144444 1.000000
0 1181 0.821094 0.610648 0.075521 0.125000 1.000000
0 1182 0.821875 0.617130 0.075000 0.112037 1.000000
0 1183 0.822656 0.617593 0.072396 0.107407 1.000000
0 1184 0.820833 0.607870 0.076042 0.128704 1.000000
0 1185 0.820833 0.593981 0.076042 0.156481 1.000000
0 1186 0.822135 0.586574 0.075521 0.171296 1.000000
0 1187 0.821615 0.596759 0.075521 0.152778 1.000000
0 1188 0.821615 0.601852 0.074479 0.140741 1.000000
0 1189 0.821615 0.606019 0.074479 0.132407 1.000000
0 1190 0.821354 0.606481 0.075000 0.129630 1.000000
0 1191 0.821875 0.609722 0.075000 0.126852 1.000000
0 1192 0.821615 0.609722 0.074479 0.126852 1.000000
0 1193 0.822135 0.609259 0.074479 0.127778 1.000000
0 1194 0.822917 0.602315 0.072917 0.141667 1.000000
0 1195 0.824219 0.595370 0.070312 0.153704 1.000000
0 1196 0.824740 0.587963 0.069271 0.170370 1.000000
0 1197 0.825000 0.583333 0.068750 0.177778 1.000000
0 1198 0.825781 0.582407 0.066146 0.181481 1.000000
0 1199 0.825260 0.581019 0.066146 0.184259 1.000000
0 1200 0.825521 0.581481 0.067708 0.183333 1.000000
0 1201 0.826042 0.584722 0.066667 0.175000 1.000000
