0 1 0.730078 0.554167 0.108594 0.455556 1.000000
0 2 0.728516 0.559722 0.102344 0.447222 1.000000
0 3 0.732031 0.562500 0.112500 0.447222 1.000000
0 4 0.735938 0.556944 0.117188 0.447222 1.000000
0 5 0.741016 0.525000 0.117969 0.494444 1.000000
0 6 0.749609 0.503472 0.124219 0.529167 1.000000
0 7 0.751953 0.490972 0.135156 0.537500 1.000000
0 8 0.761719 0.500694 0.134375 0.509722 1.000000
0 9 0.771094 0.499306 0.112500 0.520833 1.000000
0 10 0.781641 0.506944 0.099219 0.513889 1.000000
0 11 0.773438 0.511111 0.109375 0.508333 1.000000
0 12 0.773047 0.509722 0.124219 0.502778 1.000000
0 13 0.774609 0.505556 0.121094 0.494444 1.000000
0 14 0.775391 0.504861 0.102344 0.479167 1.000000
0 15 0.773438 0.513194 0.089063 0.459722 1.000000
0 16 0.777344 0.563194 0.104688 0.370833 1.000000
0 17 0.779297 0.565278 0.105469 0.355556 1.000000
0 18 0.777344 0.577083 0.101562 0.356944 1.000000
0 19 0.764453 0.581250 0.105469 0.348611 1.000000
0 20 0.768750 0.574306 0.139063 0.354167 1.000000
0 21 0.764062 0.565972 0.132812 0.365278 1.000000
0 22 0.757812 0.544444 0.126562 0.336111 1.000000
0 23 0.758984 0.520139 0.113281 0.298611 1.000000
0 27 0.737500 0.531944 0.118750 0.302778 1.000000
0 28 0.721094 0.551389 0.110937 0.333333 1.000000
0 29 0.712500 0.572917 0.101562 0.323611 1.000000
0 30 0.699219 0.578472 0.089063 0.309722 1.000000
0 31 0.687891 0.586806 0.077344 0.298611 1.000000
0 32 0.668359 0.591667 0.103906 0.286111 1.000000
0 33 0.649219 0.587500 0.120313 0.280556 1.000000
0 34 0.636719 0.583333 0.114062 0.283333 1.000000
0 35 0.622266 0.578472 0.108594 0.295833 1.000000
0 36 0.614062 0.541667 0.101562 0.347222 1.000000
0 37 0.610156 0.537500 0.100000 0.363889 1.000000
0 38 0.606250 0.538889 0.098437 0.366667 1.000000
0 39 0.599609 0.542361 0.097656 0.365278 1.000000
0 40 0.580469 0.554861 0.079687 0.354167 1.000000
0 45 0.553516 0.589583 0.083594 0.290278 1.000000
0 46 0.555078 0.597917 0.088281 0.276389 1.000000
0 47 0.555859 0.559722 0.088281 0.361111 1.000000
0 48 0.558984 0.580556 0.072656 0.336111 1.000000
0 49 0.560156 0.579861 0.070312 0.340278 1.000000
0 50 0.561328 0.575000 0.066406 0.350000 1.000000
0 51 0.567578 0.575000 0.074219 0.344444 1.000000
0 52 0.575781 0.585417 0.073438 0.309722 1.000000
0 53 0.580469 0.595833 0.075000 0.294444 1.000000
0 54 0.578516 0.599306 0.078906 0.293056 1.000000
0 55 0.579688 0.606250 0.079687 0.290278 1.000000
0 56 0.574609 0.608333 0.082031 0.286111 1.000000
0 57 0.571875 0.599306 0.081250 0.301389 1.000000
0 58 0.568750 0.586806 0.076563 0.320833 1.000000
0 59 0.567578 0.579167 0.071094 0.336111 1.000000
0 60 0.565625 0.569444 0.064062 0.327778 1.000000
0 61 0.566016 0.575694 0.058594 0.312500 1.000000
0 62 0.564844 0.589583 0.053125 0.293056 1.000000
0 63 0.561719 0.592361 0.053125 0.287500 1.000000
0 64 0.553906 0.600694 0.059375 0.276389 1.000000
0 65 0.550781 0.606250 0.071875 0.276389 1.000000
0 66 0.551953 0.608333 0.103906 0.275000 1.000000
0 67 0.556641 0.604167 0.121094 0.277778 1.000000
0 68 0.560937 0.589583 0.154688 0.295833 1.000000
0 69 0.562891 0.579861 0.153906 0.315278 1.000000
0 70 0.557031 0.545833 0.135937 0.358333 1.000000
0 71 0.545312 0.526389 0.095312 0.386111 1.000000
0 72 0.541406 0.522222 0.057813 0.369444 1.000000
0 73 0.542969 0.539583 0.050000 0.334722 1.000000
0 74 0.543359 0.552778 0.047656 0.308333 1.000000
0 75 0.541797 0.557639 0.046094 0.301389 1.000000
0 76 0.534375 0.573611 0.053125 0.300000 1.000000
0 77 0.529297 0.587500 0.058594 0.297222 1.000000
0 78 0.533594 0.593750 0.068750 0.284722 1.000000
0 79 0.533594 0.600694 0.085938 0.279167 1.000000
0 80 0.520703 0.585417 0.074219 0.295833 1.000000
0 81 0.515234 0.577083 0.061719 0.301389 1.000000
0 82 0.517969 0.566667 0.051562 0.300000 1.000000
0 83 0.518750 0.557639 0.050000 0.304167 1.000000
0 84 0.511719 0.548611 0.062500 0.305556 1.000000
0 85 0.505078 0.547917 0.067969 0.306944 1.000000
0 86 0.502344 0.547917 0.075000 0.304167 1.000000
0 87 0.497266 0.550000 0.085156 0.302778 1.000000
0 88 0.497266 0.564583 0.089844 0.301389 1.000000
0 89 0.497656 0.572222 0.100000 0.297222 1.000000
0 90 0.505469 0.577778 0.093750 0.286111 1.000000
0 91 0.517578 0.582639 0.083594 0.276389 1.000000
0 92 0.526953 0.581944 0.066406 0.277778 1.000000
0 93 0.528906 0.575694 0.060937 0.281944 1.000000
0 94 0.528125 0.570833 0.053125 0.288889 1.000000
0 95 0.532031 0.561111 0.059375 0.283333 1.000000
0 96 0.535547 0.554167 0.064844 0.280556 1.000000
0 97 0.530078 0.554167 0.057031 0.280556 1.000000
0 98 0.530078 0.559028 0.052344 0.284722 1.000000
0 99 0.528516 0.561111 0.039844 0.286111 1.000000
0 100 0.522656 0.572222 0.096875 0.266667 1.000000
0 104 0.564453 0.571528 0.069531 0.240278 1.000000
0 105 0.563672 0.575694 0.072656 0.231944 1.000000
0 106 0.570312 0.575000 0.089063 0.227778 1.000000
0 107 0.562891 0.574306 0.102344 0.226389 1.000000
0 108 0.540234 0.571528 0.072656 0.226389 1.000000
0 109 0.536328 0.568750 0.063281 0.226389 1.000000
0 110 0.539453 0.548611 0.053906 0.261111 1.000000
0 111 0.534766 0.532639 0.058594 0.284722 1.000000
0 112 0.532422 0.502083 0.074219 0.279167 1.000000
0 113 0.532422 0.497222 0.085156 0.263889 1.000000
0 114 0.532422 0.495833 0.092969 0.241667 1.000000
0 115 0.530859 0.483333 0.094531 0.200000 1.000000
0 116 0.530859 0.450000 0.088281 0.147222 1.000000
0 117 0.523828 0.447222 0.088281 0.155556 1.000000
0 118 0.522656 0.460417 0.076563 0.190278 1.000000
0 119 0.521875 0.473611 0.068750 0.213889 1.000000
0 120 0.530859 0.513889 0.038281 0.238889 1.000000
0 121 0.530078 0.530556 0.038281 0.222222 1.000000
0 122 0.537891 0.547222 0.053906 0.194444 1.000000
0 123 0.539844 0.559722 0.057813 0.188889 1.000000
0 124 0.525000 0.564583 0.048438 0.181944 1.000000
0 125 0.526172 0.559722 0.035156 0.188889 1.000000
0 126 0.524219 0.550000 0.040625 0.194444 1.000000
0 127 0.523438 0.539583 0.048438 0.193056 1.000000
0 128 0.522266 0.492361 0.061719 0.198611 1.000000
0 129 0.523438 0.475000 0.062500 0.163889 1.000000
0 130 0.528516 0.463889 0.063281 0.136111 1.000000
0 131 0.534375 0.465972 0.059375 0.123611 1.000000
0 132 0.544922 0.480556 0.050781 0.097222 1.000000
0 133 0.552734 0.481250 0.049219 0.095833 1.000000
0 134 0.553516 0.492361 0.050781 0.098611 1.000000
0 135 0.553516 0.511111 0.046094 0.100000 1.000000
0 136 0.561719 0.543056 0.053125 0.113889 1.000000
0 137 0.563281 0.556944 0.051562 0.111111 1.000000
0 138 0.562109 0.570139 0.047656 0.120833 1.000000
0 139 0.563281 0.584028 0.051562 0.120833 1.000000
0 140 0.564453 0.598611 0.063281 0.091667 1.000000
0 141 0.564063 0.609028 0.065625 0.081944 1.000000
0 142 0.565625 0.615972 0.067187 0.068056 1.000000
0 143 0.565234 0.618750 0.067969 0.062500 1.000000
0 144 0.567187 0.618750 0.071875 0.056944 1.000000
0 145 0.568359 0.619444 0.071094 0.055556 1.000000
0 146 0.567969 0.616667 0.071875 0.055556 1.000000
0 147 0.568750 0.615972 0.071875 0.059722 1.000000
0 148 0.569531 0.609722 0.068750 0.066667 1.000000
0 149 0.568359 0.607639 0.066406 0.073611 1.000000
0 150 0.566797 0.602778 0.064844 0.083333 1.000000
0 151 0.563672 0.599306 0.061719 0.087500 1.000000
0 152 0.562891 0.587500 0.058594 0.102778 1.000000
0 153 0.563672 0.587500 0.058594 0.102778 1.000000
0 154 0.565234 0.585417 0.061719 0.106944 1.000000
0 155 0.569531 0.582639 0.064062 0.109722 1.000000
0 156 0.573828 0.583333 0.077344 0.105556 1.000000
0 157 0.576953 0.584722 0.082031 0.102778 1.000000
0 158 0.578125 0.588194 0.089063 0.098611 1.000000
0 159 0.579688 0.590972 0.087500 0.093056 1.000000
0 160 0.581641 0.588889 0.085156 0.091667 1.000000
0 161 0.579688 0.590278 0.085938 0.088889 1.000000
0 162 0.578125 0.580556 0.081250 0.111111 1.000000
0 163 0.576172 0.581250 0.078906 0.109722 1.000000
0 164 0.572656 0.588889 0.075000 0.094444 1.000000
0 165 0.571875 0.590972 0.070312 0.087500 1.000000
0 166 0.569141 0.588889 0.064844 0.086111 1.000000
0 167 0.562109 0.587500 0.057031 0.088889 1.000000
0 168 0.557031 0.571528 0.051562 0.118056 1.000000
0 169 0.556641 0.564583 0.050781 0.129167 1.000000
0 170 0.555859 0.563889 0.049219 0.133333 1.000000
0 171 0.555859 0.562500 0.046094 0.136111 1.000000
0 172 0.555078 0.550000 0.044531 0.158333 1.000000
0 173 0.558984 0.550694 0.042969 0.162500 1.000000
0 174 0.565234 0.556250 0.058594 0.151389 1.000000
0 175 0.568359 0.561806 0.069531 0.140278 1.000000
0 176 0.570703 0.572917 0.077344 0.115278 1.000000
0 177 0.570312 0.568750 0.073438 0.112500 1.000000
0 178 0.567578 0.565972 0.071094 0.109722 1.000000
0 179 0.562891 0.568056 0.069531 0.108333 1.000000
0 180 0.556250 0.570139 0.064062 0.126389 1.000000
0 181 0.555859 0.566667 0.064844 0.133333 1.000000
0 182 0.557422 0.561806 0.063281 0.143056 1.000000
0 183 0.558984 0.555556 0.058594 0.155556 1.000000
0 184 0.557422 0.543750 0.055469 0.176389 1.000000
0 185 0.558594 0.540278 0.045312 0.177778 1.000000
0 186 0.557813 0.534028 0.039062 0.181944 1.000000
0 187 0.555078 0.534028 0.036719 0.184722 1.000000
0 188 0.550391 0.530556 0.030469 0.188889 1.000000
0 189 0.550391 0.531944 0.030469 0.186111 1.000000
0 190 0.547656 0.534028 0.037500 0.187500 1.000000
0 191 0.543359 0.540278 0.047656 0.186111 1.000000
0 192 0.535547 0.546528 0.067969 0.181944 1.000000
0 193 0.538672 0.545139 0.057031 0.184722 1.000000
0 194 0.537891 0.540278 0.052344 0.186111 1.000000
0 195 0.534766 0.535417 0.050781 0.187500 1.000000
0 196 0.522266 0.535417 0.042969 0.195833 1.000000
0 197 0.516016 0.533333 0.042969 0.194444 1.000000
0 198 0.514453 0.536111 0.041406 0.188889 1.000000
0 199 0.508594 0.540972 0.042188 0.193056 1.000000
0 200 0.498828 0.544444 0.061719 0.191667 1.000000
0 201 0.498047 0.543056 0.058594 0.194444 1.000000
0 202 0.489844 0.539583 0.064062 0.195833 1.000000
0 204 0.475781 0.531250 0.045312 0.198611 1.000000
0 205 0.468750 0.534028 0.054688 0.201389 1.000000
0 206 0.457031 0.538889 0.065625 0.205556 1.000000
0 207 0.451562 0.543056 0.065625 0.200000 1.000000
0 208 0.434766 0.544444 0.083594 0.205556 1.000000
0 209 0.430859 0.538194 0.083594 0.209722 1.000000
0 212 0.411719 0.533333 0.053125 0.227778 1.000000
0 213 0.404687 0.536806 0.057813 0.234722 1.000000
0 214 0.397656 0.543056 0.056250 0.233333 1.000000
0 215 0.383594 0.542361 0.071875 0.234722 1.000000
0 216 0.359766 0.527778 0.063281 0.263889 1.000000
0 217 0.352734 0.514583 0.053906 0.290278 1.000000
0 218 0.343750 0.513194 0.037500 0.290278 1.000000
0 219 0.331250 0.513889 0.039062 0.305556 1.000000
0 220 0.302734 0.545833 0.069531 0.252778 1.000000
0 221 0.289062 0.545833 0.093750 0.255556 1.000000
0 222 0.281641 0.550000 0.100781 0.255556 1.000000
0 223 0.271094 0.550000 0.076563 0.258333 1.000000
0 224 0.244141 0.552083 0.044531 0.256944 1.000000
0 225 0.230078 0.550694 0.055469 0.256944 1.000000
0 226 0.210938 0.548611 0.079687 0.261111 1.000000
0 227 0.193750 0.551389 0.096875 0.263889 1.000000
0 228 0.183594 0.533333 0.085938 0.316667 1.000000
0 229 0.178906 0.517361 0.078125 0.343056 1.000000
0 230 0.175000 0.505556 0.070312 0.366667 1.000000
0 231 0.164062 0.502083 0.081250 0.368056 1.000000
0 232 0.151953 0.496528 0.083594 0.373611 1.000000
0 233 0.145313 0.497222 0.078125 0.375000 1.000000
0 234 0.139063 0.503472 0.073438 0.362500 1.000000
0 235 0.128516 0.519444 0.082031 0.336111 1.000000
0 236 0.119531 0.551389 0.089063 0.272222 1.000000
0 237 0.130859 0.550694 0.064844 0.270833 1.000000
0 238 0.133203 0.547222 0.061719 0.275000 1.000000
0 239 0.141797 0.541667 0.082031 0.277778 1.000000
0 240 0.151172 0.530556 0.122656 0.272222 1.000000
0 241 0.143359 0.530556 0.117969 0.269444 1.000000
0 242 0.137109 0.527778 0.108594 0.272222 1.000000
0 243 0.133594 0.528472 0.100000 0.273611 1.000000
0 244 0.138672 0.546528 0.094531 0.259722 1.000000
0 245 0.137891 0.553472 0.096094 0.248611 1.000000
0 246 0.141797 0.554167 0.099219 0.244444 1.000000
0 247 0.142187 0.552083 0.100000 0.248611 1.000000
0 248 0.163281 0.538889 0.112500 0.261111 1.000000
0 249 0.168750 0.531250 0.104688 0.265278 1.000000
0 250 0.171875 0.528472 0.084375 0.268056 1.000000
0 251 0.168750 0.526389 0.070312 0.269444 1.000000
0 252 0.159375 0.527778 0.060937 0.263889 1.000000
0 253 0.166797 0.528472 0.066406 0.259722 1.000000
0 254 0.173047 0.534722 0.071094 0.255556 1.000000
0 255 0.176172 0.543056 0.077344 0.252778 1.000000
0 256 0.175000 0.552778 0.082812 0.238889 1.000000
0 257 0.175781 0.553472 0.081250 0.234722 1.000000
0 258 0.179688 0.550694 0.075000 0.237500 1.000000
0 259 0.188281 0.546528 0.075000 0.245833 1.000000
0 260 0.207813 0.539583 0.076563 0.256944 1.000000
0 261 0.211719 0.537500 0.087500 0.263889 1.000000
0 262 0.216406 0.530556 0.093750 0.258333 1.000000
0 263 0.223828 0.528472 0.100781 0.254167 1.000000
0 264 0.235547 0.533333 0.100781 0.252778 1.000000
0 265 0.239063 0.538194 0.095312 0.251389 1.000000
0 266 0.243359 0.541667 0.075781 0.244444 1.000000
0 267 0.252344 0.545139 0.070312 0.243056 1.000000
0 268 0.259766 0.543750 0.071094 0.237500 1.000000
0 269 0.262891 0.543056 0.063281 0.236111 1.000000
0 270 0.280078 0.529167 0.072656 0.263889 1.000000
0 271 0.293359 0.520139 0.058594 0.281944 1.000000
0 272 0.303125 0.509028 0.060937 0.279167 1.000000
0 273 0.308203 0.511806 0.057031 0.281944 1.000000
0 274 0.321484 0.513194 0.047656 0.284722 1.000000
0 275 0.328125 0.514583 0.039062 0.287500 1.000000
0 276 0.347656 0.520833 0.050000 0.280556 1.000000
0 277 0.354297 0.518750 0.067969 0.287500 1.000000
0 278 0.359766 0.522917 0.074219 0.279167 1.000000
0 279 0.360156 0.523611 0.068750 0.277778 1.000000
0 280 0.366406 0.513889 0.051562 0.297222 1.000000
0 281 0.376172 0.506944 0.046094 0.305556 1.000000
0 282 0.389062 0.503472 0.046875 0.315278 1.000000
0 283 0.396484 0.497222 0.055469 0.311111 1.000000
0 284 0.412891 0.511806 0.071094 0.281944 1.000000
0 285 0.417969 0.529861 0.073438 0.256944 1.000000
0 286 0.420703 0.536111 0.078906 0.252778 1.000000
0 287 0.414062 0.540972 0.067187 0.248611 1.000000
0 288 0.410938 0.540278 0.059375 0.255556 1.000000
0 289 0.406641 0.536806 0.061719 0.262500 1.000000
0 290 0.408984 0.533333 0.063281 0.272222 1.000000
0 292 0.438672 0.496528 0.064844 0.329167 1.000000
0 293 0.452344 0.497222 0.056250 0.319444 1.000000
0 294 0.459375 0.505556 0.067187 0.302778 1.000000
0 295 0.465234 0.526389 0.067969 0.261111 1.000000
0 296 0.475000 0.538889 0.070312 0.258333 1.000000
0 297 0.476562 0.543056 0.068750 0.255556 1.000000
0 298 0.468359 0.541667 0.085156 0.258333 1.000000
0 299 0.461328 0.538194 0.099219 0.265278 1.000000
0 300 0.460938 0.523611 0.117188 0.280556 1.000000
0 301 0.469531 0.504167 0.109375 0.311111 1.000000
0 302 0.485547 0.487500 0.088281 0.319444 1.000000
0 303 0.490234 0.487500 0.082031 0.319444 1.000000
0 304 0.494141 0.477083 0.061719 0.334722 1.000000
0 305 0.488281 0.481250 0.075000 0.326389 1.000000
0 306 0.489063 0.488889 0.093750 0.316667 1.000000
0 307 0.491406 0.504861 0.095312 0.295833 1.000000
0 308 0.494531 0.524306 0.095312 0.279167 1.000000
0 309 0.497266 0.543750 0.091406 0.245833 1.000000
0 310 0.499219 0.545139 0.090625 0.243056 1.000000
0 314 0.524219 0.505556 0.114062 0.269444 1.000000
0 315 0.539453 0.500000 0.072656 0.269444 1.000000
0 316 0.536719 0.495833 0.064062 0.272222 1.000000
0 317 0.536328 0.498611 0.058594 0.269444 1.000000
0 318 0.534766 0.502083 0.060156 0.273611 1.000000
0 319 0.535156 0.506944 0.064062 0.275000 1.000000
0 320 0.541406 0.525694 0.070312 0.270833 1.000000
0 321 0.544922 0.534722 0.083594 0.261111 1.000000
0 322 0.550391 0.543056 0.094531 0.250000 1.000000
0 323 0.554688 0.545139 0.096875 0.251389 1.000000
0 324 0.558594 0.527083 0.092188 0.270833 1.000000
0 325 0.557422 0.513889 0.091406 0.277778 1.000000
0 326 0.557031 0.491667 0.087500 0.297222 1.000000
0 327 0.556641 0.475000 0.078906 0.313889 1.000000
0 328 0.558203 0.454861 0.066406 0.329167 1.000000
0 329 0.561328 0.450694 0.063281 0.334722 1.000000
0 330 0.564063 0.450000 0.060937 0.333333 1.000000
0 331 0.569531 0.452778 0.059375 0.330556 1.000000
0 332 0.579688 0.468056 0.062500 0.325000 1.000000
0 333 0.583203 0.480556 0.063281 0.316667 1.000000
0 334 0.586328 0.493056 0.066406 0.308333 1.000000
0 335 0.591406 0.505556 0.070312 0.300000 1.000000
0 336 0.598437 0.542361 0.089063 0.248611 1.000000
0 337 0.599609 0.554167 0.089844 0.225000 1.000000
0 338 0.596875 0.557639 0.079687 0.218056 1.000000
0 339 0.585547 0.559028 0.053906 0.218056 1.000000
0 340 0.582422 0.550694 0.094531 0.234722 1.000000
0 341 0.588672 0.533333 0.086719 0.266667 1.000000
0 342 0.591406 0.501389 0.073438 0.308333 1.000000
0 343 0.589453 0.486806 0.060156 0.318056 1.000000
0 344 0.573047 0.457639 0.096094 0.254167 1.000000
0 345 0.569531 0.448611 0.101562 0.211111 1.000000
0 346 0.572656 0.447917 0.100000 0.193056 1.000000
0 347 0.578125 0.451389 0.089063 0.177778 1.000000
0 348 0.594531 0.459028 0.067187 0.162500 1.000000
0 349 0.593359 0.465278 0.082031 0.155556 1.000000
0 350 0.593359 0.479861 0.097656 0.165278 1.000000
0 351 0.596094 0.499306 0.109375 0.165278 1.000000
0 352 0.607031 0.540972 0.120313 0.148611 1.000000
0 353 0.612109 0.560417 0.125781 0.143056 1.000000
0 354 0.611328 0.584722 0.114844 0.138889 1.000000
0 355 0.611719 0.604861 0.118750 0.131944 1.000000
0 356 0.609766 0.625000 0.125781 0.091667 1.000000
0 357 0.611719 0.629167 0.125000 0.083333 1.000000
0 358 0.610547 0.630556 0.122656 0.077778 1.000000
0 359 0.611719 0.631250 0.120313 0.073611 1.000000
0 360 0.612891 0.631944 0.124219 0.066667 1.000000
0 361 0.614062 0.634028 0.125000 0.068056 1.000000
0 362 0.614844 0.632639 0.125000 0.070833 1.000000
0 363 0.614453 0.628472 0.124219 0.079167 1.000000
0 364 0.615625 0.620139 0.118750 0.095833 1.000000
0 365 0.616797 0.617361 0.114844 0.101389 1.000000
0 366 0.619531 0.615972 0.115625 0.106944 1.000000
0 367 0.622656 0.612500 0.110937 0.111111 1.000000
0 368 0.635156 0.593056 0.085938 0.141667 1.000000
0 369 0.641406 0.584028 0.064062 0.154167 1.000000
0 370 0.646094 0.579861 0.053125 0.162500 1.000000
0 371 0.644922 0.575694 0.058594 0.170833 1.000000
0 372 0.653516 0.565972 0.092969 0.156944 1.000000
0 373 0.657031 0.564583 0.103125 0.151389 1.000000
0 374 0.660937 0.577083 0.110937 0.165278 1.000000
0 375 0.662891 0.581250 0.114844 0.159722 1.000000
0 376 0.663281 0.593056 0.115625 0.144444 1.000000
0 377 0.662500 0.599306 0.112500 0.131944 1.000000
0 378 0.663281 0.604861 0.106250 0.120833 1.000000
0 379 0.656250 0.611806 0.118750 0.106944 1.000000
0 380 0.651953 0.622222 0.138281 0.086111 1.000000
0 381 0.651953 0.622917 0.135156 0.084722 1.000000
0 382 0.651563 0.627083 0.131250 0.079167 1.000000
0 383 0.650000 0.627083 0.132812 0.076389 1.000000
0 384 0.647266 0.622917 0.133594 0.084722 1.000000
0 385 0.649219 0.622917 0.128125 0.084722 1.000000
0 386 0.652344 0.622917 0.115625 0.084722 1.000000
0 387 0.659375 0.625000 0.093750 0.083333 1.000000
0 388 0.655859 0.611806 0.085156 0.104167 1.000000
0 389 0.654687 0.606250 0.089063 0.112500 1.000000
0 390 0.661719 0.604167 0.096875 0.119444 1.000000
0 391 0.670703 0.603472 0.099219 0.120833 1.000000
0 392 0.685156 0.602778 0.089063 0.119444 1.000000
0 393 0.689844 0.602778 0.087500 0.116667 1.000000
0 394 0.691406 0.604167 0.090625 0.113889 1.000000
0 395 0.692187 0.602778 0.096875 0.119444 1.000000
0 396 0.698047 0.600694 0.096094 0.129167 1.000000
0 397 0.698828 0.598611 0.100781 0.133333 1.000000
0 398 0.696484 0.596528 0.105469 0.134722 1.000000
0 399 0.698047 0.596528 0.108594 0.137500 1.000000
0 400 0.712109 0.582639 0.080469 0.165278 1.000000
0 401 0.716797 0.565278 0.072656 0.194444 1.000000
0 402 0.718359 0.560417 0.072656 0.209722 1.000000
0 403 0.720703 0.557639 0.074219 0.209722 1.000000
0 404 0.727734 0.563194 0.077344 0.198611 1.000000
0 405 0.729688 0.566667 0.081250 0.194444 1.000000
0 406 0.730078 0.567361 0.080469 0.190278 1.000000
0 407 0.728906 0.565278 0.081250 0.191667 1.000000
0 408 0.723047 0.552083 0.075781 0.220833 1.000000
0 409 0.719922 0.533333 0.069531 0.258333 1.000000
0 410 0.716797 0.519444 0.064844 0.283333 1.000000
0 411 0.715625 0.511111 0.062500 0.300000 1.000000
0 412 0.710547 0.511111 0.055469 0.297222 1.000000
0 413 0.717969 0.513194 0.067187 0.290278 1.000000
0 414 0.723828 0.520139 0.082031 0.276389 1.000000
0 415 0.729297 0.528472 0.094531 0.259722 1.000000
0 416 0.735156 0.556944 0.112500 0.197222 1.000000
0 417 0.734766 0.568056 0.113281 0.180556 1.000000
0 418 0.732422 0.563194 0.116406 0.184722 1.000000
0 419 0.730469 0.554167 0.115625 0.194444 1.000000
0 420 0.727344 0.540972 0.114062 0.223611 1.000000
0 421 0.727734 0.537500 0.111719 0.230556 1.000000
0 422 0.726953 0.533333 0.107031 0.230556 1.000000
0 423 0.725391 0.534028 0.103906 0.220833 1.000000
0 424 0.718750 0.533333 0.084375 0.216667 1.000000
0 425 0.714063 0.532639 0.078125 0.220833 1.000000
0 426 0.713672 0.537500 0.067969 0.225000 1.000000
0 427 0.713281 0.545833 0.062500 0.225000 1.000000
0 428 0.703125 0.550694 0.082812 0.220833 1.000000
0 429 0.698047 0.545833 0.092969 0.225000 1.000000
0 430 0.692187 0.540278 0.100000 0.236111 1.000000
0 431 0.685547 0.533333 0.102344 0.238889 1.000000
0 432 0.674219 0.519444 0.101562 0.255556 1.000000
0 433 0.669141 0.515972 0.096094 0.262500 1.000000
0 434 0.665234 0.518056 0.086719 0.261111 1.000000
0 435 0.661719 0.521528 0.078125 0.251389 1.000000
0 436 0.654687 0.533333 0.062500 0.247222 1.000000
0 437 0.650000 0.537500 0.064062 0.247222 1.000000
0 438 0.643359 0.543056 0.075781 0.244444 1.000000
0 439 0.635156 0.541667 0.090625 0.241667 1.000000
0 440 0.619141 0.531944 0.110156 0.266667 1.000000
0 441 0.621484 0.530556 0.124219 0.269444 1.000000
0 442 0.626953 0.530556 0.139844 0.263889 1.000000
0 443 0.626953 0.523611 0.142969 0.272222 1.000000
0 444 0.617969 0.522222 0.134375 0.275000 1.000000
0 445 0.610156 0.529167 0.135937 0.275000 1.000000
0 446 0.600781 0.531250 0.139063 0.276389 1.000000
0 447 0.590625 0.536806 0.128125 0.273611 1.000000
0 448 0.573438 0.516667 0.085938 0.308333 1.000000
0 449 0.566016 0.506250 0.082031 0.323611 1.000000
0 450 0.561719 0.500000 0.081250 0.336111 1.000000
0 451 0.557422 0.497222 0.077344 0.336111 1.000000
0 452 0.554688 0.500694 0.065625 0.331944 1.000000
0 453 0.557031 0.515278 0.053125 0.325000 1.000000
0 454 0.549609 0.520139 0.063281 0.315278 1.000000
0 455 0.542578 0.525694 0.069531 0.306944 1.000000
0 456 0.533594 0.536111 0.076563 0.305556 1.000000
0 457 0.532422 0.529861 0.075781 0.323611 1.000000
0 458 0.528906 0.514583 0.075000 0.354167 1.000000
0 459 0.530469 0.500694 0.082812 0.381944 1.000000
0 460 0.531641 0.487500 0.105469 0.394444 1.000000
0 461 0.523047 0.477083 0.116406 0.376389 1.000000
0 462 0.515625 0.476389 0.123438 0.355556 1.000000
0 463 0.508203 0.486806 0.127344 0.326389 1.000000
0 464 0.487500 0.485417 0.103125 0.315278 1.000000
0 465 0.484375 0.484028 0.076563 0.315278 1.000000
0 466 0.491406 0.489583 0.060937 0.318056 1.000000
0 467 0.493750 0.501389 0.050000 0.325000 1.000000
0 468 0.485938 0.525000 0.056250 0.322222 1.000000
0 469 0.489063 0.540972 0.073438 0.318056 1.000000
0 470 0.490234 0.550000 0.092969 0.308333 1.000000
0 471 0.483203 0.556250 0.080469 0.301389 1.000000
0 472 0.476172 0.544444 0.058594 0.305556 1.000000
0 473 0.472656 0.537500 0.056250 0.308333 1.000000
0 474 0.475000 0.530556 0.057813 0.311111 1.000000
0 475 0.479297 0.524306 0.058594 0.323611 1.000000
0 480 0.461719 0.547917 0.085938 0.301389 1.000000
0 481 0.460156 0.547222 0.093750 0.297222 1.000000
0 482 0.451562 0.545833 0.104688 0.297222 1.000000
0 483 0.445312 0.545139 0.117188 0.301389 1.000000
0 484 0.446094 0.542361 0.110937 0.301389 1.000000
0 485 0.445312 0.543750 0.100000 0.304167 1.000000
0 486 0.434375 0.535417 0.112500 0.315278 1.000000
0 487 0.428906 0.531944 0.106250 0.311111 1.000000
0 488 0.411328 0.525000 0.089844 0.313889 1.000000
0 489 0.406641 0.521528 0.078906 0.309722 1.000000
0 490 0.401172 0.524306 0.080469 0.315278 1.000000
0 491 0.396484 0.528472 0.077344 0.312500 1.000000
0 492 0.384766 0.540278 0.072656 0.300000 1.000000
0 493 0.382031 0.541667 0.070312 0.291667 1.000000
0 494 0.375781 0.541667 0.071875 0.291667 1.000000
0 495 0.372656 0.538889 0.073438 0.291667 1.000000
0 496 0.367188 0.534722 0.075000 0.297222 1.000000
0 497 0.364063 0.535417 0.073438 0.295833 1.000000
0 498 0.359375 0.534722 0.065625 0.294444 1.000000
0 499 0.346875 0.538889 0.068750 0.286111 1.000000
0 500 0.339062 0.536806 0.053125 0.287500 1.000000
0 501 0.333203 0.536111 0.057031 0.291667 1.000000
0 502 0.328125 0.534722 0.060937 0.291667 1.000000
0 503 0.327344 0.534722 0.065625 0.283333 1.000000
0 504 0.321875 0.536111 0.059375 0.280556 1.000000
0 505 0.316016 0.536806 0.053906 0.281944 1.000000
0 506 0.308594 0.538194 0.054688 0.279167 1.000000
0 507 0.303516 0.537500 0.047656 0.269444 1.000000
0 508 0.299219 0.536806 0.048438 0.273611 1.000000
0 509 0.295312 0.529861 0.056250 0.284722 1.000000
0 510 0.296094 0.527778 0.060937 0.288889 1.000000
0 511 0.294922 0.523611 0.067969 0.275000 1.000000
0 512 0.292187 0.531944 0.085938 0.286111 1.000000
0 513 0.290625 0.536806 0.087500 0.279167 1.000000
0 514 0.290234 0.538194 0.089844 0.276389 1.000000
0 515 0.290234 0.540278 0.086719 0.275000 1.000000
0 516 0.285938 0.543056 0.081250 0.269444 1.000000
0 517 0.283984 0.543056 0.077344 0.266667 1.000000
0 518 0.284375 0.543056 0.078125 0.266667 1.000000
0 519 0.285547 0.544444 0.082031 0.263889 1.000000
0 520 0.294141 0.551389 0.105469 0.261111 1.000000
0 521 0.293750 0.556250 0.109375 0.262500 1.000000
0 522 0.296094 0.556250 0.101562 0.259722 1.000000
0 523 0.295703 0.552083 0.107031 0.259722 1.000000
0 524 0.300391 0.546528 0.103906 0.273611 1.000000
0 525 0.306250 0.543056 0.101562 0.286111 1.000000
0 526 0.312891 0.540278 0.089844 0.294444 1.000000
0 527 0.320703 0.536111 0.078906 0.305556 1.000000
0 528 0.336328 0.528472 0.052344 0.315278 1.000000
0 529 0.333984 0.527083 0.061719 0.312500 1.000000
0 530 0.344141 0.529861 0.071094 0.312500 1.000000
0 531 0.354297 0.534722 0.091406 0.316667 1.000000
0 532 0.366016 0.538194 0.116406 0.306944 1.000000
0 533 0.368750 0.540972 0.120313 0.304167 1.000000
0 534 0.367969 0.544444 0.115625 0.302778 1.000000
0 535 0.370312 0.544444 0.115625 0.302778 1.000000
0 536 0.373047 0.543056 0.111719 0.308333 1.000000
0 537 0.375781 0.541667 0.107813 0.319444 1.000000
0 538 0.373828 0.536111 0.108594 0.327778 1.000000
0 539 0.375391 0.536111 0.105469 0.327778 1.000000
0 540 0.380469 0.537500 0.100000 0.333333 1.000000
0 541 0.379688 0.536111 0.104688 0.333333 1.000000
0 542 0.381641 0.538889 0.102344 0.330556 1.000000
0 543 0.382031 0.540278 0.103125 0.333333 1.000000
0 544 0.384766 0.540972 0.105469 0.334722 1.000000
0 545 0.386719 0.540972 0.109375 0.337500 1.000000
0 546 0.389062 0.542361 0.112500 0.340278 1.000000
0 547 0.392188 0.540972 0.112500 0.340278 1.000000
0 548 0.395703 0.543750 0.119531 0.340278 1.000000
0 549 0.399219 0.544444 0.120313 0.341667 1.000000
0 550 0.402344 0.544444 0.121875 0.338889 1.000000
0 551 0.401172 0.545139 0.119531 0.337500 1.000000
0 552 0.397656 0.546528 0.114062 0.345833 1.000000
0 553 0.397266 0.547222 0.116406 0.347222 1.000000
0 554 0.397266 0.546528 0.116406 0.345833 1.000000
0 555 0.394531 0.547917 0.126562 0.345833 1.000000
0 556 0.388281 0.542361 0.142187 0.373611 1.000000
0 557 0.388281 0.535417 0.148438 0.393056 1.000000
0 558 0.387891 0.540972 0.155469 0.390278 1.000000
0 559 0.388672 0.536111 0.157031 0.400000 1.000000
0 560 0.389453 0.555556 0.149219 0.408333 1.000000
0 561 0.389062 0.571528 0.150000 0.384722 1.000000
0 562 0.386719 0.581250 0.128125 0.379167 1.000000
0 563 0.387109 0.587500 0.124219 0.377778 1.000000
0 564 0.389062 0.610417 0.120313 0.376389 1.000000
0 565 0.392969 0.623611 0.123438 0.366667 1.000000
0 566 0.398828 0.639583 0.122656 0.356944 1.000000
0 567 0.402734 0.651389 0.122656 0.350000 1.000000
0 568 0.408984 0.680556 0.119531 0.330556 1.000000
0 569 0.412500 0.690972 0.125000 0.326389 1.000000
0 570 0.418750 0.697917 0.121875 0.318056 1.000000
0 571 0.417578 0.702778 0.124219 0.319444 1.000000
0 572 0.418359 0.700000 0.125781 0.327778 1.000000
0 573 0.417578 0.696528 0.128906 0.337500 1.000000
0 574 0.423438 0.694444 0.126562 0.347222 1.000000
0 575 0.422656 0.690278 0.129688 0.358333 1.000000
0 576 0.426953 0.680556 0.124219 0.391667 1.000000
0 577 0.427344 0.676389 0.126562 0.408333 1.000000
0 578 0.425391 0.675000 0.125781 0.419444 1.000000
0 579 0.421094 0.677778 0.114062 0.430556 1.000000
0 580 0.419141 0.687500 0.103906 0.433333 1.000000
0 581 0.419531 0.688889 0.109375 0.438889 1.000000
0 582 0.421484 0.685417 0.105469 0.456944 1.000000
0 583 0.421094 0.689583 0.106250 0.473611 1.000000
0 584 0.425000 0.682639 0.112500 0.518056 1.000000
0 585 0.429688 0.688889 0.109375 0.519444 1.000000
0 586 0.437891 0.677778 0.103906 0.547222 1.000000
0 587 0.447266 0.688194 0.092969 0.540278 1.000000
0 588 0.466797 0.691667 0.083594 0.541667 1.000000
0 589 0.475000 0.693056 0.079687 0.538889 1.000000
0 590 0.481641 0.688194 0.072656 0.548611 1.000000
0 591 0.484766 0.685417 0.064844 0.554167 1.000000
0 592 0.490625 0.690972 0.078125 0.534722 1.000000
0 593 0.488281 0.696528 0.090625 0.512500 1.000000
0 594 0.487500 0.700694 0.093750 0.493056 1.000000
0 595 0.488672 0.707639 0.097656 0.476389 1.000000
0 596 0.491406 0.710417 0.095312 0.456944 1.000000
0 597 0.493359 0.713889 0.092969 0.450000 1.000000
0 598 0.494141 0.712500 0.094531 0.447222 1.000000
0 599 0.495312 0.711111 0.092188 0.447222 1.000000
0 600 0.501953 0.696528 0.088281 0.473611 1.000000
0 601 0.502344 0.688889 0.089063 0.488889 1.000000
0 602 0.503906 0.682639 0.087500 0.501389 1.000000
0 603 0.503906 0.679167 0.089063 0.508333 1.000000
0 604 0.508203 0.661111 0.085156 0.541667 1.000000
0 605 0.510156 0.656944 0.082812 0.538889 1.000000
0 606 0.508984 0.658333 0.086719 0.550000 1.000000
0 607 0.508984 0.665278 0.086719 0.541667 1.000000
0 608 0.505859 0.661111 0.092969 0.563889 1.000000
0 609 0.504297 0.664583 0.094531 0.556944 1.000000
0 610 0.501953 0.667361 0.094531 0.548611 1.000000
0 611 0.498828 0.672917 0.099219 0.537500 1.000000
0 612 0.492578 0.684722 0.102344 0.505556 1.000000
0 613 0.491406 0.696528 0.106250 0.479167 1.000000
0 614 0.493359 0.711806 0.096094 0.443056 1.000000
0 615 0.487891 0.713889 0.116406 0.436111 1.000000
0 616 0.488672 0.712500 0.116406 0.427778 1.000000
0 617 0.489063 0.707639 0.107813 0.431944 1.000000
0 618 0.482812 0.697222 0.110937 0.441667 1.000000
0 619 0.483203 0.685417 0.122656 0.451389 1.000000
0 620 0.505469 0.661111 0.189062 0.466667 1.000000
0 621 0.513672 0.653472 0.207031 0.468056 1.000000
0 622 0.510156 0.641667 0.214062 0.461111 1.000000
0 623 0.507812 0.637500 0.209375 0.452778 1.000000
0 624 0.494141 0.638889 0.153906 0.436111 1.000000
0 625 0.491797 0.647917 0.110156 0.437500 1.000000
0 626 0.497266 0.654167 0.077344 0.430556 1.000000
0 627 0.498828 0.655556 0.066406 0.425000 1.000000
0 628 0.499219 0.627083 0.071875 0.451389 1.000000
0 629 0.498047 0.597917 0.069531 0.495833 1.000000
0 630 0.502344 0.544444 0.076563 0.544444 1.000000
0 631 0.510156 0.506250 0.089063 0.581944 1.000000
0 632 0.496094 0.479167 0.153125 0.577778 1.000000
0 633 0.483984 0.481944 0.171094 0.541667 1.000000
0 634 0.485547 0.498611 0.183594 0.491667 1.000000
0 635 0.492969 0.501389 0.178125 0.472222 1.000000
0 636 0.489453 0.509028 0.167969 0.473611 1.000000
0 637 0.490234 0.518750 0.153906 0.470833 1.000000
0 638 0.487500 0.532639 0.134375 0.468056 1.000000
0 639 0.487109 0.547917 0.117969 0.459722 1.000000
0 640 0.488672 0.592361 0.089844 0.448611 1.000000
0 641 0.487891 0.608333 0.103906 0.425000 1.000000
0 642 0.485547 0.615278 0.114844 0.413889 1.000000
0 643 0.480469 0.603472 0.126562 0.412500 1.000000
0 644 0.458984 0.581250 0.171094 0.415278 1.000000
0 645 0.457813 0.577778 0.178125 0.411111 1.000000
0 648 0.449219 0.590972 0.164062 0.387500 1.000000
0 649 0.452344 0.594444 0.146875 0.377778 1.000000
0 650 0.460938 0.597222 0.125000 0.369444 1.000000
0 651 0.457813 0.595139 0.131250 0.365278 1.000000
0 652 0.456250 0.586806 0.090625 0.351389 1.000000
0 653 0.465625 0.583333 0.079687 0.350000 1.000000
0 654 0.468359 0.581250 0.069531 0.351389 1.000000
0 655 0.464062 0.579861 0.060937 0.345833 1.000000
0 656 0.452734 0.569444 0.055469 0.338889 1.000000
0 657 0.450391 0.570139 0.057031 0.337500 1.000000
0 658 0.452344 0.569444 0.054688 0.338889 1.000000
0 659 0.455078 0.566667 0.069531 0.341667 1.000000
0 660 0.467187 0.561111 0.112500 0.338889 1.000000
0 661 0.467578 0.560417 0.128906 0.326389 1.000000
0 662 0.459375 0.563889 0.120313 0.327778 1.000000
0 663 0.450781 0.568056 0.114062 0.322222 1.000000
0 664 0.437109 0.570833 0.103906 0.308333 1.000000
0 665 0.439063 0.568750 0.100000 0.309722 1.000000
0 666 0.441406 0.561111 0.092188 0.316667 1.000000
0 667 0.439844 0.553472 0.078125 0.323611 1.000000
0 668 0.440234 0.513194 0.066406 0.384722 1.000000
0 669 0.436719 0.504861 0.068750 0.401389 1.000000
0 670 0.435547 0.501389 0.071094 0.411111 1.000000
0 671 0.439453 0.505556 0.064844 0.411111 1.000000
0 672 0.439453 0.509028 0.053906 0.409722 1.000000
0 673 0.439453 0.514583 0.057031 0.398611 1.000000
0 674 0.439453 0.515278 0.060156 0.397222 1.000000
0 675 0.440234 0.515972 0.060156 0.393056 1.000000
0 676 0.433984 0.519444 0.060156 0.400000 1.000000
0 677 0.428125 0.513194 0.062500 0.406944 1.000000
0 678 0.423047 0.509028 0.067969 0.420833 1.000000
0 679 0.420703 0.504861 0.078906 0.423611 1.000000
0 680 0.416406 0.502778 0.090625 0.411111 1.000000
0 681 0.419922 0.514583 0.091406 0.393056 1.000000
0 682 0.423047 0.538889 0.089844 0.375000 1.000000
0 683 0.423047 0.558333 0.092969 0.341667 1.000000
0 684 0.419922 0.567361 0.099219 0.334722 1.000000
0 685 0.418750 0.569444 0.100000 0.336111 1.000000
0 686 0.421484 0.564583 0.103906 0.343056 1.000000
0 687 0.432812 0.561111 0.107813 0.352778 1.000000
0 688 0.458594 0.540278 0.104688 0.375000 1.000000
0 689 0.447656 0.517361 0.128125 0.420833 1.000000
0 690 0.433594 0.506250 0.137500 0.448611 1.000000
0 691 0.431250 0.504167 0.134375 0.452778 1.000000
0 692 0.449219 0.511806 0.153125 0.437500 1.000000
0 693 0.454297 0.521528 0.161719 0.437500 1.000000
0 694 0.453125 0.531944 0.157812 0.422222 1.000000
0 695 0.453125 0.538194 0.151562 0.401389 1.000000
0 696 0.458203 0.562500 0.121094 0.350000 1.000000
0 697 0.469531 0.563889 0.093750 0.350000 1.000000
0 698 0.480469 0.564583 0.064062 0.343056 1.000000
0 699 0.483203 0.570139 0.075781 0.329167 1.000000
0 700 0.478516 0.590972 0.077344 0.287500 1.000000
0 701 0.476953 0.604861 0.080469 0.259722 1.000000
0 702 0.475781 0.617361 0.079687 0.237500 1.000000
0 703 0.473047 0.619444 0.078906 0.230556 1.000000
0 704 0.471875 0.615972 0.078125 0.240278 1.000000
0 705 0.471094 0.607639 0.075000 0.248611 1.000000
0 706 0.467969 0.594444 0.075000 0.275000 1.000000
0 707 0.464453 0.580556 0.067969 0.300000 1.000000
0 708 0.455469 0.561806 0.056250 0.340278 1.000000
0 709 0.455469 0.555556 0.046875 0.352778 1.000000
0 710 0.453906 0.547222 0.043750 0.363889 1.000000
0 711 0.453906 0.543056 0.045312 0.369444 1.000000
0 712 0.453125 0.536806 0.045312 0.370833 1.000000
0 713 0.452344 0.539583 0.045312 0.368056 1.000000
0 714 0.452344 0.543750 0.043750 0.365278 1.000000
0 715 0.452734 0.552083 0.042969 0.365278 1.000000
0 716 0.454688 0.565972 0.048438 0.351389 1.000000
0 717 0.455859 0.562500 0.053906 0.352778 1.000000
0 718 0.456250 0.556250 0.051562 0.359722 1.000000
0 719 0.457813 0.550000 0.048438 0.366667 1.000000
0 720 0.457422 0.538889 0.039844 0.358333 1.000000
0 721 0.458984 0.538194 0.036719 0.354167 1.000000
0 722 0.457031 0.540972 0.040625 0.351389 1.000000
0 723 0.455469 0.545139 0.043750 0.345833 1.000000
0 724 0.457813 0.563889 0.042188 0.341667 1.000000
0 725 0.456641 0.567361 0.044531 0.331944 1.000000
0 726 0.456641 0.570139 0.042969 0.329167 1.000000
0 727 0.466016 0.569444 0.057031 0.327778 1.000000
0 728 0.479297 0.552083 0.071094 0.343056 1.000000
0 729 0.478125 0.527778 0.071875 0.386111 1.000000
0 730 0.474609 0.518750 0.071094 0.398611 1.000000
0 731 0.467969 0.513889 0.073438 0.372222 1.000000
0 732 0.464062 0.527083 0.078125 0.345833 1.000000
0 733 0.466016 0.527778 0.067969 0.336111 1.000000
0 734 0.469922 0.530556 0.058594 0.336111 1.000000
0 735 0.473438 0.536806 0.050000 0.329167 1.000000
0 736 0.458203 0.552083 0.072656 0.318056 1.000000
0 737 0.444922 0.557639 0.100781 0.306944 1.000000
0 738 0.440234 0.559722 0.107031 0.300000 1.000000
0 739 0.444141 0.560417 0.107031 0.295833 1.000000
0 740 0.459766 0.550000 0.092969 0.297222 1.000000
0 741 0.462500 0.541667 0.085938 0.308333 1.000000
0 742 0.462891 0.537500 0.082031 0.311111 1.000000
0 743 0.461719 0.537500 0.075000 0.313889 1.000000
0 744 0.456250 0.534722 0.062500 0.311111 1.000000
0 745 0.455469 0.538889 0.056250 0.300000 1.000000
0 746 0.454297 0.539583 0.055469 0.301389 1.000000
0 747 0.455469 0.530556 0.060937 0.319444 1.000000
0 748 0.448437 0.530556 0.075000 0.313889 1.000000
0 749 0.441016 0.540972 0.088281 0.293056 1.000000
0 750 0.434375 0.534028 0.095312 0.298611 1.000000
0 751 0.430859 0.528472 0.096094 0.301389 1.000000
0 752 0.439063 0.524306 0.095312 0.295833 1.000000
0 753 0.447656 0.531250 0.085938 0.290278 1.000000
0 754 0.452734 0.533333 0.085156 0.283333 1.000000
0 755 0.453516 0.537500 0.080469 0.275000 1.000000
0 756 0.449219 0.525000 0.073438 0.280556 1.000000
0 757 0.444922 0.516667 0.066406 0.286111 1.000000
0 758 0.442578 0.515972 0.058594 0.290278 1.000000
0 759 0.440234 0.511111 0.053906 0.288889 1.000000
0 760 0.440234 0.508333 0.049219 0.283333 1.000000
0 761 0.439844 0.515278 0.053125 0.280556 1.000000
0 762 0.440234 0.521528 0.063281 0.276389 1.000000
0 763 0.438672 0.525000 0.075781 0.275000 1.000000
0 764 0.440625 0.520833 0.085938 0.277778 1.000000
0 765 0.441797 0.514583 0.091406 0.287500 1.000000
0 766 0.443359 0.509028 0.094531 0.290278 1.000000
0 767 0.445312 0.504167 0.093750 0.288889 1.000000
0 768 0.441016 0.480556 0.075781 0.333333 1.000000
0 769 0.432422 0.471528 0.071094 0.348611 1.000000
0 770 0.428516 0.473611 0.074219 0.355556 1.000000
0 771 0.427344 0.475694 0.079687 0.354167 1.000000
0 772 0.426953 0.483333 0.089844 0.341667 1.000000
0 773 0.428516 0.488194 0.088281 0.337500 1.000000
0 774 0.430078 0.486806 0.085156 0.337500 1.000000
0 775 0.429688 0.485417 0.084375 0.343056 1.000000
0 776 0.428906 0.484722 0.082812 0.341667 1.000000
0 777 0.423828 0.486806 0.088281 0.337500 1.000000
0 778 0.414062 0.491667 0.098437 0.325000 1.000000
0 779 0.403906 0.502778 0.114062 0.305556 1.000000
0 780 0.407813 0.535417 0.103125 0.237500 1.000000
0 781 0.410938 0.541667 0.098437 0.225000 1.000000
0 782 0.407813 0.551389 0.103125 0.208333 1.000000
0 783 0.407422 0.561111 0.107031 0.186111 1.000000
0 784 0.402734 0.567361 0.111719 0.170833 1.000000
0 785 0.395703 0.565972 0.113281 0.173611 1.000000
0 786 0.392578 0.539583 0.122656 0.220833 1.000000
0 787 0.392578 0.516667 0.110156 0.269444 1.000000
0 788 0.403125 0.493750 0.076563 0.315278 1.000000
0 789 0.394141 0.493750 0.086719 0.315278 1.000000
0 790 0.387500 0.500000 0.103125 0.302778 1.000000
0 791 0.381641 0.511806 0.117969 0.284722 1.000000
0 792 0.381641 0.536806 0.135156 0.231944 1.000000
0 793 0.396875 0.526389 0.120313 0.252778 1.000000
0 794 0.401562 0.513889 0.125000 0.277778 1.000000
0 795 0.401172 0.500694 0.130469 0.304167 1.000000
0 796 0.406641 0.479167 0.105469 0.341667 1.000000
0 797 0.404297 0.474306 0.088281 0.351389 1.000000
0 798 0.405078 0.470833 0.061719 0.358333 1.000000
0 799 0.400391 0.476389 0.049219 0.352778 1.000000
0 800 0.406250 0.479861 0.057813 0.345833 1.000000
0 801 0.398438 0.481250 0.092188 0.340278 1.000000
0 802 0.401953 0.490278 0.103906 0.325000 1.000000
0 803 0.407031 0.499306 0.110937 0.301389 1.000000
0 804 0.407031 0.514583 0.143750 0.270833 1.000000
0 805 0.398438 0.519444 0.176563 0.261111 1.000000
0 806 0.403125 0.527083 0.178125 0.251389 1.000000
0 807 0.405469 0.535417 0.178125 0.231944 1.000000
0 808 0.410938 0.554167 0.176563 0.194444 1.000000
0 809 0.418750 0.556250 0.159375 0.187500 1.000000
0 810 0.414062 0.549306 0.160938 0.201389 1.000000
0 811 0.421875 0.530556 0.125000 0.244444 1.000000
0 812 0.400000 0.500000 0.109375 0.302778 1.000000
0 813 0.405469 0.492361 0.082812 0.318056 1.000000
0 814 0.404687 0.493056 0.067187 0.319444 1.000000
0 815 0.399219 0.494444 0.093750 0.313889 1.000000
0 816 0.391016 0.511806 0.144531 0.281944 1.000000
0 817 0.389453 0.522917 0.160156 0.256944 1.000000
0 818 0.384766 0.534722 0.161719 0.236111 1.000000
0 819 0.384375 0.537500 0.160938 0.225000 1.000000
0 820 0.387500 0.518056 0.137500 0.266667 1.000000
0 821 0.385547 0.509722 0.125781 0.280556 1.000000
0 822 0.385547 0.506250 0.113281 0.287500 1.000000
0 823 0.391406 0.508333 0.100000 0.288889 1.000000
0 824 0.412109 0.511806 0.060156 0.284722 1.000000
0 825 0.414453 0.513194 0.055469 0.279167 1.000000
0 826 0.416406 0.516667 0.070312 0.272222 1.000000
0 827 0.420312 0.521528 0.095312 0.259722 1.000000
0 828 0.435156 0.537500 0.135937 0.230556 1.000000
0 829 0.438281 0.545833 0.153125 0.213889 1.000000
0 830 0.440625 0.561111 0.159375 0.183333 1.000000
0 831 0.444141 0.559722 0.150781 0.186111 1.000000
0 832 0.444141 0.518750 0.116406 0.279167 1.000000
0 833 0.433594 0.503472 0.093750 0.315278 1.000000
0 834 0.423828 0.488889 0.072656 0.338889 1.000000
0 835 0.421484 0.486806 0.066406 0.345833 1.000000
0 836 0.422266 0.489583 0.061719 0.337500 1.000000
0 837 0.420312 0.490278 0.067187 0.336111 1.000000
0 838 0.423828 0.490972 0.063281 0.340278 1.000000
0 839 0.423828 0.489583 0.064844 0.337500 1.000000
0 840 0.432422 0.502083 0.069531 0.318056 1.000000
0 841 0.439844 0.515278 0.087500 0.288889 1.000000
0 842 0.446484 0.531250 0.102344 0.251389 1.000000
0 843 0.450000 0.550694 0.118750 0.206944 1.000000
0 844 0.460547 0.563889 0.135156 0.177778 1.000000
0 845 0.451953 0.561806 0.119531 0.181944 1.000000
0 846 0.449219 0.557639 0.115625 0.193056 1.000000
0 847 0.448047 0.548611 0.107031 0.208333 1.000000
0 848 0.448828 0.533333 0.092969 0.238889 1.000000
0 849 0.451172 0.524306 0.086719 0.254167 1.000000
0 850 0.446875 0.496528 0.095312 0.315278 1.000000
0 851 0.453906 0.480556 0.078125 0.347222 1.000000
0 852 0.457031 0.480556 0.078125 0.344444 1.000000
0 853 0.451953 0.503472 0.094531 0.304167 1.000000
0 854 0.460156 0.509722 0.089063 0.288889 1.000000
0 855 0.462891 0.510417 0.094531 0.290278 1.000000
0 856 0.475000 0.512500 0.093750 0.283333 1.000000
0 857 0.478125 0.515278 0.101562 0.280556 1.000000
0 858 0.483984 0.515972 0.097656 0.262500 1.000000
0 859 0.478516 0.520139 0.108594 0.268056 1.000000
0 860 0.480469 0.520139 0.110937 0.270833 1.000000
0 863 0.479687 0.513889 0.075000 0.272222 1.000000
0 864 0.496094 0.518056 0.095312 0.283333 1.000000
0 865 0.498828 0.517361 0.094531 0.281944 1.000000
0 866 0.494922 0.518750 0.083594 0.284722 1.000000
0 867 0.489453 0.518750 0.071094 0.284722 1.000000
0 870 0.511719 0.510417 0.100000 0.301389 1.000000
0 871 0.517188 0.511806 0.107813 0.298611 1.000000
0 872 0.528125 0.508333 0.100000 0.300000 1.000000
0 873 0.530469 0.503472 0.092188 0.298611 1.000000
0 874 0.528516 0.497222 0.085156 0.294444 1.000000
0 875 0.530859 0.491667 0.082031 0.291667 1.000000
0 876 0.539844 0.490278 0.076563 0.286111 1.000000
0 877 0.540234 0.493056 0.082031 0.283333 1.000000
0 878 0.542969 0.497222 0.082812 0.280556 1.000000
0 879 0.544922 0.506250 0.085156 0.270833 1.000000
0 880 0.551562 0.520139 0.084375 0.256944 1.000000
0 881 0.554297 0.525000 0.083594 0.250000 1.000000
0 882 0.555859 0.522222 0.082031 0.255556 1.000000
0 883 0.562109 0.515278 0.080469 0.261111 1.000000
0 884 0.583594 0.502083 0.093750 0.273611 1.000000
0 885 0.595703 0.495139 0.096094 0.273611 1.000000
0 886 0.602734 0.491667 0.088281 0.275000 1.000000
0 887 0.608984 0.488889 0.077344 0.277778 1.000000
0 888 0.608984 0.488889 0.064844 0.275000 1.000000
0 889 0.600000 0.493056 0.071875 0.269444 1.000000
0 890 0.592969 0.497917 0.078125 0.265278 1.000000
0 891 0.591797 0.511806 0.078906 0.268056 1.000000
0 892 0.597656 0.513194 0.079687 0.262500 1.000000
0 893 0.605859 0.511111 0.069531 0.269444 1.000000
0 894 0.610156 0.504167 0.068750 0.275000 1.000000
0 895 0.615625 0.497222 0.065625 0.272222 1.000000
0 896 0.618359 0.491667 0.077344 0.277778 1.000000
0 897 0.619141 0.490972 0.088281 0.279167 1.000000
0 898 0.619531 0.493750 0.098437 0.273611 1.000000
0 899 0.619531 0.495139 0.110937 0.270833 1.000000
0 900 0.619922 0.510417 0.128906 0.270833 1.000000
0 901 0.623047 0.520833 0.125781 0.258333 1.000000
0 902 0.621875 0.511806 0.120313 0.270833 1.000000
0 903 0.622656 0.499306 0.117188 0.295833 1.000000
0 904 0.627344 0.472917 0.110937 0.323611 1.000000
0 905 0.627734 0.455556 0.100781 0.336111 1.000000
0 906 0.627734 0.439583 0.094531 0.345833 1.000000
0 907 0.628906 0.431250 0.092188 0.351389 1.000000
0 908 0.630859 0.426389 0.092969 0.350000 1.000000
0 909 0.631250 0.425000 0.095312 0.350000 1.000000
0 910 0.630469 0.429167 0.095312 0.347222 1.000000
0 911 0.630469 0.434722 0.092188 0.341667 1.000000
0 912 0.630859 0.459028 0.085156 0.323611 1.000000
0 913 0.632812 0.473611 0.076563 0.308333 1.000000
0 914 0.635156 0.488889 0.071875 0.300000 1.000000
0 915 0.635547 0.499306 0.074219 0.284722 1.000000
0 916 0.643359 0.535417 0.085156 0.215278 1.000000
0 917 0.645312 0.535417 0.090625 0.215278 1.000000
0 918 0.622266 0.535417 0.072656 0.215278 1.000000
0 919 0.610938 0.534722 0.065625 0.219444 1.000000
0 920 0.612500 0.497222 0.071875 0.291667 1.000000
0 921 0.617969 0.475000 0.060937 0.341667 1.000000
0 922 0.621875 0.460417 0.051562 0.356944 1.000000
0 923 0.626563 0.445833 0.048438 0.361111 1.000000
0 924 0.648828 0.421528 0.086719 0.326389 1.000000
0 925 0.655078 0.404167 0.111719 0.280556 1.000000
0 926 0.653906 0.395139 0.129688 0.234722 1.000000
0 927 0.652734 0.382639 0.139844 0.176389 1.000000
0 928 0.648828 0.393056 0.130469 0.155556 1.000000
0 929 0.651953 0.397917 0.128906 0.129167 1.000000
0 930 0.655078 0.412500 0.128906 0.144444 1.000000
0 931 0.644922 0.441667 0.121094 0.200000 1.000000
0 932 0.626172 0.489583 0.089844 0.273611 1.000000
0 933 0.627734 0.506944 0.072656 0.280556 1.000000
0 934 0.633203 0.525694 0.058594 0.287500 1.000000
0 935 0.647266 0.539583 0.039844 0.268056 1.000000
0 936 0.649219 0.552083 0.064062 0.243056 1.000000
0 937 0.642578 0.553472 0.069531 0.243056 1.000000
0 938 0.637891 0.552083 0.082031 0.245833 1.000000
0 939 0.627344 0.549306 0.087500 0.254167 1.000000
0 940 0.624609 0.547222 0.097656 0.266667 1.000000
0 941 0.624609 0.540278 0.100781 0.280556 1.000000
0 942 0.625781 0.534722 0.104688 0.286111 1.000000
0 943 0.633984 0.517361 0.092969 0.318056 1.000000
0 944 0.637109 0.510417 0.075781 0.337500 1.000000
0 945 0.639844 0.519444 0.075000 0.322222 1.000000
0 946 0.642188 0.531250 0.071875 0.298611 1.000000
0 947 0.636719 0.532639 0.068750 0.295833 1.000000
0 948 0.626953 0.547222 0.067969 0.291667 1.000000
0 949 0.619531 0.552083 0.073438 0.287500 1.000000
0 950 0.614453 0.546528 0.082031 0.301389 1.000000
0 951 0.613281 0.541667 0.089063 0.316667 1.000000
0 952 0.602734 0.552083 0.100781 0.301389 1.000000
0 953 0.596484 0.552778 0.092969 0.305556 1.000000
0 954 0.588672 0.545833 0.067969 0.300000 1.000000
0 955 0.583203 0.549306 0.058594 0.301389 1.000000
0 956 0.569141 0.559722 0.066406 0.300000 1.000000
0 957 0.562500 0.565972 0.082812 0.295833 1.000000
0 958 0.556641 0.572222 0.092969 0.286111 1.000000
0 959 0.556250 0.575000 0.095312 0.288889 1.000000
0 960 0.545703 0.571528 0.149219 0.290278 1.000000
0 961 0.542188 0.570139 0.140625 0.295833 1.000000
0 962 0.550000 0.565278 0.131250 0.305556 1.000000
0 963 0.547266 0.560417 0.116406 0.306944 1.000000
0 964 0.531250 0.548611 0.170313 0.311111 1.000000
0 965 0.527344 0.550694 0.173437 0.304167 1.000000
0 968 0.499609 0.569444 0.150781 0.291667 1.000000
0 969 0.474219 0.575000 0.095312 0.286111 1.000000
0 970 0.472656 0.573611 0.076563 0.280556 1.000000
0 971 0.469141 0.577778 0.069531 0.283333 1.000000
0 972 0.464844 0.575694 0.073438 0.287500 1.000000
0 973 0.462891 0.568750 0.092969 0.298611 1.000000
0 974 0.462500 0.547917 0.101562 0.343056 1.000000
0 975 0.465234 0.531250 0.097656 0.368056 1.000000
0 976 0.462500 0.481250 0.095312 0.365278 1.000000
0 977 0.464453 0.481944 0.088281 0.372222 1.000000
0 978 0.464453 0.486806 0.082031 0.393056 1.000000
0 979 0.458594 0.491667 0.070312 0.394444 1.000000
0 980 0.457422 0.506250 0.060156 0.381944 1.000000
0 981 0.458594 0.526389 0.057813 0.350000 1.000000
0 982 0.455859 0.549306 0.063281 0.334722 1.000000
0 983 0.454297 0.559028 0.064844 0.329167 1.000000
0 984 0.453125 0.568056 0.081250 0.316667 1.000000
0 985 0.449609 0.569444 0.088281 0.319444 1.000000
0 986 0.451953 0.570139 0.100781 0.323611 1.000000
0 987 0.475781 0.570139 0.064062 0.326389 1.000000
0 1003 0.450391 0.580556 0.116406 0.325000 1.000000
0 1004 0.436328 0.571528 0.091406 0.340278 1.000000
0 1005 0.427344 0.561806 0.098437 0.345833 1.000000
0 1006 0.427734 0.561111 0.094531 0.330556 1.000000
0 1021 0.322266 0.512500 0.117969 0.430556 1.000000
0 1022 0.321875 0.518750 0.110937 0.429167 1.000000
0 1023 0.320703 0.524306 0.107031 0.429167 1.000000
0 1024 0.321094 0.534722 0.123438 0.405556 1.000000
0 1025 0.315234 0.541667 0.160156 0.388889 1.000000
0 1026 0.319531 0.553472 0.185938 0.373611 1.000000
0 1027 0.330859 0.549306 0.194531 0.381944 1.000000
0 1028 0.367969 0.536111 0.128125 0.383333 1.000000
0 1029 0.366797 0.531944 0.110156 0.383333 1.000000
0 1030 0.366797 0.530556 0.088281 0.377778 1.000000
0 1031 0.380859 0.539583 0.092969 0.379167 1.000000
0 1032 0.391016 0.555556 0.111719 0.375000 1.000000
0 1033 0.392188 0.557639 0.107813 0.373611 1.000000
0 1034 0.390625 0.556250 0.104688 0.379167 1.000000
0 1035 0.387891 0.548611 0.096094 0.386111 1.000000
0 1036 0.380469 0.537500 0.079687 0.383333 1.000000
0 1037 0.379297 0.538889 0.077344 0.383333 1.000000
0 1038 0.380859 0.547222 0.078906 0.386111 1.000000
0 1039 0.380078 0.556944 0.082031 0.388889 1.000000
0 1040 0.379688 0.571528 0.104688 0.373611 1.000000
0 1041 0.376172 0.572917 0.116406 0.373611 1.000000
0 1042 0.376172 0.569444 0.125781 0.377778 1.000000
0 1043 0.373437 0.564583 0.129688 0.381944 1.000000
0 1044 0.353906 0.528472 0.142187 0.426389 1.000000
0 1045 0.347266 0.515278 0.149219 0.441667 1.000000
0 1046 0.350391 0.528472 0.164844 0.443056 1.000000
0 1047 0.347656 0.532639 0.167187 0.440278 1.000000
0 1048 0.328516 0.531250 0.183594 0.443056 1.000000
0 1049 0.319531 0.527083 0.187500 0.451389 1.000000
0 1050 0.314453 0.523611 0.188281 0.455556 1.000000
0 1051 0.314844 0.520833 0.173437 0.447222 1.000000
0 1052 0.316797 0.548611 0.136719 0.394444 1.000000
0 1053 0.309375 0.561806 0.123438 0.368056 1.000000
0 1054 0.299609 0.560417 0.097656 0.370833 1.000000
0 1055 0.287891 0.556944 0.075781 0.369444 1.000000
0 1056 0.289062 0.541667 0.070312 0.363889 1.000000
0 1057 0.284375 0.539583 0.064062 0.365278 1.000000
0 1058 0.278516 0.542361 0.041406 0.365278 1.000000
0 1059 0.272656 0.545833 0.056250 0.361111 1.000000
0 1060 0.255859 0.552083 0.089844 0.343056 1.000000
0 1061 0.259375 0.556250 0.098437 0.334722 1.000000
0 1062 0.263281 0.558333 0.103125 0.325000 1.000000
0 1063 0.266797 0.563889 0.097656 0.319444 1.000000
0 1064 0.269141 0.559028 0.091406 0.318056 1.000000
0 1065 0.271094 0.552778 0.092188 0.325000 1.000000
0 1066 0.271484 0.547917 0.091406 0.331944 1.000000
0 1067 0.270703 0.538889 0.089844 0.327778 1.000000
0 1068 0.267188 0.538194 0.075000 0.323611 1.000000
0 1069 0.265234 0.536111 0.064844 0.322222 1.000000
0 1070 0.266797 0.540278 0.057031 0.316667 1.000000
0 1071 0.264062 0.545139 0.059375 0.309722 1.000000
0 1072 0.262891 0.561806 0.066406 0.295833 1.000000
0 1073 0.262109 0.563194 0.063281 0.290278 1.000000
0 1074 0.263672 0.559722 0.061719 0.294444 1.000000
0 1075 0.266016 0.554167 0.053906 0.305556 1.000000
0 1076 0.267578 0.545139 0.083594 0.306944 1.000000
0 1077 0.269141 0.545833 0.107031 0.308333 1.000000
0 1078 0.268359 0.550694 0.135156 0.304167 1.000000
0 1079 0.268750 0.552778 0.160938 0.302778 1.000000
0 1080 0.273047 0.554861 0.172656 0.301389 1.000000
0 1081 0.272266 0.554861 0.175781 0.301389 1.000000
0 1082 0.267578 0.557639 0.163281 0.298611 1.000000
0 1083 0.267969 0.559028 0.162500 0.295833 1.000000
0 1084 0.256641 0.559028 0.136719 0.290278 1.000000
0 1085 0.250391 0.561111 0.119531 0.291667 1.000000
0 1086 0.249609 0.562500 0.108594 0.288889 1.000000
0 1087 0.246875 0.562500 0.101562 0.286111 1.000000
0 1088 0.250000 0.566667 0.093750 0.280556 1.000000
0 1089 0.246094 0.564583 0.101562 0.281944 1.000000
0 1090 0.251953 0.564583 0.121094 0.284722 1.000000
0 1091 0.263281 0.563194 0.150000 0.284722 1.000000
0 1092 0.274219 0.564583 0.154688 0.284722 1.000000
0 1093 0.275391 0.563889 0.103906 0.286111 1.000000
0 1094 0.268359 0.563194 0.046094 0.287500 1.000000
0 1095 0.273438 0.562500 0.060937 0.291667 1.000000
0 1096 0.265625 0.559028 0.165625 0.298611 1.000000
0 1097 0.258203 0.556250 0.138281 0.304167 1.000000
0 1098 0.253906 0.556944 0.075000 0.302778 1.000000
0 1099 0.265234 0.556944 0.047656 0.305556 1.000000
0 1100 0.258984 0.555556 0.124219 0.305556 1.000000
0 1101 0.267188 0.556250 0.140625 0.304167 1.000000
0 1102 0.276562 0.554861 0.125000 0.304167 1.000000
0 1103 0.285547 0.556250 0.088281 0.304167 1.000000
0 1104 0.280859 0.558333 0.064844 0.302778 1.000000
0 1105 0.280859 0.559722 0.064844 0.302778 1.000000
0 1106 0.270313 0.559722 0.062500 0.300000 1.000000
0 1107 0.263281 0.559028 0.062500 0.301389 1.000000
0 1108 0.262500 0.557639 0.053125 0.301389 1.000000
0 1109 0.267188 0.555556 0.046875 0.305556 1.000000
0 1110 0.270313 0.556250 0.054688 0.306944 1.000000
0 1111 0.272266 0.556250 0.057031 0.306944 1.000000
0 1112 0.278125 0.556944 0.067187 0.302778 1.000000
0 1113 0.275000 0.558333 0.051562 0.302778 1.000000
0 1114 0.277344 0.558333 0.054688 0.302778 1.000000
0 1115 0.277734 0.559028 0.071094 0.301389 1.000000
0 1116 0.270703 0.557639 0.060156 0.304167 1.000000
0 1117 0.273047 0.556944 0.053906 0.302778 1.000000
0 1118 0.278516 0.556944 0.042969 0.302778 1.000000
0 1119 0.282031 0.556944 0.051562 0.302778 1.000000
0 1120 0.285938 0.559722 0.079687 0.300000 1.000000
0 1121 0.292187 0.560417 0.098437 0.295833 1.000000
0 1122 0.298438 0.564583 0.100000 0.290278 1.000000
0 1123 0.303125 0.564583 0.093750 0.287500 1.000000
0 1124 0.301172 0.561111 0.082031 0.294444 1.000000
0 1125 0.302734 0.556250 0.077344 0.293056 1.000000
0 1126 0.304688 0.552083 0.075000 0.290278 1.000000
0 1127 0.305078 0.549306 0.074219 0.281944 1.000000
0 1128 0.308594 0.554861 0.067187 0.273611 1.000000
0 1129 0.310937 0.565278 0.065625 0.283333 1.000000
0 1130 0.313281 0.569444 0.071875 0.283333 1.000000
0 1131 0.316406 0.568056 0.078125 0.283333 1.000000
0 1132 0.327344 0.556250 0.078125 0.295833 1.000000
0 1133 0.333594 0.547917 0.078125 0.298611 1.000000
0 1134 0.340625 0.532639 0.075000 0.337500 1.000000
0 1135 0.352734 0.521528 0.061719 0.365278 1.000000
0 1136 0.367578 0.524306 0.053906 0.370833 1.000000
0 1137 0.376172 0.530556 0.067969 0.361111 1.000000
0 1138 0.387500 0.529167 0.085938 0.366667 1.000000
0 1139 0.396094 0.538889 0.100000 0.344444 1.000000
0 1140 0.408594 0.534028 0.095312 0.343056 1.000000
0 1141 0.416797 0.534722 0.082031 0.333333 1.000000
0 1142 0.423828 0.529167 0.061719 0.338889 1.000000
0 1143 0.433594 0.525694 0.057813 0.351389 1.000000
0 1144 0.465625 0.534028 0.093750 0.351389 1.000000
0 1145 0.475391 0.540278 0.114844 0.341667 1.000000
0 1146 0.481250 0.541667 0.123438 0.333333 1.000000
0 1147 0.487109 0.543750 0.127344 0.334722 1.000000
0 1148 0.499609 0.537500 0.119531 0.300000 1.000000
0 1149 0.503125 0.521528 0.112500 0.279167 1.000000
0 1150 0.508984 0.520139 0.099219 0.273611 1.000000
0 1152 0.539844 0.547222 0.050000 0.305556 1.000000
0 1153 0.547266 0.556250 0.060156 0.304167 1.000000
0 1154 0.557031 0.563889 0.075000 0.297222 1.000000
0 1155 0.567969 0.566667 0.100000 0.291667 1.000000
0 1156 0.583984 0.565278 0.105469 0.294444 1.000000
0 1157 0.594141 0.549306 0.099219 0.326389 1.000000
0 1158 0.604688 0.540972 0.085938 0.343056 1.000000
0 1159 0.618750 0.533333 0.070312 0.352778 1.000000
0 1160 0.649219 0.519444 0.050000 0.355556 1.000000
0 1161 0.667188 0.515972 0.053125 0.351389 1.000000
0 1162 0.680078 0.516667 0.057031 0.352778 1.000000
0 1163 0.693750 0.520139 0.059375 0.354167 1.000000
0 1164 0.726172 0.534722 0.074219 0.350000 1.000000
0 1165 0.735156 0.539583 0.081250 0.343056 1.000000
0 1166 0.743359 0.541667 0.086719 0.341667 1.000000
0 1167 0.757031 0.542361 0.090625 0.343056 1.000000
0 1168 0.787500 0.553472 0.084375 0.312500 1.000000
0 1169 0.804688 0.552778 0.075000 0.319444 1.000000
0 1170 0.814063 0.547917 0.078125 0.306944 1.000000
0 1171 0.820312 0.543056 0.087500 0.294444 1.000000
0 1172 0.825000 0.558333 0.075000 0.300000 1.000000
0 1173 0.830859 0.564583 0.064844 0.290278 1.000000
0 1174 0.839063 0.568056 0.059375 0.283333 1.000000
0 1175 0.851953 0.565972 0.064844 0.287500 1.000000
0 1176 0.871484 0.557639 0.085156 0.301389 1.000000
0 1177 0.878516 0.551389 0.094531 0.302778 1.000000
0 1178 0.882812 0.545833 0.096875 0.311111 1.000000
0 1179 0.883984 0.531250 0.085156 0.345833 1.000000
0 1180 0.880469 0.522917 0.056250 0.373611 1.000000
0 1181 0.884766 0.525694 0.052344 0.373611 1.000000
0 1182 0.891797 0.526389 0.060156 0.369444 1.000000
0 1183 0.897266 0.527778 0.072656 0.366667 1.000000
0 1184 0.905469 0.551389 0.101562 0.319444 1.000000
0 1185 0.908203 0.567361 0.110156 0.287500 1.000000
0 1186 0.907422 0.572917 0.121094 0.276389 1.000000
0 1187 0.908594 0.570833 0.126562 0.283333 1.000000
0 1188 0.912109 0.570139 0.127344 0.304167 1.000000
0 1189 0.914062 0.568056 0.123438 0.308333 1.000000
0 1190 0.917188 0.565972 0.117188 0.315278 1.000000
0 1191 0.919531 0.562500 0.109375 0.325000 1.000000
0 1192 0.926953 0.558333 0.089844 0.325000 1.000000
0 1193 0.933203 0.554167 0.083594 0.322222 1.000000
0 1194 0.935547 0.558333 0.077344 0.327778 1.000000
0 1195 0.935937 0.563889 0.082812 0.330556 1.000000
0 1196 0.930859 0.570139 0.102344 0.337500 1.000000
0 1197 0.931641 0.565972 0.107031 0.345833 1.000000
0 1198 0.938281 0.560417 0.107813 0.354167 1.000000
0 1199 0.946875 0.556250 0.100000 0.362500 1.000000
0 1200 0.947266 0.529167 0.080469 0.411111 1.000000
0 1201 0.939844 0.527083 0.112500 0.415278 1.000000
0 1202 0.933984 0.532639 0.130469 0.412500 1.000000
0 1203 0.930859 0.541667 0.136719 0.411111 1.000000
