0 1 0.523438 0.648148 0.059375 0.188889 0.000000 0.000000 1.000000
0 2 0.517448 0.652778 0.054688 0.181481 -0.005990 0.004630 1.000000
0 3 0.514844 0.664352 0.051562 0.158333 -0.002604 0.011574 1.000000
0 4 0.514062 0.662500 0.046875 0.162037 -0.000781 -0.001852 1.000000
0 5 0.512240 0.659722 0.041146 0.165741 -0.001823 -0.002778 1.000000
0 6 0.511198 0.658333 0.039062 0.168519 -0.001042 -0.001389 1.000000
0 7 0.511198 0.656944 0.039062 0.171296 0.000000 -0.001389 1.000000
0 8 0.514062 0.655556 0.038542 0.172222 0.002865 -0.001389 1.000000
0 9 0.515104 0.654167 0.039583 0.171296 0.001042 -0.001389 1.000000
0 10 0.515885 0.654630 0.049479 0.168519 0.000781 0.000463 1.000000
0 11 0.513542 0.657407 0.053125 0.164815 -0.002344 0.002778 1.000000
0 12 0.514323 0.657407 0.051562 0.161111 0.000781 0.000000 1.000000
0 13 0.515885 0.665278 0.043229 0.162037 0.001563 0.007870 1.000000
0 14 0.511458 0.663889 0.044792 0.164815 -0.004427 -0.001389 1.000000
0 15 0.512500 0.662500 0.042708 0.165741 0.001042 -0.001389 1.000000
0 16 0.514062 0.662037 0.039583 0.170370 0.001563 -0.000463 1.000000
0 17 0.514583 0.661111 0.038542 0.172222 0.000521 -0.000926 1.000000
0 18 0.513542 0.659259 0.040625 0.174074 -0.001042 -0.001852 1.000000
0 19 0.509375 0.654630 0.046875 0.179630 -0.004167 -0.004630 1.000000
0 20 0.509635 0.650926 0.042188 0.177778 0.000260 -0.003704 1.000000
0 21 0.510677 0.635185 0.033854 0.205556 0.001042 -0.015741 1.000000
0 22 0.517708 0.626389 0.057292 0.225000 0.007031 -0.008796 1.000000
0 23 0.511979 0.626852 0.070833 0.227778 -0.005729 0.000463 1.000000
0 24 0.501302 0.652315 0.076563 0.176852 -0.010677 0.025463 1.000000
0 25 0.497135 0.656481 0.069271 0.170370 -0.004167 0.004167 1.000000
0 26 0.493490 0.660648 0.056771 0.162037 -0.003646 0.004167 1.000000
0 27 0.495573 0.662500 0.050521 0.156481 0.002083 0.001852 1.000000
0 28 0.496354 0.662500 0.045833 0.158333 0.000781 0.000000 1.000000
0 29 0.496094 0.655556 0.047396 0.172222 -0.000260 -0.006944 1.000000
0 30 0.493750 0.651852 0.051042 0.177778 -0.002344 -0.003704 1.000000
0 31 0.491406 0.649537 0.057813 0.182407 -0.002344 -0.002315 1.000000
0 32 0.488542 0.647222 0.061458 0.187037 -0.002865 -0.002315 1.000000
0 33 0.488021 0.647222 0.062500 0.187037 -0.000521 0.000000 1.000000
0 34 0.489583 0.648148 0.053125 0.187037 0.001563 0.000926 1.000000
0 35 0.492969 0.649537 0.045312 0.182407 0.003385 0.001389 1.000000
0 36 0.503125 0.654167 0.053125 0.173148 0.010156 0.004630 1.000000
0 37 0.505208 0.658796 0.066667 0.163889 0.002083 0.004630 1.000000
0 38 0.504687 0.664815 0.066667 0.155556 -0.000521 0.006019 1.000000
0 39 0.502865 0.668519 0.061979 0.150000 -0.001823 0.003704 1.000000
0 40 0.506510 0.669444 0.058854 0.150000 0.003646 0.000926 1.000000
0 41 0.506510 0.668981 0.058854 0.149074 0.000000 -0.000463 1.000000
0 42 0.507292 0.667593 0.058333 0.146296 0.000781 -0.001389 1.000000
0 43 0.506250 0.666204 0.057292 0.149074 -0.001042 -0.001389 1.000000
0 44 0.505469 0.661111 0.056771 0.159259 -0.000781 -0.005093 1.000000
0 45 0.503385 0.654630 0.057813 0.164815 -0.002083 -0.006481 1.000000
0 46 0.497917 0.651852 0.054167 0.170370 -0.005469 -0.002778 1.000000
0 47 0.497135 0.652315 0.055729 0.169444 -0.000781 0.000463 1.000000
0 48 0.496354 0.652315 0.055208 0.173148 -0.000781 0.000000 1.000000
0 49 0.497135 0.650463 0.055729 0.178704 0.000781 -0.001852 1.000000
0 50 0.503125 0.650926 0.059375 0.177778 0.005990 0.000463 1.000000
0 51 0.500260 0.651389 0.054688 0.178704 -0.002865 0.000463 1.000000
0 52 0.498177 0.651852 0.040104 0.177778 -0.002083 0.000463 1.000000
0 53 0.498958 0.652778 0.035417 0.175926 0.000781 0.000926 1.000000
0 54 0.499479 0.653241 0.037500 0.171296 0.000521 0.000463 1.000000
0 55 0.506250 0.656944 0.038542 0.163889 0.006771 0.003704 1.000000
0 56 0.508594 0.658796 0.043229 0.160185 0.002344 0.001852 1.000000
0 57 0.511719 0.662037 0.053646 0.155556 0.003125 0.003241 1.000000
0 58 0.515365 0.667593 0.064062 0.151852 0.003646 0.005556 1.000000
0 59 0.518229 0.669907 0.068750 0.145370 0.002865 0.002315 1.000000
0 60 0.519271 0.667593 0.066667 0.148148 0.001042 -0.002315 1.000000
0 61 0.519531 0.664815 0.065104 0.155556 0.000260 -0.002778 1.000000
0 62 0.518229 0.662963 0.067708 0.157407 -0.001302 -0.001852 1.000000
0 63 0.517708 0.656944 0.067708 0.171296 -0.000521 -0.006019 1.000000
0 64 0.516667 0.658796 0.065625 0.163889 -0.001042 0.001852 1.000000
0 65 0.514583 0.657870 0.061458 0.162037 -0.002083 -0.000926 1.000000
0 66 0.512240 0.655093 0.056771 0.154630 -0.002344 -0.002778 1.000000
0 67 0.504948 0.660185 0.056771 0.162963 -0.007292 0.005093 1.000000
0 68 0.502344 0.660648 0.068229 0.156481 -0.002604 0.000463 1.000000
0 69 0.507552 0.662037 0.056771 0.155556 0.005208 0.001389 1.000000
0 70 0.505469 0.662037 0.059896 0.155556 -0.002083 0.000000 1.000000
0 71 0.500260 0.662037 0.076563 0.153704 -0.005208 0.000000 1.000000
0 72 0.501823 0.662037 0.069271 0.151852 0.001563 0.000000 1.000000
0 73 0.503125 0.662963 0.060417 0.153704 0.001302 0.000926 1.000000
0 74 0.502865 0.668981 0.059896 0.162037 -0.000260 0.006019 1.000000
0 75 0.505208 0.666204 0.048958 0.154630 0.002344 -0.002778 1.000000
0 76 0.503125 0.665278 0.047917 0.150926 -0.002083 -0.000926 1.000000
0 77 0.500000 0.665278 0.054167 0.147222 -0.003125 0.000000 1.000000
0 78 0.496875 0.668981 0.059375 0.143519 -0.003125 0.003704 1.000000
0 79 0.496615 0.669444 0.058854 0.144444 -0.000260 0.000463 1.000000
0 80 0.496615 0.667593 0.059896 0.146296 0.000000 -0.001852 1.000000
0 81 0.498698 0.667130 0.063021 0.149074 0.002083 -0.000463 1.000000
0 82 0.497396 0.667130 0.064583 0.150926 -0.001302 0.000000 1.000000
0 83 0.495312 0.667130 0.059375 0.150926 -0.002083 0.000000 1.000000
0 84 0.494010 0.669907 0.056771 0.152778 -0.001302 0.002778 1.000000
0 85 0.494531 0.671759 0.052604 0.149074 0.000521 0.001852 1.000000
0 86 0.497396 0.672685 0.046875 0.145370 0.002865 0.000926 1.000000
0 87 0.501302 0.675000 0.038021 0.144444 0.003906 0.002315 1.000000
0 88 0.501823 0.678241 0.038021 0.141667 0.000521 0.003241 1.000000
0 89 0.501823 0.673611 0.036979 0.150926 0.000000 -0.004630 1.000000
0 90 0.501563 0.666667 0.037500 0.161111 -0.000260 -0.006944 1.000000
0 91 0.503646 0.660648 0.041667 0.171296 0.002083 -0.006019 1.000000
0 92 0.504687 0.657407 0.043750 0.179630 0.001042 -0.003241 1.000000
0 93 0.504427 0.654167 0.042188 0.186111 -0.000260 -0.003241 1.000000
0 94 0.505208 0.650926 0.043750 0.190741 0.000781 -0.003241 1.000000
0 95 0.506510 0.651852 0.043229 0.190741 0.001302 0.000926 1.000000
0 96 0.505729 0.651852 0.042708 0.190741 -0.000781 0.000000 1.000000
0 97 0.506250 0.652778 0.043750 0.187037 0.000521 0.000926 1.000000
0 98 0.503125 0.654167 0.038542 0.178704 -0.003125 0.001389 1.000000
0 99 0.505729 0.657870 0.032292 0.169444 0.002604 0.003704 1.000000
0 100 0.505208 0.659259 0.032292 0.168519 -0.000521 0.001389 1.000000
0 101 0.504948 0.659722 0.031771 0.167593 -0.000260 0.000463 1.000000
0 102 0.505729 0.660648 0.032292 0.167593 0.000781 0.000926 1.000000
0 103 0.505729 0.660648 0.032292 0.167593 0.000000 0.000000 1.000000
0 104 0.504948 0.661574 0.031771 0.165741 -0.000781 0.000926 1.000000
0 105 0.503646 0.662037 0.033333 0.164815 -0.001302 0.000463 1.000000
0 106 0.500260 0.662500 0.039062 0.163889 -0.003385 0.000463 1.000000
0 107 0.499479 0.663889 0.040625 0.162963 -0.000781 0.001389 1.000000
0 108 0.501823 0.664815 0.038021 0.162963 0.002344 0.000926 1.000000
0 109 0.496094 0.664815 0.057813 0.161111 -0.005729 0.000000 1.000000
0 110 0.490625 0.664815 0.070833 0.161111 -0.005469 0.000000 1.000000
0 111 0.490365 0.665278 0.074479 0.160185 -0.000260 0.000463 1.000000
0 112 0.489063 0.664815 0.079167 0.161111 -0.001302 -0.000463 1.000000
0 113 0.486979 0.662963 0.082292 0.162963 -0.002083 -0.001852 1.000000
0 114 0.489844 0.657870 0.066146 0.173148 0.002865 -0.005093 1.000000
0 115 0.492188 0.657870 0.059375 0.173148 0.002344 0.000000 1.000000
0 116 0.493750 0.658796 0.051042 0.175000 0.001563 0.000926 1.000000
0 117 0.496354 0.660185 0.042708 0.172222 0.002604 0.001389 1.000000
0 118 0.498958 0.659722 0.036458 0.173148 0.002604 -0.000463 1.000000
0 119 0.497135 0.656944 0.039062 0.178704 -0.001823 -0.002778 1.000000
0 120 0.498437 0.655093 0.036458 0.184259 0.001302 -0.001852 1.000000
0 121 0.499740 0.655093 0.034896 0.184259 0.001302 0.000000 1.000000
0 122 0.499479 0.655093 0.033333 0.184259 -0.000260 0.000000 1.000000
0 123 0.498958 0.654167 0.033333 0.182407 -0.000521 -0.000926 1.000000
0 124 0.499479 0.656481 0.033333 0.179630 0.000521 0.002315 1.000000
0 125 0.500260 0.658333 0.034896 0.177778 0.000781 0.001852 1.000000
0 126 0.500260 0.659722 0.038021 0.173148 0.000000 0.001389 1.000000
0 127 0.501302 0.663889 0.041146 0.166667 0.001042 0.004167 1.000000
0 128 0.502083 0.667593 0.039583 0.159259 0.000781 0.003704 1.000000
0 129 0.502083 0.672685 0.038542 0.147222 0.000000 0.005093 1.000000
0 130 0.501563 0.673611 0.039583 0.145370 -0.000521 0.000926 1.000000
0 131 0.501563 0.674074 0.040625 0.144444 0.000000 0.000463 1.000000
0 132 0.501302 0.672222 0.041146 0.148148 -0.000260 -0.001852 1.000000
0 133 0.501563 0.671296 0.040625 0.151852 0.000260 -0.000926 1.000000
0 134 0.503125 0.664815 0.037500 0.164815 0.001563 -0.006481 1.000000
0 135 0.503646 0.660648 0.038542 0.171296 0.000521 -0.004167 1.000000
0 136 0.500781 0.657870 0.044271 0.176852 -0.002865 -0.002778 1.000000
0 137 0.497396 0.653704 0.054167 0.185185 -0.003385 -0.004167 1.000000
0 138 0.492969 0.649074 0.064062 0.194444 -0.004427 -0.004630 1.000000
0 139 0.493229 0.650000 0.064583 0.196296 0.000260 0.000926 1.000000
0 140 0.493750 0.650000 0.064583 0.194444 0.000521 0.000000 1.000000
0 141 0.492708 0.650926 0.063542 0.192593 -0.001042 0.000926 1.000000
0 142 0.495052 0.655556 0.058854 0.185185 0.002344 0.004630 1.000000
0 143 0.502604 0.656019 0.045833 0.184259 0.007552 0.000463 1.000000
0 144 0.506771 0.663426 0.036458 0.171296 0.004167 0.007407 1.000000
0 145 0.504948 0.668981 0.040104 0.162037 -0.001823 0.005556 1.000000
0 146 0.501823 0.674074 0.046354 0.148148 -0.003125 0.005093 1.000000
0 147 0.501563 0.679630 0.050000 0.137037 -0.000260 0.005556 1.000000
0 148 0.502083 0.684259 0.050000 0.127778 0.000521 0.004630 1.000000
0 149 0.501563 0.686111 0.050000 0.125926 -0.000521 0.001852 1.000000
0 150 0.501302 0.682407 0.050521 0.131481 -0.000260 -0.003704 1.000000
0 151 0.500781 0.679630 0.050521 0.137037 -0.000521 -0.002778 1.000000
0 152 0.502604 0.676389 0.054167 0.145370 0.001823 -0.003241 1.000000
0 153 0.505729 0.673611 0.061458 0.147222 0.003125 -0.002778 1.000000
0 154 0.507031 0.671759 0.069271 0.154630 0.001302 -0.001852 1.000000
0 155 0.507812 0.668056 0.067708 0.160185 0.000781 -0.003704 1.000000
0 156 0.507292 0.662037 0.063542 0.168519 -0.000521 -0.006019 1.000000
0 157 0.506771 0.656944 0.053125 0.173148 -0.000521 -0.005093 1.000000
0 158 0.504167 0.654630 0.045833 0.177778 -0.002604 -0.002315 1.000000
0 159 0.499740 0.652778 0.044271 0.183333 -0.004427 -0.001852 1.000000
0 160 0.497917 0.652778 0.047917 0.183333 -0.001823 0.000000 1.000000
0 161 0.500260 0.652778 0.044271 0.185185 0.002344 0.000000 1.000000
0 162 0.502083 0.649074 0.040625 0.188889 0.001823 -0.003704 1.000000
0 163 0.501563 0.650926 0.040625 0.185185 -0.000521 0.001852 1.000000
0 164 0.501302 0.651389 0.041146 0.186111 -0.000260 0.000463 1.000000
0 165 0.498177 0.650926 0.046354 0.185185 -0.003125 -0.000463 1.000000
0 166 0.498177 0.651389 0.047396 0.184259 0.000000 0.000463 1.000000
0 167 0.498177 0.652315 0.047396 0.184259 0.000000 0.000926 1.000000
0 168 0.497396 0.652778 0.048958 0.183333 -0.000781 0.000463 1.000000
0 169 0.497135 0.653704 0.051562 0.179630 -0.000260 0.000926 1.000000
0 170 0.497917 0.654630 0.050000 0.177778 0.000781 0.000926 1.000000
0 171 0.498698 0.655093 0.048438 0.178704 0.000781 0.000463 1.000000
0 172 0.501042 0.655093 0.042708 0.178704 0.002344 0.000000 1.000000
0 173 0.501823 0.650926 0.043229 0.185185 0.000781 -0.004167 1.000000
0 174 0.503125 0.639352 0.052083 0.184259 0.001302 -0.011574 1.000000
0 175 0.502083 0.643981 0.059375 0.191667 -0.001042 0.004630 1.000000
0 176 0.501302 0.646759 0.063021 0.187963 -0.000781 0.002778 1.000000
0 177 0.502865 0.646759 0.064062 0.173148 0.001563 0.000000 1.000000
0 178 0.502865 0.651852 0.064062 0.162963 0.000000 0.005093 1.000000
0 179 0.503125 0.655093 0.057292 0.163889 0.000260 0.003241 1.000000
0 180 0.502344 0.655556 0.056771 0.162963 -0.000781 0.000463 1.000000
0 181 0.501823 0.657870 0.055729 0.163889 -0.000521 0.002315 1.000000
0 182 0.501563 0.657870 0.054167 0.162037 -0.000260 0.000000 1.000000
0 183 0.501302 0.657407 0.053646 0.164815 -0.000260 -0.000463 1.000000
0 184 0.500260 0.655093 0.052604 0.167593 -0.001042 -0.002315 1.000000
0 185 0.499479 0.654167 0.053125 0.169444 -0.000781 -0.000926 1.000000
0 186 0.498177 0.654167 0.055729 0.169444 -0.001302 0.000000 1.000000
0 187 0.495052 0.656019 0.059896 0.165741 -0.003125 0.001852 1.000000
0 188 0.494271 0.658333 0.060417 0.161111 -0.000781 0.002315 1.000000
0 189 0.495573 0.657870 0.050521 0.162037 0.001302 -0.000463 1.000000
0 190 0.496615 0.655093 0.045312 0.167593 0.001042 -0.002778 1.000000
0 191 0.496875 0.652315 0.044792 0.173148 0.000260 -0.002778 1.000000
0 192 0.497656 0.650000 0.045312 0.177778 0.000781 -0.002315 1.000000
0 193 0.498177 0.647685 0.045312 0.182407 0.000521 -0.002315 1.000000
0 194 0.498698 0.647222 0.046354 0.183333 0.000521 -0.000463 1.000000
0 195 0.498698 0.647222 0.046354 0.183333 0.000000 0.000000 1.000000
0 196 0.501042 0.646759 0.051042 0.184259 0.002344 -0.000463 1.000000
0 197 0.504167 0.644907 0.057292 0.187963 0.003125 -0.001852 1.000000
0 198 0.503385 0.639352 0.055729 0.199074 -0.000781 -0.005556 1.000000
0 199 0.499219 0.635648 0.046354 0.206481 -0.004167 -0.003704 1.000000
0 200 0.500521 0.633796 0.047917 0.200926 0.001302 -0.001852 1.000000
0 201 0.504427 0.633796 0.048438 0.199074 0.003906 0.000000 1.000000
0 202 0.507552 0.633796 0.045312 0.199074 0.003125 0.000000 1.000000
0 203 0.512240 0.632870 0.041146 0.197222 0.004687 -0.000926 1.000000
0 204 0.514844 0.633796 0.043229 0.193519 0.002604 0.000926 1.000000
0 205 0.517448 0.634722 0.045312 0.187963 0.002604 0.000926 1.000000
0 206 0.520312 0.634722 0.046875 0.178704 0.002865 0.000000 1.000000
0 207 0.524479 0.637500 0.050000 0.171296 0.004167 0.002778 1.000000
0 208 0.530469 0.642593 0.057813 0.175926 0.005990 0.005093 1.000000
0 209 0.532292 0.644907 0.055208 0.173148 0.001823 0.002315 1.000000
0 210 0.532813 0.643056 0.052083 0.175000 0.000521 -0.001852 1.000000
0 211 0.534375 0.640741 0.053125 0.179630 0.001563 -0.002315 1.000000
0 212 0.534635 0.637500 0.051562 0.184259 0.000260 -0.003241 1.000000
0 213 0.534896 0.635185 0.050000 0.190741 0.000260 -0.002315 1.000000
0 214 0.535417 0.637500 0.045833 0.184259 0.000521 0.002315 1.000000
0 215 0.533594 0.641667 0.045312 0.177778 -0.001823 0.004167 1.000000
0 216 0.532552 0.642130 0.041146 0.173148 -0.001042 0.000463 1.000000
0 217 0.534635 0.640278 0.036979 0.163889 0.002083 -0.001852 1.000000
0 218 0.536198 0.643981 0.030729 0.163889 0.001563 0.003704 1.000000
0 219 0.538542 0.650926 0.047917 0.150000 0.002344 0.006944 1.000000
0 220 0.534375 0.656944 0.042708 0.145370 -0.004167 0.006019 1.000000
0 221 0.535156 0.660185 0.045312 0.137037 0.000781 0.003241 1.000000
0 222 0.536458 0.661111 0.045833 0.133333 0.001302 0.000926 1.000000
0 223 0.537240 0.662500 0.044271 0.134259 0.000781 0.001389 1.000000
0 224 0.540104 0.660185 0.052083 0.137037 0.002865 -0.002315 1.000000
0 225 0.540885 0.658796 0.050521 0.143519 0.000781 -0.001389 1.000000
0 226 0.538542 0.654630 0.051042 0.150000 -0.002344 -0.004167 1.000000
0 227 0.537240 0.650926 0.050521 0.157407 -0.001302 -0.003704 1.000000
0 228 0.542708 0.647685 0.059375 0.162037 0.005469 -0.003241 1.000000
0 229 0.540625 0.643056 0.053125 0.175000 -0.002083 -0.004630 1.000000
0 230 0.541667 0.642130 0.048958 0.176852 0.001042 -0.000926 1.000000
0 231 0.542448 0.641667 0.048438 0.175926 0.000781 -0.000463 1.000000
0 232 0.543750 0.642593 0.051042 0.175926 0.001302 0.000926 1.000000
0 233 0.545573 0.643056 0.055729 0.175000 0.001823 0.000463 1.000000
0 234 0.553125 0.645833 0.069792 0.169444 0.007552 0.002778 1.000000
0 235 0.553385 0.645370 0.071354 0.168519 0.000260 -0.000463 1.000000
0 236 0.549219 0.643519 0.063021 0.172222 -0.004167 -0.001852 1.000000
0 237 0.544271 0.644444 0.052083 0.172222 -0.004948 0.000926 1.000000
0 238 0.539844 0.644907 0.043229 0.171296 -0.004427 0.000463 1.000000
0 239 0.541927 0.647222 0.045312 0.166667 0.002083 0.002315 1.000000
0 240 0.542188 0.648148 0.044792 0.162963 0.000260 0.000926 1.000000
0 241 0.541406 0.649074 0.046354 0.159259 -0.000781 0.000926 1.000000
0 242 0.541406 0.651852 0.046354 0.155556 0.000000 0.002778 1.000000
0 243 0.543229 0.655093 0.052083 0.152778 0.001823 0.003241 1.000000
0 244 0.544792 0.658796 0.055208 0.145370 0.001563 0.003704 1.000000
0 245 0.550521 0.658333 0.063542 0.146296 0.005729 -0.000463 1.000000
0 246 0.550260 0.655556 0.059896 0.150000 -0.000260 -0.002778 1.000000
0 247 0.546615 0.653241 0.051562 0.150926 -0.003646 -0.002315 1.000000
0 248 0.548698 0.650926 0.053646 0.153704 0.002083 -0.002315 1.000000
0 249 0.557031 0.652315 0.068229 0.158333 0.008333 0.001389 1.000000
0 250 0.554167 0.650463 0.069792 0.160185 -0.002865 -0.001852 1.000000
0 251 0.551302 0.651389 0.064062 0.160185 -0.002865 0.000926 1.000000
0 252 0.548438 0.650463 0.057292 0.162037 -0.002865 -0.000926 1.000000
0 253 0.546354 0.650000 0.052083 0.162963 -0.002083 -0.000463 1.000000
0 254 0.549479 0.649074 0.051042 0.164815 0.003125 -0.000926 1.000000
0 255 0.551823 0.650463 0.044271 0.163889 0.002344 0.001389 1.000000
0 256 0.552344 0.650000 0.039062 0.153704 0.000521 -0.000463 1.000000
0 257 0.555208 0.653704 0.039583 0.144444 0.002865 0.003704 1.000000
0 258 0.553906 0.656944 0.046354 0.137963 -0.001302 0.003241 1.000000
0 259 0.555729 0.667130 0.052083 0.123148 0.001823 0.010185 1.000000
0 260 0.553906 0.675000 0.049479 0.111111 -0.001823 0.007870 1.000000
0 261 0.552083 0.679630 0.050000 0.100000 -0.001823 0.004630 1.000000
0 262 0.551302 0.681944 0.050521 0.086111 -0.000781 0.002315 1.000000
0 263 0.552083 0.686111 0.054167 0.087037 0.000781 0.004167 1.000000
0 264 0.548438 0.686111 0.047917 0.088889 -0.003646 0.000000 1.000000
0 265 0.548698 0.685185 0.046354 0.090741 0.000260 -0.000926 1.000000
0 266 0.547917 0.684722 0.045833 0.091667 -0.000781 -0.000463 1.000000
0 267 0.548177 0.683333 0.046354 0.094444 0.000260 -0.001389 1.000000
0 268 0.547656 0.682407 0.046354 0.098148 -0.000521 -0.000926 1.000000
0 269 0.543750 0.681019 0.048958 0.093519 -0.003906 -0.001389 1.000000
0 270 0.543229 0.679630 0.050000 0.088889 -0.000521 -0.001389 1.000000
0 271 0.542448 0.678241 0.049479 0.089815 -0.000781 -0.001389 1.000000
0 272 0.542708 0.679167 0.048958 0.087963 0.000260 0.000926 1.000000
0 273 0.542708 0.677315 0.047917 0.087963 0.000000 -0.001852 1.000000
0 274 0.542708 0.677315 0.046875 0.089815 0.000000 0.000000 1.000000
0 275 0.542448 0.676852 0.046354 0.090741 -0.000260 -0.000463 1.000000
0 276 0.542708 0.676852 0.045833 0.090741 0.000260 0.000000 1.000000
0 277 0.542188 0.677315 0.045833 0.089815 -0.000521 0.000463 1.000000
0 278 0.542188 0.678241 0.044792 0.087963 0.000000 0.000926 1.000000
0 279 0.541927 0.680556 0.045312 0.083333 -0.000260 0.002315 1.000000
0 280 0.541146 0.682407 0.045833 0.083333 -0.000781 0.001852 1.000000
0 281 0.540885 0.683333 0.046354 0.081481 -0.000260 0.000926 1.000000
0 282 0.541667 0.683796 0.050000 0.078704 0.000781 0.000463 1.000000
0 283 0.541927 0.684722 0.050521 0.076852 0.000260 0.000926 1.000000
0 284 0.544010 0.686111 0.051562 0.079630 0.002083 0.001389 1.000000
0 285 0.538542 0.685648 0.054167 0.080556 -0.005469 -0.000463 1.000000
0 286 0.532552 0.684722 0.056771 0.084259 -0.005990 -0.000926 1.000000
0 287 0.525781 0.681944 0.052604 0.086111 -0.006771 -0.002778 1.000000
0 288 0.518750 0.676852 0.038542 0.107407 -0.007031 -0.005093 1.000000
0 289 0.514062 0.665278 0.044792 0.128704 -0.004687 -0.011574 1.000000
0 290 0.508073 0.670833 0.050521 0.134259 -0.005990 0.005556 1.000000
0 291 0.503906 0.672685 0.057813 0.137963 -0.004167 0.001852 1.000000
0 292 0.503646 0.675000 0.056250 0.135185 -0.000260 0.002315 1.000000
0 293 0.503125 0.676389 0.053125 0.125000 -0.000521 0.001389 1.000000
0 294 0.501302 0.693056 0.052604 0.108333 -0.001823 0.016667 1.000000
0 295 0.498958 0.693056 0.053125 0.097222 -0.002344 0.000000 1.000000
0 296 0.496615 0.690741 0.054688 0.083333 -0.002344 -0.002315 1.000000
0 297 0.495833 0.692593 0.054167 0.079630 -0.000781 0.001852 1.000000
0 298 0.494271 0.694444 0.053125 0.074074 -0.001563 0.001852 1.000000
0 299 0.493229 0.698148 0.054167 0.077778 -0.001042 0.003704 1.000000
0 300 0.492708 0.695833 0.054167 0.080556 -0.000521 -0.002315 1.000000
0 301 0.492969 0.688889 0.053646 0.101852 0.000260 -0.006944 1.000000
0 302 0.492188 0.668519 0.054167 0.138889 -0.000781 -0.020370 1.000000
0 303 0.491406 0.664815 0.054688 0.146296 -0.000781 -0.003704 1.000000
0 304 0.491406 0.664352 0.054688 0.150926 0.000000 -0.000463 1.000000
0 305 0.491667 0.675463 0.053125 0.136111 0.000260 0.011111 1.000000
0 306 0.490625 0.681019 0.051042 0.132407 -0.001042 0.005556 1.000000
0 307 0.490625 0.680093 0.048958 0.137963 0.000000 -0.000926 1.000000
0 308 0.490365 0.678241 0.048438 0.137963 -0.000260 -0.001852 1.000000
0 309 0.493750 0.679167 0.054167 0.134259 0.003385 0.000926 1.000000
0 310 0.494531 0.679167 0.054688 0.134259 0.000781 0.000000 1.000000
0 311 0.496875 0.678241 0.053125 0.137963 0.002344 -0.000926 1.000000
0 312 0.498177 0.677778 0.047396 0.138889 0.001302 -0.000463 1.000000
0 313 0.498177 0.676852 0.045312 0.142593 0.000000 -0.000926 1.000000
0 314 0.495833 0.673148 0.040625 0.146296 -0.002344 -0.003704 1.000000
0 315 0.497135 0.670370 0.039062 0.144444 0.001302 -0.002778 1.000000
0 316 0.498437 0.671296 0.038542 0.144444 0.001302 0.000926 1.000000
0 317 0.497917 0.669907 0.045833 0.141667 -0.000521 -0.001389 1.000000
0 318 0.498958 0.668519 0.044792 0.140741 0.001042 -0.001389 1.000000
0 319 0.501042 0.668981 0.042708 0.141667 0.002083 0.000463 1.000000
0 320 0.503906 0.668981 0.041146 0.141667 0.002865 0.000000 1.000000
0 321 0.503906 0.668056 0.040104 0.141667 0.000000 -0.000926 1.000000
0 322 0.504687 0.668981 0.041667 0.137963 0.000781 0.000926 1.000000
0 323 0.505729 0.666667 0.043750 0.133333 0.001042 -0.002315 1.000000
0 324 0.503906 0.667593 0.042188 0.131481 -0.001823 0.000926 1.000000
0 325 0.508333 0.669444 0.051042 0.133333 0.004427 0.001852 1.000000
0 326 0.511198 0.671759 0.058854 0.132407 0.002865 0.002315 1.000000
0 327 0.514583 0.672685 0.067708 0.130556 0.003385 0.000926 1.000000
0 328 0.517708 0.673611 0.076042 0.126852 0.003125 0.000926 1.000000
0 329 0.536979 0.678704 0.062500 0.122222 0.019271 0.005093 1.000000
0 330 0.540625 0.678241 0.066667 0.119444 0.003646 -0.000463 1.000000
0 331 0.548958 0.677778 0.062500 0.120370 0.008333 -0.000463 1.000000
0 332 0.552344 0.677778 0.069271 0.124074 0.003385 0.000000 1.000000
0 333 0.556510 0.677778 0.076563 0.124074 0.004167 0.000000 1.000000
0 334 0.569531 0.677315 0.082812 0.126852 0.013021 -0.000463 1.000000
0 335 0.578646 0.677778 0.083333 0.125926 0.009115 0.000463 1.000000
0 336 0.590104 0.678241 0.077083 0.125000 0.011458 0.000463 1.000000
0 337 0.603385 0.678704 0.068229 0.122222 0.013281 0.000463 1.000000
0 338 0.611979 0.678241 0.067708 0.117593 0.008594 -0.000463 1.000000
0 339 0.628906 0.677315 0.073438 0.117593 0.016927 -0.000926 1.000000
0 340 0.633333 0.678704 0.085417 0.120370 0.004427 0.001389 1.000000
0 341 0.646615 0.679630 0.080729 0.120370 0.013281 0.000926 1.000000
0 342 0.658073 0.679167 0.078646 0.121296 0.011458 -0.000463 1.000000
0 343 0.672135 0.679630 0.069271 0.122222 0.014063 0.000463 1.000000
0 344 0.691667 0.677315 0.073958 0.123148 0.019531 -0.002315 1.000000
0 345 0.699479 0.676852 0.081250 0.124074 0.007812 -0.000463 1.000000
0 346 0.709896 0.676852 0.083333 0.124074 0.010417 0.000000 1.000000
0 347 0.721615 0.677778 0.080729 0.124074 0.011719 0.000926 1.000000
0 348 0.736458 0.677778 0.072917 0.124074 0.014844 0.000000 1.000000
0 349 0.760677 0.676852 0.064062 0.125926 0.024219 -0.000926 1.000000
0 350 0.767969 0.675463 0.070312 0.126852 0.007292 -0.001389 1.000000
0 351 0.779167 0.673148 0.073958 0.125926 0.011198 -0.002315 1.000000
0 352 0.789844 0.673148 0.072396 0.125926 0.010677 0.000000 1.000000
0 353 0.807552 0.674537 0.075521 0.126852 0.017708 0.001389 1.000000
0 354 0.830208 0.674074 0.054167 0.125926 0.022656 -0.000463 1.000000
0 355 0.839063 0.672685 0.057292 0.126852 0.008854 -0.001389 1.000000
0 356 0.848177 0.672222 0.063021 0.127778 0.009115 -0.000463 1.000000
0 357 0.856510 0.672222 0.060937 0.131481 0.008333 0.000000 1.000000
0 358 0.868750 0.672685 0.058333 0.132407 0.012240 0.000463 1.000000
0 359 0.891406 0.672222 0.049479 0.133333 0.022656 -0.000463 1.000000
0 360 0.898958 0.670370 0.051042 0.133333 0.007552 -0.001852 1.000000
0 361 0.905469 0.668519 0.053646 0.133333 0.006510 -0.001852 1.000000
0 362 0.913021 0.663426 0.047917 0.125000 0.007552 -0.005093 1.000000
0 363 0.919271 0.667593 0.036458 0.122222 0.006250 0.004167 1.000000
