0 1 0.758854 0.633796 0.051042 0.156481 0.000000 0.000000 1.000000
0 2 0.755990 0.633333 0.045312 0.168519 -0.002865 -0.000463 1.000000
0 3 0.755729 0.625463 0.039583 0.189815 -0.000260 -0.007870 1.000000
0 4 0.755469 0.632407 0.039062 0.181481 -0.000260 0.006944 1.000000
0 5 0.753385 0.640741 0.042188 0.162963 -0.002083 0.008333 1.000000
0 6 0.754427 0.637500 0.043229 0.173148 0.001042 -0.003241 1.000000
0 7 0.747656 0.634722 0.038021 0.175000 -0.006771 -0.002778 1.000000
0 8 0.742188 0.634722 0.031250 0.176852 -0.005469 0.000000 1.000000
0 9 0.741146 0.634259 0.031250 0.177778 -0.001042 -0.000463 1.000000
0 10 0.741406 0.633333 0.032813 0.179630 0.000260 -0.000926 1.000000
0 11 0.742448 0.631944 0.036979 0.178704 0.001042 -0.001389 1.000000
0 12 0.744531 0.627315 0.048438 0.167593 0.002083 -0.004630 1.000000
0 13 0.742448 0.631019 0.051562 0.165741 -0.002083 0.003704 1.000000
0 14 0.741667 0.639352 0.051042 0.165741 -0.000781 0.008333 1.000000
0 15 0.740104 0.643519 0.046875 0.159259 -0.001563 0.004167 1.000000
0 16 0.738281 0.641204 0.052604 0.160185 -0.001823 -0.002315 1.000000
0 17 0.736979 0.636574 0.050000 0.163889 -0.001302 -0.004630 1.000000
0 18 0.736198 0.636574 0.039062 0.173148 -0.000781 0.000000 1.000000
0 19 0.735156 0.634259 0.028646 0.175926 -0.001042 -0.002315 1.000000
0 20 0.733854 0.631944 0.032292 0.176852 -0.001302 -0.002315 1.000000
0 21 0.730208 0.631944 0.035417 0.178704 -0.003646 0.000000 1.000000
0 22 0.729688 0.630093 0.039583 0.176852 -0.000521 -0.001852 1.000000
0 23 0.727083 0.624074 0.037500 0.185185 -0.002604 -0.006019 1.000000
0 24 0.723958 0.613889 0.031250 0.209259 -0.003125 -0.010185 1.000000
0 25 0.723177 0.618056 0.032813 0.200926 -0.000781 0.004167 1.000000
0 26 0.722396 0.627778 0.034375 0.185185 -0.000781 0.009722 1.000000
0 27 0.723177 0.637963 0.038021 0.162963 0.000781 0.010185 1.000000
0 28 0.723177 0.638889 0.034896 0.161111 0.000000 0.000926 1.000000
0 29 0.720573 0.637037 0.038021 0.164815 -0.002604 -0.001852 1.000000
0 30 0.719271 0.635185 0.040625 0.166667 -0.001302 -0.001852 1.000000
0 31 0.713802 0.634259 0.049479 0.170370 -0.005469 -0.000926 1.000000
0 32 0.713542 0.633796 0.052083 0.171296 -0.000260 -0.000463 1.000000
0 33 0.713802 0.631481 0.051562 0.174074 0.000260 -0.002315 1.000000
0 34 0.713021 0.631019 0.050000 0.176852 -0.000781 -0.000463 1.000000
0 35 0.713542 0.630093 0.050000 0.176852 0.000521 -0.000926 1.000000
0 36 0.718490 0.629167 0.053646 0.176852 0.004948 -0.000926 1.000000
0 37 0.722656 0.629630 0.047396 0.177778 0.004167 0.000463 1.000000
0 38 0.722917 0.628704 0.040625 0.174074 0.000260 -0.000926 1.000000
0 39 0.718750 0.627315 0.050000 0.171296 -0.004167 -0.001389 1.000000
0 40 0.722396 0.625463 0.041667 0.175000 0.003646 -0.001852 1.000000
0 41 0.719271 0.625926 0.045833 0.175926 -0.003125 0.000463 1.000000
0 42 0.724479 0.625000 0.050000 0.175926 0.005208 -0.000926 1.000000
0 43 0.726562 0.625463 0.047917 0.176852 0.002083 0.000463 1.000000
0 44 0.727344 0.625926 0.050521 0.179630 0.000781 0.000463 1.000000
0 45 0.727344 0.625000 0.049479 0.179630 0.000000 -0.000926 1.000000
0 46 0.727604 0.625463 0.048958 0.180556 0.000260 0.000463 1.000000
0 47 0.727344 0.625000 0.049479 0.179630 -0.000260 -0.000463 1.000000
0 48 0.727344 0.625463 0.049479 0.180556 0.000000 0.000463 1.000000
0 49 0.726302 0.626389 0.048438 0.178704 -0.001042 0.000926 1.000000
0 50 0.726042 0.626389 0.047917 0.178704 -0.000260 0.000000 1.000000
0 51 0.725000 0.626852 0.045833 0.177778 -0.001042 0.000463 1.000000
0 52 0.720573 0.627315 0.036979 0.176852 -0.004427 0.000463 1.000000
0 53 0.717187 0.627315 0.030208 0.175000 -0.003385 0.000000 1.000000
0 54 0.710156 0.628241 0.045312 0.167593 -0.007031 0.000926 1.000000
0 55 0.714844 0.631481 0.035937 0.166667 0.004687 0.003241 1.000000
0 56 0.719271 0.633333 0.037500 0.162963 0.004427 0.001852 1.000000
0 57 0.724219 0.634722 0.043229 0.158333 0.004948 0.001389 1.000000
0 58 0.728385 0.635648 0.052604 0.156481 0.004167 0.000926 1.000000
0 59 0.730729 0.637500 0.059375 0.150926 0.002344 0.001852 1.000000
0 60 0.729427 0.636574 0.066146 0.150926 -0.001302 -0.000926 1.000000
0 61 0.726562 0.636574 0.072917 0.152778 -0.002865 0.000000 1.000000
0 62 0.724219 0.635185 0.078646 0.153704 -0.002344 -0.001389 1.000000
0 63 0.725260 0.633796 0.079687 0.156481 0.001042 -0.001389 1.000000
0 64 0.731771 0.629630 0.065625 0.164815 0.006510 -0.004167 1.000000
0 65 0.732292 0.632870 0.064583 0.158333 0.000521 0.003241 1.000000
0 66 0.731250 0.631481 0.063542 0.159259 -0.001042 -0.001389 1.000000
0 67 0.726823 0.631944 0.060937 0.158333 -0.004427 0.000463 1.000000
0 68 0.721094 0.632870 0.063021 0.158333 -0.005729 0.000926 1.000000
0 69 0.721094 0.635648 0.057813 0.158333 0.000000 0.002778 1.000000
0 70 0.720833 0.635648 0.062500 0.158333 -0.000260 0.000000 1.000000
0 71 0.719531 0.636574 0.072396 0.156481 -0.001302 0.000926 1.000000
0 72 0.719531 0.637037 0.072396 0.155556 0.000000 0.000463 1.000000
0 73 0.719531 0.637963 0.074479 0.155556 0.000000 0.000926 1.000000
0 74 0.716927 0.638426 0.077604 0.154630 -0.002604 0.000463 1.000000
0 75 0.715885 0.638426 0.078646 0.154630 -0.001042 0.000000 1.000000
0 76 0.713802 0.638889 0.077604 0.155556 -0.002083 0.000463 1.000000
0 77 0.709635 0.640741 0.071354 0.153704 -0.004167 0.001852 1.000000
0 78 0.705990 0.640741 0.066146 0.151852 -0.003646 0.000000 1.000000
0 79 0.701823 0.640741 0.061979 0.150000 -0.004167 0.000000 1.000000
0 80 0.701823 0.640741 0.063021 0.151852 0.000000 0.000000 1.000000
0 81 0.700521 0.641667 0.065625 0.150000 -0.001302 0.000926 1.000000
0 82 0.698958 0.641204 0.070833 0.150926 -0.001563 -0.000463 1.000000
0 83 0.697917 0.640278 0.076042 0.150926 -0.001042 -0.000926 1.000000
0 84 0.694531 0.641204 0.072396 0.149074 -0.003385 0.000926 1.000000
0 85 0.692969 0.641667 0.075521 0.148148 -0.001563 0.000463 1.000000
0 86 0.688542 0.642130 0.061458 0.147222 -0.004427 0.000463 1.000000
0 87 0.682292 0.642130 0.048958 0.147222 -0.006250 0.000000 1.000000
0 88 0.678125 0.641204 0.044792 0.149074 -0.004167 -0.000926 1.000000
0 89 0.678646 0.636111 0.043750 0.161111 0.000521 -0.005093 1.000000
0 90 0.678385 0.631944 0.043229 0.169444 -0.000260 -0.004167 1.000000
0 91 0.678125 0.626389 0.044792 0.178704 -0.000260 -0.005556 1.000000
0 92 0.677865 0.622222 0.045312 0.181481 -0.000260 -0.004167 1.000000
0 93 0.677083 0.620833 0.042708 0.182407 -0.000781 -0.001389 1.000000
0 94 0.678646 0.621296 0.044792 0.181481 0.001563 0.000463 1.000000
0 95 0.678385 0.622222 0.044271 0.179630 -0.000260 0.000926 1.000000
0 96 0.678125 0.622222 0.043750 0.179630 -0.000260 0.000000 1.000000
0 97 0.678125 0.623148 0.047917 0.177778 0.000000 0.000926 1.000000
0 98 0.678125 0.626389 0.051042 0.169444 0.000000 0.003241 1.000000
0 99 0.681250 0.634722 0.055208 0.149074 0.003125 0.008333 1.000000
0 100 0.682813 0.631481 0.057292 0.155556 0.001563 -0.003241 1.000000
0 101 0.682031 0.631019 0.061979 0.158333 -0.000781 -0.000463 1.000000
0 102 0.680208 0.639815 0.067708 0.140741 -0.001823 0.008796 1.000000
0 103 0.683333 0.654167 0.065625 0.112037 0.003125 0.014352 1.000000
0 104 0.683854 0.655093 0.066667 0.108333 0.000521 0.000926 1.000000
0 105 0.684635 0.656019 0.067187 0.108333 0.000781 0.000926 1.000000
0 106 0.690625 0.655556 0.066667 0.109259 0.005990 -0.000463 1.000000
0 107 0.694271 0.654630 0.071875 0.111111 0.003646 -0.000926 1.000000
0 108 0.696354 0.652778 0.080208 0.114815 0.002083 -0.001852 1.000000
0 109 0.705208 0.651389 0.080208 0.117593 0.008854 -0.001389 1.000000
0 110 0.711979 0.650463 0.078125 0.117593 0.006771 -0.000926 1.000000
0 111 0.719271 0.650463 0.072917 0.119444 0.007292 0.000000 1.000000
0 112 0.726562 0.650000 0.063542 0.120370 0.007292 -0.000463 1.000000
0 113 0.734115 0.649537 0.064062 0.121296 0.007552 -0.000463 1.000000
0 114 0.740885 0.647685 0.074479 0.125000 0.006771 -0.001852 1.000000
0 115 0.745313 0.646296 0.076042 0.125926 0.004427 -0.001389 1.000000
0 116 0.753906 0.645370 0.072396 0.127778 0.008594 -0.000926 1.000000
0 117 0.763542 0.645370 0.065625 0.127778 0.009635 0.000000 1.000000
0 118 0.773438 0.645833 0.059375 0.128704 0.009896 0.000463 1.000000
0 119 0.783594 0.644907 0.067187 0.126852 0.010156 -0.000926 1.000000
0 120 0.789323 0.646759 0.070312 0.128704 0.005729 0.001852 1.000000
0 121 0.796875 0.646759 0.068750 0.128704 0.007552 0.000000 1.000000
0 122 0.803125 0.647222 0.067708 0.127778 0.006250 0.000463 1.000000
0 123 0.815885 0.648148 0.057813 0.125926 0.012760 0.000926 1.000000
0 124 0.828646 0.651389 0.062500 0.128704 0.012760 0.003241 1.000000
0 125 0.834635 0.652778 0.071354 0.129630 0.005990 0.001389 1.000000
0 126 0.842969 0.656019 0.072396 0.132407 0.008333 0.003241 1.000000
0 127 0.851042 0.656944 0.069792 0.134259 0.008073 0.000926 1.000000
0 128 0.858854 0.658333 0.066667 0.133333 0.007812 0.001389 1.000000
0 129 0.881250 0.657407 0.056250 0.131481 0.022396 -0.000926 1.000000
0 130 0.888542 0.657407 0.056250 0.133333 0.007292 0.000000 1.000000
0 131 0.894792 0.655556 0.061458 0.133333 0.006250 -0.001852 1.000000
0 132 0.901042 0.654630 0.061458 0.137037 0.006250 -0.000926 1.000000
0 133 0.907813 0.656019 0.060417 0.145370 0.006771 0.001389 1.000000
0 134 0.919010 0.660648 0.036979 0.137963 0.011198 0.004630 1.000000
0 135 0.926042 0.658796 0.022917 0.139815 0.007031 -0.001852 1.000000
0 136 0.926823 0.662500 0.021354 0.132407 0.000781 0.003704 1.000000
