0 1 0.282031 0.615972 0.048438 0.173611 1.000000
0 2 0.291406 0.616667 0.051562 0.177778 1.000000
0 3 0.300391 0.620139 0.053906 0.181944 1.000000
0 4 0.310156 0.620833 0.051562 0.183333 1.000000
0 5 0.319922 0.619444 0.047656 0.183333 1.000000
0 6 0.330859 0.620139 0.041406 0.181944 1.000000
0 7 0.340625 0.618750 0.037500 0.181944 1.000000
0 8 0.351562 0.620139 0.039062 0.181944 1.000000
0 9 0.363281 0.621528 0.043750 0.184722 1.000000
0 10 0.379688 0.625000 0.054688 0.186111 1.000000
0 11 0.391797 0.627083 0.058594 0.187500 1.000000
0 12 0.401953 0.632639 0.060156 0.190278 1.000000
0 13 0.410547 0.636806 0.057031 0.187500 1.000000
0 14 0.418359 0.638194 0.053906 0.184722 1.000000
0 15 0.426172 0.640972 0.053906 0.184722 1.000000
0 16 0.434375 0.642361 0.051562 0.181944 1.000000
0 17 0.441406 0.642361 0.051562 0.179167 1.000000
0 18 0.448828 0.641667 0.050781 0.180556 1.000000
0 19 0.457422 0.641667 0.050781 0.180556 1.000000
0 20 0.464844 0.643056 0.050000 0.186111 1.000000
0 21 0.471484 0.643056 0.049219 0.188889 1.000000
0 22 0.478125 0.643056 0.048438 0.188889 1.000000
0 23 0.485156 0.642361 0.048438 0.193056 1.000000
0 24 0.490234 0.642361 0.047656 0.193056 1.000000
0 25 0.494531 0.639583 0.046875 0.195833 1.000000
0 26 0.500000 0.638889 0.046875 0.194444 1.000000
0 27 0.503906 0.638889 0.046875 0.194444 1.000000
0 28 0.507422 0.639583 0.047656 0.195833 1.000000
0 29 0.509766 0.643750 0.047656 0.198611 1.000000
0 30 0.511328 0.646528 0.049219 0.198611 1.000000
0 31 0.511719 0.649306 0.048438 0.195833 1.000000
0 32 0.510938 0.652083 0.048438 0.190278 1.000000
0 33 0.509766 0.654167 0.050781 0.186111 1.000000
0 34 0.507812 0.654167 0.050000 0.186111 1.000000
0 35 0.508203 0.652778 0.052344 0.188889 1.000000
0 36 0.508203 0.650694 0.052344 0.193056 1.000000
0 37 0.508594 0.649306 0.053125 0.195833 1.000000
0 38 0.508203 0.645833 0.052344 0.200000 1.000000
0 39 0.508984 0.642361 0.050781 0.201389 1.000000
0 40 0.508984 0.642361 0.050781 0.201389 1.000000
0 41 0.508984 0.637500 0.049219 0.200000 1.000000
0 42 0.508594 0.625694 0.046875 0.195833 1.000000
0 43 0.507812 0.620833 0.045312 0.194444 1.000000
0 44 0.507422 0.616667 0.042969 0.191667 1.000000
0 45 0.507031 0.611806 0.042188 0.184722 1.000000
0 46 0.505078 0.613194 0.042969 0.184722 1.000000
0 47 0.502734 0.613889 0.044531 0.188889 1.000000
0 48 0.499609 0.616667 0.047656 0.188889 1.000000
0 49 0.497266 0.616667 0.046094 0.188889 1.000000
0 50 0.495312 0.613194 0.043750 0.184722 1.000000
0 51 0.494922 0.610417 0.038281 0.181944 1.000000
0 52 0.494141 0.605556 0.035156 0.177778 1.000000
0 53 0.491016 0.600694 0.036719 0.168056 1.000000
0 54 0.486719 0.597222 0.039062 0.161111 1.000000
0 55 0.481641 0.596528 0.042969 0.156944 1.000000
0 56 0.476953 0.597917 0.046094 0.154167 1.000000
0 57 0.475391 0.598611 0.047656 0.155556 1.000000
0 58 0.473438 0.595833 0.046875 0.161111 1.000000
0 59 0.471094 0.585417 0.050000 0.181944 1.000000
0 60 0.469531 0.575694 0.048438 0.198611 1.000000
0 61 0.466797 0.565278 0.049219 0.213889 1.000000
0 62 0.463672 0.556944 0.047656 0.227778 1.000000
0 63 0.459766 0.550000 0.047656 0.227778 1.000000
0 64 0.455859 0.540278 0.044531 0.230556 1.000000
0 65 0.452734 0.533333 0.041406 0.230556 1.000000
0 66 0.448828 0.529167 0.041406 0.233333 1.000000
0 67 0.446484 0.527778 0.039844 0.233333 1.000000
0 68 0.443359 0.529167 0.038281 0.227778 1.000000
0 69 0.441406 0.527083 0.034375 0.231944 1.000000
0 70 0.439063 0.527778 0.032813 0.230556 1.000000
0 71 0.437891 0.533333 0.036719 0.225000 1.000000
0 72 0.435547 0.540972 0.041406 0.218056 1.000000
0 73 0.433984 0.548611 0.042969 0.211111 1.000000
0 74 0.432422 0.558333 0.042969 0.200000 1.000000
0 75 0.430078 0.570139 0.042969 0.190278 1.000000
0 76 0.430078 0.576389 0.042969 0.183333 1.000000
0 77 0.431250 0.578472 0.037500 0.176389 1.000000
0 78 0.426172 0.577778 0.041406 0.172222 1.000000
0 79 0.422656 0.579167 0.037500 0.169444 1.000000
0 80 0.419922 0.579167 0.036719 0.169444 1.000000
0 81 0.414844 0.577778 0.045312 0.172222 1.000000
0 82 0.412891 0.575694 0.047656 0.170833 1.000000
0 83 0.409766 0.571528 0.047656 0.170833 1.000000
0 84 0.402344 0.571528 0.037500 0.168056 1.000000
0 85 0.400781 0.572917 0.035937 0.168056 1.000000
0 86 0.394531 0.570139 0.040625 0.159722 1.000000
0 87 0.388281 0.566667 0.046875 0.152778 1.000000
0 88 0.383203 0.563889 0.050781 0.152778 1.000000
0 89 0.378516 0.559028 0.053906 0.145833 1.000000
0 90 0.376172 0.557639 0.057031 0.145833 1.000000
0 91 0.375391 0.558333 0.058594 0.144444 1.000000
0 92 0.375000 0.555556 0.057813 0.150000 1.000000
0 93 0.373437 0.554861 0.057813 0.151389 1.000000
0 94 0.367188 0.554861 0.050000 0.154167 1.000000
0 95 0.363281 0.554861 0.053125 0.156944 1.000000
0 96 0.358594 0.556944 0.054688 0.152778 1.000000
0 97 0.354297 0.556944 0.055469 0.152778 1.000000
0 98 0.349219 0.563194 0.059375 0.159722 1.000000
0 99 0.346094 0.565278 0.057813 0.155556 1.000000
0 100 0.345703 0.567361 0.057031 0.151389 1.000000
0 101 0.345703 0.570833 0.057031 0.144444 1.000000
0 102 0.345703 0.572917 0.057031 0.140278 1.000000
0 103 0.345313 0.575000 0.056250 0.136111 1.000000
0 104 0.344922 0.576389 0.055469 0.133333 1.000000
0 105 0.343750 0.576389 0.053125 0.133333 1.000000
0 106 0.342969 0.577083 0.051562 0.131944 1.000000
0 107 0.342187 0.577083 0.050000 0.131944 1.000000
0 108 0.342187 0.577083 0.050000 0.131944 1.000000
0 109 0.342187 0.577083 0.050000 0.131944 1.000000
0 110 0.342187 0.576389 0.050000 0.133333 1.000000
0 111 0.342969 0.575000 0.050000 0.136111 1.000000
0 112 0.342969 0.573611 0.050000 0.138889 1.000000
0 113 0.342969 0.572917 0.050000 0.140278 1.000000
0 114 0.345703 0.572222 0.055469 0.141667 1.000000
0 115 0.345703 0.570833 0.055469 0.144444 1.000000
0 116 0.345703 0.570139 0.055469 0.145833 1.000000
0 117 0.345703 0.570139 0.055469 0.145833 1.000000
0 118 0.345703 0.570139 0.055469 0.145833 1.000000
0 119 0.345703 0.571528 0.055469 0.143056 1.000000
0 120 0.345703 0.573611 0.055469 0.138889 1.000000
0 121 0.345703 0.575694 0.055469 0.134722 1.000000
0 122 0.345703 0.578472 0.055469 0.129167 1.000000
0 123 0.345703 0.581250 0.055469 0.123611 1.000000
0 124 0.345703 0.584028 0.055469 0.118056 1.000000
0 125 0.345703 0.586111 0.055469 0.113889 1.000000
0 126 0.345703 0.587500 0.055469 0.111111 1.000000
0 127 0.345703 0.587500 0.055469 0.111111 1.000000
0 128 0.345703 0.587500 0.055469 0.111111 1.000000
0 129 0.345703 0.585417 0.055469 0.115278 1.000000
0 130 0.345703 0.584028 0.055469 0.118056 1.000000
0 131 0.345703 0.581944 0.055469 0.122222 1.000000
0 132 0.345703 0.579861 0.055469 0.126389 1.000000
0 133 0.345703 0.577083 0.057031 0.131944 1.000000
0 134 0.345703 0.573611 0.057031 0.138889 1.000000
0 135 0.345703 0.571528 0.057031 0.143056 1.000000
0 136 0.345313 0.568750 0.057813 0.148611 1.000000
0 137 0.345313 0.567361 0.057813 0.151389 1.000000
0 138 0.345313 0.565278 0.057813 0.155556 1.000000
0 139 0.345313 0.565278 0.057813 0.155556 1.000000
0 140 0.345313 0.562500 0.057813 0.161111 1.000000
0 141 0.342578 0.560417 0.052344 0.165278 1.000000
0 142 0.341797 0.560417 0.050781 0.165278 1.000000
0 143 0.341797 0.559028 0.050781 0.168056 1.000000
0 144 0.342187 0.559028 0.050000 0.168056 1.000000
0 145 0.343359 0.558333 0.047656 0.169444 1.000000
0 146 0.345313 0.558333 0.046875 0.169444 1.000000
0 147 0.348047 0.556944 0.046094 0.166667 1.000000
0 148 0.351562 0.556944 0.043750 0.166667 1.000000
0 149 0.355469 0.557639 0.040625 0.165278 1.000000
0 150 0.356250 0.557639 0.042188 0.165278 1.000000
0 151 0.357031 0.559028 0.043750 0.165278 1.000000
0 152 0.357031 0.561111 0.043750 0.166667 1.000000
0 153 0.357812 0.561111 0.045312 0.166667 1.000000
0 154 0.359375 0.561111 0.045312 0.166667 1.000000
0 155 0.360156 0.560417 0.043750 0.165278 1.000000
0 156 0.361719 0.560417 0.042188 0.165278 1.000000
0 157 0.363281 0.561806 0.040625 0.165278 1.000000
0 158 0.364453 0.562500 0.038281 0.163889 1.000000
0 159 0.366797 0.563194 0.036719 0.162500 1.000000
0 160 0.371484 0.564583 0.039844 0.165278 1.000000
0 161 0.376172 0.568056 0.042969 0.166667 1.000000
0 162 0.378906 0.568750 0.045312 0.165278 1.000000
0 163 0.378906 0.572917 0.045312 0.170833 1.000000
0 164 0.378906 0.574306 0.045312 0.170833 1.000000
0 165 0.380469 0.574306 0.045312 0.173611 1.000000
0 166 0.380859 0.575694 0.042969 0.170833 1.000000
0 167 0.382812 0.575694 0.037500 0.170833 1.000000
0 168 0.385547 0.575694 0.035156 0.170833 1.000000
0 169 0.391016 0.575694 0.036719 0.170833 1.000000
0 170 0.392969 0.575000 0.037500 0.172222 1.000000
0 171 0.395703 0.579167 0.041406 0.180556 1.000000
0 172 0.397656 0.583333 0.043750 0.186111 1.000000
0 173 0.399609 0.587500 0.046094 0.186111 1.000000
0 174 0.401562 0.587500 0.048438 0.186111 1.000000
0 175 0.403906 0.588889 0.050000 0.186111 1.000000
0 176 0.406250 0.591667 0.051562 0.186111 1.000000
0 177 0.408594 0.594444 0.051562 0.186111 1.000000
0 178 0.410938 0.594444 0.051562 0.186111 1.000000
0 179 0.414062 0.594444 0.050000 0.186111 1.000000
0 180 0.416797 0.594444 0.046094 0.186111 1.000000
0 181 0.418359 0.594444 0.046094 0.186111 1.000000
0 182 0.419922 0.594444 0.042969 0.186111 1.000000
0 183 0.421875 0.593750 0.039062 0.187500 1.000000
0 184 0.423438 0.593750 0.035937 0.187500 1.000000
0 185 0.428906 0.594444 0.040625 0.186111 1.000000
0 186 0.432812 0.594444 0.043750 0.186111 1.000000
0 187 0.436328 0.595833 0.047656 0.183333 1.000000
0 188 0.437109 0.597917 0.049219 0.184722 1.000000
0 189 0.437109 0.599306 0.049219 0.181944 1.000000
0 190 0.438672 0.599306 0.049219 0.181944 1.000000
0 191 0.440234 0.600000 0.047656 0.180556 1.000000
0 192 0.441406 0.600000 0.045312 0.180556 1.000000
0 193 0.442969 0.600000 0.042188 0.180556 1.000000
0 194 0.444531 0.601389 0.039062 0.183333 1.000000
0 195 0.445703 0.604167 0.035156 0.186111 1.000000
0 196 0.447266 0.606944 0.032031 0.191667 1.000000
0 197 0.447656 0.608333 0.031250 0.194444 1.000000
0 198 0.448437 0.610417 0.029687 0.198611 1.000000
0 199 0.450000 0.611111 0.031250 0.197222 1.000000
0 200 0.451953 0.611806 0.032031 0.195833 1.000000
0 201 0.452734 0.613889 0.032031 0.197222 1.000000
0 202 0.453516 0.616667 0.033594 0.197222 1.000000
0 203 0.453516 0.616667 0.032031 0.197222 1.000000
0 204 0.453516 0.618056 0.030469 0.197222 1.000000
0 205 0.453125 0.618750 0.029687 0.195833 1.000000
0 206 0.452344 0.620139 0.028125 0.198611 1.000000
0 207 0.452734 0.620833 0.028906 0.197222 1.000000
0 208 0.452734 0.620833 0.028906 0.197222 1.000000
0 209 0.452734 0.620833 0.028906 0.194444 1.000000
0 210 0.453125 0.620833 0.029687 0.194444 1.000000
0 211 0.453516 0.621528 0.028906 0.193056 1.000000
0 212 0.453906 0.622222 0.029687 0.191667 1.000000
0 213 0.454297 0.622917 0.028906 0.190278 1.000000
0 214 0.454688 0.624306 0.029687 0.190278 1.000000
0 215 0.454688 0.625000 0.029687 0.188889 1.000000
0 216 0.455078 0.627778 0.028906 0.188889 1.000000
0 217 0.455469 0.630556 0.029687 0.191667 1.000000
0 218 0.455469 0.633333 0.029687 0.191667 1.000000
0 219 0.456250 0.634722 0.029687 0.191667 1.000000
0 220 0.456641 0.637500 0.030469 0.191667 1.000000
0 221 0.456641 0.639583 0.030469 0.190278 1.000000
0 222 0.456641 0.643750 0.030469 0.193056 1.000000
0 223 0.455469 0.645139 0.032813 0.195833 1.000000
0 224 0.454688 0.645833 0.034375 0.194444 1.000000
0 225 0.454297 0.646528 0.036719 0.193056 1.000000
0 226 0.454688 0.647222 0.037500 0.191667 1.000000
0 227 0.455078 0.647917 0.038281 0.190278 1.000000
0 228 0.455469 0.647917 0.039062 0.190278 1.000000
0 229 0.457031 0.647917 0.037500 0.190278 1.000000
0 230 0.457813 0.650000 0.035937 0.188889 1.000000
0 231 0.458594 0.651389 0.035937 0.188889 1.000000
0 232 0.458594 0.654861 0.035937 0.193056 1.000000
0 233 0.458984 0.658333 0.035156 0.194444 1.000000
0 234 0.458984 0.661806 0.035156 0.195833 1.000000
0 235 0.458984 0.664583 0.035156 0.195833 1.000000
0 236 0.458984 0.665972 0.035156 0.198611 1.000000
0 237 0.458984 0.670139 0.035156 0.201389 1.000000
0 238 0.458984 0.673611 0.035156 0.200000 1.000000
0 239 0.458984 0.676389 0.035156 0.200000 1.000000
0 240 0.458984 0.677778 0.036719 0.200000 1.000000
0 241 0.458984 0.677778 0.036719 0.200000 1.000000
0 242 0.458984 0.679167 0.036719 0.200000 1.000000
0 243 0.458203 0.679167 0.036719 0.200000 1.000000
0 244 0.458203 0.679167 0.036719 0.200000 1.000000
0 245 0.458203 0.679861 0.036719 0.198611 1.000000
0 246 0.458984 0.680556 0.036719 0.197222 1.000000
0 247 0.458984 0.680556 0.036719 0.197222 1.000000
0 248 0.458984 0.680556 0.036719 0.197222 1.000000
0 249 0.458984 0.680556 0.036719 0.197222 1.000000
0 250 0.458984 0.680556 0.036719 0.197222 1.000000
0 251 0.459375 0.680556 0.034375 0.197222 1.000000
0 252 0.459375 0.680556 0.034375 0.197222 1.000000
0 253 0.459375 0.680556 0.034375 0.197222 1.000000
0 254 0.459375 0.680556 0.034375 0.197222 1.000000
0 255 0.460156 0.680556 0.032813 0.197222 1.000000
0 256 0.460156 0.679861 0.032813 0.198611 1.000000
0 257 0.460938 0.679861 0.032813 0.198611 1.000000
0 258 0.460938 0.679861 0.032813 0.198611 1.000000
0 259 0.460938 0.679861 0.032813 0.198611 1.000000
0 260 0.460938 0.680556 0.032813 0.197222 1.000000
0 261 0.460938 0.680556 0.032813 0.197222 1.000000
0 262 0.460938 0.681250 0.032813 0.195833 1.000000
0 263 0.461719 0.681944 0.032813 0.194444 1.000000
0 264 0.462500 0.682639 0.034375 0.193056 1.000000
0 265 0.462500 0.684028 0.034375 0.190278 1.000000
0 266 0.463281 0.686806 0.034375 0.190278 1.000000
0 267 0.464062 0.688889 0.035937 0.191667 1.000000
0 268 0.464844 0.690972 0.037500 0.190278 1.000000
0 269 0.465625 0.693056 0.037500 0.188889 1.000000
0 270 0.467187 0.697222 0.039062 0.188889 1.000000
0 271 0.467187 0.697222 0.039062 0.188889 1.000000
0 272 0.467969 0.699306 0.040625 0.187500 1.000000
0 273 0.469922 0.704861 0.044531 0.176389 1.000000
0 274 0.471094 0.708333 0.046875 0.169444 1.000000
0 275 0.472656 0.711111 0.050000 0.163889 1.000000
0 276 0.473828 0.714583 0.050781 0.156944 1.000000
0 277 0.475000 0.718056 0.053125 0.150000 1.000000
0 278 0.475781 0.720833 0.053125 0.144444 1.000000
0 279 0.475781 0.725000 0.053125 0.136111 1.000000
0 280 0.476562 0.727083 0.054688 0.131944 1.000000
0 281 0.476562 0.727083 0.054688 0.131944 1.000000
0 282 0.478125 0.725694 0.054688 0.134722 1.000000
0 283 0.478906 0.725000 0.054688 0.136111 1.000000
0 284 0.480469 0.720833 0.054688 0.141667 1.000000
0 285 0.481250 0.718056 0.051562 0.150000 1.000000
0 286 0.483594 0.713194 0.050000 0.159722 1.000000
0 287 0.485547 0.707639 0.047656 0.170833 1.000000
0 288 0.487109 0.702083 0.044531 0.181944 1.000000
0 289 0.486719 0.690278 0.039062 0.205556 1.000000
0 290 0.488281 0.677778 0.035937 0.230556 1.000000
0 291 0.491016 0.661111 0.036719 0.263889 1.000000
0 292 0.490625 0.650000 0.035937 0.272222 1.000000
0 293 0.487891 0.643750 0.044531 0.256944 1.000000
0 294 0.487500 0.625694 0.046875 0.248611 1.000000
0 295 0.489844 0.615972 0.050000 0.251389 1.000000
0 296 0.492578 0.611806 0.049219 0.254167 1.000000
0 297 0.492578 0.608333 0.041406 0.258333 1.000000
0 298 0.495703 0.608333 0.041406 0.258333 1.000000
0 299 0.498437 0.609722 0.043750 0.255556 1.000000
0 300 0.501172 0.610417 0.044531 0.256944 1.000000
0 301 0.501953 0.608333 0.046094 0.261111 1.000000
0 302 0.500781 0.614583 0.042188 0.256944 1.000000
0 303 0.498828 0.615972 0.036719 0.262500 1.000000
0 304 0.496094 0.623611 0.034375 0.261111 1.000000
0 305 0.496094 0.634722 0.040625 0.252778 1.000000
0 306 0.494531 0.647222 0.050000 0.241667 1.000000
0 307 0.493359 0.662500 0.061719 0.227778 1.000000
0 308 0.496094 0.678472 0.067187 0.223611 1.000000
0 309 0.496094 0.688194 0.067187 0.212500 1.000000
0 310 0.497266 0.691667 0.063281 0.202778 1.000000
0 311 0.498828 0.697222 0.060156 0.191667 1.000000
0 312 0.498828 0.699306 0.060156 0.187500 1.000000
0 313 0.497266 0.701389 0.061719 0.183333 1.000000
0 314 0.497266 0.704167 0.061719 0.177778 1.000000
0 315 0.494141 0.706250 0.067969 0.173611 1.000000
0 316 0.492188 0.711111 0.071875 0.172222 1.000000
0 317 0.492188 0.716667 0.071875 0.183333 1.000000
0 318 0.490625 0.720139 0.071875 0.190278 1.000000
0 319 0.490234 0.720833 0.071094 0.194444 1.000000
0 320 0.489453 0.721528 0.069531 0.193056 1.000000
0 321 0.485547 0.720833 0.069531 0.191667 1.000000
0 322 0.481641 0.720833 0.067969 0.188889 1.000000
0 323 0.477344 0.721528 0.065625 0.187500 1.000000
0 324 0.475391 0.724306 0.067969 0.187500 1.000000
0 325 0.471094 0.728472 0.070312 0.190278 1.000000
0 326 0.470313 0.728472 0.070312 0.190278 1.000000
0 327 0.470703 0.729861 0.072656 0.187500 1.000000
0 328 0.469922 0.730556 0.074219 0.188889 1.000000
0 329 0.464844 0.729167 0.067187 0.188889 1.000000
0 330 0.458203 0.728472 0.061719 0.193056 1.000000
0 331 0.451953 0.726389 0.053906 0.197222 1.000000
0 332 0.442578 0.724306 0.052344 0.198611 1.000000
0 333 0.445312 0.721528 0.060937 0.204167 1.000000
0 334 0.441797 0.720139 0.075781 0.206944 1.000000
0 335 0.437891 0.717361 0.069531 0.212500 1.000000
0 336 0.435937 0.714583 0.071875 0.215278 1.000000
0 337 0.432812 0.712500 0.075000 0.219444 1.000000
0 338 0.431250 0.707639 0.075000 0.215278 1.000000
0 339 0.428906 0.704167 0.073438 0.208333 1.000000
0 340 0.425000 0.701389 0.067187 0.202778 1.000000
0 341 0.423828 0.697222 0.066406 0.197222 1.000000
0 342 0.421875 0.694444 0.062500 0.194444 1.000000
0 343 0.418359 0.694444 0.060156 0.194444 1.000000
0 344 0.415625 0.693056 0.056250 0.197222 1.000000
0 345 0.412500 0.693056 0.053125 0.197222 1.000000
0 346 0.407422 0.690278 0.052344 0.197222 1.000000
0 347 0.403516 0.686111 0.053906 0.197222 1.000000
0 348 0.400391 0.684028 0.049219 0.193056 1.000000
0 349 0.398047 0.679861 0.044531 0.184722 1.000000
0 350 0.395703 0.677083 0.044531 0.176389 1.000000
0 351 0.393359 0.675000 0.046094 0.166667 1.000000
0 352 0.392188 0.676389 0.045312 0.166667 1.000000
0 353 0.393750 0.677083 0.045312 0.165278 1.000000
0 354 0.392188 0.675000 0.048438 0.169444 1.000000
0 355 0.392188 0.666667 0.050000 0.183333 1.000000
0 356 0.390625 0.660417 0.050000 0.195833 1.000000
0 357 0.392188 0.651389 0.046875 0.213889 1.000000
0 358 0.392969 0.640278 0.045312 0.227778 1.000000
0 359 0.392969 0.629861 0.045312 0.237500 1.000000
0 360 0.393750 0.619444 0.043750 0.241667 1.000000
0 361 0.393750 0.611806 0.043750 0.245833 1.000000
0 362 0.393750 0.605556 0.043750 0.244444 1.000000
0 363 0.393750 0.600000 0.043750 0.241667 1.000000
0 364 0.394141 0.596528 0.039844 0.234722 1.000000
0 365 0.396484 0.587500 0.039844 0.241667 1.000000
0 366 0.394922 0.584722 0.035156 0.241667 1.000000
0 367 0.393750 0.583333 0.032813 0.238889 1.000000
0 368 0.392578 0.584722 0.030469 0.236111 1.000000
0 369 0.392188 0.590278 0.029687 0.230556 1.000000
0 370 0.392578 0.596528 0.030469 0.229167 1.000000
0 371 0.392188 0.605556 0.032813 0.225000 1.000000
0 372 0.392969 0.618750 0.034375 0.220833 1.000000
0 373 0.392578 0.625694 0.036719 0.218056 1.000000
0 374 0.392188 0.637500 0.040625 0.205556 1.000000
0 375 0.391406 0.647222 0.042188 0.186111 1.000000
0 376 0.389844 0.656250 0.048438 0.170833 1.000000
0 377 0.387891 0.656944 0.049219 0.169444 1.000000
0 378 0.387500 0.656944 0.046875 0.169444 1.000000
0 379 0.384766 0.659722 0.046094 0.169444 1.000000
0 380 0.381641 0.663194 0.046094 0.173611 1.000000
0 381 0.380469 0.664583 0.043750 0.170833 1.000000
0 382 0.379688 0.665972 0.045312 0.168056 1.000000
0 383 0.378906 0.665972 0.046875 0.168056 1.000000
0 384 0.378906 0.667361 0.046875 0.170833 1.000000
0 385 0.377344 0.670139 0.048438 0.173611 1.000000
0 386 0.377734 0.670833 0.049219 0.180556 1.000000
0 387 0.378125 0.674306 0.050000 0.187500 1.000000
0 388 0.378906 0.677778 0.051562 0.194444 1.000000
0 389 0.381250 0.677778 0.056250 0.194444 1.000000
0 390 0.385937 0.680556 0.057813 0.194444 1.000000
0 391 0.391406 0.681944 0.056250 0.188889 1.000000
0 392 0.396094 0.683333 0.056250 0.186111 1.000000
0 393 0.399609 0.684028 0.057031 0.184722 1.000000
0 394 0.400781 0.684722 0.059375 0.183333 1.000000
0 395 0.403516 0.684722 0.064844 0.183333 1.000000
0 396 0.408594 0.682639 0.071875 0.187500 1.000000
0 397 0.413281 0.681250 0.071875 0.190278 1.000000
0 398 0.417578 0.679167 0.069531 0.188889 1.000000
0 399 0.422266 0.677083 0.058594 0.187500 1.000000
0 400 0.427734 0.677083 0.047656 0.187500 1.000000
0 401 0.429297 0.675000 0.042969 0.186111 1.000000
0 402 0.430859 0.672222 0.039844 0.183333 1.000000
0 403 0.430859 0.672222 0.039844 0.183333 1.000000
0 404 0.437500 0.668750 0.048438 0.179167 1.000000
0 405 0.448047 0.664583 0.060156 0.170833 1.000000
0 406 0.451953 0.665278 0.061719 0.163889 1.000000
0 407 0.455078 0.665278 0.063281 0.161111 1.000000
0 408 0.458203 0.665972 0.063281 0.156944 1.000000
0 409 0.458203 0.668056 0.063281 0.152778 1.000000
0 410 0.460938 0.670139 0.057813 0.148611 1.000000
0 411 0.462109 0.671528 0.057031 0.145833 1.000000
0 412 0.463672 0.672917 0.053906 0.145833 1.000000
0 413 0.464062 0.672917 0.053125 0.145833 1.000000
0 414 0.464844 0.672917 0.051562 0.145833 1.000000
0 415 0.465625 0.672222 0.051562 0.147222 1.000000
0 416 0.466406 0.671528 0.050000 0.148611 1.000000
0 417 0.466406 0.670139 0.050000 0.148611 1.000000
0 418 0.466797 0.669444 0.049219 0.152778 1.000000
0 419 0.466797 0.668750 0.049219 0.154167 1.000000
0 420 0.467187 0.668056 0.048438 0.155556 1.000000
0 421 0.467187 0.666667 0.048438 0.158333 1.000000
0 422 0.466406 0.665278 0.050000 0.161111 1.000000
0 423 0.466797 0.663889 0.050781 0.163889 1.000000
0 424 0.466406 0.662500 0.053125 0.166667 1.000000
0 425 0.466797 0.661111 0.053906 0.169444 1.000000
0 426 0.466406 0.659028 0.053125 0.173611 1.000000
0 427 0.466406 0.657639 0.053125 0.176389 1.000000
0 428 0.465625 0.656250 0.051562 0.179167 1.000000
0 429 0.465234 0.655556 0.053906 0.183333 1.000000
0 430 0.465234 0.654167 0.053906 0.183333 1.000000
0 431 0.464453 0.652083 0.055469 0.187500 1.000000
0 432 0.464062 0.650694 0.056250 0.190278 1.000000
0 433 0.463281 0.649306 0.056250 0.190278 1.000000
0 434 0.460938 0.647917 0.054688 0.190278 1.000000
0 435 0.458594 0.646528 0.051562 0.193056 1.000000
0 436 0.456250 0.646528 0.048438 0.193056 1.000000
0 437 0.454297 0.645833 0.044531 0.197222 1.000000
0 438 0.451953 0.644444 0.041406 0.197222 1.000000
0 439 0.450781 0.644444 0.039062 0.197222 1.000000
0 440 0.451172 0.644444 0.039844 0.197222 1.000000
0 441 0.450391 0.644444 0.039844 0.197222 1.000000
0 442 0.450391 0.644444 0.041406 0.197222 1.000000
