0 1 0.407031 0.597222 0.140625 0.144444 0.000000 0.000000 1.000000
0 2 0.408203 0.595139 0.146094 0.148611 0.001172 -0.002083 1.000000
0 3 0.408594 0.595139 0.154688 0.148611 0.000391 0.000000 1.000000
0 4 0.411328 0.593750 0.160156 0.151389 0.002734 -0.001389 1.000000
0 5 0.414844 0.585417 0.157812 0.162500 0.003516 -0.008333 1.000000
0 6 0.418750 0.572917 0.151562 0.187500 0.003906 -0.012500 1.000000
0 7 0.423828 0.563889 0.142969 0.205556 0.005078 -0.009028 1.000000
0 8 0.429688 0.556250 0.131250 0.218056 0.005859 -0.007639 1.000000
0 9 0.435937 0.554167 0.121875 0.225000 0.006250 -0.002083 1.000000
0 10 0.441406 0.553472 0.114062 0.223611 0.005469 -0.000694 1.000000
0 11 0.448047 0.553472 0.111719 0.223611 0.006641 0.000000 1.000000
0 12 0.459375 0.560417 0.101562 0.212500 0.011328 0.006944 1.000000
0 13 0.470703 0.563194 0.096094 0.204167 0.011328 0.002778 1.000000
0 14 0.478125 0.566667 0.079687 0.194444 0.007422 0.003472 1.000000
0 15 0.485938 0.570833 0.062500 0.188889 0.007812 0.004167 1.000000
0 16 0.514453 0.573611 0.066406 0.191667 0.028516 0.002778 1.000000
0 17 0.516797 0.570139 0.078906 0.184722 0.002344 -0.003472 1.000000
0 18 0.530078 0.586806 0.097656 0.151389 0.013281 0.016667 1.000000
0 19 0.539062 0.588194 0.107813 0.143056 0.008984 0.001389 1.000000
0 20 0.569922 0.605556 0.108594 0.105556 0.030859 0.017361 1.000000
0 21 0.576172 0.600000 0.096094 0.119444 0.006250 -0.005556 1.000000
0 22 0.587109 0.593750 0.096094 0.134722 0.010937 -0.006250 1.000000
0 23 0.595313 0.586806 0.090625 0.140278 0.008203 -0.006944 1.000000
0 24 0.606250 0.582639 0.073438 0.151389 0.010937 -0.004167 1.000000
0 25 0.615234 0.581250 0.075781 0.156944 0.008984 -0.001389 1.000000
0 26 0.625000 0.576389 0.081250 0.161111 0.009766 -0.004861 1.000000
0 27 0.630469 0.571528 0.082812 0.168056 0.005469 -0.004861 1.000000
0 28 0.628516 0.561806 0.061719 0.181944 -0.001953 -0.009722 1.000000
0 29 0.632031 0.556944 0.056250 0.191667 0.003516 -0.004861 1.000000
0 30 0.632031 0.552778 0.057813 0.202778 0.000000 -0.004167 1.000000
0 31 0.634766 0.548611 0.058594 0.211111 0.002734 -0.004167 1.000000
0 32 0.638281 0.537500 0.059375 0.230556 0.003516 -0.011111 1.000000
0 33 0.641797 0.531250 0.057031 0.240278 0.003516 -0.006250 1.000000
0 34 0.645312 0.526389 0.051562 0.250000 0.003516 -0.004861 1.000000
0 35 0.649609 0.522222 0.044531 0.258333 0.004297 -0.004167 1.000000
0 36 0.650781 0.512500 0.039062 0.272222 0.001172 -0.009722 1.000000
0 37 0.650781 0.508333 0.046875 0.269444 0.000000 -0.004167 1.000000
0 38 0.653516 0.509028 0.050781 0.270833 0.002734 0.000694 1.000000
0 39 0.655078 0.508333 0.050781 0.263889 0.001563 -0.000694 1.000000
0 40 0.658594 0.516667 0.054688 0.258333 0.003516 0.008333 1.000000
0 41 0.657031 0.523611 0.053125 0.250000 -0.001563 0.006944 1.000000
0 42 0.655469 0.529167 0.050000 0.241667 -0.001563 0.005556 1.000000
0 43 0.658984 0.534028 0.049219 0.234722 0.003516 0.004861 1.000000
0 44 0.661719 0.531944 0.051562 0.233333 0.002734 -0.002083 1.000000
0 45 0.662109 0.529167 0.055469 0.241667 0.000391 -0.002778 1.000000
0 46 0.664453 0.525694 0.064844 0.245833 0.002344 -0.003472 1.000000
0 47 0.668750 0.525694 0.081250 0.248611 0.004297 0.000000 1.000000
0 48 0.672266 0.527083 0.105469 0.245833 0.003516 0.001389 1.000000
0 49 0.660547 0.526389 0.139844 0.247222 -0.011719 -0.000694 1.000000
0 50 0.651953 0.522222 0.128906 0.252778 -0.008594 -0.004167 1.000000
0 51 0.653125 0.515278 0.090625 0.266667 0.001172 -0.006944 1.000000
0 52 0.653516 0.494444 0.077344 0.272222 0.000391 -0.020833 1.000000
0 53 0.653516 0.479167 0.072656 0.258333 0.000000 -0.015278 1.000000
0 54 0.651953 0.474306 0.075781 0.259722 -0.001563 -0.004861 1.000000
0 55 0.648047 0.476389 0.082031 0.266667 -0.003906 0.002083 1.000000
0 56 0.645703 0.486111 0.088281 0.280556 -0.002344 0.009722 1.000000
0 57 0.651563 0.486806 0.117188 0.295833 0.005859 0.000694 1.000000
0 58 0.636328 0.479167 0.116406 0.322222 -0.015234 -0.007639 1.000000
0 59 0.625781 0.480556 0.087500 0.330556 -0.010547 0.001389 1.000000
0 60 0.631641 0.504861 0.046094 0.301389 0.005859 0.024306 1.000000
0 61 0.629687 0.498611 0.042188 0.313889 -0.001953 -0.006250 1.000000
0 62 0.626563 0.500694 0.053125 0.309722 -0.003125 0.002083 1.000000
0 63 0.623828 0.502083 0.069531 0.309722 -0.002734 0.001389 1.000000
0 64 0.631250 0.511111 0.095312 0.291667 0.007422 0.009028 1.000000
0 65 0.632812 0.508333 0.121875 0.283333 0.001563 -0.002778 1.000000
0 66 0.631250 0.508333 0.112500 0.294444 -0.001563 0.000000 1.000000
0 67 0.623437 0.506250 0.081250 0.293056 -0.007812 -0.002083 1.000000
0 70 0.614844 0.520833 0.107813 0.300000 -0.002865 0.004861 1.000000
0 71 0.613672 0.518056 0.099219 0.302778 -0.001172 -0.002778 1.000000
0 72 0.595313 0.508333 0.085938 0.311111 -0.018359 -0.009722 1.000000
0 73 0.593750 0.513194 0.098437 0.323611 -0.001563 0.004861 1.000000
0 74 0.583203 0.513194 0.089844 0.326389 -0.010547 0.000000 1.000000
0 75 0.582422 0.515972 0.075781 0.323611 -0.000781 0.002778 1.000000
0 76 0.574609 0.526389 0.053906 0.316667 -0.007812 0.010417 1.000000
0 77 0.571484 0.524306 0.053906 0.318056 -0.003125 -0.002083 1.000000
0 78 0.569141 0.519444 0.050781 0.325000 -0.002344 -0.004861 1.000000
0 79 0.566406 0.500694 0.053125 0.354167 -0.002734 -0.018750 1.000000
0 80 0.550000 0.472222 0.068750 0.436111 -0.016406 -0.028472 1.000000
0 81 0.552344 0.471528 0.059375 0.437500 0.002344 -0.000694 1.000000
0 82 0.550000 0.479167 0.048438 0.422222 -0.002344 0.007639 1.000000
0 83 0.546875 0.486806 0.046875 0.409722 -0.003125 0.007639 1.000000
0 84 0.533594 0.488889 0.057813 0.433333 -0.013281 0.002083 1.000000
0 85 0.534375 0.487500 0.062500 0.436111 0.000781 -0.001389 1.000000
0 86 0.519141 0.486111 0.088281 0.436111 -0.015234 -0.001389 1.000000
0 87 0.509766 0.497222 0.111719 0.411111 -0.009375 0.011111 1.000000
0 88 0.514062 0.509028 0.095312 0.370833 0.004297 0.011806 1.000000
0 89 0.511719 0.511806 0.096875 0.376389 -0.002344 0.002778 1.000000
0 90 0.508594 0.509722 0.096875 0.380556 -0.003125 -0.002083 1.000000
0 91 0.505469 0.511806 0.096875 0.368056 -0.003125 0.002083 1.000000
0 92 0.513672 0.516667 0.141406 0.363889 0.008203 0.004861 1.000000
0 93 0.506250 0.529167 0.159375 0.375000 -0.007422 0.012500 1.000000
0 94 0.492578 0.532639 0.164844 0.370833 -0.013672 0.003472 1.000000
0 95 0.483594 0.531250 0.160938 0.370833 -0.008984 -0.001389 1.000000
0 96 0.455469 0.536806 0.115625 0.351389 -0.028125 0.005556 1.000000
0 97 0.449609 0.529167 0.113281 0.361111 -0.005859 -0.007639 1.000000
0 98 0.443750 0.526389 0.112500 0.366667 -0.005859 -0.002778 1.000000
0 99 0.447266 0.524306 0.097656 0.365278 0.003516 -0.002083 1.000000
0 100 0.439453 0.496528 0.086719 0.418056 -0.007812 -0.027778 1.000000
0 101 0.437109 0.492361 0.088281 0.426389 -0.002344 -0.004167 1.000000
0 102 0.444922 0.495139 0.097656 0.418056 0.007812 0.002778 1.000000
0 103 0.455078 0.504167 0.119531 0.402778 0.010156 0.009028 1.000000
0 104 0.478125 0.514583 0.148438 0.362500 0.023047 0.010417 1.000000
0 105 0.475391 0.513194 0.149219 0.356944 -0.002734 -0.001389 1.000000
0 106 0.464844 0.515972 0.143750 0.354167 -0.010547 0.002778 1.000000
0 107 0.447266 0.521528 0.132031 0.351389 -0.017578 0.005556 1.000000
0 108 0.420312 0.540278 0.139063 0.325000 -0.026953 0.018750 1.000000
0 109 0.405469 0.552778 0.128125 0.308333 -0.014844 0.012500 1.000000
0 110 0.403906 0.560417 0.128125 0.290278 -0.001563 0.007639 1.000000
0 111 0.410156 0.565278 0.110937 0.277778 0.006250 0.004861 1.000000
0 112 0.417578 0.571528 0.111719 0.248611 0.007422 0.006250 1.000000
0 113 0.420312 0.581944 0.106250 0.244444 0.002734 0.010417 1.000000
0 114 0.425391 0.584722 0.103906 0.219444 0.005078 0.002778 1.000000
0 115 0.448437 0.591667 0.135937 0.200000 0.023047 0.006944 1.000000
0 116 0.470313 0.613194 0.170313 0.173611 0.021875 0.021528 1.000000
0 117 0.469922 0.620833 0.169531 0.158333 -0.000391 0.007639 1.000000
0 118 0.464844 0.620833 0.160938 0.158333 -0.005078 0.000000 1.000000
0 119 0.455859 0.612500 0.144531 0.172222 -0.008984 -0.008333 1.000000
0 120 0.434375 0.595833 0.095312 0.194444 -0.021484 -0.016667 1.000000
0 121 0.431641 0.584028 0.083594 0.209722 -0.002734 -0.011806 1.000000
0 122 0.432422 0.575000 0.067969 0.222222 0.000781 -0.009028 1.000000
0 123 0.435547 0.567361 0.053906 0.237500 0.003125 -0.007639 1.000000
0 124 0.435156 0.554167 0.070312 0.266667 -0.000391 -0.013194 1.000000
0 125 0.444141 0.546528 0.091406 0.281944 0.008984 -0.007639 1.000000
0 126 0.443750 0.534722 0.081250 0.297222 -0.000391 -0.011806 1.000000
0 127 0.444531 0.527083 0.078125 0.312500 0.000781 -0.007639 1.000000
0 128 0.444141 0.515278 0.077344 0.330556 -0.000391 -0.011806 1.000000
0 129 0.439844 0.513194 0.070312 0.343056 -0.004297 -0.002083 1.000000
0 130 0.427344 0.511806 0.067187 0.345833 -0.012500 -0.001389 1.000000
0 131 0.417578 0.513194 0.069531 0.351389 -0.009766 0.001389 1.000000
0 132 0.420312 0.518056 0.093750 0.344444 0.002734 0.004861 1.000000
0 133 0.425391 0.524306 0.110156 0.334722 0.005078 0.006250 1.000000
0 134 0.428516 0.530556 0.116406 0.330556 0.003125 0.006250 1.000000
0 135 0.423438 0.532639 0.107813 0.323611 -0.005078 0.002083 1.000000
0 136 0.410938 0.525000 0.082812 0.333333 -0.012500 -0.007639 1.000000
0 137 0.407422 0.509028 0.077344 0.362500 -0.003516 -0.015972 1.000000
0 138 0.403906 0.499306 0.065625 0.381944 -0.003516 -0.009722 1.000000
0 139 0.402344 0.493056 0.056250 0.391667 -0.001563 -0.006250 1.000000
0 140 0.386328 0.498611 0.091406 0.388889 -0.016016 0.005556 1.000000
0 141 0.380859 0.500000 0.103906 0.397222 -0.005469 0.001389 1.000000
0 142 0.374219 0.495139 0.125000 0.404167 -0.006641 -0.004861 1.000000
0 143 0.368750 0.497222 0.134375 0.402778 -0.005469 0.002083 1.000000
0 144 0.367188 0.525694 0.135937 0.343056 -0.001563 0.028472 1.000000
0 145 0.359766 0.540972 0.130469 0.334722 -0.007422 0.015278 1.000000
0 146 0.349219 0.541667 0.129688 0.336111 -0.010547 0.000694 1.000000
0 147 0.342578 0.542361 0.114844 0.334722 -0.006641 0.000694 1.000000
0 148 0.332813 0.540972 0.073438 0.337500 -0.009766 -0.001389 1.000000
0 149 0.329297 0.535417 0.075781 0.348611 -0.003516 -0.005556 1.000000
0 150 0.326562 0.529167 0.070312 0.361111 -0.002734 -0.006250 1.000000
0 151 0.325781 0.520833 0.067187 0.377778 -0.000781 -0.008333 1.000000
0 152 0.323047 0.477083 0.061719 0.331944 -0.002734 -0.043750 1.000000
0 153 0.319922 0.456250 0.066406 0.309722 -0.003125 -0.020833 1.000000
0 154 0.314453 0.439583 0.072656 0.290278 -0.005469 -0.016667 1.000000
0 155 0.309766 0.439583 0.078906 0.304167 -0.004687 0.000000 1.000000
0 156 0.303906 0.458333 0.089063 0.350000 -0.005859 0.018750 1.000000
0 157 0.303516 0.474306 0.105469 0.376389 -0.000391 0.015972 1.000000
0 158 0.315625 0.481250 0.142187 0.398611 0.012109 0.006944 1.000000
0 159 0.311719 0.462500 0.148438 0.466667 -0.003906 -0.018750 1.000000
0 160 0.307031 0.493750 0.148438 0.454167 -0.004687 0.031250 1.000000
0 161 0.305469 0.501389 0.142187 0.441667 -0.001563 0.007639 1.000000
0 162 0.310156 0.504167 0.150000 0.433333 0.004687 0.002778 1.000000
0 163 0.311719 0.495139 0.148438 0.448611 0.001563 -0.009028 1.000000
0 164 0.329688 0.495139 0.128125 0.437500 0.017969 0.000000 1.000000
0 165 0.338281 0.511806 0.106250 0.398611 0.008594 0.016667 1.000000
0 166 0.341797 0.509028 0.091406 0.398611 0.003516 -0.002778 1.000000
0 167 0.338281 0.508333 0.075000 0.400000 -0.003516 -0.000694 1.000000
0 168 0.348047 0.519444 0.078906 0.400000 0.009766 0.011111 1.000000
0 169 0.353906 0.523611 0.085938 0.388889 0.005859 0.004167 1.000000
0 170 0.357812 0.529167 0.092188 0.383333 0.003906 0.005556 1.000000
0 171 0.361719 0.530556 0.098437 0.380556 0.003906 0.001389 1.000000
0 172 0.366406 0.525000 0.101562 0.386111 0.004687 -0.005556 1.000000
0 173 0.369141 0.520833 0.097656 0.391667 0.002734 -0.004167 1.000000
0 174 0.372656 0.520139 0.093750 0.393056 0.003516 -0.000694 1.000000
0 175 0.377344 0.520139 0.093750 0.390278 0.004687 0.000000 1.000000
0 176 0.385156 0.527083 0.104688 0.379167 0.007812 0.006944 1.000000
0 177 0.385547 0.534722 0.110156 0.363889 0.000391 0.007639 1.000000
0 178 0.385937 0.538889 0.114062 0.352778 0.000391 0.004167 1.000000
0 179 0.386719 0.543750 0.114062 0.345833 0.000781 0.004861 1.000000
0 180 0.393359 0.542361 0.102344 0.345833 0.006641 -0.001389 1.000000
0 181 0.405469 0.538889 0.101562 0.350000 0.012109 -0.003472 1.000000
0 182 0.422266 0.532639 0.099219 0.359722 0.016797 -0.006250 1.000000
0 183 0.441406 0.525694 0.103125 0.368056 0.019141 -0.006944 1.000000
0 184 0.479687 0.509722 0.098437 0.383333 0.038281 -0.015972 1.000000
0 185 0.491797 0.500000 0.110156 0.375000 0.012109 -0.009722 1.000000
0 186 0.502734 0.494444 0.110156 0.369444 0.010937 -0.005556 1.000000
0 187 0.513281 0.497222 0.107813 0.369444 0.010547 0.002778 1.000000
0 188 0.526953 0.505556 0.108594 0.363889 0.013672 0.008333 1.000000
0 189 0.530859 0.515972 0.107031 0.362500 0.003906 0.010417 1.000000
0 190 0.531250 0.524306 0.110937 0.348611 0.000391 0.008333 1.000000
0 191 0.530469 0.532639 0.114062 0.331944 -0.000781 0.008333 1.000000
0 192 0.541016 0.543056 0.132031 0.313889 0.010547 0.010417 1.000000
0 193 0.547266 0.543750 0.141406 0.309722 0.006250 0.000694 1.000000
0 194 0.556250 0.544444 0.137500 0.308333 0.008984 0.000694 1.000000
0 195 0.561719 0.542361 0.126562 0.306944 0.005469 -0.002083 1.000000
0 196 0.596484 0.541667 0.094531 0.300000 0.034766 -0.000694 1.000000
0 197 0.603125 0.544444 0.090625 0.297222 0.006641 0.002778 1.000000
0 198 0.603516 0.545833 0.125781 0.288889 0.000391 0.001389 1.000000
0 199 0.602734 0.547222 0.132031 0.291667 -0.000781 0.001389 1.000000
0 200 0.625781 0.538889 0.120313 0.266667 0.023047 -0.008333 1.000000
0 201 0.640234 0.540278 0.105469 0.258333 0.014453 0.001389 1.000000
0 202 0.656250 0.543750 0.090625 0.262500 0.016016 0.003472 1.000000
0 203 0.669531 0.544444 0.081250 0.255556 0.013281 0.000694 1.000000
0 204 0.692969 0.544444 0.095312 0.261111 0.023438 0.000000 1.000000
0 205 0.691016 0.541667 0.082031 0.263889 -0.001953 -0.002778 1.000000
0 206 0.685156 0.534722 0.070312 0.277778 -0.005859 -0.006944 1.000000
0 207 0.685156 0.506944 0.067187 0.327778 0.000000 -0.027778 1.000000
0 208 0.691406 0.454167 0.054688 0.372222 0.006250 -0.052778 1.000000
0 209 0.686719 0.433333 0.050000 0.375000 -0.004687 -0.020833 1.000000
0 210 0.690625 0.414583 0.050000 0.365278 0.003906 -0.018750 1.000000
0 211 0.693359 0.409028 0.055469 0.370833 0.002734 -0.005556 1.000000
0 212 0.687891 0.379167 0.096094 0.322222 -0.005469 -0.029861 1.000000
0 213 0.690625 0.361111 0.101562 0.275000 0.002734 -0.018056 1.000000
0 214 0.698438 0.343056 0.098437 0.225000 0.007812 -0.018056 1.000000
0 215 0.708984 0.352778 0.094531 0.230556 0.010547 0.009722 1.000000
0 216 0.713672 0.399306 0.067969 0.276389 0.004687 0.046528 1.000000
0 217 0.708203 0.429167 0.055469 0.288889 -0.005469 0.029861 1.000000
0 218 0.716797 0.454861 0.071094 0.279167 0.008594 0.025694 1.000000
0 219 0.723047 0.472222 0.080469 0.288889 0.006250 0.017361 1.000000
0 220 0.719531 0.502778 0.081250 0.280556 -0.003516 0.030556 1.000000
0 221 0.709766 0.525000 0.075781 0.280556 -0.009766 0.022222 1.000000
0 222 0.696094 0.536111 0.064062 0.269444 -0.013672 0.011111 1.000000
0 223 0.695312 0.537500 0.050000 0.263889 -0.000781 0.001389 1.000000
0 224 0.688281 0.513194 0.085938 0.279167 -0.007031 -0.024306 1.000000
0 225 0.690625 0.506250 0.100000 0.281944 0.002344 -0.006944 1.000000
0 226 0.696484 0.489583 0.103906 0.304167 0.005859 -0.016667 1.000000
0 227 0.701953 0.467361 0.094531 0.318056 0.005469 -0.022222 1.000000
0 228 0.703516 0.432639 0.113281 0.309722 0.001563 -0.034722 1.000000
0 229 0.701562 0.420139 0.126562 0.287500 -0.001953 -0.012500 1.000000
0 230 0.701562 0.412500 0.131250 0.269444 0.000000 -0.007639 1.000000
0 231 0.702344 0.418750 0.131250 0.273611 0.000781 0.006250 1.000000
0 232 0.707812 0.451389 0.117188 0.277778 0.005469 0.032639 1.000000
0 233 0.713281 0.475694 0.098437 0.265278 0.005469 0.024306 1.000000
0 234 0.717187 0.493750 0.078125 0.273611 0.003906 0.018056 1.000000
0 235 0.723437 0.509028 0.062500 0.276389 0.006250 0.015278 1.000000
0 236 0.734766 0.530556 0.044531 0.261111 0.011328 0.021528 1.000000
0 237 0.736328 0.537500 0.046094 0.255556 0.001563 0.006944 1.000000
0 238 0.735938 0.527083 0.045312 0.273611 -0.000391 -0.010417 1.000000
0 239 0.741406 0.515278 0.056250 0.294444 0.005469 -0.011806 1.000000
0 240 0.739062 0.508333 0.084375 0.308333 -0.002344 -0.006944 1.000000
0 241 0.733594 0.517361 0.101562 0.290278 -0.005469 0.009028 1.000000
0 242 0.740234 0.527083 0.096094 0.270833 0.006641 0.009722 1.000000
0 243 0.745703 0.525694 0.105469 0.268056 0.005469 -0.001389 1.000000
0 244 0.760547 0.533333 0.103906 0.269444 0.014844 0.007639 1.000000
0 245 0.766797 0.535417 0.092969 0.265278 0.006250 0.002083 1.000000
0 246 0.773438 0.536806 0.075000 0.259722 0.006641 0.001389 1.000000
0 247 0.770703 0.534722 0.063281 0.263889 -0.002734 -0.002083 1.000000
0 248 0.771484 0.520139 0.047656 0.293056 0.000781 -0.014583 1.000000
0 249 0.775781 0.510417 0.039062 0.312500 0.004297 -0.009722 1.000000
0 250 0.776563 0.502778 0.037500 0.325000 0.000781 -0.007639 1.000000
0 251 0.776953 0.498611 0.035156 0.333333 0.000391 -0.004167 1.000000
0 252 0.778125 0.497917 0.035937 0.337500 0.001172 -0.000694 1.000000
0 253 0.779297 0.500000 0.036719 0.336111 0.001172 0.002083 1.000000
0 254 0.781250 0.502083 0.039062 0.329167 0.001953 0.002083 1.000000
0 255 0.782031 0.504861 0.040625 0.326389 0.000781 0.002778 1.000000
0 256 0.780469 0.504861 0.039062 0.326389 -0.001563 0.000000 1.000000
0 257 0.779687 0.504861 0.039062 0.326389 -0.000781 0.000000 1.000000
0 258 0.778516 0.506250 0.042969 0.323611 -0.001172 0.001389 1.000000
0 259 0.777734 0.510417 0.047656 0.312500 -0.000781 0.004167 1.000000
0 260 0.775391 0.531250 0.052344 0.279167 -0.002344 0.020833 1.000000
0 261 0.774219 0.531944 0.057813 0.277778 -0.001172 0.000694 1.000000
0 262 0.770312 0.529167 0.064062 0.280556 -0.003906 -0.002778 1.000000
0 263 0.766016 0.526389 0.067969 0.283333 -0.004297 -0.002778 1.000000
0 264 0.761328 0.521528 0.071094 0.287500 -0.004687 -0.004861 1.000000
0 265 0.755469 0.522222 0.073438 0.286111 -0.005859 0.000694 1.000000
0 266 0.754297 0.523611 0.077344 0.286111 -0.001172 0.001389 1.000000
0 267 0.747266 0.529861 0.096094 0.279167 -0.007031 0.006250 1.000000
0 268 0.739062 0.536111 0.118750 0.269444 -0.008203 0.006250 1.000000
0 269 0.734766 0.535417 0.122656 0.270833 -0.004297 -0.000694 1.000000
0 270 0.732031 0.529861 0.120313 0.276389 -0.002734 -0.005556 1.000000
0 271 0.729688 0.527083 0.110937 0.284722 -0.002344 -0.002778 1.000000
0 272 0.723047 0.503472 0.078906 0.320833 -0.006641 -0.023611 1.000000
0 273 0.720313 0.505556 0.059375 0.327778 -0.002734 0.002083 1.000000
0 274 0.711719 0.508333 0.056250 0.322222 -0.008594 0.002778 1.000000
0 275 0.709766 0.515972 0.066406 0.312500 -0.001953 0.007639 1.000000
0 276 0.691797 0.518750 0.085156 0.309722 -0.017969 0.002778 1.000000
0 277 0.685156 0.513889 0.093750 0.316667 -0.006641 -0.004861 1.000000
0 278 0.683594 0.513194 0.085938 0.315278 -0.001563 -0.000694 1.000000
0 279 0.671484 0.515278 0.096094 0.311111 -0.012109 0.002083 1.000000
0 280 0.656250 0.507639 0.073438 0.309722 -0.015234 -0.007639 1.000000
0 283 0.641406 0.501389 0.070312 0.333333 -0.004948 -0.002083 1.000000
0 284 0.630078 0.536806 0.092969 0.270833 -0.011328 0.035417 1.000000
0 285 0.624219 0.538889 0.100000 0.263889 -0.005859 0.002083 1.000000
0 286 0.611328 0.537500 0.100781 0.263889 -0.012891 -0.001389 1.000000
0 287 0.598047 0.536806 0.096094 0.265278 -0.013281 -0.000694 1.000000
0 288 0.582031 0.531250 0.056250 0.276389 -0.016016 -0.005556 1.000000
0 289 0.576953 0.525694 0.063281 0.281944 -0.005078 -0.005556 1.000000
0 290 0.573047 0.522222 0.074219 0.288889 -0.003906 -0.003472 1.000000
0 291 0.569531 0.513194 0.087500 0.276389 -0.003516 -0.009028 1.000000
0 292 0.562891 0.500000 0.103906 0.269444 -0.006641 -0.013194 1.000000
0 293 0.555859 0.505556 0.116406 0.277778 -0.007031 0.005556 1.000000
0 294 0.548828 0.510417 0.116406 0.273611 -0.007031 0.004861 1.000000
0 295 0.542578 0.520833 0.119531 0.288889 -0.006250 0.010417 1.000000
0 296 0.520312 0.529167 0.139063 0.277778 -0.022266 0.008333 1.000000
0 297 0.505078 0.529861 0.139844 0.279167 -0.015234 0.000694 1.000000
0 298 0.487109 0.525694 0.130469 0.281944 -0.017969 -0.004167 1.000000
0 299 0.473438 0.522222 0.120313 0.291667 -0.013672 -0.003472 1.000000
0 300 0.464062 0.515278 0.081250 0.294444 -0.009375 -0.006944 1.000000
0 301 0.462109 0.511111 0.069531 0.286111 -0.001953 -0.004167 1.000000
0 302 0.449219 0.516667 0.073438 0.294444 -0.012891 0.005556 1.000000
0 304 0.421875 0.531944 0.087500 0.283333 -0.013672 0.007639 1.000000
0 305 0.418750 0.536806 0.081250 0.279167 -0.003125 0.004861 1.000000
0 306 0.421484 0.536111 0.088281 0.280556 0.002734 -0.000694 1.000000
0 307 0.416406 0.531250 0.109375 0.293056 -0.005078 -0.004861 1.000000
0 308 0.405078 0.520139 0.138281 0.309722 -0.011328 -0.011111 1.000000
0 309 0.399219 0.515278 0.148438 0.311111 -0.005859 -0.004861 1.000000
0 310 0.392578 0.499306 0.130469 0.331944 -0.006641 -0.015972 1.000000
0 311 0.381641 0.490278 0.091406 0.352778 -0.010937 -0.009028 1.000000
0 312 0.378516 0.486806 0.060156 0.370833 -0.003125 -0.003472 1.000000
0 313 0.378516 0.491667 0.053906 0.372222 0.000000 0.004861 1.000000
0 314 0.375391 0.493750 0.052344 0.368056 -0.003125 0.002083 1.000000
0 315 0.373047 0.493750 0.052344 0.368056 -0.002344 0.000000 1.000000
0 316 0.375781 0.493056 0.056250 0.369444 0.002734 -0.000694 1.000000
0 317 0.377734 0.500694 0.057031 0.345833 0.001953 0.007639 1.000000
0 318 0.377344 0.513889 0.059375 0.311111 -0.000391 0.013194 1.000000
0 319 0.381641 0.514583 0.058594 0.304167 0.004297 0.000694 1.000000
0 320 0.377344 0.523611 0.053125 0.305556 -0.004297 0.009028 1.000000
0 321 0.373828 0.527778 0.053906 0.300000 -0.003516 0.004167 1.000000
0 322 0.363281 0.533333 0.076563 0.294444 -0.010547 0.005556 1.000000
0 323 0.358594 0.535417 0.103125 0.290278 -0.004687 0.002083 1.000000
0 324 0.362500 0.527083 0.134375 0.301389 0.003906 -0.008333 1.000000
0 325 0.365234 0.520139 0.144531 0.309722 0.002734 -0.006944 1.000000
0 326 0.368359 0.511806 0.150781 0.312500 0.003125 -0.008333 1.000000
0 327 0.367188 0.497222 0.135937 0.333333 -0.001172 -0.014583 1.000000
0 328 0.375000 0.485417 0.100000 0.368056 0.007812 -0.011806 1.000000
0 329 0.386328 0.484722 0.102344 0.386111 0.011328 -0.000694 1.000000
0 330 0.383984 0.481944 0.119531 0.388889 -0.002344 -0.002778 1.000000
0 331 0.379297 0.486806 0.132031 0.381944 -0.004687 0.004861 1.000000
0 332 0.369922 0.488889 0.130469 0.380556 -0.009375 0.002083 1.000000
0 333 0.361719 0.493750 0.118750 0.368056 -0.008203 0.004861 1.000000
0 334 0.356250 0.500000 0.112500 0.355556 -0.005469 0.006250 1.000000
0 335 0.356250 0.509722 0.093750 0.325000 0.000000 0.009722 1.000000
0 336 0.357812 0.517361 0.059375 0.326389 0.001563 0.007639 1.000000
0 337 0.359375 0.518750 0.056250 0.326389 0.001563 0.001389 1.000000
0 338 0.360938 0.518750 0.057813 0.326389 0.001563 0.000000 1.000000
0 339 0.357422 0.519444 0.064844 0.327778 -0.003516 0.000694 1.000000
0 340 0.373047 0.520139 0.124219 0.320833 0.015625 0.000694 1.000000
0 341 0.369531 0.522917 0.142187 0.315278 -0.003516 0.002778 1.000000
0 342 0.370312 0.516667 0.146875 0.322222 0.000781 -0.006250 1.000000
0 343 0.372656 0.504167 0.145313 0.316667 0.002344 -0.012500 1.000000
0 344 0.379688 0.495833 0.109375 0.319444 0.007031 -0.008333 1.000000
0 345 0.380078 0.495139 0.082031 0.318056 0.000391 -0.000694 1.000000
0 346 0.382422 0.498611 0.064844 0.316667 0.002344 0.003472 1.000000
0 347 0.382422 0.502778 0.052344 0.313889 0.000000 0.004167 1.000000
0 348 0.379688 0.521528 0.031250 0.309722 -0.002734 0.018750 1.000000
0 349 0.381250 0.528472 0.034375 0.298611 0.001563 0.006944 1.000000
0 350 0.382031 0.534028 0.037500 0.293056 0.000781 0.005556 1.000000
0 351 0.380469 0.530556 0.035937 0.291667 -0.001563 -0.003472 1.000000
0 352 0.389453 0.519444 0.066406 0.305556 0.008984 -0.011111 1.000000
0 353 0.396484 0.517361 0.083594 0.309722 0.007031 -0.002083 1.000000
0 354 0.402734 0.511111 0.092969 0.300000 0.006250 -0.006250 1.000000
0 355 0.406250 0.513889 0.096875 0.308333 0.003516 0.002778 1.000000
0 356 0.402344 0.521528 0.078125 0.295833 -0.003906 0.007639 1.000000
0 357 0.396875 0.527083 0.060937 0.284722 -0.005469 0.005556 1.000000
0 358 0.391797 0.531250 0.049219 0.279167 -0.005078 0.004167 1.000000
0 359 0.392969 0.531944 0.053125 0.277778 0.001172 0.000694 1.000000
0 360 0.398047 0.518750 0.083594 0.293056 0.005078 -0.013194 1.000000
0 361 0.388281 0.511806 0.115625 0.312500 -0.009766 -0.006944 1.000000
0 362 0.375781 0.509722 0.126562 0.308333 -0.012500 -0.002083 1.000000
0 363 0.373437 0.509028 0.115625 0.306944 -0.002344 -0.000694 1.000000
0 364 0.370312 0.520833 0.090625 0.291667 -0.003125 0.011806 1.000000
0 365 0.367969 0.522222 0.100000 0.286111 -0.002344 0.001389 1.000000
0 366 0.368750 0.522917 0.115625 0.290278 0.000781 0.000694 1.000000
0 367 0.372656 0.521528 0.129688 0.287500 0.003906 -0.001389 1.000000
0 368 0.379297 0.520833 0.135156 0.280556 0.006641 -0.000694 1.000000
0 369 0.378906 0.518750 0.118750 0.279167 -0.000391 -0.002083 1.000000
0 370 0.378906 0.520139 0.087500 0.276389 0.000000 0.001389 1.000000
0 371 0.385937 0.520139 0.068750 0.273611 0.007031 0.000000 1.000000
0 372 0.391016 0.531944 0.069531 0.263889 0.005078 0.011806 1.000000
0 373 0.392188 0.536806 0.071875 0.256944 0.001172 0.004861 1.000000
0 374 0.392578 0.540972 0.072656 0.248611 0.000391 0.004167 1.000000
0 375 0.392578 0.539583 0.072656 0.251389 0.000000 -0.001389 1.000000
0 376 0.397266 0.529167 0.082031 0.269444 0.004687 -0.010417 1.000000
0 377 0.402344 0.524306 0.092188 0.279167 0.005078 -0.004861 1.000000
0 378 0.399609 0.515972 0.082031 0.284722 -0.002734 -0.008333 1.000000
0 379 0.392578 0.499306 0.063281 0.318056 -0.007031 -0.016667 1.000000
0 380 0.377734 0.484722 0.033594 0.350000 -0.014844 -0.014583 1.000000
0 381 0.377344 0.492361 0.035937 0.340278 -0.000391 0.007639 1.000000
0 382 0.371875 0.497917 0.048438 0.329167 -0.005469 0.005556 1.000000
0 383 0.369531 0.505556 0.053125 0.322222 -0.002344 0.007639 1.000000
0 384 0.376953 0.515972 0.077344 0.295833 0.007422 0.010417 1.000000
0 385 0.382031 0.521528 0.098437 0.284722 0.005078 0.005556 1.000000
0 386 0.384766 0.523611 0.114844 0.280556 0.002734 0.002083 1.000000
0 387 0.387109 0.521528 0.122656 0.281944 0.002344 -0.002083 1.000000
0 388 0.388672 0.521528 0.110156 0.281944 0.001563 0.000000 1.000000
0 389 0.387500 0.509028 0.100000 0.304167 -0.001172 -0.012500 1.000000
0 390 0.382031 0.502778 0.089063 0.319444 -0.005469 -0.006250 1.000000
0 391 0.384766 0.502083 0.091406 0.318056 0.002734 -0.000694 1.000000
0 392 0.395313 0.512500 0.093750 0.302778 0.010547 0.010417 1.000000
0 393 0.397656 0.514583 0.096875 0.295833 0.002344 0.002083 1.000000
0 394 0.398828 0.518056 0.092969 0.288889 0.001172 0.003472 1.000000
0 395 0.400000 0.524306 0.085938 0.270833 0.001172 0.006250 1.000000
0 396 0.408984 0.549306 0.064844 0.215278 0.008984 0.025000 1.000000
0 397 0.411328 0.552778 0.061719 0.208333 0.002344 0.003472 1.000000
0 398 0.412500 0.538889 0.067187 0.236111 0.001172 -0.013889 1.000000
0 399 0.412891 0.522222 0.074219 0.269444 0.000391 -0.016667 1.000000
0 400 0.418359 0.511806 0.091406 0.270833 0.005469 -0.010417 1.000000
0 401 0.422266 0.515278 0.102344 0.233333 0.003906 0.003472 1.000000
0 402 0.423828 0.527083 0.107031 0.209722 0.001563 0.011806 1.000000
0 403 0.425000 0.548611 0.109375 0.166667 0.001172 0.021528 1.000000
0 404 0.423828 0.564583 0.107031 0.198611 -0.001172 0.015972 1.000000
0 405 0.423828 0.553472 0.103906 0.223611 0.000000 -0.011111 1.000000
0 406 0.424609 0.545139 0.102344 0.237500 0.000781 -0.008333 1.000000
0 407 0.423438 0.543056 0.101562 0.241667 -0.001172 -0.002083 1.000000
0 408 0.422266 0.549306 0.102344 0.231944 -0.001172 0.006250 1.000000
0 409 0.426172 0.557639 0.113281 0.220833 0.003906 0.008333 1.000000
0 410 0.431250 0.563889 0.126562 0.205556 0.005078 0.006250 1.000000
0 411 0.436328 0.572917 0.139844 0.187500 0.005078 0.009028 1.000000
0 412 0.440234 0.588889 0.150781 0.152778 0.003906 0.015972 1.000000
0 413 0.439063 0.597917 0.150000 0.134722 -0.001172 0.009028 1.000000
0 414 0.437109 0.606250 0.146094 0.118056 -0.001953 0.008333 1.000000
0 415 0.432031 0.606250 0.137500 0.115278 -0.005078 0.000000 1.000000
0 416 0.423828 0.604167 0.121094 0.122222 -0.008203 -0.002083 1.000000
0 417 0.419141 0.601389 0.113281 0.125000 -0.004687 -0.002778 1.000000
0 418 0.417578 0.599306 0.110156 0.129167 -0.001563 -0.002083 1.000000
0 419 0.416016 0.601389 0.107031 0.138889 -0.001563 0.002083 1.000000
0 420 0.416797 0.599306 0.100781 0.143056 0.000781 -0.002083 1.000000
0 421 0.416797 0.600694 0.099219 0.143056 0.000000 0.001389 1.000000
0 422 0.416406 0.602083 0.096875 0.143056 -0.000391 0.001389 1.000000
0 423 0.414062 0.603472 0.098437 0.143056 -0.002344 0.001389 1.000000
0 424 0.410156 0.602083 0.101562 0.134722 -0.003906 -0.001389 1.000000
0 425 0.409375 0.602778 0.106250 0.130556 -0.000781 0.000694 1.000000
0 426 0.411719 0.602778 0.115625 0.127778 0.002344 0.000000 1.000000
0 427 0.414844 0.602083 0.123438 0.123611 0.003125 -0.000694 1.000000
0 428 0.412891 0.600694 0.124219 0.123611 -0.001953 -0.001389 1.000000
0 429 0.407031 0.603472 0.109375 0.120833 -0.005859 0.002778 1.000000
0 430 0.395313 0.603472 0.084375 0.120833 -0.011719 0.000000 1.000000
0 431 0.383594 0.603472 0.064062 0.120833 -0.011719 0.000000 1.000000
0 432 0.366797 0.602778 0.088281 0.122222 -0.016797 -0.000694 1.000000
0 433 0.359766 0.598611 0.091406 0.127778 -0.007031 -0.004167 1.000000
0 434 0.355859 0.591667 0.100781 0.144444 -0.003906 -0.006944 1.000000
0 435 0.355859 0.584028 0.105469 0.159722 0.000000 -0.007639 1.000000
0 436 0.367969 0.577083 0.087500 0.173611 0.012109 -0.006944 1.000000
0 437 0.367578 0.575000 0.078906 0.183333 -0.000391 -0.002083 1.000000
0 438 0.366406 0.574306 0.073438 0.181944 -0.001172 -0.000694 1.000000
0 439 0.379297 0.575000 0.100781 0.180556 0.012891 0.000694 1.000000
0 440 0.395703 0.587500 0.142969 0.155556 0.016406 0.012500 1.000000
0 441 0.394141 0.595139 0.136719 0.134722 -0.001563 0.007639 1.000000
0 442 0.398438 0.600694 0.109375 0.137500 0.004297 0.005556 1.000000
0 443 0.388281 0.592361 0.092188 0.154167 -0.010156 -0.008333 1.000000
0 444 0.387500 0.571528 0.096875 0.195833 -0.000781 -0.020833 1.000000
0 445 0.394922 0.569444 0.111719 0.202778 0.007422 -0.002083 1.000000
0 446 0.397656 0.568750 0.117188 0.201389 0.002734 -0.000694 1.000000
0 447 0.394531 0.572222 0.109375 0.194444 -0.003125 0.003472 1.000000
0 448 0.376563 0.579861 0.070312 0.181944 -0.017969 0.007639 1.000000
0 449 0.373828 0.584722 0.072656 0.175000 -0.002734 0.004861 1.000000
0 450 0.369531 0.587500 0.073438 0.163889 -0.004297 0.002778 1.000000
0 451 0.362109 0.586806 0.077344 0.162500 -0.007422 -0.000694 1.000000
0 452 0.348047 0.595833 0.107031 0.144444 -0.014063 0.009028 1.000000
0 453 0.341797 0.603472 0.114844 0.131944 -0.006250 0.007639 1.000000
0 454 0.338281 0.602778 0.115625 0.130556 -0.003516 -0.000694 1.000000
0 455 0.335938 0.600694 0.109375 0.137500 -0.002344 -0.002083 1.000000
0 456 0.325391 0.598611 0.102344 0.141667 -0.010547 -0.002083 1.000000
0 457 0.322656 0.598611 0.096875 0.141667 -0.002734 0.000000 1.000000
0 458 0.342578 0.599306 0.113281 0.140278 0.019922 0.000694 1.000000
0 459 0.363281 0.597222 0.115625 0.138889 0.020703 -0.002083 1.000000
0 460 0.375781 0.596528 0.103125 0.140278 0.012500 -0.000694 1.000000
0 461 0.371875 0.595833 0.101562 0.141667 -0.003906 -0.000694 1.000000
0 462 0.364453 0.595139 0.099219 0.140278 -0.007422 -0.000694 1.000000
0 463 0.360547 0.595833 0.100781 0.136111 -0.003906 0.000694 1.000000
0 464 0.359375 0.601389 0.114062 0.116667 -0.001172 0.005556 1.000000
0 465 0.357422 0.611111 0.116406 0.113889 -0.001953 0.009722 1.000000
0 466 0.356250 0.618056 0.112500 0.100000 -0.001172 0.006944 1.000000
0 467 0.353906 0.622222 0.109375 0.088889 -0.002344 0.004167 1.000000
0 468 0.342969 0.629861 0.128125 0.076389 -0.010937 0.007639 1.000000
0 469 0.341406 0.634722 0.131250 0.066667 -0.001563 0.004861 1.000000
0 470 0.341797 0.636111 0.132031 0.066667 0.000391 0.001389 1.000000
0 471 0.341406 0.634722 0.132812 0.066667 -0.000391 -0.001389 1.000000
0 472 0.341016 0.626389 0.133594 0.080556 -0.000391 -0.008333 1.000000
0 473 0.341406 0.625694 0.134375 0.084722 0.000391 -0.000694 1.000000
0 474 0.341797 0.625694 0.133594 0.084722 0.000391 0.000000 1.000000
0 475 0.343750 0.625000 0.129688 0.086111 0.001953 -0.000694 1.000000
0 476 0.351953 0.616667 0.107031 0.102778 0.008203 -0.008333 1.000000
0 477 0.356250 0.611111 0.095312 0.113889 0.004297 -0.005556 1.000000
0 478 0.357812 0.606250 0.090625 0.120833 0.001563 -0.004861 1.000000
0 479 0.358203 0.603472 0.088281 0.126389 0.000391 -0.002778 1.000000
0 480 0.360938 0.600694 0.085938 0.134722 0.002734 -0.002778 1.000000
0 481 0.361719 0.599306 0.089063 0.134722 0.000781 -0.001389 1.000000
0 482 0.366406 0.598611 0.090625 0.136111 0.004687 -0.000694 1.000000
0 483 0.366797 0.597917 0.096094 0.134722 0.000391 -0.000694 1.000000
0 484 0.377344 0.599306 0.084375 0.134722 0.010547 0.001389 1.000000
0 485 0.378125 0.600000 0.085938 0.133333 0.000781 0.000694 1.000000
0 486 0.379688 0.600000 0.089063 0.136111 0.001563 0.000000 1.000000
0 487 0.380469 0.601389 0.090625 0.133333 0.000781 0.001389 1.000000
0 488 0.380078 0.600000 0.089844 0.136111 -0.000391 -0.001389 1.000000
0 489 0.378516 0.598611 0.091406 0.136111 -0.001563 -0.001389 1.000000
0 490 0.378516 0.597917 0.096094 0.134722 0.000000 -0.000694 1.000000
0 491 0.379297 0.597222 0.097656 0.133333 0.000781 -0.000694 1.000000
0 492 0.385937 0.598611 0.087500 0.136111 0.006641 0.001389 1.000000
0 493 0.391797 0.600000 0.075781 0.136111 0.005859 0.001389 1.000000
0 494 0.396094 0.600694 0.067187 0.134722 0.004297 0.000694 1.000000
0 495 0.395703 0.600000 0.066406 0.136111 -0.000391 -0.000694 1.000000
0 496 0.395703 0.589583 0.071094 0.154167 0.000000 -0.010417 1.000000
0 497 0.396484 0.578472 0.072656 0.179167 0.000781 -0.011111 1.000000
0 498 0.400000 0.565972 0.079687 0.201389 0.003516 -0.012500 1.000000
0 499 0.402344 0.562500 0.085938 0.208333 0.002344 -0.003472 1.000000
0 500 0.404687 0.567361 0.090625 0.201389 0.002344 0.004861 1.000000
0 501 0.403906 0.570833 0.090625 0.191667 -0.000781 0.003472 1.000000
0 502 0.398828 0.577778 0.099219 0.180556 -0.005078 0.006944 1.000000
0 503 0.394922 0.579861 0.108594 0.173611 -0.003906 0.002083 1.000000
0 504 0.391016 0.563889 0.108594 0.208333 -0.003906 -0.015972 1.000000
0 505 0.389453 0.550000 0.103906 0.233333 -0.001563 -0.013889 1.000000
0 506 0.388281 0.541667 0.098437 0.252778 -0.001172 -0.008333 1.000000
0 507 0.386328 0.535417 0.092969 0.265278 -0.001953 -0.006250 1.000000
0 508 0.395703 0.529167 0.077344 0.280556 0.009375 -0.006250 1.000000
0 509 0.397266 0.527778 0.082031 0.280556 0.001563 -0.001389 1.000000
0 510 0.404297 0.531944 0.096094 0.275000 0.007031 0.004167 1.000000
0 511 0.412891 0.535417 0.110156 0.262500 0.008594 0.003472 1.000000
0 512 0.426563 0.554167 0.134375 0.230556 0.013672 0.018750 1.000000
0 513 0.429688 0.556250 0.143750 0.223611 0.003125 0.002083 1.000000
0 514 0.427344 0.563889 0.137500 0.208333 -0.002344 0.007639 1.000000
0 515 0.426563 0.570139 0.135937 0.195833 -0.000781 0.006250 1.000000
0 516 0.427344 0.563194 0.128125 0.206944 0.000781 -0.006944 1.000000
0 517 0.423438 0.559028 0.110937 0.215278 -0.003906 -0.004167 1.000000
0 518 0.418750 0.554861 0.096875 0.226389 -0.004687 -0.004167 1.000000
0 519 0.415234 0.551389 0.080469 0.236111 -0.003516 -0.003472 1.000000
0 520 0.415234 0.545139 0.061719 0.248611 0.000000 -0.006250 1.000000
0 521 0.412500 0.544444 0.048438 0.252778 -0.002734 -0.000694 1.000000
0 522 0.414844 0.542361 0.056250 0.259722 0.002344 -0.002083 1.000000
0 523 0.415625 0.541667 0.057813 0.266667 0.000781 -0.000694 1.000000
0 528 0.422656 0.538889 0.042188 0.266667 0.001406 -0.000556 1.000000
0 529 0.421094 0.538889 0.043750 0.263889 -0.001563 0.000000 1.000000
0 530 0.421875 0.539583 0.045312 0.259722 0.000781 0.000694 1.000000
0 531 0.423438 0.540278 0.045312 0.261111 0.001563 0.000694 1.000000
0 532 0.425391 0.540278 0.046094 0.263889 0.001953 0.000000 1.000000
0 533 0.426953 0.539583 0.046094 0.265278 0.001563 -0.000694 1.000000
0 534 0.428125 0.538194 0.048438 0.262500 0.001172 -0.001389 1.000000
0 535 0.428125 0.538889 0.051562 0.263889 0.000000 0.000694 1.000000
0 536 0.425781 0.539583 0.057813 0.262500 -0.002344 0.000694 1.000000
0 537 0.423047 0.538889 0.052344 0.263889 -0.002734 -0.000694 1.000000
0 538 0.424219 0.538194 0.045312 0.265278 0.001172 -0.000694 1.000000
0 539 0.423438 0.538889 0.043750 0.266667 -0.000781 0.000694 1.000000
0 540 0.416797 0.538889 0.058594 0.266667 -0.006641 0.000000 1.000000
0 541 0.416016 0.538889 0.061719 0.266667 -0.000781 0.000000 1.000000
0 542 0.414844 0.539583 0.062500 0.265278 -0.001172 0.000694 1.000000
0 543 0.414844 0.539583 0.064062 0.265278 0.000000 0.000000 1.000000
0 544 0.411719 0.539583 0.070312 0.262500 -0.003125 0.000000 1.000000
0 545 0.412500 0.538889 0.076563 0.263889 0.000781 -0.000694 1.000000
0 546 0.411719 0.539583 0.079687 0.262500 -0.000781 0.000694 1.000000
0 547 0.413672 0.540972 0.083594 0.262500 0.001953 0.001389 1.000000
0 548 0.410547 0.541667 0.088281 0.261111 -0.003125 0.000694 1.000000
0 549 0.411328 0.540972 0.082031 0.262500 0.000781 -0.000694 1.000000
0 550 0.409375 0.541667 0.078125 0.263889 -0.001953 0.000694 1.000000
0 551 0.407031 0.540278 0.079687 0.263889 -0.002344 -0.001389 1.000000
0 552 0.416406 0.539583 0.059375 0.265278 0.009375 -0.000694 1.000000
0 553 0.416406 0.538889 0.059375 0.266667 0.000000 -0.000694 1.000000
0 554 0.419141 0.539583 0.063281 0.268056 0.002734 0.000694 1.000000
0 555 0.419922 0.538194 0.088281 0.268056 0.000781 -0.001389 1.000000
0 556 0.418750 0.538194 0.137500 0.268056 -0.001172 0.000000 1.000000
0 557 0.417578 0.540278 0.127344 0.266667 -0.001172 0.002083 1.000000
0 558 0.420312 0.540972 0.106250 0.262500 0.002734 0.000694 1.000000
0 559 0.422656 0.540972 0.068750 0.262500 0.002344 0.000000 1.000000
0 560 0.421484 0.539583 0.078906 0.270833 -0.001172 -0.001389 1.000000
0 561 0.413281 0.537500 0.065625 0.269444 -0.008203 -0.002083 1.000000
0 562 0.405859 0.536806 0.063281 0.273611 -0.007422 -0.000694 1.000000
0 563 0.401172 0.536806 0.057031 0.273611 -0.004687 0.000000 1.000000
0 564 0.396484 0.536806 0.049219 0.276389 -0.004687 0.000000 1.000000
0 565 0.397656 0.535417 0.051562 0.276389 0.001172 -0.001389 1.000000
0 566 0.400000 0.534722 0.064062 0.277778 0.002344 -0.000694 1.000000
0 567 0.403516 0.534028 0.066406 0.279167 0.003516 -0.000694 1.000000
0 568 0.409375 0.534028 0.056250 0.279167 0.005859 0.000000 1.000000
0 569 0.408203 0.533333 0.047656 0.277778 -0.001172 -0.000694 1.000000
0 570 0.407422 0.534722 0.044531 0.277778 -0.000781 0.001389 1.000000
0 571 0.408984 0.535417 0.057031 0.276389 0.001563 0.000694 1.000000
0 572 0.405859 0.536806 0.075781 0.276389 -0.003125 0.001389 1.000000
0 573 0.403516 0.536111 0.072656 0.277778 -0.002344 -0.000694 1.000000
0 574 0.400391 0.536111 0.064844 0.275000 -0.003125 0.000000 1.000000
0 575 0.393359 0.535417 0.063281 0.279167 -0.007031 -0.000694 1.000000
0 576 0.390234 0.535417 0.060156 0.273611 -0.003125 0.000000 1.000000
0 577 0.392969 0.535417 0.059375 0.270833 0.002734 0.000000 1.000000
0 578 0.393359 0.538889 0.061719 0.266667 0.000391 0.003472 1.000000
0 579 0.400000 0.540278 0.076563 0.261111 0.006641 0.001389 1.000000
0 580 0.407813 0.550694 0.092188 0.243056 0.007812 0.010417 1.000000
0 581 0.412500 0.559028 0.103125 0.229167 0.004687 0.008333 1.000000
0 582 0.420703 0.566667 0.110156 0.216667 0.008203 0.007639 1.000000
0 583 0.426172 0.576389 0.116406 0.194444 0.005469 0.009722 1.000000
0 584 0.432812 0.588889 0.120313 0.166667 0.006641 0.012500 1.000000
0 585 0.431641 0.575000 0.117969 0.197222 -0.001172 -0.013889 1.000000
0 586 0.427344 0.554861 0.106250 0.243056 -0.004297 -0.020139 1.000000
0 587 0.422266 0.539583 0.096094 0.281944 -0.005078 -0.015278 1.000000
0 588 0.412891 0.523611 0.072656 0.313889 -0.009375 -0.015972 1.000000
0 589 0.414453 0.522917 0.071094 0.315278 0.001563 -0.000694 1.000000
0 590 0.414062 0.522917 0.071875 0.315278 -0.000391 0.000000 1.000000
0 591 0.419922 0.523611 0.083594 0.311111 0.005859 0.000694 1.000000
0 592 0.437109 0.536111 0.113281 0.277778 0.017188 0.012500 1.000000
0 593 0.444531 0.549306 0.123438 0.245833 0.007422 0.013194 1.000000
0 594 0.444531 0.566667 0.132812 0.211111 0.000000 0.017361 1.000000
0 595 0.444531 0.575000 0.135937 0.194444 0.000000 0.008333 1.000000
0 596 0.446094 0.554167 0.121875 0.236111 0.001563 -0.020833 1.000000
0 597 0.445312 0.546528 0.114062 0.251389 -0.000781 -0.007639 1.000000
0 598 0.442188 0.539583 0.103125 0.265278 -0.003125 -0.006944 1.000000
0 599 0.438281 0.536111 0.090625 0.272222 -0.003906 -0.003472 1.000000
0 600 0.429688 0.531944 0.067187 0.283333 -0.008594 -0.004167 1.000000
0 601 0.430859 0.531944 0.066406 0.283333 0.001172 0.000000 1.000000
0 602 0.432031 0.533333 0.067187 0.280556 0.001172 0.001389 1.000000
0 603 0.433984 0.536806 0.071094 0.279167 0.001953 0.003472 1.000000
0 604 0.436719 0.540278 0.075000 0.269444 0.002734 0.003472 1.000000
0 605 0.437891 0.540278 0.071094 0.269444 0.001172 0.000000 1.000000
0 606 0.438672 0.540278 0.067969 0.269444 0.000781 0.000000 1.000000
0 607 0.437891 0.539583 0.066406 0.270833 -0.000781 -0.000694 1.000000
0 608 0.438281 0.538889 0.081250 0.269444 0.000391 -0.000694 1.000000
0 609 0.435937 0.539583 0.092188 0.270833 -0.002344 0.000694 1.000000
0 610 0.437891 0.538194 0.099219 0.270833 0.001953 -0.001389 1.000000
0 611 0.436719 0.538194 0.109375 0.273611 -0.001172 0.000000 1.000000
0 612 0.438672 0.538194 0.127344 0.276389 0.001953 0.000000 1.000000
0 613 0.443750 0.538194 0.126562 0.270833 0.005078 0.000000 1.000000
0 614 0.457813 0.537500 0.117188 0.272222 0.014063 -0.000694 1.000000
0 615 0.468750 0.538194 0.093750 0.270833 0.010937 0.000694 1.000000
0 616 0.468359 0.539583 0.086719 0.270833 -0.000391 0.001389 1.000000
0 617 0.468359 0.540278 0.086719 0.269444 0.000000 0.000694 1.000000
0 618 0.467969 0.541667 0.085938 0.269444 -0.000391 0.001389 1.000000
0 619 0.470313 0.541667 0.089063 0.269444 0.002344 0.000000 1.000000
0 620 0.476172 0.540972 0.097656 0.270833 0.005859 -0.000694 1.000000
0 621 0.478516 0.540278 0.097656 0.269444 0.002344 -0.000694 1.000000
0 622 0.478516 0.538889 0.092969 0.269444 0.000000 -0.001389 1.000000
0 623 0.480859 0.540278 0.089844 0.269444 0.002344 0.001389 1.000000
0 624 0.487891 0.538889 0.077344 0.272222 0.007031 -0.001389 1.000000
0 625 0.485547 0.540278 0.061719 0.272222 -0.002344 0.001389 1.000000
0 626 0.484375 0.540972 0.051562 0.273611 -0.001172 0.000694 1.000000
0 627 0.483203 0.540972 0.039844 0.276389 -0.001172 0.000000 1.000000
0 628 0.480469 0.539583 0.048438 0.276389 -0.002734 -0.001389 1.000000
0 629 0.476953 0.538194 0.057031 0.279167 -0.003516 -0.001389 1.000000
0 630 0.473438 0.537500 0.067187 0.280556 -0.003516 -0.000694 1.000000
0 631 0.469922 0.536806 0.072656 0.279167 -0.003516 -0.000694 1.000000
0 632 0.468750 0.542361 0.082812 0.268056 -0.001172 0.005556 1.000000
0 633 0.470313 0.547222 0.084375 0.261111 0.001563 0.004861 1.000000
0 634 0.472266 0.553472 0.083594 0.251389 0.001953 0.006250 1.000000
0 635 0.475000 0.556944 0.078125 0.241667 0.002734 0.003472 1.000000
0 636 0.473828 0.574306 0.080469 0.206944 -0.001172 0.017361 1.000000
0 637 0.471484 0.577778 0.083594 0.200000 -0.002344 0.003472 1.000000
0 638 0.471094 0.578472 0.087500 0.198611 -0.000391 0.000694 1.000000
0 639 0.476172 0.576389 0.077344 0.200000 0.005078 -0.002083 1.000000
0 640 0.484766 0.572917 0.060156 0.206944 0.008594 -0.003472 1.000000
0 641 0.483203 0.574306 0.066406 0.209722 -0.001563 0.001389 1.000000
0 642 0.477734 0.563194 0.080469 0.231944 -0.005469 -0.011111 1.000000
0 643 0.471484 0.547222 0.092969 0.266667 -0.006250 -0.015972 1.000000
0 644 0.460938 0.536806 0.120313 0.287500 -0.010547 -0.010417 1.000000
0 645 0.451172 0.577778 0.144531 0.183333 -0.009766 0.040972 1.000000
0 646 0.448437 0.563194 0.143750 0.170833 -0.002734 -0.014583 1.000000
0 647 0.443359 0.552778 0.158594 0.155556 -0.005078 -0.010417 1.000000
0 648 0.450781 0.565972 0.148438 0.218056 0.007422 0.013194 1.000000
0 649 0.447266 0.565972 0.138281 0.248611 -0.003516 0.000000 1.000000
0 650 0.438672 0.544444 0.127344 0.294444 -0.008594 -0.021528 1.000000
0 651 0.429688 0.527083 0.115625 0.334722 -0.008984 -0.017361 1.000000
0 652 0.409375 0.515278 0.078125 0.358333 -0.020313 -0.011806 1.000000
0 653 0.398047 0.518750 0.078906 0.351389 -0.011328 0.003472 1.000000
0 654 0.377344 0.515278 0.093750 0.358333 -0.020703 -0.003472 1.000000
0 655 0.361719 0.513194 0.112500 0.365278 -0.015625 -0.002083 1.000000
0 656 0.351953 0.510417 0.132031 0.373611 -0.009766 -0.002778 1.000000
0 657 0.354297 0.512500 0.132031 0.372222 0.002344 0.002083 1.000000
0 658 0.358203 0.517361 0.128906 0.368056 0.003906 0.004861 1.000000
0 659 0.355859 0.527083 0.136719 0.345833 -0.002344 0.009722 1.000000
0 660 0.335938 0.566667 0.187500 0.266667 -0.019922 0.039583 1.000000
0 661 0.328125 0.592361 0.196875 0.209722 -0.007812 0.025694 1.000000
0 662 0.324609 0.606944 0.197656 0.183333 -0.003516 0.014583 1.000000
0 663 0.319141 0.608333 0.186719 0.180556 -0.005469 0.001389 1.000000
0 664 0.306641 0.596528 0.171094 0.212500 -0.012500 -0.011806 1.000000
0 665 0.300391 0.589583 0.166406 0.229167 -0.006250 -0.006944 1.000000
0 666 0.294531 0.581250 0.160938 0.245833 -0.005859 -0.008333 1.000000
0 667 0.289844 0.576389 0.156250 0.258333 -0.004687 -0.004861 1.000000
0 668 0.280859 0.564583 0.138281 0.281944 -0.008984 -0.011806 1.000000
0 669 0.276172 0.560417 0.128906 0.290278 -0.004687 -0.004167 1.000000
0 670 0.271484 0.557639 0.119531 0.298611 -0.004687 -0.002778 1.000000
0 671 0.271875 0.555556 0.120313 0.302778 0.000391 -0.002083 1.000000
0 672 0.260937 0.552083 0.139063 0.312500 -0.010937 -0.003472 1.000000
0 673 0.255859 0.551389 0.147656 0.316667 -0.005078 -0.000694 1.000000
0 674 0.247266 0.545833 0.146094 0.325000 -0.008594 -0.005556 1.000000
0 675 0.239844 0.542361 0.135937 0.334722 -0.007422 -0.003472 1.000000
0 676 0.221875 0.531250 0.106250 0.356944 -0.017969 -0.011111 1.000000
0 677 0.218359 0.529861 0.108594 0.362500 -0.003516 -0.001389 1.000000
0 678 0.216797 0.527083 0.108594 0.365278 -0.001563 -0.002778 1.000000
0 679 0.214453 0.528472 0.108594 0.365278 -0.002344 0.001389 1.000000
0 680 0.209375 0.535417 0.107813 0.356944 -0.005078 0.006944 1.000000
0 681 0.206250 0.540278 0.109375 0.347222 -0.003125 0.004861 1.000000
0 682 0.205469 0.543056 0.109375 0.344444 -0.000781 0.002778 1.000000
0 683 0.207031 0.544444 0.103125 0.341667 0.001563 0.001389 1.000000
0 684 0.209766 0.542361 0.096094 0.343056 0.002734 -0.002083 1.000000
0 685 0.210156 0.542361 0.090625 0.345833 0.000391 0.000000 1.000000
0 686 0.209375 0.538889 0.089063 0.352778 -0.000781 -0.003472 1.000000
0 687 0.212109 0.538889 0.083594 0.350000 0.002734 0.000000 1.000000
0 688 0.213672 0.542361 0.083594 0.348611 0.001563 0.003472 1.000000
0 689 0.216406 0.542361 0.085938 0.345833 0.002734 0.000000 1.000000
0 690 0.215625 0.543750 0.084375 0.340278 -0.000781 0.001389 1.000000
0 691 0.217969 0.547222 0.079687 0.338889 0.002344 0.003472 1.000000
0 692 0.213672 0.552778 0.066406 0.333333 -0.004297 0.005556 1.000000
0 693 0.205078 0.552083 0.061719 0.331944 -0.008594 -0.000694 1.000000
0 694 0.198437 0.550694 0.067187 0.337500 -0.006641 -0.001389 1.000000
0 695 0.187109 0.547917 0.083594 0.345833 -0.011328 -0.002778 1.000000
0 696 0.169531 0.500694 0.118750 0.443056 -0.017578 -0.047222 1.000000
0 697 0.164453 0.486806 0.125781 0.468056 -0.005078 -0.013889 1.000000
0 698 0.157812 0.489583 0.117188 0.468056 -0.006641 0.002778 1.000000
0 699 0.154297 0.497917 0.111719 0.470833 -0.003516 0.008333 1.000000
0 700 0.137109 0.525694 0.132031 0.418056 -0.017188 0.027778 1.000000
0 701 0.130469 0.536111 0.154688 0.400000 -0.006641 0.010417 1.000000
0 702 0.123438 0.543750 0.176563 0.387500 -0.007031 0.007639 1.000000
0 703 0.112891 0.536806 0.196094 0.395833 -0.010547 -0.006944 1.000000
0 704 0.103516 0.527778 0.158594 0.411111 -0.009375 -0.009028 1.000000
0 705 0.102734 0.526389 0.133594 0.411111 -0.000781 -0.001389 1.000000
0 706 0.100391 0.531250 0.103906 0.412500 -0.002344 0.004861 1.000000
0 707 0.099219 0.534722 0.085938 0.408333 -0.001172 0.003472 1.000000
0 708 0.097656 0.539583 0.068750 0.406944 -0.001563 0.004861 1.000000
0 709 0.096094 0.536806 0.068750 0.409722 -0.001563 -0.002778 1.000000
0 710 0.092969 0.532639 0.065625 0.415278 -0.003125 -0.004167 1.000000
0 711 0.093750 0.525694 0.078125 0.412500 0.000781 -0.006944 1.000000
0 712 0.091406 0.497222 0.101562 0.450000 -0.002344 -0.028472 1.000000
0 713 0.088281 0.488194 0.107813 0.481944 -0.003125 -0.009028 1.000000
0 714 0.084375 0.490278 0.106250 0.488889 -0.003906 0.002083 1.000000
0 715 0.079687 0.508333 0.101562 0.480556 -0.004687 0.018056 1.000000
0 716 0.074219 0.547917 0.098437 0.401389 -0.005469 0.039583 1.000000
0 717 0.071875 0.552083 0.114062 0.393056 -0.002344 0.004167 1.000000
0 718 0.072656 0.541667 0.123438 0.413889 0.000781 -0.010417 1.000000
0 719 0.064453 0.536806 0.128906 0.420833 -0.008203 -0.004861 1.000000
0 720 0.062109 0.522222 0.124219 0.433333 -0.002344 -0.014583 1.000000
0 721 0.059375 0.517361 0.114062 0.431944 -0.002734 -0.004861 1.000000
0 722 0.067187 0.521528 0.093750 0.426389 0.007812 0.004167 1.000000
0 723 0.070312 0.523611 0.092188 0.419444 0.003125 0.002083 1.000000
0 724 0.076172 0.541667 0.080469 0.416667 0.005859 0.018056 1.000000
0 725 0.078906 0.552778 0.075000 0.405556 0.002734 0.011111 1.000000
0 726 0.079687 0.551389 0.078125 0.405556 0.000781 -0.001389 1.000000
0 727 0.076172 0.541667 0.089844 0.419444 -0.003516 -0.009722 1.000000
0 728 0.074219 0.502778 0.123438 0.447222 -0.001953 -0.038889 1.000000
0 729 0.073047 0.480556 0.135156 0.441667 -0.001172 -0.022222 1.000000
0 730 0.087109 0.463194 0.174219 0.429167 0.014063 -0.017361 1.000000
0 731 0.094141 0.445139 0.188281 0.412500 0.007031 -0.018056 1.000000
0 732 0.087500 0.414583 0.175000 0.368056 -0.006641 -0.030556 1.000000
0 733 0.081250 0.414583 0.162500 0.368056 -0.006250 0.000000 1.000000
0 734 0.082031 0.422222 0.164062 0.383333 0.000781 0.007639 1.000000
0 735 0.083203 0.440278 0.166406 0.408333 0.001172 0.018056 1.000000
0 736 0.086328 0.475694 0.172656 0.434722 0.003125 0.035417 1.000000
0 737 0.089844 0.492361 0.179688 0.434722 0.003516 0.016667 1.000000
0 738 0.093359 0.512500 0.186719 0.436111 0.003516 0.020139 1.000000
0 739 0.093750 0.533333 0.187500 0.427778 0.000391 0.020833 1.000000
0 740 0.092969 0.550694 0.132812 0.398611 -0.000781 0.017361 1.000000
0 741 0.094922 0.540972 0.077344 0.404167 0.001953 -0.009722 1.000000
0 742 0.095312 0.534028 0.065625 0.418056 0.000391 -0.006944 1.000000
0 743 0.100391 0.520833 0.107031 0.411111 0.005078 -0.013194 1.000000
0 744 0.081250 0.517361 0.162500 0.412500 -0.019141 -0.003472 1.000000
0 745 0.075391 0.520139 0.150781 0.409722 -0.005859 0.002778 1.000000
0 746 0.072656 0.526389 0.145313 0.411111 -0.002734 0.006250 1.000000
0 747 0.072266 0.531944 0.144531 0.402778 -0.000391 0.005556 1.000000
0 748 0.071875 0.532639 0.143750 0.395833 -0.000391 0.000694 1.000000
0 749 0.070312 0.530556 0.140625 0.397222 -0.001563 -0.002083 1.000000
0 750 0.069531 0.528472 0.134375 0.395833 -0.000781 -0.002083 1.000000
0 751 0.078516 0.525000 0.103906 0.386111 0.008984 -0.003472 1.000000
0 752 0.086719 0.500000 0.054688 0.450000 0.008203 -0.025000 1.000000
0 753 0.084375 0.511806 0.067187 0.423611 -0.002344 0.011806 1.000000
0 754 0.084766 0.525000 0.069531 0.402778 0.000391 0.013194 1.000000
0 755 0.083984 0.543750 0.075781 0.359722 -0.000781 0.018750 1.000000
0 756 0.079687 0.527083 0.065625 0.387500 -0.004297 -0.016667 1.000000
0 757 0.076172 0.508333 0.060156 0.419444 -0.003516 -0.018750 1.000000
0 758 0.071484 0.510417 0.074219 0.412500 -0.004687 0.002083 1.000000
0 759 0.058984 0.523611 0.103906 0.380556 -0.012500 0.013194 1.000000
0 760 0.053516 0.509028 0.107031 0.404167 -0.005469 -0.014583 1.000000
0 761 0.052734 0.492361 0.105469 0.437500 -0.000781 -0.016667 1.000000
0 762 0.065234 0.495833 0.085156 0.430556 0.012500 0.003472 1.000000
0 763 0.068750 0.497917 0.098437 0.426389 0.003516 0.002083 1.000000
0 764 0.073438 0.506250 0.125000 0.406944 0.004687 0.008333 1.000000
0 765 0.076172 0.511111 0.152344 0.397222 0.002734 0.004861 1.000000
0 766 0.084375 0.527083 0.168750 0.359722 0.008203 0.015972 1.000000
0 767 0.093359 0.522917 0.186719 0.356944 0.008984 -0.004167 1.000000
0 768 0.089453 0.518056 0.166406 0.358333 -0.003906 -0.004861 1.000000
0 769 0.101562 0.522222 0.128125 0.350000 0.012109 0.004167 1.000000
0 770 0.095703 0.529861 0.105469 0.345833 -0.005859 0.007639 1.000000
0 771 0.094531 0.540972 0.090625 0.331944 -0.001172 0.011111 1.000000
0 772 0.099609 0.545139 0.071094 0.323611 0.005078 0.004167 1.000000
0 773 0.104688 0.538889 0.065625 0.327778 0.005078 -0.006250 1.000000
0 774 0.110156 0.534028 0.062500 0.340278 0.005469 -0.004861 1.000000
0 775 0.115234 0.529167 0.060156 0.338889 0.005078 -0.004861 1.000000
0 776 0.121484 0.524306 0.055469 0.337500 0.006250 -0.004861 1.000000
0 777 0.122266 0.527778 0.052344 0.338889 0.000781 0.003472 1.000000
0 778 0.128906 0.529167 0.064062 0.333333 0.006641 0.001389 1.000000
0 779 0.130078 0.534722 0.077344 0.327778 0.001172 0.005556 1.000000
0 780 0.137891 0.539583 0.096094 0.320833 0.007812 0.004861 1.000000
0 781 0.141406 0.539583 0.100000 0.318056 0.003516 0.000000 1.000000
0 782 0.143750 0.536111 0.096875 0.319444 0.002344 -0.003472 1.000000
0 783 0.146875 0.534722 0.093750 0.319444 0.003125 -0.001389 1.000000
0 784 0.153125 0.533333 0.095312 0.313889 0.006250 -0.001389 1.000000
0 785 0.158594 0.537500 0.093750 0.311111 0.005469 0.004167 1.000000
0 786 0.158203 0.540972 0.100781 0.304167 -0.000391 0.003472 1.000000
0 787 0.159766 0.547222 0.110156 0.294444 0.001563 0.006250 1.000000
0 788 0.168359 0.552778 0.124219 0.280556 0.008594 0.005556 1.000000
0 789 0.172656 0.551389 0.129688 0.280556 0.004297 -0.001389 1.000000
0 790 0.176172 0.550000 0.121094 0.283333 0.003516 -0.001389 1.000000
0 791 0.179297 0.533333 0.107031 0.313889 0.003125 -0.016667 1.000000
0 792 0.188281 0.499306 0.064062 0.368056 0.008984 -0.034028 1.000000
0 793 0.192969 0.487500 0.050000 0.377778 0.004687 -0.011806 1.000000
0 794 0.198828 0.479167 0.049219 0.377778 0.005859 -0.008333 1.000000
0 795 0.203125 0.475000 0.050000 0.377778 0.004297 -0.004167 1.000000
0 796 0.214062 0.472222 0.040625 0.377778 0.010937 -0.002778 1.000000
0 797 0.216406 0.480556 0.045312 0.363889 0.002344 0.008333 1.000000
0 798 0.222266 0.486111 0.049219 0.352778 0.005859 0.005556 1.000000
0 799 0.228125 0.491667 0.053125 0.341667 0.005859 0.005556 1.000000
0 800 0.237891 0.526389 0.064844 0.300000 0.009766 0.034722 1.000000
0 801 0.246094 0.541667 0.079687 0.277778 0.008203 0.015278 1.000000
0 802 0.249609 0.559028 0.080469 0.245833 0.003516 0.017361 1.000000
0 803 0.251953 0.565278 0.071094 0.233333 0.002344 0.006250 1.000000
0 804 0.245312 0.565278 0.059375 0.230556 -0.006641 0.000000 1.000000
0 805 0.245703 0.563194 0.063281 0.234722 0.000391 -0.002083 1.000000
0 806 0.229687 0.557639 0.090625 0.245833 -0.016016 -0.005556 1.000000
0 807 0.217188 0.551389 0.092188 0.258333 -0.012500 -0.006250 1.000000
0 808 0.216797 0.534722 0.066406 0.286111 -0.000391 -0.016667 1.000000
0 809 0.216406 0.514583 0.048438 0.295833 -0.000391 -0.020139 1.000000
0 810 0.218750 0.500000 0.040625 0.294444 0.002344 -0.014583 1.000000
0 811 0.216797 0.485417 0.044531 0.293056 -0.001953 -0.014583 1.000000
0 812 0.217969 0.467361 0.045312 0.290278 0.001172 -0.018056 1.000000
0 813 0.214844 0.462500 0.042188 0.291667 -0.003125 -0.004861 1.000000
0 814 0.210938 0.460417 0.035937 0.295833 -0.003906 -0.002083 1.000000
0 815 0.210938 0.460417 0.043750 0.295833 0.000000 0.000000 1.000000
0 816 0.200781 0.464583 0.050000 0.293056 -0.010156 0.004167 1.000000
0 817 0.195312 0.472222 0.042188 0.294444 -0.005469 0.007639 1.000000
0 818 0.194141 0.480556 0.039844 0.294444 -0.001172 0.008333 1.000000
0 819 0.195703 0.492361 0.042969 0.293056 0.001563 0.011806 1.000000
0 820 0.192188 0.522222 0.056250 0.288889 -0.003516 0.029861 1.000000
0 821 0.188281 0.538889 0.051562 0.272222 -0.003906 0.016667 1.000000
0 822 0.190234 0.543750 0.055469 0.265278 0.001953 0.004861 1.000000
0 823 0.189062 0.546528 0.054688 0.259722 -0.001172 0.002778 1.000000
0 824 0.190234 0.536806 0.050781 0.276389 0.001172 -0.009722 1.000000
0 825 0.183984 0.532639 0.072656 0.279167 -0.006250 -0.004167 1.000000
0 826 0.180078 0.527083 0.089844 0.284722 -0.003906 -0.005556 1.000000
0 827 0.175781 0.523611 0.098437 0.288889 -0.004297 -0.003472 1.000000
0 828 0.175781 0.524306 0.096875 0.284722 0.000000 0.000694 1.000000
0 829 0.187109 0.524306 0.100781 0.279167 0.011328 0.000000 1.000000
0 830 0.194531 0.533333 0.101562 0.286111 0.007422 0.009028 1.000000
0 831 0.204297 0.537500 0.092969 0.275000 0.009766 0.004167 1.000000
0 832 0.213672 0.547917 0.103906 0.259722 0.009375 0.010417 1.000000
0 833 0.217969 0.547222 0.109375 0.258333 0.004297 -0.000694 1.000000
0 834 0.223828 0.541667 0.111719 0.266667 0.005859 -0.005556 1.000000
0 835 0.231250 0.538889 0.110937 0.275000 0.007422 -0.002778 1.000000
0 836 0.248438 0.527778 0.090625 0.277778 0.017188 -0.011111 1.000000
0 837 0.259375 0.518750 0.079687 0.287500 0.010937 -0.009028 1.000000
0 838 0.270703 0.513194 0.067969 0.306944 0.011328 -0.005556 1.000000
0 839 0.273828 0.507639 0.050781 0.326389 0.003125 -0.005556 1.000000
0 840 0.283594 0.502778 0.067187 0.336111 0.009766 -0.004861 1.000000
0 841 0.287500 0.500694 0.075000 0.340278 0.003906 -0.002083 1.000000
0 842 0.294922 0.498611 0.075781 0.341667 0.007422 -0.002083 1.000000
0 843 0.301953 0.505556 0.067969 0.313889 0.007031 0.006944 1.000000
0 844 0.305469 0.519444 0.059375 0.280556 0.003516 0.013889 1.000000
0 845 0.316016 0.525000 0.066406 0.277778 0.010547 0.005556 1.000000
0 846 0.330078 0.531250 0.067969 0.270833 0.014063 0.006250 1.000000
0 847 0.344922 0.536806 0.072656 0.265278 0.014844 0.005556 1.000000
0 848 0.362500 0.547222 0.089063 0.252778 0.017578 0.010417 1.000000
0 849 0.377344 0.544444 0.110937 0.252778 0.014844 -0.002778 1.000000
0 850 0.394922 0.541667 0.119531 0.261111 0.017578 -0.002778 1.000000
0 851 0.408594 0.537500 0.115625 0.269444 0.013672 -0.004167 1.000000
0 852 0.435156 0.522917 0.092188 0.295833 0.026562 -0.014583 1.000000
0 853 0.439453 0.505556 0.094531 0.319444 0.004297 -0.017361 1.000000
0 854 0.441406 0.497222 0.096875 0.344444 0.001953 -0.008333 1.000000
0 855 0.446484 0.493056 0.103906 0.336111 0.005078 -0.004167 1.000000
0 856 0.464453 0.497222 0.105469 0.352778 0.017969 0.004167 1.000000
0 857 0.475000 0.500000 0.095312 0.352778 0.010547 0.002778 1.000000
0 858 0.494922 0.501389 0.091406 0.341667 0.019922 0.001389 1.000000
0 859 0.518359 0.512500 0.091406 0.322222 0.023438 0.011111 1.000000
0 860 0.545312 0.522917 0.109375 0.298611 0.026953 0.010417 1.000000
0 861 0.560937 0.525000 0.096875 0.297222 0.015625 0.002083 1.000000
0 862 0.580078 0.522917 0.075781 0.295833 0.019141 -0.002083 1.000000
0 863 0.601953 0.530556 0.060156 0.297222 0.021875 0.007639 1.000000
0 864 0.641016 0.542361 0.085156 0.284722 0.039062 0.011806 1.000000
0 865 0.654687 0.541667 0.095312 0.286111 0.013672 -0.000694 1.000000
0 866 0.665625 0.537500 0.106250 0.291667 0.010937 -0.004167 1.000000
0 867 0.675781 0.532639 0.112500 0.295833 0.010156 -0.004861 1.000000
0 868 0.691016 0.497222 0.108594 0.341667 0.015234 -0.035417 1.000000
0 869 0.697266 0.487500 0.100781 0.347222 0.006250 -0.009722 1.000000
0 870 0.715625 0.500694 0.114062 0.365278 0.018359 0.013194 1.000000
0 871 0.723828 0.506250 0.108594 0.368056 0.008203 0.005556 1.000000
0 872 0.750000 0.509028 0.079687 0.365278 0.026172 0.002778 1.000000
0 873 0.774219 0.510417 0.067187 0.362500 0.024219 0.001389 1.000000
0 874 0.789844 0.518056 0.070312 0.347222 0.015625 0.007639 1.000000
0 875 0.809766 0.525694 0.069531 0.334722 0.019922 0.007639 1.000000
0 876 0.838672 0.527778 0.082031 0.325000 0.028906 0.002083 1.000000
0 877 0.856641 0.530556 0.089844 0.327778 0.017969 0.002778 1.000000
0 878 0.866797 0.534722 0.097656 0.322222 0.010156 0.004167 1.000000
0 879 0.873437 0.545139 0.104688 0.318056 0.006641 0.010417 1.000000
0 880 0.885938 0.545139 0.125000 0.320833 0.012500 0.000000 1.000000
0 881 0.878516 0.538194 0.133594 0.329167 -0.007422 -0.006944 1.000000
0 882 0.870313 0.533333 0.132812 0.338889 -0.008203 -0.004861 1.000000
0 883 0.868359 0.529861 0.135156 0.343056 -0.001953 -0.003472 1.000000
0 884 0.867188 0.525694 0.101562 0.337500 -0.001172 -0.004167 1.000000
0 885 0.872266 0.527083 0.088281 0.337500 0.005078 0.001389 1.000000
0 886 0.871875 0.529167 0.085938 0.333333 -0.000391 0.002083 1.000000
0 887 0.867969 0.534028 0.090625 0.329167 -0.003906 0.004861 1.000000
0 888 0.860938 0.536806 0.090625 0.318056 -0.007031 0.002778 1.000000
0 889 0.856250 0.535417 0.092188 0.320833 -0.004687 -0.001389 1.000000
0 890 0.852734 0.531250 0.089844 0.323611 -0.003516 -0.004167 1.000000
0 891 0.851562 0.527778 0.081250 0.327778 -0.001172 -0.003472 1.000000
0 892 0.858203 0.529861 0.064844 0.326389 0.006641 0.002083 1.000000
0 893 0.862891 0.534028 0.060156 0.320833 0.004687 0.004167 1.000000
0 894 0.862891 0.538194 0.061719 0.312500 0.000000 0.004167 1.000000
0 895 0.860156 0.543056 0.064062 0.305556 -0.002734 0.004861 1.000000
0 896 0.847266 0.544444 0.085156 0.302778 -0.012891 0.001389 1.000000
0 897 0.839453 0.542361 0.092969 0.304167 -0.007812 -0.002083 1.000000
0 898 0.835156 0.541667 0.095312 0.305556 -0.004297 -0.000694 1.000000
0 899 0.832031 0.541667 0.096875 0.302778 -0.003125 0.000000 1.000000
0 900 0.828125 0.542361 0.101562 0.298611 -0.003906 0.000694 1.000000
0 901 0.824219 0.544444 0.104688 0.294444 -0.003906 0.002083 1.000000
0 902 0.825000 0.547222 0.100000 0.288889 0.000781 0.002778 1.000000
0 903 0.823047 0.545833 0.096094 0.288889 -0.001953 -0.001389 1.000000
0 904 0.821875 0.543056 0.090625 0.286111 -0.001172 -0.002778 1.000000
0 905 0.822656 0.540972 0.084375 0.290278 0.000781 -0.002083 1.000000
0 906 0.821484 0.543056 0.080469 0.288889 -0.001172 0.002083 1.000000
0 907 0.819141 0.542361 0.077344 0.287500 -0.002344 -0.000694 1.000000
0 908 0.814063 0.542361 0.064062 0.290278 -0.005078 0.000000 1.000000
0 909 0.812500 0.542361 0.056250 0.290278 -0.001563 0.000000 1.000000
0 910 0.813672 0.541667 0.052344 0.288889 0.001172 -0.000694 1.000000
0 911 0.815234 0.541667 0.052344 0.288889 0.001563 0.000000 1.000000
0 912 0.816016 0.540278 0.052344 0.283333 0.000781 -0.001389 1.000000
0 913 0.818359 0.541667 0.050781 0.277778 0.002344 0.001389 1.000000
0 914 0.819531 0.544444 0.050000 0.277778 0.001172 0.002778 1.000000
0 915 0.816797 0.547917 0.055469 0.279167 -0.002734 0.003472 1.000000
0 916 0.812109 0.548611 0.063281 0.280556 -0.004687 0.000694 1.000000
0 917 0.808984 0.545139 0.069531 0.284722 -0.003125 -0.003472 1.000000
0 918 0.807813 0.543056 0.075000 0.288889 -0.001172 -0.002083 1.000000
0 919 0.807031 0.542361 0.079687 0.293056 -0.000781 -0.000694 1.000000
0 920 0.808594 0.536111 0.085938 0.294444 0.001563 -0.006250 1.000000
0 921 0.808984 0.538194 0.086719 0.290278 0.000391 0.002083 1.000000
0 922 0.810156 0.539583 0.087500 0.287500 0.001172 0.001389 1.000000
0 923 0.808203 0.543750 0.094531 0.279167 -0.001953 0.004167 1.000000
0 924 0.803906 0.554861 0.104688 0.262500 -0.004297 0.011111 1.000000
0 925 0.802734 0.562500 0.107031 0.258333 -0.001172 0.007639 1.000000
0 926 0.800781 0.568750 0.107813 0.251389 -0.001953 0.006250 1.000000
0 927 0.800000 0.572917 0.103125 0.245833 -0.000781 0.004167 1.000000
0 928 0.800000 0.570139 0.096875 0.251389 0.000000 -0.002778 1.000000
0 929 0.798438 0.568056 0.096875 0.258333 -0.001563 -0.002083 1.000000
0 930 0.799609 0.564583 0.089844 0.268056 0.001172 -0.003472 1.000000
0 931 0.801562 0.558333 0.076563 0.272222 0.001953 -0.006250 1.000000
0 932 0.801172 0.550694 0.069531 0.287500 -0.000391 -0.007639 1.000000
0 933 0.801562 0.546528 0.070312 0.293056 0.000391 -0.004167 1.000000
0 934 0.798438 0.545139 0.075000 0.298611 -0.003125 -0.001389 1.000000
0 935 0.797266 0.540972 0.083594 0.306944 -0.001172 -0.004167 1.000000
0 936 0.797656 0.538889 0.084375 0.311111 0.000391 -0.002083 1.000000
0 937 0.792578 0.540278 0.094531 0.308333 -0.005078 0.001389 1.000000
0 938 0.790234 0.539583 0.100781 0.306944 -0.002344 -0.000694 1.000000
0 939 0.791406 0.538889 0.096875 0.305556 0.001172 -0.000694 1.000000
0 940 0.791016 0.539583 0.091406 0.306944 -0.000391 0.000694 1.000000
0 941 0.789453 0.538889 0.089844 0.305556 -0.001563 -0.000694 1.000000
0 942 0.787109 0.538889 0.086719 0.305556 -0.002344 0.000000 1.000000
0 943 0.786719 0.539583 0.082812 0.306944 -0.000391 0.000694 1.000000
0 944 0.783203 0.538889 0.075781 0.305556 -0.003516 -0.000694 1.000000
0 945 0.777344 0.538889 0.081250 0.305556 -0.005859 0.000000 1.000000
0 946 0.771875 0.540278 0.082812 0.305556 -0.005469 0.001389 1.000000
0 947 0.769531 0.538889 0.081250 0.302778 -0.002344 -0.001389 1.000000
0 948 0.765625 0.544444 0.071875 0.300000 -0.003906 0.005556 1.000000
0 949 0.764844 0.548611 0.067187 0.297222 -0.000781 0.004167 1.000000
0 950 0.763672 0.548611 0.063281 0.297222 -0.001172 0.000000 1.000000
0 951 0.762891 0.553472 0.061719 0.287500 -0.000781 0.004861 1.000000
0 952 0.762500 0.554861 0.057813 0.281944 -0.000391 0.001389 1.000000
0 953 0.764844 0.545833 0.054688 0.297222 0.002344 -0.009028 1.000000
0 954 0.766016 0.540972 0.053906 0.309722 0.001172 -0.004861 1.000000
0 955 0.766016 0.543056 0.052344 0.305556 0.000000 0.002083 1.000000
0 956 0.766797 0.538889 0.050781 0.297222 0.000781 -0.004167 1.000000
0 957 0.762891 0.540972 0.060156 0.295833 -0.003906 0.002083 1.000000
0 958 0.761328 0.545139 0.061719 0.290278 -0.001563 0.004167 1.000000
0 959 0.765234 0.550000 0.055469 0.283333 0.003906 0.004861 1.000000
0 960 0.767188 0.552778 0.048438 0.277778 0.001953 0.002778 1.000000
0 961 0.767578 0.552778 0.044531 0.277778 0.000391 0.000000 1.000000
0 962 0.763281 0.554167 0.051562 0.277778 -0.004297 0.001389 1.000000
0 963 0.757812 0.550000 0.065625 0.280556 -0.005469 -0.004167 1.000000
0 964 0.771875 0.547222 0.042188 0.280556 0.014063 -0.002778 1.000000
0 965 0.776953 0.547222 0.038281 0.280556 0.005078 0.000000 1.000000
0 966 0.778516 0.547222 0.039844 0.277778 0.001563 0.000000 1.000000
0 967 0.778906 0.546528 0.040625 0.270833 0.000391 -0.000694 1.000000
0 968 0.776563 0.543750 0.034375 0.270833 -0.002344 -0.002778 1.000000
0 969 0.776172 0.540972 0.030469 0.276389 -0.000391 -0.002778 1.000000
0 970 0.776953 0.540278 0.028906 0.286111 0.000781 -0.000694 1.000000
0 971 0.776563 0.536111 0.031250 0.291667 -0.000391 -0.004167 1.000000
0 972 0.777734 0.529861 0.033594 0.293056 0.001172 -0.006250 1.000000
0 973 0.778516 0.529861 0.035156 0.295833 0.000781 0.000000 1.000000
0 974 0.778906 0.532639 0.037500 0.290278 0.000391 0.002778 1.000000
0 975 0.780078 0.534028 0.039844 0.284722 0.001172 0.001389 1.000000
0 976 0.782422 0.543056 0.041406 0.275000 0.002344 0.009028 1.000000
0 977 0.782813 0.541667 0.042188 0.275000 0.000391 -0.001389 1.000000
0 978 0.782031 0.540278 0.040625 0.277778 -0.000781 -0.001389 1.000000
0 979 0.780859 0.534722 0.039844 0.283333 -0.001172 -0.005556 1.000000
0 980 0.778125 0.529861 0.039062 0.287500 -0.002734 -0.004861 1.000000
0 981 0.773828 0.532639 0.044531 0.287500 -0.004297 0.002778 1.000000
0 982 0.769922 0.533333 0.052344 0.286111 -0.003906 0.000694 1.000000
0 983 0.766797 0.534722 0.060156 0.280556 -0.003125 0.001389 1.000000
0 984 0.763281 0.538889 0.071875 0.275000 -0.003516 0.004167 1.000000
0 985 0.761719 0.538889 0.075000 0.275000 -0.001563 0.000000 1.000000
0 986 0.760547 0.536806 0.077344 0.276389 -0.001172 -0.002083 1.000000
0 987 0.759766 0.536806 0.078906 0.276389 -0.000781 0.000000 1.000000
0 988 0.744922 0.542361 0.107031 0.268056 -0.014844 0.005556 1.000000
0 989 0.741406 0.546528 0.115625 0.259722 -0.003516 0.004167 1.000000
0 990 0.752344 0.549306 0.093750 0.254167 0.010937 0.002778 1.000000
0 991 0.754297 0.541667 0.082031 0.269444 0.001953 -0.007639 1.000000
0 992 0.744922 0.509028 0.074219 0.329167 -0.009375 -0.032639 1.000000
0 993 0.743359 0.495833 0.072656 0.341667 -0.001563 -0.013194 1.000000
0 994 0.744531 0.486111 0.068750 0.344444 0.001172 -0.009722 1.000000
0 995 0.741797 0.479861 0.067969 0.343056 -0.002734 -0.006250 1.000000
0 996 0.734375 0.479861 0.075000 0.343056 -0.007422 0.000000 1.000000
0 997 0.728125 0.481944 0.081250 0.336111 -0.006250 0.002083 1.000000
0 998 0.725000 0.491667 0.082812 0.319444 -0.003125 0.009722 1.000000
0 999 0.721094 0.506944 0.084375 0.291667 -0.003906 0.015278 1.000000
0 1000 0.716016 0.529167 0.085156 0.277778 -0.005078 0.022222 1.000000
0 1001 0.711719 0.547917 0.089063 0.245833 -0.004297 0.018750 1.000000
0 1002 0.713281 0.556250 0.078125 0.226389 0.001563 0.008333 1.000000
0 1003 0.695312 0.561111 0.106250 0.213889 -0.017969 0.004861 1.000000
0 1004 0.691797 0.561806 0.058594 0.215278 -0.003516 0.000694 1.000000
0 1005 0.691797 0.561111 0.055469 0.216667 0.000000 -0.000694 1.000000
0 1006 0.700391 0.554861 0.074219 0.229167 0.008594 -0.006250 1.000000
0 1007 0.697266 0.545833 0.089844 0.250000 -0.003125 -0.009028 1.000000
0 1008 0.692969 0.502083 0.081250 0.326389 -0.004297 -0.043750 1.000000
0 1009 0.701172 0.485417 0.064844 0.340278 0.008203 -0.016667 1.000000
0 1010 0.714063 0.472917 0.082812 0.340278 0.012891 -0.012500 1.000000
0 1011 0.724219 0.464583 0.098437 0.326389 0.010156 -0.008333 1.000000
0 1012 0.730469 0.444444 0.104688 0.219444 0.006250 -0.020139 1.000000
0 1013 0.729688 0.432639 0.100000 0.156944 -0.000781 -0.011806 1.000000
0 1014 0.726562 0.426389 0.096875 0.138889 -0.003125 -0.006250 1.000000
0 1015 0.725391 0.430556 0.085156 0.147222 -0.001172 0.004167 1.000000
0 1016 0.722266 0.440972 0.107031 0.184722 -0.003125 0.010417 1.000000
0 1017 0.722656 0.452778 0.126562 0.197222 0.000391 0.011806 1.000000
0 1018 0.722266 0.471528 0.142969 0.201389 -0.000391 0.018750 1.000000
0 1019 0.721484 0.495139 0.152344 0.204167 -0.000781 0.023611 1.000000
0 1020 0.721875 0.548611 0.159375 0.175000 0.000391 0.053472 1.000000
0 1021 0.721094 0.581250 0.159375 0.170833 -0.000781 0.032639 1.000000
0 1022 0.721094 0.595139 0.148438 0.156944 0.000000 0.013889 1.000000
0 1023 0.720703 0.606250 0.141406 0.134722 -0.000391 0.011111 1.000000
0 1024 0.719922 0.630556 0.144531 0.094444 -0.000781 0.024306 1.000000
0 1025 0.719922 0.634028 0.147656 0.081944 0.000000 0.003472 1.000000
0 1026 0.718359 0.635417 0.147656 0.076389 -0.001563 0.001389 1.000000
0 1027 0.716797 0.633333 0.146094 0.075000 -0.001563 -0.002083 1.000000
0 1028 0.712500 0.633333 0.150000 0.072222 -0.004297 0.000000 1.000000
0 1029 0.711328 0.633333 0.149219 0.072222 -0.001172 0.000000 1.000000
0 1030 0.712109 0.633333 0.149219 0.075000 0.000781 0.000000 1.000000
0 1031 0.711719 0.631250 0.148438 0.079167 -0.000391 -0.002083 1.000000
0 1032 0.713672 0.626389 0.150781 0.083333 0.001953 -0.004861 1.000000
0 1033 0.714063 0.624306 0.151562 0.090278 0.000391 -0.002083 1.000000
0 1034 0.716797 0.613194 0.149219 0.104167 0.002734 -0.011111 1.000000
0 1035 0.717969 0.605556 0.143750 0.122222 0.001172 -0.007639 1.000000
0 1036 0.722266 0.596528 0.144531 0.143056 0.004297 -0.009028 1.000000
0 1037 0.723828 0.592361 0.141406 0.151389 0.001563 -0.004167 1.000000
0 1038 0.723437 0.589583 0.139063 0.156944 -0.000391 -0.002778 1.000000
0 1039 0.723437 0.591667 0.135937 0.152778 0.000000 0.002083 1.000000
0 1040 0.723047 0.594444 0.127344 0.152778 -0.000391 0.002778 1.000000
0 1041 0.723828 0.594444 0.125781 0.152778 0.000781 0.000000 1.000000
0 1042 0.723437 0.596528 0.126562 0.151389 -0.000391 0.002083 1.000000
0 1043 0.723437 0.599306 0.128125 0.148611 0.000000 0.002778 1.000000
0 1044 0.721875 0.599306 0.135937 0.148611 -0.001563 0.000000 1.000000
0 1045 0.718750 0.598611 0.135937 0.147222 -0.003125 -0.000694 1.000000
0 1046 0.717187 0.599306 0.132812 0.148611 -0.001563 0.000694 1.000000
0 1047 0.713672 0.602083 0.125781 0.154167 -0.003516 0.002778 1.000000
0 1048 0.699609 0.600694 0.107031 0.154167 -0.014063 -0.001389 1.000000
0 1049 0.693750 0.598611 0.096875 0.152778 -0.005859 -0.002083 1.000000
0 1050 0.692969 0.596528 0.096875 0.154167 -0.000781 -0.002083 1.000000
0 1051 0.693750 0.597917 0.098437 0.162500 0.000781 0.001389 1.000000
0 1052 0.693750 0.598611 0.106250 0.172222 0.000000 0.000694 1.000000
0 1053 0.695703 0.595139 0.108594 0.176389 0.001953 -0.003472 1.000000
0 1054 0.698438 0.592361 0.112500 0.184722 0.002734 -0.002778 1.000000
0 1055 0.698828 0.586111 0.116406 0.200000 0.000391 -0.006250 1.000000
0 1056 0.697266 0.566667 0.114844 0.238889 -0.001563 -0.019444 1.000000
0 1057 0.692187 0.559028 0.106250 0.254167 -0.005078 -0.007639 1.000000
0 1058 0.686719 0.552083 0.100000 0.270833 -0.005469 -0.006944 1.000000
0 1059 0.680469 0.546528 0.090625 0.284722 -0.006250 -0.005556 1.000000
0 1060 0.662891 0.535417 0.061719 0.295833 -0.017578 -0.011111 1.000000
0 1061 0.654687 0.531250 0.051562 0.295833 -0.008203 -0.004167 1.000000
0 1062 0.640234 0.531250 0.055469 0.290278 -0.014453 0.000000 1.000000
0 1063 0.631641 0.538889 0.064844 0.300000 -0.008594 0.007639 1.000000
0 1064 0.623047 0.541667 0.082031 0.294444 -0.008594 0.002778 1.000000
0 1065 0.619531 0.541667 0.084375 0.294444 -0.003516 0.000000 1.000000
0 1066 0.620703 0.539583 0.077344 0.295833 0.001172 -0.002083 1.000000
0 1067 0.618359 0.540278 0.072656 0.297222 -0.002344 0.000694 1.000000
0 1068 0.607812 0.543056 0.060937 0.288889 -0.010547 0.002778 1.000000
0 1069 0.598437 0.549306 0.079687 0.281944 -0.009375 0.006250 1.000000
0 1070 0.592187 0.555556 0.093750 0.275000 -0.006250 0.006250 1.000000
0 1071 0.587891 0.560417 0.103906 0.268056 -0.004297 0.004861 1.000000
0 1072 0.583203 0.552083 0.088281 0.284722 -0.004687 -0.008333 1.000000
0 1073 0.571875 0.544444 0.087500 0.300000 -0.011328 -0.007639 1.000000
0 1074 0.566016 0.547222 0.080469 0.294444 -0.005859 0.002778 1.000000
0 1075 0.572266 0.552778 0.100781 0.280556 0.006250 0.005556 1.000000
0 1076 0.568359 0.527083 0.116406 0.315278 -0.003906 -0.025694 1.000000
0 1077 0.564453 0.522222 0.092969 0.333333 -0.003906 -0.004861 1.000000
0 1078 0.546094 0.513889 0.087500 0.347222 -0.018359 -0.008333 1.000000
0 1079 0.530469 0.518056 0.087500 0.350000 -0.015625 0.004167 1.000000
0 1080 0.522656 0.519444 0.090625 0.347222 -0.007812 0.001389 1.000000
0 1081 0.523047 0.525000 0.083594 0.333333 0.000391 0.005556 1.000000
0 1082 0.523438 0.537500 0.078125 0.305556 0.000391 0.012500 1.000000
0 1083 0.527344 0.540972 0.071875 0.270833 0.003906 0.003472 1.000000
0 1084 0.526563 0.543750 0.062500 0.259722 -0.000781 0.002778 1.000000
0 1085 0.523047 0.551389 0.064844 0.275000 -0.003516 0.007639 1.000000
0 1086 0.520703 0.559722 0.063281 0.258333 -0.002344 0.008333 1.000000
0 1087 0.521094 0.563889 0.065625 0.252778 0.000391 0.004167 1.000000
0 1088 0.526563 0.568750 0.071875 0.243056 0.005469 0.004861 1.000000
0 1089 0.532031 0.568056 0.065625 0.238889 0.005469 -0.000694 1.000000
0 1090 0.537891 0.569444 0.061719 0.238889 0.005859 0.001389 1.000000
0 1091 0.538281 0.570139 0.065625 0.240278 0.000391 0.000694 1.000000
0 1092 0.542188 0.554167 0.071875 0.261111 0.003906 -0.015972 1.000000
0 1093 0.548438 0.547917 0.075000 0.270833 0.006250 -0.006250 1.000000
0 1094 0.552734 0.536111 0.082031 0.261111 0.004297 -0.011806 1.000000
0 1095 0.553906 0.525694 0.078125 0.254167 0.001172 -0.010417 1.000000
0 1096 0.555859 0.525000 0.074219 0.244444 0.001953 -0.000694 1.000000
0 1097 0.556641 0.528472 0.066406 0.251389 0.000781 0.003472 1.000000
0 1098 0.559766 0.534028 0.053906 0.259722 0.003125 0.005556 1.000000
0 1099 0.563672 0.538194 0.053906 0.262500 0.003906 0.004167 1.000000
0 1100 0.566797 0.559028 0.061719 0.259722 0.003125 0.020833 1.000000
0 1101 0.566797 0.568056 0.069531 0.252778 0.000000 0.009028 1.000000
0 1102 0.568359 0.571528 0.066406 0.245833 0.001563 0.003472 1.000000
0 1103 0.578125 0.570139 0.087500 0.248611 0.009766 -0.001389 1.000000
0 1104 0.576172 0.559028 0.086719 0.256944 -0.001953 -0.011111 1.000000
0 1105 0.574219 0.555556 0.081250 0.261111 -0.001953 -0.003472 1.000000
0 1106 0.570312 0.560417 0.067187 0.256944 -0.003906 0.004861 1.000000
0 1111 0.587500 0.557639 0.037500 0.270833 0.003438 -0.000556 1.000000
0 1112 0.579688 0.550694 0.064062 0.262500 -0.007812 -0.006944 1.000000
0 1113 0.582812 0.547917 0.071875 0.273611 0.003125 -0.002778 1.000000
0 1114 0.587109 0.558333 0.077344 0.266667 0.004297 0.010417 1.000000
0 1115 0.595313 0.559722 0.067187 0.263889 0.008203 0.001389 1.000000
0 1116 0.603516 0.568750 0.058594 0.251389 0.008203 0.009028 1.000000
0 1117 0.606641 0.573611 0.053906 0.241667 0.003125 0.004861 1.000000
0 1118 0.606641 0.577083 0.055469 0.234722 0.000000 0.003472 1.000000
0 1119 0.608203 0.567361 0.058594 0.248611 0.001563 -0.009722 1.000000
0 1120 0.608203 0.537500 0.055469 0.305556 0.000000 -0.029861 1.000000
0 1121 0.612891 0.531250 0.053906 0.309722 0.004687 -0.006250 1.000000
0 1122 0.616016 0.530556 0.052344 0.313889 0.003125 -0.000694 1.000000
0 1123 0.617969 0.529861 0.046875 0.318056 0.001953 -0.000694 1.000000
0 1124 0.619922 0.533333 0.042969 0.313889 0.001953 0.003472 1.000000
0 1125 0.622656 0.543056 0.040625 0.297222 0.002734 0.009722 1.000000
0 1126 0.627344 0.547917 0.037500 0.287500 0.004687 0.004861 1.000000
0 1127 0.630859 0.551389 0.046094 0.283333 0.003516 0.003472 1.000000
0 1128 0.634766 0.560417 0.083594 0.262500 0.003906 0.009028 1.000000
0 1129 0.639062 0.558333 0.092188 0.258333 0.004297 -0.002083 1.000000
0 1130 0.643750 0.556944 0.095312 0.255556 0.004687 -0.001389 1.000000
0 1131 0.646094 0.556250 0.098437 0.256944 0.002344 -0.000694 1.000000
0 1132 0.655078 0.560417 0.102344 0.262500 0.008984 0.004167 1.000000
0 1133 0.661719 0.568056 0.101562 0.252778 0.006641 0.007639 1.000000
0 1134 0.668359 0.568750 0.107031 0.248611 0.006641 0.000694 1.000000
0 1135 0.675781 0.569444 0.101562 0.250000 0.007422 0.000694 1.000000
0 1136 0.695312 0.566667 0.078125 0.252778 0.019531 -0.002778 1.000000
0 1137 0.703516 0.561806 0.067969 0.251389 0.008203 -0.004861 1.000000
0 1138 0.709766 0.565278 0.061719 0.244444 0.006250 0.003472 1.000000
0 1139 0.719141 0.572222 0.063281 0.244444 0.009375 0.006944 1.000000
0 1140 0.733203 0.580556 0.092969 0.230556 0.014063 0.008333 1.000000
0 1141 0.740234 0.579861 0.105469 0.231944 0.007031 -0.000694 1.000000
0 1142 0.746484 0.579861 0.108594 0.234722 0.006250 0.000000 1.000000
0 1143 0.750391 0.577083 0.102344 0.243056 0.003906 -0.002778 1.000000
0 1144 0.756641 0.552083 0.072656 0.295833 0.006250 -0.025000 1.000000
0 1145 0.766797 0.540278 0.060156 0.316667 0.010156 -0.011806 1.000000
0 1146 0.778125 0.535417 0.051562 0.323611 0.011328 -0.004861 1.000000
0 1147 0.782422 0.533333 0.053906 0.327778 0.004297 -0.002083 1.000000
0 1148 0.798047 0.536111 0.057031 0.333333 0.015625 0.002778 1.000000
0 1149 0.805859 0.538194 0.055469 0.334722 0.007812 0.002083 1.000000
0 1150 0.820703 0.535417 0.066406 0.331944 0.014844 -0.002778 1.000000
0 1151 0.836328 0.535417 0.074219 0.329167 0.015625 0.000000 1.000000
0 1152 0.847656 0.540278 0.071875 0.313889 0.011328 0.004861 1.000000
0 1153 0.856250 0.547917 0.076563 0.298611 0.008594 0.007639 1.000000
0 1154 0.865625 0.557639 0.082812 0.284722 0.009375 0.009722 1.000000
0 1155 0.871484 0.562500 0.080469 0.275000 0.005859 0.004861 1.000000
0 1156 0.871875 0.562500 0.079687 0.283333 0.000391 0.000000 1.000000
0 1157 0.871094 0.560417 0.076563 0.284722 -0.000781 -0.002083 1.000000
0 1158 0.880859 0.561111 0.088281 0.280556 0.009766 0.000694 1.000000
0 1159 0.893359 0.556944 0.091406 0.283333 0.012500 -0.004167 1.000000
0 1160 0.893750 0.561111 0.085938 0.269444 0.000391 0.004167 1.000000
0 1161 0.892188 0.563194 0.075000 0.270833 -0.001563 0.002083 1.000000
0 1162 0.897266 0.563889 0.075781 0.269444 0.005078 0.000694 1.000000
0 1163 0.906641 0.566667 0.083594 0.266667 0.009375 0.002778 1.000000
0 1164 0.917578 0.572222 0.083594 0.255556 0.010937 0.005556 1.000000
0 1165 0.923828 0.570833 0.092969 0.258333 0.006250 -0.001389 1.000000
0 1166 0.921484 0.567361 0.108594 0.262500 -0.002344 -0.003472 1.000000
0 1167 0.922266 0.562500 0.130469 0.269444 0.000781 -0.004861 1.000000
0 1168 0.922656 0.554861 0.153125 0.270833 0.000391 -0.007639 1.000000
0 1169 0.921484 0.552778 0.149219 0.277778 -0.001172 -0.002083 1.000000
0 1170 0.916406 0.542361 0.121875 0.306944 -0.005078 -0.010417 1.000000
0 1171 0.924609 0.544444 0.110156 0.308333 0.008203 0.002083 1.000000
0 1172 0.936328 0.542361 0.069531 0.315278 0.011719 -0.002083 1.000000
0 1173 0.936328 0.543056 0.064844 0.311111 0.000000 0.000694 1.000000
0 1174 0.932031 0.538889 0.062500 0.311111 -0.004297 -0.004167 1.000000
0 1175 0.926562 0.531250 0.070312 0.323611 -0.005469 -0.007639 1.000000
0 1176 0.927344 0.534722 0.107813 0.294444 0.000781 0.003472 1.000000
0 1177 0.930469 0.548611 0.120313 0.280556 0.003125 0.013889 1.000000
0 1178 0.930469 0.555556 0.123438 0.283333 0.000000 0.006944 1.000000
0 1179 0.930859 0.560417 0.127344 0.276389 0.000391 0.004861 1.000000
0 1180 0.922656 0.563194 0.132812 0.268056 -0.008203 0.002778 1.000000
0 1181 0.914453 0.558333 0.139844 0.272222 -0.008203 -0.004861 1.000000
0 1182 0.903125 0.554861 0.142187 0.279167 -0.011328 -0.003472 1.000000
0 1183 0.891016 0.548611 0.133594 0.280556 -0.012109 -0.006250 1.000000
0 1184 0.873828 0.547917 0.097656 0.276389 -0.017188 -0.000694 1.000000
0 1185 0.874609 0.550694 0.077344 0.279167 0.000781 0.002778 1.000000
0 1186 0.879297 0.556944 0.069531 0.277778 0.004687 0.006250 1.000000
0 1187 0.878906 0.562500 0.071875 0.269444 -0.000391 0.005556 1.000000
0 1188 0.867188 0.553472 0.087500 0.287500 -0.011719 -0.009028 1.000000
0 1189 0.861719 0.538889 0.089063 0.313889 -0.005469 -0.014583 1.000000
0 1190 0.857812 0.524306 0.087500 0.337500 -0.003906 -0.014583 1.000000
0 1191 0.858203 0.515278 0.088281 0.350000 0.000391 -0.009028 1.000000
0 1192 0.859375 0.511111 0.082812 0.355556 0.001172 -0.004167 1.000000
0 1193 0.858984 0.515278 0.072656 0.355556 -0.000391 0.004167 1.000000
0 1194 0.853906 0.521528 0.060937 0.359722 -0.005078 0.006250 1.000000
0 1195 0.846094 0.525000 0.051562 0.352778 -0.007812 0.003472 1.000000
0 1196 0.833984 0.527083 0.053906 0.351389 -0.012109 0.002083 1.000000
0 1197 0.825391 0.526389 0.050781 0.344444 -0.008594 -0.000694 1.000000
0 1198 0.820703 0.537500 0.055469 0.322222 -0.004687 0.011111 1.000000
0 1199 0.814063 0.549306 0.062500 0.301389 -0.006641 0.011806 1.000000
0 1200 0.797266 0.548611 0.077344 0.302778 -0.016797 -0.000694 1.000000
0 1201 0.787891 0.550694 0.083594 0.306944 -0.009375 0.002083 1.000000
0 1202 0.785156 0.555556 0.114062 0.302778 -0.002734 0.004861 1.000000
0 1203 0.785156 0.554167 0.110937 0.302778 0.000000 -0.001389 1.000000
0 1204 0.776172 0.552778 0.164844 0.305556 -0.008984 -0.001389 1.000000
