0 1 0.590625 0.580556 0.084375 0.264815 1.000000
0 2 0.590365 0.580556 0.085938 0.264815 1.000000
0 3 0.590365 0.580556 0.089063 0.264815 1.000000
0 4 0.590365 0.581019 0.091146 0.262037 1.000000
0 5 0.591406 0.579630 0.089063 0.261111 1.000000
0 6 0.591406 0.578241 0.090104 0.263889 1.000000
0 7 0.592187 0.577778 0.088542 0.264815 1.000000
0 8 0.595573 0.576389 0.081771 0.265741 1.000000
0 9 0.598698 0.576389 0.074479 0.263889 1.000000
0 12 0.611458 0.575926 0.057292 0.262963 1.000000
0 13 0.615885 0.575463 0.051562 0.262037 1.000000
0 14 0.620052 0.575000 0.056771 0.261111 1.000000
0 15 0.621354 0.575000 0.056250 0.259259 1.000000
0 16 0.623177 0.574537 0.053646 0.258333 1.000000
0 17 0.624219 0.575463 0.053646 0.258333 1.000000
0 18 0.628646 0.575926 0.062500 0.257407 1.000000
0 19 0.630729 0.576852 0.065625 0.257407 1.000000
0 20 0.633073 0.576852 0.070312 0.255556 1.000000
0 21 0.633073 0.577315 0.071354 0.254630 1.000000
0 22 0.633594 0.576852 0.072396 0.255556 1.000000
0 23 0.634115 0.576852 0.072396 0.257407 1.000000
0 24 0.635156 0.575463 0.073438 0.258333 1.000000
0 25 0.634896 0.575463 0.072917 0.258333 1.000000
0 26 0.635417 0.576389 0.072917 0.258333 1.000000
0 27 0.635417 0.576389 0.072917 0.258333 1.000000
0 28 0.635938 0.576389 0.071875 0.258333 1.000000
0 29 0.635938 0.575926 0.071875 0.259259 1.000000
0 30 0.636458 0.576389 0.071875 0.258333 1.000000
0 31 0.636979 0.576389 0.071875 0.258333 1.000000
0 32 0.636979 0.577315 0.071875 0.258333 1.000000
0 33 0.638021 0.576389 0.071875 0.258333 1.000000
0 34 0.639844 0.577315 0.073438 0.258333 1.000000
0 35 0.640885 0.577315 0.074479 0.258333 1.000000
0 36 0.643229 0.577778 0.076042 0.257407 1.000000
0 37 0.644271 0.577778 0.076042 0.257407 1.000000
0 38 0.646354 0.577778 0.077083 0.257407 1.000000
0 39 0.646615 0.578241 0.077604 0.256481 1.000000
0 40 0.645573 0.578241 0.081771 0.256481 1.000000
0 41 0.645052 0.578704 0.083854 0.255556 1.000000
0 42 0.644271 0.578241 0.085417 0.256481 1.000000
0 43 0.644271 0.578241 0.085417 0.256481 1.000000
0 44 0.647396 0.576852 0.078125 0.257407 1.000000
0 45 0.648177 0.576852 0.076563 0.259259 1.000000
0 46 0.649740 0.575926 0.072396 0.261111 1.000000
0 47 0.650521 0.574537 0.068750 0.260185 1.000000
0 48 0.655208 0.574537 0.057292 0.260185 1.000000
0 49 0.657552 0.574537 0.053646 0.260185 1.000000
0 50 0.664062 0.574074 0.046875 0.261111 1.000000
0 51 0.667448 0.573148 0.044271 0.261111 1.000000
0 52 0.670052 0.573148 0.049479 0.261111 1.000000
0 53 0.671354 0.573148 0.053125 0.261111 1.000000
0 54 0.673177 0.573611 0.054688 0.260185 1.000000
0 55 0.674479 0.574074 0.054167 0.259259 1.000000
0 56 0.675521 0.573148 0.054167 0.259259 1.000000
0 57 0.675521 0.573148 0.054167 0.259259 1.000000
0 58 0.678385 0.574537 0.058854 0.258333 1.000000
0 59 0.679948 0.574074 0.061979 0.257407 1.000000
0 60 0.682292 0.575463 0.067708 0.256481 1.000000
0 61 0.683333 0.575926 0.069792 0.255556 1.000000
0 62 0.683073 0.576852 0.070312 0.253704 1.000000
0 63 0.683333 0.576852 0.070833 0.253704 1.000000
0 64 0.683073 0.576389 0.071354 0.254630 1.000000
0 65 0.683073 0.575926 0.071354 0.255556 1.000000
0 66 0.683333 0.576389 0.071875 0.256481 1.000000
0 67 0.683333 0.575463 0.072917 0.256481 1.000000
0 68 0.682813 0.575926 0.071875 0.257407 1.000000
0 69 0.683073 0.575926 0.072396 0.257407 1.000000
0 70 0.682813 0.574537 0.071875 0.258333 1.000000
0 71 0.682552 0.574537 0.071354 0.258333 1.000000
0 72 0.682292 0.573148 0.070833 0.257407 1.000000
0 73 0.682292 0.572685 0.070833 0.258333 1.000000
0 74 0.682552 0.573148 0.069271 0.259259 1.000000
0 75 0.682813 0.573611 0.067708 0.260185 1.000000
0 76 0.683854 0.573611 0.066667 0.260185 1.000000
0 77 0.685417 0.573611 0.067708 0.260185 1.000000
0 78 0.686979 0.573611 0.067708 0.262037 1.000000
0 79 0.686719 0.573148 0.069271 0.261111 1.000000
0 80 0.687240 0.573611 0.071354 0.263889 1.000000
0 81 0.687500 0.574074 0.072917 0.264815 1.000000
0 82 0.688281 0.574537 0.073438 0.265741 1.000000
0 83 0.689323 0.574074 0.072396 0.266667 1.000000
0 84 0.691406 0.574537 0.071354 0.267593 1.000000
0 85 0.692708 0.575000 0.068750 0.268519 1.000000
0 86 0.696354 0.575000 0.062500 0.270370 1.000000
0 87 0.699479 0.575926 0.057292 0.270370 1.000000
0 88 0.705990 0.575463 0.051562 0.271296 1.000000
0 89 0.708594 0.575000 0.050521 0.272222 1.000000
0 90 0.715625 0.575000 0.048958 0.272222 1.000000
0 91 0.717448 0.575926 0.049479 0.272222 1.000000
0 92 0.721875 0.575463 0.050000 0.271296 1.000000
0 93 0.723437 0.575926 0.050000 0.272222 1.000000
0 94 0.724479 0.575463 0.052083 0.271296 1.000000
0 95 0.725000 0.575463 0.053125 0.271296 1.000000
0 96 0.726042 0.575463 0.055208 0.271296 1.000000
0 97 0.725781 0.575000 0.054688 0.270370 1.000000
0 98 0.726042 0.576389 0.056250 0.271296 1.000000
0 99 0.727604 0.575926 0.059375 0.270370 1.000000
0 100 0.729948 0.577315 0.064062 0.267593 1.000000
0 101 0.730469 0.577315 0.066146 0.267593 1.000000
0 102 0.731250 0.578704 0.068750 0.266667 1.000000
0 103 0.731250 0.578704 0.069792 0.264815 1.000000
0 104 0.730990 0.579167 0.070312 0.263889 1.000000
0 105 0.730469 0.578241 0.071354 0.262037 1.000000
0 106 0.729167 0.577778 0.071875 0.261111 1.000000
0 107 0.728385 0.577315 0.071354 0.260185 1.000000
0 108 0.727604 0.575926 0.070833 0.259259 1.000000
0 109 0.727344 0.575926 0.071354 0.259259 1.000000
0 110 0.726562 0.575000 0.070833 0.257407 1.000000
0 111 0.725781 0.574537 0.070312 0.254630 1.000000
0 112 0.724479 0.574537 0.069792 0.254630 1.000000
0 113 0.723958 0.574537 0.069792 0.252778 1.000000
0 114 0.723177 0.575000 0.069271 0.250000 1.000000
0 115 0.722917 0.574537 0.068750 0.249074 1.000000
0 116 0.723958 0.575000 0.070833 0.248148 1.000000
0 117 0.724219 0.574537 0.071354 0.247222 1.000000
0 118 0.725260 0.575000 0.073438 0.246296 1.000000
0 119 0.725781 0.575000 0.074479 0.244444 1.000000
0 120 0.726042 0.575000 0.075000 0.242593 1.000000
0 121 0.727083 0.575463 0.075000 0.241667 1.000000
0 122 0.726823 0.575926 0.072396 0.240741 1.000000
0 123 0.726823 0.575000 0.071354 0.240741 1.000000
0 124 0.726302 0.575000 0.065104 0.240741 1.000000
0 125 0.725781 0.574537 0.060937 0.239815 1.000000
0 126 0.724219 0.574537 0.054688 0.237963 1.000000
0 127 0.720573 0.575463 0.057813 0.236111 1.000000
0 128 0.712240 0.575000 0.068229 0.231481 1.000000
0 129 0.710156 0.577315 0.064062 0.226852 1.000000
0 130 0.705469 0.581944 0.060937 0.215741 1.000000
0 131 0.702865 0.583333 0.061979 0.209259 1.000000
0 132 0.690365 0.583333 0.073438 0.205556 1.000000
0 133 0.684375 0.582870 0.077083 0.206481 1.000000
0 134 0.672656 0.584259 0.078646 0.207407 1.000000
0 135 0.670573 0.583796 0.081771 0.206481 1.000000
0 136 0.668229 0.584259 0.084375 0.203704 1.000000
0 137 0.667708 0.585648 0.083333 0.199074 1.000000
0 138 0.665885 0.586574 0.082812 0.195370 1.000000
0 139 0.663802 0.587500 0.082812 0.191667 1.000000
0 140 0.664323 0.589815 0.079687 0.187037 1.000000
0 141 0.664062 0.590741 0.078125 0.185185 1.000000
0 142 0.663542 0.593056 0.078125 0.178704 1.000000
0 143 0.662500 0.593519 0.079167 0.177778 1.000000
0 144 0.663021 0.593981 0.078125 0.176852 1.000000
0 145 0.663021 0.593056 0.077083 0.178704 1.000000
0 146 0.661458 0.591667 0.079167 0.181481 1.000000
0 147 0.660937 0.589352 0.080208 0.186111 1.000000
0 148 0.661458 0.587037 0.081250 0.190741 1.000000
0 149 0.662240 0.585648 0.080729 0.191667 1.000000
0 150 0.663542 0.585185 0.076042 0.192593 1.000000
0 151 0.665365 0.584722 0.072396 0.191667 1.000000
0 152 0.665365 0.577778 0.074479 0.203704 1.000000
0 153 0.668750 0.578704 0.077083 0.201852 1.000000
0 154 0.675781 0.588889 0.092188 0.179630 1.000000
0 155 0.679688 0.592130 0.094792 0.175000 1.000000
0 156 0.683594 0.595833 0.098437 0.167593 1.000000
0 157 0.685677 0.598611 0.098437 0.163889 1.000000
0 158 0.687240 0.603241 0.098437 0.154630 1.000000
0 159 0.688021 0.603704 0.097917 0.151852 1.000000
0 160 0.688281 0.605556 0.096354 0.150000 1.000000
0 161 0.688021 0.603241 0.095833 0.152778 1.000000
0 162 0.688281 0.597685 0.096354 0.163889 1.000000
0 163 0.688281 0.593056 0.096354 0.173148 1.000000
0 164 0.687500 0.584722 0.094792 0.189815 1.000000
0 165 0.686458 0.581019 0.092708 0.197222 1.000000
0 166 0.680990 0.572222 0.091146 0.214815 1.000000
0 167 0.676823 0.556944 0.090104 0.245370 1.000000
0 168 0.678646 0.543519 0.081250 0.274074 1.000000
0 169 0.678385 0.543519 0.081771 0.275926 1.000000
0 170 0.677083 0.550463 0.083333 0.262037 1.000000
0 171 0.683854 0.557870 0.096875 0.247222 1.000000
0 172 0.691927 0.576852 0.110937 0.209259 1.000000
0 173 0.693750 0.581944 0.113542 0.199074 1.000000
0 174 0.696875 0.585185 0.119792 0.192593 1.000000
0 175 0.696354 0.587037 0.117708 0.188889 1.000000
0 176 0.695312 0.590278 0.113542 0.182407 1.000000
0 177 0.694010 0.591204 0.109896 0.182407 1.000000
0 178 0.684375 0.591667 0.089583 0.179630 1.000000
0 179 0.679427 0.591204 0.078646 0.180556 1.000000
0 180 0.697135 0.588426 0.117188 0.186111 1.000000
0 181 0.702083 0.585648 0.126042 0.191667 1.000000
0 182 0.690104 0.577778 0.104167 0.205556 1.000000
0 183 0.681771 0.572685 0.086458 0.212037 1.000000
0 184 0.693750 0.566667 0.051042 0.224074 1.000000
0 185 0.694010 0.565278 0.058854 0.230556 1.000000
0 186 0.704167 0.561111 0.058333 0.235185 1.000000
0 187 0.708854 0.561111 0.066667 0.235185 1.000000
0 188 0.713542 0.560185 0.060417 0.235185 1.000000
0 189 0.717187 0.560185 0.056250 0.235185 1.000000
0 190 0.719271 0.560648 0.046875 0.234259 1.000000
0 191 0.713281 0.561574 0.045312 0.234259 1.000000
0 192 0.713802 0.559259 0.064062 0.235185 1.000000
0 193 0.712760 0.559722 0.059896 0.234259 1.000000
0 194 0.712240 0.560648 0.048438 0.234259 1.000000
0 195 0.712240 0.560185 0.045312 0.235185 1.000000
0 196 0.725521 0.560648 0.047917 0.232407 1.000000
0 197 0.728385 0.560648 0.050521 0.232407 1.000000
0 198 0.726562 0.562500 0.054167 0.230556 1.000000
0 199 0.727083 0.562500 0.056250 0.230556 1.000000
0 200 0.730729 0.561111 0.055208 0.227778 1.000000
0 201 0.735677 0.559722 0.048438 0.225000 1.000000
0 202 0.740885 0.560648 0.050521 0.213889 1.000000
0 203 0.743229 0.563889 0.061458 0.214815 1.000000
0 204 0.748177 0.573148 0.071354 0.211111 1.000000
0 205 0.749219 0.574074 0.068229 0.207407 1.000000
0 206 0.749740 0.573611 0.066146 0.206481 1.000000
0 207 0.747656 0.571759 0.063021 0.210185 1.000000
0 208 0.745313 0.568981 0.057292 0.215741 1.000000
0 209 0.745313 0.568981 0.057292 0.217593 1.000000
0 210 0.744531 0.568056 0.055729 0.219444 1.000000
0 211 0.742708 0.567593 0.054167 0.218519 1.000000
0 212 0.740104 0.567130 0.053125 0.219444 1.000000
0 213 0.739844 0.566667 0.053646 0.218519 1.000000
0 214 0.739844 0.565741 0.052604 0.216667 1.000000
0 215 0.740625 0.565741 0.052083 0.218519 1.000000
0 216 0.740365 0.565278 0.050521 0.217593 1.000000
0 217 0.739844 0.565278 0.051562 0.217593 1.000000
0 218 0.739583 0.566204 0.051042 0.217593 1.000000
0 219 0.738021 0.566204 0.055208 0.215741 1.000000
0 220 0.733854 0.566204 0.062500 0.217593 1.000000
0 221 0.732552 0.564815 0.065104 0.216667 1.000000
0 222 0.730729 0.564815 0.066667 0.218519 1.000000
0 223 0.729688 0.564352 0.065625 0.219444 1.000000
0 224 0.728125 0.565278 0.064583 0.217593 1.000000
0 225 0.727083 0.565278 0.064583 0.215741 1.000000
0 226 0.727344 0.564352 0.064062 0.213889 1.000000
0 227 0.728125 0.565278 0.063542 0.213889 1.000000
0 228 0.728385 0.565741 0.063021 0.212963 1.000000
0 229 0.728125 0.567130 0.064583 0.212037 1.000000
0 230 0.727344 0.568056 0.064062 0.210185 1.000000
0 231 0.727083 0.568981 0.063542 0.208333 1.000000
0 232 0.726823 0.570370 0.065104 0.203704 1.000000
0 233 0.726042 0.572222 0.064583 0.201852 1.000000
0 234 0.725781 0.573611 0.065104 0.197222 1.000000
0 235 0.725521 0.574537 0.064583 0.195370 1.000000
0 236 0.724479 0.577315 0.065625 0.189815 1.000000
0 237 0.724740 0.578241 0.066146 0.187963 1.000000
0 238 0.724479 0.580093 0.066667 0.184259 1.000000
0 239 0.724219 0.582407 0.067187 0.179630 1.000000
0 240 0.723958 0.582870 0.067708 0.176852 1.000000
0 241 0.723177 0.586111 0.068229 0.172222 1.000000
0 242 0.723437 0.587037 0.068750 0.170370 1.000000
0 243 0.723177 0.588889 0.068229 0.166667 1.000000
0 244 0.723437 0.590741 0.067708 0.162963 1.000000
0 245 0.723437 0.592593 0.067708 0.157407 1.000000
0 246 0.722917 0.593981 0.067708 0.154630 1.000000
0 247 0.723177 0.594907 0.068229 0.156481 1.000000
0 248 0.722917 0.598148 0.068750 0.148148 1.000000
0 249 0.723437 0.599537 0.068750 0.145370 1.000000
0 250 0.723437 0.600463 0.067708 0.143519 1.000000
0 251 0.723437 0.602315 0.067708 0.139815 1.000000
0 252 0.723698 0.604167 0.067187 0.137963 1.000000
0 253 0.723437 0.605093 0.066667 0.136111 1.000000
0 254 0.723958 0.606481 0.066667 0.135185 1.000000
0 255 0.723698 0.607407 0.067187 0.133333 1.000000
0 256 0.723437 0.607870 0.066667 0.130556 1.000000
0 257 0.723958 0.607870 0.066667 0.128704 1.000000
0 258 0.725000 0.609259 0.066667 0.127778 1.000000
0 259 0.724479 0.609259 0.065625 0.125926 1.000000
0 260 0.725000 0.609259 0.065625 0.125926 1.000000
0 261 0.725521 0.609259 0.065625 0.125926 1.000000
0 262 0.725260 0.609722 0.065104 0.126852 1.000000
0 263 0.726562 0.609259 0.065625 0.127778 1.000000
0 264 0.726562 0.609722 0.065625 0.128704 1.000000
0 265 0.727344 0.608333 0.066146 0.131481 1.000000
0 266 0.727865 0.608333 0.066146 0.133333 1.000000
0 267 0.728646 0.606019 0.066667 0.137963 1.000000
0 268 0.729167 0.604167 0.067708 0.141667 1.000000
0 269 0.730469 0.602315 0.070312 0.147222 1.000000
0 270 0.730990 0.600463 0.071354 0.152778 1.000000
0 271 0.731250 0.597685 0.073958 0.158333 1.000000
0 272 0.730990 0.594907 0.075521 0.162037 1.000000
0 273 0.730729 0.592593 0.078125 0.166667 1.000000
0 274 0.730729 0.591667 0.080208 0.168519 1.000000
0 275 0.730208 0.590278 0.082292 0.173148 1.000000
0 276 0.730469 0.590278 0.083854 0.176852 1.000000
0 277 0.729688 0.589815 0.086458 0.175926 1.000000
0 278 0.730208 0.590741 0.087500 0.175926 1.000000
0 279 0.730208 0.589815 0.088542 0.174074 1.000000
0 280 0.730469 0.590741 0.089063 0.172222 1.000000
0 281 0.728906 0.592130 0.086979 0.169444 1.000000
0 282 0.728385 0.592593 0.085938 0.166667 1.000000
0 283 0.730469 0.594907 0.079687 0.165741 1.000000
0 284 0.733073 0.595833 0.073438 0.163889 1.000000
0 285 0.732812 0.596759 0.076042 0.160185 1.000000
0 286 0.734115 0.597685 0.078646 0.158333 1.000000
0 287 0.735677 0.597685 0.081771 0.156481 1.000000
0 288 0.736198 0.598611 0.082812 0.156481 1.000000
0 289 0.736719 0.599074 0.083854 0.155556 1.000000
0 290 0.736979 0.600000 0.084375 0.155556 1.000000
0 291 0.741146 0.600463 0.079167 0.156481 1.000000
0 292 0.744271 0.599537 0.076042 0.156481 1.000000
0 293 0.748177 0.598148 0.072396 0.155556 1.000000
0 294 0.748177 0.597685 0.071354 0.156481 1.000000
0 295 0.748437 0.597222 0.068750 0.157407 1.000000
0 296 0.749740 0.596759 0.069271 0.158333 1.000000
0 297 0.754167 0.595370 0.076042 0.161111 1.000000
0 298 0.757031 0.593981 0.078646 0.163889 1.000000
0 299 0.760938 0.592130 0.081250 0.167593 1.000000
0 300 0.761198 0.589815 0.080729 0.170370 1.000000
0 301 0.762760 0.587037 0.081771 0.174074 1.000000
0 302 0.764323 0.586574 0.079687 0.176852 1.000000
0 303 0.764844 0.584259 0.077604 0.181481 1.000000
0 304 0.765104 0.582407 0.076042 0.183333 1.000000
0 305 0.765625 0.581481 0.075000 0.187037 1.000000
0 306 0.766667 0.579630 0.073958 0.190741 1.000000
0 307 0.767969 0.578704 0.075521 0.194444 1.000000
0 308 0.768229 0.578704 0.076042 0.194444 1.000000
0 309 0.769010 0.577778 0.076563 0.194444 1.000000
0 310 0.768750 0.576389 0.076042 0.197222 1.000000
0 311 0.768750 0.576389 0.076042 0.199074 1.000000
0 312 0.768750 0.575926 0.076042 0.198148 1.000000
0 313 0.768750 0.577315 0.076042 0.199074 1.000000
0 314 0.767969 0.577315 0.075521 0.199074 1.000000
0 315 0.769010 0.577315 0.076563 0.199074 1.000000
0 316 0.769010 0.576852 0.076563 0.198148 1.000000
0 317 0.769010 0.577778 0.076563 0.198148 1.000000
0 318 0.769531 0.577315 0.076563 0.197222 1.000000
0 319 0.769010 0.577315 0.076563 0.197222 1.000000
0 320 0.769010 0.578704 0.076563 0.198148 1.000000
0 321 0.769010 0.578704 0.077604 0.196296 1.000000
0 322 0.768229 0.578241 0.079167 0.193519 1.000000
0 323 0.766667 0.579167 0.081250 0.187963 1.000000
0 324 0.766146 0.580556 0.082292 0.185185 1.000000
0 325 0.765885 0.581481 0.083854 0.183333 1.000000
0 326 0.766146 0.582407 0.084375 0.181481 1.000000
0 327 0.764323 0.582870 0.084896 0.180556 1.000000
0 328 0.764583 0.583796 0.085417 0.178704 1.000000
0 329 0.764062 0.584722 0.085417 0.176852 1.000000
0 330 0.763802 0.587500 0.084896 0.173148 1.000000
0 331 0.763021 0.588889 0.084375 0.170370 1.000000
0 332 0.762500 0.588889 0.084375 0.168519 1.000000
0 333 0.762240 0.591204 0.083854 0.163889 1.000000
0 334 0.761458 0.591667 0.082292 0.162963 1.000000
0 335 0.760938 0.592593 0.081250 0.161111 1.000000
0 336 0.760938 0.593981 0.081250 0.160185 1.000000
0 337 0.760156 0.594444 0.079687 0.161111 1.000000
0 338 0.759896 0.594907 0.079167 0.158333 1.000000
0 339 0.760156 0.594907 0.078646 0.158333 1.000000
0 340 0.759896 0.594907 0.078125 0.156481 1.000000
0 341 0.759635 0.596759 0.077604 0.154630 1.000000
0 342 0.759896 0.596296 0.078125 0.153704 1.000000
0 343 0.759375 0.595833 0.077083 0.154630 1.000000
0 344 0.759375 0.596296 0.077083 0.155556 1.000000
0 345 0.759115 0.597685 0.076563 0.154630 1.000000
0 346 0.759115 0.597685 0.076563 0.152778 1.000000
0 347 0.759115 0.596759 0.076563 0.156481 1.000000
0 348 0.758854 0.596759 0.076042 0.154630 1.000000
0 349 0.758073 0.595833 0.073438 0.156481 1.000000
0 350 0.757292 0.595370 0.071875 0.157407 1.000000
0 351 0.756771 0.594444 0.069792 0.157407 1.000000
0 352 0.755990 0.595833 0.070312 0.162037 1.000000
0 353 0.754427 0.592130 0.067187 0.167593 1.000000
0 354 0.752604 0.593519 0.063542 0.168519 1.000000
0 355 0.752865 0.582407 0.060937 0.188889 1.000000
0 356 0.752604 0.579167 0.060417 0.195370 1.000000
0 357 0.751563 0.573611 0.058333 0.204630 1.000000
0 358 0.751302 0.570370 0.058854 0.207407 1.000000
0 359 0.750781 0.568981 0.057813 0.212037 1.000000
0 360 0.750781 0.567593 0.057813 0.212963 1.000000
0 361 0.752083 0.569907 0.060417 0.210185 1.000000
0 362 0.752604 0.569907 0.061458 0.208333 1.000000
0 363 0.752604 0.569907 0.062500 0.208333 1.000000
0 364 0.753125 0.569444 0.062500 0.207407 1.000000
0 365 0.753385 0.569907 0.063021 0.208333 1.000000
0 366 0.753906 0.569907 0.064062 0.208333 1.000000
0 367 0.754167 0.568519 0.063542 0.209259 1.000000
0 368 0.754167 0.568981 0.063542 0.210185 1.000000
0 369 0.754427 0.568519 0.063021 0.209259 1.000000
0 370 0.754427 0.568519 0.063021 0.209259 1.000000
0 371 0.754167 0.569907 0.062500 0.208333 1.000000
0 372 0.753906 0.570833 0.063021 0.206481 1.000000
0 373 0.752344 0.573148 0.060937 0.203704 1.000000
0 374 0.752083 0.573148 0.057292 0.201852 1.000000
0 375 0.753125 0.572685 0.053125 0.202778 1.000000
0 376 0.752865 0.572222 0.052604 0.203704 1.000000
0 377 0.751302 0.571759 0.053646 0.206481 1.000000
0 378 0.749740 0.571759 0.053646 0.206481 1.000000
0 379 0.751042 0.572222 0.059375 0.205556 1.000000
0 380 0.751302 0.571296 0.059896 0.203704 1.000000
0 381 0.751302 0.570833 0.059896 0.206481 1.000000
0 382 0.751563 0.570833 0.060417 0.208333 1.000000
0 383 0.751823 0.568981 0.060937 0.210185 1.000000
0 384 0.752083 0.568519 0.060417 0.211111 1.000000
0 385 0.751823 0.568981 0.059896 0.212037 1.000000
0 386 0.752083 0.568056 0.060417 0.212037 1.000000
0 387 0.752865 0.568056 0.059896 0.213889 1.000000
0 388 0.752865 0.568981 0.059896 0.210185 1.000000
0 389 0.752604 0.569444 0.060417 0.209259 1.000000
0 390 0.752344 0.569444 0.060937 0.209259 1.000000
0 391 0.751302 0.570370 0.060937 0.207407 1.000000
0 392 0.752604 0.570833 0.062500 0.206481 1.000000
0 393 0.753385 0.571759 0.059896 0.204630 1.000000
0 394 0.754167 0.572685 0.059375 0.202778 1.000000
0 395 0.753125 0.574537 0.059375 0.199074 1.000000
0 396 0.752083 0.573148 0.060417 0.200000 1.000000
0 397 0.751302 0.573148 0.060937 0.201852 1.000000
0 398 0.751042 0.571296 0.061458 0.203704 1.000000
0 399 0.749479 0.570833 0.058333 0.206481 1.000000
0 400 0.750260 0.570370 0.059896 0.207407 1.000000
0 401 0.749479 0.568519 0.057292 0.211111 1.000000
0 402 0.751042 0.567593 0.060417 0.211111 1.000000
0 403 0.751563 0.568056 0.060417 0.210185 1.000000
0 404 0.751563 0.568519 0.060417 0.209259 1.000000
0 405 0.752344 0.572222 0.060937 0.203704 1.000000
0 406 0.752604 0.573611 0.061458 0.199074 1.000000
0 407 0.754167 0.573148 0.059375 0.200000 1.000000
0 408 0.753385 0.573611 0.058854 0.199074 1.000000
0 409 0.752083 0.574537 0.058333 0.197222 1.000000
0 410 0.751563 0.574537 0.058333 0.199074 1.000000
0 411 0.750000 0.569907 0.057292 0.208333 1.000000
0 412 0.747917 0.568981 0.054167 0.210185 1.000000
0 413 0.746354 0.566204 0.051042 0.213889 1.000000
0 414 0.745052 0.565278 0.048438 0.215741 1.000000
0 415 0.743750 0.563889 0.046875 0.218519 1.000000
0 416 0.744531 0.564815 0.047396 0.218519 1.000000
0 417 0.744531 0.565278 0.048438 0.217593 1.000000
0 418 0.745573 0.565278 0.049479 0.217593 1.000000
0 419 0.745573 0.565741 0.050521 0.216667 1.000000
0 420 0.746094 0.567593 0.051562 0.214815 1.000000
0 421 0.744271 0.569444 0.056250 0.209259 1.000000
0 422 0.742188 0.570370 0.059375 0.207407 1.000000
0 423 0.737500 0.574537 0.067708 0.202778 1.000000
0 424 0.735677 0.576389 0.071354 0.197222 1.000000
0 425 0.730990 0.582407 0.079687 0.187037 1.000000
0 426 0.729948 0.583796 0.078646 0.180556 1.000000
0 427 0.722656 0.588889 0.071354 0.172222 1.000000
0 428 0.718229 0.591667 0.062500 0.168519 1.000000
0 429 0.713802 0.594444 0.053646 0.161111 1.000000
0 430 0.708333 0.595370 0.046875 0.161111 1.000000
0 431 0.701823 0.597685 0.045312 0.163889 1.000000
0 432 0.699740 0.597222 0.045312 0.166667 1.000000
0 433 0.692187 0.595833 0.039583 0.167593 1.000000
0 434 0.697917 0.597685 0.056250 0.163889 1.000000
0 435 0.693750 0.598148 0.058333 0.166667 1.000000
0 436 0.689844 0.595833 0.060937 0.169444 1.000000
0 437 0.681510 0.590741 0.059896 0.177778 1.000000
0 438 0.679688 0.592593 0.056250 0.175926 1.000000
0 481 0.663802 0.625000 0.042188 0.144444 1.000000
0 482 0.664323 0.624074 0.043229 0.146296 1.000000
0 483 0.665625 0.621759 0.042708 0.150926 1.000000
0 484 0.666406 0.620370 0.042188 0.157407 1.000000
0 485 0.667448 0.615741 0.042188 0.168519 1.000000
0 486 0.667708 0.611574 0.042708 0.175000 1.000000
0 487 0.668229 0.596296 0.043750 0.207407 1.000000
0 488 0.669010 0.590741 0.044271 0.222222 1.000000
0 489 0.669271 0.579167 0.043750 0.245370 1.000000
0 490 0.669792 0.573611 0.043750 0.256481 1.000000
0 491 0.670833 0.569444 0.044792 0.266667 1.000000
0 492 0.671615 0.569444 0.045312 0.268519 1.000000
0 493 0.672396 0.574074 0.045833 0.261111 1.000000
0 494 0.672656 0.574537 0.045312 0.258333 1.000000
0 495 0.673438 0.577315 0.044792 0.254630 1.000000
0 496 0.673958 0.578704 0.044792 0.253704 1.000000
0 497 0.675000 0.582407 0.044792 0.248148 1.000000
0 498 0.675260 0.583796 0.045312 0.247222 1.000000
0 499 0.676042 0.585185 0.045833 0.244444 1.000000
0 500 0.676562 0.585185 0.045833 0.244444 1.000000
0 501 0.677344 0.584259 0.046354 0.248148 1.000000
0 502 0.678125 0.581944 0.046875 0.252778 1.000000
0 503 0.678646 0.578704 0.046875 0.262963 1.000000
0 504 0.679167 0.577315 0.046875 0.267593 1.000000
0 505 0.680469 0.573611 0.046354 0.275000 1.000000
0 506 0.680990 0.573148 0.046354 0.277778 1.000000
0 507 0.681771 0.577778 0.046875 0.272222 1.000000
0 508 0.682813 0.576852 0.046875 0.272222 1.000000
0 509 0.683333 0.578704 0.046875 0.272222 1.000000
0 510 0.684375 0.579630 0.046875 0.272222 1.000000
0 511 0.685417 0.583333 0.046875 0.266667 1.000000
0 512 0.686458 0.585185 0.046875 0.266667 1.000000
0 513 0.691927 0.585185 0.055729 0.266667 1.000000
0 514 0.694010 0.582870 0.059896 0.271296 1.000000
0 515 0.704427 0.581019 0.078646 0.278704 1.000000
0 516 0.709896 0.580093 0.087500 0.282407 1.000000
0 517 0.709115 0.549074 0.108854 0.342593 1.000000
0 518 0.712500 0.547685 0.105208 0.347222 1.000000
0 519 0.717187 0.552315 0.097917 0.343519 1.000000
0 520 0.718490 0.554630 0.098437 0.340741 1.000000
0 521 0.719010 0.563889 0.101562 0.324074 1.000000
0 522 0.715365 0.574537 0.111979 0.304630 1.000000
0 523 0.715104 0.589352 0.114583 0.276852 1.000000
0 524 0.715625 0.590741 0.114583 0.272222 1.000000
0 525 0.718490 0.593981 0.111979 0.271296 1.000000
0 526 0.719010 0.593981 0.111979 0.269444 1.000000
0 527 0.729948 0.593519 0.107813 0.272222 1.000000
0 528 0.727344 0.593519 0.123438 0.274074 1.000000
0 529 0.739323 0.588889 0.106771 0.281481 1.000000
0 530 0.743490 0.586574 0.095312 0.286111 1.000000
0 531 0.764323 0.579630 0.076563 0.296296 1.000000
0 532 0.771875 0.577778 0.088542 0.300000 1.000000
0 533 0.771094 0.576389 0.084896 0.302778 1.000000
0 534 0.766406 0.574537 0.067187 0.304630 1.000000
0 535 0.766406 0.575000 0.057813 0.303704 1.000000
0 536 0.764844 0.575463 0.050521 0.304630 1.000000
0 537 0.765365 0.575000 0.047396 0.305556 1.000000
0 538 0.765104 0.574537 0.050000 0.304630 1.000000
0 539 0.766406 0.575463 0.055729 0.302778 1.000000
0 540 0.766406 0.575463 0.058854 0.302778 1.000000
0 541 0.766406 0.576389 0.059896 0.299074 1.000000
0 542 0.765625 0.578241 0.059375 0.297222 1.000000
0 543 0.764323 0.580556 0.057813 0.292593 1.000000
0 544 0.765625 0.581944 0.061458 0.287963 1.000000
0 545 0.777865 0.591204 0.085938 0.275000 1.000000
0 546 0.780469 0.593981 0.092188 0.267593 1.000000
0 547 0.782292 0.603704 0.096875 0.248148 1.000000
0 548 0.782813 0.602315 0.098958 0.250926 1.000000
0 549 0.776042 0.606019 0.086458 0.243519 1.000000
0 550 0.771094 0.609259 0.077604 0.237037 1.000000
0 551 0.765365 0.611574 0.067187 0.232407 1.000000
0 552 0.764323 0.612500 0.066146 0.230556 1.000000
0 553 0.763021 0.611574 0.064583 0.228704 1.000000
0 554 0.763021 0.611574 0.065625 0.230556 1.000000
0 555 0.757292 0.609259 0.081250 0.233333 1.000000
0 556 0.756510 0.606944 0.082812 0.237963 1.000000
0 557 0.755729 0.603704 0.084375 0.246296 1.000000
0 558 0.756771 0.601389 0.087500 0.249074 1.000000
0 559 0.756771 0.598611 0.089583 0.254630 1.000000
0 560 0.755990 0.598611 0.086979 0.256481 1.000000
0 561 0.752865 0.597222 0.083854 0.259259 1.000000
0 562 0.754687 0.596296 0.087500 0.261111 1.000000
0 563 0.770312 0.595833 0.116667 0.262037 1.000000
0 564 0.772917 0.594907 0.119792 0.263889 1.000000
0 565 0.767969 0.593981 0.107813 0.265741 1.000000
0 566 0.758594 0.593519 0.090104 0.264815 1.000000
0 567 0.750260 0.593519 0.073438 0.264815 1.000000
0 568 0.749479 0.593056 0.075000 0.265741 1.000000
0 569 0.740365 0.590741 0.077604 0.264815 1.000000
0 570 0.736198 0.586574 0.076563 0.262037 1.000000
0 571 0.725000 0.582407 0.082292 0.270370 1.000000
0 572 0.720573 0.575000 0.075521 0.283333 1.000000
0 573 0.720573 0.571296 0.072396 0.290741 1.000000
0 574 0.718750 0.564352 0.078125 0.306481 1.000000
0 575 0.719010 0.554167 0.079687 0.317593 1.000000
0 576 0.715104 0.543519 0.069792 0.348148 1.000000
0 577 0.716406 0.538426 0.066146 0.358333 1.000000
0 578 0.726042 0.533796 0.042708 0.365741 1.000000
0 579 0.725260 0.532407 0.040104 0.368519 1.000000
0 580 0.721094 0.530093 0.043229 0.373148 1.000000
0 581 0.726042 0.529630 0.061458 0.374074 1.000000
0 582 0.729427 0.529167 0.081771 0.375000 1.000000
0 583 0.733333 0.531944 0.087500 0.369444 1.000000
0 584 0.729948 0.535648 0.094271 0.362037 1.000000
0 585 0.727344 0.540741 0.101562 0.351852 1.000000
0 586 0.727865 0.561574 0.101562 0.310185 1.000000
0 587 0.723698 0.568056 0.103646 0.295370 1.000000
0 588 0.723437 0.594907 0.112500 0.243519 1.000000
0 589 0.721875 0.600000 0.112500 0.235185 1.000000
0 590 0.717448 0.608333 0.109896 0.218519 1.000000
0 591 0.716667 0.609259 0.108333 0.212963 1.000000
0 592 0.709375 0.614815 0.111458 0.203704 1.000000
0 593 0.703385 0.617130 0.113021 0.200926 1.000000
0 594 0.695573 0.618056 0.107813 0.195370 1.000000
0 595 0.688281 0.615278 0.103646 0.193519 1.000000
0 596 0.686458 0.612963 0.077083 0.194444 1.000000
0 597 0.684115 0.613426 0.064062 0.197222 1.000000
0 598 0.676823 0.612963 0.050521 0.196296 1.000000
0 599 0.672396 0.613889 0.050000 0.196296 1.000000
0 602 0.642188 0.586111 0.083333 0.227778 1.000000
0 603 0.645833 0.590741 0.104167 0.238889 1.000000
0 604 0.637500 0.586574 0.100000 0.245370 1.000000
0 605 0.645052 0.583796 0.121354 0.245370 1.000000
0 606 0.637760 0.584259 0.120313 0.244444 1.000000
0 607 0.633073 0.584722 0.117188 0.241667 1.000000
0 608 0.622396 0.585648 0.112500 0.239815 1.000000
0 609 0.617448 0.586574 0.114062 0.237963 1.000000
0 610 0.609375 0.587037 0.112500 0.235185 1.000000
0 611 0.602344 0.588426 0.113021 0.234259 1.000000
0 612 0.594271 0.589815 0.118750 0.233333 1.000000
0 613 0.589583 0.591204 0.123958 0.230556 1.000000
0 614 0.584896 0.591667 0.129167 0.225926 1.000000
0 615 0.580729 0.593056 0.129167 0.226852 1.000000
0 616 0.577604 0.592593 0.127083 0.225926 1.000000
0 617 0.574219 0.592593 0.125521 0.225926 1.000000
0 618 0.570573 0.592130 0.123438 0.225000 1.000000
0 619 0.568750 0.592130 0.121875 0.226852 1.000000
0 620 0.566146 0.590278 0.117708 0.230556 1.000000
0 621 0.564063 0.590741 0.115625 0.233333 1.000000
0 622 0.561979 0.588889 0.113542 0.237037 1.000000
0 623 0.560417 0.587963 0.112500 0.240741 1.000000
0 624 0.558073 0.586574 0.109896 0.241667 1.000000
0 625 0.556771 0.586111 0.109375 0.244444 1.000000
0 626 0.554427 0.585185 0.106771 0.246296 1.000000
0 627 0.554948 0.585648 0.102604 0.249074 1.000000
0 628 0.554427 0.584259 0.096354 0.250000 1.000000
0 629 0.551823 0.582870 0.095312 0.250926 1.000000
0 630 0.549219 0.581944 0.094271 0.252778 1.000000
0 631 0.543750 0.580556 0.097917 0.251852 1.000000
0 632 0.537240 0.579630 0.100521 0.253704 1.000000
0 633 0.532031 0.579167 0.104688 0.252778 1.000000
0 634 0.530729 0.577778 0.098958 0.253704 1.000000
0 635 0.530208 0.578704 0.095833 0.253704 1.000000
0 636 0.528385 0.579167 0.090104 0.252778 1.000000
0 637 0.528125 0.580556 0.086458 0.253704 1.000000
0 638 0.527083 0.580093 0.082292 0.250926 1.000000
0 640 0.526563 0.580556 0.076042 0.244444 1.000000
0 641 0.524479 0.581944 0.081250 0.243519 1.000000
0 642 0.522656 0.582870 0.088021 0.239815 1.000000
0 643 0.521094 0.582870 0.091146 0.237963 1.000000
0 644 0.519531 0.583796 0.096354 0.230556 1.000000
0 645 0.522656 0.585648 0.092188 0.223148 1.000000
0 646 0.519271 0.585185 0.097917 0.220370 1.000000
0 647 0.516146 0.584722 0.104167 0.217593 1.000000
0 648 0.513542 0.583796 0.108333 0.215741 1.000000
0 649 0.514844 0.581481 0.105729 0.214815 1.000000
0 650 0.515625 0.581481 0.101042 0.212963 1.000000
0 651 0.515625 0.580093 0.101042 0.215741 1.000000
0 652 0.513802 0.575926 0.103646 0.218519 1.000000
0 653 0.513542 0.574537 0.103125 0.219444 1.000000
0 654 0.512500 0.575926 0.102083 0.214815 1.000000
0 655 0.512500 0.575926 0.102083 0.212963 1.000000
0 656 0.511458 0.575463 0.101042 0.212037 1.000000
0 657 0.511198 0.575000 0.100521 0.211111 1.000000
0 658 0.511458 0.573611 0.097917 0.210185 1.000000
0 659 0.511979 0.574537 0.094792 0.206481 1.000000
0 660 0.509635 0.575463 0.097396 0.204630 1.000000
0 661 0.509115 0.575000 0.097396 0.203704 1.000000
0 662 0.509115 0.575926 0.091146 0.201852 1.000000
0 663 0.501042 0.575926 0.075000 0.200000 1.000000
0 664 0.501563 0.577315 0.081250 0.195370 1.000000
0 665 0.505990 0.577778 0.088021 0.194444 1.000000
0 666 0.506250 0.576852 0.084375 0.192593 1.000000
0 667 0.507812 0.577315 0.082292 0.193519 1.000000
0 668 0.506250 0.576389 0.079167 0.193519 1.000000
0 669 0.504948 0.576852 0.076563 0.194444 1.000000
0 670 0.508594 0.575926 0.082812 0.196296 1.000000
0 671 0.509375 0.575926 0.084375 0.196296 1.000000
0 672 0.510156 0.575926 0.084896 0.196296 1.000000
0 673 0.510417 0.575463 0.085417 0.197222 1.000000
0 674 0.511458 0.575463 0.086458 0.197222 1.000000
0 675 0.511979 0.575926 0.087500 0.196296 1.000000
0 676 0.515885 0.575000 0.085938 0.194444 1.000000
0 677 0.520833 0.576389 0.078125 0.195370 1.000000
0 678 0.516406 0.576389 0.090104 0.195370 1.000000
0 679 0.517708 0.575926 0.087500 0.196296 1.000000
0 680 0.517969 0.575926 0.086979 0.196296 1.000000
0 681 0.518750 0.576389 0.087500 0.195370 1.000000
0 682 0.520573 0.575926 0.090104 0.196296 1.000000
0 683 0.520573 0.575926 0.089063 0.196296 1.000000
0 684 0.521354 0.575000 0.089583 0.196296 1.000000
0 685 0.521875 0.574537 0.089583 0.197222 1.000000
0 686 0.522135 0.575000 0.090104 0.196296 1.000000
0 687 0.522656 0.574537 0.090104 0.197222 1.000000
0 688 0.523177 0.574537 0.090104 0.197222 1.000000
0 689 0.523438 0.574537 0.089583 0.197222 1.000000
0 690 0.523958 0.574537 0.089583 0.197222 1.000000
0 691 0.524219 0.574537 0.089063 0.197222 1.000000
0 692 0.524740 0.574537 0.089063 0.197222 1.000000
0 693 0.524479 0.574537 0.088542 0.197222 1.000000
0 694 0.525000 0.574537 0.088542 0.197222 1.000000
0 695 0.525521 0.574537 0.088542 0.197222 1.000000
0 696 0.525781 0.574537 0.088021 0.197222 1.000000
0 697 0.526563 0.574537 0.088542 0.197222 1.000000
0 698 0.526042 0.574537 0.090625 0.197222 1.000000
0 699 0.525781 0.574074 0.092188 0.198148 1.000000
0 700 0.525000 0.574537 0.093750 0.197222 1.000000
0 701 0.524219 0.574537 0.095312 0.197222 1.000000
0 702 0.526042 0.575000 0.092708 0.198148 1.000000
0 703 0.526042 0.575000 0.092708 0.198148 1.000000
0 704 0.526042 0.574537 0.092708 0.197222 1.000000
0 705 0.526302 0.574537 0.092188 0.197222 1.000000
0 706 0.527604 0.574537 0.090625 0.197222 1.000000
0 707 0.527604 0.574537 0.089583 0.197222 1.000000
0 708 0.527344 0.574537 0.091146 0.197222 1.000000
0 709 0.526563 0.574537 0.092708 0.197222 1.000000
0 710 0.525781 0.573611 0.094271 0.199074 1.000000
0 711 0.525000 0.572685 0.095833 0.200926 1.000000
0 712 0.524219 0.571759 0.097396 0.202778 1.000000
0 713 0.523438 0.570833 0.098958 0.204630 1.000000
0 714 0.523177 0.570370 0.100521 0.205556 1.000000
0 715 0.522396 0.569907 0.102083 0.206481 1.000000
0 716 0.521875 0.569444 0.104167 0.207407 1.000000
0 717 0.525521 0.569907 0.097917 0.206481 1.000000
0 718 0.528385 0.570370 0.091146 0.205556 1.000000
0 719 0.527344 0.570833 0.093229 0.204630 1.000000
0 720 0.526823 0.569907 0.095312 0.206481 1.000000
0 721 0.525781 0.569907 0.097396 0.206481 1.000000
0 722 0.525521 0.570370 0.097917 0.205556 1.000000
0 723 0.526563 0.571296 0.096875 0.203704 1.000000
0 724 0.527344 0.571759 0.095312 0.202778 1.000000
0 725 0.527604 0.573148 0.093750 0.201852 1.000000
0 726 0.527865 0.573148 0.093229 0.201852 1.000000
0 727 0.528385 0.573148 0.092188 0.201852 1.000000
0 728 0.527865 0.573148 0.092188 0.201852 1.000000
0 729 0.527865 0.573611 0.092188 0.200926 1.000000
0 730 0.526823 0.573611 0.091146 0.200926 1.000000
0 731 0.527083 0.574074 0.091667 0.200000 1.000000
0 732 0.526302 0.574537 0.091146 0.199074 1.000000
0 733 0.526302 0.574537 0.091146 0.199074 1.000000
0 734 0.525781 0.574537 0.091146 0.199074 1.000000
0 735 0.526042 0.575463 0.091667 0.199074 1.000000
0 736 0.525521 0.575463 0.091667 0.199074 1.000000
0 737 0.526302 0.575926 0.090104 0.198148 1.000000
0 738 0.527344 0.575926 0.090104 0.198148 1.000000
0 739 0.527604 0.576389 0.088542 0.200926 1.000000
0 740 0.526563 0.575463 0.090625 0.199074 1.000000
0 741 0.524219 0.574537 0.091146 0.200926 1.000000
0 742 0.521354 0.574537 0.089583 0.202778 1.000000
0 743 0.520312 0.574074 0.091667 0.201852 1.000000
0 744 0.526042 0.571759 0.082292 0.206481 1.000000
0 745 0.529948 0.570370 0.081771 0.209259 1.000000
0 746 0.528906 0.568981 0.090104 0.212037 1.000000
0 747 0.526563 0.568056 0.097917 0.217593 1.000000
0 748 0.534115 0.566204 0.099479 0.221296 1.000000
0 749 0.532552 0.565741 0.095312 0.222222 1.000000
0 750 0.520312 0.565278 0.076042 0.223148 1.000000
0 751 0.511198 0.564815 0.061979 0.224074 1.000000
0 752 0.513542 0.563426 0.062500 0.225000 1.000000
0 753 0.515365 0.564352 0.057813 0.225000 1.000000
0 754 0.518490 0.564352 0.050521 0.225000 1.000000
0 755 0.520833 0.563889 0.046875 0.224074 1.000000
0 756 0.526563 0.563426 0.035417 0.225000 1.000000
0 757 0.527604 0.562963 0.033333 0.224074 1.000000
0 758 0.528906 0.564352 0.030729 0.223148 1.000000
0 759 0.529427 0.563426 0.032813 0.223148 1.000000
0 760 0.530729 0.563889 0.034375 0.222222 1.000000
0 761 0.530990 0.564352 0.034896 0.221296 1.000000
0 762 0.531250 0.564352 0.035417 0.223148 1.000000
0 763 0.530990 0.560648 0.035937 0.228704 1.000000
0 764 0.529427 0.548611 0.040104 0.254630 1.000000
0 765 0.528906 0.544907 0.044271 0.263889 1.000000
0 766 0.531510 0.537963 0.060937 0.279630 1.000000
0 767 0.532292 0.544907 0.064583 0.267593 1.000000
0 768 0.526563 0.560648 0.046875 0.237963 1.000000
0 769 0.527865 0.563889 0.043229 0.233333 1.000000
0 770 0.528385 0.571296 0.048438 0.220370 1.000000
0 771 0.527865 0.575926 0.052604 0.211111 1.000000
0 772 0.528646 0.581019 0.059375 0.200926 1.000000
0 773 0.527865 0.581481 0.059896 0.200000 1.000000
0 774 0.526302 0.583796 0.068229 0.197222 1.000000
0 775 0.526042 0.585185 0.071875 0.194444 1.000000
0 776 0.524740 0.586111 0.075521 0.196296 1.000000
0 777 0.525000 0.587037 0.076042 0.194444 1.000000
0 778 0.526042 0.588889 0.076042 0.192593 1.000000
0 779 0.525781 0.589352 0.077604 0.193519 1.000000
0 780 0.526302 0.588426 0.077604 0.195370 1.000000
0 781 0.527865 0.587963 0.075521 0.196296 1.000000
0 782 0.532552 0.586574 0.069271 0.199074 1.000000
0 783 0.535937 0.583796 0.061458 0.206481 1.000000
0 784 0.542708 0.585185 0.055208 0.201852 1.000000
0 785 0.542188 0.585185 0.054167 0.203704 1.000000
0 786 0.544271 0.583796 0.058333 0.206481 1.000000
0 787 0.549740 0.581944 0.068229 0.210185 1.000000
0 788 0.560156 0.577778 0.090104 0.218519 1.000000
0 789 0.559115 0.575000 0.088021 0.222222 1.000000
0 790 0.544792 0.569444 0.056250 0.235185 1.000000
0 791 0.542448 0.566204 0.049479 0.239815 1.000000
0 792 0.542969 0.563889 0.047396 0.244444 1.000000
0 793 0.541146 0.562500 0.050000 0.245370 1.000000
0 794 0.542448 0.562500 0.055729 0.243519 1.000000
0 795 0.544531 0.564352 0.056771 0.241667 1.000000
0 796 0.551562 0.566667 0.069792 0.235185 1.000000
0 797 0.553906 0.568056 0.069271 0.234259 1.000000
0 798 0.564583 0.569907 0.073958 0.230556 1.000000
0 799 0.569271 0.570833 0.076042 0.228704 1.000000
0 800 0.569792 0.576852 0.072917 0.222222 1.000000
0 801 0.567708 0.579167 0.068750 0.217593 1.000000
0 802 0.556510 0.585648 0.047396 0.208333 1.000000
0 803 0.557031 0.588426 0.048438 0.202778 1.000000
0 804 0.555208 0.591204 0.051042 0.191667 1.000000
0 805 0.553906 0.596759 0.052604 0.193519 1.000000
0 806 0.551042 0.600000 0.060417 0.188889 1.000000
0 807 0.551562 0.602315 0.061458 0.184259 1.000000
0 808 0.555990 0.604630 0.061979 0.177778 1.000000
0 809 0.561198 0.605093 0.067187 0.176852 1.000000
0 810 0.568229 0.606481 0.075000 0.174074 1.000000
0 811 0.571354 0.608333 0.078125 0.172222 1.000000
0 812 0.574740 0.606481 0.082812 0.172222 1.000000
0 813 0.572917 0.607407 0.079167 0.174074 1.000000
0 815 0.574479 0.608796 0.081250 0.171296 1.000000
0 816 0.575781 0.612037 0.082812 0.168519 1.000000
0 817 0.576042 0.613426 0.082292 0.163889 1.000000
0 818 0.588542 0.617593 0.058333 0.155556 1.000000
0 819 0.591927 0.615741 0.053646 0.161111 1.000000
0 820 0.596875 0.612037 0.052083 0.172222 1.000000
0 821 0.597396 0.613889 0.051042 0.168519 1.000000
0 822 0.598437 0.618056 0.052083 0.162037 1.000000
0 823 0.597917 0.623148 0.051042 0.159259 1.000000
0 824 0.596354 0.625000 0.047917 0.161111 1.000000
0 825 0.596615 0.625463 0.045312 0.162037 1.000000
0 826 0.600260 0.625926 0.048438 0.162963 1.000000
0 827 0.599219 0.626389 0.053646 0.162037 1.000000
0 828 0.597396 0.629167 0.060417 0.163889 1.000000
0 829 0.596094 0.629167 0.059896 0.163889 1.000000
0 830 0.596875 0.629167 0.061458 0.167593 1.000000
0 831 0.597656 0.630093 0.063021 0.171296 1.000000
0 832 0.604688 0.629630 0.064583 0.181481 1.000000
0 833 0.608333 0.627778 0.066667 0.187037 1.000000
0 834 0.614583 0.625000 0.060417 0.196296 1.000000
0 835 0.614844 0.625000 0.058854 0.196296 1.000000
0 836 0.611719 0.622222 0.056771 0.203704 1.000000
0 837 0.610156 0.620833 0.054688 0.210185 1.000000
0 838 0.609896 0.596296 0.055208 0.259259 1.000000
0 839 0.610677 0.589815 0.055729 0.275926 1.000000
0 840 0.612240 0.585185 0.057813 0.287037 1.000000
0 841 0.611719 0.586574 0.056771 0.287963 1.000000
0 842 0.610677 0.595370 0.053646 0.274074 1.000000
0 843 0.610156 0.591204 0.051562 0.282407 1.000000
0 844 0.606510 0.588889 0.064062 0.290741 1.000000
0 845 0.603906 0.588889 0.067187 0.294444 1.000000
0 846 0.604167 0.587963 0.068750 0.298148 1.000000
0 847 0.602604 0.588426 0.073958 0.299074 1.000000
0 848 0.599479 0.589352 0.082292 0.302778 1.000000
0 849 0.595833 0.588889 0.090625 0.303704 1.000000
0 850 0.603125 0.588426 0.077083 0.306481 1.000000
0 851 0.603125 0.588426 0.077083 0.308333 1.000000
0 852 0.603646 0.588426 0.090625 0.310185 1.000000
0 853 0.605469 0.587500 0.100521 0.312037 1.000000
0 854 0.615104 0.587500 0.101042 0.312037 1.000000
0 855 0.619271 0.587500 0.098958 0.310185 1.000000
0 856 0.628125 0.587963 0.077083 0.309259 1.000000
0 857 0.626302 0.587500 0.071354 0.310185 1.000000
0 858 0.621615 0.587963 0.059896 0.311111 1.000000
0 859 0.620573 0.587500 0.059896 0.312037 1.000000
0 860 0.620313 0.586574 0.059375 0.312037 1.000000
0 861 0.620313 0.587037 0.059375 0.312963 1.000000
0 862 0.620573 0.586111 0.059896 0.312963 1.000000
0 863 0.621094 0.585648 0.059896 0.312037 1.000000
0 864 0.621354 0.586574 0.060417 0.312037 1.000000
0 865 0.621615 0.586111 0.060937 0.311111 1.000000
0 866 0.621875 0.587037 0.061458 0.311111 1.000000
0 867 0.621354 0.587037 0.061458 0.311111 1.000000
0 868 0.621875 0.587500 0.062500 0.310185 1.000000
0 869 0.623698 0.587037 0.066146 0.309259 1.000000
0 870 0.618750 0.586574 0.070833 0.308333 1.000000
0 871 0.614844 0.587037 0.069271 0.309259 1.000000
0 872 0.610677 0.587037 0.067187 0.311111 1.000000
0 873 0.610156 0.587037 0.065104 0.311111 1.000000
0 874 0.610156 0.586111 0.064062 0.311111 1.000000
0 875 0.610417 0.586111 0.063542 0.311111 1.000000
0 876 0.608854 0.586574 0.067708 0.308333 1.000000
0 877 0.608333 0.587500 0.070833 0.308333 1.000000
0 878 0.609115 0.587500 0.072396 0.308333 1.000000
0 879 0.608854 0.587037 0.072917 0.307407 1.000000
0 880 0.611719 0.587500 0.075521 0.306481 1.000000
0 881 0.614062 0.588426 0.080208 0.306481 1.000000
0 882 0.617708 0.590278 0.088542 0.304630 1.000000
0 883 0.619271 0.590741 0.091667 0.303704 1.000000
0 884 0.620573 0.592130 0.095312 0.300926 1.000000
0 885 0.622917 0.592130 0.093750 0.299074 1.000000
0 886 0.625000 0.592593 0.089583 0.298148 1.000000
0 887 0.625000 0.593519 0.087500 0.296296 1.000000
0 888 0.626823 0.594907 0.082812 0.293519 1.000000
0 889 0.627604 0.595833 0.082292 0.293519 1.000000
0 890 0.629167 0.595833 0.078125 0.291667 1.000000
0 891 0.629687 0.595833 0.077083 0.289815 1.000000
0 892 0.630469 0.598148 0.078646 0.285185 1.000000
0 893 0.630469 0.599074 0.078646 0.285185 1.000000
0 894 0.629948 0.599537 0.078646 0.284259 1.000000
0 895 0.630208 0.601389 0.079167 0.280556 1.000000
0 896 0.629427 0.602315 0.078646 0.276852 1.000000
0 897 0.628906 0.604167 0.078646 0.273148 1.000000
0 898 0.628906 0.607407 0.076563 0.266667 1.000000
0 899 0.629167 0.607407 0.076042 0.266667 1.000000
0 900 0.627865 0.610648 0.074479 0.262037 1.000000
0 901 0.626823 0.606481 0.071354 0.268519 1.000000
0 902 0.621615 0.596296 0.060937 0.290741 1.000000
0 903 0.620573 0.592593 0.058854 0.298148 1.000000
0 904 0.621354 0.593519 0.060417 0.296296 1.000000
0 905 0.629167 0.590741 0.076042 0.300000 1.000000
0 906 0.633333 0.587500 0.085417 0.308333 1.000000
0 907 0.624219 0.585185 0.083854 0.312963 1.000000
0 908 0.619792 0.587963 0.069792 0.307407 1.000000
0 909 0.618750 0.589352 0.057292 0.302778 1.000000
0 910 0.619271 0.589352 0.056250 0.302778 1.000000
0 911 0.619010 0.588889 0.059896 0.303704 1.000000
0 912 0.619531 0.589815 0.063021 0.305556 1.000000
0 913 0.619531 0.589352 0.068229 0.306481 1.000000
0 914 0.619531 0.588889 0.068229 0.307407 1.000000
0 915 0.619010 0.587500 0.067187 0.308333 1.000000
0 916 0.618750 0.587037 0.065625 0.309259 1.000000
0 917 0.619531 0.586111 0.061979 0.309259 1.000000
0 918 0.620052 0.587037 0.060937 0.309259 1.000000
0 919 0.620313 0.586574 0.060417 0.310185 1.000000
0 920 0.620052 0.586574 0.059896 0.310185 1.000000
0 921 0.620052 0.586111 0.059896 0.311111 1.000000
0 922 0.620313 0.585648 0.059375 0.310185 1.000000
0 923 0.620313 0.585648 0.059375 0.310185 1.000000
0 924 0.620052 0.585648 0.058854 0.310185 1.000000
0 925 0.620313 0.585648 0.059375 0.310185 1.000000
0 926 0.619531 0.585185 0.058854 0.311111 1.000000
0 927 0.619531 0.585185 0.058854 0.311111 1.000000
0 928 0.619010 0.586111 0.057813 0.311111 1.000000
0 929 0.619010 0.585648 0.057813 0.310185 1.000000
0 930 0.619271 0.585648 0.057292 0.310185 1.000000
0 931 0.619010 0.586111 0.058854 0.311111 1.000000
0 932 0.619792 0.585185 0.060417 0.311111 1.000000
0 933 0.622135 0.585648 0.065104 0.312037 1.000000
0 934 0.623177 0.585648 0.069271 0.312037 1.000000
0 935 0.624479 0.586111 0.077083 0.311111 1.000000
0 936 0.622917 0.585648 0.079167 0.312037 1.000000
0 937 0.619531 0.587963 0.078646 0.305556 1.000000
0 938 0.626042 0.590278 0.069792 0.302778 1.000000
0 939 0.629687 0.592130 0.073958 0.299074 1.000000
0 940 0.631510 0.592130 0.078646 0.299074 1.000000
0 941 0.633854 0.590278 0.082292 0.302778 1.000000
0 942 0.633854 0.588889 0.081250 0.305556 1.000000
0 943 0.632292 0.588889 0.081250 0.307407 1.000000
0 944 0.629948 0.590741 0.085938 0.305556 1.000000
0 945 0.627865 0.595833 0.094271 0.295370 1.000000
0 946 0.626302 0.597222 0.094271 0.290741 1.000000
0 947 0.619531 0.599074 0.092188 0.287037 1.000000
0 948 0.615365 0.596296 0.095312 0.292593 1.000000
0 949 0.613281 0.592593 0.102604 0.300000 1.000000
0 950 0.628646 0.595370 0.073958 0.296296 1.000000
0 951 0.633333 0.599537 0.070833 0.286111 1.000000
0 952 0.633594 0.600926 0.073438 0.283333 1.000000
0 953 0.635417 0.603241 0.075000 0.280556 1.000000
0 954 0.635417 0.600926 0.073958 0.283333 1.000000
0 955 0.635938 0.600463 0.072917 0.284259 1.000000
0 956 0.635677 0.599537 0.071354 0.284259 1.000000
0 957 0.636198 0.600000 0.071354 0.285185 1.000000
0 958 0.636979 0.599537 0.071875 0.286111 1.000000
0 959 0.636979 0.600000 0.071875 0.283333 1.000000
0 960 0.637500 0.599074 0.071875 0.283333 1.000000
0 961 0.637760 0.599074 0.071354 0.287037 1.000000
0 962 0.638021 0.597685 0.070833 0.287963 1.000000
0 963 0.637240 0.598148 0.070312 0.288889 1.000000
0 964 0.636979 0.596759 0.068750 0.289815 1.000000
0 965 0.636458 0.595833 0.067708 0.291667 1.000000
0 966 0.635677 0.595833 0.067187 0.291667 1.000000
0 967 0.635417 0.595370 0.065625 0.294444 1.000000
0 968 0.635938 0.594444 0.066667 0.294444 1.000000
0 969 0.635677 0.594444 0.067187 0.296296 1.000000
0 970 0.635938 0.593981 0.067708 0.297222 1.000000
0 971 0.635677 0.592593 0.067187 0.298148 1.000000
0 972 0.635677 0.592130 0.067187 0.299074 1.000000
0 973 0.635677 0.591667 0.066146 0.301852 1.000000
0 974 0.636198 0.591204 0.065104 0.302778 1.000000
0 975 0.635938 0.590741 0.064583 0.303704 1.000000
0 976 0.636719 0.589815 0.065104 0.303704 1.000000
0 977 0.635938 0.589352 0.061458 0.304630 1.000000
0 978 0.636719 0.589352 0.060937 0.304630 1.000000
0 979 0.637240 0.590278 0.059896 0.306481 1.000000
0 980 0.637760 0.589815 0.058854 0.305556 1.000000
0 981 0.638542 0.589352 0.058333 0.306481 1.000000
0 982 0.638802 0.589352 0.057813 0.306481 1.000000
0 983 0.638802 0.589352 0.058854 0.306481 1.000000
0 984 0.639062 0.589352 0.059375 0.306481 1.000000
0 985 0.639062 0.588889 0.059375 0.307407 1.000000
0 986 0.639323 0.588426 0.058854 0.308333 1.000000
0 987 0.639844 0.587500 0.057813 0.310185 1.000000
0 988 0.640104 0.587037 0.058333 0.309259 1.000000
0 989 0.641146 0.587500 0.060417 0.310185 1.000000
0 990 0.641667 0.587500 0.061458 0.310185 1.000000
0 991 0.642708 0.586574 0.063542 0.310185 1.000000
0 992 0.644010 0.587037 0.065104 0.311111 1.000000
0 993 0.645312 0.587963 0.068750 0.309259 1.000000
0 994 0.646354 0.587963 0.069792 0.309259 1.000000
0 995 0.646354 0.588426 0.068750 0.312037 1.000000
0 996 0.646094 0.586574 0.068229 0.313889 1.000000
0 997 0.646094 0.586111 0.068229 0.314815 1.000000
0 998 0.645573 0.585648 0.067187 0.315741 1.000000
0 999 0.644792 0.586574 0.067708 0.313889 1.000000
0 1000 0.645052 0.588426 0.067187 0.310185 1.000000
0 1001 0.645573 0.591667 0.069271 0.303704 1.000000
0 1002 0.646615 0.591204 0.071354 0.304630 1.000000
0 1003 0.649479 0.585185 0.077083 0.316667 1.000000
0 1004 0.650260 0.585648 0.079687 0.315741 1.000000
0 1005 0.654948 0.587037 0.092188 0.314815 1.000000
0 1006 0.656250 0.589352 0.094792 0.308333 1.000000
0 1007 0.660937 0.598611 0.102083 0.289815 1.000000
0 1008 0.664323 0.602778 0.107813 0.281481 1.000000
0 1009 0.662240 0.623148 0.103646 0.240741 1.000000
0 1010 0.658854 0.634259 0.097917 0.220370 1.000000
0 1011 0.653385 0.651852 0.086979 0.183333 1.000000
0 1012 0.652865 0.660648 0.084896 0.165741 1.000000
0 1013 0.649479 0.664352 0.079167 0.160185 1.000000
0 1014 0.647656 0.661574 0.074479 0.162037 1.000000
0 1015 0.643490 0.648611 0.065104 0.187963 1.000000
0 1016 0.643229 0.633333 0.066667 0.218519 1.000000
0 1017 0.643490 0.630556 0.067187 0.225926 1.000000
0 1018 0.643490 0.626852 0.067187 0.235185 1.000000
0 1019 0.643750 0.608796 0.066667 0.269444 1.000000
0 1020 0.643750 0.602778 0.066667 0.277778 1.000000
0 1021 0.645573 0.594907 0.070312 0.293519 1.000000
0 1022 0.645573 0.593981 0.071354 0.299074 1.000000
0 1023 0.645312 0.593519 0.071875 0.300000 1.000000
0 1024 0.645312 0.592593 0.072917 0.300000 1.000000
0 1025 0.645052 0.591667 0.073438 0.301852 1.000000
0 1026 0.644792 0.589815 0.073958 0.303704 1.000000
0 1027 0.644010 0.591204 0.080729 0.297222 1.000000
0 1028 0.645573 0.596296 0.085938 0.292593 1.000000
0 1029 0.646094 0.609259 0.088021 0.268519 1.000000
0 1030 0.646094 0.616667 0.088021 0.253704 1.000000
0 1031 0.645312 0.630556 0.086458 0.224074 1.000000
0 1032 0.645052 0.638426 0.085938 0.210185 1.000000
0 1033 0.651823 0.650463 0.099479 0.186111 1.000000
0 1034 0.661719 0.653241 0.120313 0.182407 1.000000
0 1035 0.662240 0.654167 0.116146 0.178704 1.000000
0 1036 0.652604 0.648611 0.094792 0.187963 1.000000
0 1037 0.660156 0.652778 0.113021 0.183333 1.000000
0 1038 0.659115 0.651389 0.110937 0.184259 1.000000
0 1039 0.652604 0.650000 0.087500 0.190741 1.000000
0 1040 0.657031 0.646759 0.083854 0.199074 1.000000
0 1041 0.681510 0.643981 0.110937 0.206481 1.000000
0 1042 0.682031 0.641204 0.108854 0.199074 1.000000
0 1043 0.689063 0.643519 0.134375 0.194444 1.000000
0 1044 0.687760 0.646759 0.138021 0.191667 1.000000
0 1045 0.677865 0.651389 0.141146 0.180556 1.000000
0 1046 0.671615 0.655093 0.140104 0.173148 1.000000
0 1047 0.661719 0.660185 0.135937 0.155556 1.000000
0 1048 0.657813 0.664815 0.133333 0.148148 1.000000
0 1049 0.656510 0.677315 0.135937 0.126852 1.000000
0 1050 0.655990 0.684722 0.139063 0.113889 1.000000
0 1051 0.658594 0.682870 0.131771 0.108333 1.000000
0 1052 0.658073 0.684722 0.131771 0.108333 1.000000
0 1053 0.659635 0.683796 0.131771 0.108333 1.000000
0 1054 0.660677 0.682870 0.128646 0.110185 1.000000
0 1055 0.660937 0.683796 0.129167 0.108333 1.000000
0 1056 0.661198 0.682870 0.129688 0.110185 1.000000
0 1057 0.660677 0.675463 0.133854 0.125000 1.000000
0 1058 0.661198 0.672222 0.134896 0.129630 1.000000
0 1059 0.661198 0.667130 0.134896 0.141667 1.000000
0 1060 0.660417 0.665278 0.134375 0.143519 1.000000
0 1061 0.661198 0.666204 0.132812 0.143519 1.000000
0 1062 0.661198 0.667130 0.132812 0.141667 1.000000
0 1063 0.661979 0.668519 0.133333 0.138889 1.000000
0 1064 0.661198 0.670370 0.132812 0.137037 1.000000
0 1065 0.660677 0.674074 0.133854 0.127778 1.000000
0 1066 0.660417 0.674074 0.133333 0.125926 1.000000
0 1067 0.660156 0.676389 0.131771 0.121296 1.000000
0 1068 0.659635 0.675463 0.130729 0.121296 1.000000
0 1069 0.658594 0.675463 0.130729 0.121296 1.000000
0 1070 0.657031 0.674074 0.129688 0.120370 1.000000
0 1071 0.655990 0.673148 0.129688 0.118519 1.000000
0 1072 0.655990 0.672685 0.129688 0.117593 1.000000
0 1073 0.656771 0.664815 0.127083 0.129630 1.000000
0 1074 0.657031 0.661574 0.124479 0.134259 1.000000
0 1075 0.656250 0.660185 0.122917 0.135185 1.000000
0 1076 0.656250 0.658333 0.121875 0.133333 1.000000
0 1077 0.655469 0.659722 0.121354 0.128704 1.000000
0 1078 0.654167 0.660648 0.121875 0.125000 1.000000
0 1079 0.653385 0.661111 0.122396 0.120370 1.000000
0 1080 0.652865 0.659722 0.120313 0.119444 1.000000
0 1081 0.653125 0.659722 0.118750 0.117593 1.000000
0 1082 0.652865 0.659259 0.118229 0.118519 1.000000
0 1083 0.652344 0.658333 0.119271 0.118519 1.000000
0 1084 0.651823 0.658796 0.119271 0.117593 1.000000
0 1085 0.652604 0.654630 0.116667 0.122222 1.000000
0 1086 0.652604 0.652778 0.116667 0.125926 1.000000
0 1087 0.652083 0.652315 0.115625 0.125000 1.000000
0 1088 0.651563 0.651389 0.114583 0.123148 1.000000
0 1089 0.651302 0.653241 0.114062 0.121296 1.000000
0 1090 0.650521 0.653241 0.112500 0.121296 1.000000
0 1091 0.646875 0.652315 0.106250 0.119444 1.000000
0 1092 0.642969 0.650463 0.099479 0.121296 1.000000
0 1093 0.647396 0.645833 0.091667 0.130556 1.000000
0 1094 0.648438 0.641667 0.089583 0.137037 1.000000
0 1095 0.650781 0.630093 0.089063 0.160185 1.000000
0 1096 0.651823 0.625463 0.088021 0.171296 1.000000
0 1097 0.652083 0.615278 0.087500 0.186111 1.000000
0 1098 0.649479 0.611574 0.087500 0.191667 1.000000
0 1099 0.641406 0.596759 0.091146 0.223148 1.000000
0 1100 0.640885 0.589815 0.094271 0.235185 1.000000
0 1101 0.645052 0.579630 0.098437 0.255556 1.000000
0 1102 0.647396 0.578704 0.095833 0.255556 1.000000
0 1103 0.654167 0.584722 0.091667 0.243519 1.000000
0 1104 0.659115 0.590278 0.105729 0.232407 1.000000
0 1105 0.669271 0.610648 0.122917 0.191667 1.000000
0 1106 0.672396 0.614815 0.129167 0.181481 1.000000
0 1107 0.675781 0.621296 0.125521 0.168519 1.000000
0 1108 0.679948 0.623611 0.116146 0.165741 1.000000
0 1109 0.688802 0.627778 0.090104 0.155556 1.000000
0 1110 0.687240 0.629630 0.085938 0.148148 1.000000
0 1111 0.685156 0.630556 0.078646 0.137037 1.000000
0 1112 0.681250 0.632407 0.085417 0.135185 1.000000
0 1113 0.677865 0.635648 0.092188 0.130556 1.000000
0 1114 0.676302 0.637037 0.089063 0.125926 1.000000
0 1115 0.677083 0.639815 0.081250 0.124074 1.000000
0 1116 0.681771 0.640278 0.082292 0.119444 1.000000
0 1117 0.685677 0.641667 0.075521 0.124074 1.000000
0 1118 0.687500 0.641204 0.070833 0.121296 1.000000
0 1119 0.685156 0.638889 0.073438 0.122222 1.000000
0 1120 0.683854 0.637963 0.076042 0.120370 1.000000
0 1121 0.682031 0.633796 0.079687 0.128704 1.000000
0 1122 0.679948 0.629167 0.073438 0.134259 1.000000
0 1123 0.684115 0.622222 0.084896 0.140741 1.000000
0 1124 0.687240 0.621296 0.095312 0.144444 1.000000
0 1125 0.680469 0.616204 0.115104 0.152778 1.000000
0 1126 0.673177 0.600463 0.127604 0.182407 1.000000
0 1127 0.663542 0.581944 0.127083 0.221296 1.000000
0 1128 0.659635 0.574074 0.120313 0.235185 1.000000
0 1129 0.656250 0.562500 0.105208 0.254630 1.000000
0 1130 0.657552 0.555556 0.101562 0.238889 1.000000
0 1131 0.653385 0.569444 0.107813 0.229630 1.000000
0 1132 0.650260 0.579167 0.110937 0.206481 1.000000
0 1133 0.645833 0.588889 0.114583 0.166667 1.000000
0 1134 0.645573 0.573611 0.113021 0.175000 1.000000
0 1135 0.645052 0.543981 0.106771 0.180556 1.000000
0 1136 0.646615 0.550000 0.101562 0.209259 1.000000
0 1137 0.646354 0.561111 0.095833 0.224074 1.000000
0 1138 0.643229 0.570370 0.098958 0.216667 1.000000
0 1139 0.640104 0.583333 0.095833 0.194444 1.000000
0 1140 0.637500 0.593981 0.092708 0.178704 1.000000
0 1141 0.633854 0.620370 0.088542 0.122222 1.000000
0 1145 0.627604 0.640278 0.066667 0.080556 1.000000
0 1146 0.626302 0.643981 0.070312 0.071296 1.000000
0 1147 0.625000 0.641667 0.075000 0.075926 1.000000
0 1148 0.623698 0.641204 0.079687 0.078704 1.000000
0 1149 0.619010 0.638889 0.090104 0.085185 1.000000
0 1150 0.616146 0.637037 0.097917 0.087037 1.000000
0 1151 0.611979 0.634722 0.108333 0.091667 1.000000
0 1152 0.608073 0.631944 0.117188 0.093519 1.000000
0 1153 0.610938 0.631481 0.106250 0.101852 1.000000
0 1154 0.615365 0.630556 0.093229 0.107407 1.000000
0 1155 0.627344 0.623148 0.064062 0.131481 1.000000
0 1156 0.626823 0.618519 0.053646 0.125926 1.000000
0 1157 0.636719 0.616667 0.052604 0.118519 1.000000
0 1158 0.642448 0.618519 0.059896 0.122222 1.000000
0 1159 0.639062 0.627315 0.085417 0.126852 1.000000
0 1160 0.639583 0.628704 0.096875 0.125926 1.000000
0 1161 0.641927 0.631019 0.108854 0.115741 1.000000
0 1162 0.646094 0.632407 0.117188 0.112963 1.000000
0 1163 0.648698 0.637037 0.120313 0.103704 1.000000
0 1164 0.651302 0.639352 0.121354 0.097222 1.000000
0 1165 0.660677 0.644907 0.140104 0.091667 1.000000
0 1166 0.660677 0.649074 0.140104 0.085185 1.000000
0 1167 0.664844 0.653704 0.147396 0.075926 1.000000
0 1168 0.666927 0.656019 0.148438 0.073148 1.000000
0 1169 0.670312 0.657407 0.145833 0.074074 1.000000
0 1170 0.670573 0.656019 0.146354 0.078704 1.000000
0 1171 0.669531 0.645833 0.145313 0.100926 1.000000
0 1172 0.669271 0.640741 0.143750 0.111111 1.000000
0 1173 0.665104 0.629167 0.132292 0.134259 1.000000
0 1174 0.660156 0.623611 0.121354 0.147222 1.000000
0 1175 0.652604 0.618981 0.116667 0.165741 1.000000
0 1176 0.640365 0.615278 0.120313 0.169444 1.000000
0 1177 0.626823 0.611574 0.132812 0.169444 1.000000
0 1178 0.619792 0.612963 0.132292 0.172222 1.000000
0 1179 0.612760 0.619444 0.132812 0.172222 1.000000
0 1180 0.610677 0.622222 0.134896 0.168519 1.000000
0 1181 0.612500 0.629630 0.136458 0.157407 1.000000
0 1182 0.613542 0.636111 0.137500 0.146296 1.000000
0 1183 0.619531 0.644907 0.135937 0.128704 1.000000
0 1184 0.620313 0.650000 0.134375 0.118519 1.000000
0 1185 0.619010 0.654630 0.130729 0.109259 1.000000
0 1186 0.616406 0.656944 0.123438 0.106481 1.000000
0 1187 0.606510 0.653704 0.133854 0.109259 1.000000
0 1188 0.599740 0.650000 0.135937 0.120370 1.000000
0 1189 0.591667 0.642593 0.141667 0.133333 1.000000
0 1190 0.588021 0.639352 0.137500 0.139815 1.000000
0 1191 0.580990 0.637500 0.141146 0.150926 1.000000
0 1192 0.576302 0.634259 0.140104 0.150000 1.000000
0 1193 0.571094 0.635185 0.139063 0.148148 1.000000
0 1194 0.573698 0.636574 0.149479 0.139815 1.000000
0 1195 0.590365 0.643056 0.130729 0.132407 1.000000
0 1196 0.590365 0.645833 0.138021 0.125000 1.000000
0 1197 0.587500 0.657870 0.150000 0.108333 1.000000
0 1198 0.587760 0.662037 0.154688 0.094444 1.000000
0 1199 0.587240 0.663889 0.156771 0.094444 1.000000
0 1200 0.585417 0.663426 0.155208 0.093519 1.000000
0 1201 0.579167 0.658796 0.142708 0.099074 1.000000
0 1202 0.576042 0.656481 0.137500 0.105556 1.000000
0 1203 0.552865 0.651852 0.165104 0.116667 1.000000
0 1204 0.548177 0.649074 0.160938 0.122222 1.000000
0 1205 0.539583 0.648148 0.165625 0.125926 1.000000
0 1206 0.536458 0.647222 0.158333 0.127778 1.000000
0 1207 0.529167 0.647685 0.140625 0.125000 1.000000
0 1208 0.523698 0.648611 0.131771 0.123148 1.000000
0 1209 0.518229 0.652778 0.121875 0.107407 1.000000
0 1210 0.512760 0.656481 0.110937 0.100000 1.000000
0 1211 0.514062 0.666667 0.112500 0.081481 1.000000
0 1212 0.514323 0.665278 0.113021 0.082407 1.000000
0 1213 0.515104 0.662500 0.114583 0.086111 1.000000
0 1214 0.516667 0.660185 0.117708 0.088889 1.000000
0 1215 0.520573 0.656019 0.117188 0.106481 1.000000
0 1216 0.524219 0.656944 0.104688 0.117593 1.000000
0 1217 0.525781 0.647222 0.100521 0.112963 1.000000
0 1218 0.526823 0.645833 0.097396 0.115741 1.000000
0 1219 0.525000 0.650463 0.098958 0.128704 1.000000
0 1220 0.524219 0.649537 0.099479 0.126852 1.000000
0 1221 0.525260 0.647222 0.107813 0.118519 1.000000
0 1222 0.526823 0.646759 0.110937 0.110185 1.000000
0 1223 0.528906 0.650463 0.109896 0.100926 1.000000
0 1224 0.527604 0.638426 0.107292 0.110185 1.000000
0 1225 0.522396 0.632870 0.111458 0.126852 1.000000
0 1226 0.519010 0.627315 0.113021 0.134259 1.000000
0 1227 0.517188 0.625463 0.119792 0.132407 1.000000
0 1228 0.514323 0.627315 0.119271 0.128704 1.000000
0 1229 0.503646 0.628704 0.127083 0.124074 1.000000
0 1230 0.498177 0.627778 0.130729 0.124074 1.000000
0 1231 0.497135 0.627778 0.125521 0.125926 1.000000
0 1232 0.501302 0.628704 0.118229 0.127778 1.000000
0 1233 0.508854 0.633796 0.116667 0.113889 1.000000
0 1234 0.513542 0.638426 0.116667 0.106481 1.000000
0 1235 0.518490 0.642593 0.125521 0.096296 1.000000
0 1236 0.521875 0.646296 0.122917 0.088889 1.000000
0 1237 0.519271 0.658333 0.102083 0.077778 1.000000
0 1238 0.523698 0.654167 0.101562 0.073148 1.000000
0 1239 0.527083 0.650000 0.103125 0.077778 1.000000
0 1240 0.530729 0.645370 0.107292 0.088889 1.000000
0 1241 0.530469 0.643056 0.105729 0.093519 1.000000
0 1242 0.528906 0.638889 0.096354 0.098148 1.000000
0 1243 0.528125 0.637963 0.097917 0.098148 1.000000
0 1244 0.527865 0.636111 0.104688 0.103704 1.000000
0 1245 0.528646 0.637037 0.106250 0.103704 1.000000
0 1246 0.526042 0.633333 0.114583 0.101852 1.000000
0 1247 0.529687 0.632870 0.110417 0.102778 1.000000
0 1248 0.529948 0.632870 0.114062 0.104630 1.000000
0 1249 0.530729 0.633333 0.116667 0.103704 1.000000
0 1250 0.530990 0.632870 0.118229 0.102778 1.000000
0 1251 0.531250 0.632870 0.119792 0.104630 1.000000
0 1252 0.531771 0.631944 0.120833 0.106481 1.000000
0 1253 0.532552 0.632407 0.121354 0.107407 1.000000
0 1254 0.534115 0.631019 0.120313 0.108333 1.000000
0 1255 0.534115 0.631019 0.118229 0.108333 1.000000
0 1256 0.534115 0.631481 0.116146 0.109259 1.000000
0 1257 0.534115 0.632870 0.115104 0.108333 1.000000
0 1258 0.534896 0.633333 0.118750 0.107407 1.000000
0 1259 0.535417 0.632870 0.121875 0.108333 1.000000
0 1260 0.530990 0.627315 0.116146 0.115741 1.000000
0 1261 0.529167 0.625463 0.113542 0.119444 1.000000
0 1262 0.529687 0.623611 0.112500 0.123148 1.000000
0 1263 0.516406 0.623148 0.085938 0.125926 1.000000
0 1264 0.505990 0.622685 0.065104 0.125000 1.000000
0 1265 0.505729 0.624537 0.064583 0.121296 1.000000
0 1266 0.503646 0.626852 0.063542 0.116667 1.000000
0 1267 0.493490 0.628704 0.086979 0.112963 1.000000
0 1268 0.478385 0.626389 0.080729 0.117593 1.000000
0 1269 0.475521 0.626389 0.084375 0.117593 1.000000
0 1270 0.470313 0.624074 0.095833 0.122222 1.000000
0 1271 0.465885 0.623611 0.102604 0.123148 1.000000
0 1272 0.465365 0.625463 0.105729 0.119444 1.000000
0 1273 0.465885 0.625000 0.108854 0.120370 1.000000
0 1274 0.463281 0.624537 0.106771 0.121296 1.000000
0 1275 0.463021 0.624074 0.106250 0.120370 1.000000
0 1276 0.466927 0.623611 0.115104 0.119444 1.000000
0 1277 0.465885 0.623611 0.114062 0.121296 1.000000
0 1278 0.466406 0.624537 0.115104 0.119444 1.000000
0 1279 0.466927 0.625463 0.115104 0.119444 1.000000
0 1280 0.467448 0.629630 0.115104 0.118519 1.000000
0 1281 0.466146 0.630093 0.112500 0.112037 1.000000
0 1282 0.456250 0.632407 0.091667 0.101852 1.000000
0 1283 0.455729 0.634722 0.090625 0.097222 1.000000
0 1284 0.455208 0.638426 0.091667 0.089815 1.000000
0 1285 0.453646 0.641204 0.091667 0.084259 1.000000
0 1286 0.452083 0.646296 0.092708 0.074074 1.000000
0 1287 0.451302 0.648148 0.094271 0.068519 1.000000
0 1288 0.449740 0.649074 0.095312 0.068519 1.000000
0 1289 0.450781 0.647685 0.092188 0.069444 1.000000
0 1290 0.452344 0.644444 0.092188 0.074074 1.000000
0 1291 0.452604 0.643056 0.092708 0.080556 1.000000
0 1292 0.453646 0.632407 0.092708 0.098148 1.000000
0 1293 0.454167 0.626389 0.092708 0.108333 1.000000
0 1294 0.458333 0.622685 0.098958 0.121296 1.000000
0 1295 0.462760 0.622685 0.102604 0.121296 1.000000
0 1296 0.471615 0.625926 0.108854 0.114815 1.000000
0 1297 0.476823 0.630093 0.110937 0.108333 1.000000
0 1298 0.490885 0.634259 0.108854 0.098148 1.000000
0 1299 0.503125 0.637037 0.097917 0.090741 1.000000
0 1300 0.508594 0.631019 0.107813 0.106481 1.000000
0 1301 0.522135 0.620833 0.085938 0.128704 1.000000
0 1302 0.538021 0.618519 0.068750 0.131481 1.000000
0 1303 0.539062 0.616204 0.078125 0.132407 1.000000
0 1304 0.554427 0.619444 0.093229 0.131481 1.000000
0 1305 0.559115 0.625463 0.097396 0.121296 1.000000
0 1306 0.572656 0.634259 0.088021 0.101852 1.000000
0 1307 0.578385 0.639815 0.086979 0.092593 1.000000
0 1308 0.588021 0.641204 0.086458 0.099074 1.000000
0 1309 0.592969 0.641204 0.085938 0.099074 1.000000
0 1310 0.596875 0.640741 0.086458 0.098148 1.000000
0 1311 0.598698 0.641667 0.088021 0.096296 1.000000
0 1312 0.600521 0.641667 0.085417 0.096296 1.000000
0 1313 0.601302 0.643056 0.084896 0.095370 1.000000
0 1314 0.607552 0.644444 0.077604 0.090741 1.000000
0 1315 0.610677 0.646759 0.073438 0.086111 1.000000
0 1316 0.611719 0.647222 0.072396 0.083333 1.000000
0 1317 0.612760 0.645833 0.070312 0.086111 1.000000
0 1318 0.615104 0.641667 0.067708 0.094444 1.000000
0 1319 0.616927 0.639352 0.067187 0.099074 1.000000
0 1320 0.620573 0.635648 0.066146 0.106481 1.000000
0 1321 0.621094 0.633333 0.066146 0.105556 1.000000
0 1322 0.623698 0.632870 0.069271 0.106481 1.000000
0 1323 0.623698 0.632870 0.072396 0.104630 1.000000
0 1324 0.625000 0.633333 0.076042 0.103704 1.000000
0 1325 0.628646 0.632407 0.070833 0.105556 1.000000
0 1326 0.629948 0.628241 0.069271 0.112037 1.000000
0 1327 0.629427 0.623148 0.069271 0.118519 1.000000
0 1328 0.627083 0.615278 0.066667 0.132407 1.000000
0 1329 0.625781 0.611111 0.065104 0.138889 1.000000
0 1330 0.625260 0.599537 0.064062 0.160185 1.000000
0 1331 0.627604 0.596296 0.060417 0.168519 1.000000
0 1332 0.624740 0.592130 0.049479 0.175000 1.000000
0 1333 0.625000 0.589815 0.047917 0.175926 1.000000
0 1334 0.626823 0.587037 0.050521 0.175926 1.000000
0 1335 0.628385 0.588889 0.057813 0.174074 1.000000
0 1336 0.625781 0.594444 0.063021 0.164815 1.000000
0 1337 0.624740 0.599537 0.064062 0.160185 1.000000
0 1338 0.621354 0.610648 0.068750 0.137963 1.000000
0 1339 0.620052 0.615278 0.071354 0.126852 1.000000
0 1340 0.615104 0.622685 0.073958 0.113889 1.000000
0 1341 0.613021 0.622685 0.073958 0.113889 1.000000
0 1342 0.609635 0.621296 0.072396 0.114815 1.000000
0 1343 0.608333 0.619444 0.072917 0.116667 1.000000
0 1344 0.605469 0.615278 0.072396 0.121296 1.000000
0 1345 0.603385 0.612037 0.071354 0.129630 1.000000
0 1346 0.603125 0.605556 0.073958 0.146296 1.000000
0 1347 0.604167 0.596296 0.073958 0.161111 1.000000
0 1348 0.609896 0.585185 0.079167 0.181481 1.000000
0 1349 0.614844 0.578704 0.083854 0.194444 1.000000
0 1350 0.619531 0.567130 0.076563 0.215741 1.000000
0 1351 0.621094 0.564352 0.075521 0.221296 1.000000
0 1352 0.619271 0.561574 0.069792 0.226852 1.000000
0 1353 0.616667 0.558333 0.066667 0.233333 1.000000
0 1354 0.611979 0.553241 0.059375 0.245370 1.000000
0 1355 0.609375 0.552778 0.056250 0.244444 1.000000
0 1356 0.607292 0.554167 0.056250 0.241667 1.000000
0 1357 0.604948 0.556481 0.056771 0.237037 1.000000
0 1358 0.599740 0.564352 0.047396 0.221296 1.000000
0 1359 0.598437 0.565278 0.045833 0.219444 1.000000
0 1360 0.595052 0.568519 0.043229 0.211111 1.000000
0 1361 0.593229 0.571759 0.045833 0.204630 1.000000
0 1362 0.591146 0.581481 0.047917 0.185185 1.000000
0 1363 0.589583 0.592130 0.051042 0.167593 1.000000
0 1364 0.588281 0.604630 0.054688 0.140741 1.000000
0 1365 0.585156 0.609259 0.063021 0.133333 1.000000
0 1366 0.582812 0.614352 0.066667 0.123148 1.000000
0 1367 0.582031 0.614352 0.067187 0.121296 1.000000
0 1368 0.581510 0.613426 0.066146 0.123148 1.000000
0 1369 0.580990 0.612037 0.065104 0.124074 1.000000
0 1370 0.581771 0.606944 0.061458 0.134259 1.000000
0 1371 0.581510 0.601852 0.056771 0.140741 1.000000
0 1372 0.581510 0.593519 0.051562 0.161111 1.000000
0 1373 0.584896 0.587963 0.045833 0.170370 1.000000
0 1374 0.588281 0.569444 0.051562 0.209259 1.000000
0 1375 0.589063 0.561574 0.051042 0.223148 1.000000
0 1376 0.585677 0.552778 0.050521 0.238889 1.000000
0 1377 0.583854 0.556019 0.053125 0.230556 1.000000
0 1378 0.582552 0.565278 0.057813 0.213889 1.000000
0 1379 0.581771 0.568056 0.081250 0.210185 1.000000
0 1380 0.584115 0.570833 0.105729 0.204630 1.000000
0 1381 0.585938 0.570833 0.110417 0.204630 1.000000
0 1382 0.589844 0.571759 0.111979 0.204630 1.000000
0 1383 0.591146 0.570833 0.114583 0.204630 1.000000
0 1384 0.593229 0.567593 0.104167 0.211111 1.000000
0 1385 0.595573 0.566667 0.094271 0.212963 1.000000
0 1386 0.598177 0.567593 0.084896 0.211111 1.000000
0 1387 0.607031 0.568056 0.073438 0.215741 1.000000
0 1388 0.617448 0.568519 0.083854 0.209259 1.000000
0 1389 0.624219 0.568981 0.091146 0.208333 1.000000
0 1390 0.630469 0.573148 0.103646 0.209259 1.000000
0 1391 0.628906 0.574074 0.105729 0.211111 1.000000
0 1392 0.624479 0.572685 0.085417 0.210185 1.000000
0 1393 0.625781 0.573611 0.058854 0.208333 1.000000
0 1394 0.653646 0.573611 0.078125 0.206481 1.000000
0 1395 0.659375 0.573611 0.091667 0.208333 1.000000
0 1396 0.648177 0.571759 0.081771 0.210185 1.000000
0 1397 0.644531 0.571296 0.059896 0.211111 1.000000
0 1398 0.645833 0.568519 0.059375 0.212963 1.000000
0 1399 0.646094 0.569444 0.065104 0.212963 1.000000
0 1400 0.648698 0.567130 0.061979 0.213889 1.000000
0 1401 0.659896 0.566667 0.038542 0.216667 1.000000
0 1402 0.683854 0.561574 0.078125 0.226852 1.000000
0 1403 0.689323 0.556481 0.085938 0.233333 1.000000
0 1404 0.692708 0.545833 0.096875 0.225000 1.000000
0 1405 0.685677 0.531944 0.106771 0.206481 1.000000
0 1406 0.675260 0.502315 0.108854 0.158333 1.000000
0 1407 0.670052 0.497222 0.100521 0.159259 1.000000
0 1408 0.667448 0.512500 0.070312 0.200926 1.000000
0 1409 0.669271 0.524537 0.051042 0.217593 1.000000
0 1410 0.675781 0.550000 0.058854 0.224074 1.000000
0 1411 0.678125 0.560648 0.060417 0.225000 1.000000
0 1412 0.683073 0.569444 0.060937 0.209259 1.000000
0 1413 0.682552 0.576389 0.073438 0.197222 1.000000
0 1414 0.673177 0.587963 0.090104 0.172222 1.000000
0 1415 0.666927 0.593056 0.093229 0.160185 1.000000
0 1416 0.667708 0.603241 0.083333 0.143519 1.000000
0 1417 0.670573 0.610648 0.073438 0.136111 1.000000
0 1418 0.683333 0.616204 0.098958 0.126852 1.000000
0 1419 0.694531 0.623148 0.106771 0.114815 1.000000
0 1420 0.710156 0.625463 0.084896 0.110185 1.000000
0 1421 0.705990 0.625000 0.071354 0.111111 1.000000
0 1422 0.704427 0.623611 0.063021 0.115741 1.000000
0 1423 0.708333 0.624074 0.072917 0.114815 1.000000
0 1424 0.712500 0.626852 0.083333 0.111111 1.000000
0 1425 0.715885 0.625463 0.086979 0.110185 1.000000
0 1426 0.722396 0.625463 0.080208 0.112037 1.000000
0 1427 0.727604 0.624537 0.070833 0.115741 1.000000
0 1428 0.744010 0.624074 0.075521 0.114815 1.000000
0 1429 0.751042 0.624537 0.089583 0.113889 1.000000
0 1430 0.757812 0.622222 0.102083 0.118519 1.000000
0 1431 0.752865 0.619907 0.092188 0.125000 1.000000
0 1432 0.756250 0.612500 0.088542 0.141667 1.000000
0 1433 0.760938 0.609259 0.083333 0.146296 1.000000
0 1434 0.766667 0.600463 0.072917 0.160185 1.000000
0 1435 0.767448 0.598611 0.068229 0.165741 1.000000
0 1436 0.767188 0.593056 0.064583 0.180556 1.000000
0 1437 0.765885 0.587963 0.065104 0.179630 1.000000
0 1438 0.761198 0.582407 0.070312 0.190741 1.000000
0 1439 0.759375 0.579167 0.073958 0.195370 1.000000
0 1440 0.756771 0.575926 0.078125 0.200000 1.000000
0 1441 0.754427 0.571296 0.082812 0.207407 1.000000
0 1442 0.750521 0.567130 0.086458 0.217593 1.000000
0 1443 0.745833 0.567593 0.089583 0.222222 1.000000
0 1444 0.734375 0.568056 0.094792 0.223148 1.000000
0 1445 0.722135 0.568519 0.098437 0.224074 1.000000
0 1446 0.710938 0.567593 0.093750 0.225926 1.000000
0 1447 0.708333 0.568519 0.091667 0.229630 1.000000
0 1448 0.702083 0.566204 0.083333 0.230556 1.000000
0 1449 0.707031 0.565278 0.069271 0.228704 1.000000
0 1450 0.717187 0.564815 0.053125 0.225926 1.000000
0 1451 0.715365 0.566667 0.060937 0.229630 1.000000
0 1452 0.709635 0.569444 0.059896 0.222222 1.000000
0 1453 0.704948 0.573148 0.055729 0.214815 1.000000
0 1454 0.699219 0.570370 0.058854 0.218519 1.000000
0 1455 0.691406 0.568981 0.058854 0.223148 1.000000
0 1456 0.677865 0.566204 0.057813 0.228704 1.000000
0 1457 0.674479 0.566204 0.062500 0.228704 1.000000
0 1458 0.664583 0.568981 0.081250 0.223148 1.000000
0 1459 0.660417 0.572222 0.088542 0.218519 1.000000
0 1460 0.653906 0.571296 0.090104 0.216667 1.000000
0 1461 0.648177 0.573611 0.090104 0.223148 1.000000
0 1462 0.642188 0.568519 0.077083 0.220370 1.000000
0 1463 0.639844 0.559722 0.065104 0.237963 1.000000
0 1464 0.643750 0.567130 0.064583 0.212037 1.000000
0 1465 0.642708 0.570370 0.064583 0.207407 1.000000
0 1466 0.637500 0.574074 0.065625 0.205556 1.000000
0 1467 0.635677 0.577315 0.069271 0.202778 1.000000
0 1468 0.635938 0.576389 0.087500 0.204630 1.000000
0 1469 0.632292 0.575463 0.097917 0.206481 1.000000
0 1470 0.615365 0.571759 0.086979 0.213889 1.000000
0 1471 0.609115 0.570370 0.078646 0.214815 1.000000
0 1472 0.602083 0.570833 0.068750 0.212037 1.000000
0 1473 0.598437 0.571296 0.062500 0.209259 1.000000
0 1474 0.581250 0.573148 0.052083 0.207407 1.000000
0 1475 0.577865 0.572685 0.046354 0.208333 1.000000
0 1476 0.575521 0.569444 0.039583 0.214815 1.000000
0 1477 0.577604 0.571759 0.040625 0.221296 1.000000
0 1478 0.574479 0.574074 0.039583 0.220370 1.000000
0 1479 0.574479 0.574074 0.046875 0.218519 1.000000
0 1480 0.573177 0.574074 0.052604 0.218519 1.000000
0 1481 0.570833 0.573611 0.051042 0.219444 1.000000
0 1482 0.563021 0.566204 0.048958 0.219444 1.000000
0 1483 0.556510 0.538889 0.041146 0.233333 1.000000
