0 1 0.371094 0.599074 0.102604 0.309259 1.000000
0 2 0.370833 0.597685 0.101042 0.308333 1.000000
0 3 0.371094 0.598611 0.097396 0.306481 1.000000
0 4 0.370833 0.599074 0.098958 0.305556 1.000000
0 5 0.370573 0.598611 0.099479 0.304630 1.000000
0 6 0.370312 0.599537 0.100000 0.304630 1.000000
0 7 0.370052 0.598611 0.100521 0.302778 1.000000
0 8 0.369531 0.599074 0.102604 0.301852 1.000000
0 9 0.368229 0.598611 0.104167 0.300926 1.000000
0 10 0.366667 0.598148 0.107292 0.300000 1.000000
0 11 0.366146 0.598148 0.106250 0.300000 1.000000
0 12 0.364583 0.595833 0.104167 0.300926 1.000000
0 13 0.363542 0.595370 0.102083 0.301852 1.000000
0 14 0.362500 0.594444 0.097917 0.301852 1.000000
0 15 0.362240 0.593519 0.096354 0.301852 1.000000
0 16 0.360938 0.592593 0.092708 0.301852 1.000000
0 17 0.359896 0.592593 0.090625 0.301852 1.000000
0 18 0.358594 0.593056 0.088021 0.302778 1.000000
0 19 0.358333 0.591667 0.086458 0.303704 1.000000
0 20 0.356771 0.591204 0.083333 0.304630 1.000000
0 21 0.356250 0.591204 0.081250 0.304630 1.000000
0 22 0.354427 0.591204 0.077604 0.304630 1.000000
0 23 0.353906 0.591667 0.075521 0.303704 1.000000
0 24 0.348698 0.591667 0.081771 0.303704 1.000000
0 25 0.347135 0.591204 0.081771 0.302778 1.000000
0 26 0.346094 0.591667 0.081771 0.303704 1.000000
0 27 0.346094 0.592593 0.081771 0.301852 1.000000
0 28 0.344792 0.592130 0.079167 0.302778 1.000000
0 29 0.343490 0.592130 0.076563 0.302778 1.000000
0 30 0.344271 0.593056 0.075000 0.302778 1.000000
0 31 0.343490 0.591667 0.074479 0.303704 1.000000
0 32 0.343229 0.591667 0.073958 0.303704 1.000000
0 33 0.343229 0.592130 0.073958 0.304630 1.000000
0 34 0.341927 0.592593 0.075521 0.303704 1.000000
0 35 0.341146 0.593056 0.075000 0.302778 1.000000
0 36 0.339323 0.592593 0.075521 0.303704 1.000000
0 37 0.338021 0.591667 0.076042 0.305556 1.000000
0 38 0.335938 0.591667 0.077083 0.305556 1.000000
0 39 0.333594 0.591204 0.075521 0.306481 1.000000
0 40 0.329427 0.591204 0.071354 0.306481 1.000000
0 41 0.327083 0.591204 0.069792 0.306481 1.000000
0 42 0.327344 0.590741 0.074479 0.307407 1.000000
0 43 0.327344 0.590741 0.076563 0.307407 1.000000
0 44 0.327083 0.590278 0.080208 0.308333 1.000000
0 45 0.327083 0.590278 0.081250 0.308333 1.000000
0 46 0.327604 0.590741 0.083333 0.307407 1.000000
0 47 0.327083 0.590278 0.084375 0.306481 1.000000
0 48 0.326823 0.589815 0.085938 0.305556 1.000000
0 49 0.326562 0.589815 0.086458 0.305556 1.000000
0 50 0.326562 0.589815 0.086458 0.307407 1.000000
0 51 0.326042 0.588426 0.086458 0.308333 1.000000
0 52 0.325260 0.588426 0.086979 0.306481 1.000000
0 53 0.325000 0.589815 0.087500 0.305556 1.000000
0 54 0.323958 0.589352 0.087500 0.304630 1.000000
0 55 0.323177 0.589815 0.086979 0.303704 1.000000
0 56 0.321875 0.589815 0.086458 0.303704 1.000000
0 57 0.321094 0.589815 0.085938 0.305556 1.000000
0 58 0.317448 0.588889 0.089063 0.305556 1.000000
0 59 0.315104 0.589815 0.091667 0.303704 1.000000
0 60 0.309115 0.590278 0.101562 0.302778 1.000000
0 61 0.306510 0.591204 0.104688 0.302778 1.000000
0 62 0.303385 0.591204 0.108854 0.302778 1.000000
0 63 0.301042 0.591667 0.111458 0.301852 1.000000
0 64 0.298958 0.592130 0.114583 0.300926 1.000000
0 65 0.296875 0.593056 0.114583 0.299074 1.000000
0 66 0.295052 0.592593 0.115104 0.300000 1.000000
0 67 0.293490 0.593519 0.115104 0.298148 1.000000
0 68 0.291927 0.593981 0.114062 0.297222 1.000000
0 69 0.290885 0.593981 0.114062 0.297222 1.000000
0 70 0.289062 0.594444 0.112500 0.296296 1.000000
0 71 0.287240 0.593981 0.110937 0.295370 1.000000
0 72 0.285938 0.594444 0.109375 0.294444 1.000000
0 73 0.284635 0.593981 0.107813 0.293519 1.000000
0 74 0.282552 0.594444 0.104688 0.292593 1.000000
0 75 0.280990 0.594907 0.103646 0.293519 1.000000
0 76 0.278646 0.596296 0.100000 0.292593 1.000000
0 77 0.276302 0.595833 0.099479 0.293519 1.000000
0 78 0.273438 0.595833 0.101042 0.295370 1.000000
0 79 0.271354 0.595833 0.102083 0.297222 1.000000
0 80 0.267708 0.595370 0.103125 0.301852 1.000000
0 81 0.264062 0.595370 0.107292 0.301852 1.000000
0 82 0.258594 0.593981 0.111979 0.304630 1.000000
0 83 0.255469 0.593981 0.114062 0.306481 1.000000
0 84 0.250000 0.593981 0.116667 0.310185 1.000000
0 85 0.246094 0.593519 0.117188 0.311111 1.000000
0 86 0.240625 0.594444 0.118750 0.312963 1.000000
0 87 0.238542 0.593056 0.118750 0.313889 1.000000
0 88 0.234635 0.593519 0.118229 0.314815 1.000000
0 89 0.233073 0.593519 0.115104 0.314815 1.000000
0 90 0.232031 0.593056 0.110937 0.315741 1.000000
0 91 0.230990 0.593519 0.106771 0.316667 1.000000
0 92 0.230729 0.593519 0.100000 0.316667 1.000000
0 93 0.230990 0.593519 0.095312 0.316667 1.000000
0 94 0.231250 0.593056 0.086458 0.315741 1.000000
0 95 0.231250 0.593519 0.082292 0.316667 1.000000
0 96 0.231250 0.593056 0.073958 0.317593 1.000000
0 97 0.230990 0.593056 0.069271 0.315741 1.000000
0 98 0.230469 0.593056 0.061979 0.315741 1.000000
0 99 0.229687 0.593056 0.060417 0.313889 1.000000
0 100 0.227865 0.594444 0.057813 0.314815 1.000000
0 101 0.226823 0.593981 0.056771 0.313889 1.000000
0 102 0.225260 0.594444 0.053646 0.312963 1.000000
0 103 0.224219 0.594444 0.051562 0.311111 1.000000
0 104 0.222656 0.594907 0.048438 0.310185 1.000000
0 105 0.220573 0.594444 0.047396 0.309259 1.000000
0 106 0.217448 0.593519 0.047396 0.307407 1.000000
0 107 0.215365 0.593056 0.048438 0.304630 1.000000
0 108 0.215104 0.593056 0.052083 0.302778 1.000000
0 109 0.215104 0.592593 0.054167 0.301852 1.000000
0 110 0.215365 0.592130 0.057813 0.299074 1.000000
0 111 0.214844 0.592130 0.059896 0.297222 1.000000
0 112 0.210417 0.592130 0.071875 0.295370 1.000000
0 113 0.208854 0.591204 0.077083 0.293519 1.000000
0 114 0.206250 0.591667 0.085417 0.292593 1.000000
0 115 0.205469 0.590741 0.088021 0.290741 1.000000
0 116 0.204948 0.590741 0.091146 0.288889 1.000000
0 117 0.204948 0.592130 0.091146 0.287963 1.000000
0 118 0.203646 0.590741 0.091667 0.288889 1.000000
0 119 0.202604 0.592130 0.090625 0.289815 1.000000
0 120 0.199219 0.592130 0.081771 0.289815 1.000000
0 121 0.196094 0.590278 0.075521 0.289815 1.000000
0 122 0.188281 0.591204 0.059896 0.289815 1.000000
0 123 0.183854 0.590278 0.051042 0.289815 1.000000
0 124 0.172917 0.591667 0.045833 0.287037 1.000000
0 125 0.169010 0.591667 0.051562 0.283333 1.000000
0 126 0.157552 0.593519 0.070312 0.279630 1.000000
0 127 0.153646 0.593981 0.075000 0.276852 1.000000
0 128 0.152865 0.594444 0.073438 0.272222 1.000000
0 129 0.153646 0.594907 0.073958 0.269444 1.000000
0 130 0.154948 0.595370 0.073438 0.264815 1.000000
0 131 0.155990 0.595370 0.073438 0.262963 1.000000
0 132 0.159896 0.594444 0.075000 0.261111 1.000000
0 133 0.162500 0.593056 0.077083 0.260185 1.000000
0 134 0.167708 0.592130 0.082292 0.260185 1.000000
0 135 0.169792 0.590741 0.083333 0.261111 1.000000
0 136 0.174219 0.588889 0.086979 0.261111 1.000000
0 137 0.175260 0.588426 0.086979 0.262037 1.000000
0 138 0.177604 0.587500 0.086458 0.260185 1.000000
0 139 0.178125 0.587963 0.085417 0.259259 1.000000
0 140 0.179427 0.587500 0.083854 0.258333 1.000000
0 141 0.179688 0.587037 0.082292 0.257407 1.000000
0 142 0.180729 0.587500 0.081250 0.254630 1.000000
0 143 0.180990 0.588426 0.080729 0.252778 1.000000
0 144 0.181510 0.589352 0.080729 0.250926 1.000000
0 145 0.181250 0.590278 0.081250 0.250926 1.000000
0 146 0.181771 0.590741 0.081250 0.250000 1.000000
0 147 0.181771 0.589815 0.081250 0.250000 1.000000
0 148 0.181771 0.588889 0.081250 0.251852 1.000000
0 149 0.182552 0.588426 0.082812 0.252778 1.000000
0 150 0.184115 0.587963 0.085938 0.251852 1.000000
0 151 0.185156 0.589815 0.088021 0.251852 1.000000
0 152 0.185417 0.591204 0.089583 0.249074 1.000000
0 153 0.185677 0.591667 0.091146 0.246296 1.000000
0 154 0.186198 0.592593 0.091146 0.244444 1.000000
0 155 0.185938 0.593519 0.090625 0.242593 1.000000
0 156 0.187500 0.595833 0.088542 0.237963 1.000000
0 157 0.187240 0.598611 0.089063 0.232407 1.000000
0 158 0.183594 0.603241 0.096354 0.221296 1.000000
0 159 0.183594 0.606019 0.096354 0.217593 1.000000
0 160 0.187500 0.611111 0.088542 0.211111 1.000000
0 161 0.186979 0.610648 0.089583 0.212037 1.000000
0 162 0.187240 0.607407 0.089063 0.218519 1.000000
0 163 0.187240 0.605093 0.089063 0.223148 1.000000
0 164 0.182552 0.598148 0.094271 0.237037 1.000000
0 165 0.175000 0.593981 0.103125 0.243519 1.000000
0 166 0.162240 0.587037 0.120313 0.257407 1.000000
0 167 0.158854 0.583796 0.120833 0.262037 1.000000
0 168 0.158594 0.558796 0.108854 0.319444 1.000000
0 169 0.166146 0.547222 0.092708 0.340741 1.000000
0 170 0.176823 0.544444 0.069271 0.346296 1.000000
0 171 0.176563 0.547222 0.069792 0.340741 1.000000
0 172 0.180729 0.563889 0.080208 0.305556 1.000000
0 173 0.184635 0.572685 0.089063 0.287963 1.000000
0 174 0.190625 0.584259 0.104167 0.266667 1.000000
0 175 0.192969 0.585648 0.109896 0.263889 1.000000
0 176 0.193229 0.587500 0.114583 0.258333 1.000000
0 177 0.192969 0.588426 0.114062 0.256481 1.000000
0 178 0.189062 0.590741 0.105208 0.251852 1.000000
0 179 0.183854 0.591667 0.093750 0.250000 1.000000
0 180 0.196354 0.592593 0.113542 0.248148 1.000000
0 181 0.199479 0.592593 0.117708 0.250000 1.000000
0 182 0.187240 0.589815 0.130729 0.253704 1.000000
0 183 0.182812 0.587500 0.115625 0.256481 1.000000
0 184 0.186979 0.583796 0.063542 0.263889 1.000000
0 185 0.190365 0.580556 0.065104 0.268519 1.000000
0 186 0.200781 0.578241 0.081771 0.271296 1.000000
0 187 0.205729 0.578704 0.087500 0.270370 1.000000
0 188 0.208594 0.578241 0.086979 0.271296 1.000000
0 189 0.210938 0.577778 0.069792 0.272222 1.000000
0 190 0.213802 0.578704 0.053646 0.272222 1.000000
0 191 0.217969 0.578241 0.053646 0.271296 1.000000
0 192 0.212500 0.578241 0.054167 0.271296 1.000000
0 193 0.210677 0.578704 0.055729 0.272222 1.000000
0 194 0.208073 0.579167 0.050521 0.269444 1.000000
0 195 0.205990 0.578241 0.045312 0.269444 1.000000
0 196 0.201302 0.578241 0.048438 0.271296 1.000000
0 197 0.199219 0.578241 0.055729 0.271296 1.000000
0 198 0.200000 0.577778 0.056250 0.270370 1.000000
0 199 0.200260 0.577778 0.056771 0.270370 1.000000
0 200 0.205469 0.576852 0.050521 0.272222 1.000000
0 201 0.204948 0.576852 0.056771 0.272222 1.000000
0 202 0.203906 0.575000 0.063021 0.274074 1.000000
0 203 0.204948 0.574537 0.064062 0.275000 1.000000
0 204 0.207552 0.573611 0.064062 0.275000 1.000000
0 205 0.207813 0.574537 0.063542 0.275000 1.000000
0 206 0.208594 0.576389 0.061979 0.271296 1.000000
0 207 0.210156 0.578241 0.059896 0.269444 1.000000
0 208 0.211458 0.579167 0.055208 0.267593 1.000000
0 209 0.211458 0.578704 0.055208 0.268519 1.000000
0 210 0.211458 0.577315 0.055208 0.267593 1.000000
0 211 0.213281 0.577778 0.055729 0.266667 1.000000
0 212 0.213802 0.577315 0.054688 0.265741 1.000000
0 213 0.213542 0.578241 0.054167 0.265741 1.000000
0 214 0.213021 0.577778 0.057292 0.262963 1.000000
0 215 0.212500 0.577778 0.058333 0.261111 1.000000
0 216 0.213021 0.578704 0.059375 0.261111 1.000000
0 217 0.213542 0.579630 0.059375 0.261111 1.000000
0 218 0.214844 0.580556 0.052604 0.257407 1.000000
0 219 0.213802 0.579630 0.055729 0.257407 1.000000
0 220 0.214323 0.579167 0.061979 0.256481 1.000000
0 221 0.215625 0.579167 0.063542 0.256481 1.000000
0 222 0.216667 0.579630 0.065625 0.255556 1.000000
0 223 0.216927 0.580093 0.066146 0.254630 1.000000
0 224 0.218750 0.579630 0.067708 0.253704 1.000000
0 225 0.220052 0.580093 0.067187 0.252778 1.000000
0 226 0.221615 0.580093 0.068229 0.252778 1.000000
0 227 0.222135 0.580093 0.068229 0.252778 1.000000
0 228 0.222917 0.581481 0.069792 0.253704 1.000000
0 229 0.223177 0.581019 0.070312 0.252778 1.000000
0 230 0.226042 0.581481 0.071875 0.250000 1.000000
0 231 0.226302 0.581019 0.069271 0.249074 1.000000
0 232 0.227604 0.582407 0.069792 0.248148 1.000000
0 233 0.228125 0.582870 0.069792 0.247222 1.000000
0 234 0.229167 0.583333 0.070833 0.246296 1.000000
0 235 0.229167 0.583333 0.070833 0.244444 1.000000
0 236 0.228646 0.582870 0.072917 0.241667 1.000000
0 237 0.229167 0.584259 0.072917 0.242593 1.000000
0 238 0.229167 0.584722 0.072917 0.241667 1.000000
0 239 0.229427 0.585185 0.073438 0.240741 1.000000
0 240 0.229687 0.585648 0.073958 0.239815 1.000000
0 241 0.229687 0.586111 0.076042 0.238889 1.000000
0 242 0.229948 0.586111 0.076563 0.237037 1.000000
0 243 0.230208 0.587500 0.077083 0.236111 1.000000
0 244 0.230729 0.587037 0.078125 0.235185 1.000000
0 245 0.230729 0.588426 0.079167 0.232407 1.000000
0 246 0.230990 0.590278 0.079687 0.232407 1.000000
0 247 0.231250 0.590278 0.081250 0.230556 1.000000
0 248 0.230990 0.590741 0.081771 0.229630 1.000000
0 249 0.231250 0.592130 0.083333 0.228704 1.000000
0 250 0.231771 0.592593 0.083333 0.227778 1.000000
0 251 0.231771 0.593519 0.085417 0.225926 1.000000
0 252 0.231510 0.594444 0.085938 0.225926 1.000000
0 253 0.231510 0.594907 0.086979 0.223148 1.000000
0 254 0.232292 0.595370 0.087500 0.222222 1.000000
0 255 0.231771 0.595833 0.089583 0.221296 1.000000
0 256 0.231771 0.596296 0.090625 0.220370 1.000000
0 257 0.231510 0.596759 0.092188 0.219444 1.000000
0 258 0.231510 0.596759 0.093229 0.217593 1.000000
0 259 0.231510 0.597222 0.094271 0.216667 1.000000
0 260 0.231250 0.597222 0.094792 0.216667 1.000000
0 261 0.231510 0.598611 0.095312 0.215741 1.000000
0 262 0.231771 0.598611 0.095833 0.215741 1.000000
0 263 0.230729 0.600463 0.096875 0.215741 1.000000
0 264 0.230208 0.599537 0.096875 0.215741 1.000000
0 265 0.229427 0.600463 0.096354 0.215741 1.000000
0 266 0.228646 0.600463 0.095833 0.217593 1.000000
0 267 0.227865 0.600000 0.094271 0.218519 1.000000
0 268 0.226562 0.599537 0.094792 0.219444 1.000000
0 269 0.226042 0.600000 0.092708 0.218519 1.000000
0 270 0.225521 0.600926 0.093750 0.218519 1.000000
0 271 0.228385 0.600926 0.084896 0.218519 1.000000
0 272 0.228646 0.601852 0.082292 0.216667 1.000000
0 273 0.228646 0.603241 0.079167 0.217593 1.000000
0 274 0.227865 0.602315 0.078646 0.215741 1.000000
0 275 0.227865 0.603241 0.078646 0.215741 1.000000
0 276 0.226823 0.602778 0.078646 0.214815 1.000000
0 277 0.225781 0.603704 0.078646 0.214815 1.000000
0 278 0.225781 0.604630 0.079687 0.214815 1.000000
0 279 0.225260 0.604167 0.080729 0.213889 1.000000
0 280 0.225781 0.606019 0.081771 0.210185 1.000000
0 281 0.225260 0.606944 0.082812 0.208333 1.000000
0 282 0.225000 0.608333 0.083333 0.205556 1.000000
0 283 0.225000 0.611574 0.084375 0.200926 1.000000
0 284 0.224219 0.612500 0.084896 0.197222 1.000000
0 285 0.222656 0.615278 0.085938 0.191667 1.000000
0 286 0.221615 0.616667 0.086979 0.188889 1.000000
0 287 0.218490 0.620833 0.084896 0.180556 1.000000
0 288 0.216927 0.621759 0.083854 0.178704 1.000000
0 289 0.213802 0.625926 0.080729 0.172222 1.000000
0 290 0.211458 0.629167 0.079167 0.165741 1.000000
0 291 0.207031 0.632870 0.075521 0.158333 1.000000
0 292 0.205469 0.632407 0.077604 0.157407 1.000000
0 293 0.202083 0.632407 0.076042 0.157407 1.000000
0 294 0.200781 0.632407 0.072396 0.157407 1.000000
0 295 0.200521 0.629630 0.070833 0.164815 1.000000
0 296 0.199479 0.628241 0.070833 0.167593 1.000000
0 297 0.197917 0.625926 0.071875 0.170370 1.000000
0 298 0.196354 0.624074 0.072917 0.174074 1.000000
0 299 0.196615 0.619907 0.072396 0.182407 1.000000
0 300 0.196094 0.618981 0.071354 0.184259 1.000000
0 301 0.195833 0.616667 0.069792 0.190741 1.000000
0 302 0.195833 0.615278 0.068750 0.191667 1.000000
0 303 0.195312 0.612037 0.068750 0.198148 1.000000
0 304 0.194531 0.611111 0.068229 0.200000 1.000000
0 305 0.194010 0.608796 0.067187 0.202778 1.000000
0 306 0.194010 0.607870 0.067187 0.206481 1.000000
0 307 0.193750 0.606019 0.066667 0.210185 1.000000
0 308 0.193750 0.604167 0.066667 0.213889 1.000000
0 309 0.193229 0.603704 0.065625 0.214815 1.000000
0 310 0.192708 0.602778 0.065625 0.216667 1.000000
0 311 0.194531 0.601852 0.061979 0.220370 1.000000
0 312 0.194010 0.601389 0.061979 0.221296 1.000000
0 313 0.193229 0.600463 0.062500 0.223148 1.000000
0 314 0.193750 0.599537 0.060417 0.223148 1.000000
0 315 0.194271 0.600000 0.060417 0.224074 1.000000
0 316 0.195052 0.599074 0.060937 0.224074 1.000000
0 317 0.196615 0.599537 0.067187 0.225000 1.000000
0 318 0.197917 0.599074 0.069792 0.224074 1.000000
0 319 0.200260 0.600000 0.074479 0.222222 1.000000
0 320 0.201302 0.600926 0.077604 0.220370 1.000000
0 321 0.203125 0.601852 0.082292 0.218519 1.000000
0 322 0.203646 0.602315 0.084375 0.217593 1.000000
0 323 0.204687 0.602778 0.087500 0.216667 1.000000
0 324 0.204948 0.605093 0.088021 0.212037 1.000000
0 325 0.205729 0.606481 0.087500 0.209259 1.000000
0 326 0.206510 0.607870 0.086979 0.206481 1.000000
0 327 0.207552 0.609722 0.086979 0.202778 1.000000
0 328 0.207813 0.611574 0.086458 0.199074 1.000000
0 329 0.208073 0.614815 0.085938 0.194444 1.000000
0 330 0.207552 0.615741 0.084896 0.190741 1.000000
0 331 0.208333 0.618981 0.084375 0.184259 1.000000
0 332 0.208594 0.620833 0.083854 0.180556 1.000000
0 333 0.208333 0.623611 0.084375 0.175000 1.000000
0 334 0.208594 0.625926 0.083854 0.172222 1.000000
0 335 0.208854 0.628704 0.083333 0.166667 1.000000
0 336 0.208854 0.629167 0.083333 0.163889 1.000000
0 337 0.209115 0.632407 0.082812 0.159259 1.000000
0 338 0.209115 0.633333 0.082812 0.157407 1.000000
0 339 0.209115 0.634722 0.082812 0.152778 1.000000
0 340 0.209375 0.636574 0.082292 0.149074 1.000000
0 341 0.209375 0.637037 0.082292 0.148148 1.000000
0 342 0.209375 0.637500 0.082292 0.147222 1.000000
0 343 0.209375 0.638889 0.082292 0.146296 1.000000
0 344 0.209375 0.639352 0.082292 0.145370 1.000000
0 345 0.208854 0.639815 0.083333 0.142593 1.000000
0 346 0.209635 0.640741 0.081771 0.140741 1.000000
0 347 0.209115 0.642593 0.082812 0.138889 1.000000
0 348 0.209375 0.642130 0.081250 0.139815 1.000000
0 349 0.209115 0.641204 0.081771 0.139815 1.000000
0 350 0.208854 0.641667 0.082292 0.140741 1.000000
0 351 0.209375 0.639352 0.081250 0.143519 1.000000
0 352 0.209896 0.638426 0.080208 0.145370 1.000000
0 353 0.210938 0.634722 0.079167 0.152778 1.000000
0 354 0.211198 0.632407 0.078646 0.157407 1.000000
0 355 0.210938 0.625000 0.078125 0.174074 1.000000
0 356 0.211979 0.622222 0.076042 0.181481 1.000000
0 357 0.213542 0.606481 0.071875 0.211111 1.000000
0 358 0.213281 0.600000 0.071354 0.224074 1.000000
0 359 0.212500 0.586111 0.070833 0.251852 1.000000
0 360 0.212500 0.584259 0.070833 0.255556 1.000000
0 361 0.211719 0.583796 0.071354 0.254630 1.000000
0 362 0.210156 0.585648 0.074479 0.252778 1.000000
0 363 0.207552 0.587500 0.079687 0.249074 1.000000
0 364 0.207292 0.588426 0.081250 0.245370 1.000000
0 365 0.206510 0.589352 0.081771 0.243519 1.000000
0 366 0.206250 0.589815 0.082292 0.242593 1.000000
0 367 0.205729 0.590278 0.083333 0.243519 1.000000
0 368 0.205469 0.590278 0.083854 0.243519 1.000000
0 369 0.205469 0.590278 0.083854 0.243519 1.000000
0 370 0.205469 0.590278 0.083854 0.243519 1.000000
0 371 0.205469 0.590278 0.083854 0.243519 1.000000
0 372 0.205469 0.591204 0.083854 0.243519 1.000000
0 373 0.205990 0.590741 0.084896 0.242593 1.000000
0 374 0.206250 0.590278 0.086458 0.241667 1.000000
0 375 0.204427 0.590741 0.085938 0.242593 1.000000
0 376 0.203125 0.591204 0.085417 0.241667 1.000000
0 377 0.201563 0.592130 0.082292 0.239815 1.000000
0 378 0.202344 0.592130 0.083854 0.239815 1.000000
0 379 0.203385 0.591667 0.085938 0.240741 1.000000
0 380 0.203646 0.591667 0.086458 0.240741 1.000000
0 381 0.203646 0.591204 0.088542 0.241667 1.000000
0 382 0.203646 0.591667 0.088542 0.240741 1.000000
0 383 0.204167 0.591204 0.087500 0.239815 1.000000
0 384 0.203906 0.592130 0.088021 0.239815 1.000000
0 385 0.203906 0.591667 0.088021 0.240741 1.000000
0 386 0.203646 0.591667 0.088542 0.240741 1.000000
0 387 0.203906 0.592593 0.088021 0.240741 1.000000
0 388 0.203906 0.592130 0.088021 0.239815 1.000000
0 389 0.203646 0.593056 0.088542 0.239815 1.000000
0 390 0.203906 0.592593 0.088021 0.238889 1.000000
0 391 0.204687 0.593519 0.089583 0.238889 1.000000
0 392 0.204687 0.593056 0.090625 0.237963 1.000000
0 393 0.203125 0.593519 0.088542 0.237037 1.000000
0 394 0.201302 0.593519 0.083854 0.237037 1.000000
0 395 0.200781 0.593981 0.081771 0.234259 1.000000
0 396 0.202083 0.594907 0.085417 0.236111 1.000000
0 397 0.203385 0.594444 0.089063 0.237037 1.000000
0 398 0.204427 0.593519 0.089063 0.237037 1.000000
0 399 0.204427 0.592593 0.089063 0.238889 1.000000
0 400 0.204427 0.592593 0.089063 0.238889 1.000000
0 401 0.204167 0.591667 0.088542 0.240741 1.000000
0 402 0.204687 0.591204 0.087500 0.241667 1.000000
0 403 0.204948 0.591204 0.085938 0.241667 1.000000
0 404 0.205208 0.591667 0.086458 0.242593 1.000000
0 405 0.204948 0.591667 0.086979 0.240741 1.000000
0 406 0.204427 0.592593 0.085938 0.238889 1.000000
0 407 0.202344 0.592593 0.081771 0.237037 1.000000
0 408 0.202083 0.593981 0.081250 0.236111 1.000000
0 409 0.203125 0.593981 0.082292 0.236111 1.000000
0 410 0.204167 0.593519 0.084375 0.237037 1.000000
0 411 0.208073 0.591667 0.091146 0.238889 1.000000
0 412 0.208854 0.589815 0.092708 0.240741 1.000000
0 413 0.210156 0.587963 0.094271 0.244444 1.000000
0 414 0.211719 0.587500 0.096354 0.247222 1.000000
0 415 0.212760 0.585185 0.096354 0.251852 1.000000
0 416 0.213281 0.584259 0.094271 0.251852 1.000000
0 417 0.214583 0.583333 0.092708 0.253704 1.000000
0 418 0.215365 0.582407 0.090104 0.255556 1.000000
0 419 0.215104 0.583333 0.084375 0.253704 1.000000
0 420 0.214844 0.584259 0.079687 0.251852 1.000000
0 421 0.215885 0.587037 0.073438 0.248148 1.000000
0 422 0.217448 0.588426 0.072396 0.245370 1.000000
0 423 0.221615 0.592130 0.071354 0.237963 1.000000
0 424 0.222135 0.593056 0.072396 0.234259 1.000000
0 425 0.223698 0.596759 0.076563 0.226852 1.000000
0 426 0.225521 0.599074 0.079167 0.222222 1.000000
0 427 0.229687 0.598611 0.082292 0.215741 1.000000
0 428 0.233073 0.598611 0.080729 0.208333 1.000000
0 429 0.244531 0.600926 0.074479 0.203704 1.000000
0 430 0.247917 0.601389 0.075000 0.200926 1.000000
0 431 0.250000 0.602778 0.083333 0.198148 1.000000
0 432 0.253125 0.602315 0.086458 0.199074 1.000000
0 433 0.260937 0.602315 0.085417 0.199074 1.000000
0 434 0.266406 0.602315 0.082812 0.199074 1.000000
0 435 0.275521 0.600463 0.077083 0.193519 1.000000
0 436 0.279167 0.600926 0.073958 0.192593 1.000000
0 437 0.289583 0.599537 0.077083 0.195370 1.000000
0 438 0.297396 0.597222 0.083333 0.196296 1.000000
0 439 0.309115 0.594907 0.085938 0.200926 1.000000
0 440 0.313021 0.592593 0.082292 0.205556 1.000000
0 441 0.328646 0.588426 0.058333 0.204630 1.000000
0 442 0.335156 0.587963 0.049479 0.207407 1.000000
0 443 0.340625 0.585648 0.043750 0.213889 1.000000
0 444 0.349479 0.582407 0.048958 0.218519 1.000000
0 445 0.355469 0.579630 0.060937 0.225926 1.000000
0 446 0.356510 0.577315 0.063021 0.228704 1.000000
0 447 0.356250 0.575000 0.063542 0.231481 1.000000
0 448 0.355729 0.574074 0.063542 0.229630 1.000000
0 449 0.360156 0.572685 0.058854 0.228704 1.000000
0 450 0.360938 0.574074 0.055208 0.227778 1.000000
0 451 0.363281 0.575463 0.051562 0.221296 1.000000
0 452 0.365885 0.578241 0.048438 0.219444 1.000000
0 453 0.369010 0.581019 0.047396 0.215741 1.000000
0 454 0.369792 0.581481 0.047917 0.212963 1.000000
0 455 0.370573 0.580093 0.046354 0.213889 1.000000
0 456 0.368750 0.579167 0.046875 0.215741 1.000000
0 457 0.369271 0.576389 0.048958 0.223148 1.000000
0 458 0.371615 0.574537 0.048438 0.226852 1.000000
0 459 0.373437 0.571296 0.052083 0.233333 1.000000
0 460 0.374479 0.569907 0.052083 0.234259 1.000000
0 461 0.377083 0.569907 0.051042 0.236111 1.000000
0 462 0.376823 0.570833 0.052604 0.236111 1.000000
0 463 0.374740 0.571759 0.053646 0.234259 1.000000
0 464 0.374740 0.574074 0.055729 0.231481 1.000000
0 465 0.371875 0.577315 0.055208 0.223148 1.000000
0 466 0.371094 0.578704 0.055729 0.220370 1.000000
0 467 0.372656 0.581019 0.053646 0.219444 1.000000
0 468 0.374740 0.585185 0.056771 0.212963 1.000000
0 469 0.376042 0.587500 0.058333 0.210185 1.000000
0 470 0.375781 0.587500 0.057813 0.210185 1.000000
0 471 0.375000 0.587500 0.056250 0.210185 1.000000
0 472 0.374219 0.587500 0.054688 0.210185 1.000000
0 473 0.372656 0.589352 0.050521 0.210185 1.000000
0 474 0.371354 0.590278 0.047917 0.208333 1.000000
0 475 0.370573 0.597222 0.044271 0.196296 1.000000
0 476 0.369531 0.600463 0.043229 0.191667 1.000000
0 477 0.368490 0.612037 0.041146 0.168519 1.000000
0 478 0.366927 0.618981 0.039062 0.156481 1.000000
0 479 0.366406 0.628241 0.039062 0.141667 1.000000
0 480 0.366667 0.630556 0.040625 0.137037 1.000000
0 481 0.366146 0.632407 0.040625 0.137037 1.000000
0 482 0.365885 0.631481 0.041146 0.138889 1.000000
0 483 0.365625 0.628241 0.041667 0.147222 1.000000
0 484 0.364844 0.625000 0.041146 0.153704 1.000000
0 485 0.364063 0.613889 0.040625 0.177778 1.000000
0 486 0.363542 0.603241 0.040625 0.199074 1.000000
0 487 0.363021 0.587963 0.040625 0.231481 1.000000
0 488 0.362500 0.583796 0.040625 0.239815 1.000000
0 489 0.361979 0.575926 0.041667 0.259259 1.000000
0 490 0.363542 0.572685 0.044792 0.265741 1.000000
0 491 0.365104 0.569907 0.048958 0.273148 1.000000
0 492 0.365625 0.573148 0.051042 0.268519 1.000000
0 493 0.365625 0.576389 0.052083 0.265741 1.000000
0 494 0.365625 0.577315 0.052083 0.263889 1.000000
0 495 0.364323 0.579630 0.050521 0.259259 1.000000
0 496 0.363542 0.582870 0.050000 0.254630 1.000000
0 497 0.361198 0.588426 0.046354 0.245370 1.000000
0 498 0.360156 0.590741 0.045312 0.242593 1.000000
0 499 0.358854 0.590278 0.043750 0.243519 1.000000
0 500 0.358594 0.587963 0.044271 0.250000 1.000000
0 501 0.358073 0.581019 0.044271 0.265741 1.000000
0 502 0.358333 0.578704 0.044792 0.270370 1.000000
0 503 0.359375 0.574537 0.046875 0.278704 1.000000
0 504 0.358854 0.570833 0.045833 0.286111 1.000000
0 505 0.357292 0.575926 0.044792 0.279630 1.000000
0 506 0.356771 0.577315 0.044792 0.276852 1.000000
0 507 0.354948 0.579630 0.043229 0.274074 1.000000
0 508 0.354427 0.581481 0.043229 0.274074 1.000000
0 509 0.352344 0.587037 0.041146 0.264815 1.000000
0 510 0.351302 0.587500 0.040104 0.265741 1.000000
0 511 0.350521 0.587500 0.040625 0.269444 1.000000
0 512 0.350781 0.585185 0.042188 0.274074 1.000000
0 513 0.350000 0.580556 0.042708 0.285185 1.000000
0 514 0.350521 0.579630 0.044792 0.288889 1.000000
0 515 0.357031 0.561111 0.059896 0.327778 1.000000
0 516 0.360417 0.557870 0.067708 0.336111 1.000000
0 517 0.361719 0.554630 0.091146 0.344444 1.000000
0 518 0.360417 0.559259 0.101042 0.337037 1.000000
0 519 0.357812 0.574074 0.120833 0.309259 1.000000
0 520 0.356250 0.582407 0.128125 0.294444 1.000000
0 521 0.356771 0.585648 0.126042 0.291667 1.000000
0 522 0.359115 0.586574 0.120313 0.289815 1.000000
0 523 0.360417 0.589815 0.117708 0.285185 1.000000
0 524 0.362500 0.590741 0.113542 0.285185 1.000000
0 525 0.361719 0.591204 0.115104 0.286111 1.000000
0 526 0.363802 0.590741 0.110937 0.287037 1.000000
0 527 0.388021 0.589815 0.127083 0.288889 1.000000
0 528 0.394531 0.588426 0.118229 0.291667 1.000000
0 529 0.400260 0.586111 0.082812 0.296296 1.000000
0 530 0.410938 0.585185 0.071875 0.300000 1.000000
0 531 0.412240 0.581019 0.061979 0.306481 1.000000
0 532 0.414323 0.577778 0.065104 0.312963 1.000000
0 533 0.410156 0.574074 0.067187 0.318519 1.000000
0 534 0.405990 0.572222 0.061979 0.322222 1.000000
0 535 0.404687 0.569444 0.053125 0.327778 1.000000
0 536 0.407031 0.569444 0.048438 0.327778 1.000000
0 537 0.407813 0.571296 0.050000 0.325926 1.000000
0 538 0.406250 0.571296 0.056250 0.324074 1.000000
0 539 0.404948 0.571296 0.068229 0.322222 1.000000
0 540 0.407031 0.572685 0.073438 0.319444 1.000000
0 541 0.417708 0.575926 0.090625 0.314815 1.000000
0 542 0.421094 0.578241 0.099479 0.310185 1.000000
0 543 0.418750 0.581019 0.116667 0.304630 1.000000
0 544 0.415625 0.581019 0.128125 0.300926 1.000000
0 545 0.415365 0.584259 0.145313 0.294444 1.000000
0 546 0.414062 0.587037 0.146875 0.285185 1.000000
0 547 0.404687 0.593056 0.130208 0.273148 1.000000
0 548 0.402865 0.598148 0.121354 0.262963 1.000000
0 549 0.406771 0.607407 0.125000 0.246296 1.000000
0 550 0.406771 0.613426 0.127083 0.236111 1.000000
0 551 0.407813 0.625926 0.133333 0.212963 1.000000
0 552 0.407552 0.632407 0.135937 0.200000 1.000000
0 553 0.405729 0.640278 0.138542 0.184259 1.000000
0 554 0.404427 0.638889 0.139063 0.185185 1.000000
0 555 0.403125 0.641204 0.138542 0.187963 1.000000
0 556 0.401302 0.640741 0.135937 0.187037 1.000000
0 557 0.400000 0.641204 0.134375 0.186111 1.000000
0 558 0.398438 0.641204 0.133333 0.186111 1.000000
0 559 0.395833 0.640278 0.133333 0.187963 1.000000
0 560 0.395833 0.640278 0.133333 0.189815 1.000000
0 561 0.395313 0.639815 0.133333 0.192593 1.000000
0 562 0.395052 0.637963 0.132812 0.192593 1.000000
0 563 0.394792 0.635648 0.134375 0.193519 1.000000
0 564 0.397396 0.633796 0.138542 0.195370 1.000000
0 565 0.399479 0.627778 0.141667 0.209259 1.000000
0 566 0.398698 0.620833 0.138021 0.221296 1.000000
0 567 0.396354 0.612963 0.127083 0.238889 1.000000
0 568 0.396094 0.607870 0.123438 0.247222 1.000000
0 569 0.398177 0.601852 0.115104 0.259259 1.000000
0 570 0.405990 0.596296 0.129688 0.268519 1.000000
0 571 0.412240 0.593056 0.138021 0.275000 1.000000
0 572 0.408854 0.587963 0.116667 0.285185 1.000000
0 573 0.409635 0.585185 0.114062 0.292593 1.000000
0 574 0.415885 0.579630 0.103646 0.303704 1.000000
0 575 0.417187 0.577778 0.093750 0.307407 1.000000
0 576 0.416406 0.575000 0.066146 0.311111 1.000000
0 577 0.419010 0.575000 0.060937 0.312963 1.000000
0 578 0.421875 0.575463 0.060417 0.312037 1.000000
0 579 0.420573 0.575000 0.063021 0.312963 1.000000
0 580 0.421354 0.574074 0.069792 0.314815 1.000000
0 581 0.426042 0.575926 0.064583 0.311111 1.000000
0 582 0.430469 0.573611 0.061979 0.313889 1.000000
0 583 0.432031 0.575000 0.059896 0.309259 1.000000
0 591 0.474740 0.567593 0.063021 0.325926 1.000000
0 592 0.465104 0.519444 0.062500 0.372222 1.000000
0 593 0.456510 0.496296 0.064062 0.359259 1.000000
0 594 0.450260 0.471759 0.063021 0.360185 1.000000
0 595 0.441146 0.468981 0.083333 0.315741 1.000000
0 596 0.438021 0.469907 0.094792 0.228704 1.000000
0 597 0.437500 0.471759 0.093750 0.219444 1.000000
0 598 0.435417 0.500000 0.098958 0.251852 1.000000
0 599 0.435677 0.513889 0.098437 0.274074 1.000000
0 600 0.445573 0.529167 0.101562 0.287963 1.000000
0 601 0.455469 0.554167 0.110937 0.323148 1.000000
0 602 0.465885 0.578241 0.075521 0.313889 1.000000
0 603 0.461458 0.588426 0.065625 0.293519 1.000000
0 604 0.471615 0.603241 0.094271 0.263889 1.000000
0 605 0.465365 0.609722 0.086979 0.249074 1.000000
0 606 0.462500 0.628241 0.085417 0.210185 1.000000
0 607 0.463542 0.635185 0.087500 0.198148 1.000000
0 608 0.463542 0.643056 0.078125 0.182407 1.000000
0 609 0.461719 0.648611 0.085938 0.171296 1.000000
0 610 0.459115 0.657870 0.094271 0.152778 1.000000
0 611 0.475521 0.662037 0.121875 0.144444 1.000000
0 612 0.486979 0.662963 0.108333 0.142593 1.000000
0 613 0.492708 0.662963 0.102083 0.142593 1.000000
0 614 0.490625 0.660185 0.089583 0.148148 1.000000
0 615 0.493229 0.659259 0.086458 0.150000 1.000000
0 616 0.511458 0.660185 0.075000 0.148148 1.000000
0 617 0.513542 0.657870 0.073958 0.145370 1.000000
0 618 0.513021 0.654167 0.080208 0.154630 1.000000
0 619 0.513021 0.652315 0.081250 0.156481 1.000000
0 620 0.513021 0.650926 0.083333 0.161111 1.000000
0 621 0.519531 0.647685 0.091146 0.167593 1.000000
0 622 0.522917 0.642130 0.106250 0.178704 1.000000
0 623 0.523958 0.637500 0.109375 0.180556 1.000000
0 624 0.525000 0.628241 0.109375 0.199074 1.000000
0 625 0.531510 0.621759 0.094271 0.212037 1.000000
0 626 0.535417 0.614352 0.121875 0.228704 1.000000
0 627 0.538802 0.612500 0.131771 0.234259 1.000000
0 628 0.548698 0.609259 0.142187 0.240741 1.000000
0 629 0.549219 0.606019 0.142187 0.247222 1.000000
0 630 0.535937 0.601389 0.126042 0.249074 1.000000
0 631 0.522656 0.599074 0.103646 0.253704 1.000000
0 632 0.544271 0.593056 0.155208 0.265741 1.000000
0 633 0.542708 0.589815 0.154167 0.272222 1.000000
0 634 0.523698 0.583796 0.125521 0.284259 1.000000
0 635 0.512240 0.580093 0.092188 0.293519 1.000000
0 636 0.522396 0.576389 0.076042 0.299074 1.000000
0 637 0.521094 0.574537 0.076563 0.299074 1.000000
0 638 0.537760 0.573611 0.090104 0.300926 1.000000
0 639 0.546354 0.573148 0.090625 0.301852 1.000000
0 640 0.548438 0.573611 0.069792 0.300926 1.000000
0 641 0.545573 0.573611 0.060937 0.299074 1.000000
0 642 0.533854 0.571759 0.085417 0.293519 1.000000
0 643 0.531510 0.572685 0.082812 0.291667 1.000000
0 644 0.514844 0.572685 0.072396 0.287963 1.000000
0 645 0.515885 0.573148 0.073438 0.285185 1.000000
0 646 0.517708 0.574074 0.054167 0.279630 1.000000
0 647 0.519531 0.573611 0.056771 0.275000 1.000000
0 648 0.524740 0.572222 0.066146 0.272222 1.000000
0 649 0.533333 0.571296 0.054167 0.270370 1.000000
0 650 0.537760 0.569444 0.056771 0.270370 1.000000
0 651 0.533854 0.568519 0.052083 0.270370 1.000000
0 652 0.534375 0.567593 0.057292 0.272222 1.000000
0 653 0.528906 0.566204 0.058854 0.267593 1.000000
0 654 0.522135 0.567130 0.050521 0.262037 1.000000
0 655 0.517188 0.568519 0.043750 0.257407 1.000000
0 656 0.516667 0.569907 0.045833 0.250926 1.000000
0 657 0.522135 0.571759 0.041146 0.247222 1.000000
0 658 0.523438 0.575000 0.052083 0.235185 1.000000
0 659 0.528125 0.575463 0.060417 0.225000 1.000000
0 660 0.532552 0.584259 0.068229 0.212963 1.000000
0 661 0.535417 0.588889 0.065625 0.203704 1.000000
0 662 0.529167 0.598611 0.073958 0.180556 1.000000
0 663 0.525260 0.609259 0.075521 0.159259 1.000000
0 664 0.520833 0.617130 0.082292 0.145370 1.000000
0 665 0.519010 0.617593 0.084896 0.146296 1.000000
0 666 0.516927 0.618056 0.084896 0.143519 1.000000
0 667 0.517188 0.616667 0.084375 0.146296 1.000000
0 668 0.516667 0.613426 0.085417 0.152778 1.000000
0 669 0.518750 0.611111 0.089583 0.157407 1.000000
0 670 0.526302 0.597222 0.103646 0.185185 1.000000
0 671 0.527604 0.591667 0.105208 0.198148 1.000000
0 672 0.527083 0.570370 0.093750 0.240741 1.000000
0 673 0.524479 0.552778 0.079167 0.272222 1.000000
0 674 0.528125 0.548611 0.048958 0.278704 1.000000
0 675 0.527344 0.558796 0.055729 0.258333 1.000000
0 676 0.520312 0.566204 0.072917 0.241667 1.000000
0 677 0.525521 0.567130 0.080208 0.239815 1.000000
0 678 0.539323 0.568981 0.088021 0.236111 1.000000
0 679 0.544271 0.571296 0.086458 0.233333 1.000000
0 680 0.544010 0.573148 0.096354 0.231481 1.000000
0 681 0.543490 0.572222 0.098437 0.231481 1.000000
0 682 0.539062 0.570370 0.094792 0.235185 1.000000
0 683 0.537500 0.569907 0.085417 0.239815 1.000000
0 684 0.546875 0.568056 0.073958 0.243519 1.000000
0 685 0.553385 0.569444 0.065104 0.238889 1.000000
0 686 0.557292 0.570370 0.062500 0.240741 1.000000
0 687 0.559375 0.570833 0.060417 0.239815 1.000000
0 688 0.570052 0.574537 0.057813 0.234259 1.000000
0 689 0.573438 0.574074 0.059375 0.233333 1.000000
0 690 0.578385 0.578704 0.067187 0.227778 1.000000
0 691 0.582292 0.581019 0.072917 0.230556 1.000000
0 692 0.585938 0.580093 0.079167 0.232407 1.000000
0 693 0.587240 0.579630 0.082812 0.233333 1.000000
0 694 0.590885 0.576389 0.092188 0.239815 1.000000
0 695 0.592708 0.574537 0.098958 0.243519 1.000000
0 696 0.597396 0.572685 0.105208 0.243519 1.000000
0 697 0.598958 0.573148 0.109375 0.240741 1.000000
0 698 0.598958 0.578241 0.116667 0.232407 1.000000
0 699 0.600781 0.582407 0.120313 0.225926 1.000000
0 700 0.604688 0.588426 0.127083 0.215741 1.000000
0 701 0.608854 0.591667 0.132292 0.214815 1.000000
0 702 0.617969 0.593981 0.142187 0.212037 1.000000
0 703 0.621615 0.594444 0.143229 0.211111 1.000000
0 704 0.635677 0.593519 0.127604 0.212963 1.000000
0 705 0.641406 0.592593 0.115104 0.216667 1.000000
0 706 0.653125 0.589815 0.084375 0.222222 1.000000
0 707 0.659115 0.585648 0.071354 0.226852 1.000000
0 708 0.662500 0.582407 0.059375 0.235185 1.000000
0 709 0.663542 0.581944 0.055208 0.236111 1.000000
0 710 0.677865 0.584259 0.073438 0.242593 1.000000
0 711 0.682813 0.587963 0.078125 0.248148 1.000000
0 712 0.686198 0.593519 0.074479 0.238889 1.000000
0 713 0.687500 0.595833 0.072917 0.234259 1.000000
0 714 0.688281 0.601389 0.070312 0.223148 1.000000
0 715 0.688281 0.604630 0.070312 0.218519 1.000000
0 716 0.689323 0.607870 0.078646 0.212037 1.000000
0 717 0.686719 0.609259 0.082812 0.209259 1.000000
0 718 0.682813 0.611111 0.083333 0.205556 1.000000
0 719 0.681771 0.612037 0.084375 0.203704 1.000000
0 720 0.679167 0.609722 0.089583 0.206481 1.000000
0 721 0.676042 0.608796 0.095833 0.208333 1.000000
0 722 0.676562 0.604167 0.095833 0.219444 1.000000
0 723 0.676562 0.601389 0.094792 0.225000 1.000000
0 724 0.670833 0.594444 0.081250 0.237037 1.000000
0 725 0.664583 0.592130 0.077083 0.243519 1.000000
0 726 0.641927 0.588426 0.059896 0.252778 1.000000
0 727 0.628125 0.586111 0.050000 0.253704 1.000000
0 728 0.614844 0.585648 0.059896 0.252778 1.000000
0 729 0.608333 0.585185 0.067708 0.251852 1.000000
0 730 0.596875 0.587500 0.081250 0.250926 1.000000
0 731 0.594010 0.588889 0.086979 0.248148 1.000000
0 732 0.586719 0.589352 0.100521 0.243519 1.000000
0 733 0.581250 0.589352 0.101042 0.241667 1.000000
0 734 0.566927 0.587963 0.096354 0.238889 1.000000
0 735 0.562760 0.588426 0.098437 0.237963 1.000000
0 736 0.554688 0.588426 0.098958 0.236111 1.000000
0 737 0.550521 0.588426 0.096875 0.237963 1.000000
0 738 0.543490 0.586111 0.094271 0.240741 1.000000
0 739 0.538802 0.586574 0.093229 0.241667 1.000000
0 740 0.533594 0.584259 0.094271 0.238889 1.000000
0 741 0.529167 0.584259 0.097917 0.238889 1.000000
0 742 0.521875 0.584722 0.103125 0.237963 1.000000
0 743 0.517969 0.584259 0.103646 0.237037 1.000000
0 744 0.505469 0.583333 0.105729 0.238889 1.000000
0 745 0.501823 0.582870 0.102604 0.239815 1.000000
0 746 0.493229 0.582870 0.093750 0.239815 1.000000
0 747 0.488542 0.582407 0.090625 0.240741 1.000000
0 748 0.478906 0.581481 0.082812 0.242593 1.000000
0 749 0.477344 0.580556 0.076563 0.244444 1.000000
0 750 0.482552 0.580093 0.066146 0.245370 1.000000
0 751 0.482812 0.580093 0.067708 0.247222 1.000000
0 752 0.482031 0.582407 0.068229 0.242593 1.000000
0 753 0.482292 0.582407 0.068750 0.242593 1.000000
0 754 0.482292 0.583796 0.068750 0.239815 1.000000
0 755 0.482292 0.582870 0.068750 0.239815 1.000000
0 756 0.482292 0.582407 0.068750 0.238889 1.000000
0 757 0.481771 0.582870 0.068750 0.239815 1.000000
0 758 0.481510 0.582407 0.068229 0.238889 1.000000
0 759 0.481771 0.581944 0.068750 0.239815 1.000000
0 760 0.481771 0.582407 0.068750 0.238889 1.000000
0 761 0.481771 0.581944 0.068750 0.239815 1.000000
0 762 0.481771 0.581944 0.068750 0.241667 1.000000
0 763 0.481771 0.581481 0.068750 0.242593 1.000000
0 764 0.481771 0.581019 0.068750 0.245370 1.000000
0 765 0.481510 0.573611 0.069271 0.260185 1.000000
0 766 0.481771 0.554167 0.069792 0.300926 1.000000
0 767 0.481510 0.551852 0.070312 0.307407 1.000000
0 768 0.481250 0.549074 0.070833 0.314815 1.000000
0 769 0.481510 0.550000 0.070312 0.312963 1.000000
0 770 0.481771 0.552315 0.071875 0.312037 1.000000
0 771 0.481510 0.553241 0.072396 0.310185 1.000000
0 772 0.482031 0.558796 0.073438 0.300926 1.000000
0 773 0.482031 0.562963 0.074479 0.292593 1.000000
0 774 0.481771 0.570370 0.075000 0.281481 1.000000
0 775 0.482552 0.577315 0.074479 0.267593 1.000000
0 776 0.482292 0.587963 0.076042 0.250000 1.000000
0 777 0.482552 0.590741 0.077604 0.244444 1.000000
0 778 0.483594 0.591667 0.080729 0.242593 1.000000
0 779 0.484375 0.593056 0.080208 0.241667 1.000000
0 780 0.485156 0.594444 0.081771 0.240741 1.000000
0 781 0.485417 0.594907 0.082292 0.239815 1.000000
0 782 0.485677 0.595370 0.082812 0.238889 1.000000
0 783 0.485417 0.594907 0.082292 0.239815 1.000000
0 784 0.485156 0.594907 0.081771 0.239815 1.000000
0 785 0.484375 0.594444 0.081250 0.240741 1.000000
0 786 0.484635 0.593981 0.079687 0.241667 1.000000
0 787 0.484896 0.593519 0.076042 0.244444 1.000000
0 788 0.480208 0.593981 0.084375 0.243519 1.000000
0 789 0.479687 0.593519 0.083333 0.244444 1.000000
0 790 0.480990 0.593981 0.076563 0.243519 1.000000
0 791 0.480208 0.593519 0.078125 0.242593 1.000000
0 792 0.479167 0.592130 0.080208 0.249074 1.000000
0 793 0.479427 0.586574 0.081771 0.258333 1.000000
0 794 0.475781 0.585648 0.076563 0.256481 1.000000
0 795 0.472656 0.586574 0.071354 0.250926 1.000000
0 796 0.459635 0.588889 0.067187 0.248148 1.000000
0 797 0.457031 0.587963 0.072396 0.253704 1.000000
0 798 0.454167 0.583796 0.076042 0.263889 1.000000
0 799 0.451042 0.582870 0.075000 0.265741 1.000000
0 800 0.440104 0.582407 0.079167 0.266667 1.000000
0 801 0.432552 0.579630 0.085938 0.261111 1.000000
0 802 0.419271 0.577315 0.093750 0.256481 1.000000
0 803 0.413542 0.575926 0.092708 0.250000 1.000000
0 804 0.413021 0.581944 0.094792 0.254630 1.000000
0 805 0.406771 0.584722 0.091667 0.256481 1.000000
0 806 0.405208 0.587037 0.089583 0.251852 1.000000
0 807 0.401042 0.587963 0.082292 0.250000 1.000000
0 808 0.384635 0.589352 0.061979 0.247222 1.000000
0 809 0.375260 0.591204 0.051562 0.245370 1.000000
0 810 0.368490 0.592130 0.054688 0.243519 1.000000
0 811 0.363281 0.593056 0.057813 0.243519 1.000000
0 812 0.356510 0.593056 0.065104 0.241667 1.000000
0 813 0.352344 0.592593 0.069271 0.238889 1.000000
0 814 0.348958 0.590741 0.076042 0.240741 1.000000
0 815 0.349479 0.589352 0.081250 0.239815 1.000000
0 816 0.357292 0.587037 0.097917 0.242593 1.000000
0 817 0.360417 0.585648 0.101042 0.243519 1.000000
0 818 0.364323 0.584259 0.100521 0.242593 1.000000
0 819 0.366146 0.584259 0.098958 0.244444 1.000000
0 820 0.364063 0.582870 0.088542 0.243519 1.000000
0 821 0.365885 0.581944 0.089063 0.243519 1.000000
0 822 0.360156 0.581481 0.075521 0.244444 1.000000
0 823 0.359115 0.581944 0.074479 0.247222 1.000000
0 824 0.361198 0.581944 0.076563 0.249074 1.000000
0 825 0.361979 0.583796 0.078125 0.247222 1.000000
0 826 0.364844 0.587500 0.078646 0.241667 1.000000
0 827 0.368490 0.590278 0.079687 0.237963 1.000000
0 828 0.375521 0.599537 0.079167 0.223148 1.000000
0 829 0.380729 0.603241 0.073958 0.221296 1.000000
0 830 0.389583 0.607870 0.077083 0.206481 1.000000
0 831 0.399219 0.612963 0.072396 0.205556 1.000000
0 832 0.407552 0.623611 0.074479 0.200926 1.000000
0 833 0.413802 0.628241 0.075521 0.193519 1.000000
0 834 0.417448 0.632870 0.085938 0.186111 1.000000
0 835 0.413802 0.635648 0.100521 0.184259 1.000000
0 836 0.435417 0.637500 0.056250 0.182407 1.000000
0 837 0.435677 0.636111 0.052604 0.185185 1.000000
0 838 0.439323 0.633796 0.052604 0.193519 1.000000
0 839 0.443490 0.632870 0.054688 0.199074 1.000000
0 840 0.447396 0.617593 0.053125 0.231481 1.000000
0 841 0.449219 0.609722 0.051562 0.250926 1.000000
0 842 0.452083 0.610185 0.052083 0.251852 1.000000
0 843 0.452865 0.605556 0.054688 0.264815 1.000000
0 844 0.456771 0.592593 0.064583 0.294444 1.000000
0 845 0.455729 0.590278 0.072917 0.299074 1.000000
0 846 0.444271 0.586574 0.079167 0.310185 1.000000
0 847 0.441406 0.587963 0.081771 0.311111 1.000000
0 848 0.436198 0.587037 0.071354 0.314815 1.000000
0 849 0.436198 0.587037 0.072396 0.316667 1.000000
0 850 0.433854 0.587037 0.077083 0.318519 1.000000
0 851 0.434115 0.586111 0.077604 0.320370 1.000000
0 852 0.436198 0.587037 0.088021 0.320370 1.000000
0 853 0.438542 0.587963 0.092708 0.320370 1.000000
0 854 0.441406 0.587500 0.088021 0.319444 1.000000
0 855 0.442969 0.588426 0.085938 0.319444 1.000000
0 856 0.446094 0.587963 0.082812 0.318519 1.000000
0 857 0.448437 0.588889 0.080208 0.318519 1.000000
0 858 0.452344 0.588426 0.070312 0.317593 1.000000
0 859 0.453906 0.589352 0.064062 0.317593 1.000000
0 860 0.452865 0.588889 0.060937 0.316667 1.000000
0 861 0.452083 0.589352 0.058333 0.317593 1.000000
0 862 0.450781 0.589352 0.055729 0.317593 1.000000
0 863 0.450260 0.589352 0.054688 0.317593 1.000000
0 864 0.450260 0.589352 0.054688 0.317593 1.000000
0 865 0.450000 0.587963 0.055208 0.316667 1.000000
0 866 0.449219 0.587963 0.055729 0.316667 1.000000
0 867 0.449219 0.588426 0.056771 0.317593 1.000000
0 868 0.448958 0.587963 0.057292 0.318519 1.000000
0 869 0.449740 0.587963 0.058854 0.318519 1.000000
0 870 0.450521 0.587500 0.060417 0.317593 1.000000
0 871 0.451042 0.587963 0.060417 0.318519 1.000000
0 872 0.451302 0.587500 0.069271 0.317593 1.000000
0 873 0.448698 0.587963 0.073438 0.318519 1.000000
0 874 0.443229 0.587500 0.076042 0.317593 1.000000
0 875 0.441146 0.587963 0.073958 0.318519 1.000000
0 876 0.438281 0.587963 0.069271 0.318519 1.000000
0 877 0.438802 0.587963 0.071354 0.318519 1.000000
0 878 0.438802 0.587963 0.072396 0.318519 1.000000
0 879 0.438802 0.588426 0.073438 0.317593 1.000000
0 880 0.440104 0.588889 0.075000 0.316667 1.000000
0 881 0.440885 0.587963 0.076563 0.314815 1.000000
0 882 0.444792 0.588889 0.084375 0.314815 1.000000
0 883 0.445052 0.589815 0.083854 0.314815 1.000000
0 884 0.445833 0.590741 0.084375 0.312963 1.000000
0 885 0.445573 0.590741 0.083854 0.311111 1.000000
0 886 0.446615 0.591204 0.083854 0.310185 1.000000
0 887 0.446094 0.592130 0.084896 0.308333 1.000000
0 888 0.446615 0.593519 0.083854 0.305556 1.000000
0 889 0.446875 0.594444 0.083333 0.303704 1.000000
0 890 0.447396 0.596296 0.082292 0.301852 1.000000
0 891 0.448437 0.596296 0.082292 0.301852 1.000000
0 892 0.449219 0.597685 0.078646 0.297222 1.000000
0 893 0.448698 0.600463 0.076563 0.293519 1.000000
0 894 0.450781 0.601852 0.070312 0.288889 1.000000
0 895 0.451823 0.603241 0.067187 0.286111 1.000000
0 896 0.451562 0.605556 0.062500 0.281481 1.000000
0 897 0.450781 0.608333 0.060937 0.277778 1.000000
0 898 0.449219 0.612500 0.058854 0.267593 1.000000
0 899 0.448958 0.614815 0.058333 0.262963 1.000000
0 900 0.448437 0.609259 0.057292 0.274074 1.000000
0 901 0.448437 0.605093 0.056250 0.284259 1.000000
0 902 0.448437 0.600463 0.056250 0.291667 1.000000
0 903 0.449219 0.599537 0.056771 0.293519 1.000000
0 904 0.449219 0.601389 0.058854 0.289815 1.000000
0 905 0.451562 0.612037 0.062500 0.268519 1.000000
0 906 0.453125 0.612963 0.064583 0.266667 1.000000
0 907 0.452344 0.604167 0.072396 0.284259 1.000000
0 908 0.452344 0.595833 0.077604 0.300926 1.000000
0 909 0.451042 0.587037 0.073958 0.318519 1.000000
0 910 0.449479 0.586574 0.067708 0.321296 1.000000
0 911 0.448437 0.586574 0.061458 0.321296 1.000000
0 912 0.447656 0.585648 0.060937 0.321296 1.000000
0 913 0.446615 0.584722 0.061979 0.323148 1.000000
0 914 0.446094 0.584722 0.063021 0.323148 1.000000
0 915 0.446354 0.584722 0.062500 0.323148 1.000000
0 916 0.446615 0.584722 0.061979 0.323148 1.000000
0 917 0.447396 0.585185 0.061458 0.324074 1.000000
0 918 0.447917 0.585185 0.060417 0.324074 1.000000
0 919 0.449479 0.584722 0.059375 0.323148 1.000000
0 920 0.449479 0.584722 0.059375 0.323148 1.000000
0 921 0.449740 0.584722 0.058854 0.323148 1.000000
0 922 0.450521 0.585648 0.059375 0.323148 1.000000
0 923 0.450781 0.586111 0.059896 0.322222 1.000000
0 924 0.451042 0.585648 0.060417 0.323148 1.000000
0 925 0.451562 0.586111 0.062500 0.322222 1.000000
0 926 0.451823 0.586111 0.063021 0.322222 1.000000
0 927 0.451562 0.586111 0.063542 0.322222 1.000000
0 928 0.452083 0.586111 0.064583 0.322222 1.000000
0 929 0.452344 0.586111 0.065104 0.322222 1.000000
0 930 0.452344 0.586111 0.065104 0.322222 1.000000
0 931 0.451302 0.586111 0.064062 0.322222 1.000000
0 932 0.451302 0.586111 0.064062 0.322222 1.000000
0 933 0.450781 0.585648 0.063021 0.323148 1.000000
0 934 0.449740 0.584722 0.064062 0.323148 1.000000
0 935 0.449740 0.586111 0.066146 0.322222 1.000000
0 936 0.450260 0.586574 0.065104 0.321296 1.000000
0 937 0.451823 0.587500 0.067187 0.319444 1.000000
0 938 0.452083 0.587500 0.067708 0.319444 1.000000
0 939 0.452604 0.587500 0.069792 0.319444 1.000000
0 940 0.452344 0.587500 0.071354 0.319444 1.000000
0 941 0.453385 0.587963 0.070312 0.318519 1.000000
0 942 0.454427 0.588889 0.069271 0.318519 1.000000
0 943 0.454688 0.589815 0.068750 0.314815 1.000000
0 944 0.455469 0.590741 0.066146 0.312963 1.000000
0 945 0.453646 0.593519 0.064583 0.307407 1.000000
0 946 0.453125 0.594444 0.064583 0.305556 1.000000
0 947 0.450260 0.593981 0.072396 0.308333 1.000000
0 948 0.449219 0.593056 0.070312 0.310185 1.000000
0 949 0.451302 0.593056 0.071354 0.310185 1.000000
0 950 0.452865 0.594907 0.074479 0.304630 1.000000
0 951 0.455469 0.598148 0.078646 0.300000 1.000000
0 952 0.456250 0.598611 0.080208 0.300926 1.000000
0 953 0.458333 0.598148 0.080208 0.300000 1.000000
0 954 0.458594 0.598148 0.079687 0.300000 1.000000
0 955 0.459375 0.597685 0.079167 0.299074 1.000000
0 956 0.458854 0.596759 0.077083 0.300926 1.000000
0 957 0.459115 0.597685 0.075521 0.300926 1.000000
0 958 0.458854 0.596759 0.073958 0.300926 1.000000
0 959 0.459635 0.597222 0.073438 0.301852 1.000000
0 960 0.458594 0.596296 0.071354 0.301852 1.000000
0 961 0.458333 0.596759 0.070833 0.302778 1.000000
0 962 0.458333 0.595833 0.069792 0.302778 1.000000
0 963 0.458333 0.595833 0.068750 0.302778 1.000000
0 964 0.458333 0.596296 0.068750 0.301852 1.000000
0 965 0.459115 0.596759 0.070312 0.302778 1.000000
0 966 0.460417 0.595833 0.070833 0.302778 1.000000
0 967 0.461979 0.596296 0.072917 0.301852 1.000000
0 968 0.462500 0.595370 0.073958 0.301852 1.000000
0 969 0.462500 0.596296 0.073958 0.301852 1.000000
0 970 0.463021 0.596296 0.073958 0.301852 1.000000
0 971 0.463021 0.596296 0.072917 0.301852 1.000000
0 972 0.462760 0.595833 0.072396 0.302778 1.000000
0 973 0.463021 0.595833 0.071875 0.302778 1.000000
0 974 0.461979 0.595370 0.070833 0.301852 1.000000
0 975 0.460938 0.594907 0.068750 0.302778 1.000000
0 976 0.460677 0.595833 0.067187 0.302778 1.000000
0 977 0.460417 0.595370 0.065625 0.303704 1.000000
0 978 0.459375 0.595370 0.064583 0.303704 1.000000
0 979 0.459115 0.595370 0.064062 0.303704 1.000000
0 980 0.459115 0.594907 0.064062 0.304630 1.000000
0 981 0.459115 0.594907 0.064062 0.304630 1.000000
0 982 0.459115 0.594444 0.064062 0.305556 1.000000
0 983 0.459635 0.594444 0.065104 0.305556 1.000000
0 984 0.459375 0.593981 0.064583 0.306481 1.000000
0 985 0.459115 0.593981 0.065104 0.306481 1.000000
0 986 0.459115 0.593519 0.065104 0.307407 1.000000
0 987 0.459375 0.593981 0.065625 0.308333 1.000000
0 988 0.459635 0.593056 0.065104 0.308333 1.000000
0 989 0.459635 0.593981 0.065104 0.306481 1.000000
0 990 0.459375 0.594444 0.065625 0.307407 1.000000
0 991 0.459635 0.591204 0.065104 0.312037 1.000000
0 992 0.459635 0.590278 0.065104 0.313889 1.000000
0 993 0.459635 0.587963 0.065104 0.318519 1.000000
0 994 0.459635 0.588426 0.066146 0.319444 1.000000
0 995 0.459375 0.590741 0.066667 0.316667 1.000000
0 996 0.459115 0.591667 0.066146 0.312963 1.000000
0 997 0.459635 0.590278 0.065104 0.315741 1.000000
0 998 0.459635 0.588889 0.064062 0.316667 1.000000
0 999 0.458594 0.592593 0.068229 0.314815 1.000000
0 1000 0.458333 0.594907 0.067708 0.308333 1.000000
0 1001 0.458854 0.597222 0.067708 0.303704 1.000000
0 1002 0.458594 0.597685 0.067187 0.304630 1.000000
0 1003 0.458333 0.596296 0.067708 0.305556 1.000000
0 1004 0.458594 0.595833 0.068229 0.306481 1.000000
0 1005 0.458594 0.595370 0.068229 0.307407 1.000000
0 1006 0.458594 0.596296 0.068229 0.305556 1.000000
0 1007 0.458854 0.600000 0.068750 0.298148 1.000000
0 1008 0.458333 0.603241 0.068750 0.291667 1.000000
0 1009 0.456771 0.611111 0.071875 0.275926 1.000000
0 1010 0.451302 0.618519 0.082812 0.262963 1.000000
0 1011 0.445573 0.625000 0.095312 0.248148 1.000000
0 1012 0.442188 0.625463 0.103125 0.247222 1.000000
0 1013 0.439583 0.619444 0.108333 0.261111 1.000000
0 1014 0.438021 0.614352 0.110417 0.269444 1.000000
0 1015 0.435937 0.603704 0.114583 0.290741 1.000000
0 1016 0.434635 0.598611 0.116146 0.299074 1.000000
0 1017 0.434115 0.592130 0.117188 0.310185 1.000000
0 1018 0.435156 0.589352 0.116146 0.313889 1.000000
0 1019 0.435417 0.588889 0.112500 0.316667 1.000000
0 1020 0.439063 0.589352 0.100000 0.315741 1.000000
0 1021 0.438281 0.589815 0.101562 0.314815 1.000000
0 1022 0.440625 0.589815 0.097917 0.316667 1.000000
0 1023 0.439844 0.587500 0.099479 0.321296 1.000000
0 1024 0.437500 0.587500 0.104167 0.319444 1.000000
0 1025 0.440365 0.591667 0.099479 0.312963 1.000000
0 1026 0.441927 0.591667 0.096354 0.312963 1.000000
0 1027 0.451302 0.591667 0.077604 0.311111 1.000000
0 1028 0.452083 0.592130 0.075000 0.310185 1.000000
0 1029 0.454167 0.592593 0.071875 0.311111 1.000000
0 1030 0.453906 0.592130 0.072396 0.310185 1.000000
0 1031 0.467969 0.592593 0.101562 0.309259 1.000000
0 1032 0.474479 0.591667 0.113542 0.311111 1.000000
0 1033 0.476562 0.591667 0.117708 0.311111 1.000000
0 1034 0.472135 0.591204 0.107813 0.310185 1.000000
0 1035 0.457552 0.593981 0.077604 0.304630 1.000000
0 1036 0.450000 0.599074 0.094792 0.296296 1.000000
0 1037 0.444271 0.600926 0.104167 0.290741 1.000000
0 1038 0.443229 0.600926 0.104167 0.290741 1.000000
0 1039 0.468750 0.601852 0.066667 0.290741 1.000000
0 1040 0.472396 0.604167 0.071875 0.295370 1.000000
0 1041 0.483854 0.606944 0.092708 0.286111 1.000000
0 1042 0.489844 0.607407 0.103646 0.279630 1.000000
0 1043 0.495573 0.611111 0.116146 0.272222 1.000000
0 1044 0.494792 0.612963 0.116667 0.268519 1.000000
0 1045 0.489844 0.619907 0.111979 0.254630 1.000000
0 1046 0.486458 0.623148 0.108333 0.248148 1.000000
0 1047 0.474219 0.630093 0.099479 0.234259 1.000000
0 1048 0.466667 0.636111 0.094792 0.222222 1.000000
0 1049 0.452344 0.647222 0.095312 0.201852 1.000000
0 1050 0.445833 0.654630 0.092708 0.188889 1.000000
0 1051 0.437760 0.664815 0.109896 0.166667 1.000000
0 1052 0.436198 0.669907 0.113021 0.154630 1.000000
0 1053 0.435677 0.682870 0.128646 0.130556 1.000000
0 1054 0.434896 0.688889 0.133333 0.118519 1.000000
0 1055 0.434115 0.688889 0.136979 0.116667 1.000000
0 1056 0.434896 0.687963 0.137500 0.116667 1.000000
0 1057 0.434635 0.687963 0.136979 0.118519 1.000000
0 1058 0.434375 0.688889 0.136458 0.120370 1.000000
0 1059 0.434896 0.681019 0.136458 0.134259 1.000000
0 1060 0.435417 0.678241 0.136458 0.139815 1.000000
0 1061 0.435937 0.677778 0.136458 0.142593 1.000000
0 1062 0.436719 0.677778 0.136979 0.142593 1.000000
0 1063 0.436719 0.678241 0.136979 0.141667 1.000000
0 1064 0.437500 0.677315 0.135417 0.139815 1.000000
0 1065 0.438802 0.681481 0.133854 0.129630 1.000000
0 1066 0.438021 0.683796 0.135417 0.125000 1.000000
0 1067 0.438542 0.685185 0.133333 0.120370 1.000000
0 1068 0.439583 0.684259 0.132292 0.120370 1.000000
0 1069 0.440885 0.682407 0.131771 0.122222 1.000000
0 1070 0.441667 0.681481 0.131250 0.122222 1.000000
0 1071 0.444792 0.676389 0.128125 0.132407 1.000000
0 1072 0.446615 0.673611 0.126562 0.134259 1.000000
0 1073 0.448437 0.670833 0.125000 0.134259 1.000000
0 1074 0.449219 0.669444 0.124479 0.133333 1.000000
0 1075 0.449740 0.668056 0.123438 0.132407 1.000000
0 1076 0.450260 0.668519 0.122396 0.133333 1.000000
0 1077 0.450260 0.668981 0.121354 0.126852 1.000000
0 1078 0.449479 0.671296 0.122917 0.120370 1.000000
0 1079 0.450260 0.672685 0.122396 0.113889 1.000000
0 1080 0.451302 0.672222 0.120313 0.111111 1.000000
0 1081 0.452083 0.671759 0.119792 0.110185 1.000000
0 1082 0.452604 0.670370 0.119792 0.111111 1.000000
0 1083 0.454948 0.665278 0.118229 0.117593 1.000000
0 1084 0.456250 0.663426 0.117708 0.119444 1.000000
0 1085 0.457552 0.662037 0.116146 0.122222 1.000000
0 1086 0.457813 0.661111 0.116667 0.122222 1.000000
0 1087 0.458594 0.660648 0.114062 0.121296 1.000000
0 1088 0.458854 0.660648 0.113542 0.119444 1.000000
0 1089 0.458854 0.660185 0.112500 0.118519 1.000000
0 1090 0.458594 0.658796 0.111979 0.121296 1.000000
0 1091 0.459115 0.654630 0.110937 0.127778 1.000000
0 1092 0.458854 0.652778 0.111458 0.131481 1.000000
0 1093 0.459375 0.647222 0.111458 0.140741 1.000000
0 1094 0.462760 0.643981 0.105729 0.145370 1.000000
0 1095 0.467448 0.635185 0.099479 0.159259 1.000000
0 1096 0.470313 0.631944 0.094792 0.162037 1.000000
0 1097 0.473177 0.625926 0.079687 0.174074 1.000000
0 1098 0.475000 0.622685 0.071875 0.180556 1.000000
0 1099 0.475521 0.615278 0.066667 0.195370 1.000000
0 1100 0.475521 0.611111 0.065625 0.201852 1.000000
0 1101 0.479948 0.606944 0.067187 0.210185 1.000000
0 1102 0.482292 0.604167 0.068750 0.212037 1.000000
0 1103 0.491667 0.599074 0.083333 0.222222 1.000000
0 1104 0.492969 0.594907 0.101562 0.225000 1.000000
0 1105 0.490365 0.593519 0.121354 0.227778 1.000000
0 1106 0.491406 0.594907 0.124479 0.223148 1.000000
0 1107 0.492188 0.601389 0.114583 0.208333 1.000000
0 1108 0.490885 0.600926 0.107813 0.207407 1.000000
0 1109 0.491406 0.603704 0.082812 0.200000 1.000000
0 1110 0.490365 0.607870 0.072396 0.195370 1.000000
0 1111 0.486979 0.618519 0.076042 0.172222 1.000000
0 1112 0.485677 0.624074 0.077604 0.161111 1.000000
0 1113 0.486198 0.629630 0.083854 0.148148 1.000000
0 1114 0.486719 0.629167 0.085938 0.147222 1.000000
0 1115 0.490885 0.629630 0.082812 0.148148 1.000000
0 1116 0.492969 0.626852 0.081771 0.142593 1.000000
0 1117 0.490104 0.624537 0.092708 0.139815 1.000000
0 1118 0.484375 0.624537 0.107292 0.141667 1.000000
0 1119 0.484635 0.615278 0.113021 0.160185 1.000000
0 1120 0.485417 0.606019 0.112500 0.178704 1.000000
0 1121 0.489844 0.596296 0.103646 0.196296 1.000000
0 1122 0.492188 0.592130 0.098958 0.204630 1.000000
0 1123 0.492448 0.594444 0.096354 0.200000 1.000000
0 1124 0.490625 0.587963 0.097917 0.188889 1.000000
0 1125 0.488281 0.560648 0.100521 0.115741 1.000000
0 1126 0.488021 0.554630 0.101042 0.087037 1.000000
0 1127 0.487760 0.550926 0.099479 0.135185 1.000000
0 1128 0.487240 0.554167 0.098437 0.176852 1.000000
0 1129 0.486458 0.555093 0.094792 0.208333 1.000000
0 1130 0.485938 0.562963 0.093750 0.216667 1.000000
0 1131 0.485156 0.587037 0.091146 0.192593 1.000000
0 1132 0.484896 0.602315 0.087500 0.162037 1.000000
0 1133 0.483594 0.624074 0.084896 0.118519 1.000000
0 1134 0.482812 0.623611 0.083333 0.121296 1.000000
0 1135 0.480469 0.621296 0.083854 0.124074 1.000000
0 1136 0.479167 0.618981 0.084375 0.128704 1.000000
0 1137 0.477344 0.619444 0.083854 0.129630 1.000000
0 1138 0.476042 0.618519 0.083333 0.129630 1.000000
0 1139 0.475000 0.619907 0.083333 0.128704 1.000000
0 1149 0.465104 0.625463 0.084375 0.115741 1.000000
0 1150 0.463542 0.625463 0.087500 0.117593 1.000000
0 1151 0.458073 0.624537 0.098437 0.121296 1.000000
0 1152 0.456250 0.624074 0.104167 0.124074 1.000000
0 1153 0.451562 0.620833 0.112500 0.130556 1.000000
0 1154 0.451823 0.622222 0.113021 0.129630 1.000000
0 1155 0.457292 0.620833 0.097917 0.128704 1.000000
0 1156 0.460938 0.623148 0.089583 0.133333 1.000000
0 1157 0.470313 0.622222 0.073958 0.138889 1.000000
0 1158 0.477604 0.620370 0.064583 0.138889 1.000000
0 1159 0.478125 0.618519 0.062500 0.144444 1.000000
0 1160 0.478125 0.619907 0.059375 0.150926 1.000000
0 1161 0.477865 0.618519 0.055729 0.159259 1.000000
0 1162 0.480729 0.616204 0.058333 0.160185 1.000000
0 1163 0.485156 0.613426 0.065104 0.160185 1.000000
0 1164 0.488021 0.612963 0.072917 0.157407 1.000000
0 1165 0.489583 0.614815 0.079167 0.157407 1.000000
0 1166 0.488281 0.617593 0.079687 0.157407 1.000000
0 1167 0.480208 0.618981 0.094792 0.145370 1.000000
0 1168 0.477604 0.624074 0.097917 0.137037 1.000000
0 1169 0.474479 0.635185 0.102083 0.125926 1.000000
0 1170 0.473177 0.641667 0.103646 0.114815 1.000000
0 1171 0.471354 0.652778 0.106250 0.094444 1.000000
0 1172 0.470573 0.652778 0.105729 0.094444 1.000000
0 1177 0.443750 0.634722 0.113542 0.139815 1.000000
0 1178 0.440365 0.632407 0.123438 0.146296 1.000000
0 1179 0.433594 0.631944 0.144271 0.147222 1.000000
0 1180 0.429948 0.633333 0.152604 0.146296 1.000000
0 1181 0.421875 0.637963 0.167708 0.138889 1.000000
0 1182 0.417708 0.641667 0.169792 0.133333 1.000000
0 1183 0.409896 0.650000 0.186458 0.116667 1.000000
0 1184 0.406771 0.655093 0.186458 0.108333 1.000000
0 1185 0.403385 0.661574 0.176563 0.087963 1.000000
0 1186 0.399740 0.665278 0.167187 0.078704 1.000000
0 1187 0.394531 0.663889 0.155729 0.083333 1.000000
0 1188 0.391146 0.662963 0.145833 0.085185 1.000000
0 1189 0.381771 0.661111 0.125000 0.103704 1.000000
0 1190 0.377604 0.660185 0.123958 0.107407 1.000000
0 1191 0.379427 0.657407 0.135937 0.111111 1.000000
0 1192 0.382031 0.656944 0.145313 0.113889 1.000000
0 1193 0.375781 0.656944 0.140104 0.115741 1.000000
0 1194 0.372396 0.657407 0.137500 0.114815 1.000000
0 1195 0.361719 0.659259 0.140104 0.107407 1.000000
0 1196 0.359896 0.665278 0.146875 0.106481 1.000000
0 1197 0.352083 0.667130 0.161458 0.091667 1.000000
0 1198 0.352344 0.668056 0.173437 0.087963 1.000000
0 1199 0.351302 0.668981 0.186979 0.086111 1.000000
0 1200 0.343490 0.669907 0.186979 0.086111 1.000000
0 1201 0.334115 0.664815 0.189062 0.092593 1.000000
0 1202 0.328125 0.662500 0.178125 0.097222 1.000000
0 1203 0.316146 0.660185 0.157292 0.100000 1.000000
0 1204 0.310156 0.660185 0.152604 0.100000 1.000000
0 1205 0.309375 0.661111 0.157292 0.098148 1.000000
0 1206 0.307031 0.661574 0.160938 0.095370 1.000000
0 1207 0.307552 0.662963 0.166146 0.090741 1.000000
0 1208 0.311719 0.663426 0.171354 0.089815 1.000000
0 1209 0.316667 0.663889 0.176042 0.087037 1.000000
0 1210 0.320052 0.664352 0.177604 0.086111 1.000000
0 1211 0.315365 0.661111 0.164062 0.094444 1.000000
0 1212 0.315885 0.657407 0.159896 0.100000 1.000000
0 1213 0.312760 0.655093 0.146354 0.110185 1.000000
0 1214 0.312240 0.650463 0.142187 0.108333 1.000000
0 1215 0.316667 0.648148 0.137500 0.107407 1.000000
0 1216 0.318750 0.646296 0.138542 0.111111 1.000000
0 1217 0.320312 0.643519 0.140625 0.114815 1.000000
0 1218 0.322917 0.642593 0.139583 0.116667 1.000000
0 1219 0.325260 0.635185 0.141146 0.127778 1.000000
0 1220 0.327083 0.625000 0.140625 0.138889 1.000000
0 1221 0.325000 0.616667 0.134375 0.153704 1.000000
0 1222 0.322396 0.613426 0.127083 0.158333 1.000000
0 1223 0.311458 0.609722 0.117708 0.156481 1.000000
0 1224 0.303385 0.611574 0.107813 0.156481 1.000000
0 1225 0.292708 0.613426 0.096875 0.149074 1.000000
0 1226 0.289062 0.614352 0.088542 0.147222 1.000000
0 1227 0.287760 0.602778 0.096354 0.170370 1.000000
0 1228 0.291406 0.603241 0.101562 0.169444 1.000000
0 1229 0.298698 0.607407 0.106771 0.161111 1.000000
0 1230 0.301042 0.611111 0.107292 0.153704 1.000000
0 1231 0.305990 0.619907 0.111979 0.134259 1.000000
0 1232 0.306771 0.626852 0.112500 0.122222 1.000000
0 1233 0.310677 0.637037 0.110937 0.100000 1.000000
0 1234 0.310937 0.643519 0.110417 0.088889 1.000000
0 1235 0.323177 0.652778 0.130729 0.068519 1.000000
0 1236 0.325260 0.654630 0.131771 0.066667 1.000000
0 1237 0.327083 0.654630 0.134375 0.068519 1.000000
0 1238 0.323698 0.653704 0.124479 0.066667 1.000000
0 1239 0.322917 0.652315 0.120833 0.063889 1.000000
0 1240 0.328646 0.649537 0.125000 0.073148 1.000000
0 1241 0.330469 0.646759 0.120313 0.076852 1.000000
0 1242 0.334635 0.643519 0.120313 0.077778 1.000000
0 1243 0.336198 0.641667 0.123438 0.081481 1.000000
0 1244 0.337240 0.638889 0.128646 0.085185 1.000000
0 1245 0.338802 0.637963 0.132812 0.087037 1.000000
0 1246 0.336719 0.636111 0.127604 0.088889 1.000000
0 1247 0.336198 0.636111 0.123438 0.090741 1.000000
0 1248 0.335417 0.636574 0.120833 0.093519 1.000000
0 1249 0.333854 0.636574 0.117708 0.091667 1.000000
0 1250 0.334375 0.634259 0.119792 0.096296 1.000000
0 1251 0.334896 0.633796 0.126042 0.097222 1.000000
0 1252 0.335417 0.632870 0.132292 0.099074 1.000000
0 1253 0.332813 0.632870 0.129167 0.099074 1.000000
0 1254 0.331250 0.632870 0.127083 0.099074 1.000000
0 1255 0.332552 0.633796 0.127604 0.099074 1.000000
0 1256 0.334635 0.632870 0.125521 0.099074 1.000000
0 1257 0.336458 0.631481 0.125000 0.101852 1.000000
0 1258 0.339062 0.629630 0.121875 0.107407 1.000000
0 1259 0.340885 0.629630 0.120313 0.105556 1.000000
0 1260 0.342969 0.629167 0.119271 0.106481 1.000000
0 1261 0.342969 0.629167 0.120313 0.106481 1.000000
0 1262 0.342448 0.629167 0.119271 0.106481 1.000000
0 1263 0.343229 0.630093 0.117708 0.106481 1.000000
0 1264 0.343490 0.629630 0.117188 0.105556 1.000000
0 1265 0.344271 0.629630 0.118750 0.105556 1.000000
0 1266 0.344010 0.630556 0.119271 0.103704 1.000000
0 1267 0.343490 0.631481 0.116146 0.103704 1.000000
0 1268 0.343490 0.632407 0.115104 0.100000 1.000000
0 1269 0.344271 0.632870 0.115625 0.099074 1.000000
0 1270 0.345833 0.633796 0.118750 0.099074 1.000000
0 1271 0.346615 0.632870 0.125521 0.100926 1.000000
0 1272 0.346354 0.627315 0.135417 0.112037 1.000000
0 1273 0.338281 0.622685 0.122396 0.121296 1.000000
0 1274 0.330469 0.618056 0.108854 0.130556 1.000000
0 1275 0.323177 0.616204 0.095312 0.134259 1.000000
0 1276 0.314323 0.615278 0.078646 0.137963 1.000000
0 1277 0.307812 0.615278 0.066667 0.137963 1.000000
0 1278 0.303646 0.616204 0.063542 0.136111 1.000000
0 1279 0.298177 0.618519 0.069271 0.133333 1.000000
0 1280 0.290104 0.623611 0.078125 0.119444 1.000000
0 1281 0.285156 0.626852 0.082812 0.112963 1.000000
0 1282 0.278125 0.630093 0.087500 0.106481 1.000000
0 1283 0.276562 0.631019 0.087500 0.104630 1.000000
0 1284 0.267448 0.631019 0.097396 0.104630 1.000000
0 1285 0.263021 0.630556 0.096875 0.105556 1.000000
0 1286 0.259635 0.629630 0.095312 0.107407 1.000000
0 1287 0.259115 0.629630 0.094271 0.107407 1.000000
0 1288 0.258854 0.629167 0.093750 0.106481 1.000000
0 1289 0.257552 0.630556 0.095312 0.103704 1.000000
0 1290 0.257552 0.632870 0.095312 0.097222 1.000000
0 1291 0.258073 0.633796 0.093229 0.095370 1.000000
0 1292 0.257812 0.636111 0.091667 0.088889 1.000000
0 1293 0.258073 0.637963 0.091146 0.087037 1.000000
0 1294 0.258073 0.641667 0.093229 0.081481 1.000000
0 1295 0.259375 0.643056 0.093750 0.078704 1.000000
0 1296 0.254167 0.646759 0.095833 0.071296 1.000000
0 1297 0.253385 0.648611 0.094271 0.071296 1.000000
0 1298 0.254948 0.648611 0.097396 0.069444 1.000000
0 1299 0.255469 0.647685 0.096354 0.073148 1.000000
0 1300 0.261719 0.641204 0.091146 0.086111 1.000000
0 1301 0.261719 0.636111 0.091146 0.096296 1.000000
0 1302 0.261458 0.625926 0.091667 0.124074 1.000000
0 1303 0.261979 0.620833 0.092708 0.130556 1.000000
0 1304 0.263021 0.617593 0.098958 0.137037 1.000000
0 1305 0.267188 0.619907 0.107292 0.134259 1.000000
0 1306 0.275521 0.626389 0.120833 0.126852 1.000000
0 1307 0.282813 0.629630 0.133333 0.114815 1.000000
0 1308 0.295312 0.635648 0.137500 0.095370 1.000000
0 1309 0.298698 0.640741 0.123438 0.083333 1.000000
0 1310 0.313021 0.640741 0.106250 0.087037 1.000000
0 1311 0.317708 0.638889 0.102083 0.092593 1.000000
0 1312 0.326823 0.633796 0.097396 0.121296 1.000000
0 1313 0.335417 0.627778 0.087500 0.148148 1.000000
0 1314 0.346354 0.615741 0.071875 0.138889 1.000000
0 1315 0.349479 0.621759 0.072917 0.126852 1.000000
0 1316 0.363542 0.630093 0.087500 0.110185 1.000000
0 1317 0.365625 0.645370 0.087500 0.081481 1.000000
0 1318 0.372135 0.645370 0.085938 0.083333 1.000000
0 1319 0.376302 0.643056 0.085938 0.087963 1.000000
0 1320 0.379688 0.641204 0.079167 0.091667 1.000000
0 1321 0.381250 0.640741 0.076042 0.094444 1.000000
0 1322 0.383854 0.639352 0.071875 0.095370 1.000000
0 1323 0.384115 0.638889 0.076563 0.092593 1.000000
0 1324 0.382812 0.637963 0.083333 0.092593 1.000000
0 1325 0.384115 0.636574 0.086979 0.091667 1.000000
0 1326 0.383073 0.639352 0.083854 0.087963 1.000000
0 1327 0.380729 0.638889 0.081250 0.085185 1.000000
0 1328 0.377083 0.638889 0.071875 0.081481 1.000000
0 1329 0.376823 0.639815 0.067187 0.081481 1.000000
0 1330 0.373177 0.638889 0.068229 0.079630 1.000000
0 1331 0.371094 0.637963 0.066146 0.081481 1.000000
0 1332 0.368229 0.634722 0.063542 0.084259 1.000000
0 1333 0.367708 0.633796 0.063542 0.084259 1.000000
0 1334 0.368229 0.630093 0.062500 0.089815 1.000000
0 1335 0.367448 0.628241 0.059896 0.091667 1.000000
0 1336 0.366667 0.625000 0.058333 0.096296 1.000000
0 1337 0.365365 0.625000 0.058854 0.096296 1.000000
0 1338 0.361458 0.623611 0.060417 0.099074 1.000000
0 1339 0.359896 0.623148 0.061458 0.101852 1.000000
0 1340 0.355729 0.621296 0.062500 0.103704 1.000000
0 1341 0.353906 0.620370 0.060937 0.105556 1.000000
0 1342 0.351562 0.614352 0.061458 0.110185 1.000000
0 1343 0.350521 0.612500 0.062500 0.113889 1.000000
0 1344 0.349479 0.610648 0.058333 0.119444 1.000000
0 1345 0.348177 0.609722 0.054688 0.123148 1.000000
0 1346 0.348698 0.610185 0.056771 0.124074 1.000000
0 1347 0.348958 0.610185 0.056250 0.122222 1.000000
0 1348 0.349219 0.612037 0.056771 0.116667 1.000000
0 1349 0.349219 0.613889 0.056771 0.114815 1.000000
0 1350 0.348438 0.615741 0.055208 0.109259 1.000000
0 1351 0.347396 0.616204 0.054167 0.108333 1.000000
0 1352 0.345313 0.614815 0.056250 0.111111 1.000000
0 1353 0.345833 0.612500 0.054167 0.113889 1.000000
0 1354 0.345052 0.606944 0.048438 0.126852 1.000000
0 1355 0.347135 0.600463 0.047396 0.137963 1.000000
0 1356 0.349219 0.587037 0.051562 0.164815 1.000000
0 1357 0.351562 0.580556 0.053125 0.177778 1.000000
0 1358 0.352865 0.570833 0.052604 0.197222 1.000000
0 1359 0.353385 0.566204 0.054688 0.206481 1.000000
0 1360 0.354427 0.559722 0.057813 0.219444 1.000000
0 1361 0.353906 0.556944 0.056771 0.225000 1.000000
0 1362 0.352604 0.555556 0.056250 0.227778 1.000000
0 1363 0.351823 0.555556 0.054688 0.229630 1.000000
0 1364 0.350781 0.555556 0.055729 0.227778 1.000000
0 1365 0.350000 0.556019 0.057292 0.226852 1.000000
0 1366 0.351562 0.555556 0.060417 0.225926 1.000000
0 1367 0.352865 0.556481 0.061979 0.225926 1.000000
0 1368 0.353906 0.556481 0.058854 0.224074 1.000000
0 1369 0.359635 0.556944 0.068229 0.223148 1.000000
0 1370 0.350521 0.552315 0.061458 0.230556 1.000000
0 1371 0.346354 0.547685 0.063542 0.239815 1.000000
0 1372 0.344010 0.553704 0.058854 0.227778 1.000000
0 1373 0.342448 0.554167 0.053646 0.225000 1.000000
0 1374 0.346094 0.551389 0.051562 0.230556 1.000000
0 1375 0.351302 0.552315 0.051562 0.230556 1.000000
0 1376 0.357552 0.556019 0.053646 0.226852 1.000000
0 1377 0.364844 0.555093 0.054688 0.228704 1.000000
0 1378 0.370833 0.559722 0.061458 0.219444 1.000000
0 1379 0.373437 0.561111 0.061458 0.216667 1.000000
0 1380 0.377344 0.562963 0.068229 0.214815 1.000000
0 1381 0.377604 0.563426 0.080208 0.213889 1.000000
0 1382 0.377865 0.558796 0.092188 0.221296 1.000000
0 1383 0.378906 0.556944 0.095312 0.225000 1.000000
0 1384 0.378906 0.553704 0.097396 0.231481 1.000000
0 1385 0.381250 0.551389 0.104167 0.230556 1.000000
0 1386 0.386458 0.550000 0.116667 0.227778 1.000000
0 1387 0.390625 0.553241 0.126042 0.225000 1.000000
0 1388 0.394792 0.557870 0.131250 0.217593 1.000000
0 1389 0.401562 0.560648 0.116667 0.217593 1.000000
0 1390 0.408333 0.562500 0.088542 0.215741 1.000000
0 1391 0.405729 0.562963 0.073958 0.214815 1.000000
0 1392 0.418490 0.562963 0.053646 0.212963 1.000000
0 1393 0.425000 0.564352 0.050000 0.212037 1.000000
0 1394 0.436198 0.564815 0.097396 0.211111 1.000000
0 1395 0.434375 0.564352 0.105208 0.212037 1.000000
0 1396 0.433594 0.564815 0.077604 0.211111 1.000000
0 1397 0.441667 0.563426 0.068750 0.212037 1.000000
0 1398 0.449479 0.562963 0.059375 0.212963 1.000000
0 1399 0.451042 0.564815 0.052083 0.214815 1.000000
0 1400 0.452604 0.565278 0.054167 0.213889 1.000000
0 1401 0.452865 0.563889 0.055729 0.212963 1.000000
0 1402 0.485938 0.558333 0.078125 0.224074 1.000000
0 1403 0.494271 0.551852 0.086458 0.237037 1.000000
0 1404 0.501302 0.542130 0.097396 0.247222 1.000000
0 1405 0.500781 0.536111 0.101562 0.242593 1.000000
0 1406 0.495312 0.494444 0.102083 0.162963 1.000000
0 1407 0.487500 0.486574 0.097917 0.150926 1.000000
0 1408 0.482812 0.499074 0.083333 0.170370 1.000000
0 1409 0.485677 0.509722 0.069271 0.180556 1.000000
0 1410 0.479427 0.531944 0.047396 0.208333 1.000000
0 1411 0.482812 0.542593 0.050000 0.222222 1.000000
0 1412 0.493229 0.558796 0.062500 0.230556 1.000000
0 1413 0.499740 0.566667 0.069271 0.216667 1.000000
0 1414 0.502604 0.578241 0.081250 0.195370 1.000000
0 1415 0.502865 0.585185 0.082812 0.183333 1.000000
0 1416 0.499219 0.597222 0.084896 0.161111 1.000000
0 1417 0.495312 0.603241 0.087500 0.150926 1.000000
0 1418 0.489583 0.612500 0.078125 0.132407 1.000000
0 1419 0.499479 0.616667 0.084375 0.124074 1.000000
0 1420 0.518229 0.619907 0.108333 0.117593 1.000000
0 1421 0.532292 0.620370 0.085417 0.116667 1.000000
0 1422 0.530729 0.621296 0.077083 0.112963 1.000000
0 1423 0.531510 0.625000 0.067187 0.112963 1.000000
0 1424 0.541406 0.627315 0.075521 0.108333 1.000000
0 1425 0.544531 0.628704 0.078646 0.105556 1.000000
0 1426 0.548438 0.629167 0.073958 0.104630 1.000000
0 1427 0.551823 0.629167 0.070312 0.104630 1.000000
0 1428 0.563281 0.629630 0.066146 0.109259 1.000000
0 1429 0.571354 0.626389 0.067708 0.112037 1.000000
0 1430 0.590365 0.622685 0.085938 0.119444 1.000000
0 1431 0.592708 0.618981 0.089583 0.126852 1.000000
0 1432 0.593229 0.611111 0.090625 0.138889 1.000000
0 1433 0.594271 0.604167 0.088542 0.145370 1.000000
0 1434 0.593229 0.593519 0.088542 0.164815 1.000000
0 1435 0.592448 0.589815 0.089063 0.174074 1.000000
0 1436 0.594792 0.579167 0.092708 0.193519 1.000000
0 1437 0.597135 0.576389 0.094271 0.200926 1.000000
0 1438 0.600521 0.569444 0.088542 0.214815 1.000000
0 1439 0.605208 0.566667 0.086458 0.220370 1.000000
0 1440 0.607812 0.561111 0.081250 0.222222 1.000000
0 1441 0.605729 0.559722 0.071875 0.219444 1.000000
0 1442 0.600781 0.563426 0.068229 0.226852 1.000000
0 1443 0.602604 0.565278 0.064583 0.223148 1.000000
0 1444 0.601302 0.565741 0.063021 0.222222 1.000000
0 1445 0.599219 0.564815 0.066146 0.224074 1.000000
0 1446 0.596354 0.562037 0.068750 0.229630 1.000000
0 1447 0.597135 0.560648 0.071354 0.230556 1.000000
0 1448 0.599479 0.562037 0.065625 0.229630 1.000000
0 1449 0.594792 0.563889 0.064583 0.227778 1.000000
0 1450 0.589844 0.568056 0.065104 0.221296 1.000000
0 1451 0.586458 0.568519 0.063542 0.220370 1.000000
0 1452 0.577604 0.569444 0.072917 0.216667 1.000000
0 1453 0.573958 0.570370 0.077083 0.214815 1.000000
0 1454 0.552865 0.571296 0.059896 0.214815 1.000000
0 1455 0.548438 0.570833 0.059375 0.213889 1.000000
0 1456 0.541406 0.571759 0.065104 0.213889 1.000000
0 1457 0.540104 0.571296 0.064583 0.216667 1.000000
0 1458 0.535156 0.571296 0.072396 0.216667 1.000000
0 1459 0.531510 0.570370 0.079687 0.218519 1.000000
0 1460 0.527604 0.567130 0.087500 0.223148 1.000000
0 1461 0.523177 0.565741 0.095312 0.227778 1.000000
0 1462 0.526823 0.564815 0.097396 0.227778 1.000000
0 1463 0.529167 0.565278 0.098958 0.225000 1.000000
0 1464 0.525000 0.570370 0.078125 0.218519 1.000000
0 1465 0.522135 0.571296 0.070312 0.214815 1.000000
0 1466 0.514062 0.572222 0.056250 0.212963 1.000000
0 1467 0.505208 0.572685 0.055208 0.212037 1.000000
0 1468 0.491927 0.572685 0.050521 0.212037 1.000000
0 1469 0.489063 0.571759 0.053125 0.213889 1.000000
0 1470 0.492448 0.572685 0.060937 0.212037 1.000000
0 1471 0.493490 0.573611 0.067187 0.212037 1.000000
0 1472 0.487500 0.571759 0.065625 0.215741 1.000000
0 1473 0.487760 0.568981 0.066146 0.223148 1.000000
0 1474 0.482812 0.562500 0.057292 0.232407 1.000000
0 1475 0.479427 0.560648 0.056771 0.234259 1.000000
0 1476 0.478646 0.557407 0.066667 0.235185 1.000000
0 1477 0.476302 0.556944 0.065104 0.234259 1.000000
0 1478 0.473177 0.558333 0.063021 0.238889 1.000000
0 1479 0.472135 0.556481 0.061979 0.242593 1.000000
0 1480 0.471094 0.554167 0.058854 0.245370 1.000000
0 1481 0.471094 0.553241 0.056771 0.247222 1.000000
0 1482 0.462500 0.543056 0.090625 0.260185 1.000000
0 1483 0.457813 0.544907 0.085417 0.263889 1.000000
