0 1 0.683073 0.509259 0.083854 0.235185 1.000000
0 2 0.681771 0.501852 0.089583 0.248148 1.000000
0 3 0.680990 0.499074 0.091146 0.274074 1.000000
0 4 0.678385 0.492130 0.086979 0.289815 1.000000
0 5 0.672917 0.486574 0.079167 0.308333 1.000000
0 6 0.670573 0.483333 0.073438 0.316667 1.000000
0 7 0.666146 0.481019 0.067708 0.319444 1.000000
0 8 0.658854 0.483333 0.072917 0.316667 1.000000
0 9 0.653906 0.487500 0.075521 0.308333 1.000000
0 10 0.648438 0.490741 0.081250 0.301852 1.000000
0 11 0.643229 0.500463 0.086458 0.297222 1.000000
0 12 0.634896 0.516204 0.096875 0.269444 1.000000
0 13 0.630729 0.523148 0.097917 0.255556 1.000000
0 14 0.629427 0.527778 0.086979 0.246296 1.000000
0 15 0.626302 0.526852 0.085938 0.248148 1.000000
0 16 0.627083 0.522685 0.075000 0.254630 1.000000
0 17 0.628906 0.518519 0.070312 0.264815 1.000000
0 18 0.632031 0.515278 0.065104 0.269444 1.000000
0 19 0.635677 0.510648 0.056771 0.276852 1.000000
0 20 0.635156 0.494907 0.055729 0.312037 1.000000
0 21 0.636458 0.488426 0.058333 0.325000 1.000000
0 22 0.633594 0.484259 0.054688 0.333333 1.000000
0 23 0.631771 0.483796 0.054167 0.334259 1.000000
0 24 0.633073 0.481019 0.057813 0.339815 1.000000
0 25 0.633333 0.480556 0.058333 0.340741 1.000000
0 26 0.633854 0.480556 0.060417 0.340741 1.000000
0 27 0.632292 0.482870 0.060417 0.336111 1.000000
0 28 0.629948 0.489815 0.058854 0.324074 1.000000
0 29 0.629427 0.488889 0.057813 0.324074 1.000000
0 30 0.630990 0.488889 0.058854 0.324074 1.000000
0 31 0.630990 0.489352 0.060937 0.323148 1.000000
0 32 0.633594 0.488889 0.067187 0.312963 1.000000
0 33 0.635156 0.489815 0.070312 0.303704 1.000000
0 34 0.636458 0.491204 0.072917 0.300926 1.000000
0 35 0.636979 0.494444 0.075000 0.296296 1.000000
0 36 0.637760 0.503241 0.076563 0.280556 1.000000
0 37 0.638021 0.505556 0.077083 0.274074 1.000000
0 38 0.638802 0.506481 0.078646 0.272222 1.000000
0 39 0.640104 0.504630 0.082292 0.274074 1.000000
0 40 0.641667 0.490741 0.084375 0.287037 1.000000
0 41 0.644271 0.484259 0.079167 0.292593 1.000000
0 42 0.649219 0.475926 0.072396 0.301852 1.000000
0 43 0.655469 0.471296 0.063021 0.307407 1.000000
0 44 0.670052 0.464815 0.047396 0.320370 1.000000
0 45 0.674219 0.462500 0.048438 0.319444 1.000000
0 46 0.677083 0.465278 0.050000 0.315741 1.000000
0 47 0.680469 0.470370 0.053646 0.305556 1.000000
0 48 0.685677 0.475926 0.068229 0.294444 1.000000
0 49 0.688021 0.478241 0.072917 0.289815 1.000000
0 50 0.691667 0.480093 0.078125 0.284259 1.000000
0 51 0.697135 0.482407 0.078646 0.281481 1.000000
0 52 0.703906 0.484722 0.080729 0.278704 1.000000
0 53 0.712760 0.484722 0.084896 0.278704 1.000000
0 54 0.722656 0.485185 0.082812 0.277778 1.000000
0 55 0.729688 0.486574 0.082292 0.278704 1.000000
0 56 0.737240 0.489815 0.082812 0.285185 1.000000
0 57 0.737500 0.490278 0.075000 0.289815 1.000000
0 58 0.737760 0.489815 0.067187 0.292593 1.000000
0 59 0.736719 0.489352 0.057813 0.293519 1.000000
0 60 0.735677 0.487963 0.043229 0.296296 1.000000
0 61 0.737240 0.489815 0.040104 0.294444 1.000000
0 62 0.739844 0.494444 0.036979 0.283333 1.000000
0 63 0.742188 0.497222 0.036458 0.277778 1.000000
0 64 0.748177 0.503704 0.041146 0.266667 1.000000
0 65 0.753906 0.508333 0.046354 0.262963 1.000000
0 66 0.757812 0.510185 0.051042 0.264815 1.000000
0 67 0.761979 0.511574 0.056250 0.262037 1.000000
0 68 0.767708 0.509722 0.059375 0.267593 1.000000
0 69 0.771875 0.508796 0.057292 0.269444 1.000000
0 70 0.777865 0.507870 0.055729 0.271296 1.000000
0 71 0.777083 0.511111 0.067708 0.274074 1.000000
0 72 0.772135 0.516204 0.098437 0.276852 1.000000
0 73 0.774219 0.518056 0.096354 0.275000 1.000000
0 74 0.780990 0.519907 0.084896 0.275000 1.000000
0 75 0.783073 0.520833 0.075521 0.275000 1.000000
0 76 0.785417 0.520833 0.052083 0.275000 1.000000
0 77 0.784115 0.520370 0.043229 0.275926 1.000000
0 78 0.785417 0.521759 0.043750 0.275000 1.000000
0 79 0.786979 0.521759 0.046875 0.275000 1.000000
0 80 0.789844 0.525926 0.056771 0.279630 1.000000
0 81 0.790625 0.528704 0.057292 0.281481 1.000000
0 82 0.790365 0.529167 0.053646 0.282407 1.000000
0 83 0.793229 0.528241 0.054167 0.284259 1.000000
0 84 0.795312 0.529167 0.059375 0.284259 1.000000
0 85 0.795573 0.529630 0.058854 0.283333 1.000000
0 86 0.795833 0.529167 0.058333 0.282407 1.000000
0 87 0.795833 0.528704 0.056250 0.281481 1.000000
0 88 0.796094 0.530556 0.053646 0.279630 1.000000
0 89 0.794792 0.531944 0.051042 0.278704 1.000000
0 90 0.793490 0.537500 0.048438 0.286111 1.000000
0 91 0.793229 0.540278 0.051042 0.286111 1.000000
0 92 0.794010 0.542593 0.059896 0.281481 1.000000
0 93 0.791667 0.543519 0.062500 0.281481 1.000000
0 94 0.790365 0.542593 0.064062 0.281481 1.000000
0 95 0.789583 0.543056 0.065625 0.282407 1.000000
0 96 0.785156 0.542593 0.070312 0.283333 1.000000
0 97 0.783073 0.544907 0.071354 0.282407 1.000000
0 98 0.779427 0.545370 0.072396 0.281481 1.000000
0 99 0.775000 0.547222 0.072917 0.279630 1.000000
0 100 0.763542 0.550000 0.065625 0.277778 1.000000
0 101 0.761198 0.550000 0.066146 0.274074 1.000000
0 102 0.759635 0.550463 0.068229 0.273148 1.000000
0 103 0.758854 0.550926 0.065625 0.272222 1.000000
0 104 0.756510 0.550463 0.066146 0.273148 1.000000
0 105 0.752604 0.550463 0.070833 0.273148 1.000000
0 106 0.753646 0.548611 0.068750 0.275000 1.000000
0 107 0.755469 0.547685 0.064062 0.275000 1.000000
0 108 0.762240 0.533796 0.048438 0.297222 1.000000
0 109 0.763542 0.526389 0.045833 0.304630 1.000000
0 110 0.762500 0.520833 0.046875 0.317593 1.000000
0 111 0.766927 0.517130 0.036979 0.323148 1.000000
0 112 0.767448 0.509722 0.039062 0.336111 1.000000
0 113 0.769010 0.508796 0.039062 0.337963 1.000000
0 114 0.770052 0.506481 0.040104 0.342593 1.000000
0 115 0.771354 0.507407 0.040625 0.340741 1.000000
0 116 0.772396 0.505556 0.042708 0.342593 1.000000
0 117 0.773438 0.508333 0.043750 0.337037 1.000000
0 118 0.774740 0.507870 0.046354 0.337963 1.000000
0 119 0.775781 0.508333 0.046354 0.337037 1.000000
0 120 0.780469 0.508796 0.052604 0.337963 1.000000
0 121 0.782813 0.508333 0.059375 0.337037 1.000000
0 122 0.780469 0.508796 0.055729 0.334259 1.000000
0 123 0.786979 0.511111 0.067708 0.331481 1.000000
0 124 0.790625 0.511111 0.073958 0.327778 1.000000
0 125 0.789062 0.510648 0.078125 0.328704 1.000000
0 126 0.788281 0.511574 0.076563 0.325000 1.000000
0 127 0.788542 0.514815 0.073958 0.320370 1.000000
0 128 0.789323 0.525000 0.069271 0.300000 1.000000
0 129 0.783594 0.536111 0.054688 0.281481 1.000000
0 130 0.783333 0.545370 0.053125 0.262963 1.000000
0 131 0.790885 0.545833 0.066146 0.263889 1.000000
0 132 0.805990 0.544907 0.096354 0.267593 1.000000
0 133 0.809375 0.543981 0.103125 0.265741 1.000000
0 134 0.806771 0.543056 0.104167 0.265741 1.000000
0 135 0.802865 0.542130 0.102604 0.267593 1.000000
0 136 0.787500 0.541204 0.079167 0.267593 1.000000
0 137 0.782552 0.540741 0.068229 0.268519 1.000000
0 138 0.778906 0.539815 0.057813 0.270370 1.000000
0 139 0.781250 0.540741 0.051042 0.268519 1.000000
0 140 0.779427 0.540741 0.049479 0.268519 1.000000
0 141 0.776823 0.540741 0.045312 0.274074 1.000000
0 142 0.770573 0.533796 0.042188 0.289815 1.000000
0 143 0.766406 0.534259 0.043229 0.283333 1.000000
0 144 0.757031 0.528241 0.052604 0.297222 1.000000
0 145 0.754167 0.526852 0.051042 0.300000 1.000000
0 146 0.753125 0.523611 0.054167 0.304630 1.000000
0 147 0.756510 0.524074 0.061979 0.303704 1.000000
0 148 0.759115 0.531481 0.065104 0.290741 1.000000
0 149 0.758854 0.534259 0.057292 0.285185 1.000000
0 150 0.761719 0.536111 0.056771 0.281481 1.000000
0 151 0.760677 0.541204 0.057813 0.269444 1.000000
0 152 0.761979 0.544444 0.070833 0.264815 1.000000
0 153 0.764323 0.546759 0.081771 0.262037 1.000000
0 154 0.767188 0.548611 0.092708 0.258333 1.000000
0 155 0.767448 0.551389 0.100521 0.252778 1.000000
0 156 0.766667 0.553704 0.105208 0.246296 1.000000
0 157 0.765104 0.554630 0.106250 0.246296 1.000000
0 158 0.764062 0.553704 0.104167 0.248148 1.000000
0 159 0.759115 0.552778 0.108854 0.250000 1.000000
0 160 0.737500 0.548611 0.138542 0.258333 1.000000
0 161 0.735156 0.544444 0.131771 0.261111 1.000000
0 162 0.733333 0.541667 0.127083 0.262963 1.000000
0 163 0.731510 0.531019 0.118229 0.247222 1.000000
0 164 0.720052 0.531019 0.102604 0.247222 1.000000
0 165 0.714323 0.530093 0.098437 0.249074 1.000000
0 166 0.705729 0.523148 0.093750 0.262963 1.000000
0 167 0.697135 0.518056 0.086979 0.267593 1.000000
0 168 0.677083 0.519907 0.071875 0.263889 1.000000
0 169 0.667708 0.515278 0.065625 0.258333 1.000000
0 170 0.656510 0.514815 0.058854 0.255556 1.000000
0 171 0.649740 0.515741 0.058854 0.255556 1.000000
0 172 0.637760 0.515278 0.066146 0.254630 1.000000
0 173 0.629427 0.514815 0.076563 0.255556 1.000000
0 174 0.622656 0.514352 0.079687 0.252778 1.000000
0 175 0.616146 0.514815 0.073958 0.251852 1.000000
0 176 0.608854 0.515741 0.070833 0.250000 1.000000
0 177 0.606510 0.516204 0.070312 0.249074 1.000000
0 178 0.608073 0.515278 0.067187 0.250926 1.000000
0 179 0.608594 0.515741 0.065104 0.251852 1.000000
0 180 0.605469 0.515278 0.067187 0.247222 1.000000
0 181 0.602344 0.514815 0.069271 0.242593 1.000000
0 182 0.608073 0.516204 0.086979 0.239815 1.000000
0 183 0.617448 0.516204 0.109896 0.237963 1.000000
0 184 0.632031 0.520370 0.130729 0.231481 1.000000
0 185 0.633594 0.517130 0.123438 0.236111 1.000000
0 186 0.629167 0.497685 0.106250 0.276852 1.000000
0 187 0.626302 0.487963 0.086979 0.296296 1.000000
0 188 0.625260 0.495370 0.073438 0.281481 1.000000
0 189 0.624219 0.492593 0.070312 0.287037 1.000000
0 190 0.623437 0.489815 0.070833 0.292593 1.000000
0 191 0.625000 0.492593 0.082292 0.288889 1.000000
0 192 0.632031 0.502315 0.122396 0.267593 1.000000
0 193 0.632552 0.508796 0.132812 0.254630 1.000000
0 194 0.629948 0.515278 0.136979 0.241667 1.000000
0 195 0.625000 0.515278 0.130208 0.241667 1.000000
0 196 0.611458 0.508796 0.098958 0.254630 1.000000
0 197 0.607031 0.505093 0.085938 0.260185 1.000000
0 198 0.606510 0.503704 0.077604 0.262963 1.000000
0 199 0.608333 0.503241 0.072917 0.263889 1.000000
0 200 0.611458 0.503704 0.066667 0.257407 1.000000
0 201 0.613281 0.504167 0.064062 0.254630 1.000000
0 202 0.615104 0.506481 0.063542 0.255556 1.000000
0 203 0.616667 0.507407 0.063542 0.253704 1.000000
0 204 0.619271 0.510185 0.067708 0.248148 1.000000
0 205 0.619792 0.513426 0.072917 0.245370 1.000000
0 206 0.617969 0.517130 0.078646 0.243519 1.000000
0 207 0.618229 0.522222 0.085417 0.242593 1.000000
0 208 0.615104 0.526389 0.092708 0.236111 1.000000
0 209 0.614323 0.527315 0.096354 0.232407 1.000000
0 210 0.614062 0.527778 0.095833 0.233333 1.000000
0 211 0.613542 0.524074 0.097917 0.238889 1.000000
0 212 0.615104 0.516667 0.098958 0.253704 1.000000
0 213 0.615104 0.523611 0.097917 0.237963 1.000000
0 214 0.611198 0.520370 0.088021 0.242593 1.000000
0 215 0.603646 0.516204 0.073958 0.250926 1.000000
0 216 0.586719 0.509722 0.067187 0.263889 1.000000
0 217 0.580990 0.508333 0.060937 0.268519 1.000000
0 218 0.579948 0.506944 0.050521 0.269444 1.000000
0 219 0.578646 0.506944 0.038542 0.269444 1.000000
0 220 0.573958 0.506019 0.044792 0.271296 1.000000
0 221 0.572656 0.506944 0.065104 0.269444 1.000000
0 222 0.571875 0.506944 0.079167 0.269444 1.000000
0 223 0.571615 0.508333 0.082812 0.268519 1.000000
0 224 0.567708 0.504630 0.063542 0.262963 1.000000
0 225 0.560156 0.503704 0.047396 0.262963 1.000000
0 226 0.558333 0.504167 0.042708 0.262037 1.000000
0 227 0.558333 0.506481 0.046875 0.257407 1.000000
0 228 0.545052 0.505556 0.077604 0.257407 1.000000
0 229 0.544010 0.505093 0.077604 0.260185 1.000000
0 230 0.546354 0.503704 0.069792 0.261111 1.000000
0 231 0.545312 0.500463 0.060417 0.262037 1.000000
0 232 0.540365 0.498611 0.048438 0.263889 1.000000
0 233 0.534115 0.502315 0.056771 0.265741 1.000000
0 234 0.526042 0.504167 0.068750 0.262037 1.000000
0 235 0.519792 0.507407 0.081250 0.255556 1.000000
0 236 0.509375 0.515278 0.093750 0.243519 1.000000
0 237 0.505729 0.517593 0.095833 0.238889 1.000000
0 238 0.502083 0.517593 0.094792 0.237037 1.000000
0 239 0.499479 0.516667 0.089583 0.238889 1.000000
0 240 0.504687 0.516667 0.085417 0.250000 1.000000
0 241 0.503646 0.514815 0.088542 0.253704 1.000000
0 242 0.501302 0.514352 0.092188 0.254630 1.000000
0 243 0.492969 0.514352 0.098437 0.256481 1.000000
0 244 0.477865 0.512037 0.104688 0.259259 1.000000
0 245 0.464323 0.512037 0.090104 0.261111 1.000000
0 246 0.461979 0.509722 0.089583 0.265741 1.000000
0 247 0.462760 0.506944 0.086979 0.275000 1.000000
0 248 0.472396 0.504167 0.064583 0.287963 1.000000
0 249 0.475521 0.503241 0.057292 0.291667 1.000000
0 250 0.473438 0.501389 0.051042 0.293519 1.000000
0 251 0.471615 0.501852 0.048438 0.294444 1.000000
0 252 0.479167 0.506019 0.072917 0.286111 1.000000
0 253 0.477083 0.509259 0.090625 0.277778 1.000000
0 254 0.474219 0.512037 0.103646 0.274074 1.000000
0 255 0.472396 0.512037 0.110417 0.274074 1.000000
0 256 0.463281 0.514815 0.118229 0.275926 1.000000
0 257 0.457031 0.516204 0.115104 0.275000 1.000000
0 258 0.452604 0.515741 0.103125 0.274074 1.000000
0 259 0.450521 0.516204 0.081250 0.275000 1.000000
0 260 0.445052 0.515278 0.045312 0.275000 1.000000
0 261 0.438281 0.514815 0.045312 0.275926 1.000000
0 262 0.438021 0.514352 0.053125 0.276852 1.000000
0 263 0.438281 0.514815 0.055729 0.277778 1.000000
0 264 0.428385 0.514352 0.056771 0.278704 1.000000
0 265 0.422396 0.515278 0.055208 0.278704 1.000000
0 266 0.423438 0.515741 0.058333 0.275926 1.000000
0 267 0.427083 0.516204 0.060417 0.276852 1.000000
0 268 0.423698 0.516204 0.054688 0.278704 1.000000
0 269 0.417708 0.516204 0.051042 0.278704 1.000000
0 270 0.415365 0.516204 0.048438 0.278704 1.000000
0 271 0.421094 0.516204 0.060937 0.278704 1.000000
0 272 0.422656 0.517130 0.069271 0.276852 1.000000
0 273 0.417969 0.519907 0.068229 0.273148 1.000000
0 274 0.417448 0.520833 0.064062 0.269444 1.000000
0 275 0.416406 0.521759 0.060937 0.267593 1.000000
0 276 0.406250 0.527778 0.055208 0.266667 1.000000
0 277 0.402083 0.530093 0.048958 0.267593 1.000000
0 278 0.399740 0.527315 0.055729 0.267593 1.000000
0 279 0.398177 0.522685 0.059896 0.267593 1.000000
0 280 0.399740 0.514352 0.063021 0.280556 1.000000
0 281 0.402083 0.512963 0.058333 0.281481 1.000000
0 282 0.403646 0.512037 0.059375 0.285185 1.000000
0 283 0.403906 0.513426 0.056771 0.284259 1.000000
0 284 0.412500 0.520833 0.065625 0.278704 1.000000
0 285 0.412760 0.525000 0.072396 0.272222 1.000000
0 286 0.412500 0.528704 0.073958 0.264815 1.000000
0 287 0.409375 0.531481 0.075000 0.259259 1.000000
0 288 0.406771 0.536574 0.056250 0.256481 1.000000
0 289 0.397917 0.538889 0.059375 0.251852 1.000000
0 290 0.391667 0.540278 0.063542 0.252778 1.000000
0 291 0.389062 0.543981 0.070833 0.256481 1.000000
0 292 0.391927 0.543981 0.070312 0.256481 1.000000
0 293 0.394792 0.543056 0.072917 0.258333 1.000000
0 294 0.398958 0.543519 0.076042 0.259259 1.000000
0 295 0.398958 0.541204 0.089583 0.262037 1.000000
0 296 0.401042 0.540278 0.115625 0.265741 1.000000
0 297 0.402865 0.539815 0.125521 0.264815 1.000000
0 298 0.401823 0.542130 0.130729 0.262037 1.000000
0 299 0.402344 0.543519 0.133854 0.259259 1.000000
0 300 0.403646 0.547222 0.134375 0.253704 1.000000
0 301 0.403906 0.543519 0.131771 0.264815 1.000000
0 302 0.405469 0.540278 0.129688 0.269444 1.000000
0 303 0.407552 0.538426 0.127604 0.275000 1.000000
0 304 0.414583 0.537500 0.128125 0.275000 1.000000
0 305 0.417708 0.538426 0.128125 0.273148 1.000000
0 306 0.421354 0.541204 0.129167 0.267593 1.000000
0 307 0.425521 0.544444 0.128125 0.262963 1.000000
0 308 0.438281 0.549074 0.118229 0.253704 1.000000
0 309 0.447135 0.548148 0.109896 0.255556 1.000000
0 310 0.453385 0.549537 0.103646 0.252778 1.000000
0 311 0.456250 0.551389 0.101042 0.249074 1.000000
0 312 0.459896 0.553241 0.104167 0.247222 1.000000
0 313 0.462240 0.551852 0.109896 0.250000 1.000000
0 314 0.464583 0.545833 0.114583 0.260185 1.000000
0 315 0.467448 0.542130 0.118229 0.267593 1.000000
0 316 0.476302 0.532870 0.121354 0.273148 1.000000
0 317 0.485156 0.531944 0.110937 0.276852 1.000000
0 318 0.487760 0.532870 0.110937 0.276852 1.000000
0 319 0.491406 0.532407 0.111979 0.277778 1.000000
0 320 0.497656 0.532407 0.110937 0.281481 1.000000
0 321 0.501823 0.532870 0.108854 0.280556 1.000000
0 322 0.505990 0.533333 0.105729 0.279630 1.000000
0 323 0.510938 0.534722 0.100000 0.278704 1.000000
0 324 0.519271 0.535185 0.090625 0.279630 1.000000
0 325 0.519271 0.536111 0.089583 0.277778 1.000000
0 326 0.520833 0.536574 0.084375 0.276852 1.000000
0 327 0.522656 0.535648 0.082812 0.273148 1.000000
0 328 0.522135 0.534259 0.064062 0.270370 1.000000
0 329 0.521354 0.534259 0.057292 0.270370 1.000000
0 330 0.521094 0.533796 0.054688 0.271296 1.000000
0 331 0.520052 0.533333 0.051562 0.272222 1.000000
0 332 0.525521 0.531019 0.045833 0.271296 1.000000
0 333 0.529687 0.528241 0.045833 0.265741 1.000000
0 334 0.532031 0.525926 0.050521 0.264815 1.000000
0 335 0.538542 0.524537 0.062500 0.265741 1.000000
0 336 0.540365 0.523148 0.069271 0.257407 1.000000
0 337 0.540365 0.528241 0.070312 0.256481 1.000000
0 338 0.542188 0.531481 0.073958 0.250000 1.000000
0 339 0.541406 0.534259 0.083854 0.242593 1.000000
0 340 0.535417 0.533333 0.085417 0.246296 1.000000
0 341 0.530729 0.532870 0.079167 0.247222 1.000000
0 342 0.526563 0.537037 0.073958 0.240741 1.000000
0 343 0.522917 0.540278 0.069792 0.230556 1.000000
0 344 0.520573 0.549074 0.073438 0.216667 1.000000
0 345 0.520573 0.551389 0.079687 0.213889 1.000000
0 346 0.522656 0.551389 0.084896 0.213889 1.000000
0 347 0.525000 0.549074 0.089583 0.218519 1.000000
0 348 0.526302 0.538426 0.096354 0.239815 1.000000
0 349 0.525521 0.534259 0.093750 0.248148 1.000000
0 350 0.523958 0.532870 0.088542 0.250926 1.000000
0 351 0.518750 0.531019 0.077083 0.252778 1.000000
0 352 0.520573 0.536111 0.065104 0.246296 1.000000
0 353 0.522135 0.534722 0.059896 0.250926 1.000000
0 354 0.522917 0.532407 0.055208 0.257407 1.000000
0 355 0.526563 0.527778 0.054167 0.264815 1.000000
0 356 0.526823 0.521759 0.050521 0.269444 1.000000
0 357 0.526302 0.519907 0.050521 0.267593 1.000000
0 358 0.526302 0.518056 0.050521 0.265741 1.000000
0 359 0.526302 0.516204 0.048438 0.263889 1.000000
0 360 0.526302 0.512963 0.045312 0.259259 1.000000
0 361 0.522135 0.514352 0.050521 0.260185 1.000000
0 362 0.525260 0.515278 0.042188 0.260185 1.000000
0 363 0.523698 0.513889 0.043229 0.259259 1.000000
0 364 0.522135 0.515278 0.041146 0.256481 1.000000
0 365 0.521094 0.516204 0.041146 0.256481 1.000000
0 366 0.518229 0.518519 0.040625 0.251852 1.000000
0 367 0.512500 0.517593 0.042708 0.251852 1.000000
0 368 0.504167 0.512500 0.042708 0.249074 1.000000
0 369 0.501823 0.510648 0.040104 0.247222 1.000000
0 370 0.501302 0.508333 0.036979 0.244444 1.000000
0 371 0.500521 0.510185 0.035417 0.240741 1.000000
0 372 0.504167 0.512037 0.043750 0.233333 1.000000
0 373 0.505469 0.514352 0.050521 0.232407 1.000000
0 374 0.506250 0.515741 0.056250 0.229630 1.000000
0 375 0.505208 0.514352 0.058333 0.228704 1.000000
0 376 0.503906 0.511574 0.075521 0.226852 1.000000
0 377 0.498698 0.508796 0.084896 0.225000 1.000000
0 378 0.496875 0.508796 0.095833 0.226852 1.000000
0 379 0.495573 0.508796 0.099479 0.226852 1.000000
0 380 0.491146 0.509259 0.114583 0.227778 1.000000
0 381 0.491667 0.508333 0.114583 0.227778 1.000000
0 382 0.485417 0.502778 0.122917 0.237037 1.000000
0 383 0.483073 0.492593 0.119271 0.255556 1.000000
0 384 0.478906 0.468981 0.099479 0.289815 1.000000
0 385 0.477083 0.462963 0.079167 0.300000 1.000000
0 386 0.478906 0.461574 0.058854 0.304630 1.000000
0 387 0.478125 0.458796 0.043750 0.312037 1.000000
0 388 0.483594 0.458796 0.030729 0.310185 1.000000
0 389 0.482812 0.458333 0.030208 0.311111 1.000000
0 390 0.482552 0.457407 0.029687 0.309259 1.000000
0 391 0.481510 0.456944 0.030729 0.306481 1.000000
0 392 0.479687 0.466204 0.047917 0.284259 1.000000
0 393 0.480990 0.472685 0.054688 0.271296 1.000000
0 394 0.479948 0.477315 0.065104 0.262037 1.000000
0 395 0.480469 0.482407 0.069271 0.251852 1.000000
0 396 0.479687 0.490741 0.080208 0.233333 1.000000
0 397 0.480729 0.493056 0.090625 0.221296 1.000000
0 398 0.480208 0.492593 0.103125 0.220370 1.000000
0 399 0.479427 0.491204 0.107813 0.223148 1.000000
0 400 0.467969 0.489815 0.089063 0.225926 1.000000
0 401 0.465365 0.489815 0.081771 0.225926 1.000000
0 402 0.467969 0.489352 0.072396 0.226852 1.000000
0 403 0.466927 0.487963 0.070312 0.229630 1.000000
0 404 0.469010 0.483796 0.072396 0.232407 1.000000
0 405 0.470052 0.480556 0.074479 0.235185 1.000000
0 406 0.471354 0.475926 0.075000 0.235185 1.000000
0 407 0.472396 0.473148 0.078125 0.237037 1.000000
0 408 0.480469 0.470833 0.073438 0.243519 1.000000
0 409 0.484375 0.470370 0.073958 0.242593 1.000000
0 410 0.487500 0.469907 0.073958 0.245370 1.000000
0 411 0.489323 0.469444 0.073438 0.246296 1.000000
0 412 0.489583 0.469444 0.069792 0.244444 1.000000
0 413 0.489583 0.469444 0.066667 0.244444 1.000000
0 414 0.489323 0.468519 0.066146 0.244444 1.000000
0 415 0.489583 0.467593 0.065625 0.240741 1.000000
0 416 0.491667 0.466204 0.065625 0.239815 1.000000
0 417 0.491667 0.465741 0.066667 0.240741 1.000000
0 418 0.492188 0.466204 0.068750 0.239815 1.000000
0 419 0.492708 0.467130 0.069792 0.237963 1.000000
0 420 0.495312 0.467130 0.073958 0.237963 1.000000
0 421 0.496615 0.466667 0.075521 0.240741 1.000000
0 422 0.498698 0.466204 0.073438 0.239815 1.000000
0 423 0.500521 0.465278 0.071875 0.239815 1.000000
0 424 0.501823 0.466667 0.070312 0.240741 1.000000
0 425 0.500260 0.466667 0.068229 0.240741 1.000000
0 426 0.497917 0.466667 0.066667 0.238889 1.000000
0 427 0.493750 0.468981 0.061458 0.234259 1.000000
0 428 0.484115 0.473611 0.045312 0.223148 1.000000
0 429 0.482031 0.479167 0.041146 0.213889 1.000000
0 430 0.483073 0.481019 0.041146 0.208333 1.000000
0 431 0.483333 0.485185 0.042708 0.201852 1.000000
0 432 0.485677 0.486111 0.040104 0.200000 1.000000
0 433 0.486458 0.487037 0.038542 0.200000 1.000000
0 434 0.486719 0.484722 0.035937 0.202778 1.000000
0 435 0.487760 0.483333 0.032813 0.207407 1.000000
0 436 0.494792 0.477778 0.042708 0.220370 1.000000
0 437 0.503125 0.471759 0.056250 0.230556 1.000000
0 438 0.507031 0.466204 0.060937 0.241667 1.000000
0 439 0.508073 0.462037 0.065104 0.246296 1.000000
0 440 0.508073 0.449074 0.064062 0.261111 1.000000
0 441 0.505208 0.437963 0.056250 0.285185 1.000000
0 442 0.502604 0.431481 0.044792 0.301852 1.000000
0 443 0.500000 0.430556 0.034375 0.309259 1.000000
0 444 0.501563 0.436111 0.026042 0.307407 1.000000
0 445 0.503646 0.439352 0.027083 0.300926 1.000000
0 446 0.505208 0.439815 0.028125 0.300000 1.000000
0 447 0.506510 0.438889 0.028646 0.301852 1.000000
0 448 0.507812 0.437963 0.030208 0.303704 1.000000
0 449 0.508854 0.437963 0.031250 0.303704 1.000000
0 450 0.509115 0.437037 0.030729 0.305556 1.000000
0 451 0.510417 0.437037 0.030208 0.305556 1.000000
0 452 0.516146 0.443519 0.039583 0.290741 1.000000
0 453 0.518750 0.453241 0.045833 0.271296 1.000000
0 454 0.522917 0.465741 0.053125 0.248148 1.000000
0 455 0.517969 0.470833 0.048438 0.237963 1.000000
0 456 0.514062 0.472222 0.045833 0.235185 1.000000
0 457 0.512500 0.472685 0.045833 0.232407 1.000000
0 458 0.511979 0.474537 0.050000 0.228704 1.000000
0 459 0.513281 0.475000 0.052604 0.225926 1.000000
0 460 0.520052 0.475926 0.060937 0.225926 1.000000
0 461 0.526302 0.475926 0.064062 0.227778 1.000000
0 462 0.533854 0.476389 0.066667 0.226852 1.000000
0 463 0.541146 0.477778 0.068750 0.225926 1.000000
0 464 0.549740 0.479630 0.086979 0.224074 1.000000
0 465 0.554167 0.480556 0.092708 0.222222 1.000000
0 466 0.555729 0.479630 0.091667 0.222222 1.000000
0 467 0.559115 0.475463 0.090104 0.232407 1.000000
0 468 0.563281 0.459259 0.077604 0.253704 1.000000
0 469 0.569531 0.453241 0.059896 0.271296 1.000000
0 470 0.574740 0.448148 0.045312 0.281481 1.000000
0 471 0.577083 0.443519 0.042708 0.288889 1.000000
0 472 0.584635 0.433796 0.043229 0.302778 1.000000
0 473 0.587760 0.431019 0.042188 0.304630 1.000000
0 474 0.592448 0.427315 0.043229 0.304630 1.000000
0 475 0.597135 0.426389 0.043229 0.304630 1.000000
0 476 0.608333 0.431944 0.048958 0.300926 1.000000
0 477 0.615885 0.434259 0.054688 0.298148 1.000000
0 478 0.621615 0.437963 0.060937 0.290741 1.000000
0 479 0.625000 0.439352 0.066667 0.286111 1.000000
0 480 0.625781 0.444444 0.071354 0.275926 1.000000
0 481 0.625260 0.445370 0.073438 0.274074 1.000000
0 482 0.622656 0.446296 0.075521 0.272222 1.000000
0 483 0.621875 0.449074 0.079167 0.268519 1.000000
0 484 0.618750 0.445370 0.094792 0.274074 1.000000
0 485 0.623437 0.449074 0.102083 0.264815 1.000000
0 486 0.629167 0.450463 0.106250 0.256481 1.000000
0 487 0.633854 0.446759 0.098958 0.243519 1.000000
0 488 0.640625 0.431481 0.076042 0.233333 1.000000
0 489 0.638802 0.429630 0.067187 0.240741 1.000000
0 490 0.639583 0.427778 0.063542 0.246296 1.000000
0 491 0.636719 0.429630 0.073438 0.248148 1.000000
0 492 0.631771 0.450926 0.092708 0.255556 1.000000
0 493 0.630729 0.463426 0.098958 0.230556 1.000000
0 494 0.627344 0.467130 0.094271 0.223148 1.000000
0 495 0.628125 0.471759 0.089583 0.217593 1.000000
0 496 0.631250 0.471759 0.055208 0.213889 1.000000
0 497 0.632812 0.469907 0.050000 0.217593 1.000000
0 498 0.633854 0.465741 0.044792 0.222222 1.000000
0 499 0.628906 0.464352 0.050521 0.217593 1.000000
0 500 0.615885 0.470833 0.045312 0.219444 1.000000
0 501 0.609896 0.471296 0.043750 0.216667 1.000000
0 502 0.606510 0.474537 0.048438 0.208333 1.000000
0 503 0.601562 0.478704 0.055208 0.205556 1.000000
0 504 0.585677 0.472222 0.070312 0.209259 1.000000
0 505 0.577083 0.472222 0.076042 0.218519 1.000000
0 506 0.567448 0.472685 0.081771 0.221296 1.000000
0 507 0.558333 0.472685 0.086458 0.223148 1.000000
0 508 0.538021 0.471296 0.092708 0.222222 1.000000
0 509 0.528646 0.476852 0.090625 0.214815 1.000000
0 510 0.516667 0.476852 0.091667 0.214815 1.000000
0 511 0.503385 0.476389 0.093229 0.215741 1.000000
0 512 0.471094 0.471759 0.099479 0.221296 1.000000
0 513 0.454688 0.469907 0.093750 0.228704 1.000000
0 514 0.437760 0.471296 0.086979 0.235185 1.000000
0 515 0.425260 0.472222 0.083854 0.231481 1.000000
0 516 0.398177 0.472222 0.055729 0.229630 1.000000
0 517 0.392448 0.471296 0.053646 0.227778 1.000000
0 518 0.384896 0.470833 0.062500 0.228704 1.000000
0 519 0.371094 0.470370 0.075521 0.229630 1.000000
0 520 0.345313 0.472222 0.081250 0.227778 1.000000
0 521 0.329688 0.474074 0.076042 0.224074 1.000000
0 522 0.317188 0.474537 0.067708 0.223148 1.000000
0 523 0.310937 0.473611 0.057292 0.225000 1.000000
0 524 0.288802 0.473148 0.068229 0.231481 1.000000
0 525 0.278646 0.470370 0.068750 0.229630 1.000000
0 526 0.270313 0.471759 0.071875 0.232407 1.000000
0 527 0.261719 0.471759 0.073438 0.232407 1.000000
0 528 0.242448 0.470833 0.069271 0.232407 1.000000
0 529 0.234375 0.468519 0.065625 0.235185 1.000000
0 530 0.227865 0.468056 0.068229 0.236111 1.000000
0 531 0.219271 0.465278 0.065625 0.237963 1.000000
0 532 0.204687 0.465278 0.066667 0.239815 1.000000
0 533 0.198698 0.463426 0.065104 0.243519 1.000000
0 534 0.191146 0.460648 0.066667 0.241667 1.000000
0 535 0.183594 0.460185 0.067187 0.242593 1.000000
0 536 0.172396 0.459722 0.068750 0.241667 1.000000
0 537 0.167708 0.459722 0.071875 0.243519 1.000000
0 538 0.161979 0.458796 0.075000 0.243519 1.000000
0 539 0.157812 0.458796 0.075000 0.243519 1.000000
0 540 0.150000 0.458333 0.072917 0.242593 1.000000
0 541 0.147135 0.457407 0.075521 0.244444 1.000000
0 542 0.145052 0.456481 0.077604 0.246296 1.000000
0 543 0.142448 0.456944 0.078646 0.245370 1.000000
0 544 0.140104 0.456481 0.082292 0.246296 1.000000
0 545 0.142448 0.458333 0.089063 0.244444 1.000000
0 546 0.144531 0.458796 0.094271 0.241667 1.000000
0 547 0.149219 0.457870 0.099479 0.241667 1.000000
0 548 0.156250 0.457870 0.102083 0.243519 1.000000
0 549 0.158854 0.457407 0.102083 0.242593 1.000000
0 550 0.158854 0.456944 0.097917 0.243519 1.000000
0 551 0.157552 0.454630 0.096354 0.244444 1.000000
0 552 0.157031 0.452315 0.095312 0.239815 1.000000
0 553 0.155990 0.452315 0.096354 0.241667 1.000000
0 554 0.154688 0.452315 0.096875 0.239815 1.000000
0 555 0.151302 0.453704 0.096354 0.237037 1.000000
0 556 0.144010 0.458796 0.099479 0.228704 1.000000
0 557 0.138021 0.461574 0.097917 0.225000 1.000000
0 558 0.132812 0.464815 0.097917 0.220370 1.000000
0 559 0.129688 0.466204 0.089583 0.217593 1.000000
0 560 0.123438 0.466667 0.073958 0.216667 1.000000
0 561 0.124479 0.465741 0.067708 0.216667 1.000000
0 562 0.127604 0.463889 0.058333 0.222222 1.000000
0 563 0.134635 0.460648 0.047396 0.226852 1.000000
0 564 0.136198 0.454167 0.050521 0.236111 1.000000
0 565 0.134896 0.451389 0.054167 0.239815 1.000000
0 566 0.132292 0.445833 0.060417 0.258333 1.000000
0 567 0.139844 0.430093 0.047396 0.289815 1.000000
0 568 0.145052 0.424074 0.035937 0.301852 1.000000
0 569 0.146354 0.423611 0.034375 0.300926 1.000000
0 570 0.146615 0.425463 0.034896 0.299074 1.000000
0 571 0.147396 0.424074 0.035417 0.300000 1.000000
0 572 0.147656 0.424537 0.036979 0.300926 1.000000
0 573 0.147656 0.425000 0.035937 0.300000 1.000000
0 574 0.147917 0.424537 0.034375 0.300926 1.000000
0 575 0.147656 0.423611 0.032813 0.302778 1.000000
0 576 0.147396 0.424074 0.030208 0.305556 1.000000
0 577 0.148698 0.422685 0.031771 0.306481 1.000000
0 578 0.150781 0.423148 0.030729 0.307407 1.000000
0 579 0.153125 0.420833 0.037500 0.299074 1.000000
0 580 0.151042 0.424074 0.036458 0.300000 1.000000
0 581 0.150521 0.425926 0.039583 0.300000 1.000000
0 582 0.150781 0.427778 0.041146 0.296296 1.000000
0 583 0.149740 0.429167 0.044271 0.291667 1.000000
0 584 0.147917 0.432870 0.045833 0.286111 1.000000
0 585 0.152344 0.434259 0.039062 0.285185 1.000000
0 586 0.153906 0.434259 0.038021 0.285185 1.000000
0 587 0.157292 0.435648 0.034375 0.282407 1.000000
0 588 0.161198 0.441667 0.038021 0.277778 1.000000
0 589 0.163281 0.442593 0.042188 0.279630 1.000000
0 590 0.165104 0.446296 0.044792 0.270370 1.000000
0 591 0.167448 0.452315 0.046354 0.256481 1.000000
0 592 0.170052 0.463889 0.047396 0.233333 1.000000
0 593 0.171875 0.471759 0.050000 0.217593 1.000000
0 594 0.175260 0.480556 0.052604 0.200000 1.000000
0 595 0.178906 0.487037 0.054688 0.188889 1.000000
0 596 0.186458 0.488889 0.054167 0.183333 1.000000
0 597 0.188542 0.489352 0.053125 0.186111 1.000000
0 598 0.189844 0.487037 0.053646 0.194444 1.000000
0 599 0.191146 0.487500 0.054167 0.204630 1.000000
0 600 0.193490 0.475926 0.051562 0.225926 1.000000
0 601 0.194792 0.473148 0.046875 0.233333 1.000000
0 602 0.197917 0.469444 0.044792 0.238889 1.000000
0 603 0.196354 0.469444 0.052083 0.240741 1.000000
0 604 0.197917 0.467130 0.067708 0.243519 1.000000
0 605 0.199740 0.468981 0.073438 0.241667 1.000000
0 606 0.201823 0.471759 0.080729 0.241667 1.000000
0 607 0.203646 0.474074 0.084375 0.238889 1.000000
0 608 0.207813 0.478241 0.090625 0.232407 1.000000
0 609 0.209896 0.479167 0.093750 0.232407 1.000000
0 610 0.211458 0.480093 0.093750 0.232407 1.000000
0 611 0.211198 0.480556 0.094271 0.233333 1.000000
0 612 0.212760 0.480556 0.095312 0.233333 1.000000
0 613 0.215365 0.483333 0.098437 0.233333 1.000000
0 614 0.217188 0.486111 0.097917 0.235185 1.000000
0 615 0.217708 0.487500 0.097917 0.234259 1.000000
0 616 0.219792 0.488889 0.096875 0.235185 1.000000
0 617 0.221094 0.490741 0.096354 0.233333 1.000000
0 618 0.220833 0.491667 0.096875 0.233333 1.000000
0 619 0.222396 0.493056 0.095833 0.234259 1.000000
0 620 0.225521 0.493519 0.092708 0.240741 1.000000
0 621 0.227083 0.492593 0.091667 0.242593 1.000000
0 622 0.228646 0.491667 0.090625 0.244444 1.000000
0 623 0.229948 0.491204 0.090104 0.247222 1.000000
0 624 0.233333 0.489815 0.085417 0.251852 1.000000
0 625 0.236198 0.488889 0.085938 0.253704 1.000000
0 626 0.239583 0.487500 0.086458 0.258333 1.000000
0 627 0.243229 0.487963 0.085417 0.257407 1.000000
0 628 0.247656 0.489352 0.073438 0.254630 1.000000
0 629 0.250521 0.497222 0.067708 0.240741 1.000000
0 630 0.252865 0.497222 0.064062 0.240741 1.000000
0 631 0.254167 0.499537 0.061458 0.239815 1.000000
0 632 0.254948 0.500000 0.063021 0.238889 1.000000
0 633 0.255208 0.502315 0.062500 0.237963 1.000000
0 634 0.253646 0.502778 0.063542 0.238889 1.000000
0 635 0.253125 0.500926 0.063542 0.240741 1.000000
0 636 0.253385 0.502778 0.063021 0.237037 1.000000
0 637 0.255729 0.502315 0.063542 0.237963 1.000000
0 638 0.259635 0.503241 0.068229 0.236111 1.000000
0 639 0.262240 0.503704 0.069271 0.235185 1.000000
0 640 0.277604 0.505556 0.075000 0.235185 1.000000
0 641 0.281510 0.506019 0.077604 0.234259 1.000000
0 642 0.285156 0.505556 0.078646 0.233333 1.000000
0 643 0.287760 0.506019 0.078646 0.234259 1.000000
0 644 0.292708 0.506944 0.068750 0.232407 1.000000
0 645 0.290885 0.511111 0.068229 0.224074 1.000000
0 646 0.290365 0.514352 0.067187 0.215741 1.000000
0 647 0.285938 0.513889 0.061458 0.203704 1.000000
0 648 0.284635 0.517593 0.060937 0.198148 1.000000
0 649 0.287500 0.518981 0.065625 0.199074 1.000000
0 650 0.294271 0.519444 0.071875 0.209259 1.000000
0 651 0.299219 0.519444 0.073438 0.209259 1.000000
0 652 0.315625 0.521759 0.067708 0.206481 1.000000
0 653 0.320573 0.525000 0.063021 0.201852 1.000000
0 654 0.320833 0.526852 0.062500 0.196296 1.000000
0 655 0.321354 0.528704 0.057292 0.198148 1.000000
0 656 0.333594 0.531481 0.072396 0.211111 1.000000
0 657 0.336198 0.531019 0.068229 0.212037 1.000000
0 658 0.336719 0.530556 0.067187 0.212963 1.000000
0 659 0.335156 0.530556 0.074479 0.211111 1.000000
0 660 0.339323 0.533796 0.088021 0.221296 1.000000
0 661 0.341667 0.535185 0.091667 0.225926 1.000000
0 662 0.342969 0.534722 0.094271 0.234259 1.000000
0 663 0.343490 0.534259 0.096354 0.240741 1.000000
0 664 0.348177 0.534259 0.096354 0.244444 1.000000
0 665 0.352083 0.533796 0.095833 0.245370 1.000000
0 666 0.355729 0.532870 0.093750 0.247222 1.000000
0 667 0.358594 0.532407 0.096354 0.248148 1.000000
0 668 0.362240 0.537963 0.102604 0.248148 1.000000
0 669 0.362500 0.542130 0.106250 0.245370 1.000000
0 670 0.363802 0.545370 0.107813 0.248148 1.000000
0 671 0.365104 0.547685 0.105208 0.245370 1.000000
0 672 0.366927 0.548611 0.101562 0.245370 1.000000
0 673 0.370573 0.547222 0.101562 0.248148 1.000000
0 674 0.372135 0.545370 0.104688 0.251852 1.000000
0 675 0.374479 0.544907 0.107292 0.254630 1.000000
0 676 0.379948 0.547222 0.118229 0.259259 1.000000
0 677 0.381771 0.547685 0.122917 0.258333 1.000000
0 678 0.384375 0.549537 0.122917 0.256481 1.000000
0 679 0.383854 0.553704 0.128125 0.251852 1.000000
0 680 0.385417 0.559259 0.130208 0.255556 1.000000
0 681 0.384896 0.561574 0.131250 0.252778 1.000000
0 682 0.388021 0.562500 0.130208 0.250926 1.000000
0 683 0.392448 0.563889 0.126562 0.248148 1.000000
0 684 0.390365 0.565741 0.131771 0.244444 1.000000
0 685 0.389844 0.565278 0.123438 0.243519 1.000000
0 686 0.390104 0.566667 0.106250 0.244444 1.000000
0 687 0.389062 0.565741 0.085417 0.248148 1.000000
0 688 0.383854 0.565278 0.062500 0.258333 1.000000
0 689 0.381510 0.564352 0.064062 0.262037 1.000000
0 690 0.384896 0.563426 0.056250 0.263889 1.000000
0 691 0.380729 0.557870 0.070833 0.275000 1.000000
0 692 0.380990 0.545833 0.078646 0.299074 1.000000
0 693 0.380469 0.543519 0.078646 0.303704 1.000000
0 694 0.381771 0.542593 0.073958 0.301852 1.000000
0 695 0.384896 0.542130 0.066667 0.300926 1.000000
0 696 0.404167 0.550463 0.058333 0.284259 1.000000
0 697 0.409115 0.553241 0.064062 0.278704 1.000000
0 698 0.414583 0.559722 0.067708 0.263889 1.000000
0 699 0.418229 0.561574 0.070833 0.260185 1.000000
0 700 0.417448 0.562963 0.075521 0.257407 1.000000
0 701 0.415104 0.558333 0.076042 0.264815 1.000000
0 702 0.414323 0.556019 0.076563 0.271296 1.000000
0 703 0.414323 0.551389 0.076563 0.282407 1.000000
0 704 0.417448 0.547222 0.071354 0.288889 1.000000
0 705 0.423438 0.546759 0.070833 0.289815 1.000000
0 706 0.429948 0.550463 0.065104 0.280556 1.000000
0 707 0.435677 0.558796 0.055729 0.260185 1.000000
0 708 0.440365 0.556481 0.051562 0.261111 1.000000
0 709 0.439583 0.557407 0.050000 0.259259 1.000000
0 710 0.435937 0.560185 0.052083 0.253704 1.000000
0 711 0.433333 0.565741 0.051042 0.250000 1.000000
0 712 0.435417 0.571759 0.053125 0.236111 1.000000
0 713 0.436719 0.572685 0.051562 0.234259 1.000000
0 714 0.440885 0.571759 0.049479 0.236111 1.000000
0 715 0.447656 0.569907 0.044271 0.239815 1.000000
0 716 0.454167 0.559722 0.054167 0.254630 1.000000
0 717 0.454688 0.555093 0.057292 0.262037 1.000000
0 718 0.453646 0.544444 0.057292 0.283333 1.000000
0 719 0.454167 0.531944 0.057292 0.302778 1.000000
0 720 0.452604 0.522685 0.047917 0.332407 1.000000
0 721 0.450000 0.518519 0.038542 0.337037 1.000000
0 722 0.450260 0.520370 0.032813 0.335185 1.000000
0 723 0.450000 0.522222 0.031250 0.333333 1.000000
0 724 0.453906 0.520370 0.030729 0.335185 1.000000
0 725 0.455990 0.518519 0.029687 0.338889 1.000000
0 726 0.458854 0.519444 0.035417 0.337037 1.000000
0 727 0.464323 0.520833 0.046354 0.334259 1.000000
0 728 0.466927 0.525000 0.055729 0.327778 1.000000
0 729 0.464323 0.527315 0.059896 0.323148 1.000000
0 730 0.461979 0.528241 0.065625 0.313889 1.000000
0 731 0.457813 0.537500 0.072917 0.295370 1.000000
0 732 0.456510 0.554167 0.076563 0.254630 1.000000
0 733 0.454427 0.556481 0.079687 0.248148 1.000000
0 734 0.454427 0.558796 0.081771 0.243519 1.000000
0 735 0.454948 0.565278 0.079687 0.232407 1.000000
0 736 0.455208 0.579167 0.092708 0.204630 1.000000
0 737 0.453646 0.589815 0.104167 0.183333 1.000000
0 738 0.455990 0.596759 0.110937 0.169444 1.000000
0 739 0.459635 0.605093 0.118229 0.152778 1.000000
0 740 0.462500 0.612037 0.128125 0.162963 1.000000
0 741 0.461458 0.589352 0.125000 0.219444 1.000000
0 742 0.450521 0.574537 0.103125 0.249074 1.000000
0 743 0.450000 0.550463 0.100000 0.295370 1.000000
0 744 0.442969 0.539352 0.086979 0.319444 1.000000
0 745 0.446615 0.538889 0.096354 0.320370 1.000000
0 746 0.451042 0.538426 0.104167 0.323148 1.000000
0 747 0.453906 0.537500 0.109896 0.325000 1.000000
0 748 0.443229 0.535648 0.091667 0.326852 1.000000
0 749 0.436979 0.532407 0.080208 0.333333 1.000000
0 750 0.436198 0.535185 0.078646 0.329630 1.000000
0 751 0.431771 0.535648 0.070833 0.326852 1.000000
0 752 0.423698 0.537037 0.057813 0.324074 1.000000
0 753 0.423698 0.537500 0.057813 0.321296 1.000000
0 754 0.422135 0.537963 0.057813 0.322222 1.000000
0 755 0.420573 0.537963 0.055729 0.322222 1.000000
0 756 0.415885 0.537963 0.050521 0.320370 1.000000
0 757 0.414323 0.538426 0.047396 0.321296 1.000000
0 758 0.411979 0.538426 0.046875 0.319444 1.000000
0 759 0.409115 0.537963 0.044271 0.320370 1.000000
0 760 0.401562 0.537963 0.039583 0.318519 1.000000
0 761 0.399740 0.538426 0.040104 0.319444 1.000000
0 762 0.399219 0.538889 0.042188 0.318519 1.000000
0 763 0.397917 0.541667 0.044792 0.312963 1.000000
0 764 0.381250 0.546296 0.082292 0.305556 1.000000
0 765 0.373698 0.549537 0.097396 0.299074 1.000000
0 766 0.368490 0.552778 0.107813 0.292593 1.000000
0 767 0.366146 0.558333 0.111458 0.281481 1.000000
0 768 0.362500 0.561574 0.100000 0.275000 1.000000
0 769 0.363542 0.557407 0.094792 0.283333 1.000000
0 770 0.367188 0.558796 0.086458 0.286111 1.000000
0 771 0.366927 0.570370 0.083854 0.292593 1.000000
0 772 0.342708 0.616667 0.127083 0.200000 1.000000
0 773 0.333854 0.643519 0.139583 0.146296 1.000000
0 774 0.328646 0.644907 0.137500 0.145370 1.000000
0 775 0.325521 0.645370 0.138542 0.144444 1.000000
0 776 0.320052 0.645833 0.136979 0.143519 1.000000
0 777 0.317448 0.643981 0.130729 0.154630 1.000000
0 778 0.313021 0.638426 0.132292 0.167593 1.000000
0 779 0.310156 0.637963 0.129688 0.166667 1.000000
0 780 0.295833 0.643056 0.137500 0.162037 1.000000
0 781 0.284115 0.640741 0.143229 0.164815 1.000000
0 782 0.282813 0.643056 0.152083 0.163889 1.000000
0 783 0.285938 0.647222 0.162500 0.155556 1.000000
0 784 0.288021 0.651852 0.181250 0.109259 1.000000
0 785 0.288021 0.656481 0.184375 0.087037 1.000000
0 786 0.286458 0.664815 0.185417 0.070370 1.000000
0 787 0.285156 0.664815 0.184896 0.070370 1.000000
0 788 0.279427 0.645370 0.180729 0.107407 1.000000
0 789 0.275260 0.645833 0.174479 0.110185 1.000000
0 790 0.278646 0.646759 0.175000 0.093519 1.000000
0 791 0.278385 0.652315 0.171354 0.073148 1.000000
0 792 0.281510 0.645833 0.161979 0.078704 1.000000
0 793 0.282552 0.644907 0.154688 0.076852 1.000000
0 794 0.287760 0.644444 0.151562 0.075926 1.000000
0 795 0.291146 0.642593 0.142708 0.077778 1.000000
0 796 0.295833 0.633333 0.123958 0.083333 1.000000
0 797 0.296354 0.626852 0.115625 0.090741 1.000000
0 798 0.294271 0.621759 0.107292 0.100926 1.000000
0 799 0.290885 0.615741 0.100521 0.111111 1.000000
0 800 0.284896 0.600000 0.088542 0.142593 1.000000
0 801 0.283073 0.590278 0.082812 0.160185 1.000000
0 802 0.283073 0.586574 0.078646 0.169444 1.000000
0 803 0.284635 0.580556 0.078646 0.179630 1.000000
0 804 0.290885 0.565741 0.077604 0.185185 1.000000
0 805 0.294531 0.563889 0.088021 0.190741 1.000000
0 806 0.300000 0.563426 0.095833 0.206481 1.000000
0 807 0.295312 0.556481 0.085417 0.222222 1.000000
0 808 0.301302 0.533333 0.088021 0.266667 1.000000
0 809 0.302604 0.529167 0.088542 0.275000 1.000000
0 810 0.304167 0.522685 0.084375 0.284259 1.000000
0 811 0.307552 0.518981 0.082812 0.291667 1.000000
0 812 0.308333 0.508333 0.090625 0.309259 1.000000
0 813 0.309635 0.506481 0.097396 0.311111 1.000000
0 814 0.310156 0.499537 0.097396 0.321296 1.000000
0 815 0.313802 0.494907 0.097396 0.325000 1.000000
0 816 0.318750 0.492130 0.103125 0.319444 1.000000
0 817 0.320312 0.487037 0.102083 0.312963 1.000000
0 818 0.323698 0.485185 0.102604 0.312963 1.000000
0 819 0.329167 0.489815 0.108333 0.301852 1.000000
0 820 0.335677 0.492593 0.086979 0.292593 1.000000
0 821 0.344010 0.498148 0.076563 0.279630 1.000000
0 822 0.352344 0.502778 0.065104 0.270370 1.000000
0 823 0.360677 0.506481 0.053646 0.261111 1.000000
0 824 0.367708 0.518519 0.053125 0.238889 1.000000
0 825 0.370052 0.518056 0.054688 0.237963 1.000000
0 826 0.375000 0.516204 0.060417 0.241667 1.000000
0 827 0.378906 0.513426 0.060937 0.245370 1.000000
0 828 0.393490 0.511111 0.051562 0.238889 1.000000
0 829 0.399479 0.504630 0.051042 0.225926 1.000000
0 830 0.403125 0.503241 0.048958 0.219444 1.000000
0 831 0.407292 0.504167 0.051042 0.219444 1.000000
0 832 0.416406 0.504630 0.057813 0.218519 1.000000
0 833 0.421354 0.504167 0.063542 0.219444 1.000000
0 834 0.427865 0.503241 0.070312 0.221296 1.000000
0 835 0.435156 0.503241 0.077604 0.223148 1.000000
0 836 0.446615 0.502778 0.082812 0.222222 1.000000
0 837 0.450260 0.502778 0.078646 0.224074 1.000000
0 838 0.455469 0.494907 0.080729 0.237963 1.000000
0 839 0.455208 0.481019 0.076042 0.262037 1.000000
0 840 0.454688 0.467593 0.063542 0.283333 1.000000
0 841 0.454167 0.461574 0.052083 0.291667 1.000000
0 842 0.457292 0.459259 0.054167 0.296296 1.000000
0 843 0.461198 0.459259 0.054688 0.294444 1.000000
0 844 0.460417 0.462037 0.041667 0.288889 1.000000
0 845 0.458854 0.465278 0.043750 0.278704 1.000000
0 846 0.458854 0.470370 0.053125 0.270370 1.000000
0 847 0.458073 0.463426 0.060937 0.282407 1.000000
0 848 0.458333 0.461111 0.070833 0.287037 1.000000
0 849 0.459375 0.461111 0.076042 0.288889 1.000000
0 850 0.462240 0.466667 0.075521 0.281481 1.000000
0 851 0.467448 0.467593 0.069271 0.274074 1.000000
0 852 0.472917 0.470833 0.062500 0.267593 1.000000
0 853 0.471615 0.470370 0.066146 0.279630 1.000000
0 854 0.470052 0.471296 0.067187 0.277778 1.000000
0 855 0.468490 0.470370 0.066146 0.279630 1.000000
0 856 0.469010 0.468056 0.075521 0.286111 1.000000
0 857 0.469010 0.468519 0.080729 0.285185 1.000000
0 858 0.468229 0.468519 0.085417 0.285185 1.000000
0 859 0.466927 0.469907 0.090104 0.282407 1.000000
0 860 0.460677 0.474537 0.092188 0.275000 1.000000
0 861 0.457813 0.480556 0.091667 0.275926 1.000000
0 862 0.454167 0.483333 0.090625 0.272222 1.000000
0 863 0.449219 0.487037 0.093229 0.266667 1.000000
0 864 0.439583 0.497222 0.094792 0.244444 1.000000
0 865 0.435937 0.500000 0.095833 0.238889 1.000000
0 866 0.432292 0.498611 0.093750 0.241667 1.000000
0 867 0.428125 0.500000 0.091667 0.240741 1.000000
0 868 0.423958 0.500000 0.084375 0.242593 1.000000
0 869 0.424219 0.498611 0.080729 0.243519 1.000000
0 870 0.425000 0.500463 0.076042 0.241667 1.000000
0 871 0.427604 0.500463 0.076042 0.239815 1.000000
0 872 0.436979 0.502315 0.075000 0.239815 1.000000
0 873 0.443490 0.503241 0.067187 0.237963 1.000000
0 874 0.447396 0.501389 0.063542 0.237963 1.000000
0 875 0.450781 0.499537 0.070312 0.241667 1.000000
0 876 0.456771 0.495833 0.079167 0.245370 1.000000
0 877 0.461458 0.493056 0.077083 0.241667 1.000000
0 878 0.466667 0.491667 0.072917 0.242593 1.000000
0 879 0.471354 0.491204 0.064583 0.241667 1.000000
0 880 0.474740 0.492130 0.064062 0.239815 1.000000
0 881 0.476042 0.494907 0.062500 0.234259 1.000000
0 882 0.476562 0.496296 0.061458 0.233333 1.000000
0 883 0.477865 0.499074 0.058854 0.227778 1.000000
0 884 0.473698 0.500000 0.046354 0.227778 1.000000
0 885 0.467448 0.496296 0.044271 0.233333 1.000000
0 886 0.466667 0.492593 0.047917 0.242593 1.000000
0 887 0.465625 0.486111 0.052083 0.250000 1.000000
0 888 0.466406 0.481944 0.060937 0.256481 1.000000
0 889 0.466927 0.482407 0.068229 0.255556 1.000000
0 890 0.467448 0.478241 0.070312 0.262037 1.000000
0 891 0.480208 0.474074 0.054167 0.270370 1.000000
0 892 0.494010 0.469444 0.039062 0.279630 1.000000
0 893 0.499479 0.468056 0.034375 0.286111 1.000000
0 894 0.508073 0.467593 0.039062 0.287037 1.000000
0 895 0.515365 0.470370 0.047396 0.281481 1.000000
0 896 0.528906 0.470833 0.067187 0.282407 1.000000
0 897 0.533854 0.469907 0.071875 0.282407 1.000000
0 898 0.537240 0.471759 0.077604 0.280556 1.000000
0 899 0.540104 0.472685 0.080208 0.278704 1.000000
0 900 0.544531 0.473148 0.080729 0.277778 1.000000
0 901 0.547135 0.475463 0.077604 0.273148 1.000000
0 902 0.552083 0.476852 0.069792 0.272222 1.000000
0 903 0.558333 0.477778 0.060417 0.270370 1.000000
0 904 0.567187 0.479167 0.045833 0.269444 1.000000
0 905 0.572135 0.480093 0.041146 0.267593 1.000000
0 906 0.578906 0.481019 0.038021 0.256481 1.000000
0 907 0.587240 0.483333 0.042188 0.251852 1.000000
0 908 0.597917 0.494444 0.050000 0.237037 1.000000
0 909 0.600521 0.495833 0.048958 0.234259 1.000000
0 910 0.602344 0.497685 0.044271 0.232407 1.000000
0 911 0.604427 0.497222 0.041146 0.231481 1.000000
0 912 0.608594 0.495833 0.033854 0.234259 1.000000
0 913 0.611198 0.497222 0.035937 0.233333 1.000000
0 914 0.614583 0.497222 0.036458 0.233333 1.000000
0 915 0.617188 0.498148 0.038542 0.229630 1.000000
0 916 0.627344 0.500926 0.046354 0.227778 1.000000
0 917 0.631771 0.499537 0.051042 0.230556 1.000000
0 918 0.637500 0.501389 0.058333 0.226852 1.000000
0 919 0.643229 0.501389 0.064583 0.228704 1.000000
0 920 0.640365 0.500000 0.069271 0.231481 1.000000
0 921 0.638542 0.496759 0.064583 0.236111 1.000000
0 922 0.632552 0.494444 0.052604 0.237037 1.000000
0 923 0.629948 0.489352 0.048438 0.239815 1.000000
0 924 0.627865 0.481019 0.050521 0.245370 1.000000
0 925 0.627344 0.477778 0.052604 0.250000 1.000000
0 926 0.628385 0.480093 0.054688 0.249074 1.000000
0 927 0.629167 0.480093 0.058333 0.245370 1.000000
0 928 0.628646 0.485648 0.065625 0.237963 1.000000
0 929 0.628646 0.491204 0.065625 0.228704 1.000000
0 930 0.625781 0.493056 0.068229 0.225000 1.000000
0 931 0.623437 0.493519 0.070833 0.225926 1.000000
0 932 0.623177 0.490741 0.070312 0.229630 1.000000
0 933 0.623698 0.487037 0.072396 0.235185 1.000000
0 934 0.625260 0.486111 0.073438 0.233333 1.000000
0 935 0.627083 0.475926 0.071875 0.212963 1.000000
0 936 0.631250 0.479167 0.075000 0.213889 1.000000
0 937 0.635156 0.480093 0.077604 0.212037 1.000000
0 938 0.638542 0.481481 0.078125 0.211111 1.000000
0 939 0.642708 0.481481 0.078125 0.211111 1.000000
0 940 0.652344 0.477778 0.072396 0.212963 1.000000
0 941 0.657813 0.477315 0.066667 0.212037 1.000000
0 942 0.663021 0.472685 0.062500 0.204630 1.000000
0 943 0.669531 0.473611 0.057813 0.200926 1.000000
0 944 0.684896 0.471759 0.058333 0.204630 1.000000
0 945 0.687500 0.468981 0.062500 0.210185 1.000000
0 946 0.692187 0.468519 0.066667 0.214815 1.000000
0 947 0.697656 0.462037 0.063021 0.222222 1.000000
0 948 0.713021 0.457870 0.056250 0.223148 1.000000
0 949 0.718750 0.456481 0.057292 0.225926 1.000000
0 950 0.723698 0.457870 0.056771 0.221296 1.000000
0 951 0.730469 0.461574 0.058854 0.219444 1.000000
0 952 0.743750 0.470370 0.067708 0.214815 1.000000
0 953 0.750781 0.473148 0.071354 0.209259 1.000000
0 954 0.756250 0.476852 0.073958 0.201852 1.000000
0 955 0.758073 0.481019 0.075521 0.200926 1.000000
0 956 0.760938 0.485185 0.077083 0.207407 1.000000
0 957 0.767708 0.482870 0.081250 0.210185 1.000000
0 958 0.773698 0.480556 0.078646 0.216667 1.000000
0 959 0.780729 0.475926 0.071875 0.224074 1.000000
0 960 0.798177 0.465741 0.059896 0.233333 1.000000
0 961 0.802865 0.463426 0.060937 0.237963 1.000000
0 962 0.808073 0.459722 0.065104 0.237963 1.000000
0 963 0.811719 0.458796 0.066146 0.239815 1.000000
0 964 0.823698 0.466204 0.078646 0.241667 1.000000
0 965 0.827083 0.472222 0.079167 0.238889 1.000000
0 966 0.829948 0.476852 0.076563 0.237037 1.000000
0 967 0.831771 0.483333 0.070833 0.231481 1.000000
0 968 0.847396 0.498611 0.086458 0.221296 1.000000
0 969 0.846354 0.499537 0.086458 0.219444 1.000000
0 970 0.842708 0.502778 0.078125 0.216667 1.000000
0 971 0.835417 0.502778 0.063542 0.214815 1.000000
0 972 0.851042 0.502315 0.078125 0.215741 1.000000
0 973 0.857812 0.501389 0.077083 0.215741 1.000000
0 974 0.850521 0.500000 0.063542 0.216667 1.000000
0 975 0.856771 0.498611 0.062500 0.212037 1.000000
0 976 0.867188 0.507870 0.069792 0.223148 1.000000
0 977 0.873698 0.510185 0.085938 0.216667 1.000000
0 978 0.883073 0.511574 0.103646 0.217593 1.000000
0 979 0.888542 0.510648 0.106250 0.219444 1.000000
0 980 0.891667 0.504167 0.095833 0.225000 1.000000
0 981 0.888021 0.488426 0.093750 0.193519 1.000000
0 982 0.878385 0.464815 0.093229 0.138889 1.000000
0 983 0.860677 0.464815 0.110937 0.131481 1.000000
0 984 0.865885 0.456481 0.106771 0.085185 1.000000
0 985 0.869531 0.459722 0.101562 0.082407 1.000000
0 986 0.870833 0.481944 0.091667 0.119444 1.000000
0 987 0.868229 0.494907 0.061458 0.145370 1.000000
0 988 0.872917 0.533796 0.055208 0.219444 1.000000
0 989 0.873437 0.536111 0.053125 0.214815 1.000000
0 990 0.880729 0.537500 0.063542 0.213889 1.000000
0 991 0.886979 0.537963 0.075000 0.212963 1.000000
0 992 0.877344 0.537500 0.078646 0.215741 1.000000
0 993 0.870052 0.537500 0.073438 0.225000 1.000000
0 994 0.868229 0.536574 0.068750 0.226852 1.000000
0 995 0.869271 0.536574 0.061458 0.232407 1.000000
0 996 0.877344 0.536111 0.052604 0.235185 1.000000
0 997 0.877083 0.538426 0.052083 0.236111 1.000000
0 998 0.875521 0.538889 0.051042 0.235185 1.000000
0 999 0.879948 0.539815 0.059896 0.235185 1.000000
0 1000 0.890365 0.542130 0.059896 0.234259 1.000000
0 1001 0.892708 0.543056 0.057292 0.237963 1.000000
0 1002 0.893490 0.544907 0.054688 0.237963 1.000000
0 1003 0.892188 0.545833 0.052083 0.239815 1.000000
0 1004 0.898958 0.547222 0.059375 0.244444 1.000000
0 1005 0.901042 0.548148 0.063542 0.244444 1.000000
0 1006 0.900521 0.549074 0.064583 0.246296 1.000000
0 1007 0.900781 0.550463 0.065104 0.245370 1.000000
0 1008 0.898177 0.551852 0.058854 0.242593 1.000000
0 1009 0.895833 0.552778 0.057292 0.242593 1.000000
0 1010 0.895052 0.553241 0.056771 0.241667 1.000000
0 1011 0.896354 0.555093 0.062500 0.241667 1.000000
0 1012 0.895052 0.559259 0.064062 0.237037 1.000000
0 1013 0.892448 0.560185 0.061979 0.233333 1.000000
0 1014 0.889844 0.564815 0.058854 0.227778 1.000000
0 1015 0.886458 0.566667 0.057292 0.222222 1.000000
0 1016 0.879687 0.572222 0.059375 0.212963 1.000000
0 1017 0.879427 0.573611 0.059896 0.210185 1.000000
0 1018 0.880469 0.575000 0.060937 0.207407 1.000000
0 1019 0.883594 0.575926 0.060937 0.207407 1.000000
0 1020 0.889844 0.574537 0.065104 0.212037 1.000000
0 1021 0.891667 0.572222 0.067708 0.216667 1.000000
0 1022 0.892969 0.570370 0.070312 0.224074 1.000000
0 1023 0.890885 0.565741 0.061979 0.233333 1.000000
0 1024 0.900521 0.559722 0.072917 0.245370 1.000000
0 1025 0.901042 0.550926 0.073958 0.264815 1.000000
0 1026 0.899740 0.543056 0.072396 0.276852 1.000000
0 1027 0.889844 0.542593 0.077604 0.279630 1.000000
0 1028 0.883594 0.532870 0.053646 0.300926 1.000000
0 1029 0.880208 0.532407 0.047917 0.303704 1.000000
0 1030 0.881250 0.533333 0.040625 0.303704 1.000000
0 1031 0.885677 0.534722 0.042188 0.300926 1.000000
0 1032 0.888281 0.534259 0.049479 0.303704 1.000000
0 1033 0.890365 0.532870 0.052604 0.308333 1.000000
0 1034 0.891927 0.534722 0.056771 0.306481 1.000000
0 1035 0.892188 0.536111 0.061458 0.303704 1.000000
0 1036 0.888281 0.542593 0.077604 0.292593 1.000000
0 1037 0.884375 0.547222 0.087500 0.285185 1.000000
0 1038 0.880990 0.556481 0.104688 0.266667 1.000000
0 1039 0.880990 0.567593 0.115104 0.244444 1.000000
0 1040 0.879167 0.573148 0.114583 0.235185 1.000000
0 1041 0.880469 0.575463 0.102604 0.230556 1.000000
0 1042 0.883333 0.579167 0.082292 0.225000 1.000000
0 1043 0.889323 0.582870 0.071354 0.219444 1.000000
0 1044 0.886198 0.588426 0.075521 0.210185 1.000000
0 1045 0.884896 0.589352 0.076042 0.208333 1.000000
0 1046 0.884635 0.588426 0.075521 0.208333 1.000000
0 1047 0.883333 0.587963 0.073958 0.209259 1.000000
0 1048 0.874479 0.590278 0.062500 0.202778 1.000000
0 1049 0.864323 0.592130 0.069271 0.199074 1.000000
0 1050 0.859375 0.597685 0.085417 0.204630 1.000000
0 1051 0.854688 0.599537 0.096875 0.210185 1.000000
0 1052 0.847656 0.603241 0.107813 0.223148 1.000000
0 1053 0.845052 0.602315 0.106771 0.225000 1.000000
0 1054 0.840365 0.603241 0.102604 0.228704 1.000000
0 1055 0.836979 0.605093 0.098958 0.226852 1.000000
0 1056 0.828385 0.611111 0.088021 0.216667 1.000000
0 1057 0.825260 0.612500 0.081771 0.213889 1.000000
0 1058 0.822135 0.617593 0.076563 0.209259 1.000000
0 1059 0.818750 0.624074 0.071875 0.203704 1.000000
0 1060 0.812500 0.638426 0.067708 0.184259 1.000000
0 1061 0.810156 0.644907 0.065104 0.176852 1.000000
0 1062 0.808854 0.652778 0.062500 0.164815 1.000000
0 1063 0.805990 0.659259 0.063021 0.148148 1.000000
0 1064 0.805208 0.672685 0.062500 0.125000 1.000000
0 1065 0.802865 0.678704 0.068229 0.118519 1.000000
0 1066 0.799479 0.683796 0.073958 0.113889 1.000000
0 1067 0.797917 0.680093 0.078125 0.100926 1.000000
0 1068 0.794010 0.677315 0.085938 0.104630 1.000000
0 1069 0.791667 0.673148 0.090625 0.111111 1.000000
0 1070 0.788802 0.671759 0.095312 0.115741 1.000000
0 1071 0.785156 0.674537 0.104688 0.108333 1.000000
0 1072 0.777344 0.681019 0.133854 0.095370 1.000000
0 1073 0.774479 0.681481 0.143750 0.094444 1.000000
0 1074 0.772917 0.679630 0.153125 0.096296 1.000000
0 1075 0.770312 0.681481 0.154167 0.103704 1.000000
0 1076 0.764323 0.687037 0.140104 0.131481 1.000000
0 1077 0.757292 0.683796 0.118750 0.136111 1.000000
0 1078 0.752604 0.680556 0.097917 0.142593 1.000000
0 1079 0.754167 0.676389 0.084375 0.145370 1.000000
0 1080 0.762500 0.664352 0.066667 0.132407 1.000000
0 1081 0.767448 0.663426 0.056771 0.134259 1.000000
0 1082 0.767188 0.665278 0.056250 0.137963 1.000000
0 1083 0.766406 0.663426 0.055729 0.134259 1.000000
0 1084 0.765885 0.664815 0.053646 0.138889 1.000000
0 1085 0.765104 0.664352 0.053125 0.137963 1.000000
0 1086 0.765625 0.665278 0.054167 0.137963 1.000000
0 1087 0.766406 0.665741 0.055729 0.138889 1.000000
0 1088 0.765885 0.665278 0.056771 0.141667 1.000000
0 1089 0.766146 0.663426 0.056250 0.145370 1.000000
0 1090 0.763802 0.661111 0.058854 0.150000 1.000000
0 1091 0.762760 0.656944 0.061979 0.158333 1.000000
0 1092 0.758333 0.649074 0.072917 0.174074 1.000000
0 1093 0.759375 0.645833 0.071875 0.180556 1.000000
0 1094 0.756510 0.643981 0.077604 0.182407 1.000000
0 1095 0.754427 0.642593 0.080729 0.185185 1.000000
0 1096 0.750260 0.640741 0.088021 0.187037 1.000000
0 1097 0.748698 0.640741 0.090104 0.187037 1.000000
0 1098 0.747917 0.638426 0.091667 0.189815 1.000000
0 1099 0.747396 0.637963 0.093750 0.188889 1.000000
0 1100 0.745833 0.637500 0.096875 0.189815 1.000000
0 1101 0.744271 0.637037 0.098958 0.188889 1.000000
0 1102 0.742969 0.636574 0.103646 0.186111 1.000000
0 1103 0.742969 0.638426 0.105729 0.184259 1.000000
0 1104 0.740885 0.636111 0.111979 0.181481 1.000000
0 1105 0.739323 0.636574 0.115104 0.182407 1.000000
0 1106 0.737760 0.636574 0.117188 0.184259 1.000000
0 1107 0.737500 0.636574 0.118750 0.180556 1.000000
0 1108 0.736979 0.635648 0.120833 0.178704 1.000000
0 1109 0.740104 0.636574 0.127083 0.178704 1.000000
0 1110 0.744271 0.637500 0.133333 0.176852 1.000000
0 1111 0.745313 0.637500 0.138542 0.175000 1.000000
0 1112 0.745313 0.639352 0.141667 0.169444 1.000000
0 1113 0.744531 0.631481 0.140104 0.187037 1.000000
0 1114 0.741406 0.616204 0.132812 0.215741 1.000000
0 1115 0.736198 0.604630 0.123438 0.237037 1.000000
0 1116 0.723698 0.585185 0.096354 0.275926 1.000000
0 1117 0.716927 0.581019 0.082812 0.282407 1.000000
0 1118 0.712240 0.579167 0.071354 0.287963 1.000000
0 1119 0.709375 0.577315 0.065625 0.287963 1.000000
0 1120 0.711458 0.578241 0.068750 0.289815 1.000000
0 1121 0.710417 0.577315 0.067708 0.289815 1.000000
0 1122 0.709635 0.577315 0.067187 0.289815 1.000000
0 1123 0.710677 0.575926 0.069271 0.290741 1.000000
0 1124 0.708594 0.576389 0.066146 0.291667 1.000000
0 1125 0.709896 0.577778 0.069792 0.296296 1.000000
0 1126 0.709635 0.576389 0.069271 0.291667 1.000000
0 1127 0.710938 0.575463 0.071875 0.291667 1.000000
0 1128 0.709635 0.575463 0.069271 0.291667 1.000000
0 1129 0.706771 0.575926 0.062500 0.290741 1.000000
0 1130 0.705469 0.575926 0.058854 0.290741 1.000000
0 1131 0.705990 0.576389 0.058854 0.291667 1.000000
0 1132 0.706250 0.576852 0.058333 0.290741 1.000000
0 1133 0.706250 0.576852 0.058333 0.288889 1.000000
0 1134 0.706771 0.577778 0.058333 0.288889 1.000000
0 1135 0.706250 0.578241 0.058333 0.289815 1.000000
0 1136 0.713281 0.580093 0.072396 0.284259 1.000000
0 1137 0.715885 0.583796 0.084896 0.276852 1.000000
0 1138 0.720052 0.589815 0.095312 0.270370 1.000000
0 1139 0.723958 0.595833 0.101042 0.254630 1.000000
0 1140 0.726042 0.612963 0.104167 0.220370 1.000000
0 1141 0.726302 0.627778 0.106771 0.192593 1.000000
0 1142 0.726823 0.634722 0.106771 0.178704 1.000000
0 1143 0.727344 0.633796 0.105729 0.182407 1.000000
0 1144 0.722656 0.632407 0.088021 0.187037 1.000000
0 1145 0.714583 0.627778 0.065625 0.196296 1.000000
0 1146 0.717448 0.626389 0.064062 0.199074 1.000000
0 1147 0.720833 0.623611 0.066667 0.202778 1.000000
0 1148 0.727604 0.620370 0.068750 0.211111 1.000000
0 1149 0.734635 0.617130 0.076563 0.206481 1.000000
0 1150 0.742708 0.613426 0.085417 0.208333 1.000000
0 1151 0.748958 0.612963 0.091667 0.211111 1.000000
0 1152 0.759115 0.615278 0.096354 0.212037 1.000000
0 1153 0.765104 0.620370 0.096875 0.216667 1.000000
0 1154 0.768750 0.619907 0.093750 0.213889 1.000000
0 1155 0.771875 0.620370 0.090625 0.212963 1.000000
0 1156 0.776823 0.617130 0.079687 0.215741 1.000000
0 1157 0.779687 0.616667 0.075000 0.218519 1.000000
0 1158 0.781771 0.616204 0.071875 0.221296 1.000000
0 1159 0.789323 0.613426 0.071354 0.225000 1.000000
0 1160 0.803646 0.613426 0.081250 0.225000 1.000000
0 1161 0.804948 0.614815 0.086979 0.225926 1.000000
0 1162 0.804948 0.617593 0.086979 0.229630 1.000000
0 1163 0.804948 0.618519 0.086979 0.231481 1.000000
0 1164 0.813802 0.618056 0.065104 0.230556 1.000000
0 1165 0.816406 0.616667 0.058854 0.235185 1.000000
0 1166 0.819271 0.613889 0.052083 0.238889 1.000000
0 1167 0.826042 0.613426 0.056250 0.239815 1.000000
0 1168 0.833333 0.612963 0.056250 0.240741 1.000000
0 1169 0.834115 0.605556 0.052604 0.255556 1.000000
0 1170 0.833854 0.598148 0.057292 0.272222 1.000000
0 1171 0.836198 0.588889 0.065104 0.290741 1.000000
0 1172 0.830208 0.587500 0.067708 0.293519 1.000000
0 1173 0.828906 0.593056 0.067187 0.282407 1.000000
0 1174 0.828385 0.603704 0.065104 0.268519 1.000000
0 1175 0.827083 0.608796 0.062500 0.250926 1.000000
0 1176 0.823958 0.613889 0.068750 0.248148 1.000000
0 1177 0.823698 0.613889 0.068229 0.238889 1.000000
0 1178 0.830729 0.615278 0.070833 0.237963 1.000000
0 1179 0.840365 0.618056 0.070312 0.241667 1.000000
0 1180 0.848958 0.614815 0.073958 0.250000 1.000000
0 1181 0.848437 0.612037 0.078125 0.257407 1.000000
0 1182 0.846094 0.610185 0.079687 0.259259 1.000000
0 1183 0.845052 0.606481 0.078646 0.270370 1.000000
0 1184 0.835677 0.583796 0.072396 0.299074 1.000000
0 1185 0.831250 0.579167 0.070833 0.295370 1.000000
0 1186 0.824219 0.585185 0.071354 0.300000 1.000000
0 1187 0.816927 0.592593 0.071354 0.300000 1.000000
0 1188 0.804948 0.612500 0.072396 0.271296 1.000000
0 1189 0.800781 0.615278 0.069271 0.260185 1.000000
0 1190 0.797135 0.618981 0.069271 0.252778 1.000000
0 1191 0.791667 0.621296 0.067708 0.250000 1.000000
0 1192 0.783073 0.626389 0.067187 0.252778 1.000000
0 1193 0.779427 0.625000 0.071354 0.261111 1.000000
0 1194 0.775260 0.620833 0.071354 0.258333 1.000000
0 1195 0.771615 0.618056 0.068229 0.256481 1.000000
0 1196 0.767969 0.620833 0.059896 0.262037 1.000000
0 1197 0.767708 0.617593 0.052083 0.259259 1.000000
0 1198 0.768490 0.615278 0.043229 0.256481 1.000000
0 1199 0.767448 0.621296 0.036979 0.246296 1.000000
0 1200 0.753385 0.619444 0.046354 0.250000 1.000000
0 1201 0.754687 0.616204 0.059375 0.247222 1.000000
0 1202 0.754948 0.612500 0.072396 0.247222 1.000000
0 1203 0.754427 0.604630 0.101562 0.240741 1.000000
