0 1 0.554297 0.581944 0.102344 0.352778 0.000000 0.000000 1.000000
0 2 0.554297 0.579167 0.102344 0.352778 0.000000 -0.002778 1.000000
0 3 0.552734 0.578472 0.102344 0.356944 -0.001563 -0.000694 1.000000
0 4 0.550391 0.575694 0.099219 0.365278 -0.002344 -0.002778 1.000000
0 5 0.549609 0.572222 0.100781 0.372222 -0.000781 -0.003472 1.000000
0 6 0.545312 0.570833 0.117188 0.377778 -0.004297 -0.001389 1.000000
0 7 0.538281 0.565278 0.129688 0.386111 -0.007031 -0.005556 1.000000
0 8 0.526563 0.554167 0.151562 0.405556 -0.011719 -0.011111 1.000000
0 9 0.522266 0.550694 0.157031 0.412500 -0.004297 -0.003472 1.000000
0 10 0.517578 0.543750 0.160156 0.426389 -0.004687 -0.006944 1.000000
0 11 0.516797 0.518750 0.158594 0.468056 -0.000781 -0.025000 1.000000
0 12 0.512500 0.481944 0.150000 0.525000 -0.004297 -0.036806 1.000000
0 13 0.506250 0.478472 0.135937 0.534722 -0.006250 -0.003472 1.000000
0 14 0.500000 0.477083 0.121875 0.537500 -0.006250 -0.001389 1.000000
0 15 0.498047 0.478472 0.117969 0.534722 -0.001953 0.001389 1.000000
0 16 0.491406 0.479861 0.098437 0.531944 -0.006641 0.001389 1.000000
0 17 0.486719 0.481250 0.093750 0.529167 -0.004687 0.001389 1.000000
0 18 0.476562 0.489583 0.081250 0.515278 -0.010156 0.008333 1.000000
0 19 0.469922 0.487500 0.071094 0.511111 -0.006641 -0.002083 1.000000
0 20 0.465234 0.498611 0.078906 0.491667 -0.004687 0.011111 1.000000
0 21 0.460938 0.508333 0.081250 0.475000 -0.004297 0.009722 1.000000
0 22 0.452734 0.529861 0.083594 0.431944 -0.008203 0.021528 1.000000
0 23 0.447656 0.530556 0.084375 0.433333 -0.005078 0.000694 1.000000
0 24 0.441797 0.526389 0.099219 0.430556 -0.005859 -0.004167 1.000000
0 25 0.435937 0.527778 0.115625 0.436111 -0.005859 0.001389 1.000000
0 26 0.433203 0.527778 0.133594 0.436111 -0.002734 0.000000 1.000000
0 27 0.435547 0.528472 0.141406 0.437500 0.002344 0.000694 1.000000
0 28 0.440625 0.528472 0.126562 0.440278 0.005078 0.000000 1.000000
0 29 0.441406 0.527778 0.114062 0.441667 0.000781 -0.000694 1.000000
0 30 0.445312 0.527083 0.090625 0.443056 0.003906 -0.000694 1.000000
0 31 0.446875 0.525000 0.079687 0.447222 0.001563 -0.002083 1.000000
0 32 0.457422 0.520833 0.071094 0.452778 0.010547 -0.004167 1.000000
0 33 0.462109 0.520139 0.069531 0.451389 0.004687 -0.000694 1.000000
0 34 0.471484 0.519444 0.064844 0.450000 0.009375 -0.000694 1.000000
0 35 0.475000 0.522222 0.065625 0.452778 0.003516 0.002778 1.000000
0 36 0.478906 0.521528 0.071875 0.454167 0.003906 -0.000694 1.000000
0 37 0.480859 0.520139 0.071094 0.454167 0.001953 -0.001389 1.000000
0 38 0.487891 0.518750 0.071094 0.456944 0.007031 -0.001389 1.000000
0 39 0.491406 0.518056 0.070312 0.458333 0.003516 -0.000694 1.000000
0 40 0.500391 0.519444 0.069531 0.458333 0.008984 0.001389 1.000000
0 41 0.505078 0.518750 0.066406 0.459722 0.004687 -0.000694 1.000000
0 42 0.513281 0.520139 0.060937 0.462500 0.008203 0.001389 1.000000
0 43 0.516406 0.520139 0.059375 0.459722 0.003125 0.000000 1.000000
0 44 0.525391 0.520833 0.058594 0.461111 0.008984 0.000694 1.000000
0 45 0.528125 0.521528 0.057813 0.462500 0.002734 0.000694 1.000000
0 46 0.535547 0.522917 0.055469 0.459722 0.007422 0.001389 1.000000
0 47 0.539453 0.521528 0.058594 0.459722 0.003906 -0.001389 1.000000
0 48 0.548047 0.522222 0.072656 0.461111 0.008594 0.000694 1.000000
0 49 0.550000 0.522917 0.073438 0.459722 0.001953 0.000694 1.000000
0 50 0.552734 0.522917 0.075781 0.459722 0.002734 0.000000 1.000000
0 51 0.556641 0.521528 0.080469 0.459722 0.003906 -0.001389 1.000000
0 52 0.558984 0.522917 0.075781 0.459722 0.002344 0.001389 1.000000
0 53 0.562109 0.523611 0.075781 0.455556 0.003125 0.000694 1.000000
0 54 0.570312 0.529167 0.075000 0.447222 0.008203 0.005556 1.000000
0 55 0.573828 0.527778 0.072656 0.438889 0.003516 -0.001389 1.000000
0 56 0.577734 0.534028 0.071094 0.426389 0.003906 0.006250 1.000000
0 57 0.577734 0.538889 0.071094 0.430556 0.000000 0.004861 1.000000
0 58 0.578516 0.536806 0.071094 0.426389 0.000781 -0.002083 1.000000
0 62 0.631250 0.550000 0.076563 0.477778 0.013184 0.003299 1.000000
0 63 0.628906 0.551389 0.084375 0.477778 -0.002344 0.001389 1.000000
0 64 0.641016 0.543056 0.103906 0.438889 0.012109 -0.008333 1.000000
0 65 0.649219 0.545833 0.104688 0.438889 0.008203 0.002778 1.000000
0 66 0.668359 0.551389 0.114844 0.444444 0.019141 0.005556 1.000000
0 67 0.677344 0.554167 0.121875 0.452778 0.008984 0.002778 1.000000
0 68 0.697266 0.565278 0.133594 0.469444 0.019922 0.011111 1.000000
0 69 0.712109 0.568056 0.124219 0.463889 0.014844 0.002778 1.000000
0 70 0.744141 0.572917 0.100781 0.454167 0.032031 0.004861 1.000000
0 71 0.750391 0.576389 0.110156 0.450000 0.006250 0.003472 1.000000
0 72 0.767188 0.580556 0.128125 0.441667 0.016797 0.004167 1.000000
0 73 0.784766 0.577778 0.153906 0.447222 0.017578 -0.002778 1.000000
0 74 0.818750 0.577778 0.162500 0.469444 0.033984 0.000000 1.000000
0 75 0.819531 0.579167 0.165625 0.491667 0.000781 0.001389 1.000000
0 76 0.822656 0.540972 0.167187 0.576389 0.003125 -0.038194 1.000000
0 77 0.822656 0.538194 0.167187 0.581944 0.000000 -0.002778 1.000000
0 78 0.834375 0.541667 0.192188 0.572222 0.011719 0.003472 1.000000
0 79 0.839453 0.541667 0.200781 0.569444 0.005078 0.000000 1.000000
0 80 0.843359 0.545833 0.208594 0.563889 0.003906 0.004167 1.000000
0 81 0.846094 0.545833 0.210938 0.561111 0.002734 0.000000 1.000000
0 82 0.849219 0.535417 0.210938 0.565278 0.003125 -0.010417 1.000000
0 83 0.850391 0.529167 0.213281 0.555556 0.001172 -0.006250 1.000000
0 84 0.853906 0.518750 0.215625 0.551389 0.003516 -0.010417 1.000000
0 85 0.854688 0.515972 0.215625 0.551389 0.000781 -0.002778 1.000000
0 86 0.857812 0.505556 0.218750 0.558333 0.003125 -0.010417 1.000000
0 87 0.859375 0.505556 0.217188 0.558333 0.001563 0.000000 1.000000
0 88 0.862500 0.502083 0.218750 0.554167 0.003125 -0.003472 1.000000
0 89 0.862891 0.499306 0.216406 0.554167 0.000391 -0.002778 1.000000
0 90 0.866406 0.497917 0.218750 0.554167 0.003516 -0.001389 1.000000
0 91 0.867969 0.495833 0.221875 0.552778 0.001563 -0.002083 1.000000
0 92 0.870703 0.491667 0.225781 0.550000 0.002734 -0.004167 1.000000
0 93 0.872266 0.488889 0.228906 0.550000 0.001563 -0.002778 1.000000
0 94 0.877734 0.485417 0.232031 0.548611 0.005469 -0.003472 1.000000
0 95 0.880859 0.482639 0.225781 0.554167 0.003125 -0.002778 1.000000
0 96 0.888672 0.477083 0.217969 0.554167 0.007812 -0.005556 1.000000
0 97 0.892578 0.473611 0.211719 0.555556 0.003906 -0.003472 1.000000
0 98 0.900000 0.472917 0.196875 0.551389 0.007422 -0.000694 1.000000
0 99 0.904687 0.471528 0.189062 0.548611 0.004687 -0.001389 1.000000
0 100 0.913672 0.467361 0.171094 0.543056 0.008984 -0.004167 1.000000
0 101 0.917188 0.471528 0.162500 0.534722 0.003516 0.004167 1.000000
0 102 0.927734 0.477778 0.141406 0.522222 0.010547 0.006250 1.000000
0 103 0.932813 0.484722 0.131250 0.508333 0.005078 0.006944 1.000000
0 104 0.939063 0.502083 0.120313 0.473611 0.006250 0.017361 1.000000
0 105 0.938281 0.518056 0.120313 0.450000 -0.000781 0.015972 1.000000
0 106 0.942578 0.516667 0.111719 0.450000 0.004297 -0.001389 1.000000
0 107 0.950000 0.527778 0.098437 0.461111 0.007422 0.011111 1.000000
0 108 0.963281 0.543750 0.070312 0.454167 0.013281 0.015972 1.000000
0 109 0.961719 0.554167 0.073438 0.444444 -0.001563 0.010417 1.000000
0 110 0.961719 0.572222 0.075000 0.416667 0.000000 0.018056 1.000000
0 111 0.962500 0.579861 0.073438 0.404167 0.000781 0.007639 1.000000
0 112 0.962500 0.609722 0.071875 0.352778 0.000000 0.029861 1.000000
0 113 0.963672 0.626389 0.069531 0.322222 0.001172 0.016667 1.000000
0 114 0.961719 0.668750 0.075000 0.237500 -0.001953 0.042361 1.000000
0 115 0.960156 0.676389 0.078125 0.222222 -0.001563 0.007639 1.000000
0 116 0.956250 0.684722 0.084375 0.205556 -0.003906 0.008333 1.000000
0 117 0.955859 0.688194 0.086719 0.198611 -0.000391 0.003472 1.000000
0 118 0.952734 0.691667 0.091406 0.191667 -0.003125 0.003472 1.000000
0 119 0.951172 0.704167 0.094531 0.213889 -0.001563 0.012500 1.000000
0 120 0.949219 0.704167 0.098437 0.205556 -0.001953 0.000000 1.000000
0 121 0.947656 0.706250 0.101562 0.206944 -0.001563 0.002083 1.000000
0 122 0.944922 0.706944 0.105469 0.205556 -0.002734 0.000694 1.000000
0 123 0.943750 0.708333 0.109375 0.205556 -0.001172 0.001389 1.000000
0 124 0.941406 0.704861 0.114062 0.212500 -0.002344 -0.003472 1.000000
0 125 0.939453 0.699306 0.116406 0.204167 -0.001953 -0.005556 1.000000
0 126 0.936328 0.698611 0.119531 0.205556 -0.003125 -0.000694 1.000000
0 127 0.933984 0.697917 0.119531 0.206944 -0.002344 -0.000694 1.000000
0 128 0.930469 0.695833 0.120313 0.211111 -0.003516 -0.002083 1.000000
0 129 0.927734 0.692361 0.119531 0.220833 -0.002734 -0.003472 1.000000
0 130 0.924609 0.685417 0.122656 0.243056 -0.003125 -0.006944 1.000000
0 131 0.922266 0.681250 0.122656 0.251389 -0.002344 -0.004167 1.000000
0 132 0.918750 0.673611 0.115625 0.272222 -0.003516 -0.007639 1.000000
0 133 0.918750 0.668056 0.110937 0.286111 0.000000 -0.005556 1.000000
0 134 0.928125 0.654167 0.090625 0.319444 0.009375 -0.013889 1.000000
0 135 0.932422 0.636111 0.078906 0.355556 0.004297 -0.018056 1.000000
0 136 0.933594 0.607639 0.068750 0.415278 0.001172 -0.028472 1.000000
0 137 0.934375 0.604167 0.060937 0.427778 0.000781 -0.003472 1.000000
0 138 0.930078 0.600000 0.057031 0.436111 -0.004297 -0.004167 1.000000
0 139 0.928516 0.600000 0.055469 0.438889 -0.001563 0.000000 1.000000
0 140 0.923438 0.602083 0.056250 0.437500 -0.005078 0.002083 1.000000
0 141 0.919922 0.602778 0.057031 0.436111 -0.003516 0.000694 1.000000
0 142 0.914062 0.604861 0.057813 0.431944 -0.005859 0.002083 1.000000
0 143 0.909766 0.609028 0.058594 0.429167 -0.004297 0.004167 1.000000
0 144 0.900781 0.610417 0.065625 0.423611 -0.008984 0.001389 1.000000
0 145 0.896094 0.612500 0.068750 0.416667 -0.004687 0.002083 1.000000
0 146 0.886328 0.622222 0.074219 0.405556 -0.009766 0.009722 1.000000
0 147 0.880859 0.626389 0.075781 0.400000 -0.005469 0.004167 1.000000
0 148 0.873047 0.636111 0.078906 0.383333 -0.007812 0.009722 1.000000
0 149 0.868750 0.640278 0.078125 0.377778 -0.004297 0.004167 1.000000
0 150 0.862891 0.647222 0.077344 0.366667 -0.005859 0.006944 1.000000
0 151 0.860156 0.651389 0.076563 0.358333 -0.002734 0.004167 1.000000
0 152 0.856250 0.658333 0.075000 0.344444 -0.003906 0.006944 1.000000
0 153 0.854688 0.664583 0.073438 0.331944 -0.001563 0.006250 1.000000
0 154 0.852734 0.670139 0.071094 0.320833 -0.001953 0.005556 1.000000
0 155 0.852344 0.671528 0.068750 0.318056 -0.000391 0.001389 1.000000
0 156 0.849219 0.673611 0.057813 0.311111 -0.003125 0.002083 1.000000
0 157 0.846875 0.673611 0.054688 0.308333 -0.002344 0.000000 1.000000
0 158 0.842578 0.670139 0.060156 0.298611 -0.004297 -0.003472 1.000000
0 159 0.841016 0.672917 0.058594 0.298611 -0.001563 0.002778 1.000000
0 160 0.832031 0.674306 0.068750 0.298611 -0.008984 0.001389 1.000000
0 161 0.830859 0.677778 0.071094 0.302778 -0.001172 0.003472 1.000000
0 162 0.829688 0.678472 0.067187 0.306944 -0.001172 0.000694 1.000000
0 163 0.827734 0.677778 0.064844 0.308333 -0.001953 -0.000694 1.000000
0 164 0.821875 0.674306 0.065625 0.312500 -0.005859 -0.003472 1.000000
0 165 0.819922 0.674306 0.064844 0.315278 -0.001953 0.000000 1.000000
0 166 0.819141 0.671528 0.064844 0.320833 -0.000781 -0.002778 1.000000
0 167 0.818750 0.671528 0.065625 0.323611 -0.000391 0.000000 1.000000
0 168 0.819922 0.672222 0.064844 0.327778 0.001172 0.000694 1.000000
0 169 0.821484 0.672222 0.061719 0.330556 0.001563 0.000000 1.000000
0 170 0.822266 0.672222 0.057031 0.330556 0.000781 0.000000 1.000000
0 171 0.822656 0.674306 0.056250 0.331944 0.000391 0.002083 1.000000
0 172 0.825391 0.672222 0.063281 0.330556 0.002734 -0.002083 1.000000
0 173 0.826172 0.672222 0.064844 0.330556 0.000781 0.000000 1.000000
0 174 0.827344 0.672222 0.067187 0.330556 0.001172 0.000000 1.000000
0 175 0.826953 0.670833 0.067969 0.330556 -0.000391 -0.001389 1.000000
0 176 0.825781 0.671528 0.067187 0.331944 -0.001172 0.000694 1.000000
0 177 0.823828 0.672222 0.063281 0.330556 -0.001953 0.000694 1.000000
0 178 0.821484 0.672222 0.058594 0.330556 -0.002344 0.000000 1.000000
0 179 0.821875 0.670833 0.059375 0.330556 0.000391 -0.001389 1.000000
0 180 0.821094 0.669444 0.059375 0.330556 -0.000781 -0.001389 1.000000
0 181 0.821484 0.669444 0.058594 0.330556 0.000391 0.000000 1.000000
0 182 0.820703 0.669444 0.058594 0.330556 -0.000781 0.000000 1.000000
0 183 0.821094 0.670139 0.059375 0.331944 0.000391 0.000694 1.000000
0 184 0.821094 0.669444 0.059375 0.333333 0.000000 -0.000694 1.000000
0 185 0.821094 0.668750 0.059375 0.334722 0.000000 -0.000694 1.000000
0 186 0.820703 0.668750 0.060156 0.331944 -0.000391 0.000000 1.000000
0 187 0.820703 0.668750 0.060156 0.331944 0.000000 0.000000 1.000000
0 188 0.819922 0.668056 0.061719 0.333333 -0.000781 -0.000694 1.000000
0 189 0.819922 0.667361 0.061719 0.331944 0.000000 -0.000694 1.000000
0 190 0.818750 0.668750 0.064062 0.329167 -0.001172 0.001389 1.000000
0 191 0.819531 0.668750 0.065625 0.329167 0.000781 0.000000 1.000000
0 192 0.819141 0.667361 0.067969 0.326389 -0.000391 -0.001389 1.000000
0 193 0.817969 0.668750 0.071875 0.329167 -0.001172 0.001389 1.000000
0 194 0.817187 0.668056 0.075000 0.327778 -0.000781 -0.000694 1.000000
0 195 0.813281 0.667361 0.068750 0.331944 -0.003906 -0.000694 1.000000
0 196 0.807031 0.665278 0.067187 0.336111 -0.006250 -0.002083 1.000000
0 197 0.800000 0.662500 0.076563 0.336111 -0.007031 -0.002778 1.000000
0 198 0.794531 0.656944 0.089063 0.344444 -0.005469 -0.005556 1.000000
0 199 0.794922 0.656250 0.091406 0.343056 0.000391 -0.000694 1.000000
0 200 0.796484 0.656250 0.088281 0.334722 0.001563 0.000000 1.000000
0 201 0.798828 0.659028 0.085156 0.334722 0.002344 0.002778 1.000000
0 202 0.800391 0.656250 0.080469 0.337500 0.001563 -0.002778 1.000000
0 203 0.799219 0.658333 0.076563 0.336111 -0.001172 0.002083 1.000000
0 204 0.801562 0.658333 0.076563 0.338889 0.002344 0.000000 1.000000
0 205 0.803906 0.656250 0.075000 0.337500 0.002344 -0.002083 1.000000
0 206 0.804688 0.655556 0.073438 0.338889 0.000781 -0.000694 1.000000
0 207 0.804688 0.656944 0.073438 0.341667 0.000000 0.001389 1.000000
0 208 0.807031 0.656944 0.071875 0.338889 0.002344 0.000000 1.000000
0 209 0.807813 0.656944 0.068750 0.336111 0.000781 0.000000 1.000000
0 210 0.808594 0.664583 0.070312 0.326389 0.000781 0.007639 1.000000
0 211 0.812500 0.668056 0.076563 0.316667 0.003906 0.003472 1.000000
0 212 0.816016 0.681944 0.082031 0.288889 0.003516 0.013889 1.000000
0 213 0.816406 0.693056 0.079687 0.269444 0.000391 0.011111 1.000000
0 214 0.819531 0.720139 0.081250 0.229167 0.003125 0.027083 1.000000
0 215 0.819141 0.734028 0.080469 0.206944 -0.000391 0.013889 1.000000
0 216 0.821094 0.767361 0.076563 0.170833 0.001953 0.033333 1.000000
0 217 0.823438 0.779167 0.078125 0.150000 0.002344 0.011806 1.000000
0 218 0.825000 0.784722 0.076563 0.138889 0.001563 0.005556 1.000000
0 219 0.825781 0.784028 0.075000 0.137500 0.000781 -0.000694 1.000000
0 220 0.828125 0.785417 0.076563 0.137500 0.002344 0.001389 1.000000
0 221 0.830078 0.786111 0.077344 0.136111 0.001953 0.000694 1.000000
0 222 0.831250 0.784722 0.076563 0.133333 0.001172 -0.001389 1.000000
0 223 0.832812 0.785417 0.076563 0.131944 0.001563 0.000694 1.000000
0 224 0.835156 0.782639 0.076563 0.134722 0.002344 -0.002778 1.000000
0 225 0.835938 0.781944 0.076563 0.136111 0.000781 -0.000694 1.000000
0 226 0.838672 0.781250 0.075781 0.137500 0.002734 -0.000694 1.000000
0 227 0.838672 0.780556 0.074219 0.136111 0.000000 -0.000694 1.000000
0 228 0.841797 0.779167 0.078906 0.138889 0.003125 -0.001389 1.000000
0 229 0.842187 0.779167 0.078125 0.138889 0.000391 0.000000 1.000000
0 230 0.843359 0.776389 0.075781 0.141667 0.001172 -0.002778 1.000000
0 231 0.843359 0.775694 0.074219 0.140278 0.000000 -0.000694 1.000000
0 232 0.842969 0.768750 0.068750 0.129167 -0.000391 -0.006944 1.000000
0 233 0.842969 0.768056 0.068750 0.133333 0.000000 -0.000694 1.000000
0 234 0.844141 0.768056 0.067969 0.138889 0.001172 0.000000 1.000000
0 235 0.844531 0.768056 0.067187 0.141667 0.000391 0.000000 1.000000
0 236 0.845313 0.763889 0.067187 0.141667 0.000781 -0.004167 1.000000
0 237 0.845703 0.765278 0.066406 0.147222 0.000391 0.001389 1.000000
0 238 0.847656 0.761806 0.065625 0.154167 0.001953 -0.003472 1.000000
0 239 0.848437 0.756944 0.067187 0.161111 0.000781 -0.004861 1.000000
0 240 0.849609 0.747917 0.066406 0.165278 0.001172 -0.009028 1.000000
0 241 0.850000 0.743056 0.067187 0.177778 0.000391 -0.004861 1.000000
0 242 0.851562 0.729167 0.067187 0.202778 0.001563 -0.013889 1.000000
0 243 0.852344 0.725694 0.068750 0.212500 0.000781 -0.003472 1.000000
0 244 0.850781 0.709722 0.065625 0.241667 -0.001563 -0.015972 1.000000
0 245 0.851562 0.705556 0.065625 0.250000 0.000781 -0.004167 1.000000
0 246 0.848047 0.702778 0.071094 0.252778 -0.003516 -0.002778 1.000000
0 247 0.843750 0.702778 0.078125 0.252778 -0.004297 0.000000 1.000000
0 248 0.841406 0.702778 0.081250 0.252778 -0.002344 0.000000 1.000000
0 249 0.840234 0.703472 0.082031 0.254167 -0.001172 0.000694 1.000000
0 250 0.840625 0.703472 0.079687 0.254167 0.000391 0.000000 1.000000
0 251 0.841406 0.702778 0.078125 0.252778 0.000781 -0.000694 1.000000
0 252 0.842969 0.702778 0.078125 0.252778 0.001563 0.000000 1.000000
0 253 0.843750 0.702083 0.078125 0.251389 0.000781 -0.000694 1.000000
0 254 0.844922 0.702083 0.080469 0.251389 0.001172 0.000000 1.000000
0 255 0.845313 0.702083 0.082812 0.251389 0.000391 0.000000 1.000000
0 256 0.848828 0.702778 0.086719 0.252778 0.003516 0.000694 1.000000
0 257 0.851562 0.702778 0.085938 0.252778 0.002734 0.000000 1.000000
0 258 0.853125 0.703472 0.087500 0.251389 0.001563 0.000694 1.000000
0 259 0.854688 0.703472 0.087500 0.251389 0.001563 0.000000 1.000000
0 260 0.851172 0.702083 0.096094 0.254167 -0.003516 -0.001389 1.000000
0 261 0.847266 0.701389 0.105469 0.252778 -0.003906 -0.000694 1.000000
0 262 0.839453 0.700000 0.121094 0.252778 -0.007812 -0.001389 1.000000
0 263 0.841406 0.702083 0.118750 0.256944 0.001953 0.002083 1.000000
0 264 0.846875 0.701389 0.104688 0.255556 0.005469 -0.000694 1.000000
0 265 0.852734 0.700694 0.091406 0.254167 0.005859 -0.000694 1.000000
0 266 0.853125 0.700694 0.084375 0.254167 0.000391 0.000000 1.000000
0 267 0.849609 0.699306 0.088281 0.256944 -0.003516 -0.001389 1.000000
0 268 0.833984 0.698611 0.113281 0.258333 -0.015625 -0.000694 1.000000
0 269 0.827344 0.698611 0.125000 0.258333 -0.006641 0.000000 1.000000
0 270 0.823438 0.697222 0.131250 0.258333 -0.003906 -0.001389 1.000000
0 271 0.822266 0.697222 0.132031 0.258333 -0.001172 0.000000 1.000000
0 272 0.820703 0.697222 0.133594 0.258333 -0.001563 0.000000 1.000000
0 273 0.819922 0.695139 0.135156 0.256944 -0.000781 -0.002083 1.000000
0 274 0.818750 0.695139 0.135937 0.256944 -0.001172 0.000000 1.000000
0 275 0.816797 0.695139 0.138281 0.256944 -0.001953 0.000000 1.000000
0 276 0.816406 0.693750 0.139063 0.256944 -0.000391 -0.001389 1.000000
0 277 0.815234 0.693750 0.138281 0.256944 -0.001172 0.000000 1.000000
0 278 0.814063 0.693750 0.139063 0.256944 -0.001172 0.000000 1.000000
0 279 0.816406 0.692361 0.134375 0.256944 0.002344 -0.001389 1.000000
0 280 0.815234 0.697222 0.139844 0.247222 -0.001172 0.004861 1.000000
0 281 0.817578 0.698611 0.144531 0.241667 0.002344 0.001389 1.000000
0 282 0.819922 0.702778 0.147656 0.233333 0.002344 0.004167 1.000000
0 283 0.821094 0.702778 0.150000 0.230556 0.001172 0.000000 1.000000
0 284 0.819531 0.706250 0.159375 0.223611 -0.001563 0.003472 1.000000
0 285 0.821484 0.707639 0.157031 0.218056 0.001953 0.001389 1.000000
0 286 0.823438 0.709028 0.160938 0.212500 0.001953 0.001389 1.000000
0 287 0.824219 0.708333 0.164062 0.211111 0.000781 -0.000694 1.000000
0 288 0.825391 0.709722 0.169531 0.208333 0.001172 0.001389 1.000000
0 289 0.825781 0.713194 0.171875 0.206944 0.000391 0.003472 1.000000
0 290 0.826953 0.713889 0.180469 0.200000 0.001172 0.000694 1.000000
0 291 0.828516 0.715972 0.180469 0.198611 0.001563 0.002083 1.000000
0 292 0.831641 0.725694 0.183594 0.181944 0.003125 0.009722 1.000000
0 293 0.832422 0.729167 0.185156 0.172222 0.000781 0.003472 1.000000
0 294 0.832812 0.739583 0.190625 0.148611 0.000391 0.010417 1.000000
0 295 0.833984 0.745139 0.192969 0.143056 0.001172 0.005556 1.000000
0 296 0.838672 0.747222 0.192969 0.138889 0.004687 0.002083 1.000000
0 297 0.843359 0.752778 0.202344 0.141667 0.004687 0.005556 1.000000
0 298 0.847266 0.754167 0.205469 0.141667 0.003906 0.001389 1.000000
0 299 0.846875 0.754861 0.206250 0.137500 -0.000391 0.000694 1.000000
0 300 0.846094 0.756944 0.204687 0.133333 -0.000781 0.002083 1.000000
0 301 0.843359 0.756944 0.199219 0.133333 -0.002734 0.000000 1.000000
0 302 0.845703 0.758333 0.196094 0.133333 0.002344 0.001389 1.000000
0 303 0.844922 0.756944 0.196094 0.133333 -0.000781 -0.001389 1.000000
0 304 0.842969 0.755556 0.203125 0.133333 -0.001953 -0.001389 1.000000
0 305 0.840625 0.754861 0.207813 0.131944 -0.002344 -0.000694 1.000000
0 306 0.841406 0.752083 0.209375 0.137500 0.000781 -0.002778 1.000000
0 307 0.842969 0.741667 0.206250 0.161111 0.001563 -0.010417 1.000000
0 308 0.851172 0.711806 0.191406 0.218056 0.008203 -0.029861 1.000000
0 309 0.857812 0.699306 0.178125 0.243056 0.006641 -0.012500 1.000000
0 310 0.866406 0.681944 0.159375 0.277778 0.008594 -0.017361 1.000000
0 311 0.868359 0.677778 0.153906 0.286111 0.001953 -0.004167 1.000000
0 312 0.867578 0.679861 0.153906 0.281944 -0.000781 0.002083 1.000000
0 313 0.866797 0.684722 0.152344 0.272222 -0.000781 0.004861 1.000000
0 314 0.864844 0.701389 0.151562 0.238889 -0.001953 0.016667 1.000000
0 315 0.864844 0.711806 0.151562 0.218056 0.000000 0.010417 1.000000
0 316 0.865234 0.720833 0.152344 0.200000 0.000391 0.009028 1.000000
0 317 0.865625 0.720833 0.151562 0.200000 0.000391 0.000000 1.000000
0 318 0.866016 0.711806 0.150781 0.220833 0.000391 -0.009028 1.000000
0 319 0.866406 0.703472 0.150000 0.234722 0.000391 -0.008333 1.000000
0 320 0.864844 0.697917 0.145313 0.248611 -0.001563 -0.005556 1.000000
0 321 0.864453 0.695833 0.142969 0.252778 -0.000391 -0.002083 1.000000
0 322 0.845313 0.712500 0.170313 0.222222 -0.019141 0.016667 1.000000
0 323 0.840625 0.727778 0.179688 0.191667 -0.004687 0.015278 1.000000
0 324 0.821875 0.753472 0.200000 0.137500 -0.018750 0.025694 1.000000
0 325 0.817187 0.762500 0.200000 0.122222 -0.004687 0.009028 1.000000
0 326 0.809375 0.761111 0.193750 0.125000 -0.007812 -0.001389 1.000000
0 327 0.805859 0.758333 0.189844 0.130556 -0.003516 -0.002778 1.000000
0 328 0.795312 0.749306 0.185938 0.148611 -0.010547 -0.009028 1.000000
0 329 0.790625 0.745139 0.182812 0.156944 -0.004687 -0.004167 1.000000
0 330 0.781641 0.738889 0.175781 0.169444 -0.008984 -0.006250 1.000000
0 331 0.780078 0.737500 0.172656 0.169444 -0.001563 -0.001389 1.000000
0 332 0.779297 0.735417 0.167969 0.170833 -0.000781 -0.002083 1.000000
0 333 0.778516 0.734722 0.164844 0.169444 -0.000781 -0.000694 1.000000
0 334 0.775391 0.738889 0.161719 0.177778 -0.003125 0.004167 1.000000
0 335 0.775781 0.739583 0.160938 0.179167 0.000391 0.000694 1.000000
0 336 0.771875 0.736806 0.154688 0.184722 -0.003906 -0.002778 1.000000
0 337 0.771094 0.734722 0.148438 0.194444 -0.000781 -0.002083 1.000000
0 338 0.773047 0.719444 0.149219 0.205556 0.001953 -0.015278 1.000000
0 339 0.776953 0.710417 0.146094 0.212500 0.003906 -0.009028 1.000000
0 340 0.779297 0.700000 0.147656 0.238889 0.002344 -0.010417 1.000000
0 341 0.782031 0.696528 0.150000 0.248611 0.002734 -0.003472 1.000000
0 342 0.781250 0.687500 0.142187 0.266667 -0.000781 -0.009028 1.000000
0 343 0.783203 0.685417 0.141406 0.270833 0.001953 -0.002083 1.000000
0 344 0.782422 0.683333 0.132031 0.280556 -0.000781 -0.002083 1.000000
0 345 0.786719 0.681250 0.125000 0.281944 0.004297 -0.002083 1.000000
0 346 0.786719 0.681250 0.115625 0.287500 0.000000 0.000000 1.000000
0 347 0.789844 0.681250 0.115625 0.287500 0.003125 0.000000 1.000000
0 348 0.792969 0.682639 0.117188 0.284722 0.003125 0.001389 1.000000
0 349 0.794141 0.683333 0.114844 0.283333 0.001172 0.000694 1.000000
0 350 0.796094 0.684722 0.115625 0.283333 0.001953 0.001389 1.000000
0 351 0.798047 0.686806 0.116406 0.279167 0.001953 0.002083 1.000000
0 352 0.802734 0.684722 0.117969 0.280556 0.004687 -0.002083 1.000000
0 353 0.805469 0.684028 0.118750 0.281944 0.002734 -0.000694 1.000000
0 354 0.809375 0.681944 0.118750 0.288889 0.003906 -0.002083 1.000000
0 355 0.810547 0.678472 0.119531 0.295833 0.001172 -0.003472 1.000000
0 356 0.813672 0.672917 0.119531 0.306944 0.003125 -0.005556 1.000000
0 357 0.814063 0.670833 0.118750 0.311111 0.000391 -0.002083 1.000000
0 358 0.816797 0.667361 0.117969 0.320833 0.002734 -0.003472 1.000000
0 359 0.816797 0.667361 0.117969 0.320833 0.000000 0.000000 1.000000
0 360 0.818750 0.670139 0.117188 0.318056 0.001953 0.002778 1.000000
0 361 0.819531 0.672917 0.117188 0.315278 0.000781 0.002778 1.000000
0 362 0.820312 0.676389 0.117188 0.308333 0.000781 0.003472 1.000000
0 363 0.820703 0.683333 0.117969 0.291667 0.000391 0.006944 1.000000
0 364 0.821484 0.692361 0.117969 0.273611 0.000781 0.009028 1.000000
0 365 0.819922 0.697917 0.117969 0.262500 -0.001563 0.005556 1.000000
0 366 0.818359 0.708333 0.114844 0.238889 -0.001563 0.010417 1.000000
0 367 0.820703 0.712500 0.114844 0.227778 0.002344 0.004167 1.000000
0 368 0.822656 0.722222 0.121875 0.208333 0.001953 0.009722 1.000000
0 369 0.823828 0.724306 0.125781 0.204167 0.001172 0.002083 1.000000
0 370 0.823438 0.734722 0.131250 0.180556 -0.000391 0.010417 1.000000
0 371 0.823047 0.739583 0.132031 0.173611 -0.000391 0.004861 1.000000
0 372 0.830469 0.752083 0.114062 0.176389 0.007422 0.012500 1.000000
0 373 0.829688 0.753472 0.112500 0.179167 -0.000781 0.001389 1.000000
0 374 0.825391 0.753472 0.113281 0.181944 -0.004297 0.000000 1.000000
0 375 0.825000 0.752778 0.114062 0.183333 -0.000391 -0.000694 1.000000
0 376 0.846094 0.743056 0.068750 0.200000 0.021094 -0.009722 1.000000
0 377 0.849219 0.741667 0.064062 0.202778 0.003125 -0.001389 1.000000
0 378 0.851172 0.738889 0.063281 0.205556 0.001953 -0.002778 1.000000
0 379 0.858203 0.726389 0.066406 0.236111 0.007031 -0.012500 1.000000
0 380 0.861328 0.715972 0.080469 0.254167 0.003125 -0.010417 1.000000
0 381 0.860547 0.714583 0.082031 0.256944 -0.000781 -0.001389 1.000000
0 382 0.862500 0.712500 0.076563 0.261111 0.001953 -0.002083 1.000000
0 383 0.860547 0.713194 0.075781 0.259722 -0.001953 0.000694 1.000000
0 384 0.860547 0.715278 0.074219 0.250000 0.000000 0.002083 1.000000
0 385 0.860547 0.720139 0.075781 0.245833 0.000000 0.004861 1.000000
0 386 0.858594 0.726389 0.082812 0.227778 -0.001953 0.006250 1.000000
0 387 0.855469 0.729167 0.087500 0.222222 -0.003125 0.002778 1.000000
0 388 0.856250 0.736111 0.112500 0.208333 0.000781 0.006944 1.000000
0 389 0.855859 0.736806 0.111719 0.206944 -0.000391 0.000694 1.000000
0 390 0.844141 0.740972 0.169531 0.198611 -0.011719 0.004167 1.000000
0 391 0.841797 0.739583 0.166406 0.204167 -0.002344 -0.001389 1.000000
0 392 0.841016 0.719444 0.155469 0.244444 -0.000781 -0.020139 1.000000
0 393 0.836719 0.706944 0.150000 0.269444 -0.004297 -0.012500 1.000000
0 394 0.832812 0.693750 0.134375 0.295833 -0.003906 -0.013194 1.000000
0 395 0.834375 0.692361 0.137500 0.301389 0.001563 -0.001389 1.000000
0 396 0.839844 0.694444 0.125000 0.308333 0.005469 0.002083 1.000000
0 397 0.841016 0.695139 0.105469 0.315278 0.001172 0.000694 1.000000
0 398 0.840625 0.695833 0.079687 0.316667 -0.000391 0.000694 1.000000
0 399 0.837891 0.704861 0.074219 0.298611 -0.002734 0.009028 1.000000
0 400 0.842187 0.700694 0.076563 0.312500 0.004297 -0.004167 1.000000
0 401 0.841406 0.698611 0.067187 0.316667 -0.000781 -0.002083 1.000000
0 402 0.844141 0.695139 0.061719 0.323611 0.002734 -0.003472 1.000000
0 403 0.843750 0.694444 0.056250 0.327778 -0.000391 -0.000694 1.000000
0 404 0.844531 0.695833 0.067187 0.325000 0.000781 0.001389 1.000000
0 405 0.844531 0.696528 0.067187 0.326389 0.000000 0.000694 1.000000
0 406 0.852344 0.697917 0.081250 0.329167 0.007812 0.001389 1.000000
0 407 0.853516 0.699306 0.078906 0.331944 0.001172 0.001389 1.000000
0 408 0.852734 0.700694 0.075781 0.331944 -0.000781 0.001389 1.000000
0 409 0.851953 0.703472 0.071094 0.329167 -0.000781 0.002778 1.000000
0 410 0.848828 0.719444 0.058594 0.319444 -0.003125 0.015972 1.000000
0 411 0.850000 0.724306 0.060937 0.312500 0.001172 0.004861 1.000000
0 412 0.850000 0.727083 0.062500 0.304167 0.000000 0.002778 1.000000
0 413 0.851172 0.731250 0.060156 0.295833 0.001172 0.004167 1.000000
0 414 0.851562 0.731944 0.059375 0.297222 0.000391 0.000694 1.000000
0 415 0.851172 0.731944 0.060156 0.294444 -0.000391 0.000000 1.000000
0 416 0.851562 0.726389 0.060937 0.305556 0.000391 -0.005556 1.000000
0 417 0.851562 0.727083 0.060937 0.306944 0.000000 0.000694 1.000000
0 418 0.851172 0.725000 0.061719 0.308333 -0.000391 -0.002083 1.000000
0 419 0.850781 0.725000 0.062500 0.313889 -0.000391 0.000000 1.000000
0 420 0.851172 0.722222 0.064844 0.316667 0.000391 -0.002778 1.000000
0 421 0.851172 0.722917 0.064844 0.318056 0.000000 0.000694 1.000000
0 422 0.851562 0.720833 0.065625 0.319444 0.000391 -0.002083 1.000000
0 423 0.851562 0.722222 0.065625 0.319444 0.000000 0.001389 1.000000
0 424 0.851953 0.722222 0.066406 0.319444 0.000391 0.000000 1.000000
0 425 0.852734 0.722222 0.066406 0.319444 0.000781 0.000000 1.000000
0 426 0.853125 0.722917 0.067187 0.320833 0.000391 0.000694 1.000000
0 427 0.853125 0.722222 0.067187 0.319444 0.000000 -0.000694 1.000000
0 428 0.854297 0.722222 0.066406 0.316667 0.001172 0.000000 1.000000
0 429 0.854297 0.723611 0.066406 0.316667 0.000000 0.001389 1.000000
0 430 0.854688 0.725000 0.067187 0.316667 0.000391 0.001389 1.000000
0 431 0.854297 0.725000 0.066406 0.313889 -0.000391 0.000000 1.000000
0 432 0.855078 0.727083 0.066406 0.312500 0.000781 0.002083 1.000000
0 433 0.855859 0.727083 0.066406 0.309722 0.000781 0.000000 1.000000
0 434 0.856250 0.727083 0.065625 0.309722 0.000391 0.000000 1.000000
0 435 0.856250 0.727778 0.065625 0.308333 0.000000 0.000694 1.000000
0 436 0.857422 0.729167 0.064844 0.305556 0.001172 0.001389 1.000000
0 437 0.858594 0.729861 0.065625 0.304167 0.001172 0.000694 1.000000
0 438 0.858594 0.731944 0.065625 0.302778 0.000000 0.002083 1.000000
0 439 0.858984 0.731250 0.064844 0.304167 0.000391 -0.000694 1.000000
0 440 0.860547 0.730556 0.064844 0.305556 0.001563 -0.000694 1.000000
0 441 0.860547 0.729861 0.063281 0.306944 0.000000 -0.000694 1.000000
0 442 0.861328 0.727778 0.061719 0.308333 0.000781 -0.002083 1.000000
0 443 0.861719 0.727083 0.059375 0.312500 0.000391 -0.000694 1.000000
0 444 0.859375 0.719444 0.062500 0.319444 -0.002344 -0.007639 1.000000
0 445 0.858594 0.715972 0.067187 0.320833 -0.000781 -0.003472 1.000000
0 446 0.857031 0.714583 0.071875 0.320833 -0.001563 -0.001389 1.000000
0 447 0.856250 0.711111 0.075000 0.319444 -0.000781 -0.003472 1.000000
0 448 0.855859 0.706250 0.075781 0.320833 -0.000391 -0.004861 1.000000
0 449 0.861328 0.704861 0.064844 0.320833 0.005469 -0.001389 1.000000
0 450 0.865234 0.705556 0.057031 0.322222 0.003906 0.000694 1.000000
0 451 0.865234 0.706250 0.057031 0.323611 0.000000 0.000694 1.000000
0 452 0.864453 0.705556 0.057031 0.325000 -0.000781 -0.000694 1.000000
0 453 0.864453 0.705556 0.057031 0.325000 0.000000 0.000000 1.000000
0 454 0.863672 0.704861 0.055469 0.326389 -0.000781 -0.000694 1.000000
0 455 0.864062 0.704861 0.056250 0.326389 0.000391 0.000000 1.000000
0 456 0.864844 0.705556 0.056250 0.325000 0.000781 0.000694 1.000000
0 457 0.866406 0.705556 0.057813 0.325000 0.001563 0.000000 1.000000
0 458 0.864844 0.706944 0.059375 0.327778 -0.001563 0.001389 1.000000
0 459 0.864062 0.706944 0.059375 0.327778 -0.000781 0.000000 1.000000
0 460 0.865625 0.705556 0.056250 0.325000 0.001563 -0.001389 1.000000
0 461 0.866797 0.706250 0.055469 0.326389 0.001172 0.000694 1.000000
0 462 0.866016 0.706250 0.055469 0.326389 -0.000781 0.000000 1.000000
0 463 0.866406 0.706250 0.054688 0.326389 0.000391 0.000000 1.000000
0 464 0.867188 0.705556 0.056250 0.325000 0.000781 -0.000694 1.000000
0 465 0.866406 0.704167 0.056250 0.325000 -0.000781 -0.001389 1.000000
0 466 0.866016 0.704167 0.057031 0.325000 -0.000391 0.000000 1.000000
0 467 0.866406 0.704167 0.056250 0.325000 0.000391 0.000000 1.000000
0 468 0.866406 0.704167 0.056250 0.325000 0.000000 0.000000 1.000000
0 469 0.866797 0.704167 0.055469 0.325000 0.000391 0.000000 1.000000
0 470 0.865625 0.704167 0.056250 0.325000 -0.001172 0.000000 1.000000
0 471 0.866797 0.704167 0.055469 0.325000 0.001172 0.000000 1.000000
0 472 0.866406 0.704167 0.054688 0.325000 -0.000391 0.000000 1.000000
0 473 0.866016 0.704167 0.055469 0.325000 -0.000391 0.000000 1.000000
0 474 0.868359 0.704167 0.060156 0.325000 0.002344 0.000000 1.000000
0 475 0.868359 0.704167 0.060156 0.325000 0.000000 0.000000 1.000000
0 476 0.868359 0.702778 0.060156 0.325000 0.000000 -0.001389 1.000000
0 477 0.868359 0.704167 0.060156 0.322222 0.000000 0.001389 1.000000
0 478 0.867969 0.704861 0.059375 0.318056 -0.000391 0.000694 1.000000
0 479 0.867969 0.705556 0.059375 0.316667 0.000000 0.000694 1.000000
0 480 0.872266 0.706944 0.058594 0.313889 0.004297 0.001389 1.000000
0 481 0.875000 0.709028 0.064062 0.312500 0.002734 0.002083 1.000000
0 482 0.876953 0.711806 0.063281 0.306944 0.001953 0.002778 1.000000
0 483 0.877734 0.713889 0.061719 0.300000 0.000781 0.002083 1.000000
0 484 0.876953 0.731944 0.064844 0.283333 -0.000781 0.018056 1.000000
0 485 0.874609 0.747222 0.064844 0.266667 -0.002344 0.015278 1.000000
0 486 0.873047 0.762500 0.066406 0.241667 -0.001563 0.015278 1.000000
0 487 0.871875 0.762500 0.065625 0.236111 -0.001172 0.000000 1.000000
0 488 0.870313 0.761806 0.064062 0.234722 -0.001563 -0.000694 1.000000
0 489 0.869141 0.756944 0.066406 0.244444 -0.001172 -0.004861 1.000000
0 490 0.866797 0.751389 0.071094 0.247222 -0.002344 -0.005556 1.000000
0 491 0.864453 0.744444 0.074219 0.250000 -0.002344 -0.006944 1.000000
0 492 0.866797 0.720139 0.066406 0.287500 0.002344 -0.024306 1.000000
0 493 0.872266 0.712500 0.055469 0.302778 0.005469 -0.007639 1.000000
0 494 0.870703 0.708333 0.055469 0.313889 -0.001563 -0.004167 1.000000
0 495 0.869922 0.702083 0.053906 0.320833 -0.000781 -0.006250 1.000000
0 496 0.868359 0.695833 0.050781 0.316667 -0.001563 -0.006250 1.000000
0 497 0.868359 0.695833 0.050781 0.316667 0.000000 0.000000 1.000000
0 498 0.867969 0.694444 0.051562 0.319444 -0.000391 -0.001389 1.000000
0 499 0.868359 0.693750 0.050781 0.320833 0.000391 -0.000694 1.000000
0 500 0.865234 0.694444 0.052344 0.322222 -0.003125 0.000694 1.000000
0 501 0.865234 0.693750 0.053906 0.320833 0.000000 -0.000694 1.000000
0 502 0.851562 0.693056 0.081250 0.322222 -0.013672 -0.000694 1.000000
0 503 0.844531 0.692361 0.095312 0.323611 -0.007031 -0.000694 1.000000
0 504 0.847266 0.692361 0.102344 0.323611 0.002734 0.000000 1.000000
0 505 0.847656 0.692361 0.103125 0.323611 0.000391 0.000000 1.000000
0 506 0.855859 0.679861 0.089844 0.348611 0.008203 -0.012500 1.000000
0 507 0.858203 0.670139 0.086719 0.368056 0.002344 -0.009722 1.000000
0 508 0.862500 0.664583 0.087500 0.376389 0.004297 -0.005556 1.000000
0 509 0.860938 0.667361 0.092188 0.373611 -0.001563 0.002778 1.000000
0 510 0.855859 0.679167 0.105469 0.350000 -0.005078 0.011806 1.000000
0 511 0.856641 0.700000 0.124219 0.319444 0.000781 0.020833 1.000000
0 512 0.853906 0.704167 0.137500 0.319444 -0.002734 0.004167 1.000000
0 513 0.855859 0.702778 0.139844 0.313889 0.001953 -0.001389 1.000000
0 514 0.874609 0.703472 0.119531 0.309722 0.018750 0.000694 1.000000
0 515 0.883203 0.703472 0.111719 0.320833 0.008594 0.000000 1.000000
0 516 0.890234 0.704167 0.099219 0.330556 0.007031 0.000694 1.000000
0 517 0.896094 0.705556 0.084375 0.333333 0.005859 0.001389 1.000000
0 518 0.898828 0.710417 0.072656 0.331944 0.002734 0.004861 1.000000
0 519 0.904297 0.713194 0.058594 0.329167 0.005469 0.002778 1.000000
0 520 0.909375 0.713194 0.067187 0.326389 0.005078 0.000000 1.000000
0 521 0.915625 0.712500 0.085938 0.327778 0.006250 -0.000694 1.000000
0 522 0.923828 0.712500 0.103906 0.336111 0.008203 0.000000 1.000000
0 523 0.925781 0.713889 0.103125 0.344444 0.001953 0.001389 1.000000
0 524 0.925000 0.720833 0.087500 0.336111 -0.000781 0.006944 1.000000
0 525 0.928125 0.723611 0.084375 0.330556 0.003125 0.002778 1.000000
0 526 0.946484 0.722917 0.094531 0.334722 0.018359 -0.000694 1.000000
0 527 0.951172 0.719444 0.094531 0.336111 0.004687 -0.003472 1.000000
0 528 0.952734 0.709028 0.092969 0.354167 0.001563 -0.010417 1.000000
0 529 0.951172 0.705556 0.094531 0.358333 -0.001563 -0.003472 1.000000
0 530 0.950391 0.695833 0.096094 0.355556 -0.000781 -0.009722 1.000000
0 531 0.951562 0.694444 0.095312 0.355556 0.001172 -0.001389 1.000000
0 532 0.948828 0.699306 0.099219 0.351389 -0.002734 0.004861 1.000000
0 533 0.945703 0.703472 0.102344 0.343056 -0.003125 0.004167 1.000000
0 534 0.934375 0.718056 0.103125 0.325000 -0.011328 0.014583 1.000000
0 535 0.928125 0.727778 0.103125 0.319444 -0.006250 0.009722 1.000000
0 536 0.910156 0.734028 0.075000 0.298611 -0.017969 0.006250 1.000000
0 537 0.896875 0.734028 0.046875 0.295833 -0.013281 0.000000 1.000000
0 538 0.882812 0.725000 0.045312 0.308333 -0.014063 -0.009028 1.000000
0 539 0.870703 0.717361 0.047656 0.320833 -0.012109 -0.007639 1.000000
0 540 0.829688 0.700000 0.093750 0.338889 -0.041016 -0.017361 1.000000
0 541 0.819141 0.684722 0.099219 0.330556 -0.010547 -0.015278 1.000000
0 542 0.804297 0.643056 0.108594 0.316667 -0.014844 -0.041667 1.000000
0 543 0.799219 0.620139 0.104688 0.315278 -0.005078 -0.022917 1.000000
0 544 0.796875 0.627778 0.106250 0.372222 -0.002344 0.007639 1.000000
0 545 0.798828 0.625694 0.107031 0.381944 0.001953 -0.002083 1.000000
0 546 0.798047 0.626389 0.107031 0.394444 -0.000781 0.000694 1.000000
0 547 0.793750 0.634722 0.106250 0.408333 -0.004297 0.008333 1.000000
0 548 0.787109 0.653472 0.100781 0.387500 -0.006641 0.018750 1.000000
0 549 0.782422 0.665972 0.100781 0.362500 -0.004687 0.012500 1.000000
0 550 0.774609 0.695833 0.092969 0.297222 -0.007812 0.029861 1.000000
0 551 0.771484 0.700000 0.086719 0.283333 -0.003125 0.004167 1.000000
0 552 0.765234 0.710417 0.091406 0.293056 -0.006250 0.010417 1.000000
0 553 0.762109 0.709028 0.086719 0.279167 -0.003125 -0.001389 1.000000
0 554 0.757812 0.709722 0.092188 0.280556 -0.004297 0.000694 1.000000
0 555 0.758594 0.709028 0.104688 0.279167 0.000781 -0.000694 1.000000
0 556 0.764062 0.714583 0.106250 0.276389 0.005469 0.005556 1.000000
0 557 0.766016 0.716667 0.107031 0.275000 0.001953 0.002083 1.000000
0 558 0.756641 0.726389 0.117969 0.288889 -0.009375 0.009722 1.000000
0 559 0.753516 0.726389 0.121094 0.283333 -0.003125 0.000000 1.000000
0 560 0.750781 0.727778 0.115625 0.277778 -0.002734 0.001389 1.000000
0 561 0.751563 0.733333 0.100000 0.266667 0.000781 0.005556 1.000000
0 562 0.745313 0.736806 0.100000 0.256944 -0.006250 0.003472 1.000000
0 563 0.747266 0.738194 0.107031 0.254167 0.001953 0.001389 1.000000
0 564 0.750781 0.745833 0.125000 0.247222 0.003516 0.007639 1.000000
0 565 0.752734 0.748611 0.133594 0.241667 0.001953 0.002778 1.000000
0 566 0.756250 0.755556 0.145313 0.236111 0.003516 0.006944 1.000000
0 567 0.758984 0.757639 0.157031 0.229167 0.002734 0.002083 1.000000
0 568 0.763672 0.763889 0.166406 0.219444 0.004687 0.006250 1.000000
0 569 0.765625 0.767361 0.175000 0.206944 0.001953 0.003472 1.000000
0 570 0.768359 0.770139 0.183594 0.204167 0.002734 0.002778 1.000000
0 571 0.770312 0.772917 0.192188 0.204167 0.001953 0.002778 1.000000
0 572 0.773828 0.774306 0.194531 0.206944 0.003516 0.001389 1.000000
0 573 0.775781 0.772917 0.193750 0.204167 0.001953 -0.001389 1.000000
0 574 0.782031 0.774306 0.181250 0.206944 0.006250 0.001389 1.000000
0 575 0.783984 0.774306 0.169531 0.204167 0.001953 0.000000 1.000000
0 576 0.784766 0.775000 0.144531 0.205556 0.000781 0.000694 1.000000
0 577 0.785547 0.776389 0.125781 0.205556 0.000781 0.001389 1.000000
0 578 0.771094 0.772222 0.104688 0.222222 -0.014453 -0.004167 1.000000
0 579 0.763672 0.767361 0.099219 0.231944 -0.007422 -0.004861 1.000000
0 580 0.748437 0.757639 0.078125 0.240278 -0.015234 -0.009722 1.000000
0 581 0.748828 0.750694 0.060156 0.248611 0.000391 -0.006944 1.000000
0 582 0.747266 0.745139 0.058594 0.276389 -0.001563 -0.005556 1.000000
0 583 0.746484 0.734028 0.063281 0.287500 -0.000781 -0.011111 1.000000
0 584 0.747656 0.712500 0.064062 0.330556 0.001172 -0.021528 1.000000
0 585 0.741406 0.704861 0.076563 0.348611 -0.006250 -0.007639 1.000000
0 586 0.732812 0.668750 0.100000 0.406944 -0.008594 -0.036111 1.000000
0 587 0.729297 0.659028 0.092969 0.429167 -0.003516 -0.009722 1.000000
0 588 0.723828 0.652778 0.100781 0.441667 -0.005469 -0.006250 1.000000
0 589 0.723828 0.650000 0.102344 0.444444 0.000000 -0.002778 1.000000
0 590 0.722266 0.649306 0.097656 0.443056 -0.001563 -0.000694 1.000000
0 591 0.725781 0.654167 0.104688 0.436111 0.003516 0.004861 1.000000
0 592 0.732031 0.676389 0.117188 0.402778 0.006250 0.022222 1.000000
0 593 0.742969 0.692361 0.139063 0.381944 0.010937 0.015972 1.000000
0 594 0.751563 0.688194 0.151562 0.384722 0.008594 -0.004167 1.000000
0 595 0.750391 0.688889 0.147656 0.383333 -0.001172 0.000694 1.000000
0 596 0.745703 0.689583 0.138281 0.381944 -0.004687 0.000694 1.000000
0 597 0.740234 0.687500 0.132031 0.383333 -0.005469 -0.002083 1.000000
0 598 0.733594 0.690278 0.121875 0.386111 -0.006641 0.002778 1.000000
0 599 0.728906 0.688889 0.110937 0.383333 -0.004687 -0.001389 1.000000
0 600 0.728516 0.688194 0.103906 0.376389 -0.000391 -0.000694 1.000000
0 601 0.728906 0.691667 0.103125 0.375000 0.000391 0.003472 1.000000
0 602 0.724219 0.694444 0.101562 0.372222 -0.004687 0.002778 1.000000
0 603 0.716797 0.693750 0.119531 0.370833 -0.007422 -0.000694 1.000000
0 604 0.705859 0.691667 0.138281 0.372222 -0.010937 -0.002083 1.000000
0 605 0.699219 0.690972 0.145313 0.379167 -0.006641 -0.000694 1.000000
0 606 0.697266 0.690972 0.136719 0.390278 -0.001953 0.000000 1.000000
0 607 0.698828 0.690278 0.133594 0.397222 0.001563 -0.000694 1.000000
0 608 0.709375 0.688889 0.114062 0.411111 0.010547 -0.001389 1.000000
0 609 0.716406 0.689583 0.101562 0.415278 0.007031 0.000694 1.000000
0 610 0.732812 0.694444 0.068750 0.433333 0.016406 0.004861 1.000000
0 611 0.734766 0.694444 0.057031 0.433333 0.001953 0.000000 1.000000
0 612 0.735938 0.688194 0.057813 0.440278 0.001172 -0.006250 1.000000
0 613 0.738672 0.683333 0.063281 0.450000 0.002734 -0.004861 1.000000
0 614 0.744141 0.677778 0.075781 0.466667 0.005469 -0.005556 1.000000
0 615 0.744141 0.672917 0.075781 0.459722 0.000000 -0.004861 1.000000
0 616 0.740234 0.672222 0.080469 0.458333 -0.003906 -0.000694 1.000000
0 617 0.736719 0.672222 0.079687 0.455556 -0.003516 0.000000 1.000000
0 618 0.730859 0.688889 0.078906 0.452778 -0.005859 0.016667 1.000000
0 619 0.729688 0.695833 0.081250 0.441667 -0.001172 0.006944 1.000000
0 620 0.728516 0.707639 0.082031 0.418056 -0.001172 0.011806 1.000000
0 621 0.726562 0.712500 0.075000 0.408333 -0.001953 0.004861 1.000000
0 622 0.726172 0.715972 0.077344 0.398611 -0.000391 0.003472 1.000000
0 623 0.719141 0.718056 0.088281 0.397222 -0.007031 0.002083 1.000000
0 624 0.723828 0.720833 0.077344 0.394444 0.004687 0.002778 1.000000
0 625 0.724609 0.720833 0.080469 0.391667 0.000781 0.000000 1.000000
0 626 0.725000 0.725000 0.082812 0.388889 0.000391 0.004167 1.000000
0 627 0.725781 0.724306 0.084375 0.390278 0.000781 -0.000694 1.000000
0 628 0.726562 0.725694 0.085938 0.390278 0.000781 0.001389 1.000000
0 629 0.726172 0.726389 0.083594 0.391667 -0.000391 0.000694 1.000000
0 630 0.724609 0.727778 0.080469 0.391667 -0.001563 0.001389 1.000000
0 631 0.724609 0.727083 0.080469 0.390278 0.000000 -0.000694 1.000000
0 632 0.725000 0.726389 0.079687 0.394444 0.000391 -0.000694 1.000000
0 633 0.725000 0.727083 0.079687 0.395833 0.000000 0.000694 1.000000
0 634 0.723047 0.727083 0.078906 0.395833 -0.001953 0.000000 1.000000
0 635 0.723437 0.727778 0.079687 0.394444 0.000391 0.000694 1.000000
0 636 0.723828 0.730556 0.078906 0.386111 0.000391 0.002778 1.000000
0 637 0.725000 0.734028 0.079687 0.384722 0.001172 0.003472 1.000000
0 638 0.726562 0.735417 0.081250 0.384722 0.001563 0.001389 1.000000
0 639 0.721484 0.736806 0.088281 0.384722 -0.005078 0.001389 1.000000
0 640 0.714063 0.736806 0.107813 0.384722 -0.007422 0.000000 1.000000
0 641 0.709375 0.736111 0.120313 0.383333 -0.004687 -0.000694 1.000000
0 642 0.695703 0.738889 0.146094 0.383333 -0.013672 0.002778 1.000000
0 643 0.692578 0.739583 0.152344 0.384722 -0.003125 0.000694 1.000000
0 644 0.694531 0.734722 0.148438 0.397222 0.001953 -0.004861 1.000000
0 645 0.694141 0.731250 0.146094 0.398611 -0.000391 -0.003472 1.000000
0 646 0.695312 0.729861 0.143750 0.404167 0.001172 -0.001389 1.000000
0 647 0.694922 0.727778 0.142969 0.408333 -0.000391 -0.002083 1.000000
0 648 0.697266 0.727083 0.141406 0.412500 0.002344 -0.000694 1.000000
0 649 0.697266 0.725694 0.141406 0.415278 0.000000 -0.001389 1.000000
0 650 0.698438 0.726389 0.142187 0.416667 0.001172 0.000694 1.000000
0 651 0.697656 0.725000 0.142187 0.416667 -0.000781 -0.001389 1.000000
0 652 0.699219 0.725694 0.143750 0.415278 0.001563 0.000694 1.000000
0 653 0.700391 0.727778 0.144531 0.413889 0.001172 0.002083 1.000000
0 654 0.700000 0.729167 0.142187 0.408333 -0.000391 0.001389 1.000000
0 655 0.700000 0.734028 0.142187 0.404167 0.000000 0.004861 1.000000
0 656 0.701172 0.736806 0.142969 0.395833 0.001172 0.002778 1.000000
0 657 0.702344 0.738194 0.139063 0.393056 0.001172 0.001389 1.000000
0 658 0.707812 0.737500 0.128125 0.394444 0.005469 -0.000694 1.000000
0 659 0.716016 0.738194 0.113281 0.398611 0.008203 0.000694 1.000000
0 660 0.723047 0.736111 0.097656 0.400000 0.007031 -0.002083 1.000000
0 661 0.724219 0.736111 0.096875 0.400000 0.001172 0.000000 1.000000
0 662 0.726172 0.733333 0.091406 0.405556 0.001953 -0.002778 1.000000
0 663 0.730078 0.736806 0.085156 0.404167 0.003906 0.003472 1.000000
0 664 0.732812 0.750694 0.079687 0.370833 0.002734 0.013889 1.000000
0 665 0.733594 0.752083 0.079687 0.370833 0.000781 0.001389 1.000000
0 666 0.735156 0.753472 0.081250 0.368056 0.001563 0.001389 1.000000
0 667 0.737500 0.754861 0.084375 0.368056 0.002344 0.001389 1.000000
0 668 0.737891 0.753472 0.083594 0.370833 0.000391 -0.001389 1.000000
0 669 0.737500 0.752083 0.081250 0.376389 -0.000391 -0.001389 1.000000
0 670 0.737500 0.743056 0.076563 0.400000 0.000000 -0.009028 1.000000
0 671 0.736719 0.738194 0.075000 0.412500 -0.000781 -0.004861 1.000000
0 672 0.735938 0.724306 0.076563 0.440278 -0.000781 -0.013889 1.000000
0 673 0.737109 0.725694 0.077344 0.443056 0.001172 0.001389 1.000000
0 674 0.737500 0.727083 0.076563 0.443056 0.000391 0.001389 1.000000
0 675 0.737500 0.729861 0.076563 0.443056 0.000000 0.002778 1.000000
0 676 0.737891 0.729861 0.077344 0.440278 0.000391 0.000000 1.000000
0 677 0.737109 0.729861 0.077344 0.437500 -0.000781 0.000000 1.000000
0 678 0.739844 0.731944 0.071875 0.438889 0.002734 0.002083 1.000000
0 679 0.740234 0.735417 0.071094 0.445833 0.000391 0.003472 1.000000
0 680 0.741406 0.738194 0.073438 0.443056 0.001172 0.002778 1.000000
0 681 0.740234 0.738194 0.071094 0.443056 -0.001172 0.000000 1.000000
0 682 0.737500 0.742361 0.076563 0.437500 -0.002734 0.004167 1.000000
0 683 0.734766 0.747917 0.080469 0.434722 -0.002734 0.005556 1.000000
0 684 0.733594 0.754861 0.084375 0.423611 -0.001172 0.006944 1.000000
0 685 0.733984 0.759028 0.085156 0.418056 0.000391 0.004167 1.000000
0 686 0.733203 0.761111 0.085156 0.411111 -0.000781 0.002083 1.000000
0 687 0.732812 0.762500 0.085938 0.411111 -0.000391 0.001389 1.000000
0 688 0.732031 0.765278 0.085938 0.402778 -0.000781 0.002778 1.000000
0 689 0.732422 0.765278 0.085156 0.397222 0.000391 0.000000 1.000000
0 690 0.732422 0.769444 0.085156 0.388889 0.000000 0.004167 1.000000
0 691 0.732812 0.769444 0.085938 0.380556 0.000391 0.000000 1.000000
0 692 0.733203 0.773611 0.085156 0.369444 0.000391 0.004167 1.000000
0 693 0.732812 0.775000 0.087500 0.361111 -0.000391 0.001389 1.000000
0 694 0.732422 0.779861 0.088281 0.348611 -0.000391 0.004861 1.000000
0 695 0.733594 0.781944 0.089063 0.338889 0.001172 0.002083 1.000000
0 696 0.734375 0.786806 0.089063 0.326389 0.000781 0.004861 1.000000
0 697 0.735938 0.789583 0.090625 0.320833 0.001563 0.002778 1.000000
0 698 0.738281 0.793056 0.093750 0.311111 0.002344 0.003472 1.000000
0 699 0.740234 0.793750 0.096094 0.306944 0.001953 0.000694 1.000000
0 700 0.744531 0.796528 0.100000 0.301389 0.004297 0.002778 1.000000
0 701 0.746094 0.797917 0.103125 0.301389 0.001563 0.001389 1.000000
0 702 0.750391 0.800694 0.107031 0.295833 0.004297 0.002778 1.000000
0 703 0.752734 0.802083 0.108594 0.295833 0.002344 0.001389 1.000000
0 704 0.756641 0.803472 0.110156 0.293056 0.003906 0.001389 1.000000
0 705 0.758203 0.805556 0.111719 0.294444 0.001563 0.002083 1.000000
0 706 0.761328 0.805556 0.111719 0.294444 0.003125 0.000000 1.000000
0 707 0.762109 0.805556 0.111719 0.294444 0.000781 0.000000 1.000000
0 708 0.765625 0.806944 0.114062 0.294444 0.003516 0.001389 1.000000
0 709 0.767188 0.806944 0.115625 0.294444 0.001563 0.000000 1.000000
0 710 0.770312 0.809722 0.118750 0.294444 0.003125 0.002778 1.000000
0 711 0.772266 0.812500 0.122656 0.294444 0.001953 0.002778 1.000000
0 712 0.774609 0.811806 0.127344 0.295833 0.002344 -0.000694 1.000000
0 713 0.777344 0.811111 0.131250 0.294444 0.002734 -0.000694 1.000000
0 714 0.778516 0.812500 0.133594 0.294444 0.001172 0.001389 1.000000
0 715 0.779297 0.811806 0.135156 0.295833 0.000781 -0.000694 1.000000
0 716 0.781250 0.795833 0.137500 0.327778 0.001953 -0.015972 1.000000
0 717 0.781641 0.782639 0.139844 0.351389 0.000391 -0.013194 1.000000
0 718 0.783594 0.756944 0.140625 0.402778 0.001953 -0.025694 1.000000
0 719 0.783203 0.739583 0.139844 0.434722 -0.000391 -0.017361 1.000000
0 720 0.782813 0.714583 0.140625 0.479167 -0.000391 -0.025000 1.000000
0 721 0.782813 0.710417 0.139063 0.481944 0.000000 -0.004167 1.000000
0 722 0.783984 0.704861 0.139844 0.487500 0.001172 -0.005556 1.000000
0 723 0.785156 0.703472 0.143750 0.490278 0.001172 -0.001389 1.000000
0 724 0.786328 0.698611 0.142969 0.491667 0.001172 -0.004861 1.000000
0 725 0.786328 0.697222 0.142969 0.491667 0.000000 -0.001389 1.000000
0 726 0.788281 0.695833 0.143750 0.491667 0.001953 -0.001389 1.000000
0 727 0.790625 0.694444 0.145313 0.491667 0.002344 -0.001389 1.000000
0 728 0.791406 0.694444 0.143750 0.488889 0.000781 0.000000 1.000000
0 729 0.792969 0.694444 0.143750 0.486111 0.001563 0.000000 1.000000
0 730 0.795703 0.689583 0.146094 0.490278 0.002734 -0.004861 1.000000
0 731 0.796875 0.687500 0.146875 0.491667 0.001172 -0.002083 1.000000
0 732 0.798828 0.684722 0.146094 0.491667 0.001953 -0.002778 1.000000
0 733 0.798828 0.687500 0.144531 0.488889 0.000000 0.002778 1.000000
0 734 0.799609 0.675000 0.139844 0.505556 0.000781 -0.012500 1.000000
0 735 0.800000 0.668750 0.139063 0.515278 0.000391 -0.006250 1.000000
0 736 0.801562 0.654861 0.135937 0.537500 0.001563 -0.013889 1.000000
0 737 0.801562 0.647222 0.135937 0.550000 0.000000 -0.007639 1.000000
0 738 0.796484 0.635417 0.127344 0.568056 -0.005078 -0.011806 1.000000
0 739 0.796094 0.629167 0.126562 0.580556 -0.000391 -0.006250 1.000000
0 740 0.793359 0.617361 0.121094 0.595833 -0.002734 -0.011806 1.000000
0 741 0.789453 0.612500 0.113281 0.605556 -0.003906 -0.004861 1.000000
0 742 0.784766 0.604861 0.103906 0.618056 -0.004687 -0.007639 1.000000
0 743 0.785937 0.602083 0.103125 0.623611 0.001172 -0.002778 1.000000
0 744 0.791406 0.591667 0.112500 0.641667 0.005469 -0.010417 1.000000
0 745 0.789062 0.588194 0.106250 0.643056 -0.002344 -0.003472 1.000000
0 746 0.768359 0.595833 0.125781 0.625000 -0.020703 0.007639 1.000000
0 747 0.757422 0.611806 0.141406 0.590278 -0.010937 0.015972 1.000000
0 748 0.742188 0.638194 0.171875 0.515278 -0.015234 0.026389 1.000000
0 749 0.739844 0.634722 0.171875 0.508333 -0.002344 -0.003472 1.000000
0 750 0.744922 0.627778 0.160156 0.502778 0.005078 -0.006944 1.000000
0 751 0.757031 0.627778 0.139063 0.505556 0.012109 0.000000 1.000000
0 752 0.768750 0.626389 0.103125 0.505556 0.011719 -0.001389 1.000000
0 753 0.776563 0.625694 0.098437 0.506944 0.007812 -0.000694 1.000000
0 754 0.783984 0.624306 0.096094 0.509722 0.007422 -0.001389 1.000000
0 755 0.779297 0.622222 0.099219 0.511111 -0.004687 -0.002083 1.000000
0 756 0.779687 0.620833 0.125000 0.516667 0.000391 -0.001389 1.000000
0 757 0.782031 0.620833 0.135937 0.519444 0.002344 0.000000 1.000000
0 758 0.787891 0.618056 0.147656 0.525000 0.005859 -0.002778 1.000000
0 759 0.791406 0.617361 0.151562 0.526389 0.003516 -0.000694 1.000000
0 760 0.795703 0.615972 0.160156 0.529167 0.004297 -0.001389 1.000000
0 761 0.790625 0.615278 0.175000 0.530556 -0.005078 -0.000694 1.000000
0 762 0.782031 0.615278 0.195312 0.530556 -0.008594 0.000000 1.000000
0 763 0.775781 0.593056 0.221875 0.575000 -0.006250 -0.022222 1.000000
