0 1 0.179688 0.615278 0.035937 0.158333 0.000000 0.000000 1.000000
0 2 0.161719 0.616667 0.048438 0.163889 -0.017969 0.001389 1.000000
0 3 0.143359 0.618056 0.057031 0.166667 -0.018359 0.001389 1.000000
0 4 0.124219 0.619444 0.065625 0.163889 -0.019141 0.001389 1.000000
0 5 0.107031 0.618056 0.081250 0.161111 -0.017188 -0.001389 1.000000
0 6 0.089453 0.618750 0.083594 0.154167 -0.017578 0.000694 1.000000
0 7 0.069922 0.627083 0.086719 0.165278 -0.019531 0.008333 1.000000
0 8 0.050391 0.631250 0.078906 0.168056 -0.019531 0.004167 1.000000
0 9 0.031250 0.634028 0.062500 0.170833 -0.019141 0.002778 1.000000
0 10 0.018359 0.635417 0.036719 0.176389 -0.012891 0.001389 1.000000
0 11 0.008984 0.637500 0.017969 0.180556 -0.009375 0.002083 1.000000
0 32 0.005078 0.627083 0.010156 0.193056 -0.000186 -0.000496 1.000000
0 33 0.007812 0.626389 0.015625 0.191667 0.002734 -0.000694 1.000000
0 34 0.011719 0.623611 0.023438 0.191667 0.003906 -0.002778 1.000000
0 35 0.015234 0.621528 0.030469 0.190278 0.003516 -0.002083 1.000000
0 36 0.018359 0.620139 0.036719 0.193056 0.003125 -0.001389 1.000000
0 37 0.021875 0.617361 0.043750 0.193056 0.003516 -0.002778 1.000000
0 38 0.025000 0.614583 0.045312 0.195833 0.003125 -0.002778 1.000000
0 39 0.031641 0.613194 0.041406 0.195833 0.006641 -0.001389 1.000000
0 40 0.038672 0.610417 0.041406 0.198611 0.007031 -0.002778 1.000000
0 41 0.048438 0.609722 0.043750 0.197222 0.009766 -0.000694 1.000000
0 42 0.059375 0.608333 0.046875 0.197222 0.010937 -0.001389 1.000000
0 43 0.067187 0.607639 0.048438 0.195833 0.007812 -0.000694 1.000000
0 44 0.073828 0.606250 0.047656 0.195833 0.006641 -0.001389 1.000000
0 45 0.079687 0.606250 0.045312 0.193056 0.005859 0.000000 1.000000
0 46 0.085547 0.605556 0.042969 0.191667 0.005859 -0.000694 1.000000
0 47 0.091406 0.604167 0.042188 0.191667 0.005859 -0.001389 1.000000
0 48 0.096484 0.604167 0.041406 0.191667 0.005078 0.000000 1.000000
0 49 0.101562 0.604861 0.040625 0.193056 0.005078 0.000694 1.000000
0 50 0.105078 0.606250 0.039844 0.195833 0.003516 0.001389 1.000000
0 51 0.109375 0.609028 0.039062 0.198611 0.004297 0.002778 1.000000
0 52 0.112891 0.611111 0.038281 0.200000 0.003516 0.002083 1.000000
0 53 0.115625 0.612500 0.040625 0.202778 0.002734 0.001389 1.000000
0 54 0.118750 0.614583 0.043750 0.201389 0.003125 0.002083 1.000000
0 55 0.122266 0.615972 0.046094 0.201389 0.003516 0.001389 1.000000
0 56 0.125000 0.618750 0.048438 0.201389 0.002734 0.002778 1.000000
0 57 0.128125 0.619444 0.051562 0.200000 0.003125 0.000694 1.000000
0 58 0.132812 0.619444 0.050000 0.197222 0.004687 0.000000 1.000000
0 59 0.137500 0.618750 0.050000 0.195833 0.004687 -0.000694 1.000000
0 60 0.142969 0.618056 0.048438 0.194444 0.005469 -0.000694 1.000000
0 61 0.147656 0.617361 0.046875 0.193056 0.004687 -0.000694 1.000000
0 62 0.152344 0.616667 0.045312 0.191667 0.004687 -0.000694 1.000000
0 63 0.157422 0.618750 0.044531 0.190278 0.005078 0.002083 1.000000
0 64 0.164844 0.620139 0.045312 0.184722 0.007422 0.001389 1.000000
0 65 0.172266 0.622917 0.042969 0.181944 0.007422 0.002778 1.000000
0 66 0.179297 0.625694 0.042969 0.184722 0.007031 0.002778 1.000000
0 67 0.186328 0.627083 0.046094 0.181944 0.007031 0.001389 1.000000
0 68 0.194141 0.625694 0.049219 0.176389 0.007812 -0.001389 1.000000
0 69 0.200781 0.625000 0.048438 0.172222 0.006641 -0.000694 1.000000
0 70 0.210547 0.623611 0.052344 0.172222 0.009766 -0.001389 1.000000
0 71 0.216016 0.620833 0.047656 0.169444 0.005469 -0.002778 1.000000
0 72 0.221484 0.620139 0.044531 0.170833 0.005469 -0.000694 1.000000
0 73 0.224219 0.617361 0.039062 0.168056 0.002734 -0.002778 1.000000
0 74 0.232031 0.615278 0.040625 0.166667 0.007812 -0.002083 1.000000
0 75 0.239453 0.615278 0.046094 0.166667 0.007422 0.000000 1.000000
0 76 0.246094 0.614583 0.046875 0.165278 0.006641 -0.000694 1.000000
0 77 0.249609 0.615972 0.046094 0.165278 0.003516 0.001389 1.000000
0 78 0.256250 0.616667 0.051562 0.163889 0.006641 0.000694 1.000000
0 79 0.259766 0.616667 0.053906 0.161111 0.003516 0.000000 1.000000
0 80 0.258594 0.618056 0.057813 0.161111 -0.001172 0.001389 1.000000
0 81 0.256641 0.619444 0.061719 0.158333 -0.001953 0.001389 1.000000
0 82 0.254297 0.620139 0.067969 0.154167 -0.002344 0.000694 1.000000
0 83 0.254297 0.621528 0.072656 0.154167 0.000000 0.001389 1.000000
0 84 0.255469 0.622917 0.079687 0.156944 0.001172 0.001389 1.000000
0 85 0.257812 0.625000 0.082812 0.161111 0.002344 0.002083 1.000000
0 86 0.262500 0.625000 0.081250 0.161111 0.004687 0.000000 1.000000
0 87 0.264844 0.623611 0.078125 0.161111 0.002344 -0.001389 1.000000
0 88 0.265625 0.621528 0.075000 0.162500 0.000781 -0.002083 1.000000
0 89 0.265625 0.618056 0.068750 0.166667 0.000000 -0.003472 1.000000
0 90 0.264453 0.614583 0.060156 0.170833 -0.001172 -0.003472 1.000000
0 91 0.262109 0.611806 0.050781 0.176389 -0.002344 -0.002778 1.000000
0 92 0.261328 0.607639 0.047656 0.179167 -0.000781 -0.004167 1.000000
0 93 0.261328 0.605556 0.047656 0.183333 0.000000 -0.002083 1.000000
0 94 0.261328 0.603472 0.052344 0.184722 0.000000 -0.002083 1.000000
0 95 0.258984 0.603472 0.057031 0.187500 -0.002344 0.000000 1.000000
0 96 0.257031 0.604167 0.057813 0.188889 -0.001953 0.000694 1.000000
0 97 0.255078 0.604167 0.057031 0.186111 -0.001953 0.000000 1.000000
0 98 0.252734 0.606250 0.055469 0.184722 -0.002344 0.002083 1.000000
0 99 0.252734 0.606250 0.053906 0.181944 0.000000 0.000000 1.000000
0 100 0.251953 0.606250 0.053906 0.181944 -0.000781 0.000000 1.000000
0 101 0.251172 0.605556 0.053906 0.186111 -0.000781 -0.000694 1.000000
0 102 0.251172 0.604861 0.055469 0.187500 0.000000 -0.000694 1.000000
0 103 0.254297 0.604167 0.064844 0.188889 0.003125 -0.000694 1.000000
0 104 0.257422 0.602778 0.071094 0.188889 0.003125 -0.001389 1.000000
0 105 0.257031 0.603472 0.071875 0.187500 -0.000391 0.000694 1.000000
0 106 0.256641 0.602083 0.071094 0.187500 -0.000391 -0.001389 1.000000
0 107 0.256641 0.601389 0.067969 0.186111 0.000000 -0.000694 1.000000
0 108 0.257031 0.600000 0.064062 0.186111 0.000391 -0.001389 1.000000
0 109 0.258984 0.597222 0.058594 0.186111 0.001953 -0.002778 1.000000
0 110 0.260937 0.595139 0.051562 0.187500 0.001953 -0.002083 1.000000
0 111 0.261719 0.592361 0.048438 0.187500 0.000781 -0.002778 1.000000
0 112 0.257812 0.593056 0.051562 0.186111 -0.003906 0.000694 1.000000
0 113 0.254688 0.593750 0.051562 0.187500 -0.003125 0.000694 1.000000
0 114 0.250391 0.593056 0.047656 0.188889 -0.004297 -0.000694 1.000000
0 115 0.247266 0.593750 0.041406 0.190278 -0.003125 0.000694 1.000000
0 116 0.243359 0.593056 0.032031 0.188889 -0.003906 -0.000694 1.000000
0 117 0.241406 0.592361 0.026562 0.190278 -0.001953 -0.000694 1.000000
0 118 0.237109 0.593056 0.030469 0.191667 -0.004297 0.000694 1.000000
0 119 0.232422 0.593056 0.030469 0.191667 -0.004687 0.000000 1.000000
0 120 0.227734 0.592361 0.032031 0.190278 -0.004687 -0.000694 1.000000
0 121 0.224609 0.591667 0.032031 0.188889 -0.003125 -0.000694 1.000000
0 122 0.221875 0.588889 0.032813 0.188889 -0.002734 -0.002778 1.000000
0 123 0.218359 0.586806 0.036719 0.187500 -0.003516 -0.002083 1.000000
0 124 0.216406 0.585417 0.035937 0.184722 -0.001953 -0.001389 1.000000
0 125 0.214453 0.585417 0.035156 0.184722 -0.001953 0.000000 1.000000
0 126 0.212500 0.585417 0.035937 0.184722 -0.001953 0.000000 1.000000
0 127 0.209766 0.586111 0.033594 0.183333 -0.002734 0.000694 1.000000
0 128 0.207813 0.586111 0.034375 0.183333 -0.001953 0.000000 1.000000
0 129 0.205078 0.586806 0.035156 0.181944 -0.002734 0.000694 1.000000
0 130 0.202344 0.586111 0.039062 0.183333 -0.002734 -0.000694 1.000000
0 131 0.202344 0.586806 0.042188 0.184722 0.000000 0.000694 1.000000
0 132 0.202344 0.586806 0.045312 0.184722 0.000000 0.000000 1.000000
0 133 0.201953 0.586111 0.046094 0.186111 -0.000391 -0.000694 1.000000
0 134 0.203125 0.585417 0.050000 0.187500 0.001172 -0.000694 1.000000
0 135 0.203125 0.585417 0.050000 0.187500 0.000000 0.000000 1.000000
0 136 0.201563 0.584722 0.053125 0.186111 -0.001563 -0.000694 1.000000
0 137 0.201563 0.584028 0.054688 0.187500 0.000000 -0.000694 1.000000
0 138 0.201172 0.582639 0.053906 0.184722 -0.000391 -0.001389 1.000000
0 139 0.201563 0.581250 0.053125 0.181944 0.000391 -0.001389 1.000000
0 140 0.200391 0.579861 0.050781 0.181944 -0.001172 -0.001389 1.000000
0 141 0.200000 0.579861 0.045312 0.181944 -0.000391 0.000000 1.000000
0 142 0.198828 0.579861 0.042969 0.181944 -0.001172 0.000000 1.000000
0 143 0.199219 0.579861 0.043750 0.181944 0.000391 0.000000 1.000000
0 144 0.199219 0.579861 0.043750 0.181944 0.000000 0.000000 1.000000
0 145 0.200000 0.579861 0.042188 0.181944 0.000781 0.000000 1.000000
0 146 0.200391 0.579861 0.042969 0.181944 0.000391 0.000000 1.000000
0 147 0.201172 0.579861 0.042969 0.181944 0.000781 0.000000 1.000000
0 148 0.201172 0.579167 0.042969 0.183333 0.000000 -0.000694 1.000000
0 149 0.200781 0.578472 0.043750 0.181944 -0.000391 -0.000694 1.000000
0 150 0.200391 0.578472 0.046094 0.184722 -0.000391 0.000000 1.000000
0 151 0.199609 0.578472 0.047656 0.184722 -0.000781 0.000000 1.000000
0 152 0.199219 0.578472 0.048438 0.184722 -0.000391 0.000000 1.000000
0 153 0.198828 0.578472 0.049219 0.184722 -0.000391 0.000000 1.000000
0 154 0.198828 0.577778 0.049219 0.186111 0.000000 -0.000694 1.000000
0 155 0.199219 0.578472 0.046875 0.187500 0.000391 0.000694 1.000000
0 156 0.198828 0.577778 0.047656 0.186111 -0.000391 -0.000694 1.000000
0 157 0.199609 0.578472 0.044531 0.187500 0.000781 0.000694 1.000000
0 158 0.198828 0.578472 0.044531 0.184722 -0.000781 0.000000 1.000000
0 159 0.197266 0.579861 0.047656 0.181944 -0.001563 0.001389 1.000000
0 160 0.195312 0.578472 0.050000 0.176389 -0.001953 -0.001389 1.000000
0 161 0.194531 0.575694 0.053125 0.173611 -0.000781 -0.002778 1.000000
0 162 0.193750 0.574306 0.054688 0.170833 -0.000781 -0.001389 1.000000
0 163 0.196094 0.572222 0.060937 0.169444 0.002344 -0.002083 1.000000
0 164 0.196484 0.571528 0.063281 0.170833 0.000391 -0.000694 1.000000
0 165 0.195703 0.570833 0.063281 0.169444 -0.000781 -0.000694 1.000000
0 166 0.196484 0.570139 0.063281 0.165278 0.000781 -0.000694 1.000000
0 167 0.196094 0.571528 0.057813 0.162500 -0.000391 0.001389 1.000000
0 168 0.198047 0.572917 0.053906 0.162500 0.001953 0.001389 1.000000
0 169 0.198828 0.572917 0.044531 0.162500 0.000781 0.000000 1.000000
0 170 0.199609 0.572222 0.032031 0.163889 0.000781 -0.000694 1.000000
0 171 0.197656 0.570833 0.034375 0.166667 -0.001953 -0.001389 1.000000
0 172 0.196094 0.571528 0.043750 0.170833 -0.001563 0.000694 1.000000
0 173 0.197266 0.571528 0.052344 0.170833 0.001172 0.000000 1.000000
0 174 0.196484 0.570833 0.057031 0.166667 -0.000781 -0.000694 1.000000
0 175 0.192578 0.572917 0.060156 0.165278 -0.003906 0.002083 1.000000
0 176 0.189453 0.575694 0.053906 0.162500 -0.003125 0.002778 1.000000
0 177 0.187891 0.578472 0.047656 0.159722 -0.001563 0.002778 1.000000
0 178 0.189453 0.580556 0.044531 0.155556 0.001563 0.002083 1.000000
0 179 0.187891 0.585417 0.049219 0.162500 -0.001563 0.004861 1.000000
0 180 0.187109 0.588889 0.049219 0.169444 -0.000781 0.003472 1.000000
0 181 0.182812 0.592361 0.054688 0.176389 -0.004297 0.003472 1.000000
0 182 0.177734 0.594444 0.049219 0.180556 -0.005078 0.002083 1.000000
0 183 0.174609 0.596528 0.046094 0.184722 -0.003125 0.002083 1.000000
0 184 0.171875 0.597917 0.045312 0.181944 -0.002734 0.001389 1.000000
0 185 0.168750 0.600694 0.039062 0.179167 -0.003125 0.002778 1.000000
0 186 0.168359 0.602083 0.038281 0.176389 -0.000391 0.001389 1.000000
0 187 0.167578 0.604167 0.033594 0.175000 -0.000781 0.002083 1.000000
0 188 0.167187 0.605556 0.035937 0.175000 -0.000391 0.001389 1.000000
0 189 0.166797 0.605556 0.035156 0.175000 -0.000391 0.000000 1.000000
0 190 0.168750 0.607639 0.039062 0.181944 0.001953 0.002083 1.000000
0 191 0.169922 0.608333 0.047656 0.186111 0.001172 0.000694 1.000000
0 192 0.169922 0.611111 0.052344 0.191667 0.000000 0.002778 1.000000
0 193 0.167969 0.614583 0.051562 0.195833 -0.001953 0.003472 1.000000
0 194 0.166016 0.618750 0.047656 0.195833 -0.001953 0.004167 1.000000
0 195 0.168359 0.619444 0.046094 0.194444 0.002344 0.000694 1.000000
0 196 0.171094 0.619444 0.043750 0.197222 0.002734 0.000000 1.000000
0 197 0.170313 0.618750 0.042188 0.198611 -0.000781 -0.000694 1.000000
0 198 0.168359 0.618056 0.041406 0.202778 -0.001953 -0.000694 1.000000
0 199 0.167969 0.617361 0.039062 0.204167 -0.000391 -0.000694 1.000000
0 200 0.167578 0.615278 0.036719 0.202778 -0.000391 -0.002083 1.000000
0 201 0.167969 0.616667 0.039062 0.200000 0.000391 0.001389 1.000000
0 202 0.169922 0.618750 0.042969 0.198611 0.001953 0.002083 1.000000
0 203 0.174609 0.622917 0.050781 0.198611 0.004687 0.004167 1.000000
0 204 0.178125 0.631250 0.050000 0.201389 0.003516 0.008333 1.000000
0 205 0.183203 0.638889 0.052344 0.202778 0.005078 0.007639 1.000000
0 206 0.183594 0.649306 0.046875 0.209722 0.000391 0.010417 1.000000
0 207 0.183594 0.652778 0.043750 0.205556 0.000000 0.003472 1.000000
0 208 0.182812 0.655556 0.042188 0.202778 -0.000781 0.002778 1.000000
0 209 0.181641 0.655556 0.041406 0.200000 -0.001172 0.000000 1.000000
0 210 0.180469 0.654167 0.042188 0.205556 -0.001172 -0.001389 1.000000
0 211 0.179297 0.651389 0.041406 0.211111 -0.001172 -0.002778 1.000000
0 212 0.177734 0.648611 0.039844 0.216667 -0.001563 -0.002778 1.000000
0 213 0.175000 0.646528 0.039062 0.220833 -0.002734 -0.002083 1.000000
0 214 0.171484 0.645139 0.035156 0.223611 -0.003516 -0.001389 1.000000
0 215 0.169141 0.643750 0.032031 0.223611 -0.002344 -0.001389 1.000000
0 216 0.167969 0.644444 0.032813 0.222222 -0.001172 0.000694 1.000000
0 217 0.167187 0.645833 0.034375 0.219444 -0.000781 0.001389 1.000000
0 218 0.168359 0.647222 0.038281 0.216667 0.001172 0.001389 1.000000
0 219 0.169531 0.647917 0.040625 0.215278 0.001172 0.000694 1.000000
0 220 0.171875 0.647917 0.040625 0.215278 0.002344 0.000000 1.000000
0 221 0.173047 0.647917 0.041406 0.215278 0.001172 0.000000 1.000000
0 222 0.171484 0.647222 0.038281 0.213889 -0.001563 -0.000694 1.000000
0 223 0.174219 0.647917 0.043750 0.209722 0.002734 0.000694 1.000000
0 224 0.175391 0.650694 0.046094 0.206944 0.001172 0.002778 1.000000
0 225 0.175781 0.653472 0.048438 0.204167 0.000391 0.002778 1.000000
0 226 0.176953 0.654861 0.052344 0.201389 0.001172 0.001389 1.000000
0 227 0.178125 0.654167 0.053125 0.200000 0.001172 -0.000694 1.000000
0 228 0.179297 0.652778 0.055469 0.202778 0.001172 -0.001389 1.000000
0 229 0.180469 0.649306 0.056250 0.204167 0.001172 -0.003472 1.000000
0 230 0.177734 0.647222 0.052344 0.205556 -0.002734 -0.002083 1.000000
0 231 0.173437 0.645139 0.046875 0.206944 -0.004297 -0.002083 1.000000
0 232 0.168750 0.642361 0.037500 0.209722 -0.004687 -0.002778 1.000000
0 233 0.168359 0.638194 0.038281 0.209722 -0.000391 -0.004167 1.000000
0 234 0.169141 0.634722 0.039844 0.208333 0.000781 -0.003472 1.000000
0 235 0.166797 0.631944 0.041406 0.208333 -0.002344 -0.002778 1.000000
0 236 0.163281 0.631250 0.040625 0.206944 -0.003516 -0.000694 1.000000
0 237 0.160547 0.631944 0.035156 0.205556 -0.002734 0.000694 1.000000
0 238 0.159766 0.631944 0.028906 0.202778 -0.000781 0.000000 1.000000
0 239 0.158984 0.633333 0.032031 0.200000 -0.000781 0.001389 1.000000
0 240 0.156250 0.633333 0.045312 0.197222 -0.002734 0.000000 1.000000
0 241 0.156250 0.634028 0.051562 0.195833 0.000000 0.000694 1.000000
0 242 0.155078 0.634722 0.061719 0.191667 -0.001172 0.000694 1.000000
0 243 0.156250 0.636806 0.064062 0.187500 0.001172 0.002083 1.000000
0 244 0.157422 0.637500 0.066406 0.183333 0.001172 0.000694 1.000000
0 245 0.160938 0.637500 0.067187 0.183333 0.003516 0.000000 1.000000
0 246 0.166016 0.635417 0.066406 0.187500 0.005078 -0.002083 1.000000
0 247 0.171094 0.633333 0.065625 0.188889 0.005078 -0.002083 1.000000
0 248 0.175391 0.631250 0.058594 0.193056 0.004297 -0.002083 1.000000
0 249 0.181250 0.629861 0.057813 0.193056 0.005859 -0.001389 1.000000
0 250 0.186719 0.629861 0.056250 0.193056 0.005469 0.000000 1.000000
0 251 0.191016 0.630556 0.052344 0.191667 0.004297 0.000694 1.000000
0 252 0.196094 0.631250 0.050000 0.190278 0.005078 0.000694 1.000000
0 253 0.200391 0.631250 0.047656 0.190278 0.004297 0.000000 1.000000
0 254 0.201172 0.629167 0.047656 0.191667 0.000781 -0.002083 1.000000
0 255 0.202734 0.628472 0.050781 0.193056 0.001563 -0.000694 1.000000
0 256 0.203516 0.625694 0.050781 0.193056 0.000781 -0.002778 1.000000
0 257 0.200781 0.625000 0.048438 0.194444 -0.002734 -0.000694 1.000000
0 258 0.196094 0.622222 0.040625 0.197222 -0.004687 -0.002778 1.000000
0 259 0.194922 0.620139 0.041406 0.195833 -0.001172 -0.002083 1.000000
0 260 0.195312 0.616667 0.043750 0.197222 0.000391 -0.003472 1.000000
0 261 0.193750 0.614583 0.046875 0.193056 -0.001563 -0.002083 1.000000
0 262 0.190625 0.613194 0.046875 0.193056 -0.003125 -0.001389 1.000000
0 263 0.187109 0.614583 0.042969 0.193056 -0.003516 0.001389 1.000000
0 264 0.181641 0.615972 0.035156 0.190278 -0.005469 0.001389 1.000000
0 265 0.179688 0.615972 0.034375 0.190278 -0.001953 0.000000 1.000000
0 266 0.177344 0.615972 0.035937 0.190278 -0.002344 0.000000 1.000000
0 267 0.173047 0.615278 0.039844 0.191667 -0.004297 -0.000694 1.000000
0 268 0.168359 0.614583 0.044531 0.193056 -0.004687 -0.000694 1.000000
0 269 0.167578 0.613194 0.046094 0.193056 -0.000781 -0.001389 1.000000
0 270 0.165234 0.611806 0.044531 0.193056 -0.002344 -0.001389 1.000000
0 271 0.163281 0.608333 0.040625 0.188889 -0.001953 -0.003472 1.000000
0 272 0.162109 0.605556 0.039844 0.188889 -0.001172 -0.002778 1.000000
0 273 0.159375 0.602083 0.042188 0.187500 -0.002734 -0.003472 1.000000
0 274 0.154688 0.600694 0.045312 0.184722 -0.004687 -0.001389 1.000000
0 275 0.151172 0.600694 0.052344 0.184722 -0.003516 0.000000 1.000000
0 276 0.149219 0.601389 0.050000 0.186111 -0.001953 0.000694 1.000000
0 277 0.143359 0.602083 0.052344 0.184722 -0.005859 0.000694 1.000000
0 278 0.139063 0.602778 0.054688 0.183333 -0.004297 0.000694 1.000000
0 279 0.136328 0.603472 0.055469 0.181944 -0.002734 0.000694 1.000000
0 280 0.134766 0.604167 0.055469 0.183333 -0.001563 0.000694 1.000000
0 281 0.133594 0.602083 0.054688 0.181944 -0.001172 -0.002083 1.000000
0 282 0.132422 0.600694 0.053906 0.179167 -0.001172 -0.001389 1.000000
0 283 0.129297 0.597917 0.055469 0.179167 -0.003125 -0.002778 1.000000
0 284 0.125781 0.596528 0.057813 0.179167 -0.003516 -0.001389 1.000000
0 285 0.121094 0.596528 0.060937 0.179167 -0.004687 0.000000 1.000000
0 286 0.116016 0.597222 0.064844 0.177778 -0.005078 0.000694 1.000000
0 287 0.111328 0.598611 0.067969 0.175000 -0.004687 0.001389 1.000000
0 288 0.107813 0.600000 0.070312 0.166667 -0.003516 0.001389 1.000000
0 289 0.105078 0.600694 0.072656 0.159722 -0.002734 0.000694 1.000000
0 290 0.103906 0.602083 0.073438 0.156944 -0.001172 0.001389 1.000000
0 291 0.104297 0.601389 0.075781 0.161111 0.000391 -0.000694 1.000000
0 292 0.106250 0.599306 0.076563 0.162500 0.001953 -0.002083 1.000000
0 293 0.110937 0.595833 0.073438 0.161111 0.004687 -0.003472 1.000000
0 294 0.114453 0.595833 0.071094 0.163889 0.003516 0.000000 1.000000
0 295 0.121094 0.594444 0.064062 0.166667 0.006641 -0.001389 1.000000
0 296 0.127344 0.594444 0.056250 0.166667 0.006250 0.000000 1.000000
0 297 0.129297 0.593056 0.058594 0.166667 0.001953 -0.001389 1.000000
0 298 0.136719 0.592361 0.075000 0.170833 0.007422 -0.000694 1.000000
0 299 0.141016 0.590278 0.082031 0.175000 0.004297 -0.002083 1.000000
0 300 0.146484 0.585417 0.080469 0.170833 0.005469 -0.004861 1.000000
0 301 0.155859 0.576389 0.083594 0.161111 0.009375 -0.009028 1.000000
0 302 0.160938 0.581250 0.078125 0.168056 0.005078 0.004861 1.000000
0 303 0.170703 0.581250 0.044531 0.168056 0.009766 0.000000 1.000000
0 304 0.182031 0.582639 0.037500 0.168056 0.011328 0.001389 1.000000
0 305 0.191797 0.582639 0.053906 0.168056 0.009766 0.000000 1.000000
0 306 0.196875 0.581944 0.065625 0.166667 0.005078 -0.000694 1.000000
0 307 0.206641 0.581944 0.086719 0.169444 0.009766 0.000000 1.000000
0 308 0.219531 0.577083 0.085938 0.159722 0.012891 -0.004861 1.000000
0 309 0.227344 0.572222 0.079687 0.150000 0.007812 -0.004861 1.000000
0 310 0.233594 0.581250 0.068750 0.162500 0.006250 0.009028 1.000000
0 311 0.249609 0.581250 0.039844 0.165278 0.016016 0.000000 1.000000
0 312 0.257812 0.583333 0.037500 0.163889 0.008203 0.002083 1.000000
0 313 0.273047 0.581944 0.053906 0.166667 0.015234 -0.001389 1.000000
0 314 0.283203 0.579167 0.058594 0.172222 0.010156 -0.002778 1.000000
0 315 0.284766 0.577083 0.060156 0.176389 0.001563 -0.002083 1.000000
0 316 0.287891 0.572222 0.060156 0.183333 0.003125 -0.004861 1.000000
0 317 0.289062 0.556944 0.053125 0.205556 0.001172 -0.015278 1.000000
0 318 0.292187 0.552083 0.048438 0.204167 0.003125 -0.004861 1.000000
0 319 0.299609 0.542361 0.050781 0.198611 0.007422 -0.009722 1.000000
0 320 0.306641 0.521528 0.052344 0.159722 0.007031 -0.020833 1.000000
0 321 0.319922 0.513889 0.058594 0.152778 0.013281 -0.007639 1.000000
0 322 0.330859 0.508333 0.063281 0.155556 0.010937 -0.005556 1.000000
0 323 0.342578 0.520833 0.067969 0.180556 0.011719 0.012500 1.000000
0 324 0.344922 0.521528 0.071094 0.193056 0.002344 0.000694 1.000000
0 325 0.354297 0.501389 0.047656 0.238889 0.009375 -0.020139 1.000000
0 326 0.358203 0.503472 0.033594 0.234722 0.003906 0.002083 1.000000
0 327 0.366797 0.512500 0.027344 0.211111 0.008594 0.009028 1.000000
0 328 0.378516 0.527083 0.042969 0.179167 0.011719 0.014583 1.000000
0 329 0.380078 0.529861 0.038281 0.173611 0.001563 0.002778 1.000000
0 330 0.387500 0.532639 0.043750 0.168056 0.007422 0.002778 1.000000
0 331 0.389453 0.533333 0.036719 0.158333 0.001953 0.000694 1.000000
0 332 0.397656 0.548611 0.046875 0.172222 0.008203 0.015278 1.000000
0 333 0.406641 0.560417 0.049219 0.181944 0.008984 0.011806 1.000000
0 334 0.411719 0.572222 0.051562 0.186111 0.005078 0.011806 1.000000
0 335 0.411719 0.579167 0.045312 0.177778 0.000000 0.006944 1.000000
0 336 0.410938 0.581250 0.045312 0.168056 -0.000781 0.002083 1.000000
0 337 0.410547 0.582639 0.039844 0.165278 -0.000391 0.001389 1.000000
0 338 0.408203 0.583333 0.036719 0.163889 -0.002344 0.000694 1.000000
0 339 0.408984 0.583333 0.033594 0.163889 0.000781 0.000000 1.000000
0 340 0.410938 0.581944 0.040625 0.163889 0.001953 -0.001389 1.000000
0 341 0.414062 0.581944 0.046875 0.163889 0.003125 0.000000 1.000000
0 342 0.414062 0.579861 0.046875 0.162500 0.000000 -0.002083 1.000000
0 343 0.414062 0.579167 0.048438 0.163889 0.000000 -0.000694 1.000000
0 344 0.412109 0.577778 0.049219 0.163889 -0.001953 -0.001389 1.000000
0 345 0.411719 0.577778 0.046875 0.166667 -0.000391 0.000000 1.000000
0 346 0.412109 0.576389 0.046094 0.166667 0.000391 -0.001389 1.000000
0 347 0.410938 0.575000 0.045312 0.169444 -0.001172 -0.001389 1.000000
0 348 0.408594 0.573611 0.040625 0.169444 -0.002344 -0.001389 1.000000
0 349 0.405469 0.571528 0.035937 0.173611 -0.003125 -0.002083 1.000000
0 350 0.404297 0.570833 0.035156 0.175000 -0.001172 -0.000694 1.000000
0 351 0.403125 0.570139 0.037500 0.176389 -0.001172 -0.000694 1.000000
0 352 0.401562 0.570833 0.035937 0.175000 -0.001563 0.000694 1.000000
0 353 0.400391 0.572222 0.036719 0.172222 -0.001172 0.001389 1.000000
0 354 0.401172 0.573611 0.035156 0.169444 0.000781 0.001389 1.000000
0 355 0.400000 0.574306 0.037500 0.168056 -0.001172 0.000694 1.000000
0 356 0.397266 0.575000 0.042969 0.169444 -0.002734 0.000694 1.000000
0 357 0.395313 0.574306 0.046875 0.170833 -0.001953 -0.000694 1.000000
0 358 0.394141 0.572222 0.049219 0.172222 -0.001172 -0.002083 1.000000
0 359 0.391406 0.570139 0.051562 0.173611 -0.002734 -0.002083 1.000000
0 360 0.387500 0.570833 0.050000 0.175000 -0.003906 0.000694 1.000000
0 361 0.382031 0.570833 0.046875 0.175000 -0.005469 0.000000 1.000000
0 362 0.374609 0.570139 0.041406 0.176389 -0.007422 -0.000694 1.000000
0 363 0.367969 0.569444 0.035937 0.177778 -0.006641 -0.000694 1.000000
0 364 0.364063 0.568056 0.035937 0.180556 -0.003906 -0.001389 1.000000
0 365 0.359766 0.563194 0.044531 0.173611 -0.004297 -0.004861 1.000000
0 366 0.354297 0.562500 0.046094 0.172222 -0.005469 -0.000694 1.000000
0 367 0.349609 0.561806 0.046094 0.170833 -0.004687 -0.000694 1.000000
0 368 0.341406 0.566667 0.031250 0.175000 -0.008203 0.004861 1.000000
0 369 0.336719 0.568056 0.031250 0.172222 -0.004687 0.001389 1.000000
0 370 0.333594 0.568056 0.034375 0.172222 -0.003125 0.000000 1.000000
0 371 0.330078 0.567361 0.038281 0.173611 -0.003516 -0.000694 1.000000
0 372 0.323437 0.566667 0.043750 0.175000 -0.006641 -0.000694 1.000000
0 373 0.322266 0.566667 0.047656 0.175000 -0.001172 0.000000 1.000000
0 374 0.315234 0.566667 0.055469 0.175000 -0.007031 0.000000 1.000000
0 375 0.308984 0.568750 0.052344 0.176389 -0.006250 0.002083 1.000000
0 376 0.302344 0.569444 0.045312 0.175000 -0.006641 0.000694 1.000000
0 377 0.292187 0.569444 0.034375 0.175000 -0.010156 0.000000 1.000000
0 378 0.284375 0.568750 0.029687 0.176389 -0.007812 -0.000694 1.000000
0 379 0.277734 0.565972 0.042969 0.176389 -0.006641 -0.002778 1.000000
0 380 0.272266 0.565972 0.042969 0.179167 -0.005469 0.000000 1.000000
0 381 0.266016 0.567361 0.042969 0.179167 -0.006250 0.001389 1.000000
0 382 0.260156 0.568750 0.042188 0.179167 -0.005859 0.001389 1.000000
0 383 0.252344 0.570139 0.031250 0.176389 -0.007812 0.001389 1.000000
0 384 0.249219 0.572222 0.026562 0.175000 -0.003125 0.002083 1.000000
0 385 0.243750 0.571528 0.037500 0.173611 -0.005469 -0.000694 1.000000
0 386 0.240234 0.570139 0.047656 0.176389 -0.003516 -0.001389 1.000000
0 387 0.236719 0.569444 0.057813 0.175000 -0.003516 -0.000694 1.000000
0 388 0.233203 0.569444 0.064844 0.175000 -0.003516 0.000000 1.000000
0 389 0.230469 0.572222 0.062500 0.175000 -0.002734 0.002778 1.000000
0 390 0.225781 0.573611 0.054688 0.177778 -0.004687 0.001389 1.000000
0 391 0.221094 0.573611 0.042188 0.177778 -0.004687 0.000000 1.000000
0 392 0.215625 0.574306 0.031250 0.176389 -0.005469 0.000694 1.000000
0 393 0.212891 0.572917 0.032031 0.179167 -0.002734 -0.001389 1.000000
0 394 0.207031 0.571528 0.035937 0.184722 -0.005859 -0.001389 1.000000
0 395 0.203125 0.565278 0.037500 0.175000 -0.003906 -0.006250 1.000000
0 396 0.195312 0.572222 0.039062 0.183333 -0.007812 0.006944 1.000000
0 397 0.187891 0.574306 0.027344 0.184722 -0.007422 0.002083 1.000000
0 398 0.187109 0.575000 0.025781 0.183333 -0.000781 0.000694 1.000000
0 399 0.182812 0.575000 0.029687 0.183333 -0.004297 0.000000 1.000000
0 400 0.179297 0.572222 0.039844 0.183333 -0.003516 -0.002778 1.000000
0 401 0.175781 0.570833 0.051562 0.180556 -0.003516 -0.001389 1.000000
0 402 0.171875 0.571528 0.054688 0.179167 -0.003906 0.000694 1.000000
0 403 0.167187 0.572917 0.053125 0.179167 -0.004687 0.001389 1.000000
0 404 0.160156 0.576389 0.045312 0.180556 -0.007031 0.003472 1.000000
0 405 0.157422 0.577778 0.042969 0.177778 -0.002734 0.001389 1.000000
0 406 0.155078 0.578472 0.039844 0.176389 -0.002344 0.000694 1.000000
0 407 0.153516 0.578472 0.039844 0.173611 -0.001563 0.000000 1.000000
0 408 0.149219 0.578472 0.050000 0.173611 -0.004297 0.000000 1.000000
0 409 0.143750 0.581944 0.051562 0.180556 -0.005469 0.003472 1.000000
0 410 0.142578 0.581944 0.050781 0.180556 -0.001172 0.000000 1.000000
0 411 0.142578 0.582639 0.049219 0.179167 0.000000 0.000694 1.000000
0 412 0.144531 0.581250 0.046875 0.176389 0.001953 -0.001389 1.000000
0 413 0.146094 0.579861 0.042188 0.176389 0.001563 -0.001389 1.000000
0 414 0.146094 0.577778 0.042188 0.177778 0.000000 -0.002083 1.000000
0 415 0.146484 0.577083 0.042969 0.176389 0.000391 -0.000694 1.000000
0 416 0.146094 0.577083 0.043750 0.179167 -0.000391 0.000000 1.000000
0 417 0.146094 0.578472 0.043750 0.179167 0.000000 0.001389 1.000000
0 418 0.145313 0.579167 0.045312 0.177778 -0.000781 0.000694 1.000000
0 419 0.142969 0.581944 0.050000 0.177778 -0.002344 0.002778 1.000000
0 420 0.140625 0.585417 0.056250 0.173611 -0.002344 0.003472 1.000000
0 421 0.140625 0.589583 0.057813 0.173611 0.000000 0.004167 1.000000
0 422 0.141406 0.593750 0.059375 0.168056 0.000781 0.004167 1.000000
0 423 0.144141 0.595139 0.060156 0.162500 0.002734 0.001389 1.000000
0 424 0.148047 0.595833 0.057031 0.161111 0.003906 0.000694 1.000000
0 425 0.153906 0.593750 0.054688 0.159722 0.005859 -0.002083 1.000000
0 426 0.160938 0.592361 0.050000 0.159722 0.007031 -0.001389 1.000000
0 427 0.166016 0.592361 0.047656 0.159722 0.005078 0.000000 1.000000
0 428 0.171094 0.589583 0.045312 0.156944 0.005078 -0.002778 1.000000
0 429 0.175781 0.589583 0.045312 0.156944 0.004687 0.000000 1.000000
0 430 0.178906 0.592361 0.045312 0.162500 0.003125 0.002778 1.000000
0 431 0.182422 0.591667 0.046094 0.158333 0.003516 -0.000694 1.000000
0 432 0.186328 0.592361 0.046094 0.154167 0.003906 0.000694 1.000000
0 433 0.190234 0.592361 0.046094 0.154167 0.003906 0.000000 1.000000
0 434 0.192969 0.590972 0.045312 0.154167 0.002734 -0.001389 1.000000
0 435 0.196875 0.588194 0.045312 0.156944 0.003906 -0.002778 1.000000
0 436 0.200391 0.585417 0.044531 0.159722 0.003516 -0.002778 1.000000
0 437 0.203516 0.581944 0.042969 0.163889 0.003125 -0.003472 1.000000
0 438 0.207422 0.577778 0.041406 0.172222 0.003906 -0.004167 1.000000
0 439 0.209766 0.573611 0.041406 0.175000 0.002344 -0.004167 1.000000
0 440 0.210938 0.571528 0.042188 0.176389 0.001172 -0.002083 1.000000
0 441 0.210938 0.570139 0.042188 0.176389 0.000000 -0.001389 1.000000
0 442 0.210547 0.568750 0.041406 0.176389 -0.000391 -0.001389 1.000000
0 443 0.210547 0.568056 0.039844 0.177778 0.000000 -0.000694 1.000000
0 444 0.210938 0.568056 0.039062 0.177778 0.000391 0.000000 1.000000
0 445 0.211719 0.568056 0.039062 0.177778 0.000781 0.000000 1.000000
0 446 0.212500 0.567361 0.039062 0.176389 0.000781 -0.000694 1.000000
0 447 0.212500 0.566667 0.037500 0.177778 0.000000 -0.000694 1.000000
0 448 0.213281 0.565278 0.035937 0.177778 0.000781 -0.001389 1.000000
0 449 0.214453 0.565278 0.033594 0.177778 0.001172 0.000000 1.000000
0 450 0.214844 0.563194 0.032813 0.176389 0.000391 -0.002083 1.000000
0 451 0.215625 0.561111 0.034375 0.175000 0.000781 -0.002083 1.000000
0 452 0.216016 0.558333 0.035156 0.172222 0.000391 -0.002778 1.000000
0 453 0.215234 0.555556 0.036719 0.169444 -0.000781 -0.002778 1.000000
0 454 0.213672 0.555556 0.039844 0.166667 -0.001563 0.000000 1.000000
0 455 0.212891 0.556250 0.039844 0.165278 -0.000781 0.000694 1.000000
0 456 0.211328 0.556944 0.039844 0.163889 -0.001563 0.000694 1.000000
0 457 0.209375 0.558333 0.040625 0.163889 -0.001953 0.001389 1.000000
0 458 0.208594 0.558333 0.042188 0.163889 -0.000781 0.000000 1.000000
0 459 0.207031 0.557639 0.042188 0.165278 -0.001563 -0.000694 1.000000
0 460 0.207031 0.556250 0.042188 0.165278 0.000000 -0.001389 1.000000
0 461 0.205859 0.554861 0.039844 0.165278 -0.001172 -0.001389 1.000000
0 462 0.207031 0.553472 0.037500 0.165278 0.001172 -0.001389 1.000000
0 463 0.207813 0.551389 0.035937 0.163889 0.000781 -0.002083 1.000000
0 464 0.207031 0.549306 0.037500 0.162500 -0.000781 -0.002083 1.000000
0 465 0.207031 0.546528 0.039062 0.159722 0.000000 -0.002778 1.000000
0 466 0.207031 0.544444 0.039062 0.158333 0.000000 -0.002083 1.000000
0 467 0.207031 0.543750 0.039062 0.156944 0.000000 -0.000694 1.000000
0 468 0.207031 0.545139 0.039062 0.154167 0.000000 0.001389 1.000000
0 469 0.207813 0.545139 0.039062 0.154167 0.000781 0.000000 1.000000
0 470 0.208203 0.545139 0.038281 0.154167 0.000391 0.000000 1.000000
0 471 0.208984 0.545139 0.036719 0.154167 0.000781 0.000000 1.000000
0 472 0.210938 0.544444 0.035937 0.155556 0.001953 -0.000694 1.000000
0 473 0.211719 0.543750 0.035937 0.156944 0.000781 -0.000694 1.000000
0 474 0.212891 0.543750 0.036719 0.159722 0.001172 0.000000 1.000000
0 475 0.214453 0.543056 0.036719 0.161111 0.001563 -0.000694 1.000000
0 476 0.216016 0.542361 0.036719 0.159722 0.001563 -0.000694 1.000000
0 477 0.218359 0.542361 0.036719 0.156944 0.002344 0.000000 1.000000
0 478 0.219922 0.543056 0.038281 0.150000 0.001563 0.000694 1.000000
0 479 0.220312 0.543750 0.042188 0.148611 0.000391 0.000694 1.000000
0 480 0.221094 0.543750 0.043750 0.145833 0.000781 0.000000 1.000000
0 481 0.223828 0.542361 0.050781 0.145833 0.002734 -0.001389 1.000000
0 482 0.226953 0.540972 0.055469 0.145833 0.003125 -0.001389 1.000000
0 483 0.230469 0.540972 0.057813 0.148611 0.003516 0.000000 1.000000
0 484 0.233594 0.540278 0.057813 0.144444 0.003125 -0.000694 1.000000
0 485 0.236328 0.540278 0.049219 0.144444 0.002734 0.000000 1.000000
0 486 0.241406 0.540278 0.043750 0.144444 0.005078 0.000000 1.000000
0 487 0.248047 0.539583 0.038281 0.145833 0.006641 -0.000694 1.000000
0 488 0.252734 0.538889 0.032031 0.147222 0.004687 -0.000694 1.000000
0 489 0.258203 0.537500 0.030469 0.152778 0.005469 -0.001389 1.000000
0 490 0.261719 0.535417 0.037500 0.156944 0.003516 -0.002083 1.000000
0 491 0.267188 0.532639 0.039062 0.159722 0.005469 -0.002778 1.000000
0 492 0.273438 0.531250 0.048438 0.159722 0.006250 -0.001389 1.000000
0 493 0.278906 0.529861 0.051562 0.159722 0.005469 -0.001389 1.000000
0 494 0.282031 0.529861 0.048438 0.156944 0.003125 0.000000 1.000000
0 495 0.286719 0.531250 0.039062 0.156944 0.004687 0.001389 1.000000
0 496 0.293359 0.531250 0.030469 0.156944 0.006641 0.000000 1.000000
0 497 0.301172 0.529861 0.028906 0.156944 0.007812 -0.001389 1.000000
0 498 0.307422 0.528472 0.033594 0.159722 0.006250 -0.001389 1.000000
0 499 0.311328 0.527083 0.036719 0.159722 0.003906 -0.001389 1.000000
0 500 0.315234 0.525694 0.044531 0.159722 0.003906 -0.001389 1.000000
0 501 0.321875 0.525000 0.050000 0.161111 0.006641 -0.000694 1.000000
0 502 0.326172 0.525694 0.052344 0.159722 0.004297 0.000694 1.000000
0 503 0.329297 0.526389 0.047656 0.158333 0.003125 0.000694 1.000000
0 504 0.332422 0.527778 0.039844 0.155556 0.003125 0.001389 1.000000
0 505 0.335547 0.527778 0.032031 0.155556 0.003125 0.000000 1.000000
0 506 0.338281 0.527778 0.025000 0.155556 0.002734 0.000000 1.000000
0 507 0.342969 0.527778 0.025000 0.158333 0.004687 0.000000 1.000000
0 508 0.344531 0.526389 0.028125 0.158333 0.001563 -0.001389 1.000000
0 509 0.350000 0.527778 0.035937 0.161111 0.005469 0.001389 1.000000
0 510 0.352734 0.527778 0.039844 0.161111 0.002734 0.000000 1.000000
0 511 0.354297 0.529167 0.039844 0.161111 0.001563 0.001389 1.000000
0 512 0.354687 0.530556 0.035937 0.158333 0.000391 0.001389 1.000000
0 513 0.353516 0.530556 0.032031 0.155556 -0.001172 0.000000 1.000000
0 514 0.351953 0.531250 0.028906 0.154167 -0.001563 0.000694 1.000000
0 515 0.351562 0.531250 0.029687 0.154167 -0.000391 0.000000 1.000000
0 516 0.350391 0.529861 0.028906 0.154167 -0.001172 -0.001389 1.000000
0 517 0.350391 0.528472 0.032031 0.154167 0.000000 -0.001389 1.000000
0 518 0.350391 0.526389 0.036719 0.152778 0.000000 -0.002083 1.000000
0 519 0.348047 0.525694 0.041406 0.151389 -0.002344 -0.000694 1.000000
0 520 0.345313 0.525000 0.042188 0.150000 -0.002734 -0.000694 1.000000
0 521 0.340625 0.525694 0.040625 0.145833 -0.004687 0.000694 1.000000
0 522 0.333984 0.526389 0.038281 0.147222 -0.006641 0.000694 1.000000
0 523 0.326953 0.527083 0.035156 0.145833 -0.007031 0.000694 1.000000
0 524 0.320312 0.527083 0.035937 0.145833 -0.006641 0.000000 1.000000
0 525 0.313672 0.527778 0.035156 0.144444 -0.006641 0.000694 1.000000
0 526 0.307031 0.527778 0.034375 0.144444 -0.006641 0.000000 1.000000
0 527 0.300000 0.527778 0.032813 0.144444 -0.007031 0.000000 1.000000
0 528 0.293750 0.527778 0.032813 0.144444 -0.006250 0.000000 1.000000
0 529 0.287500 0.527083 0.032813 0.145833 -0.006250 -0.000694 1.000000
0 530 0.280469 0.526389 0.032813 0.147222 -0.007031 -0.000694 1.000000
0 531 0.273828 0.525694 0.036719 0.145833 -0.006641 -0.000694 1.000000
0 532 0.268359 0.524306 0.036719 0.145833 -0.005469 -0.001389 1.000000
0 533 0.262891 0.524306 0.036719 0.148611 -0.005469 0.000000 1.000000
0 534 0.257422 0.525694 0.032031 0.151389 -0.005469 0.001389 1.000000
0 535 0.249609 0.525694 0.025781 0.151389 -0.007812 0.000000 1.000000
0 536 0.243359 0.525694 0.025781 0.151389 -0.006250 0.000000 1.000000
0 537 0.239063 0.526389 0.026562 0.152778 -0.004297 0.000694 1.000000
0 538 0.232031 0.525000 0.028125 0.158333 -0.007031 -0.001389 1.000000
0 539 0.227344 0.525000 0.029687 0.158333 -0.004687 0.000000 1.000000
0 540 0.221875 0.525000 0.032813 0.158333 -0.005469 0.000000 1.000000
0 541 0.217578 0.524306 0.035156 0.159722 -0.004297 -0.000694 1.000000
0 542 0.213281 0.525694 0.034375 0.156944 -0.004297 0.001389 1.000000
0 543 0.210156 0.526389 0.035937 0.158333 -0.003125 0.000694 1.000000
0 544 0.205078 0.525694 0.036719 0.156944 -0.005078 -0.000694 1.000000
0 545 0.199219 0.527083 0.034375 0.156944 -0.005859 0.001389 1.000000
0 546 0.192188 0.527778 0.029687 0.158333 -0.007031 0.000694 1.000000
0 547 0.185938 0.527778 0.023438 0.158333 -0.006250 0.000000 1.000000
0 548 0.182031 0.528472 0.025000 0.156944 -0.003906 0.000694 1.000000
0 549 0.177734 0.528472 0.030469 0.156944 -0.004297 0.000000 1.000000
0 550 0.173437 0.527778 0.035937 0.158333 -0.004297 -0.000694 1.000000
0 551 0.170703 0.527778 0.041406 0.158333 -0.002734 0.000000 1.000000
0 552 0.166406 0.528472 0.046875 0.159722 -0.004297 0.000694 1.000000
0 553 0.164844 0.529861 0.048438 0.159722 -0.001563 0.001389 1.000000
0 554 0.162500 0.530556 0.050000 0.161111 -0.002344 0.000694 1.000000
0 555 0.160156 0.530556 0.048438 0.161111 -0.002344 0.000000 1.000000
0 556 0.154688 0.530556 0.043750 0.161111 -0.005469 0.000000 1.000000
0 557 0.149219 0.530556 0.039062 0.161111 -0.005469 0.000000 1.000000
0 558 0.141406 0.529167 0.034375 0.161111 -0.007812 -0.001389 1.000000
0 559 0.137109 0.529167 0.036719 0.169444 -0.004297 0.000000 1.000000
0 560 0.135937 0.528472 0.042188 0.170833 -0.001172 -0.000694 1.000000
0 561 0.134375 0.529167 0.048438 0.172222 -0.001563 0.000694 1.000000
0 562 0.128516 0.529861 0.057031 0.173611 -0.005859 0.000694 1.000000
0 563 0.124219 0.532639 0.062500 0.176389 -0.004297 0.002778 1.000000
0 564 0.118750 0.534722 0.064062 0.177778 -0.005469 0.002083 1.000000
0 565 0.116016 0.538889 0.063281 0.175000 -0.002734 0.004167 1.000000
0 566 0.113672 0.546528 0.063281 0.159722 -0.002344 0.007639 1.000000
0 567 0.113281 0.547222 0.060937 0.158333 -0.000391 0.000694 1.000000
0 568 0.111328 0.546528 0.057031 0.156944 -0.001953 -0.000694 1.000000
0 569 0.110937 0.546528 0.056250 0.159722 -0.000391 0.000000 1.000000
0 570 0.111328 0.543750 0.055469 0.162500 0.000391 -0.002778 1.000000
0 571 0.110547 0.542361 0.050781 0.162500 -0.000781 -0.001389 1.000000
0 572 0.111328 0.540972 0.049219 0.168056 0.000781 -0.001389 1.000000
0 573 0.110547 0.540278 0.049219 0.169444 -0.000781 -0.000694 1.000000
0 574 0.110547 0.540278 0.047656 0.166667 0.000000 0.000000 1.000000
0 575 0.110156 0.540972 0.045312 0.168056 -0.000391 0.000694 1.000000
