0 1 0.618750 0.623611 0.025000 0.172222 0.000000 0.000000 1.000000
0 2 0.601172 0.625000 0.025781 0.172222 -0.017578 0.001389 1.000000
0 3 0.581641 0.625694 0.027344 0.170833 -0.019531 0.000694 1.000000
0 4 0.560156 0.625000 0.028125 0.175000 -0.021484 -0.000694 1.000000
0 5 0.539062 0.626389 0.029687 0.172222 -0.021094 0.001389 1.000000
0 6 0.517188 0.628472 0.028125 0.170833 -0.021875 0.002083 1.000000
0 7 0.495703 0.627778 0.030469 0.172222 -0.021484 -0.000694 1.000000
0 8 0.473438 0.630556 0.039062 0.177778 -0.022266 0.002778 1.000000
0 9 0.452344 0.632639 0.029687 0.179167 -0.021094 0.002083 1.000000
0 10 0.428906 0.637500 0.029687 0.183333 -0.023438 0.004861 1.000000
0 11 0.410156 0.639583 0.032813 0.184722 -0.018750 0.002083 1.000000
0 12 0.391016 0.639583 0.032031 0.187500 -0.019141 0.000000 1.000000
0 13 0.374609 0.641667 0.032031 0.186111 -0.016406 0.002083 1.000000
0 14 0.358984 0.643750 0.032031 0.187500 -0.015625 0.002083 1.000000
0 15 0.344922 0.644444 0.032031 0.188889 -0.014063 0.000694 1.000000
0 16 0.334375 0.645833 0.028125 0.188889 -0.010547 0.001389 1.000000
0 17 0.323828 0.646528 0.025781 0.193056 -0.010547 0.000694 1.000000
0 18 0.312109 0.648611 0.025781 0.191667 -0.011719 0.002083 1.000000
0 19 0.309766 0.650000 0.036719 0.191667 -0.002344 0.001389 1.000000
0 20 0.303516 0.652083 0.036719 0.195833 -0.006250 0.002083 1.000000
0 21 0.300000 0.657639 0.035937 0.204167 -0.003516 0.005556 1.000000
0 22 0.298438 0.660417 0.034375 0.209722 -0.001563 0.002778 1.000000
0 23 0.297656 0.663194 0.034375 0.209722 -0.000781 0.002778 1.000000
0 24 0.297266 0.664583 0.035156 0.209722 -0.000391 0.001389 1.000000
0 25 0.296875 0.665278 0.035937 0.208333 -0.000391 0.000694 1.000000
0 26 0.297266 0.664583 0.035156 0.206944 0.000391 -0.000694 1.000000
0 27 0.298438 0.666667 0.035937 0.205556 0.001172 0.002083 1.000000
0 28 0.299219 0.665972 0.034375 0.204167 0.000781 -0.000694 1.000000
0 29 0.302734 0.665278 0.033594 0.205556 0.003516 -0.000694 1.000000
0 30 0.306641 0.664583 0.036719 0.204167 0.003906 -0.000694 1.000000
0 31 0.313281 0.663194 0.040625 0.204167 0.006641 -0.001389 1.000000
0 32 0.321484 0.663194 0.047656 0.204167 0.008203 0.000000 1.000000
0 33 0.329297 0.662500 0.052344 0.202778 0.007812 -0.000694 1.000000
0 34 0.334766 0.662500 0.052344 0.202778 0.005469 0.000000 1.000000
0 35 0.341406 0.661806 0.050000 0.201389 0.006641 -0.000694 1.000000
0 36 0.347656 0.660417 0.046875 0.201389 0.006250 -0.001389 1.000000
0 37 0.353125 0.659028 0.045312 0.201389 0.005469 -0.001389 1.000000
0 38 0.362109 0.658333 0.049219 0.202778 0.008984 -0.000694 1.000000
0 39 0.369141 0.660417 0.046094 0.206944 0.007031 0.002083 1.000000
0 40 0.376563 0.661111 0.045312 0.211111 0.007422 0.000694 1.000000
0 41 0.383594 0.662500 0.042188 0.213889 0.007031 0.001389 1.000000
0 42 0.387500 0.661806 0.040625 0.215278 0.003906 -0.000694 1.000000
0 43 0.392969 0.662500 0.039062 0.216667 0.005469 0.000694 1.000000
0 44 0.397656 0.661806 0.039062 0.218056 0.004687 -0.000694 1.000000
0 45 0.401562 0.662500 0.037500 0.216667 0.003906 0.000694 1.000000
0 46 0.406641 0.661111 0.036719 0.213889 0.005078 -0.001389 1.000000
0 47 0.410938 0.661111 0.035937 0.213889 0.004297 0.000000 1.000000
0 48 0.414844 0.661111 0.035937 0.213889 0.003906 0.000000 1.000000
0 49 0.419141 0.661806 0.036719 0.212500 0.004297 0.000694 1.000000
0 50 0.422656 0.663194 0.037500 0.212500 0.003516 0.001389 1.000000
0 51 0.425391 0.664583 0.036719 0.212500 0.002734 0.001389 1.000000
0 52 0.429297 0.664583 0.039844 0.215278 0.003906 0.000000 1.000000
0 53 0.433203 0.665972 0.039844 0.215278 0.003906 0.001389 1.000000
0 54 0.436328 0.666667 0.041406 0.216667 0.003125 0.000694 1.000000
0 55 0.439844 0.667361 0.042188 0.218056 0.003516 0.000694 1.000000
0 56 0.444531 0.667361 0.042188 0.215278 0.004687 0.000000 1.000000
0 57 0.448047 0.669444 0.041406 0.216667 0.003516 0.002083 1.000000
0 58 0.452734 0.669444 0.042969 0.216667 0.004687 0.000000 1.000000
0 59 0.456641 0.669444 0.042969 0.216667 0.003906 0.000000 1.000000
0 60 0.461719 0.670833 0.045312 0.213889 0.005078 0.001389 1.000000
0 61 0.467578 0.671528 0.046094 0.212500 0.005859 0.000694 1.000000
0 62 0.473047 0.673611 0.046094 0.211111 0.005469 0.002083 1.000000
0 63 0.477734 0.676389 0.044531 0.205556 0.004687 0.002778 1.000000
0 64 0.483984 0.677778 0.044531 0.202778 0.006250 0.001389 1.000000
0 65 0.490234 0.679167 0.044531 0.200000 0.006250 0.001389 1.000000
0 66 0.495312 0.679861 0.040625 0.198611 0.005078 0.000694 1.000000
0 67 0.501953 0.679167 0.039844 0.200000 0.006641 -0.000694 1.000000
0 68 0.505859 0.679167 0.032031 0.200000 0.003906 0.000000 1.000000
0 69 0.513672 0.679167 0.030469 0.200000 0.007812 0.000000 1.000000
0 70 0.522656 0.677778 0.031250 0.202778 0.008984 -0.001389 1.000000
0 71 0.531641 0.677778 0.030469 0.202778 0.008984 0.000000 1.000000
0 72 0.540234 0.677778 0.030469 0.202778 0.008594 0.000000 1.000000
0 73 0.549609 0.664583 0.038281 0.176389 0.009375 -0.013194 1.000000
0 74 0.560547 0.666667 0.041406 0.177778 0.010937 0.002083 1.000000
0 75 0.570312 0.670139 0.039062 0.176389 0.009766 0.003472 1.000000
0 76 0.578516 0.677083 0.041406 0.179167 0.008203 0.006944 1.000000
0 77 0.587109 0.685417 0.038281 0.176389 0.008594 0.008333 1.000000
0 78 0.594531 0.688889 0.040625 0.180556 0.007422 0.003472 1.000000
0 79 0.600000 0.694444 0.039062 0.191667 0.005469 0.005556 1.000000
0 80 0.603516 0.699306 0.036719 0.201389 0.003516 0.004861 1.000000
0 81 0.610547 0.695139 0.039844 0.209722 0.007031 -0.004167 1.000000
0 82 0.616797 0.688194 0.039844 0.215278 0.006250 -0.006944 1.000000
0 83 0.624609 0.668750 0.044531 0.226389 0.007812 -0.019444 1.000000
0 84 0.626953 0.653472 0.039844 0.245833 0.002344 -0.015278 1.000000
0 85 0.628516 0.636806 0.041406 0.276389 0.001563 -0.016667 1.000000
0 86 0.634766 0.624306 0.046094 0.273611 0.006250 -0.012500 1.000000
0 87 0.638281 0.618750 0.042188 0.273611 0.003516 -0.005556 1.000000
0 88 0.645312 0.618056 0.040625 0.266667 0.007031 -0.000694 1.000000
0 89 0.652734 0.610417 0.041406 0.276389 0.007422 -0.007639 1.000000
0 90 0.657422 0.606250 0.042969 0.281944 0.004687 -0.004167 1.000000
0 91 0.659375 0.606944 0.043750 0.283333 0.001953 0.000694 1.000000
0 92 0.661328 0.608333 0.042969 0.286111 0.001953 0.001389 1.000000
0 93 0.662500 0.610417 0.039062 0.287500 0.001172 0.002083 1.000000
0 94 0.660937 0.618056 0.035937 0.283333 -0.001563 0.007639 1.000000
0 95 0.660937 0.624306 0.034375 0.281944 0.000000 0.006250 1.000000
0 96 0.660937 0.634722 0.034375 0.275000 0.000000 0.010417 1.000000
0 97 0.661328 0.645139 0.033594 0.270833 0.000391 0.010417 1.000000
0 98 0.662109 0.658333 0.033594 0.263889 0.000781 0.013194 1.000000
0 99 0.662500 0.672222 0.034375 0.258333 0.000391 0.013889 1.000000
0 100 0.662891 0.687500 0.032031 0.238889 0.000391 0.015278 1.000000
0 101 0.661719 0.690278 0.035937 0.227778 -0.001172 0.002778 1.000000
0 102 0.663281 0.701389 0.032813 0.205556 0.001563 0.011111 1.000000
0 103 0.658594 0.709028 0.031250 0.190278 -0.004687 0.007639 1.000000
0 104 0.656250 0.710417 0.032813 0.190278 -0.002344 0.001389 1.000000
0 105 0.655078 0.710417 0.035156 0.190278 -0.001172 0.000000 1.000000
0 106 0.650391 0.711806 0.039844 0.187500 -0.004687 0.001389 1.000000
0 107 0.643750 0.711111 0.048438 0.186111 -0.006641 -0.000694 1.000000
0 108 0.639062 0.716667 0.053125 0.197222 -0.004687 0.005556 1.000000
0 109 0.629687 0.720139 0.053125 0.209722 -0.009375 0.003472 1.000000
0 110 0.624609 0.721528 0.057031 0.212500 -0.005078 0.001389 1.000000
0 111 0.620313 0.720833 0.060937 0.213889 -0.004297 -0.000694 1.000000
0 112 0.614453 0.720833 0.066406 0.213889 -0.005859 0.000000 1.000000
0 113 0.609375 0.720139 0.068750 0.215278 -0.005078 -0.000694 1.000000
0 114 0.598437 0.722917 0.060937 0.220833 -0.010937 0.002778 1.000000
0 115 0.591016 0.722917 0.058594 0.220833 -0.007422 0.000000 1.000000
0 116 0.586719 0.722222 0.062500 0.219444 -0.004297 -0.000694 1.000000
0 117 0.580469 0.726389 0.062500 0.222222 -0.006250 0.004167 1.000000
0 118 0.571094 0.732639 0.056250 0.223611 -0.009375 0.006250 1.000000
0 119 0.558594 0.734028 0.043750 0.223611 -0.012500 0.001389 1.000000
0 120 0.548828 0.736806 0.041406 0.220833 -0.009766 0.002778 1.000000
0 121 0.541406 0.736806 0.043750 0.220833 -0.007422 0.000000 1.000000
0 122 0.536719 0.737500 0.050000 0.222222 -0.004687 0.000694 1.000000
0 123 0.527734 0.736806 0.064844 0.223611 -0.008984 -0.000694 1.000000
0 124 0.521094 0.738889 0.076563 0.227778 -0.006641 0.002083 1.000000
0 125 0.514062 0.740972 0.078125 0.226389 -0.007031 0.002083 1.000000
0 126 0.508203 0.742361 0.069531 0.226389 -0.005859 0.001389 1.000000
0 127 0.498828 0.742361 0.061719 0.229167 -0.009375 0.000000 1.000000
0 128 0.485938 0.742361 0.053125 0.231944 -0.012891 0.000000 1.000000
0 129 0.476562 0.743056 0.046875 0.236111 -0.009375 0.000694 1.000000
0 130 0.468750 0.741667 0.046875 0.238889 -0.007812 -0.001389 1.000000
0 131 0.463281 0.744444 0.048438 0.241667 -0.005469 0.002778 1.000000
0 132 0.457813 0.746528 0.048438 0.240278 -0.005469 0.002083 1.000000
0 133 0.449609 0.748611 0.050781 0.236111 -0.008203 0.002083 1.000000
0 134 0.443359 0.754167 0.052344 0.233333 -0.006250 0.005556 1.000000
0 135 0.436328 0.757639 0.049219 0.229167 -0.007031 0.003472 1.000000
0 136 0.426172 0.759722 0.061719 0.225000 -0.010156 0.002083 1.000000
0 137 0.419922 0.762500 0.072656 0.225000 -0.006250 0.002778 1.000000
0 138 0.410547 0.762500 0.072656 0.225000 -0.009375 0.000000 1.000000
0 139 0.400391 0.762500 0.074219 0.219444 -0.010156 0.000000 1.000000
0 140 0.395703 0.765278 0.078906 0.222222 -0.004687 0.002778 1.000000
0 141 0.394141 0.766667 0.082031 0.219444 -0.001563 0.001389 1.000000
0 142 0.392969 0.768056 0.081250 0.222222 -0.001172 0.001389 1.000000
0 143 0.391406 0.768750 0.078125 0.220833 -0.001563 0.000694 1.000000
0 144 0.388281 0.769444 0.073438 0.225000 -0.003125 0.000694 1.000000
0 145 0.383984 0.768056 0.066406 0.227778 -0.004297 -0.001389 1.000000
0 146 0.378516 0.767361 0.055469 0.229167 -0.005469 -0.000694 1.000000
0 147 0.375391 0.765972 0.049219 0.229167 -0.003125 -0.001389 1.000000
0 148 0.373828 0.765972 0.047656 0.234722 -0.001563 0.000000 1.000000
0 149 0.371875 0.768056 0.045312 0.238889 -0.001953 0.002083 1.000000
0 150 0.367578 0.768750 0.049219 0.240278 -0.004297 0.000694 1.000000
0 151 0.362891 0.769444 0.053906 0.244444 -0.004687 0.000694 1.000000
0 152 0.358594 0.769444 0.057813 0.241667 -0.004297 0.000000 1.000000
0 153 0.355078 0.772917 0.060156 0.243056 -0.003516 0.003472 1.000000
0 154 0.351953 0.775000 0.061719 0.238889 -0.003125 0.002083 1.000000
0 155 0.349609 0.778472 0.061719 0.237500 -0.002344 0.003472 1.000000
0 156 0.346094 0.782639 0.062500 0.234722 -0.003516 0.004167 1.000000
0 157 0.343359 0.783333 0.063281 0.233333 -0.002734 0.000694 1.000000
0 158 0.342187 0.783333 0.062500 0.233333 -0.001172 0.000000 1.000000
0 159 0.340625 0.781250 0.062500 0.234722 -0.001563 -0.002083 1.000000
0 160 0.341406 0.775694 0.059375 0.237500 0.000781 -0.005556 1.000000
0 161 0.341406 0.772917 0.059375 0.243056 0.000000 -0.002778 1.000000
0 162 0.341406 0.768750 0.054688 0.245833 0.000000 -0.004167 1.000000
0 163 0.341406 0.768056 0.051562 0.247222 0.000000 -0.000694 1.000000
0 164 0.342187 0.761111 0.046875 0.236111 0.000781 -0.006944 1.000000
0 165 0.339453 0.762500 0.049219 0.238889 -0.002734 0.001389 1.000000
0 166 0.336719 0.764583 0.051562 0.234722 -0.002734 0.002083 1.000000
0 167 0.332422 0.767361 0.053906 0.229167 -0.004297 0.002778 1.000000
0 168 0.332422 0.771528 0.064844 0.226389 0.000000 0.004167 1.000000
0 169 0.331641 0.772917 0.072656 0.226389 -0.000781 0.001389 1.000000
0 170 0.331641 0.773611 0.080469 0.225000 0.000000 0.000694 1.000000
0 171 0.331250 0.772222 0.084375 0.230556 -0.000391 -0.001389 1.000000
0 172 0.327344 0.770833 0.078125 0.233333 -0.003906 -0.001389 1.000000
0 173 0.325781 0.763889 0.067187 0.219444 -0.001563 -0.006944 1.000000
0 174 0.326953 0.761806 0.058594 0.220833 0.001172 -0.002083 1.000000
0 175 0.328125 0.760417 0.056250 0.223611 0.001172 -0.001389 1.000000
0 176 0.322266 0.757639 0.071094 0.229167 -0.005859 -0.002778 1.000000
0 177 0.318750 0.756250 0.087500 0.229167 -0.003516 -0.001389 1.000000
0 178 0.323828 0.753472 0.074219 0.226389 0.005078 -0.002778 1.000000
0 179 0.325391 0.739583 0.080469 0.231944 0.001563 -0.013889 1.000000
0 180 0.319922 0.733333 0.066406 0.222222 -0.005469 -0.006250 1.000000
0 181 0.318359 0.731250 0.063281 0.206944 -0.001563 -0.002083 1.000000
0 182 0.328516 0.728472 0.055469 0.201389 0.010156 -0.002778 1.000000
0 183 0.338281 0.726389 0.048438 0.200000 0.009766 -0.002083 1.000000
0 184 0.339453 0.725694 0.058594 0.201389 0.001172 -0.000694 1.000000
0 185 0.339844 0.724306 0.068750 0.204167 0.000391 -0.001389 1.000000
0 186 0.337500 0.724306 0.070312 0.206944 -0.002344 0.000000 1.000000
0 187 0.333594 0.706944 0.070312 0.238889 -0.003906 -0.017361 1.000000
0 188 0.335938 0.686806 0.071875 0.265278 0.002344 -0.020139 1.000000
0 189 0.335156 0.681250 0.068750 0.254167 -0.000781 -0.005556 1.000000
0 190 0.332031 0.676389 0.059375 0.244444 -0.003125 -0.004861 1.000000
0 191 0.339844 0.659028 0.075000 0.268056 0.007812 -0.017361 1.000000
0 192 0.343750 0.656250 0.076563 0.243056 0.003906 -0.002778 1.000000
0 193 0.344141 0.659722 0.072656 0.211111 0.000391 0.003472 1.000000
0 194 0.348828 0.649306 0.075781 0.212500 0.004687 -0.010417 1.000000
0 195 0.352734 0.644444 0.072656 0.216667 0.003906 -0.004861 1.000000
0 196 0.356250 0.638194 0.056250 0.212500 0.003516 -0.006250 1.000000
0 197 0.361719 0.623611 0.062500 0.227778 0.005469 -0.014583 1.000000
0 198 0.369141 0.607639 0.064844 0.259722 0.007422 -0.015972 1.000000
0 199 0.374609 0.621528 0.063281 0.231944 0.005469 0.013889 1.000000
0 200 0.376953 0.630556 0.063281 0.219444 0.002344 0.009028 1.000000
0 201 0.376563 0.638194 0.057813 0.212500 -0.000391 0.007639 1.000000
0 202 0.378125 0.640972 0.057813 0.215278 0.001563 0.002778 1.000000
0 203 0.379688 0.649306 0.057813 0.212500 0.001563 0.008333 1.000000
0 204 0.382422 0.659028 0.053906 0.206944 0.002734 0.009722 1.000000
0 205 0.384766 0.675694 0.053906 0.204167 0.002344 0.016667 1.000000
0 206 0.386328 0.684028 0.049219 0.193056 0.001563 0.008333 1.000000
0 207 0.386719 0.690972 0.043750 0.181944 0.000391 0.006944 1.000000
0 208 0.385547 0.692361 0.041406 0.179167 -0.001172 0.001389 1.000000
0 209 0.389844 0.693056 0.050000 0.180556 0.004297 0.000694 1.000000
0 210 0.388672 0.693056 0.047656 0.180556 -0.001172 0.000000 1.000000
0 211 0.386328 0.693056 0.046094 0.180556 -0.002344 0.000000 1.000000
0 212 0.383203 0.693056 0.044531 0.180556 -0.003125 0.000000 1.000000
0 213 0.383203 0.693056 0.039844 0.180556 0.000000 0.000000 1.000000
0 214 0.383203 0.691667 0.038281 0.183333 0.000000 -0.001389 1.000000
0 215 0.382812 0.691667 0.035937 0.183333 -0.000391 0.000000 1.000000
0 216 0.382812 0.693056 0.035937 0.186111 0.000000 0.001389 1.000000
0 217 0.382812 0.694444 0.035937 0.191667 0.000000 0.001389 1.000000
0 218 0.382812 0.696528 0.035937 0.198611 0.000000 0.002083 1.000000
0 219 0.384375 0.701389 0.034375 0.205556 0.001563 0.004861 1.000000
0 220 0.385547 0.708333 0.035156 0.213889 0.001172 0.006944 1.000000
0 221 0.387500 0.711806 0.037500 0.218056 0.001953 0.003472 1.000000
0 222 0.390234 0.713889 0.039844 0.216667 0.002734 0.002083 1.000000
0 223 0.392578 0.713889 0.039844 0.216667 0.002344 0.000000 1.000000
0 224 0.394141 0.712500 0.039844 0.216667 0.001563 -0.001389 1.000000
0 225 0.396875 0.710417 0.037500 0.218056 0.002734 -0.002083 1.000000
0 226 0.398828 0.709028 0.036719 0.220833 0.001953 -0.001389 1.000000
0 227 0.401172 0.704861 0.035156 0.223611 0.002344 -0.004167 1.000000
0 228 0.401953 0.702778 0.035156 0.222222 0.000781 -0.002083 1.000000
0 229 0.404687 0.697917 0.037500 0.218056 0.002734 -0.004861 1.000000
0 230 0.406641 0.691667 0.035156 0.213889 0.001953 -0.006250 1.000000
0 231 0.407422 0.686806 0.035156 0.209722 0.000781 -0.004861 1.000000
0 232 0.408984 0.684028 0.036719 0.212500 0.001563 -0.002778 1.000000
0 233 0.411328 0.681250 0.035156 0.209722 0.002344 -0.002778 1.000000
0 234 0.413672 0.679167 0.036719 0.208333 0.002344 -0.002083 1.000000
0 235 0.417187 0.675694 0.037500 0.201389 0.003516 -0.003472 1.000000
0 236 0.419922 0.675694 0.039844 0.198611 0.002734 0.000000 1.000000
0 237 0.423438 0.676389 0.042188 0.197222 0.003516 0.000694 1.000000
0 238 0.427344 0.674306 0.043750 0.193056 0.003906 -0.002083 1.000000
0 239 0.430469 0.673611 0.043750 0.188889 0.003125 -0.000694 1.000000
0 240 0.433203 0.672222 0.046094 0.186111 0.002734 -0.001389 1.000000
0 241 0.435937 0.670139 0.048438 0.184722 0.002734 -0.002083 1.000000
0 242 0.435547 0.669444 0.057031 0.186111 -0.000391 -0.000694 1.000000
0 243 0.434766 0.668056 0.066406 0.188889 -0.000781 -0.001389 1.000000
0 244 0.436328 0.666667 0.067969 0.191667 0.001563 -0.001389 1.000000
0 245 0.439844 0.666667 0.070312 0.191667 0.003516 0.000000 1.000000
0 246 0.441797 0.665278 0.067969 0.194444 0.001953 -0.001389 1.000000
0 247 0.442969 0.664583 0.062500 0.195833 0.001172 -0.000694 1.000000
0 248 0.441797 0.663889 0.052344 0.197222 -0.001172 -0.000694 1.000000
0 249 0.440625 0.661806 0.043750 0.198611 -0.001172 -0.002083 1.000000
0 250 0.438672 0.659028 0.035156 0.201389 -0.001953 -0.002778 1.000000
0 251 0.437891 0.657639 0.036719 0.201389 -0.000781 -0.001389 1.000000
0 252 0.438281 0.656250 0.037500 0.201389 0.000391 -0.001389 1.000000
0 253 0.437891 0.656250 0.038281 0.198611 -0.000391 0.000000 1.000000
0 254 0.437891 0.656944 0.039844 0.197222 0.000000 0.000694 1.000000
0 255 0.437500 0.658333 0.050000 0.194444 -0.000391 0.001389 1.000000
0 256 0.435937 0.659028 0.053125 0.195833 -0.001563 0.000694 1.000000
0 257 0.435547 0.659722 0.057031 0.194444 -0.000391 0.000694 1.000000
0 258 0.436719 0.659028 0.056250 0.193056 0.001172 -0.000694 1.000000
0 259 0.437500 0.659722 0.054688 0.191667 0.000781 0.000694 1.000000
0 260 0.438281 0.659722 0.053125 0.191667 0.000781 0.000000 1.000000
0 261 0.438281 0.659722 0.051562 0.191667 0.000000 0.000000 1.000000
0 262 0.438281 0.659722 0.050000 0.191667 0.000000 0.000000 1.000000
0 263 0.437500 0.660417 0.051562 0.193056 -0.000781 0.000694 1.000000
0 264 0.436719 0.661111 0.053125 0.191667 -0.000781 0.000694 1.000000
0 265 0.436719 0.661806 0.053125 0.193056 0.000000 0.000694 1.000000
0 266 0.435937 0.663194 0.054688 0.193056 -0.000781 0.001389 1.000000
0 267 0.435547 0.663889 0.055469 0.194444 -0.000391 0.000694 1.000000
0 268 0.434766 0.664583 0.055469 0.195833 -0.000781 0.000694 1.000000
0 269 0.433984 0.665972 0.055469 0.195833 -0.000781 0.001389 1.000000
0 270 0.433984 0.665278 0.057031 0.194444 0.000000 -0.000694 1.000000
0 271 0.433594 0.665278 0.057813 0.194444 -0.000391 0.000000 1.000000
0 272 0.432031 0.665278 0.057813 0.194444 -0.001563 0.000000 1.000000
0 273 0.430469 0.665278 0.057813 0.194444 -0.001563 0.000000 1.000000
0 274 0.428125 0.665278 0.056250 0.194444 -0.002344 0.000000 1.000000
0 275 0.425781 0.665278 0.054688 0.194444 -0.002344 0.000000 1.000000
0 276 0.423438 0.665278 0.053125 0.194444 -0.002344 0.000000 1.000000
0 277 0.420312 0.666667 0.053125 0.194444 -0.003125 0.001389 1.000000
0 278 0.416016 0.668056 0.058594 0.191667 -0.004297 0.001389 1.000000
0 279 0.411328 0.670139 0.063281 0.190278 -0.004687 0.002083 1.000000
0 280 0.404687 0.671528 0.065625 0.190278 -0.006641 0.001389 1.000000
0 281 0.396875 0.675000 0.068750 0.194444 -0.007812 0.003472 1.000000
0 282 0.391797 0.676389 0.069531 0.197222 -0.005078 0.001389 1.000000
0 283 0.388672 0.677083 0.071094 0.195833 -0.003125 0.000694 1.000000
0 284 0.385156 0.678472 0.068750 0.195833 -0.003516 0.001389 1.000000
0 285 0.379297 0.679861 0.061719 0.195833 -0.005859 0.001389 1.000000
0 286 0.372266 0.681944 0.050781 0.191667 -0.007031 0.002083 1.000000
0 287 0.367578 0.683333 0.046094 0.191667 -0.004687 0.001389 1.000000
0 288 0.358984 0.688194 0.049219 0.195833 -0.008594 0.004861 1.000000
0 289 0.350000 0.690972 0.054688 0.198611 -0.008984 0.002778 1.000000
0 290 0.343359 0.697917 0.055469 0.201389 -0.006641 0.006944 1.000000
0 291 0.339453 0.699306 0.055469 0.201389 -0.003906 0.001389 1.000000
0 292 0.335156 0.700694 0.056250 0.201389 -0.004297 0.001389 1.000000
0 293 0.332813 0.700694 0.057813 0.201389 -0.002344 0.000000 1.000000
0 294 0.330469 0.699306 0.056250 0.201389 -0.002344 -0.001389 1.000000
0 295 0.330469 0.697917 0.053125 0.201389 0.000000 -0.001389 1.000000
0 296 0.325000 0.698611 0.057813 0.200000 -0.005469 0.000694 1.000000
0 297 0.319141 0.701389 0.066406 0.202778 -0.005859 0.002778 1.000000
0 298 0.313281 0.707639 0.071875 0.204167 -0.005859 0.006250 1.000000
0 299 0.311328 0.714583 0.082031 0.201389 -0.001953 0.006944 1.000000
0 300 0.314063 0.720139 0.096875 0.195833 0.002734 0.005556 1.000000
0 301 0.314844 0.723611 0.103125 0.188889 0.000781 0.003472 1.000000
0 302 0.313672 0.729861 0.103906 0.195833 -0.001172 0.006250 1.000000
0 303 0.307031 0.731250 0.085938 0.195833 -0.006641 0.001389 1.000000
0 304 0.312109 0.730556 0.075781 0.197222 0.005078 -0.000694 1.000000
0 305 0.319141 0.730556 0.067969 0.197222 0.007031 0.000000 1.000000
0 306 0.327734 0.729167 0.058594 0.200000 0.008594 -0.001389 1.000000
0 307 0.330859 0.727083 0.058594 0.204167 0.003125 -0.002083 1.000000
0 308 0.330469 0.725000 0.065625 0.208333 -0.000391 -0.002083 1.000000
0 309 0.332422 0.723611 0.066406 0.211111 0.001953 -0.001389 1.000000
0 310 0.341797 0.720833 0.072656 0.216667 0.009375 -0.002778 1.000000
0 311 0.349219 0.718750 0.082812 0.218056 0.007422 -0.002083 1.000000
0 312 0.354687 0.714583 0.084375 0.212500 0.005469 -0.004167 1.000000
0 313 0.357422 0.708333 0.082031 0.200000 0.002734 -0.006250 1.000000
0 314 0.360156 0.704167 0.076563 0.191667 0.002734 -0.004167 1.000000
0 315 0.364453 0.704167 0.067969 0.191667 0.004297 0.000000 1.000000
0 316 0.369922 0.702778 0.057031 0.194444 0.005469 -0.001389 1.000000
0 317 0.379688 0.703472 0.045312 0.201389 0.009766 0.000694 1.000000
0 318 0.387891 0.706250 0.039844 0.209722 0.008203 0.002778 1.000000
0 319 0.397266 0.704167 0.050781 0.208333 0.009375 -0.002083 1.000000
0 320 0.403516 0.702083 0.053906 0.209722 0.006250 -0.002083 1.000000
0 321 0.404687 0.702083 0.051562 0.212500 0.001172 0.000000 1.000000
0 322 0.407031 0.702083 0.046875 0.212500 0.002344 0.000000 1.000000
0 323 0.407422 0.700694 0.047656 0.212500 0.000391 -0.001389 1.000000
0 324 0.407031 0.699306 0.048438 0.215278 -0.000391 -0.001389 1.000000
0 325 0.406641 0.698611 0.049219 0.216667 -0.000391 -0.000694 1.000000
0 326 0.411719 0.697222 0.057813 0.219444 0.005078 -0.001389 1.000000
0 327 0.410547 0.695833 0.053906 0.219444 -0.001172 -0.001389 1.000000
0 328 0.412891 0.695833 0.057031 0.219444 0.002344 0.000000 1.000000
0 329 0.412109 0.695139 0.057031 0.220833 -0.000781 -0.000694 1.000000
0 330 0.411328 0.693750 0.057031 0.220833 -0.000781 -0.001389 1.000000
0 331 0.409766 0.692361 0.055469 0.220833 -0.001563 -0.001389 1.000000
0 332 0.407422 0.691667 0.053906 0.219444 -0.002344 -0.000694 1.000000
0 333 0.404687 0.691667 0.051562 0.219444 -0.002734 0.000000 1.000000
0 334 0.402344 0.691667 0.050000 0.219444 -0.002344 0.000000 1.000000
0 335 0.399609 0.691667 0.047656 0.219444 -0.002734 0.000000 1.000000
0 336 0.396875 0.690278 0.046875 0.219444 -0.002734 -0.001389 1.000000
0 337 0.393359 0.690278 0.046094 0.219444 -0.003516 0.000000 1.000000
0 338 0.389062 0.689583 0.046875 0.218056 -0.004297 -0.000694 1.000000
0 339 0.385547 0.688194 0.046094 0.218056 -0.003516 -0.001389 1.000000
0 340 0.380469 0.686806 0.046875 0.218056 -0.005078 -0.001389 1.000000
0 341 0.376953 0.686806 0.047656 0.218056 -0.003516 0.000000 1.000000
0 342 0.373828 0.686806 0.047656 0.218056 -0.003125 0.000000 1.000000
0 343 0.371484 0.685417 0.047656 0.218056 -0.002344 -0.001389 1.000000
0 344 0.367969 0.684722 0.045312 0.213889 -0.003516 -0.000694 1.000000
0 345 0.367188 0.684722 0.046875 0.213889 -0.000781 0.000000 1.000000
0 346 0.365625 0.684722 0.046875 0.213889 -0.001563 0.000000 1.000000
0 347 0.364844 0.684722 0.048438 0.213889 -0.000781 0.000000 1.000000
0 348 0.363281 0.684722 0.050000 0.213889 -0.001563 0.000000 1.000000
0 349 0.361719 0.681250 0.051562 0.215278 -0.001563 -0.003472 1.000000
0 350 0.360156 0.679167 0.051562 0.213889 -0.001563 -0.002083 1.000000
0 351 0.357422 0.677778 0.049219 0.211111 -0.002734 -0.001389 1.000000
0 352 0.355469 0.675000 0.046875 0.211111 -0.001953 -0.002778 1.000000
0 353 0.354297 0.675000 0.044531 0.211111 -0.001172 0.000000 1.000000
0 354 0.353125 0.672222 0.043750 0.211111 -0.001172 -0.002778 1.000000
0 355 0.352344 0.672222 0.042188 0.211111 -0.000781 0.000000 1.000000
0 356 0.352344 0.672222 0.042188 0.211111 0.000000 0.000000 1.000000
0 357 0.352344 0.672222 0.042188 0.211111 0.000000 0.000000 1.000000
0 358 0.353125 0.672222 0.040625 0.211111 0.000781 0.000000 1.000000
0 359 0.353125 0.672222 0.039062 0.211111 0.000000 0.000000 1.000000
0 360 0.353125 0.671528 0.039062 0.212500 0.000000 -0.000694 1.000000
0 361 0.353125 0.671528 0.039062 0.212500 0.000000 0.000000 1.000000
0 362 0.355859 0.670139 0.042969 0.212500 0.002734 -0.001389 1.000000
0 363 0.357812 0.670139 0.045312 0.215278 0.001953 0.000000 1.000000
0 364 0.359766 0.670833 0.046094 0.216667 0.001953 0.000694 1.000000
0 365 0.360547 0.661806 0.047656 0.201389 0.000781 -0.009028 1.000000
0 366 0.362500 0.661806 0.050000 0.204167 0.001953 0.000000 1.000000
0 367 0.358594 0.661111 0.048438 0.202778 -0.003906 -0.000694 1.000000
0 368 0.358594 0.659722 0.048438 0.205556 0.000000 -0.001389 1.000000
0 369 0.358594 0.659028 0.048438 0.204167 0.000000 -0.000694 1.000000
0 370 0.358984 0.658333 0.044531 0.205556 0.000391 -0.000694 1.000000
0 371 0.360156 0.658333 0.043750 0.205556 0.001172 0.000000 1.000000
0 372 0.360938 0.658333 0.045312 0.205556 0.000781 0.000000 1.000000
0 373 0.362500 0.658333 0.045312 0.205556 0.001563 0.000000 1.000000
0 374 0.365234 0.656944 0.044531 0.202778 0.002734 -0.001389 1.000000
0 375 0.365625 0.655556 0.043750 0.200000 0.000391 -0.001389 1.000000
0 376 0.366016 0.655556 0.046094 0.200000 0.000391 0.000000 1.000000
0 377 0.367188 0.654861 0.046875 0.198611 0.001172 -0.000694 1.000000
0 378 0.369531 0.652778 0.053125 0.197222 0.002344 -0.002083 1.000000
0 379 0.371094 0.652083 0.053125 0.195833 0.001563 -0.000694 1.000000
0 380 0.373047 0.652083 0.058594 0.195833 0.001953 0.000000 1.000000
0 381 0.374609 0.653472 0.060156 0.195833 0.001563 0.001389 1.000000
0 382 0.376563 0.654167 0.060937 0.194444 0.001953 0.000694 1.000000
0 383 0.379297 0.654167 0.063281 0.194444 0.002734 0.000000 1.000000
0 384 0.381250 0.654167 0.062500 0.194444 0.001953 0.000000 1.000000
0 385 0.385547 0.654167 0.063281 0.194444 0.004297 0.000000 1.000000
0 386 0.390625 0.654167 0.065625 0.194444 0.005078 0.000000 1.000000
0 387 0.394531 0.652083 0.060937 0.195833 0.003906 -0.002083 1.000000
0 388 0.398438 0.651389 0.054688 0.194444 0.003906 -0.000694 1.000000
0 389 0.404687 0.650694 0.053125 0.195833 0.006250 -0.000694 1.000000
0 390 0.408984 0.650000 0.046094 0.197222 0.004297 -0.000694 1.000000
0 391 0.415234 0.649306 0.041406 0.198611 0.006250 -0.000694 1.000000
0 392 0.419922 0.647917 0.039844 0.198611 0.004687 -0.001389 1.000000
0 393 0.423828 0.646528 0.039844 0.198611 0.003906 -0.001389 1.000000
0 394 0.428516 0.645833 0.038281 0.200000 0.004687 -0.000694 1.000000
0 395 0.432422 0.645833 0.038281 0.200000 0.003906 0.000000 1.000000
0 396 0.438281 0.643750 0.037500 0.201389 0.005859 -0.002083 1.000000
0 397 0.442188 0.642361 0.035937 0.201389 0.003906 -0.001389 1.000000
0 398 0.446094 0.640972 0.034375 0.201389 0.003906 -0.001389 1.000000
0 399 0.448437 0.640278 0.034375 0.200000 0.002344 -0.000694 1.000000
0 400 0.452344 0.638889 0.034375 0.200000 0.003906 -0.001389 1.000000
0 401 0.456250 0.637500 0.034375 0.200000 0.003906 -0.001389 1.000000
0 402 0.460156 0.636111 0.034375 0.200000 0.003906 -0.001389 1.000000
0 403 0.463281 0.632639 0.029687 0.195833 0.003125 -0.003472 1.000000
0 404 0.467187 0.629861 0.029687 0.193056 0.003906 -0.002778 1.000000
0 405 0.471484 0.626389 0.032031 0.188889 0.004297 -0.003472 1.000000
0 406 0.476953 0.622917 0.033594 0.184722 0.005469 -0.003472 1.000000
0 407 0.479687 0.620833 0.035937 0.180556 0.002734 -0.002083 1.000000
0 408 0.483594 0.618750 0.039062 0.176389 0.003906 -0.002083 1.000000
0 409 0.487500 0.619444 0.039062 0.172222 0.003906 0.000694 1.000000
0 410 0.492188 0.621528 0.040625 0.170833 0.004687 0.002083 1.000000
0 411 0.496484 0.623611 0.042969 0.166667 0.004297 0.002083 1.000000
0 412 0.501563 0.625000 0.042188 0.163889 0.005078 0.001389 1.000000
0 413 0.507422 0.625000 0.038281 0.163889 0.005859 0.000000 1.000000
0 414 0.512109 0.624306 0.036719 0.165278 0.004687 -0.000694 1.000000
0 415 0.516016 0.620833 0.033594 0.169444 0.003906 -0.003472 1.000000
0 416 0.520312 0.618056 0.032813 0.172222 0.004297 -0.002778 1.000000
0 417 0.524219 0.615278 0.029687 0.175000 0.003906 -0.002778 1.000000
0 418 0.528906 0.610417 0.028125 0.179167 0.004687 -0.004861 1.000000
0 419 0.533594 0.603472 0.026562 0.179167 0.004687 -0.006944 1.000000
0 420 0.537891 0.580556 0.025781 0.205556 0.004297 -0.022917 1.000000
0 421 0.542969 0.561111 0.026562 0.219444 0.005078 -0.019444 1.000000
0 422 0.545703 0.551389 0.027344 0.241667 0.002734 -0.009722 1.000000
0 423 0.550781 0.544444 0.028125 0.244444 0.005078 -0.006944 1.000000
0 424 0.556250 0.540972 0.025000 0.248611 0.005469 -0.003472 1.000000
0 425 0.562109 0.531250 0.025781 0.259722 0.005859 -0.009722 1.000000
0 426 0.568359 0.524306 0.028906 0.251389 0.006250 -0.006944 1.000000
0 427 0.575781 0.520139 0.032813 0.245833 0.007422 -0.004167 1.000000
0 428 0.582031 0.517361 0.035937 0.237500 0.006250 -0.002778 1.000000
0 429 0.591016 0.526389 0.042969 0.216667 0.008984 0.009028 1.000000
0 430 0.595313 0.525694 0.042188 0.226389 0.004297 -0.000694 1.000000
0 431 0.600000 0.526389 0.042188 0.227778 0.004687 0.000694 1.000000
0 432 0.604688 0.529861 0.040625 0.226389 0.004687 0.003472 1.000000
0 433 0.605078 0.535417 0.035156 0.229167 0.000391 0.005556 1.000000
0 434 0.607031 0.540278 0.032813 0.233333 0.001953 0.004861 1.000000
0 435 0.608984 0.552778 0.032031 0.227778 0.001953 0.012500 1.000000
0 436 0.613281 0.560417 0.028125 0.212500 0.004297 0.007639 1.000000
0 437 0.616797 0.562500 0.027344 0.211111 0.003516 0.002083 1.000000
0 438 0.619531 0.561806 0.026562 0.209722 0.002734 -0.000694 1.000000
0 439 0.623047 0.561111 0.028906 0.211111 0.003516 -0.000694 1.000000
0 440 0.625000 0.558333 0.026562 0.213889 0.001953 -0.002778 1.000000
0 441 0.625781 0.557639 0.026562 0.215278 0.000781 -0.000694 1.000000
0 442 0.626172 0.555556 0.025781 0.216667 0.000391 -0.002083 1.000000
0 443 0.626172 0.554861 0.025781 0.218056 0.000000 -0.000694 1.000000
0 444 0.626172 0.555556 0.025781 0.216667 0.000000 0.000694 1.000000
0 445 0.626953 0.556250 0.025781 0.215278 0.000781 0.000694 1.000000
0 446 0.626563 0.557639 0.026562 0.212500 -0.000391 0.001389 1.000000
0 447 0.626563 0.558333 0.028125 0.208333 0.000000 0.000694 1.000000
0 448 0.625781 0.561806 0.028125 0.201389 -0.000781 0.003472 1.000000
0 449 0.626172 0.564583 0.028906 0.193056 0.000391 0.002778 1.000000
0 450 0.623828 0.565972 0.027344 0.190278 -0.002344 0.001389 1.000000
0 451 0.622656 0.568750 0.026562 0.181944 -0.001172 0.002778 1.000000
0 452 0.621875 0.569444 0.026562 0.180556 -0.000781 0.000694 1.000000
0 453 0.620703 0.568056 0.025781 0.180556 -0.001172 -0.001389 1.000000
0 454 0.619141 0.568056 0.025781 0.175000 -0.001563 0.000000 1.000000
0 455 0.617969 0.568056 0.028125 0.175000 -0.001172 0.000000 1.000000
0 456 0.615234 0.568750 0.030469 0.173611 -0.002734 0.000694 1.000000
0 457 0.613281 0.568750 0.029687 0.173611 -0.001953 0.000000 1.000000
0 458 0.610938 0.568750 0.029687 0.173611 -0.002344 0.000000 1.000000
0 459 0.608594 0.568750 0.029687 0.173611 -0.002344 0.000000 1.000000
0 460 0.605469 0.568750 0.031250 0.173611 -0.003125 0.000000 1.000000
0 461 0.602344 0.569444 0.031250 0.172222 -0.003125 0.000694 1.000000
0 462 0.600000 0.570139 0.031250 0.170833 -0.002344 0.000694 1.000000
0 463 0.597266 0.569444 0.032031 0.172222 -0.002734 -0.000694 1.000000
0 464 0.594531 0.569444 0.032813 0.172222 -0.002734 0.000000 1.000000
0 465 0.591406 0.570139 0.032813 0.168056 -0.003125 0.000694 1.000000
0 466 0.588281 0.569444 0.034375 0.169444 -0.003125 -0.000694 1.000000
0 467 0.584766 0.571528 0.036719 0.168056 -0.003516 0.002083 1.000000
0 468 0.582031 0.571528 0.039062 0.168056 -0.002734 0.000000 1.000000
0 469 0.578906 0.570833 0.039062 0.166667 -0.003125 -0.000694 1.000000
0 470 0.576172 0.570833 0.041406 0.166667 -0.002734 0.000000 1.000000
0 471 0.572266 0.570833 0.044531 0.166667 -0.003906 0.000000 1.000000
0 472 0.570312 0.570833 0.042188 0.166667 -0.001953 0.000000 1.000000
0 473 0.564844 0.572222 0.039062 0.169444 -0.005469 0.001389 1.000000
0 474 0.561719 0.572222 0.039062 0.169444 -0.003125 0.000000 1.000000
0 475 0.555859 0.570833 0.038281 0.166667 -0.005859 -0.001389 1.000000
0 476 0.553906 0.571528 0.039062 0.165278 -0.001953 0.000694 1.000000
0 477 0.550391 0.573611 0.036719 0.169444 -0.003516 0.002083 1.000000
0 478 0.548047 0.575694 0.036719 0.170833 -0.002344 0.002083 1.000000
0 479 0.546484 0.577083 0.035156 0.170833 -0.001563 0.001389 1.000000
0 480 0.543359 0.579861 0.035156 0.173611 -0.003125 0.002778 1.000000
0 481 0.541406 0.581250 0.035937 0.173611 -0.001953 0.001389 1.000000
0 482 0.538672 0.583333 0.035156 0.175000 -0.002734 0.002083 1.000000
0 483 0.535547 0.584028 0.035156 0.173611 -0.003125 0.000694 1.000000
0 484 0.532422 0.585417 0.035156 0.173611 -0.003125 0.001389 1.000000
0 485 0.530078 0.585417 0.036719 0.173611 -0.002344 0.000000 1.000000
0 486 0.527734 0.584722 0.038281 0.175000 -0.002344 -0.000694 1.000000
0 487 0.525000 0.584722 0.037500 0.175000 -0.002734 0.000000 1.000000
0 488 0.522656 0.584028 0.035937 0.176389 -0.002344 -0.000694 1.000000
0 489 0.520312 0.584028 0.035937 0.176389 -0.002344 0.000000 1.000000
0 490 0.518750 0.584028 0.035937 0.176389 -0.001563 0.000000 1.000000
0 491 0.517188 0.584028 0.035937 0.176389 -0.001563 0.000000 1.000000
0 492 0.514844 0.584028 0.034375 0.176389 -0.002344 0.000000 1.000000
0 493 0.513281 0.584028 0.034375 0.176389 -0.001563 0.000000 1.000000
0 494 0.511719 0.584028 0.034375 0.176389 -0.001563 0.000000 1.000000
0 495 0.509375 0.584028 0.035937 0.176389 -0.002344 0.000000 1.000000
0 496 0.506641 0.584028 0.036719 0.176389 -0.002734 0.000000 1.000000
0 497 0.504297 0.583333 0.038281 0.175000 -0.002344 -0.000694 1.000000
0 498 0.501953 0.583333 0.039844 0.175000 -0.002344 0.000000 1.000000
0 499 0.500781 0.582639 0.040625 0.173611 -0.001172 -0.000694 1.000000
0 500 0.500391 0.583333 0.041406 0.172222 -0.000391 0.000694 1.000000
0 501 0.500000 0.584028 0.042188 0.170833 -0.000391 0.000694 1.000000
0 502 0.499219 0.585417 0.042188 0.173611 -0.000781 0.001389 1.000000
0 503 0.498437 0.586111 0.042188 0.172222 -0.000781 0.000694 1.000000
0 504 0.498047 0.585417 0.042969 0.173611 -0.000391 -0.000694 1.000000
0 505 0.495703 0.586111 0.042969 0.172222 -0.002344 0.000694 1.000000
0 506 0.492188 0.586111 0.040625 0.172222 -0.003516 0.000000 1.000000
0 507 0.489063 0.586806 0.037500 0.170833 -0.003125 0.000694 1.000000
0 508 0.485156 0.588194 0.035937 0.170833 -0.003906 0.001389 1.000000
0 509 0.481250 0.589583 0.032813 0.168056 -0.003906 0.001389 1.000000
0 510 0.477734 0.590972 0.030469 0.165278 -0.003516 0.001389 1.000000
0 511 0.475000 0.592361 0.031250 0.165278 -0.002734 0.001389 1.000000
0 512 0.472656 0.594444 0.029687 0.163889 -0.002344 0.002083 1.000000
0 513 0.469531 0.596528 0.029687 0.162500 -0.003125 0.002083 1.000000
0 514 0.465625 0.599306 0.029687 0.162500 -0.003906 0.002778 1.000000
0 515 0.460938 0.600694 0.028125 0.162500 -0.004687 0.001389 1.000000
0 516 0.456250 0.600694 0.029687 0.159722 -0.004687 0.000000 1.000000
0 517 0.452344 0.599306 0.029687 0.156944 -0.003906 -0.001389 1.000000
0 518 0.446484 0.598611 0.030469 0.155556 -0.005859 -0.000694 1.000000
0 519 0.440625 0.597917 0.028125 0.154167 -0.005859 -0.000694 1.000000
0 520 0.433984 0.596528 0.025781 0.151389 -0.006641 -0.001389 1.000000
0 521 0.427344 0.593750 0.025000 0.145833 -0.006641 -0.002778 1.000000
0 522 0.419141 0.593750 0.027344 0.145833 -0.008203 0.000000 1.000000
0 523 0.409766 0.593056 0.030469 0.147222 -0.009375 -0.000694 1.000000
0 524 0.400781 0.593750 0.034375 0.148611 -0.008984 0.000694 1.000000
0 525 0.391016 0.593056 0.036719 0.150000 -0.009766 -0.000694 1.000000
0 526 0.382031 0.592361 0.040625 0.151389 -0.008984 -0.000694 1.000000
0 527 0.374609 0.592361 0.042969 0.151389 -0.007422 0.000000 1.000000
0 528 0.367188 0.591667 0.045312 0.150000 -0.007422 -0.000694 1.000000
0 529 0.360547 0.591667 0.046094 0.150000 -0.006641 0.000000 1.000000
0 530 0.354297 0.590972 0.047656 0.151389 -0.006250 -0.000694 1.000000
0 531 0.348047 0.590972 0.047656 0.151389 -0.006250 0.000000 1.000000
0 532 0.342969 0.589583 0.048438 0.151389 -0.005078 -0.001389 1.000000
0 533 0.339062 0.589583 0.048438 0.151389 -0.003906 0.000000 1.000000
0 534 0.334766 0.588889 0.049219 0.152778 -0.004297 -0.000694 1.000000
0 535 0.331250 0.588889 0.048438 0.152778 -0.003516 0.000000 1.000000
0 536 0.327344 0.588889 0.048438 0.152778 -0.003906 0.000000 1.000000
0 537 0.323828 0.588194 0.047656 0.154167 -0.003516 -0.000694 1.000000
0 538 0.319922 0.587500 0.047656 0.155556 -0.003906 -0.000694 1.000000
0 539 0.317188 0.587500 0.050000 0.155556 -0.002734 0.000000 1.000000
0 540 0.314063 0.588194 0.050000 0.156944 -0.003125 0.000694 1.000000
0 541 0.312500 0.587500 0.050000 0.158333 -0.001563 -0.000694 1.000000
0 542 0.310937 0.588194 0.050000 0.159722 -0.001563 0.000694 1.000000
0 543 0.309766 0.587500 0.049219 0.161111 -0.001172 -0.000694 1.000000
0 544 0.310547 0.587500 0.047656 0.161111 0.000781 0.000000 1.000000
0 545 0.313672 0.586806 0.047656 0.165278 0.003125 -0.000694 1.000000
0 546 0.315625 0.586111 0.043750 0.166667 0.001953 -0.000694 1.000000
0 547 0.319922 0.585417 0.041406 0.168056 0.004297 -0.000694 1.000000
0 548 0.319922 0.585417 0.044531 0.168056 0.000000 0.000000 1.000000
0 549 0.319922 0.583333 0.046094 0.169444 0.000000 -0.002083 1.000000
0 550 0.319922 0.583333 0.047656 0.169444 0.000000 0.000000 1.000000
0 551 0.320312 0.583333 0.050000 0.169444 0.000391 0.000000 1.000000
0 552 0.321875 0.583333 0.053125 0.169444 0.001563 0.000000 1.000000
0 553 0.323047 0.584722 0.055469 0.172222 0.001172 0.001389 1.000000
0 554 0.323437 0.584722 0.054688 0.172222 0.000391 0.000000 1.000000
0 555 0.325781 0.582639 0.050000 0.168056 0.002344 -0.002083 1.000000
0 556 0.328516 0.581944 0.046094 0.169444 0.002734 -0.000694 1.000000
0 557 0.331641 0.582639 0.039844 0.170833 0.003125 0.000694 1.000000
0 558 0.335156 0.583333 0.032813 0.166667 0.003516 0.000694 1.000000
0 559 0.336719 0.583333 0.032813 0.166667 0.001563 0.000000 1.000000
0 560 0.339062 0.588889 0.034375 0.166667 0.002344 0.005556 1.000000
0 561 0.340234 0.590278 0.038281 0.169444 0.001172 0.001389 1.000000
0 562 0.341406 0.592361 0.037500 0.165278 0.001172 0.002083 1.000000
0 563 0.341797 0.595833 0.038281 0.158333 0.000391 0.003472 1.000000
0 564 0.342969 0.597917 0.039062 0.154167 0.001172 0.002083 1.000000
0 565 0.343750 0.601389 0.039062 0.147222 0.000781 0.003472 1.000000
0 566 0.344141 0.604861 0.039844 0.140278 0.000391 0.003472 1.000000
0 567 0.344141 0.609028 0.039844 0.131944 0.000000 0.004167 1.000000
0 568 0.344141 0.615278 0.039844 0.119444 0.000000 0.006250 1.000000
0 569 0.344141 0.616667 0.039844 0.116667 0.000000 0.001389 1.000000
0 570 0.343359 0.615972 0.038281 0.118056 -0.000781 -0.000694 1.000000
0 571 0.342969 0.614583 0.037500 0.120833 -0.000391 -0.001389 1.000000
0 572 0.342969 0.613194 0.035937 0.120833 0.000000 -0.001389 1.000000
0 573 0.342578 0.609722 0.035156 0.125000 -0.000391 -0.003472 1.000000
0 574 0.342578 0.607639 0.035156 0.131944 0.000000 -0.002083 1.000000
0 575 0.342578 0.604167 0.035156 0.136111 0.000000 -0.003472 1.000000
