0 1 0.267188 0.487500 0.148958 0.280556 1.000000
0 2 0.270833 0.486574 0.150000 0.282407 1.000000
0 3 0.270573 0.484722 0.150521 0.282407 1.000000
0 4 0.270052 0.484259 0.150521 0.287037 1.000000
0 5 0.270833 0.483796 0.151042 0.287963 1.000000
0 6 0.276042 0.480093 0.151042 0.297222 1.000000
0 7 0.279948 0.476852 0.149479 0.298148 1.000000
0 8 0.288542 0.478704 0.151042 0.285185 1.000000
0 9 0.290625 0.482407 0.168750 0.268519 1.000000
0 10 0.277604 0.466667 0.137500 0.325926 1.000000
0 11 0.280990 0.455556 0.129688 0.348148 1.000000
0 12 0.284115 0.455556 0.151562 0.350000 1.000000
0 13 0.285677 0.468056 0.185938 0.321296 1.000000
0 14 0.277865 0.461574 0.138021 0.330556 1.000000
0 15 0.277604 0.454167 0.061458 0.350926 1.000000
0 16 0.279167 0.452315 0.054167 0.352778 1.000000
0 17 0.278906 0.450000 0.054688 0.355556 1.000000
0 18 0.278125 0.450000 0.055208 0.353704 1.000000
0 19 0.277083 0.451389 0.057292 0.356481 1.000000
0 20 0.276562 0.451852 0.057292 0.355556 1.000000
0 21 0.276823 0.451852 0.055729 0.355556 1.000000
0 22 0.276042 0.451389 0.056250 0.356481 1.000000
0 23 0.276302 0.449537 0.055729 0.356481 1.000000
0 24 0.276302 0.449074 0.055729 0.355556 1.000000
0 25 0.276562 0.450000 0.055208 0.357407 1.000000
0 26 0.276823 0.449537 0.055729 0.358333 1.000000
0 27 0.277083 0.450000 0.056250 0.357407 1.000000
0 28 0.277604 0.450000 0.056250 0.357407 1.000000
0 29 0.277604 0.450926 0.056250 0.357407 1.000000
0 30 0.278125 0.450926 0.056250 0.357407 1.000000
0 31 0.278125 0.450463 0.056250 0.356481 1.000000
0 32 0.278125 0.449537 0.056250 0.356481 1.000000
0 33 0.278385 0.449537 0.056771 0.354630 1.000000
0 34 0.278646 0.449074 0.058333 0.355556 1.000000
0 35 0.278646 0.450000 0.059375 0.355556 1.000000
0 36 0.279427 0.450926 0.058854 0.355556 1.000000
0 37 0.281510 0.450463 0.061979 0.358333 1.000000
0 38 0.283073 0.450000 0.065104 0.355556 1.000000
0 39 0.286458 0.461111 0.072917 0.333333 1.000000
0 40 0.288281 0.460648 0.077604 0.332407 1.000000
0 41 0.288021 0.462963 0.082292 0.327778 1.000000
0 42 0.288021 0.466204 0.087500 0.319444 1.000000
0 43 0.287240 0.470833 0.093229 0.313889 1.000000
0 44 0.284635 0.485648 0.108854 0.289815 1.000000
0 45 0.287240 0.494444 0.114062 0.268519 1.000000
0 46 0.285938 0.500000 0.112500 0.257407 1.000000
0 47 0.287500 0.504167 0.115625 0.247222 1.000000
0 48 0.289062 0.504167 0.118750 0.247222 1.000000
0 49 0.307031 0.487500 0.130729 0.280556 1.000000
0 50 0.309635 0.468981 0.110937 0.308333 1.000000
0 51 0.315625 0.457870 0.091667 0.325000 1.000000
0 52 0.325000 0.452315 0.078125 0.354630 1.000000
0 53 0.330729 0.445833 0.071875 0.352778 1.000000
0 54 0.348438 0.442593 0.082292 0.357407 1.000000
0 55 0.360417 0.443519 0.101042 0.355556 1.000000
0 56 0.365885 0.445370 0.096354 0.355556 1.000000
0 57 0.377604 0.451389 0.077083 0.345370 1.000000
0 58 0.380990 0.452315 0.071354 0.343519 1.000000
0 59 0.385156 0.460185 0.078646 0.331481 1.000000
0 60 0.389323 0.470833 0.084896 0.310185 1.000000
0 61 0.390104 0.475926 0.083333 0.296296 1.000000
0 62 0.391406 0.481019 0.084896 0.286111 1.000000
0 63 0.391927 0.480556 0.085938 0.283333 1.000000
0 64 0.401562 0.488426 0.095833 0.267593 1.000000
0 65 0.405208 0.495833 0.097917 0.254630 1.000000
0 66 0.407031 0.498611 0.098437 0.252778 1.000000
0 67 0.409115 0.497685 0.096354 0.252778 1.000000
0 68 0.410677 0.497222 0.094271 0.255556 1.000000
0 69 0.413021 0.491667 0.089583 0.264815 1.000000
0 70 0.413542 0.487500 0.087500 0.265741 1.000000
0 71 0.414062 0.488426 0.085417 0.267593 1.000000
0 72 0.415104 0.486574 0.080208 0.275000 1.000000
0 73 0.416146 0.486111 0.079167 0.277778 1.000000
0 74 0.416927 0.486574 0.077604 0.278704 1.000000
0 75 0.416667 0.480556 0.078125 0.283333 1.000000
0 76 0.418750 0.481019 0.081250 0.286111 1.000000
0 77 0.427865 0.475000 0.098437 0.298148 1.000000
0 78 0.428646 0.469444 0.112500 0.307407 1.000000
0 79 0.427344 0.461111 0.154688 0.322222 1.000000
0 80 0.410156 0.457870 0.177604 0.330556 1.000000
0 81 0.408594 0.457870 0.175521 0.330556 1.000000
0 82 0.411719 0.461111 0.161979 0.325926 1.000000
0 83 0.403646 0.466204 0.117708 0.317593 1.000000
0 84 0.402344 0.477315 0.076563 0.295370 1.000000
0 85 0.401042 0.500463 0.083333 0.249074 1.000000
0 86 0.400000 0.503704 0.085417 0.240741 1.000000
0 87 0.398177 0.506944 0.089063 0.236111 1.000000
0 88 0.398438 0.507870 0.092708 0.234259 1.000000
0 89 0.397135 0.507870 0.093229 0.234259 1.000000
0 90 0.393750 0.508333 0.093750 0.233333 1.000000
0 91 0.392969 0.509259 0.094271 0.233333 1.000000
0 92 0.391927 0.508796 0.094271 0.232407 1.000000
0 93 0.391406 0.509259 0.094271 0.231481 1.000000
0 94 0.390625 0.510185 0.094792 0.231481 1.000000
0 95 0.389323 0.509259 0.094271 0.231481 1.000000
0 96 0.389323 0.510185 0.093229 0.231481 1.000000
0 97 0.389844 0.508333 0.091146 0.235185 1.000000
0 98 0.390365 0.506019 0.089063 0.239815 1.000000
0 99 0.388802 0.498611 0.084896 0.252778 1.000000
0 100 0.387500 0.475000 0.081250 0.301852 1.000000
0 101 0.394271 0.462037 0.087500 0.322222 1.000000
0 102 0.395313 0.452315 0.096875 0.334259 1.000000
0 103 0.394271 0.449074 0.096875 0.340741 1.000000
0 104 0.394792 0.447222 0.096875 0.342593 1.000000
0 105 0.394271 0.446759 0.097917 0.345370 1.000000
0 106 0.394010 0.446296 0.099479 0.346296 1.000000
0 107 0.391406 0.446759 0.104688 0.347222 1.000000
0 108 0.388021 0.447222 0.111458 0.344444 1.000000
0 109 0.384375 0.449537 0.119792 0.341667 1.000000
0 110 0.386979 0.465278 0.115625 0.328704 1.000000
0 111 0.386979 0.467593 0.116667 0.314815 1.000000
0 112 0.387240 0.472222 0.117188 0.300000 1.000000
0 113 0.388802 0.476389 0.115104 0.287963 1.000000
0 114 0.391146 0.485648 0.120833 0.275000 1.000000
0 115 0.391406 0.498148 0.121354 0.259259 1.000000
0 116 0.391406 0.498611 0.121354 0.260185 1.000000
0 117 0.390625 0.499537 0.122917 0.262037 1.000000
0 118 0.389844 0.500463 0.124479 0.263889 1.000000
0 119 0.389062 0.499537 0.126042 0.262037 1.000000
0 120 0.389323 0.496759 0.126562 0.263889 1.000000
0 121 0.389323 0.495370 0.126562 0.262963 1.000000
0 122 0.388802 0.493519 0.126562 0.262963 1.000000
0 123 0.388802 0.494444 0.126562 0.264815 1.000000
0 124 0.390104 0.495833 0.123958 0.267593 1.000000
0 125 0.391667 0.497222 0.121875 0.270370 1.000000
0 126 0.390885 0.498148 0.123438 0.272222 1.000000
0 127 0.392448 0.496759 0.123438 0.273148 1.000000
0 128 0.391406 0.498148 0.124479 0.275926 1.000000
0 129 0.391146 0.497222 0.125000 0.274074 1.000000
0 130 0.391927 0.496759 0.124479 0.273148 1.000000
0 131 0.392969 0.493519 0.122396 0.266667 1.000000
0 132 0.391667 0.492130 0.126042 0.267593 1.000000
0 133 0.393229 0.493519 0.123958 0.266667 1.000000
0 134 0.394531 0.494907 0.121354 0.267593 1.000000
0 135 0.395052 0.495370 0.120313 0.264815 1.000000
0 136 0.395833 0.495833 0.119792 0.263889 1.000000
0 137 0.396354 0.495833 0.121875 0.263889 1.000000
0 138 0.396094 0.496296 0.122396 0.264815 1.000000
0 139 0.395313 0.497222 0.122917 0.264815 1.000000
0 140 0.395313 0.497222 0.123958 0.264815 1.000000
0 141 0.395573 0.497222 0.125521 0.264815 1.000000
0 142 0.396615 0.491667 0.126562 0.268519 1.000000
0 143 0.400260 0.487037 0.121354 0.268519 1.000000
0 144 0.404167 0.480093 0.116667 0.275000 1.000000
0 145 0.409896 0.468056 0.103125 0.262037 1.000000
0 146 0.412240 0.468981 0.091146 0.256481 1.000000
0 147 0.416667 0.472685 0.073958 0.236111 1.000000
0 148 0.422917 0.474074 0.078125 0.231481 1.000000
0 149 0.421615 0.466667 0.070312 0.251852 1.000000
0 150 0.421615 0.472222 0.072396 0.242593 1.000000
0 151 0.417969 0.477315 0.089063 0.232407 1.000000
0 152 0.422917 0.485648 0.077083 0.217593 1.000000
0 153 0.422396 0.503241 0.076042 0.184259 1.000000
0 154 0.422135 0.491204 0.075521 0.202778 1.000000
0 155 0.422396 0.475463 0.075000 0.232407 1.000000
0 156 0.420573 0.469907 0.076563 0.239815 1.000000
0 157 0.421094 0.464815 0.090104 0.248148 1.000000
0 158 0.421875 0.464352 0.104167 0.256481 1.000000
0 159 0.425260 0.464352 0.114062 0.263889 1.000000
0 160 0.425000 0.462963 0.112500 0.272222 1.000000
0 161 0.424740 0.464352 0.110937 0.275000 1.000000
0 162 0.419792 0.468519 0.101042 0.272222 1.000000
0 163 0.415625 0.474074 0.094792 0.264815 1.000000
0 164 0.414844 0.476389 0.095312 0.237963 1.000000
0 165 0.415625 0.479167 0.097917 0.230556 1.000000
0 166 0.415625 0.481019 0.097917 0.223148 1.000000
0 167 0.416146 0.483796 0.098958 0.215741 1.000000
0 168 0.416406 0.487037 0.099479 0.214815 1.000000
0 169 0.416406 0.489352 0.099479 0.212037 1.000000
0 170 0.416406 0.492130 0.099479 0.208333 1.000000
0 171 0.416667 0.492593 0.100000 0.207407 1.000000
0 172 0.416406 0.494444 0.099479 0.207407 1.000000
0 173 0.416406 0.495370 0.099479 0.205556 1.000000
0 174 0.416406 0.497685 0.099479 0.202778 1.000000
0 175 0.417187 0.500000 0.101042 0.200000 1.000000
0 176 0.417187 0.501389 0.101042 0.199074 1.000000
0 177 0.417448 0.502315 0.101562 0.200926 1.000000
0 178 0.417969 0.502315 0.102604 0.200926 1.000000
0 179 0.419531 0.499074 0.099479 0.198148 1.000000
0 180 0.424740 0.494907 0.084896 0.193519 1.000000
0 181 0.423698 0.491667 0.085938 0.207407 1.000000
0 182 0.422396 0.481019 0.080208 0.230556 1.000000
0 183 0.422396 0.475926 0.080208 0.240741 1.000000
0 184 0.428646 0.472685 0.082292 0.245370 1.000000
0 185 0.435937 0.479167 0.081250 0.230556 1.000000
0 186 0.442708 0.481019 0.085417 0.225000 1.000000
0 187 0.445312 0.477315 0.081250 0.236111 1.000000
0 188 0.440625 0.480093 0.078125 0.234259 1.000000
0 189 0.440885 0.475000 0.078646 0.240741 1.000000
0 190 0.447135 0.459259 0.067187 0.268519 1.000000
0 191 0.447135 0.457870 0.060937 0.276852 1.000000
0 192 0.446615 0.455093 0.056771 0.278704 1.000000
0 193 0.446875 0.453704 0.055208 0.279630 1.000000
0 194 0.446615 0.454167 0.053646 0.280556 1.000000
0 195 0.444531 0.456481 0.058854 0.277778 1.000000
0 196 0.442448 0.456944 0.063021 0.273148 1.000000
0 197 0.440104 0.458333 0.068750 0.270370 1.000000
0 198 0.437240 0.457870 0.074479 0.271296 1.000000
0 199 0.434115 0.457407 0.081771 0.274074 1.000000
0 200 0.424219 0.456481 0.085938 0.277778 1.000000
0 201 0.418229 0.456944 0.097917 0.278704 1.000000
0 202 0.416927 0.457407 0.096354 0.279630 1.000000
0 203 0.419792 0.456481 0.095833 0.279630 1.000000
0 204 0.420312 0.456944 0.094792 0.280556 1.000000
0 205 0.421094 0.458796 0.094271 0.278704 1.000000
0 206 0.421615 0.460185 0.093229 0.274074 1.000000
0 207 0.422135 0.467130 0.092188 0.262037 1.000000
0 208 0.422656 0.471296 0.091146 0.257407 1.000000
0 209 0.423177 0.476852 0.090104 0.250000 1.000000
0 210 0.422656 0.471759 0.091146 0.249074 1.000000
0 211 0.419531 0.466667 0.088021 0.257407 1.000000
0 212 0.411198 0.461111 0.076563 0.270370 1.000000
0 213 0.407031 0.458333 0.068229 0.274074 1.000000
0 214 0.401562 0.456944 0.057292 0.278704 1.000000
0 215 0.397917 0.453704 0.048958 0.287037 1.000000
0 216 0.400000 0.453241 0.050000 0.287963 1.000000
0 217 0.400521 0.454630 0.053125 0.285185 1.000000
0 218 0.398958 0.458796 0.054167 0.276852 1.000000
0 219 0.397135 0.468056 0.053646 0.258333 1.000000
0 220 0.400260 0.473611 0.059896 0.247222 1.000000
0 221 0.403906 0.473611 0.066146 0.249074 1.000000
0 222 0.407031 0.472685 0.072396 0.254630 1.000000
0 223 0.409375 0.470833 0.080208 0.260185 1.000000
0 224 0.413802 0.466204 0.091146 0.263889 1.000000
0 225 0.420573 0.465741 0.100521 0.259259 1.000000
0 226 0.420833 0.462963 0.100000 0.262963 1.000000
0 227 0.420573 0.462037 0.099479 0.262963 1.000000
0 228 0.420573 0.465741 0.098437 0.262963 1.000000
0 229 0.420833 0.462037 0.098958 0.259259 1.000000
0 230 0.439063 0.464352 0.063542 0.254630 1.000000
0 231 0.440365 0.466667 0.060937 0.248148 1.000000
0 232 0.437500 0.468519 0.062500 0.246296 1.000000
0 233 0.436198 0.468056 0.067187 0.247222 1.000000
0 234 0.433854 0.466204 0.072917 0.250926 1.000000
0 235 0.422135 0.465741 0.096354 0.251852 1.000000
0 236 0.417448 0.467593 0.104688 0.250000 1.000000
0 237 0.415625 0.468056 0.107292 0.247222 1.000000
0 238 0.415625 0.467130 0.107292 0.249074 1.000000
0 239 0.415104 0.462500 0.107292 0.258333 1.000000
0 240 0.411719 0.456944 0.100521 0.267593 1.000000
0 241 0.410417 0.449074 0.093750 0.281481 1.000000
0 242 0.411458 0.444907 0.084375 0.287963 1.000000
0 243 0.410938 0.446296 0.082292 0.285185 1.000000
0 244 0.408854 0.449074 0.080208 0.277778 1.000000
0 245 0.406510 0.450000 0.075521 0.274074 1.000000
0 246 0.406771 0.453241 0.076042 0.267593 1.000000
0 247 0.408333 0.456481 0.078125 0.262963 1.000000
0 248 0.414323 0.460648 0.085938 0.258333 1.000000
0 249 0.421094 0.467130 0.091146 0.249074 1.000000
0 250 0.425781 0.471759 0.101562 0.236111 1.000000
0 251 0.424219 0.483333 0.099479 0.212963 1.000000
0 252 0.423958 0.486574 0.098958 0.204630 1.000000
0 253 0.424219 0.487037 0.099479 0.203704 1.000000
0 254 0.423958 0.487963 0.098958 0.201852 1.000000
0 255 0.423958 0.488889 0.098958 0.201852 1.000000
0 256 0.424479 0.488889 0.100000 0.201852 1.000000
0 257 0.424740 0.488426 0.100521 0.202778 1.000000
0 258 0.424740 0.488889 0.100521 0.203704 1.000000
0 259 0.423698 0.489352 0.101562 0.202778 1.000000
0 260 0.423438 0.493056 0.103125 0.210185 1.000000
0 261 0.424740 0.487963 0.100521 0.203704 1.000000
0 262 0.425000 0.488889 0.098958 0.203704 1.000000
0 263 0.424219 0.488426 0.098437 0.202778 1.000000
0 264 0.424219 0.488889 0.098437 0.205556 1.000000
0 265 0.424740 0.487963 0.099479 0.203704 1.000000
0 266 0.424740 0.487500 0.098437 0.204630 1.000000
0 267 0.425260 0.486111 0.097396 0.209259 1.000000
0 268 0.425260 0.484722 0.096354 0.210185 1.000000
0 269 0.426042 0.484259 0.095833 0.211111 1.000000
0 270 0.428646 0.483796 0.100000 0.217593 1.000000
0 271 0.441146 0.480093 0.106250 0.219444 1.000000
0 272 0.443229 0.479167 0.092708 0.221296 1.000000
0 273 0.445833 0.478704 0.087500 0.220370 1.000000
0 274 0.451042 0.479167 0.082292 0.219444 1.000000
0 275 0.455990 0.481481 0.078646 0.216667 1.000000
0 276 0.461458 0.481019 0.056250 0.215741 1.000000
0 277 0.468750 0.476852 0.066667 0.225926 1.000000
0 278 0.468229 0.477315 0.069792 0.226852 1.000000
0 279 0.468750 0.475926 0.077083 0.229630 1.000000
0 280 0.465365 0.473611 0.074479 0.236111 1.000000
0 281 0.461198 0.470833 0.073438 0.243519 1.000000
0 282 0.458073 0.476389 0.070312 0.252778 1.000000
0 283 0.458073 0.478704 0.072396 0.250000 1.000000
0 284 0.458594 0.481944 0.072396 0.243519 1.000000
0 285 0.460677 0.485185 0.070312 0.235185 1.000000
0 286 0.462760 0.488426 0.048438 0.226852 1.000000
0 287 0.464844 0.488889 0.045312 0.225926 1.000000
0 288 0.465365 0.488426 0.045312 0.232407 1.000000
0 289 0.464844 0.484259 0.047396 0.250000 1.000000
0 290 0.468750 0.481019 0.064583 0.262037 1.000000
0 291 0.460938 0.468056 0.071875 0.287963 1.000000
0 292 0.469271 0.461111 0.100000 0.301852 1.000000
0 293 0.470833 0.456944 0.102083 0.308333 1.000000
0 294 0.469531 0.446759 0.085938 0.330556 1.000000
0 295 0.469792 0.446296 0.082292 0.333333 1.000000
0 296 0.480729 0.451389 0.103125 0.310185 1.000000
0 297 0.470052 0.462500 0.119271 0.299074 1.000000
0 298 0.472917 0.468981 0.104167 0.299074 1.000000
0 299 0.476562 0.474537 0.088542 0.293519 1.000000
0 300 0.478906 0.477315 0.074479 0.291667 1.000000
0 301 0.473698 0.477315 0.048438 0.297222 1.000000
0 302 0.475000 0.467130 0.052083 0.323148 1.000000
0 303 0.470052 0.449537 0.049479 0.365741 1.000000
0 304 0.468750 0.429630 0.075000 0.411111 1.000000
0 305 0.468750 0.428704 0.128125 0.418519 1.000000
0 306 0.457031 0.450000 0.192188 0.381481 1.000000
0 307 0.456771 0.447222 0.197917 0.390741 1.000000
0 308 0.457031 0.447222 0.201563 0.394444 1.000000
0 309 0.457813 0.448611 0.205208 0.395370 1.000000
0 310 0.452083 0.450463 0.190625 0.397222 1.000000
0 311 0.465625 0.426852 0.135417 0.448148 1.000000
0 312 0.462240 0.436574 0.067187 0.434259 1.000000
0 313 0.457031 0.461111 0.061979 0.379630 1.000000
0 314 0.457031 0.484722 0.053646 0.328704 1.000000
0 319 0.460938 0.480093 0.064583 0.325000 1.000000
0 320 0.463542 0.472685 0.062500 0.334259 1.000000
0 321 0.460938 0.456019 0.077083 0.341667 1.000000
0 322 0.464323 0.453241 0.107813 0.343519 1.000000
0 323 0.463021 0.457870 0.116667 0.354630 1.000000
0 324 0.464323 0.462037 0.114062 0.357407 1.000000
0 325 0.468750 0.464352 0.107292 0.360185 1.000000
0 326 0.466927 0.463889 0.110937 0.351852 1.000000
0 327 0.473958 0.468056 0.109375 0.347222 1.000000
0 328 0.477865 0.470370 0.098437 0.348148 1.000000
0 329 0.482812 0.475000 0.079167 0.346296 1.000000
0 330 0.482292 0.475000 0.073958 0.346296 1.000000
0 331 0.483594 0.474537 0.083854 0.349074 1.000000
0 332 0.479948 0.473611 0.101562 0.350926 1.000000
0 333 0.481250 0.474074 0.108333 0.351852 1.000000
0 334 0.485156 0.475926 0.111979 0.350000 1.000000
0 335 0.486979 0.477778 0.112500 0.348148 1.000000
0 336 0.490365 0.474537 0.110937 0.354630 1.000000
0 337 0.493490 0.474537 0.109896 0.356481 1.000000
0 338 0.495312 0.476852 0.106250 0.351852 1.000000
0 339 0.497656 0.476389 0.104688 0.350926 1.000000
0 340 0.500260 0.473611 0.104688 0.350926 1.000000
0 341 0.500521 0.473611 0.112500 0.354630 1.000000
0 342 0.499219 0.475463 0.120313 0.350926 1.000000
0 343 0.502604 0.475463 0.114583 0.341667 1.000000
0 344 0.505208 0.479630 0.111458 0.335185 1.000000
0 345 0.501042 0.484722 0.097917 0.325000 1.000000
0 346 0.508594 0.474074 0.125521 0.333333 1.000000
0 347 0.518490 0.469907 0.136979 0.343519 1.000000
0 348 0.515625 0.469907 0.123958 0.349074 1.000000
0 349 0.523698 0.466204 0.124479 0.350926 1.000000
0 350 0.534115 0.463426 0.117188 0.352778 1.000000
0 351 0.543750 0.468056 0.105208 0.380556 1.000000
0 352 0.553125 0.439352 0.100000 0.408333 1.000000
0 353 0.561719 0.432870 0.098437 0.423148 1.000000
0 354 0.573698 0.437500 0.091146 0.417593 1.000000
0 355 0.578646 0.449537 0.095833 0.399074 1.000000
0 356 0.600000 0.464352 0.128125 0.362037 1.000000
0 357 0.613021 0.468519 0.126042 0.359259 1.000000
0 358 0.620833 0.472685 0.133333 0.356481 1.000000
0 359 0.630729 0.473611 0.138542 0.349074 1.000000
0 360 0.627344 0.470833 0.115104 0.352778 1.000000
0 361 0.629948 0.468981 0.094271 0.354630 1.000000
0 362 0.630729 0.473611 0.087500 0.347222 1.000000
0 363 0.632292 0.477315 0.083333 0.343519 1.000000
0 364 0.634375 0.481481 0.081250 0.337037 1.000000
0 365 0.635417 0.481481 0.083333 0.335185 1.000000
0 366 0.636719 0.481481 0.086979 0.335185 1.000000
0 367 0.638021 0.481481 0.085417 0.335185 1.000000
0 368 0.639062 0.481019 0.086458 0.336111 1.000000
0 369 0.638281 0.481019 0.084896 0.336111 1.000000
0 370 0.638542 0.480093 0.084375 0.336111 1.000000
0 371 0.638281 0.479167 0.084896 0.337963 1.000000
0 372 0.637760 0.478704 0.084896 0.338889 1.000000
0 373 0.637500 0.478704 0.085417 0.338889 1.000000
0 374 0.637240 0.479167 0.085938 0.337963 1.000000
0 375 0.637240 0.479167 0.086979 0.336111 1.000000
0 376 0.636198 0.480556 0.085938 0.333333 1.000000
0 377 0.633854 0.482870 0.088542 0.328704 1.000000
0 378 0.631771 0.487037 0.086458 0.325926 1.000000
0 379 0.630208 0.492593 0.084375 0.311111 1.000000
0 380 0.629427 0.499537 0.078646 0.291667 1.000000
0 381 0.638542 0.531019 0.093750 0.230556 1.000000
0 382 0.639844 0.539815 0.098437 0.212963 1.000000
0 383 0.639323 0.547222 0.099479 0.207407 1.000000
0 384 0.637500 0.554630 0.097917 0.194444 1.000000
0 385 0.635417 0.556019 0.096875 0.189815 1.000000
0 386 0.639062 0.554167 0.096875 0.189815 1.000000
0 387 0.639323 0.551852 0.096354 0.194444 1.000000
0 388 0.638802 0.550926 0.097396 0.200000 1.000000
0 389 0.639062 0.547685 0.096875 0.199074 1.000000
0 390 0.639844 0.544444 0.099479 0.198148 1.000000
0 391 0.639844 0.542130 0.101562 0.204630 1.000000
0 392 0.639583 0.538889 0.098958 0.209259 1.000000
0 393 0.642188 0.536111 0.104167 0.207407 1.000000
0 394 0.642448 0.535648 0.105729 0.213889 1.000000
0 395 0.642708 0.533796 0.107292 0.215741 1.000000
0 396 0.642969 0.531944 0.108854 0.225000 1.000000
0 397 0.644271 0.529167 0.109375 0.234259 1.000000
0 398 0.644531 0.524537 0.110937 0.239815 1.000000
0 399 0.644792 0.518519 0.112500 0.248148 1.000000
0 400 0.643750 0.513889 0.109375 0.255556 1.000000
0 401 0.642448 0.505093 0.106771 0.271296 1.000000
0 402 0.636198 0.497685 0.095312 0.284259 1.000000
0 403 0.635938 0.493981 0.094792 0.287963 1.000000
0 404 0.637500 0.491667 0.097917 0.296296 1.000000
0 405 0.639583 0.489352 0.103125 0.300926 1.000000
0 406 0.642708 0.485648 0.108333 0.308333 1.000000
0 407 0.653906 0.481019 0.100521 0.326852 1.000000
0 408 0.661458 0.481019 0.093750 0.334259 1.000000
0 409 0.670833 0.472685 0.082292 0.326852 1.000000
0 410 0.674740 0.475000 0.082812 0.337037 1.000000
0 411 0.676823 0.473611 0.086979 0.341667 1.000000
0 412 0.682292 0.466667 0.097917 0.355556 1.000000
0 413 0.685677 0.463889 0.111979 0.359259 1.000000
0 414 0.684896 0.459722 0.134375 0.362037 1.000000
0 415 0.682552 0.448148 0.135937 0.379630 1.000000
0 416 0.687760 0.435648 0.134896 0.402778 1.000000
0 417 0.707031 0.441204 0.115104 0.387963 1.000000
0 418 0.717969 0.453704 0.100521 0.383333 1.000000
0 419 0.729948 0.450926 0.089063 0.379630 1.000000
0 420 0.729688 0.451852 0.107292 0.381481 1.000000
0 421 0.742969 0.457407 0.109896 0.374074 1.000000
0 422 0.761458 0.461111 0.109375 0.361111 1.000000
0 423 0.763542 0.463426 0.110417 0.369444 1.000000
0 424 0.763802 0.461574 0.122396 0.373148 1.000000
0 425 0.763802 0.461574 0.130729 0.373148 1.000000
0 426 0.765104 0.461574 0.135417 0.373148 1.000000
0 427 0.765885 0.462963 0.127604 0.370370 1.000000
0 428 0.765625 0.462500 0.125000 0.369444 1.000000
0 429 0.767448 0.464352 0.128646 0.371296 1.000000
0 430 0.768490 0.462500 0.140104 0.369444 1.000000
0 431 0.769531 0.464352 0.151562 0.382407 1.000000
0 432 0.773958 0.462500 0.169792 0.387963 1.000000
0 433 0.771354 0.462963 0.173958 0.387037 1.000000
0 434 0.783333 0.466667 0.136458 0.383333 1.000000
0 435 0.781771 0.470833 0.134375 0.376852 1.000000
0 436 0.783333 0.473148 0.132292 0.372222 1.000000
0 437 0.793229 0.472685 0.147917 0.375000 1.000000
0 438 0.796875 0.471759 0.151042 0.376852 1.000000
0 439 0.783073 0.472222 0.126562 0.379630 1.000000
0 440 0.775260 0.472685 0.111979 0.378704 1.000000
0 441 0.771875 0.472685 0.107292 0.375000 1.000000
0 442 0.779167 0.476852 0.094792 0.379630 1.000000
0 443 0.776823 0.479167 0.097396 0.386111 1.000000
0 444 0.776563 0.483333 0.097917 0.394444 1.000000
0 445 0.777083 0.483333 0.101042 0.396296 1.000000
0 446 0.778646 0.482407 0.106250 0.398148 1.000000
0 447 0.780469 0.475000 0.111979 0.387037 1.000000
0 448 0.780729 0.474537 0.114583 0.387963 1.000000
0 449 0.780729 0.472685 0.116667 0.387963 1.000000
0 450 0.780208 0.475463 0.117708 0.380556 1.000000
0 451 0.779948 0.475463 0.118229 0.380556 1.000000
0 452 0.779427 0.475926 0.119271 0.381481 1.000000
0 453 0.782813 0.475926 0.112500 0.383333 1.000000
0 454 0.783594 0.475926 0.110937 0.381481 1.000000
0 455 0.784375 0.475000 0.109375 0.383333 1.000000
0 456 0.783594 0.476852 0.107813 0.379630 1.000000
0 457 0.784635 0.475926 0.110937 0.381481 1.000000
0 458 0.783854 0.477778 0.110417 0.381481 1.000000
0 459 0.783333 0.479167 0.110417 0.386111 1.000000
0 460 0.784375 0.475926 0.107292 0.387037 1.000000
0 461 0.784375 0.476389 0.107292 0.386111 1.000000
0 462 0.784896 0.475000 0.108333 0.388889 1.000000
0 463 0.785156 0.475463 0.110937 0.391667 1.000000
0 464 0.783333 0.475926 0.110417 0.390741 1.000000
0 465 0.783073 0.475463 0.111979 0.391667 1.000000
0 466 0.782552 0.474074 0.114062 0.392593 1.000000
0 467 0.783854 0.471759 0.111458 0.397222 1.000000
0 468 0.785417 0.473148 0.109375 0.396296 1.000000
0 469 0.787240 0.472222 0.103646 0.396296 1.000000
0 470 0.790365 0.477315 0.102604 0.391667 1.000000
0 471 0.794531 0.482870 0.113021 0.376852 1.000000
0 472 0.795312 0.480556 0.110417 0.381481 1.000000
0 473 0.795573 0.480556 0.109896 0.383333 1.000000
0 474 0.795312 0.482407 0.110417 0.377778 1.000000
0 475 0.795573 0.485185 0.110937 0.372222 1.000000
0 476 0.796615 0.488426 0.118229 0.367593 1.000000
0 477 0.788802 0.491204 0.124479 0.362037 1.000000
0 478 0.791667 0.487037 0.111458 0.368519 1.000000
0 479 0.780990 0.486574 0.086979 0.369444 1.000000
0 480 0.777344 0.491204 0.079687 0.362037 1.000000
0 481 0.772917 0.493056 0.071875 0.356481 1.000000
0 482 0.769010 0.491204 0.070312 0.362037 1.000000
0 483 0.767708 0.490278 0.069792 0.362037 1.000000
0 484 0.766667 0.489352 0.070833 0.362037 1.000000
0 485 0.766927 0.488426 0.069271 0.362037 1.000000
0 486 0.767188 0.488889 0.067708 0.362963 1.000000
0 487 0.763542 0.491667 0.075000 0.357407 1.000000
0 488 0.769010 0.493981 0.083854 0.352778 1.000000
0 489 0.776042 0.495370 0.092708 0.350000 1.000000
0 490 0.778646 0.491667 0.097917 0.357407 1.000000
0 491 0.793750 0.487963 0.128125 0.359259 1.000000
0 492 0.803385 0.502778 0.147396 0.353704 1.000000
0 493 0.799479 0.499537 0.140625 0.345370 1.000000
0 494 0.794531 0.500000 0.149479 0.346296 1.000000
0 495 0.792448 0.500926 0.152604 0.348148 1.000000
0 496 0.793750 0.504167 0.151042 0.345370 1.000000
0 497 0.793750 0.505093 0.152083 0.349074 1.000000
0 498 0.792448 0.500000 0.153646 0.344444 1.000000
0 499 0.792969 0.498148 0.153646 0.346296 1.000000
0 500 0.785677 0.499537 0.168229 0.350926 1.000000
0 501 0.792969 0.502778 0.153646 0.340741 1.000000
0 502 0.792448 0.527778 0.154688 0.290741 1.000000
0 503 0.791406 0.520833 0.155729 0.302778 1.000000
0 504 0.790885 0.518981 0.156771 0.304630 1.000000
0 505 0.790625 0.521759 0.158333 0.297222 1.000000
0 506 0.789844 0.506944 0.149479 0.326852 1.000000
0 507 0.773958 0.478704 0.096875 0.377778 1.000000
0 508 0.778906 0.478704 0.101562 0.387037 1.000000
0 509 0.777083 0.474537 0.083333 0.393519 1.000000
0 510 0.777344 0.473148 0.081771 0.396296 1.000000
0 511 0.777604 0.472222 0.081250 0.394444 1.000000
0 512 0.777865 0.473148 0.080729 0.394444 1.000000
0 513 0.775781 0.472685 0.079687 0.395370 1.000000
0 514 0.775781 0.473148 0.081771 0.396296 1.000000
0 515 0.776302 0.472685 0.081771 0.397222 1.000000
0 516 0.776042 0.472222 0.083333 0.398148 1.000000
0 517 0.777083 0.473148 0.082292 0.398148 1.000000
0 518 0.777344 0.473611 0.082812 0.397222 1.000000
0 519 0.776563 0.473148 0.081250 0.396296 1.000000
0 520 0.777083 0.473611 0.082292 0.395370 1.000000
0 521 0.778125 0.473148 0.081250 0.394444 1.000000
0 522 0.779427 0.472685 0.080729 0.395370 1.000000
0 523 0.778385 0.474074 0.080729 0.392593 1.000000
0 524 0.778125 0.474537 0.083333 0.389815 1.000000
0 525 0.778385 0.471296 0.085938 0.396296 1.000000
0 526 0.778125 0.475926 0.085417 0.394444 1.000000
0 527 0.778646 0.475463 0.084375 0.393519 1.000000
0 528 0.781510 0.476389 0.078646 0.391667 1.000000
0 529 0.779427 0.475000 0.079687 0.392593 1.000000
0 530 0.779427 0.476852 0.079687 0.390741 1.000000
0 531 0.779427 0.480093 0.082812 0.384259 1.000000
0 532 0.782552 0.490741 0.080729 0.364815 1.000000
0 533 0.788281 0.493056 0.093229 0.362037 1.000000
0 534 0.793750 0.492130 0.105208 0.354630 1.000000
0 535 0.788802 0.493056 0.115104 0.356481 1.000000
0 536 0.785417 0.492130 0.128125 0.354630 1.000000
0 537 0.780208 0.486574 0.130208 0.362037 1.000000
0 538 0.779948 0.484722 0.122396 0.369444 1.000000
0 539 0.783854 0.485648 0.094792 0.371296 1.000000
0 540 0.792708 0.484722 0.079167 0.371296 1.000000
0 541 0.801042 0.484722 0.066667 0.371296 1.000000
0 542 0.804948 0.493519 0.068229 0.364815 1.000000
0 543 0.806510 0.498611 0.065104 0.356481 1.000000
0 544 0.813021 0.509722 0.077083 0.330556 1.000000
0 545 0.815104 0.518056 0.081250 0.310185 1.000000
0 546 0.821094 0.511111 0.117188 0.325926 1.000000
0 547 0.809635 0.519907 0.139063 0.315741 1.000000
0 548 0.800781 0.524537 0.153646 0.299074 1.000000
0 549 0.812760 0.534259 0.095312 0.281481 1.000000
0 550 0.810156 0.535648 0.080729 0.280556 1.000000
0 551 0.810937 0.538426 0.078125 0.271296 1.000000
0 552 0.798698 0.538889 0.090104 0.268519 1.000000
0 553 0.800000 0.539352 0.085417 0.273148 1.000000
0 554 0.803906 0.534722 0.075521 0.280556 1.000000
0 555 0.805729 0.522222 0.082292 0.301852 1.000000
0 556 0.812240 0.505556 0.109896 0.331481 1.000000
0 557 0.808854 0.492130 0.163542 0.350926 1.000000
0 558 0.808594 0.487037 0.152604 0.368519 1.000000
0 559 0.813542 0.483796 0.144792 0.380556 1.000000
0 560 0.816146 0.486111 0.141667 0.379630 1.000000
0 561 0.818229 0.487963 0.147917 0.379630 1.000000
0 562 0.819531 0.486111 0.147396 0.388889 1.000000
0 563 0.819531 0.485185 0.144271 0.392593 1.000000
0 564 0.814844 0.478241 0.135937 0.391667 1.000000
0 565 0.813802 0.476852 0.134896 0.392593 1.000000
0 566 0.813542 0.478704 0.134375 0.388889 1.000000
0 567 0.814323 0.476852 0.135937 0.394444 1.000000
0 568 0.814583 0.477315 0.135417 0.391667 1.000000
0 569 0.812760 0.481019 0.138021 0.384259 1.000000
0 570 0.812760 0.483333 0.138021 0.379630 1.000000
0 571 0.812760 0.486574 0.138021 0.373148 1.000000
0 572 0.812760 0.487963 0.138021 0.370370 1.000000
0 573 0.811719 0.492593 0.141146 0.361111 1.000000
0 574 0.811719 0.493981 0.140104 0.358333 1.000000
0 575 0.811458 0.494444 0.139583 0.357407 1.000000
0 576 0.810677 0.492593 0.140104 0.361111 1.000000
0 577 0.811458 0.493981 0.138542 0.365741 1.000000
0 578 0.810937 0.499074 0.141667 0.350000 1.000000
0 579 0.811458 0.500000 0.141667 0.346296 1.000000
0 580 0.810937 0.502315 0.142708 0.343519 1.000000
0 581 0.810937 0.509259 0.141667 0.333333 1.000000
0 582 0.810677 0.517130 0.142187 0.315741 1.000000
0 583 0.809896 0.521759 0.143750 0.302778 1.000000
0 584 0.809635 0.524537 0.144271 0.297222 1.000000
0 585 0.809635 0.528704 0.144271 0.288889 1.000000
0 586 0.809375 0.516667 0.144792 0.311111 1.000000
0 587 0.809375 0.512037 0.144792 0.320370 1.000000
0 588 0.809115 0.522222 0.145313 0.300000 1.000000
0 589 0.809115 0.511111 0.145313 0.322222 1.000000
0 590 0.808854 0.507407 0.145833 0.329630 1.000000
0 591 0.809635 0.505093 0.144271 0.334259 1.000000
0 592 0.809635 0.509722 0.144271 0.326852 1.000000
0 593 0.805469 0.525926 0.152604 0.298148 1.000000
0 594 0.806771 0.522222 0.157292 0.305556 1.000000
0 595 0.806510 0.525926 0.158854 0.298148 1.000000
0 596 0.814844 0.534259 0.145313 0.279630 1.000000
0 597 0.814583 0.543056 0.146875 0.262037 1.000000
0 598 0.803906 0.518519 0.124479 0.307407 1.000000
0 599 0.803646 0.495833 0.122917 0.356481 1.000000
0 600 0.804948 0.482870 0.124479 0.382407 1.000000
0 601 0.806250 0.458796 0.126042 0.386111 1.000000
0 602 0.805469 0.448611 0.131771 0.389815 1.000000
0 603 0.804427 0.427778 0.121354 0.361111 1.000000
0 604 0.809896 0.415741 0.117708 0.322222 1.000000
0 605 0.810156 0.414352 0.119271 0.302778 1.000000
0 606 0.810156 0.417130 0.133854 0.280556 1.000000
0 607 0.806510 0.425000 0.142187 0.272222 1.000000
0 608 0.805729 0.482870 0.140625 0.328704 1.000000
0 609 0.803125 0.505093 0.138542 0.328704 1.000000
0 610 0.804427 0.513889 0.144271 0.318519 1.000000
0 611 0.801302 0.522685 0.150521 0.297222 1.000000
0 612 0.798177 0.525926 0.156771 0.288889 1.000000
0 613 0.779427 0.520370 0.160938 0.277778 1.000000
0 614 0.763281 0.513426 0.152604 0.287963 1.000000
0 615 0.749740 0.510648 0.144271 0.299074 1.000000
0 616 0.737760 0.501852 0.150521 0.309259 1.000000
0 617 0.732031 0.497685 0.153646 0.312037 1.000000
0 618 0.719271 0.491667 0.169792 0.300000 1.000000
0 619 0.709896 0.500463 0.169792 0.304630 1.000000
0 620 0.701823 0.507407 0.164062 0.305556 1.000000
0 621 0.683854 0.510648 0.147917 0.299074 1.000000
0 622 0.668750 0.518056 0.137500 0.308333 1.000000
0 623 0.635677 0.523148 0.143229 0.320370 1.000000
0 624 0.612760 0.519907 0.167187 0.326852 1.000000
0 625 0.605469 0.518981 0.174479 0.330556 1.000000
0 626 0.601302 0.516667 0.170313 0.331481 1.000000
0 627 0.596354 0.514815 0.164583 0.333333 1.000000
0 628 0.566146 0.513426 0.139583 0.310185 1.000000
0 629 0.541406 0.506481 0.125521 0.305556 1.000000
0 630 0.523958 0.509722 0.108333 0.315741 1.000000
0 631 0.514323 0.501389 0.105729 0.321296 1.000000
0 632 0.504427 0.493519 0.120313 0.324074 1.000000
0 633 0.489583 0.480556 0.128125 0.337037 1.000000
0 634 0.471094 0.487963 0.135937 0.361111 1.000000
0 635 0.466146 0.487963 0.126042 0.359259 1.000000
0 640 0.390365 0.499074 0.118229 0.329630 1.000000
0 641 0.395052 0.504167 0.144271 0.325000 1.000000
0 642 0.396875 0.511574 0.147917 0.313889 1.000000
0 643 0.386979 0.509722 0.130208 0.321296 1.000000
0 644 0.381250 0.505556 0.125000 0.333333 1.000000
0 645 0.366927 0.493519 0.129688 0.348148 1.000000
0 646 0.354167 0.481481 0.135417 0.368519 1.000000
0 647 0.345573 0.475926 0.150521 0.377778 1.000000
0 648 0.358073 0.475000 0.126562 0.377778 1.000000
0 649 0.359115 0.475926 0.126562 0.381481 1.000000
0 650 0.358854 0.477778 0.125000 0.381481 1.000000
0 651 0.357292 0.476852 0.131250 0.381481 1.000000
0 652 0.355469 0.477778 0.136979 0.379630 1.000000
0 653 0.354427 0.480093 0.141146 0.373148 1.000000
0 654 0.356250 0.487963 0.143750 0.361111 1.000000
0 655 0.355990 0.494907 0.147396 0.345370 1.000000
0 656 0.352344 0.513426 0.141146 0.304630 1.000000
0 657 0.350781 0.524074 0.140104 0.283333 1.000000
0 658 0.351562 0.535648 0.136458 0.262037 1.000000
0 659 0.350521 0.539815 0.135417 0.255556 1.000000
0 660 0.350521 0.543519 0.136458 0.250000 1.000000
0 661 0.351562 0.546759 0.136458 0.243519 1.000000
0 662 0.351562 0.548611 0.135417 0.237963 1.000000
0 663 0.351823 0.535185 0.133854 0.264815 1.000000
0 664 0.348958 0.515278 0.140625 0.304630 1.000000
0 665 0.353385 0.492593 0.132812 0.348148 1.000000
0 666 0.354427 0.486111 0.132812 0.362963 1.000000
0 667 0.353906 0.482870 0.130729 0.369444 1.000000
0 668 0.349479 0.489352 0.137500 0.354630 1.000000
0 669 0.361458 0.485648 0.118750 0.362037 1.000000
0 670 0.370052 0.481481 0.106771 0.366667 1.000000
0 671 0.363802 0.470833 0.078646 0.384259 1.000000
0 672 0.360156 0.470833 0.073438 0.386111 1.000000
0 673 0.363021 0.471759 0.070833 0.387963 1.000000
0 674 0.363542 0.472222 0.072917 0.390741 1.000000
0 675 0.365104 0.473611 0.072917 0.389815 1.000000
0 676 0.366146 0.474537 0.073958 0.386111 1.000000
0 677 0.366667 0.473611 0.076042 0.386111 1.000000
0 678 0.365365 0.474537 0.081771 0.382407 1.000000
0 679 0.363021 0.474074 0.091667 0.387037 1.000000
0 680 0.362760 0.466667 0.104688 0.403704 1.000000
0 681 0.366406 0.467130 0.102604 0.400926 1.000000
0 682 0.370052 0.467130 0.100521 0.400926 1.000000
0 683 0.378906 0.475926 0.084896 0.379630 1.000000
0 684 0.372656 0.481944 0.069271 0.382407 1.000000
0 685 0.374219 0.481481 0.071354 0.381481 1.000000
0 686 0.369792 0.480556 0.089583 0.381481 1.000000
0 687 0.365625 0.480093 0.107292 0.376852 1.000000
0 688 0.388802 0.479167 0.169271 0.373148 1.000000
0 689 0.394531 0.477778 0.156771 0.379630 1.000000
0 690 0.395573 0.476389 0.161979 0.380556 1.000000
0 691 0.390365 0.480556 0.157812 0.375926 1.000000
0 692 0.385937 0.479167 0.144792 0.380556 1.000000
0 693 0.381771 0.476389 0.115625 0.384259 1.000000
0 694 0.382812 0.469907 0.113542 0.397222 1.000000
0 695 0.383073 0.463426 0.110937 0.410185 1.000000
0 696 0.383333 0.452315 0.108333 0.432407 1.000000
0 697 0.384115 0.444444 0.105729 0.444444 1.000000
0 698 0.385417 0.444907 0.102083 0.445370 1.000000
0 699 0.385417 0.459259 0.100000 0.418519 1.000000
0 700 0.385417 0.467130 0.098958 0.402778 1.000000
0 701 0.387240 0.473148 0.102604 0.392593 1.000000
0 702 0.388542 0.474537 0.101042 0.391667 1.000000
0 703 0.391667 0.467130 0.102083 0.400926 1.000000
0 704 0.394531 0.461111 0.104688 0.412963 1.000000
0 705 0.396615 0.461111 0.108854 0.414815 1.000000
0 706 0.401042 0.470833 0.107292 0.395370 1.000000
0 707 0.404167 0.474074 0.108333 0.388889 1.000000
0 708 0.408073 0.481019 0.107813 0.376852 1.000000
0 709 0.410417 0.488889 0.111458 0.359259 1.000000
0 710 0.412760 0.494444 0.115104 0.344444 1.000000
0 711 0.406510 0.506019 0.104688 0.319444 1.000000
0 712 0.409375 0.517130 0.113542 0.297222 1.000000
0 713 0.410677 0.535648 0.118229 0.260185 1.000000
0 714 0.410417 0.538889 0.115625 0.242593 1.000000
0 715 0.409896 0.540278 0.114583 0.236111 1.000000
0 716 0.409375 0.534722 0.113542 0.237963 1.000000
0 717 0.408854 0.531481 0.112500 0.240741 1.000000
0 718 0.408073 0.527778 0.113021 0.242593 1.000000
0 719 0.404167 0.525926 0.108333 0.240741 1.000000
0 720 0.402604 0.523611 0.108333 0.237963 1.000000
0 721 0.401823 0.526852 0.109896 0.229630 1.000000
0 722 0.401302 0.526852 0.111979 0.229630 1.000000
0 723 0.401042 0.529167 0.113542 0.225000 1.000000
0 724 0.400521 0.525000 0.115625 0.227778 1.000000
0 725 0.395313 0.526389 0.108333 0.221296 1.000000
0 726 0.390625 0.525926 0.102083 0.222222 1.000000
0 727 0.390625 0.525463 0.102083 0.223148 1.000000
0 728 0.392188 0.525463 0.106250 0.223148 1.000000
0 729 0.391146 0.525000 0.105208 0.224074 1.000000
0 730 0.391667 0.524537 0.107292 0.225000 1.000000
0 731 0.391406 0.523611 0.106771 0.225000 1.000000
0 732 0.391667 0.525463 0.108333 0.223148 1.000000
0 733 0.391667 0.525463 0.109375 0.223148 1.000000
0 734 0.392448 0.525463 0.110937 0.223148 1.000000
0 735 0.392708 0.524537 0.112500 0.225000 1.000000
0 736 0.393490 0.524537 0.113021 0.226852 1.000000
0 737 0.394010 0.525463 0.114062 0.225000 1.000000
0 738 0.394531 0.525926 0.116146 0.224074 1.000000
0 739 0.394792 0.526389 0.116667 0.225000 1.000000
0 740 0.395833 0.526389 0.117708 0.225000 1.000000
0 741 0.396354 0.525463 0.117708 0.225000 1.000000
0 742 0.397396 0.526389 0.118750 0.223148 1.000000
0 743 0.397656 0.525000 0.120313 0.224074 1.000000
0 744 0.398438 0.523148 0.120833 0.231481 1.000000
0 745 0.399479 0.519907 0.120833 0.239815 1.000000
0 746 0.400260 0.509722 0.122396 0.260185 1.000000
0 747 0.396354 0.497685 0.114583 0.284259 1.000000
0 748 0.389844 0.485185 0.116146 0.307407 1.000000
0 749 0.385677 0.472685 0.122396 0.325000 1.000000
0 750 0.388802 0.472685 0.131771 0.328704 1.000000
0 751 0.395052 0.471296 0.134896 0.335185 1.000000
0 752 0.394792 0.469907 0.126042 0.336111 1.000000
0 753 0.399479 0.469907 0.101042 0.332407 1.000000
0 754 0.402865 0.473148 0.079687 0.324074 1.000000
0 755 0.399219 0.474074 0.076563 0.320370 1.000000
0 756 0.394531 0.474537 0.074479 0.315741 1.000000
0 757 0.391927 0.475000 0.072396 0.312963 1.000000
0 758 0.389323 0.474074 0.078646 0.322222 1.000000
0 759 0.379167 0.474074 0.101042 0.327778 1.000000
0 760 0.380990 0.473148 0.101562 0.325926 1.000000
0 761 0.382031 0.470370 0.101562 0.331481 1.000000
0 762 0.386458 0.467593 0.089583 0.337037 1.000000
0 763 0.382292 0.464815 0.093750 0.348148 1.000000
0 764 0.378646 0.461574 0.097917 0.356481 1.000000
0 765 0.372656 0.461111 0.105729 0.359259 1.000000
0 766 0.365104 0.452778 0.117708 0.375926 1.000000
0 767 0.365104 0.444907 0.113542 0.389815 1.000000
0 768 0.364844 0.440741 0.113021 0.394444 1.000000
0 769 0.364583 0.440741 0.111458 0.396296 1.000000
0 770 0.365625 0.440278 0.113542 0.397222 1.000000
0 771 0.364063 0.441204 0.111458 0.399074 1.000000
0 772 0.364583 0.440741 0.112500 0.398148 1.000000
0 773 0.363802 0.440741 0.111979 0.398148 1.000000
0 774 0.363021 0.439815 0.110417 0.398148 1.000000
0 775 0.363802 0.440278 0.107813 0.397222 1.000000
0 776 0.364063 0.440278 0.107292 0.397222 1.000000
0 777 0.363542 0.440741 0.107292 0.396296 1.000000
0 778 0.364063 0.440741 0.108333 0.396296 1.000000
0 779 0.364063 0.440278 0.109375 0.395370 1.000000
0 780 0.364063 0.440278 0.109375 0.395370 1.000000
0 781 0.364844 0.442130 0.107813 0.395370 1.000000
0 782 0.368229 0.442593 0.113542 0.396296 1.000000
0 783 0.367708 0.442593 0.112500 0.396296 1.000000
0 784 0.367188 0.443056 0.111458 0.397222 1.000000
0 785 0.367448 0.443056 0.109896 0.397222 1.000000
0 786 0.366927 0.441667 0.108854 0.394444 1.000000
0 787 0.366667 0.442593 0.108333 0.392593 1.000000
0 788 0.366406 0.442593 0.108854 0.392593 1.000000
0 789 0.366927 0.443519 0.108854 0.392593 1.000000
0 790 0.367448 0.443519 0.109896 0.392593 1.000000
0 791 0.367188 0.444444 0.109375 0.392593 1.000000
0 792 0.366927 0.442130 0.108854 0.395370 1.000000
0 793 0.366927 0.443056 0.109896 0.393519 1.000000
0 794 0.368490 0.443519 0.111979 0.394444 1.000000
0 795 0.368490 0.442593 0.110937 0.394444 1.000000
0 796 0.366667 0.443519 0.109375 0.396296 1.000000
0 797 0.366667 0.443056 0.109375 0.397222 1.000000
0 798 0.366667 0.442593 0.109375 0.396296 1.000000
0 799 0.366667 0.441667 0.109375 0.396296 1.000000
0 800 0.367448 0.441667 0.110937 0.396296 1.000000
0 801 0.369010 0.442130 0.114062 0.393519 1.000000
0 802 0.365365 0.442593 0.106771 0.392593 1.000000
0 803 0.364844 0.442130 0.105729 0.391667 1.000000
0 804 0.364844 0.443981 0.105729 0.393519 1.000000
0 805 0.365625 0.445370 0.107292 0.394444 1.000000
0 806 0.364323 0.443981 0.105729 0.391667 1.000000
0 807 0.363542 0.444907 0.104167 0.393519 1.000000
0 808 0.364583 0.444444 0.105208 0.392593 1.000000
0 809 0.364583 0.444444 0.108333 0.392593 1.000000
0 810 0.365104 0.444444 0.111458 0.392593 1.000000
0 811 0.365885 0.443981 0.111979 0.391667 1.000000
0 812 0.366667 0.443981 0.114583 0.391667 1.000000
0 813 0.367448 0.443981 0.116146 0.389815 1.000000
0 814 0.365625 0.445833 0.112500 0.389815 1.000000
0 815 0.364583 0.445833 0.110417 0.389815 1.000000
0 816 0.364323 0.446296 0.108854 0.390741 1.000000
0 817 0.364583 0.446296 0.110417 0.390741 1.000000
0 818 0.364583 0.446759 0.110417 0.391667 1.000000
0 819 0.365104 0.445833 0.112500 0.393519 1.000000
0 820 0.365885 0.443981 0.114062 0.393519 1.000000
0 821 0.366927 0.446296 0.116146 0.390741 1.000000
0 822 0.367448 0.447685 0.118229 0.387963 1.000000
0 823 0.367969 0.450000 0.123438 0.383333 1.000000
0 824 0.369792 0.456944 0.123958 0.369444 1.000000
0 825 0.372396 0.456944 0.125000 0.371296 1.000000
0 826 0.379427 0.443981 0.113021 0.395370 1.000000
0 827 0.379427 0.450926 0.116146 0.381481 1.000000
0 828 0.384115 0.450463 0.109896 0.373148 1.000000
0 829 0.389583 0.453704 0.110417 0.364815 1.000000
0 830 0.394531 0.456944 0.110937 0.356481 1.000000
0 831 0.399479 0.461574 0.111458 0.349074 1.000000
0 832 0.405208 0.464815 0.112500 0.340741 1.000000
0 833 0.410156 0.468519 0.113021 0.333333 1.000000
0 834 0.415104 0.472685 0.113542 0.325000 1.000000
0 835 0.420573 0.475926 0.114062 0.316667 1.000000
0 836 0.419271 0.473611 0.114583 0.325000 1.000000
0 837 0.422656 0.472222 0.108854 0.327778 1.000000
0 838 0.425260 0.472222 0.104688 0.329630 1.000000
0 839 0.425260 0.470370 0.105729 0.331481 1.000000
0 840 0.426563 0.470833 0.104167 0.330556 1.000000
0 841 0.426042 0.470833 0.104167 0.332407 1.000000
0 842 0.426302 0.471296 0.104688 0.331481 1.000000
0 843 0.425781 0.473148 0.104688 0.327778 1.000000
0 844 0.426042 0.480093 0.107292 0.313889 1.000000
0 845 0.427083 0.481481 0.110417 0.311111 1.000000
0 846 0.427604 0.485185 0.109375 0.303704 1.000000
0 847 0.427865 0.487037 0.109896 0.300000 1.000000
0 848 0.427604 0.484722 0.109375 0.299074 1.000000
0 849 0.427344 0.485185 0.108854 0.301852 1.000000
0 850 0.427083 0.485185 0.108333 0.303704 1.000000
0 851 0.427083 0.486574 0.108333 0.304630 1.000000
0 852 0.427344 0.484259 0.108854 0.303704 1.000000
0 853 0.426823 0.484722 0.109896 0.302778 1.000000
0 854 0.426823 0.483333 0.110937 0.305556 1.000000
0 855 0.427083 0.481944 0.110417 0.304630 1.000000
0 856 0.427083 0.484722 0.110417 0.304630 1.000000
0 857 0.426563 0.485648 0.109375 0.300926 1.000000
0 858 0.427604 0.487037 0.111458 0.300000 1.000000
0 859 0.427083 0.481944 0.110417 0.310185 1.000000
0 860 0.427083 0.478704 0.110417 0.318519 1.000000
0 861 0.423438 0.474074 0.103125 0.329630 1.000000
0 862 0.420833 0.472222 0.092708 0.331481 1.000000
0 863 0.417448 0.468981 0.083854 0.328704 1.000000
0 864 0.424219 0.476852 0.085938 0.318519 1.000000
0 865 0.427604 0.479630 0.092708 0.318519 1.000000
0 866 0.428385 0.484259 0.095312 0.316667 1.000000
0 867 0.412760 0.481481 0.104688 0.316667 1.000000
0 868 0.423438 0.475000 0.151042 0.333333 1.000000
0 869 0.451042 0.460185 0.185417 0.362963 1.000000
0 870 0.454427 0.443056 0.163021 0.389815 1.000000
0 871 0.460417 0.435185 0.144792 0.394444 1.000000
0 872 0.467448 0.444444 0.130729 0.377778 1.000000
0 873 0.475521 0.460648 0.117708 0.350926 1.000000
0 874 0.484375 0.467593 0.076042 0.342593 1.000000
0 879 0.501563 0.503241 0.071875 0.313889 1.000000
0 880 0.502083 0.501389 0.070833 0.313889 1.000000
0 881 0.502865 0.500463 0.075521 0.312037 1.000000
0 882 0.503125 0.502778 0.078125 0.311111 1.000000
0 883 0.506771 0.504630 0.070833 0.311111 1.000000
0 884 0.507031 0.509259 0.066146 0.298148 1.000000
0 885 0.506771 0.512963 0.067708 0.288889 1.000000
0 886 0.513021 0.513426 0.060417 0.289815 1.000000
0 887 0.518490 0.515278 0.055729 0.289815 1.000000
0 888 0.516406 0.519444 0.057813 0.279630 1.000000
0 889 0.519792 0.531019 0.077083 0.256481 1.000000
0 890 0.519531 0.533333 0.089063 0.248148 1.000000
0 891 0.525521 0.535185 0.095833 0.242593 1.000000
0 892 0.526563 0.536574 0.104167 0.245370 1.000000
0 893 0.527083 0.537037 0.112500 0.248148 1.000000
0 894 0.527604 0.520833 0.119792 0.265741 1.000000
0 895 0.522917 0.524074 0.117708 0.272222 1.000000
0 896 0.515365 0.522685 0.108854 0.275000 1.000000
0 897 0.511979 0.520833 0.102083 0.276852 1.000000
0 898 0.510156 0.527778 0.089063 0.287037 1.000000
0 899 0.500000 0.520833 0.084375 0.297222 1.000000
0 900 0.495833 0.518981 0.096875 0.306481 1.000000
0 901 0.484115 0.510648 0.103646 0.321296 1.000000
0 902 0.481250 0.506944 0.105208 0.330556 1.000000
0 903 0.474219 0.500926 0.115104 0.344444 1.000000
0 904 0.470313 0.495370 0.118750 0.351852 1.000000
0 905 0.471615 0.487963 0.111979 0.364815 1.000000
0 906 0.469010 0.488426 0.113021 0.369444 1.000000
0 907 0.467708 0.487500 0.112500 0.369444 1.000000
0 908 0.465365 0.487963 0.109896 0.366667 1.000000
0 909 0.464583 0.489352 0.114583 0.363889 1.000000
0 910 0.466146 0.499537 0.120833 0.360185 1.000000
0 911 0.475000 0.509259 0.117708 0.348148 1.000000
0 912 0.477344 0.515741 0.095312 0.335185 1.000000
0 913 0.489583 0.525463 0.095833 0.315741 1.000000
0 914 0.491146 0.526852 0.097917 0.312963 1.000000
0 915 0.492708 0.513889 0.104167 0.338889 1.000000
0 916 0.491406 0.501389 0.107813 0.356481 1.000000
0 917 0.491146 0.496296 0.109375 0.370370 1.000000
0 918 0.490365 0.494907 0.108854 0.378704 1.000000
0 919 0.492708 0.493056 0.112500 0.378704 1.000000
0 920 0.492969 0.492593 0.115104 0.379630 1.000000
0 921 0.494010 0.492593 0.114062 0.379630 1.000000
0 922 0.496094 0.492593 0.109896 0.377778 1.000000
0 923 0.495573 0.493519 0.110937 0.377778 1.000000
0 924 0.495573 0.495833 0.109896 0.375000 1.000000
0 925 0.497656 0.500926 0.116146 0.362963 1.000000
0 926 0.500260 0.510648 0.123438 0.341667 1.000000
0 927 0.502344 0.515278 0.126562 0.330556 1.000000
0 928 0.502865 0.520833 0.129688 0.325000 1.000000
0 929 0.503125 0.520370 0.128125 0.322222 1.000000
0 930 0.502344 0.519444 0.127604 0.320370 1.000000
0 931 0.503906 0.520370 0.116146 0.322222 1.000000
0 932 0.507031 0.520370 0.111979 0.322222 1.000000
0 933 0.511458 0.518981 0.120833 0.326852 1.000000
0 934 0.514323 0.512963 0.136979 0.337037 1.000000
0 935 0.515365 0.511111 0.149479 0.338889 1.000000
0 936 0.516406 0.512963 0.150521 0.335185 1.000000
0 937 0.516927 0.512500 0.146354 0.332407 1.000000
0 938 0.521615 0.513889 0.133854 0.335185 1.000000
0 939 0.521615 0.512963 0.131771 0.338889 1.000000
0 940 0.512240 0.510648 0.111979 0.341667 1.000000
0 941 0.513802 0.508333 0.115104 0.342593 1.000000
0 942 0.514583 0.506481 0.117708 0.344444 1.000000
0 943 0.516927 0.506019 0.126562 0.347222 1.000000
0 944 0.519792 0.507407 0.132292 0.344444 1.000000
0 945 0.520312 0.514352 0.134375 0.330556 1.000000
0 946 0.517708 0.512500 0.123958 0.328704 1.000000
0 947 0.515365 0.514352 0.115104 0.325000 1.000000
0 948 0.516406 0.515741 0.108854 0.322222 1.000000
0 949 0.516927 0.514815 0.108854 0.320370 1.000000
0 950 0.519010 0.508796 0.128646 0.330556 1.000000
0 951 0.520573 0.505093 0.148438 0.345370 1.000000
0 952 0.521094 0.502778 0.128646 0.348148 1.000000
0 953 0.521354 0.503241 0.126042 0.345370 1.000000
0 954 0.523958 0.505093 0.122917 0.349074 1.000000
0 955 0.524479 0.503704 0.119792 0.351852 1.000000
0 956 0.524219 0.504167 0.121354 0.350926 1.000000
0 957 0.522917 0.505093 0.120833 0.349074 1.000000
0 958 0.523177 0.507870 0.118229 0.341667 1.000000
0 959 0.515625 0.511111 0.103125 0.335185 1.000000
0 960 0.500521 0.526852 0.082292 0.300000 1.000000
0 961 0.494531 0.533333 0.097396 0.275926 1.000000
0 962 0.490885 0.537037 0.107813 0.270370 1.000000
0 963 0.492188 0.540278 0.110417 0.267593 1.000000
0 964 0.495833 0.536574 0.105208 0.269444 1.000000
0 965 0.514062 0.526389 0.112500 0.287963 1.000000
0 966 0.528385 0.516204 0.120313 0.315741 1.000000
0 967 0.533073 0.508333 0.108854 0.325926 1.000000
0 968 0.531510 0.491667 0.100521 0.337037 1.000000
0 969 0.530208 0.485648 0.096875 0.337963 1.000000
0 970 0.531771 0.484259 0.081250 0.361111 1.000000
0 971 0.538281 0.484259 0.079687 0.366667 1.000000
0 972 0.545052 0.483333 0.082812 0.364815 1.000000
0 973 0.551562 0.486574 0.086458 0.356481 1.000000
0 974 0.552865 0.488889 0.086979 0.348148 1.000000
0 975 0.555729 0.492130 0.092708 0.343519 1.000000
0 976 0.552083 0.484259 0.101042 0.361111 1.000000
0 977 0.549479 0.478704 0.106250 0.359259 1.000000
0 978 0.538542 0.478241 0.097917 0.358333 1.000000
0 979 0.523438 0.479167 0.104167 0.354630 1.000000
0 980 0.504687 0.481019 0.122917 0.354630 1.000000
0 981 0.504948 0.479630 0.108854 0.359259 1.000000
0 982 0.511458 0.479167 0.109375 0.363889 1.000000
0 983 0.517448 0.480556 0.129688 0.364815 1.000000
0 984 0.516146 0.478704 0.138542 0.364815 1.000000
0 985 0.504687 0.476852 0.137500 0.364815 1.000000
0 986 0.493229 0.476852 0.136458 0.351852 1.000000
0 987 0.482292 0.483333 0.138542 0.338889 1.000000
0 988 0.463281 0.499537 0.155729 0.321296 1.000000
0 989 0.455729 0.505093 0.152083 0.310185 1.000000
0 990 0.447135 0.513889 0.135937 0.290741 1.000000
0 991 0.444010 0.514352 0.121354 0.286111 1.000000
0 992 0.446094 0.514815 0.108854 0.290741 1.000000
0 993 0.445052 0.506481 0.092188 0.305556 1.000000
0 994 0.440625 0.501852 0.100000 0.311111 1.000000
0 995 0.420833 0.498611 0.109375 0.330556 1.000000
0 996 0.400260 0.496296 0.116146 0.333333 1.000000
0 997 0.389323 0.496759 0.117188 0.332407 1.000000
0 998 0.393229 0.494444 0.111458 0.337037 1.000000
0 999 0.400260 0.490278 0.098437 0.345370 1.000000
0 1000 0.405729 0.483333 0.104167 0.359259 1.000000
0 1001 0.404427 0.482407 0.096354 0.361111 1.000000
0 1002 0.400260 0.482407 0.088021 0.361111 1.000000
0 1003 0.392708 0.479630 0.078125 0.361111 1.000000
0 1004 0.386198 0.483333 0.067187 0.359259 1.000000
0 1005 0.375000 0.495833 0.080208 0.328704 1.000000
0 1006 0.375260 0.507870 0.090104 0.302778 1.000000
0 1007 0.376042 0.512037 0.095833 0.292593 1.000000
0 1008 0.380208 0.506481 0.103125 0.300000 1.000000
0 1009 0.383854 0.500463 0.101042 0.308333 1.000000
0 1010 0.376563 0.484722 0.062500 0.336111 1.000000
0 1011 0.384635 0.480556 0.077604 0.340741 1.000000
0 1012 0.389323 0.479630 0.094271 0.340741 1.000000
0 1013 0.383854 0.479630 0.126042 0.331481 1.000000
0 1014 0.376563 0.484259 0.154167 0.325926 1.000000
0 1015 0.379427 0.495833 0.153646 0.302778 1.000000
0 1016 0.374479 0.493056 0.130208 0.308333 1.000000
0 1017 0.375260 0.493519 0.128646 0.305556 1.000000
0 1018 0.369010 0.492130 0.131771 0.306481 1.000000
0 1019 0.361198 0.487963 0.131771 0.314815 1.000000
0 1020 0.356510 0.474537 0.097396 0.330556 1.000000
0 1021 0.356250 0.468519 0.071875 0.335185 1.000000
0 1022 0.360156 0.468056 0.070312 0.328704 1.000000
0 1023 0.359635 0.476389 0.074479 0.321296 1.000000
0 1024 0.363021 0.481019 0.076042 0.313889 1.000000
0 1025 0.367188 0.488426 0.078125 0.300926 1.000000
0 1026 0.371094 0.487500 0.080729 0.300926 1.000000
0 1027 0.372917 0.485185 0.078125 0.303704 1.000000
0 1028 0.385417 0.479630 0.069792 0.316667 1.000000
0 1029 0.389583 0.480093 0.069792 0.323148 1.000000
0 1030 0.403646 0.478241 0.076042 0.323148 1.000000
0 1031 0.416667 0.484722 0.083333 0.321296 1.000000
0 1032 0.415365 0.478241 0.075521 0.337963 1.000000
0 1033 0.413281 0.457870 0.066146 0.378704 1.000000
0 1034 0.416406 0.450463 0.067187 0.395370 1.000000
0 1035 0.420833 0.441667 0.072917 0.407407 1.000000
0 1036 0.417187 0.458333 0.090625 0.377778 1.000000
0 1037 0.417448 0.473611 0.093229 0.337963 1.000000
0 1038 0.425781 0.470370 0.085938 0.333333 1.000000
0 1039 0.440625 0.472222 0.082292 0.338889 1.000000
0 1040 0.465365 0.477778 0.095312 0.327778 1.000000
0 1041 0.469792 0.481944 0.101042 0.313889 1.000000
0 1042 0.471354 0.487963 0.101042 0.305556 1.000000
0 1043 0.472135 0.491667 0.101562 0.300000 1.000000
0 1044 0.470833 0.491667 0.097917 0.296296 1.000000
0 1045 0.438542 0.486574 0.111458 0.306481 1.000000
0 1046 0.438021 0.481481 0.080208 0.318519 1.000000
0 1047 0.447135 0.477778 0.072396 0.325926 1.000000
0 1048 0.436198 0.456019 0.101562 0.362037 1.000000
0 1049 0.440625 0.452778 0.120833 0.368519 1.000000
0 1050 0.444792 0.455093 0.069792 0.373148 1.000000
0 1051 0.445052 0.450000 0.061979 0.381481 1.000000
0 1052 0.439323 0.448611 0.088021 0.380556 1.000000
0 1053 0.438802 0.446759 0.116146 0.384259 1.000000
0 1054 0.436198 0.444444 0.109896 0.390741 1.000000
0 1055 0.442708 0.443981 0.087500 0.395370 1.000000
0 1056 0.441406 0.448611 0.083854 0.389815 1.000000
0 1057 0.428646 0.457407 0.098958 0.374074 1.000000
0 1058 0.415365 0.468056 0.118229 0.347222 1.000000
0 1059 0.417448 0.471759 0.123438 0.337963 1.000000
0 1060 0.425521 0.476852 0.115625 0.335185 1.000000
0 1061 0.434115 0.478704 0.079687 0.329630 1.000000
0 1062 0.427083 0.476852 0.071875 0.329630 1.000000
0 1063 0.427604 0.476852 0.078125 0.333333 1.000000
0 1064 0.430208 0.475000 0.089583 0.340741 1.000000
0 1065 0.427604 0.468056 0.112500 0.354630 1.000000
0 1066 0.422135 0.465741 0.132812 0.355556 1.000000
0 1067 0.427865 0.465278 0.128646 0.354630 1.000000
0 1068 0.432031 0.469907 0.136979 0.350926 1.000000
0 1069 0.432552 0.473611 0.145313 0.349074 1.000000
0 1070 0.434375 0.473148 0.156250 0.340741 1.000000
0 1071 0.433594 0.475463 0.160938 0.341667 1.000000
0 1072 0.434115 0.475926 0.154688 0.344444 1.000000
0 1073 0.440104 0.476852 0.130208 0.346296 1.000000
0 1074 0.436719 0.477315 0.107813 0.345370 1.000000
0 1075 0.428125 0.476389 0.081250 0.345370 1.000000
0 1076 0.422917 0.478241 0.088542 0.339815 1.000000
0 1077 0.421615 0.476852 0.102604 0.333333 1.000000
0 1078 0.429427 0.476852 0.103646 0.335185 1.000000
0 1079 0.430729 0.476852 0.104167 0.337037 1.000000
0 1080 0.432292 0.477315 0.102083 0.330556 1.000000
0 1081 0.433073 0.477315 0.101562 0.332407 1.000000
0 1082 0.432812 0.475926 0.100000 0.331481 1.000000
0 1083 0.430990 0.475000 0.104688 0.331481 1.000000
0 1084 0.431510 0.471296 0.114062 0.325926 1.000000
0 1085 0.442969 0.476389 0.148438 0.326852 1.000000
0 1086 0.447396 0.481481 0.165625 0.316667 1.000000
0 1087 0.446615 0.482407 0.168229 0.314815 1.000000
0 1088 0.447135 0.482407 0.172396 0.314815 1.000000
0 1089 0.446615 0.483333 0.174479 0.312963 1.000000
0 1090 0.437500 0.484722 0.160417 0.310185 1.000000
0 1091 0.436979 0.487037 0.162500 0.311111 1.000000
0 1092 0.434115 0.484259 0.149479 0.318519 1.000000
0 1093 0.428385 0.481019 0.109896 0.315741 1.000000
0 1094 0.428385 0.483796 0.104688 0.319444 1.000000
0 1095 0.428125 0.481944 0.107292 0.315741 1.000000
0 1096 0.432812 0.483796 0.118750 0.315741 1.000000
0 1097 0.431510 0.484259 0.117188 0.314815 1.000000
0 1098 0.427865 0.483796 0.104688 0.317593 1.000000
0 1099 0.427604 0.485648 0.104167 0.319444 1.000000
0 1100 0.427083 0.478241 0.104167 0.328704 1.000000
0 1101 0.428385 0.457870 0.103646 0.352778 1.000000
0 1102 0.427604 0.455556 0.097917 0.350000 1.000000
0 1103 0.433854 0.455093 0.096875 0.354630 1.000000
0 1104 0.432031 0.457870 0.085938 0.354630 1.000000
0 1105 0.431771 0.467593 0.073958 0.353704 1.000000
0 1106 0.427604 0.469444 0.072917 0.350000 1.000000
0 1107 0.423698 0.469444 0.070312 0.351852 1.000000
0 1108 0.424219 0.473148 0.068229 0.346296 1.000000
0 1109 0.424740 0.473611 0.070312 0.347222 1.000000
0 1110 0.424740 0.468981 0.063021 0.350926 1.000000
0 1111 0.429167 0.462500 0.069792 0.334259 1.000000
0 1112 0.430469 0.460185 0.075521 0.325926 1.000000
0 1113 0.424219 0.468056 0.072396 0.332407 1.000000
0 1114 0.423698 0.474074 0.075521 0.337037 1.000000
0 1115 0.425521 0.477778 0.087500 0.329630 1.000000
0 1116 0.421875 0.474537 0.119792 0.334259 1.000000
0 1117 0.422396 0.468056 0.125000 0.343519 1.000000
0 1118 0.429427 0.461111 0.120313 0.355556 1.000000
0 1119 0.421875 0.453704 0.120833 0.350000 1.000000
0 1120 0.421094 0.447685 0.109896 0.341667 1.000000
0 1121 0.421875 0.464815 0.094792 0.346296 1.000000
0 1122 0.423958 0.467593 0.085417 0.342593 1.000000
0 1123 0.423698 0.472222 0.080729 0.337037 1.000000
0 1124 0.422656 0.469907 0.083854 0.341667 1.000000
0 1125 0.421354 0.461111 0.096875 0.353704 1.000000
0 1126 0.426042 0.451389 0.129167 0.341667 1.000000
0 1127 0.418490 0.450463 0.164062 0.315741 1.000000
0 1128 0.413542 0.444444 0.191667 0.292593 1.000000
0 1129 0.412240 0.451389 0.184896 0.287963 1.000000
0 1130 0.411458 0.453241 0.159375 0.313889 1.000000
0 1131 0.413021 0.471296 0.060417 0.348148 1.000000
0 1132 0.416146 0.484259 0.052083 0.318519 1.000000
0 1133 0.417448 0.518981 0.056771 0.252778 1.000000
0 1134 0.414583 0.526852 0.052083 0.240741 1.000000
0 1135 0.411979 0.524537 0.052083 0.241667 1.000000
0 1136 0.410938 0.521759 0.055208 0.243519 1.000000
0 1137 0.409635 0.519444 0.057813 0.248148 1.000000
0 1138 0.410156 0.518519 0.064062 0.253704 1.000000
0 1139 0.413281 0.517130 0.053646 0.250926 1.000000
0 1140 0.414583 0.513889 0.055208 0.261111 1.000000
0 1141 0.412240 0.503704 0.056771 0.285185 1.000000
0 1142 0.414323 0.505093 0.049479 0.280556 1.000000
0 1143 0.415625 0.505093 0.056250 0.280556 1.000000
0 1144 0.411979 0.508333 0.062500 0.270370 1.000000
0 1145 0.415104 0.510648 0.064583 0.267593 1.000000
0 1146 0.412760 0.506481 0.064062 0.279630 1.000000
0 1147 0.414844 0.504630 0.063021 0.287037 1.000000
0 1148 0.410677 0.497685 0.063021 0.295370 1.000000
0 1149 0.408333 0.491204 0.059375 0.306481 1.000000
0 1150 0.410677 0.493981 0.066146 0.302778 1.000000
0 1151 0.410156 0.487037 0.061979 0.316667 1.000000
0 1152 0.409375 0.483796 0.062500 0.321296 1.000000
0 1153 0.409115 0.481944 0.060937 0.326852 1.000000
0 1154 0.409635 0.483333 0.070312 0.324074 1.000000
0 1155 0.412760 0.484259 0.068229 0.322222 1.000000
0 1156 0.410677 0.481944 0.068229 0.326852 1.000000
0 1157 0.411458 0.481944 0.066667 0.326852 1.000000
0 1158 0.409375 0.477315 0.060417 0.334259 1.000000
0 1159 0.409375 0.473611 0.057292 0.341667 1.000000
0 1160 0.409375 0.468981 0.054167 0.350926 1.000000
0 1161 0.411719 0.452778 0.070312 0.381481 1.000000
0 1162 0.410417 0.447222 0.083333 0.392593 1.000000
0 1163 0.416927 0.445370 0.132812 0.394444 1.000000
0 1164 0.408854 0.451389 0.172917 0.382407 1.000000
0 1165 0.403385 0.465278 0.175521 0.356481 1.000000
0 1166 0.409635 0.467593 0.131771 0.351852 1.000000
0 1167 0.408073 0.469444 0.130729 0.348148 1.000000
0 1168 0.408073 0.468981 0.134896 0.347222 1.000000
0 1169 0.408073 0.469444 0.136979 0.346296 1.000000
0 1170 0.408073 0.469907 0.132812 0.347222 1.000000
0 1171 0.408073 0.468981 0.117188 0.347222 1.000000
0 1172 0.407813 0.469444 0.104167 0.346296 1.000000
0 1173 0.401562 0.468981 0.095833 0.347222 1.000000
0 1174 0.402083 0.468981 0.102083 0.347222 1.000000
0 1175 0.404687 0.461574 0.141667 0.332407 1.000000
0 1176 0.404687 0.461111 0.171875 0.333333 1.000000
0 1177 0.404948 0.462963 0.172396 0.333333 1.000000
0 1178 0.410417 0.470833 0.152083 0.347222 1.000000
0 1179 0.409115 0.471296 0.130729 0.346296 1.000000
0 1180 0.400260 0.472685 0.101562 0.341667 1.000000
0 1181 0.384896 0.474074 0.081250 0.338889 1.000000
0 1182 0.378906 0.478241 0.082812 0.337963 1.000000
0 1183 0.363281 0.481481 0.099479 0.335185 1.000000
0 1184 0.357552 0.481481 0.097396 0.329630 1.000000
0 1185 0.350260 0.485185 0.093229 0.327778 1.000000
0 1186 0.335677 0.488889 0.086979 0.316667 1.000000
0 1187 0.330469 0.490278 0.086979 0.319444 1.000000
0 1188 0.324479 0.491204 0.083333 0.323148 1.000000
0 1189 0.320312 0.489352 0.088542 0.321296 1.000000
0 1190 0.316927 0.489815 0.080729 0.325926 1.000000
0 1191 0.304427 0.491204 0.086979 0.330556 1.000000
0 1192 0.299740 0.490278 0.090104 0.332407 1.000000
0 1193 0.294010 0.487963 0.084896 0.337037 1.000000
0 1194 0.288542 0.489352 0.088542 0.339815 1.000000
0 1195 0.283594 0.490278 0.092188 0.341667 1.000000
0 1196 0.279167 0.491204 0.090625 0.345370 1.000000
0 1197 0.275000 0.491204 0.089583 0.345370 1.000000
0 1198 0.272656 0.491667 0.085938 0.344444 1.000000
0 1199 0.271354 0.491204 0.085417 0.350926 1.000000
0 1200 0.268490 0.487500 0.079687 0.362037 1.000000
0 1201 0.268490 0.485648 0.069271 0.367593 1.000000
0 1202 0.266146 0.488426 0.068750 0.365741 1.000000
0 1203 0.262500 0.493519 0.081250 0.359259 1.000000
