0 1 0.376953 0.574306 0.027344 0.162500 1.000000
0 2 0.378125 0.573611 0.026562 0.161111 1.000000
0 3 0.379688 0.574306 0.026562 0.162500 1.000000
0 4 0.381250 0.574306 0.026562 0.162500 1.000000
0 5 0.383594 0.574306 0.026562 0.162500 1.000000
0 6 0.387500 0.574306 0.026562 0.162500 1.000000
0 7 0.391406 0.574306 0.026562 0.162500 1.000000
0 8 0.396094 0.575694 0.026562 0.162500 1.000000
0 9 0.400781 0.577083 0.026562 0.162500 1.000000
0 10 0.406250 0.579861 0.025000 0.162500 1.000000
0 11 0.412891 0.579861 0.025781 0.162500 1.000000
0 12 0.419922 0.582639 0.025781 0.162500 1.000000
0 13 0.427734 0.584722 0.025781 0.161111 1.000000
0 14 0.436328 0.586806 0.025781 0.159722 1.000000
0 15 0.445703 0.589583 0.025781 0.159722 1.000000
0 16 0.455859 0.592361 0.025781 0.159722 1.000000
0 17 0.464453 0.595139 0.025781 0.159722 1.000000
0 18 0.476172 0.597917 0.025781 0.159722 1.000000
0 19 0.487109 0.600694 0.025781 0.159722 1.000000
0 20 0.498828 0.600000 0.025781 0.161111 1.000000
0 21 0.510547 0.601389 0.025781 0.158333 1.000000
0 22 0.522266 0.602083 0.025781 0.159722 1.000000
0 23 0.536328 0.602083 0.025781 0.162500 1.000000
0 24 0.549609 0.602083 0.025781 0.159722 1.000000
0 25 0.564453 0.602083 0.025781 0.159722 1.000000
0 26 0.580078 0.602083 0.025781 0.159722 1.000000
0 27 0.595703 0.602083 0.025781 0.162500 1.000000
0 28 0.612109 0.602083 0.025781 0.162500 1.000000
0 29 0.629687 0.601389 0.026562 0.161111 1.000000
0 30 0.629687 0.601389 0.026562 0.161111 1.000000
0 31 0.647266 0.602778 0.027344 0.161111 1.000000
0 32 0.683984 0.604861 0.028906 0.159722 1.000000
0 33 0.702734 0.606250 0.028906 0.159722 1.000000
0 34 0.720703 0.606250 0.028906 0.159722 1.000000
0 35 0.740234 0.607639 0.028906 0.162500 1.000000
0 36 0.758984 0.607639 0.028906 0.162500 1.000000
0 37 0.777734 0.609028 0.028906 0.162500 1.000000
0 38 0.795703 0.609028 0.028906 0.162500 1.000000
0 39 0.812109 0.609028 0.028906 0.162500 1.000000
0 40 0.828516 0.609722 0.028906 0.163889 1.000000
0 41 0.844141 0.607639 0.028906 0.165278 1.000000
0 42 0.858984 0.609028 0.028906 0.168056 1.000000
0 43 0.873047 0.609028 0.028906 0.165278 1.000000
0 44 0.883984 0.608333 0.028906 0.166667 1.000000
0 45 0.894141 0.608333 0.028906 0.169444 1.000000
0 46 0.901953 0.606944 0.028906 0.169444 1.000000
0 47 0.908203 0.606250 0.028906 0.170833 1.000000
0 48 0.913672 0.604861 0.028906 0.170833 1.000000
0 49 0.916797 0.604861 0.028906 0.170833 1.000000
0 50 0.918359 0.602083 0.028906 0.170833 1.000000
0 51 0.918359 0.599306 0.028906 0.170833 1.000000
0 52 0.916016 0.597917 0.030469 0.168056 1.000000
0 53 0.912891 0.595139 0.030469 0.168056 1.000000
0 54 0.909375 0.595139 0.031250 0.168056 1.000000
0 55 0.903906 0.595139 0.031250 0.168056 1.000000
0 56 0.897656 0.595139 0.029687 0.168056 1.000000
0 57 0.892188 0.594444 0.026562 0.166667 1.000000
0 58 0.885156 0.594444 0.026562 0.166667 1.000000
0 59 0.878906 0.595833 0.032813 0.163889 1.000000
0 60 0.871094 0.597222 0.037500 0.161111 1.000000
0 61 0.860938 0.598611 0.046875 0.158333 1.000000
0 62 0.850391 0.602778 0.057031 0.147222 1.000000
0 63 0.839453 0.602778 0.064844 0.141667 1.000000
0 64 0.828516 0.604167 0.067969 0.138889 1.000000
0 65 0.816797 0.604861 0.071094 0.137500 1.000000
0 66 0.805859 0.604861 0.071094 0.137500 1.000000
0 67 0.794531 0.606944 0.065625 0.144444 1.000000
0 68 0.781250 0.608333 0.059375 0.147222 1.000000
0 69 0.767188 0.609722 0.053125 0.147222 1.000000
0 70 0.751953 0.609722 0.046094 0.144444 1.000000
0 71 0.737500 0.609722 0.040625 0.144444 1.000000
0 72 0.717187 0.609722 0.040625 0.144444 1.000000
0 73 0.699219 0.609722 0.051562 0.144444 1.000000
0 74 0.689844 0.608333 0.054688 0.147222 1.000000
0 75 0.679688 0.609028 0.053125 0.148611 1.000000
0 76 0.667578 0.605556 0.052344 0.141667 1.000000
0 77 0.654297 0.609722 0.052344 0.141667 1.000000
0 78 0.644922 0.610417 0.046094 0.134722 1.000000
0 79 0.638281 0.613194 0.043750 0.137500 1.000000
0 80 0.631641 0.616667 0.038281 0.138889 1.000000
0 81 0.625391 0.615278 0.038281 0.141667 1.000000
0 82 0.619531 0.615278 0.039062 0.147222 1.000000
0 83 0.614062 0.608333 0.039062 0.141667 1.000000
0 84 0.608594 0.601389 0.039062 0.141667 1.000000
0 85 0.605859 0.601389 0.036719 0.141667 1.000000
0 86 0.603516 0.606250 0.036719 0.148611 1.000000
0 87 0.599609 0.604167 0.036719 0.150000 1.000000
0 88 0.597656 0.606944 0.034375 0.172222 1.000000
0 89 0.596094 0.600000 0.034375 0.188889 1.000000
0 90 0.591797 0.602083 0.038281 0.193056 1.000000
0 91 0.589453 0.609722 0.038281 0.183333 1.000000
0 92 0.588672 0.614583 0.038281 0.176389 1.000000
0 93 0.588672 0.618750 0.038281 0.165278 1.000000
0 94 0.587891 0.625694 0.038281 0.154167 1.000000
0 95 0.588672 0.626389 0.038281 0.150000 1.000000
0 96 0.589453 0.625694 0.039844 0.151389 1.000000
0 97 0.589453 0.622917 0.039844 0.151389 1.000000
0 98 0.590625 0.623611 0.042188 0.152778 1.000000
0 99 0.591797 0.623611 0.042969 0.152778 1.000000
0 100 0.598047 0.624306 0.055469 0.154167 1.000000
0 101 0.601172 0.624306 0.058594 0.154167 1.000000
0 102 0.603516 0.624306 0.064844 0.154167 1.000000
0 103 0.605078 0.624306 0.064844 0.154167 1.000000
0 104 0.607422 0.624306 0.064844 0.154167 1.000000
0 105 0.609766 0.624306 0.060156 0.154167 1.000000
0 106 0.612891 0.623611 0.053906 0.152778 1.000000
0 107 0.617969 0.622222 0.046875 0.158333 1.000000
0 108 0.620703 0.621528 0.041406 0.156944 1.000000
0 109 0.623828 0.620833 0.036719 0.161111 1.000000
0 110 0.625781 0.618750 0.034375 0.165278 1.000000
0 111 0.627734 0.618750 0.030469 0.165278 1.000000
0 112 0.629297 0.618056 0.027344 0.166667 1.000000
0 113 0.629687 0.619444 0.028125 0.169444 1.000000
0 114 0.631641 0.619444 0.032031 0.169444 1.000000
0 115 0.632422 0.619444 0.033594 0.169444 1.000000
0 116 0.633594 0.620139 0.034375 0.170833 1.000000
0 117 0.634766 0.620139 0.035156 0.173611 1.000000
0 118 0.636328 0.619444 0.033594 0.172222 1.000000
0 119 0.640234 0.620139 0.032031 0.173611 1.000000
0 120 0.641797 0.620139 0.032031 0.173611 1.000000
0 121 0.645703 0.618750 0.032031 0.173611 1.000000
0 122 0.648438 0.619444 0.031250 0.175000 1.000000
0 123 0.652734 0.618750 0.030469 0.176389 1.000000
0 124 0.658594 0.617361 0.028125 0.176389 1.000000
0 125 0.664062 0.617361 0.028125 0.173611 1.000000
0 126 0.670312 0.615278 0.029687 0.175000 1.000000
0 127 0.676953 0.613194 0.028906 0.170833 1.000000
0 128 0.685156 0.610417 0.029687 0.170833 1.000000
0 129 0.692187 0.607639 0.029687 0.168056 1.000000
0 130 0.698438 0.606250 0.031250 0.165278 1.000000
0 131 0.705469 0.606250 0.031250 0.165278 1.000000
0 132 0.711719 0.604861 0.034375 0.165278 1.000000
0 133 0.717969 0.604861 0.034375 0.165278 1.000000
0 134 0.725000 0.604861 0.034375 0.165278 1.000000
0 135 0.731641 0.604861 0.036719 0.165278 1.000000
0 136 0.737500 0.604167 0.032813 0.163889 1.000000
0 137 0.741797 0.603472 0.030469 0.162500 1.000000
0 138 0.745703 0.602083 0.025781 0.165278 1.000000
0 139 0.751953 0.603472 0.028906 0.165278 1.000000
0 140 0.759766 0.602083 0.033594 0.165278 1.000000
0 141 0.765625 0.600694 0.037500 0.165278 1.000000
0 142 0.771484 0.600694 0.039844 0.168056 1.000000
0 143 0.776953 0.602083 0.041406 0.168056 1.000000
0 144 0.782422 0.600694 0.042969 0.168056 1.000000
0 145 0.789453 0.600000 0.042969 0.169444 1.000000
0 146 0.794141 0.598611 0.042969 0.169444 1.000000
0 147 0.799609 0.598611 0.044531 0.169444 1.000000
0 148 0.805859 0.599306 0.044531 0.170833 1.000000
0 149 0.810547 0.599306 0.044531 0.170833 1.000000
0 150 0.815234 0.600694 0.044531 0.173611 1.000000
0 151 0.820703 0.599306 0.042969 0.173611 1.000000
0 152 0.825391 0.599306 0.042969 0.173611 1.000000
0 153 0.830078 0.600694 0.042969 0.176389 1.000000
0 154 0.835547 0.600694 0.042969 0.176389 1.000000
0 155 0.838672 0.599306 0.042969 0.173611 1.000000
0 156 0.843750 0.598611 0.040625 0.175000 1.000000
0 157 0.847266 0.597917 0.039844 0.176389 1.000000
0 158 0.851953 0.593750 0.036719 0.176389 1.000000
0 159 0.857031 0.590972 0.032813 0.176389 1.000000
0 160 0.859766 0.588889 0.030469 0.175000 1.000000
0 161 0.862891 0.587500 0.027344 0.175000 1.000000
0 162 0.862891 0.587500 0.027344 0.175000 1.000000
0 163 0.864453 0.588194 0.028906 0.173611 1.000000
0 164 0.863672 0.592361 0.027344 0.170833 1.000000
0 165 0.862500 0.592361 0.031250 0.168056 1.000000
0 166 0.860156 0.592361 0.032813 0.168056 1.000000
0 167 0.857812 0.592361 0.037500 0.165278 1.000000
0 168 0.855078 0.592361 0.039844 0.162500 1.000000
0 169 0.850391 0.593750 0.042969 0.162500 1.000000
0 170 0.846094 0.593750 0.054688 0.156944 1.000000
0 171 0.839844 0.593056 0.057813 0.147222 1.000000
0 172 0.831641 0.592361 0.063281 0.145833 1.000000
0 173 0.819141 0.590972 0.064844 0.140278 1.000000
0 174 0.808594 0.587500 0.060937 0.141667 1.000000
0 175 0.800000 0.584722 0.060937 0.141667 1.000000
0 176 0.788281 0.582639 0.056250 0.145833 1.000000
0 177 0.780078 0.581250 0.053906 0.145833 1.000000
0 178 0.766797 0.581250 0.053906 0.148611 1.000000
0 179 0.754687 0.579861 0.048438 0.148611 1.000000
0 180 0.742578 0.579167 0.041406 0.152778 1.000000
0 181 0.729688 0.576389 0.035937 0.152778 1.000000
0 182 0.717969 0.575694 0.034375 0.154167 1.000000
0 183 0.708594 0.575694 0.032813 0.154167 1.000000
0 184 0.699609 0.572222 0.030469 0.155556 1.000000
0 185 0.689453 0.572222 0.030469 0.155556 1.000000
0 186 0.678516 0.570139 0.033594 0.148611 1.000000
0 187 0.670312 0.568750 0.037500 0.140278 1.000000
0 188 0.662500 0.570833 0.042188 0.138889 1.000000
0 189 0.653125 0.569444 0.046875 0.136111 1.000000
0 190 0.646875 0.568056 0.046875 0.136111 1.000000
0 191 0.635547 0.566667 0.052344 0.136111 1.000000
0 192 0.625000 0.566667 0.057813 0.138889 1.000000
0 193 0.616797 0.571528 0.055469 0.145833 1.000000
0 194 0.607422 0.572917 0.053906 0.145833 1.000000
0 195 0.598828 0.573611 0.044531 0.144444 1.000000
0 196 0.590625 0.572917 0.035937 0.143056 1.000000
0 197 0.587500 0.574306 0.035937 0.143056 1.000000
0 198 0.582812 0.574306 0.035937 0.143056 1.000000
0 199 0.579688 0.572917 0.035937 0.143056 1.000000
0 200 0.574609 0.572222 0.038281 0.147222 1.000000
0 201 0.569922 0.565972 0.038281 0.159722 1.000000
0 202 0.566406 0.567361 0.035937 0.159722 1.000000
0 203 0.563281 0.564583 0.035937 0.159722 1.000000
0 204 0.560156 0.562500 0.035937 0.166667 1.000000
0 205 0.558594 0.561111 0.034375 0.169444 1.000000
0 206 0.556250 0.559722 0.032813 0.172222 1.000000
0 207 0.554297 0.556944 0.035156 0.175000 1.000000
0 208 0.552734 0.554167 0.035156 0.180556 1.000000
0 209 0.551172 0.550000 0.035156 0.186111 1.000000
0 210 0.550391 0.549306 0.035156 0.184722 1.000000
0 211 0.548828 0.553472 0.035156 0.176389 1.000000
0 212 0.548047 0.556944 0.035156 0.163889 1.000000
0 213 0.546484 0.562500 0.036719 0.147222 1.000000
0 214 0.545703 0.569444 0.036719 0.130556 1.000000
0 215 0.545312 0.572222 0.039062 0.125000 1.000000
0 216 0.545312 0.575000 0.039062 0.116667 1.000000
0 217 0.545312 0.578472 0.040625 0.109722 1.000000
0 218 0.546094 0.581250 0.043750 0.104167 1.000000
0 219 0.546875 0.584722 0.043750 0.100000 1.000000
0 220 0.548438 0.585417 0.045312 0.090278 1.000000
0 221 0.552734 0.586806 0.052344 0.084722 1.000000
0 222 0.557031 0.588889 0.059375 0.083333 1.000000
0 223 0.559375 0.588194 0.062500 0.079167 1.000000
0 224 0.560156 0.584028 0.062500 0.079167 1.000000
0 225 0.560156 0.583333 0.059375 0.077778 1.000000
0 226 0.564453 0.581250 0.063281 0.076389 1.000000
0 227 0.568359 0.579861 0.064844 0.073611 1.000000
0 228 0.572266 0.582639 0.064844 0.073611 1.000000
0 229 0.576172 0.583333 0.064844 0.072222 1.000000
0 230 0.579297 0.589583 0.064844 0.081944 1.000000
0 231 0.583203 0.590278 0.063281 0.080556 1.000000
0 232 0.587500 0.595833 0.059375 0.069444 1.000000
0 233 0.593750 0.591667 0.059375 0.075000 1.000000
0 234 0.596484 0.590278 0.057031 0.080556 1.000000
0 235 0.598437 0.589583 0.060937 0.081944 1.000000
0 236 0.600000 0.592361 0.059375 0.079167 1.000000
0 237 0.601172 0.592361 0.053906 0.079167 1.000000
0 238 0.602734 0.591667 0.057031 0.077778 1.000000
0 239 0.606250 0.591667 0.054688 0.077778 1.000000
0 240 0.608203 0.591667 0.053906 0.077778 1.000000
0 241 0.610547 0.591667 0.053906 0.077778 1.000000
0 242 0.614453 0.591667 0.053906 0.077778 1.000000
0 243 0.617188 0.591667 0.056250 0.077778 1.000000
0 244 0.620313 0.590972 0.056250 0.076389 1.000000
0 245 0.626563 0.590972 0.056250 0.076389 1.000000
0 246 0.631250 0.590972 0.056250 0.076389 1.000000
0 247 0.639062 0.590972 0.056250 0.079167 1.000000
0 248 0.646875 0.590972 0.054688 0.076389 1.000000
0 249 0.654687 0.590972 0.050000 0.076389 1.000000
0 250 0.663672 0.590972 0.046094 0.076389 1.000000
0 251 0.670312 0.590972 0.046875 0.079167 1.000000
0 252 0.678906 0.589583 0.045312 0.079167 1.000000
0 253 0.685156 0.589583 0.046875 0.079167 1.000000
0 254 0.692187 0.589583 0.048438 0.079167 1.000000
0 255 0.698438 0.589583 0.048438 0.079167 1.000000
0 256 0.705859 0.587500 0.049219 0.080556 1.000000
0 257 0.713672 0.586806 0.049219 0.081944 1.000000
0 258 0.719531 0.586806 0.045312 0.084722 1.000000
0 259 0.726953 0.584722 0.046094 0.088889 1.000000
0 260 0.734766 0.582639 0.042969 0.093056 1.000000
0 261 0.740625 0.578472 0.039062 0.095833 1.000000
0 262 0.746875 0.576389 0.039062 0.100000 1.000000
0 263 0.753906 0.570139 0.042188 0.109722 1.000000
0 264 0.761719 0.567361 0.040625 0.118056 1.000000
0 265 0.770703 0.565278 0.039844 0.122222 1.000000
0 266 0.779687 0.562500 0.039062 0.127778 1.000000
0 267 0.786719 0.562500 0.039062 0.127778 1.000000
0 268 0.793750 0.562500 0.042188 0.130556 1.000000
0 269 0.800391 0.560417 0.044531 0.137500 1.000000
0 270 0.806641 0.560417 0.044531 0.137500 1.000000
0 271 0.814844 0.559028 0.039062 0.140278 1.000000
0 272 0.820312 0.560417 0.039062 0.143056 1.000000
0 273 0.823438 0.561806 0.039062 0.143056 1.000000
0 274 0.826172 0.561111 0.041406 0.141667 1.000000
0 275 0.830469 0.560417 0.043750 0.143056 1.000000
0 276 0.833594 0.562500 0.051562 0.141667 1.000000
0 277 0.833594 0.561806 0.053125 0.143056 1.000000
0 278 0.832422 0.561806 0.053906 0.143056 1.000000
0 279 0.828516 0.561806 0.055469 0.143056 1.000000
0 280 0.823828 0.561111 0.055469 0.141667 1.000000
0 281 0.816797 0.560417 0.058594 0.145833 1.000000
0 282 0.806641 0.558333 0.055469 0.150000 1.000000
0 283 0.798828 0.553472 0.052344 0.151389 1.000000
0 284 0.791016 0.552083 0.049219 0.154167 1.000000
0 285 0.784375 0.552083 0.043750 0.154167 1.000000
0 286 0.775391 0.550000 0.041406 0.155556 1.000000
0 287 0.764453 0.551389 0.042969 0.155556 1.000000
0 288 0.752344 0.552083 0.048438 0.156944 1.000000
0 289 0.742188 0.556944 0.048438 0.155556 1.000000
0 290 0.732812 0.555556 0.051562 0.152778 1.000000
0 291 0.724609 0.558333 0.052344 0.150000 1.000000
0 292 0.717578 0.556944 0.050781 0.147222 1.000000
0 293 0.710938 0.555556 0.048438 0.150000 1.000000
0 294 0.710938 0.555556 0.048438 0.150000 1.000000
0 295 0.706641 0.552778 0.042969 0.152778 1.000000
0 296 0.696875 0.547222 0.037500 0.158333 1.000000
0 297 0.691406 0.544444 0.034375 0.158333 1.000000
0 298 0.683984 0.540972 0.030469 0.156944 1.000000
0 299 0.678125 0.540972 0.028125 0.156944 1.000000
0 300 0.673438 0.540972 0.028125 0.156944 1.000000
0 301 0.669141 0.540972 0.027344 0.156944 1.000000
0 302 0.666016 0.539583 0.027344 0.154167 1.000000
0 303 0.662891 0.540972 0.030469 0.154167 1.000000
0 304 0.658984 0.540972 0.032031 0.154167 1.000000
0 305 0.655859 0.539583 0.032031 0.154167 1.000000
0 306 0.654297 0.538194 0.033594 0.154167 1.000000
0 307 0.652344 0.536111 0.031250 0.150000 1.000000
0 308 0.651563 0.536111 0.031250 0.150000 1.000000
0 309 0.651563 0.534722 0.031250 0.150000 1.000000
0 310 0.651563 0.530556 0.032813 0.147222 1.000000
0 311 0.651953 0.529861 0.033594 0.145833 1.000000
0 312 0.651953 0.529167 0.033594 0.144444 1.000000
0 313 0.651953 0.527778 0.033594 0.144444 1.000000
0 314 0.650781 0.526389 0.034375 0.141667 1.000000
0 315 0.651953 0.525000 0.036719 0.141667 1.000000
0 316 0.651953 0.525000 0.039844 0.141667 1.000000
0 317 0.652734 0.525000 0.039844 0.141667 1.000000
0 318 0.654297 0.525000 0.039844 0.141667 1.000000
0 319 0.655859 0.525000 0.039844 0.141667 1.000000
0 320 0.657813 0.525694 0.035937 0.140278 1.000000
0 321 0.657813 0.528472 0.035937 0.143056 1.000000
0 322 0.658594 0.530556 0.034375 0.144444 1.000000
0 323 0.658594 0.533333 0.034375 0.147222 1.000000
0 324 0.658594 0.535417 0.034375 0.148611 1.000000
0 325 0.660156 0.539583 0.040625 0.148611 1.000000
0 326 0.661328 0.540972 0.044531 0.148611 1.000000
0 327 0.662891 0.543750 0.044531 0.148611 1.000000
0 328 0.663672 0.546528 0.044531 0.148611 1.000000
0 329 0.663672 0.546528 0.044531 0.148611 1.000000
0 330 0.664062 0.546528 0.040625 0.143056 1.000000
0 331 0.663672 0.545833 0.038281 0.138889 1.000000
0 332 0.664062 0.545833 0.034375 0.138889 1.000000
0 333 0.664844 0.547222 0.032813 0.138889 1.000000
0 334 0.667188 0.548611 0.032813 0.138889 1.000000
0 335 0.668750 0.551389 0.032813 0.138889 1.000000
0 336 0.669531 0.552778 0.032813 0.144444 1.000000
0 337 0.672656 0.552778 0.035937 0.144444 1.000000
0 338 0.674219 0.554167 0.035937 0.144444 1.000000
0 339 0.677344 0.553472 0.037500 0.145833 1.000000
0 340 0.678906 0.553472 0.037500 0.145833 1.000000
0 341 0.681641 0.554167 0.039844 0.147222 1.000000
0 342 0.685547 0.554167 0.039844 0.147222 1.000000
0 343 0.687109 0.554167 0.039844 0.147222 1.000000
0 344 0.690625 0.550694 0.037500 0.148611 1.000000
0 345 0.692187 0.552083 0.037500 0.148611 1.000000
0 346 0.696484 0.552083 0.035156 0.148611 1.000000
0 347 0.699609 0.551389 0.033594 0.147222 1.000000
0 348 0.703125 0.548611 0.032813 0.147222 1.000000
0 349 0.706641 0.548611 0.032031 0.147222 1.000000
0 350 0.711328 0.548611 0.032031 0.147222 1.000000
0 351 0.716797 0.548611 0.030469 0.147222 1.000000
0 352 0.722656 0.546528 0.032813 0.148611 1.000000
0 353 0.729688 0.546528 0.032813 0.148611 1.000000
0 354 0.735938 0.546528 0.035937 0.151389 1.000000
0 355 0.743359 0.546528 0.038281 0.156944 1.000000
0 356 0.750781 0.549306 0.039062 0.162500 1.000000
0 357 0.758594 0.551389 0.040625 0.166667 1.000000
0 358 0.766016 0.553472 0.039844 0.170833 1.000000
0 359 0.773047 0.554861 0.039844 0.170833 1.000000
0 360 0.780859 0.556944 0.038281 0.169444 1.000000
0 361 0.789453 0.559722 0.038281 0.169444 1.000000
0 362 0.795703 0.561806 0.039844 0.170833 1.000000
0 363 0.802734 0.564583 0.039844 0.176389 1.000000
0 364 0.809766 0.567361 0.039844 0.176389 1.000000
0 365 0.818359 0.568056 0.038281 0.175000 1.000000
0 366 0.826172 0.570139 0.038281 0.170833 1.000000
0 367 0.833594 0.569444 0.040625 0.169444 1.000000
0 368 0.842969 0.570833 0.037500 0.169444 1.000000
0 369 0.852734 0.572222 0.036719 0.169444 1.000000
0 370 0.861328 0.573611 0.033594 0.169444 1.000000
0 371 0.867188 0.576389 0.032813 0.166667 1.000000
0 372 0.875000 0.575694 0.034375 0.170833 1.000000
0 373 0.881641 0.565972 0.036719 0.190278 1.000000
0 374 0.885547 0.562500 0.042969 0.191667 1.000000
0 375 0.890625 0.562500 0.046875 0.200000 1.000000
0 376 0.893750 0.559722 0.046875 0.197222 1.000000
0 377 0.897656 0.560417 0.045312 0.198611 1.000000
0 378 0.900781 0.559028 0.040625 0.198611 1.000000
0 379 0.901563 0.554861 0.037500 0.187500 1.000000
0 380 0.900781 0.554861 0.032813 0.187500 1.000000
0 381 0.901172 0.555556 0.035156 0.186111 1.000000
0 382 0.900000 0.556944 0.032813 0.188889 1.000000
0 383 0.899609 0.559722 0.030469 0.194444 1.000000
