0 499 0.983203 0.834722 0.033594 0.141667 1.000000
0 500 0.975000 0.821528 0.050000 0.162500 1.000000
0 501 0.957031 0.820139 0.051562 0.162500 1.000000
0 502 0.937109 0.817361 0.052344 0.168056 1.000000
0 503 0.917188 0.812500 0.054688 0.169444 1.000000
0 504 0.897656 0.810417 0.054688 0.170833 1.000000
0 505 0.877344 0.806250 0.054688 0.168056 1.000000
0 506 0.857031 0.802778 0.051562 0.161111 1.000000
0 507 0.836719 0.800000 0.046875 0.155556 1.000000
0 508 0.816797 0.802083 0.042969 0.154167 1.000000
0 509 0.796484 0.802778 0.044531 0.155556 1.000000
0 510 0.775000 0.801389 0.050000 0.158333 1.000000
0 511 0.757031 0.799306 0.054688 0.159722 1.000000
0 512 0.741406 0.797222 0.057813 0.161111 1.000000
0 513 0.725391 0.793750 0.060156 0.154167 1.000000
0 514 0.711719 0.790972 0.060937 0.151389 1.000000
0 515 0.697266 0.790278 0.060156 0.150000 1.000000
0 516 0.685547 0.791667 0.055469 0.150000 1.000000
0 517 0.675391 0.790972 0.050781 0.151389 1.000000
0 518 0.665625 0.790972 0.048438 0.154167 1.000000
0 519 0.653125 0.787500 0.054688 0.155556 1.000000
0 520 0.642188 0.786111 0.056250 0.161111 1.000000
0 521 0.633594 0.779861 0.057813 0.154167 1.000000
0 522 0.623437 0.777083 0.060937 0.151389 1.000000
0 523 0.616016 0.778472 0.057031 0.151389 1.000000
0 524 0.608203 0.779167 0.050781 0.152778 1.000000
0 525 0.602344 0.779167 0.045312 0.152778 1.000000
0 526 0.596875 0.779861 0.040625 0.154167 1.000000
0 527 0.587500 0.779167 0.046875 0.155556 1.000000
0 528 0.580078 0.777778 0.050781 0.158333 1.000000
0 529 0.573438 0.775694 0.054688 0.156944 1.000000
0 530 0.568750 0.774306 0.059375 0.154167 1.000000
0 531 0.564844 0.775000 0.057813 0.152778 1.000000
0 532 0.561719 0.776389 0.054688 0.152778 1.000000
0 533 0.561719 0.777778 0.048438 0.155556 1.000000
0 534 0.562109 0.776389 0.042969 0.158333 1.000000
0 535 0.556250 0.772917 0.046875 0.162500 1.000000
0 536 0.551562 0.771528 0.050000 0.165278 1.000000
0 537 0.546875 0.765278 0.053125 0.158333 1.000000
0 538 0.544141 0.763194 0.053906 0.156944 1.000000
0 539 0.541797 0.763889 0.049219 0.155556 1.000000
0 540 0.540625 0.765278 0.043750 0.155556 1.000000
0 541 0.542578 0.765278 0.035156 0.155556 1.000000
0 542 0.539844 0.765278 0.035937 0.158333 1.000000
0 543 0.536328 0.761806 0.044531 0.162500 1.000000
0 544 0.532031 0.761111 0.050000 0.161111 1.000000
0 545 0.529297 0.754167 0.053906 0.150000 1.000000
0 546 0.527734 0.754167 0.057031 0.150000 1.000000
0 547 0.525781 0.755556 0.050000 0.150000 1.000000
0 548 0.528516 0.755556 0.047656 0.150000 1.000000
0 549 0.529297 0.756944 0.041406 0.152778 1.000000
0 550 0.525781 0.754167 0.043750 0.158333 1.000000
0 551 0.521875 0.752083 0.048438 0.159722 1.000000
0 552 0.518359 0.743056 0.050781 0.147222 1.000000
0 553 0.516406 0.740278 0.051562 0.147222 1.000000
0 554 0.513672 0.740278 0.049219 0.147222 1.000000
0 555 0.512500 0.741667 0.042188 0.150000 1.000000
0 556 0.513281 0.740278 0.035937 0.152778 1.000000
0 557 0.510156 0.738889 0.037500 0.155556 1.000000
0 558 0.505469 0.735417 0.043750 0.159722 1.000000
0 559 0.501953 0.729167 0.049219 0.152778 1.000000
0 560 0.501953 0.725694 0.053906 0.148611 1.000000
0 561 0.501563 0.722917 0.053125 0.145833 1.000000
0 562 0.499609 0.724306 0.052344 0.148611 1.000000
0 563 0.503125 0.725000 0.050000 0.150000 1.000000
0 564 0.504687 0.722222 0.043750 0.150000 1.000000
0 565 0.501563 0.720833 0.045312 0.155556 1.000000
0 566 0.499219 0.718750 0.050000 0.156944 1.000000
0 567 0.497656 0.711111 0.051562 0.147222 1.000000
0 568 0.496094 0.708333 0.051562 0.144444 1.000000
0 569 0.496484 0.708333 0.047656 0.147222 1.000000
0 570 0.497656 0.708333 0.039062 0.147222 1.000000
0 571 0.497656 0.707639 0.035937 0.145833 1.000000
0 572 0.492969 0.705556 0.045312 0.147222 1.000000
0 573 0.489453 0.704861 0.052344 0.148611 1.000000
0 574 0.491406 0.699306 0.057813 0.143056 1.000000
0 575 0.491406 0.697222 0.054688 0.138889 1.000000
0 576 0.493750 0.698611 0.046875 0.141667 1.000000
0 577 0.501563 0.697917 0.043750 0.143056 1.000000
0 578 0.504297 0.695833 0.047656 0.144444 1.000000
0 579 0.504297 0.693056 0.053906 0.147222 1.000000
0 580 0.505078 0.686806 0.057031 0.140278 1.000000
0 581 0.507031 0.682639 0.059375 0.134722 1.000000
0 582 0.510938 0.682639 0.053125 0.134722 1.000000
0 583 0.517578 0.684722 0.042969 0.136111 1.000000
0 584 0.520312 0.683333 0.040625 0.136111 1.000000
0 585 0.520312 0.681944 0.053125 0.138889 1.000000
0 586 0.521094 0.679167 0.057813 0.138889 1.000000
0 587 0.526172 0.675694 0.064844 0.134722 1.000000
0 588 0.529687 0.673611 0.060937 0.136111 1.000000
0 589 0.534375 0.671528 0.050000 0.137500 1.000000
0 590 0.543750 0.670139 0.045312 0.140278 1.000000
0 591 0.549219 0.668750 0.050000 0.145833 1.000000
0 592 0.551562 0.665278 0.056250 0.147222 1.000000
0 593 0.553906 0.658333 0.059375 0.138889 1.000000
0 594 0.560156 0.656250 0.064062 0.140278 1.000000
0 595 0.566016 0.656250 0.060156 0.145833 1.000000
0 596 0.572266 0.657639 0.049219 0.148611 1.000000
0 597 0.578906 0.656944 0.035937 0.150000 1.000000
0 598 0.585547 0.654167 0.038281 0.152778 1.000000
0 599 0.588281 0.652778 0.046875 0.152778 1.000000
0 600 0.591797 0.647222 0.052344 0.144444 1.000000
0 601 0.598437 0.647222 0.062500 0.144444 1.000000
0 602 0.603125 0.647222 0.057813 0.144444 1.000000
0 603 0.603906 0.647222 0.042188 0.144444 1.000000
0 604 0.613281 0.645833 0.039062 0.147222 1.000000
0 605 0.613281 0.642361 0.037500 0.148611 1.000000
0 606 0.611719 0.638889 0.043750 0.152778 1.000000
0 607 0.611328 0.629861 0.049219 0.143056 1.000000
0 608 0.612891 0.627083 0.058594 0.143056 1.000000
0 609 0.613281 0.627778 0.054688 0.144444 1.000000
0 610 0.610938 0.626389 0.043750 0.144444 1.000000
0 611 0.612500 0.625000 0.034375 0.147222 1.000000
0 612 0.612500 0.622222 0.032813 0.150000 1.000000
0 613 0.609375 0.618750 0.039062 0.154167 1.000000
0 614 0.604688 0.610417 0.048438 0.143056 1.000000
0 615 0.603906 0.608333 0.054688 0.144444 1.000000
0 616 0.602344 0.605556 0.054688 0.141667 1.000000
0 617 0.600000 0.607639 0.046875 0.143056 1.000000
0 618 0.601562 0.606250 0.043750 0.143056 1.000000
0 619 0.603125 0.606250 0.037500 0.145833 1.000000
0 620 0.598047 0.602778 0.042969 0.147222 1.000000
0 621 0.593750 0.600000 0.045312 0.144444 1.000000
0 622 0.590625 0.594444 0.046875 0.136111 1.000000
0 623 0.589453 0.593056 0.046094 0.136111 1.000000
0 624 0.588281 0.593750 0.040625 0.134722 1.000000
0 625 0.589844 0.593056 0.031250 0.133333 1.000000
0 626 0.585938 0.592361 0.039062 0.134722 1.000000
0 627 0.583594 0.590278 0.048438 0.136111 1.000000
0 628 0.582031 0.586806 0.053125 0.134722 1.000000
0 629 0.585938 0.584028 0.062500 0.131944 1.000000
0 630 0.585938 0.584722 0.062500 0.133333 1.000000
0 631 0.583984 0.584722 0.049219 0.136111 1.000000
0 632 0.587500 0.581944 0.043750 0.136111 1.000000
0 633 0.591016 0.579167 0.038281 0.141667 1.000000
0 634 0.587500 0.576389 0.043750 0.144444 1.000000
0 635 0.584766 0.568056 0.047656 0.136111 1.000000
0 636 0.584375 0.565972 0.051562 0.137500 1.000000
0 637 0.587891 0.566667 0.058594 0.138889 1.000000
0 638 0.588281 0.567361 0.054688 0.140278 1.000000
0 639 0.587109 0.567361 0.041406 0.140278 1.000000
0 640 0.589063 0.568056 0.034375 0.141667 1.000000
0 641 0.589844 0.565278 0.032813 0.144444 1.000000
0 642 0.588281 0.562500 0.042188 0.147222 1.000000
0 643 0.587109 0.559722 0.047656 0.141667 1.000000
0 644 0.589844 0.556944 0.054688 0.141667 1.000000
0 645 0.592187 0.556944 0.056250 0.141667 1.000000
0 646 0.591797 0.557639 0.044531 0.140278 1.000000
0 647 0.596484 0.554861 0.039844 0.140278 1.000000
0 648 0.600000 0.554167 0.032813 0.138889 1.000000
0 649 0.599219 0.552083 0.032813 0.134722 1.000000
0 650 0.599609 0.550694 0.033594 0.131944 1.000000
0 651 0.600000 0.551389 0.032813 0.130556 1.000000
0 652 0.601562 0.552083 0.034375 0.126389 1.000000
0 653 0.603516 0.552778 0.039844 0.125000 1.000000
0 654 0.607812 0.551389 0.050000 0.122222 1.000000
0 655 0.609375 0.549306 0.062500 0.120833 1.000000
0 656 0.609766 0.548611 0.066406 0.119444 1.000000
0 657 0.609766 0.547917 0.058594 0.118056 1.000000
0 658 0.611719 0.547222 0.048438 0.119444 1.000000
0 659 0.616797 0.545139 0.042969 0.123611 1.000000
0 660 0.621094 0.543056 0.039062 0.127778 1.000000
0 661 0.623047 0.540972 0.039844 0.131944 1.000000
0 662 0.624219 0.540278 0.042188 0.133333 1.000000
0 663 0.625781 0.540278 0.042188 0.136111 1.000000
0 664 0.625781 0.539583 0.040625 0.134722 1.000000
0 665 0.625781 0.538889 0.035937 0.133333 1.000000
0 666 0.625781 0.542361 0.035937 0.137500 1.000000
0 667 0.624219 0.545139 0.035937 0.137500 1.000000
0 668 0.614453 0.545833 0.046094 0.136111 1.000000
0 669 0.607031 0.545833 0.051562 0.136111 1.000000
0 670 0.600391 0.546528 0.058594 0.137500 1.000000
0 671 0.591406 0.548611 0.057813 0.136111 1.000000
0 672 0.580859 0.551389 0.052344 0.136111 1.000000
0 673 0.572656 0.551389 0.046875 0.136111 1.000000
0 674 0.562500 0.550000 0.040625 0.138889 1.000000
0 675 0.544531 0.549306 0.043750 0.143056 1.000000
0 676 0.526563 0.545833 0.046875 0.141667 1.000000
0 677 0.511719 0.544444 0.053125 0.141667 1.000000
0 678 0.501563 0.544444 0.062500 0.141667 1.000000
0 679 0.491016 0.545833 0.064844 0.141667 1.000000
0 680 0.479687 0.547917 0.059375 0.140278 1.000000
0 681 0.467969 0.547222 0.042188 0.138889 1.000000
0 682 0.453906 0.547917 0.032813 0.140278 1.000000
0 683 0.445312 0.545833 0.028125 0.144444 1.000000
0 684 0.432812 0.544444 0.035937 0.144444 1.000000
0 685 0.420312 0.543056 0.040625 0.147222 1.000000
0 686 0.412109 0.542361 0.053906 0.143056 1.000000
0 687 0.405469 0.542361 0.060937 0.140278 1.000000
0 688 0.397656 0.544444 0.060937 0.138889 1.000000
0 689 0.389062 0.547222 0.053125 0.136111 1.000000
0 690 0.380078 0.548611 0.041406 0.136111 1.000000
0 691 0.376953 0.548611 0.036719 0.136111 1.000000
0 692 0.374219 0.548611 0.031250 0.138889 1.000000
0 693 0.366797 0.547917 0.033594 0.140278 1.000000
0 694 0.360547 0.546528 0.038281 0.137500 1.000000
0 695 0.357031 0.545139 0.045312 0.137500 1.000000
0 696 0.353125 0.546528 0.046875 0.134722 1.000000
0 697 0.349219 0.548611 0.045312 0.133333 1.000000
0 698 0.344531 0.550694 0.037500 0.131944 1.000000
0 699 0.339453 0.551389 0.025781 0.130556 1.000000
0 700 0.337500 0.552083 0.025000 0.131944 1.000000
