0 671 0.989062 0.451389 0.021875 0.119444 1.000000
0 672 0.964063 0.454167 0.043750 0.113889 1.000000
0 673 0.934375 0.455556 0.053125 0.111111 1.000000
0 674 0.908594 0.456250 0.051562 0.109722 1.000000
0 675 0.885156 0.456250 0.045312 0.106944 1.000000
0 676 0.860156 0.454167 0.042188 0.105556 1.000000
0 677 0.835156 0.451389 0.037500 0.105556 1.000000
0 678 0.810937 0.451389 0.034375 0.102778 1.000000
0 679 0.789062 0.452778 0.034375 0.100000 1.000000
0 680 0.768750 0.450000 0.034375 0.091667 1.000000
0 681 0.747266 0.452778 0.035156 0.080556 1.000000
0 682 0.726562 0.456250 0.031250 0.079167 1.000000
0 683 0.705078 0.455556 0.035156 0.072222 1.000000
0 684 0.688281 0.456944 0.032813 0.058333 1.000000
0 685 0.667969 0.456250 0.039062 0.051389 1.000000
0 686 0.647656 0.454167 0.045312 0.044444 1.000000
0 687 0.628516 0.453472 0.047656 0.048611 1.000000
0 688 0.611719 0.450694 0.051562 0.051389 1.000000
0 689 0.595313 0.448611 0.053125 0.052778 1.000000
0 690 0.581250 0.447222 0.050000 0.055556 1.000000
0 691 0.565234 0.445139 0.055469 0.059722 1.000000
0 692 0.549219 0.443750 0.060937 0.065278 1.000000
0 693 0.535156 0.441667 0.062500 0.066667 1.000000
0 694 0.523047 0.443056 0.063281 0.069444 1.000000
0 695 0.510938 0.441667 0.062500 0.069444 1.000000
0 696 0.500781 0.440278 0.057813 0.072222 1.000000
0 697 0.491406 0.440278 0.054688 0.072222 1.000000
0 698 0.481641 0.438889 0.050781 0.072222 1.000000
0 699 0.468750 0.438889 0.054688 0.075000 1.000000
0 700 0.457813 0.439583 0.057813 0.076389 1.000000
