0 1 0.597396 0.552315 0.117708 0.234259 1.000000
0 2 0.597396 0.549074 0.115625 0.240741 1.000000
0 3 0.596615 0.547222 0.115104 0.242593 1.000000
0 4 0.595833 0.545833 0.112500 0.245370 1.000000
0 5 0.594531 0.546296 0.105729 0.240741 1.000000
0 6 0.587240 0.546296 0.093229 0.235185 1.000000
0 7 0.578906 0.542593 0.090104 0.231481 1.000000
0 8 0.553646 0.551852 0.083333 0.218519 1.000000
0 9 0.547917 0.558333 0.088542 0.214815 1.000000
0 10 0.534896 0.575926 0.094792 0.201852 1.000000
0 11 0.532552 0.581944 0.093229 0.187963 1.000000
0 12 0.531250 0.591204 0.090625 0.169444 1.000000
0 13 0.531510 0.593056 0.090104 0.165741 1.000000
0 14 0.532031 0.591204 0.089063 0.169444 1.000000
0 15 0.530990 0.587963 0.091146 0.175926 1.000000
0 16 0.528906 0.584722 0.095312 0.186111 1.000000
0 17 0.526563 0.581944 0.101042 0.191667 1.000000
0 18 0.518229 0.574074 0.121875 0.207407 1.000000
0 19 0.515104 0.569907 0.130208 0.213889 1.000000
0 20 0.514062 0.565741 0.134375 0.220370 1.000000
0 21 0.513281 0.566204 0.133854 0.219444 1.000000
0 22 0.505469 0.566204 0.138021 0.217593 1.000000
0 23 0.499740 0.567593 0.145313 0.216667 1.000000
0 24 0.499219 0.568056 0.143229 0.212037 1.000000
0 25 0.500260 0.568519 0.141146 0.209259 1.000000
0 26 0.491927 0.568056 0.139063 0.200926 1.000000
0 27 0.484896 0.567593 0.134375 0.200000 1.000000
0 28 0.468229 0.576389 0.110417 0.212037 1.000000
0 29 0.457292 0.578241 0.092708 0.210185 1.000000
0 30 0.452083 0.589352 0.092708 0.199074 1.000000
0 31 0.446875 0.594907 0.085417 0.186111 1.000000
0 32 0.440885 0.596759 0.079687 0.182407 1.000000
0 33 0.439583 0.594907 0.079167 0.186111 1.000000
0 34 0.439063 0.589815 0.080208 0.194444 1.000000
0 35 0.433594 0.587963 0.089063 0.198148 1.000000
0 36 0.431250 0.583333 0.079167 0.211111 1.000000
0 37 0.434115 0.581019 0.074479 0.213889 1.000000
0 38 0.432292 0.578241 0.078125 0.219444 1.000000
0 39 0.432552 0.576852 0.085938 0.222222 1.000000
0 40 0.434635 0.576389 0.089063 0.221296 1.000000
0 41 0.434115 0.575926 0.084896 0.218519 1.000000
0 42 0.432812 0.573148 0.073958 0.224074 1.000000
0 43 0.434635 0.572222 0.071354 0.224074 1.000000
0 44 0.433594 0.570833 0.071354 0.223148 1.000000
0 45 0.432292 0.572685 0.077083 0.221296 1.000000
0 46 0.432031 0.571296 0.071354 0.220370 1.000000
0 47 0.430990 0.569907 0.074479 0.219444 1.000000
0 48 0.432292 0.568056 0.077083 0.226852 1.000000
0 49 0.431771 0.565278 0.076042 0.228704 1.000000
0 50 0.431510 0.556019 0.073438 0.247222 1.000000
0 51 0.430990 0.552315 0.072396 0.254630 1.000000
0 52 0.429948 0.545370 0.075521 0.266667 1.000000
0 53 0.428906 0.538426 0.076563 0.280556 1.000000
0 54 0.434115 0.545370 0.090104 0.264815 1.000000
0 55 0.434115 0.558796 0.091146 0.239815 1.000000
0 56 0.434896 0.574537 0.103125 0.206481 1.000000
0 57 0.433854 0.585185 0.109375 0.183333 1.000000
0 58 0.421875 0.584722 0.110417 0.184259 1.000000
0 59 0.417708 0.581944 0.114583 0.189815 1.000000
0 60 0.426302 0.586574 0.081771 0.182407 1.000000
0 61 0.425000 0.589815 0.085417 0.174074 1.000000
0 62 0.425781 0.607407 0.080729 0.174074 1.000000
0 63 0.426563 0.608796 0.083333 0.171296 1.000000
0 64 0.427344 0.620370 0.079687 0.148148 1.000000
0 65 0.428906 0.618519 0.076563 0.148148 1.000000
0 66 0.431250 0.620833 0.079167 0.145370 1.000000
0 67 0.430990 0.617593 0.078646 0.150000 1.000000
0 68 0.430729 0.611574 0.079167 0.163889 1.000000
0 69 0.430208 0.608796 0.077083 0.169444 1.000000
0 70 0.428646 0.604167 0.075000 0.178704 1.000000
0 71 0.428646 0.603241 0.073958 0.180556 1.000000
0 72 0.426042 0.599537 0.069792 0.184259 1.000000
0 73 0.424219 0.598611 0.068229 0.186111 1.000000
0 74 0.419792 0.598148 0.076042 0.187037 1.000000
0 75 0.420833 0.598611 0.076042 0.187963 1.000000
0 76 0.421354 0.591667 0.078125 0.185185 1.000000
0 77 0.422396 0.585185 0.081250 0.183333 1.000000
0 78 0.426302 0.575926 0.088021 0.201852 1.000000
0 79 0.428385 0.567593 0.093229 0.216667 1.000000
0 80 0.440885 0.554167 0.096354 0.245370 1.000000
0 81 0.450260 0.547685 0.091146 0.256481 1.000000
0 82 0.459375 0.534722 0.147917 0.286111 1.000000
0 83 0.457552 0.529630 0.144271 0.296296 1.000000
0 84 0.464844 0.519907 0.102604 0.310185 1.000000
0 85 0.470313 0.517593 0.100000 0.305556 1.000000
0 86 0.475781 0.511574 0.080729 0.299074 1.000000
0 87 0.478385 0.508796 0.070312 0.300926 1.000000
0 88 0.498958 0.507407 0.076042 0.303704 1.000000
0 89 0.506771 0.508796 0.083333 0.302778 1.000000
0 90 0.518750 0.510185 0.102083 0.300000 1.000000
0 91 0.520833 0.511574 0.106250 0.302778 1.000000
0 92 0.521615 0.514352 0.108854 0.299074 1.000000
0 93 0.522396 0.512037 0.108333 0.300000 1.000000
0 94 0.521875 0.510648 0.107292 0.304630 1.000000
0 95 0.524219 0.508333 0.102604 0.307407 1.000000
0 96 0.534115 0.508333 0.085938 0.311111 1.000000
0 97 0.535156 0.508333 0.082812 0.311111 1.000000
0 98 0.535677 0.510648 0.083854 0.310185 1.000000
0 99 0.535417 0.509259 0.083333 0.309259 1.000000
0 100 0.535417 0.509722 0.083333 0.308333 1.000000
0 101 0.535417 0.509259 0.084375 0.309259 1.000000
0 102 0.540365 0.510185 0.094271 0.305556 1.000000
0 103 0.544010 0.511111 0.102604 0.307407 1.000000
0 104 0.545052 0.512500 0.105729 0.302778 1.000000
0 105 0.545573 0.513426 0.105729 0.302778 1.000000
0 106 0.544271 0.513426 0.105208 0.297222 1.000000
0 107 0.545052 0.515278 0.105729 0.297222 1.000000
0 108 0.543750 0.516204 0.104167 0.299074 1.000000
0 109 0.544271 0.516667 0.104167 0.296296 1.000000
0 110 0.543490 0.516204 0.104688 0.295370 1.000000
0 111 0.543750 0.516667 0.105208 0.294444 1.000000
0 112 0.543229 0.518056 0.105208 0.295370 1.000000
0 113 0.543229 0.518056 0.104167 0.297222 1.000000
0 114 0.541667 0.518056 0.105208 0.295370 1.000000
0 115 0.543229 0.519907 0.105208 0.295370 1.000000
0 116 0.542448 0.520370 0.105729 0.294444 1.000000
0 117 0.541927 0.520833 0.105729 0.293519 1.000000
0 118 0.541406 0.520833 0.104688 0.291667 1.000000
0 119 0.540625 0.521759 0.104167 0.291667 1.000000
0 120 0.539323 0.523148 0.103646 0.288889 1.000000
0 121 0.538542 0.522685 0.103125 0.287963 1.000000
0 122 0.536458 0.522222 0.103125 0.287037 1.000000
0 123 0.536198 0.523148 0.102604 0.287037 1.000000
0 124 0.534896 0.522685 0.102083 0.284259 1.000000
0 125 0.534375 0.522222 0.102083 0.285185 1.000000
0 126 0.532813 0.523148 0.102083 0.283333 1.000000
0 127 0.532552 0.523148 0.101562 0.283333 1.000000
0 128 0.531250 0.525000 0.102083 0.281481 1.000000
0 129 0.529948 0.524074 0.101562 0.281481 1.000000
0 130 0.529948 0.526852 0.101562 0.279630 1.000000
0 131 0.529687 0.527315 0.101042 0.278704 1.000000
0 132 0.527344 0.527778 0.101562 0.277778 1.000000
0 133 0.527344 0.529630 0.101562 0.277778 1.000000
0 134 0.525521 0.530093 0.101042 0.275000 1.000000
0 135 0.524479 0.530093 0.101042 0.275000 1.000000
0 136 0.522917 0.532407 0.101042 0.275926 1.000000
0 137 0.522656 0.532407 0.101562 0.275926 1.000000
0 138 0.520573 0.533796 0.101562 0.275000 1.000000
0 139 0.520052 0.533796 0.101562 0.275000 1.000000
0 140 0.519531 0.534722 0.101562 0.275000 1.000000
0 141 0.518490 0.535648 0.101562 0.275000 1.000000
0 142 0.517708 0.536111 0.101042 0.274074 1.000000
0 143 0.516927 0.536111 0.100521 0.274074 1.000000
0 144 0.516667 0.536574 0.101042 0.275000 1.000000
0 145 0.516146 0.537037 0.101042 0.275926 1.000000
0 146 0.515104 0.537963 0.101042 0.275926 1.000000
0 147 0.514323 0.538889 0.100521 0.275926 1.000000
0 148 0.514062 0.539815 0.101042 0.275926 1.000000
0 149 0.513021 0.541204 0.101042 0.276852 1.000000
0 150 0.512240 0.541667 0.100521 0.275926 1.000000
0 151 0.512240 0.542593 0.100521 0.275926 1.000000
0 152 0.511198 0.543056 0.100521 0.276852 1.000000
0 153 0.511198 0.543519 0.100521 0.275926 1.000000
0 154 0.510938 0.543519 0.101042 0.275926 1.000000
0 155 0.510417 0.543981 0.101042 0.276852 1.000000
0 156 0.510417 0.543981 0.101042 0.276852 1.000000
0 157 0.509896 0.543519 0.101042 0.277778 1.000000
0 158 0.509375 0.543981 0.101042 0.278704 1.000000
0 159 0.509635 0.543981 0.100521 0.278704 1.000000
0 160 0.509375 0.543981 0.101042 0.278704 1.000000
0 161 0.509635 0.543981 0.101562 0.280556 1.000000
0 162 0.509635 0.543519 0.101562 0.281481 1.000000
0 163 0.509375 0.543519 0.101042 0.281481 1.000000
0 164 0.509115 0.543981 0.101562 0.282407 1.000000
0 165 0.509635 0.543519 0.101562 0.281481 1.000000
0 166 0.509896 0.542130 0.102083 0.280556 1.000000
0 167 0.509375 0.542593 0.102083 0.281481 1.000000
0 168 0.509635 0.542593 0.101562 0.281481 1.000000
0 169 0.509896 0.542593 0.102083 0.283333 1.000000
0 170 0.510677 0.541667 0.101562 0.283333 1.000000
0 171 0.510417 0.541204 0.102083 0.282407 1.000000
0 172 0.510938 0.541204 0.102083 0.282407 1.000000
0 173 0.510938 0.541667 0.102083 0.283333 1.000000
0 174 0.511198 0.540741 0.102604 0.283333 1.000000
0 175 0.511198 0.541667 0.102604 0.283333 1.000000
0 176 0.511719 0.540278 0.102604 0.282407 1.000000
0 177 0.512500 0.540741 0.103125 0.283333 1.000000
0 178 0.513021 0.538426 0.103125 0.284259 1.000000
0 179 0.513021 0.537963 0.103125 0.285185 1.000000
0 180 0.513021 0.538426 0.103125 0.284259 1.000000
0 181 0.513021 0.537963 0.103125 0.285185 1.000000
0 182 0.513542 0.536111 0.103125 0.283333 1.000000
0 183 0.513542 0.536111 0.103125 0.285185 1.000000
0 184 0.513802 0.534259 0.103646 0.285185 1.000000
0 185 0.513802 0.533796 0.103646 0.284259 1.000000
0 186 0.514062 0.532870 0.104167 0.284259 1.000000
0 187 0.514062 0.531944 0.103125 0.286111 1.000000
0 188 0.513802 0.531019 0.103646 0.286111 1.000000
0 189 0.513802 0.530556 0.103646 0.285185 1.000000
0 190 0.513542 0.529630 0.103125 0.285185 1.000000
0 191 0.513802 0.529630 0.103646 0.285185 1.000000
0 192 0.513542 0.528241 0.103125 0.284259 1.000000
0 193 0.513542 0.528704 0.103125 0.285185 1.000000
0 194 0.513281 0.526389 0.103646 0.284259 1.000000
0 195 0.513542 0.526389 0.103125 0.282407 1.000000
0 196 0.513542 0.527778 0.102083 0.270370 1.000000
0 197 0.513542 0.531944 0.103125 0.262037 1.000000
0 198 0.512500 0.545370 0.106250 0.250000 1.000000
0 199 0.512240 0.549537 0.106771 0.243519 1.000000
0 200 0.512500 0.554167 0.108333 0.234259 1.000000
0 201 0.512240 0.554630 0.107813 0.231481 1.000000
0 202 0.512760 0.554167 0.107813 0.228704 1.000000
0 203 0.512500 0.554630 0.108333 0.229630 1.000000
0 204 0.512500 0.554630 0.108333 0.229630 1.000000
0 205 0.512240 0.554630 0.108854 0.229630 1.000000
0 206 0.511719 0.553241 0.109896 0.230556 1.000000
0 207 0.511719 0.553704 0.109896 0.231481 1.000000
0 208 0.511458 0.551389 0.110417 0.230556 1.000000
0 209 0.510938 0.551389 0.110417 0.230556 1.000000
0 210 0.511458 0.550000 0.110417 0.231481 1.000000
0 211 0.511198 0.548611 0.110937 0.232407 1.000000
0 212 0.511198 0.547222 0.110937 0.235185 1.000000
0 213 0.511198 0.546759 0.111979 0.236111 1.000000
0 214 0.510417 0.542593 0.112500 0.238889 1.000000
0 215 0.511198 0.544907 0.111979 0.234259 1.000000
0 216 0.513802 0.548148 0.106771 0.229630 1.000000
0 217 0.515104 0.549537 0.104167 0.221296 1.000000
0 218 0.520052 0.557407 0.096354 0.205556 1.000000
0 219 0.520312 0.562963 0.096875 0.194444 1.000000
0 220 0.520312 0.573148 0.096875 0.175926 1.000000
0 221 0.520573 0.575926 0.097396 0.168519 1.000000
0 222 0.521615 0.581481 0.097396 0.161111 1.000000
0 223 0.521354 0.581019 0.097917 0.160185 1.000000
0 224 0.522135 0.581481 0.097396 0.161111 1.000000
0 225 0.522396 0.581481 0.097917 0.162963 1.000000
0 226 0.523438 0.581944 0.097917 0.165741 1.000000
0 227 0.523958 0.581481 0.097917 0.166667 1.000000
0 228 0.525000 0.579630 0.097917 0.170370 1.000000
0 229 0.526042 0.577778 0.096875 0.174074 1.000000
0 230 0.526042 0.573148 0.097917 0.181481 1.000000
0 231 0.526563 0.571759 0.097917 0.186111 1.000000
0 232 0.526302 0.557870 0.098437 0.212037 1.000000
0 233 0.526823 0.553241 0.098437 0.219444 1.000000
0 234 0.527083 0.543519 0.098958 0.238889 1.000000
0 235 0.526302 0.537500 0.101562 0.249074 1.000000
0 236 0.518750 0.526389 0.114583 0.271296 1.000000
0 237 0.518490 0.521759 0.113021 0.280556 1.000000
0 238 0.519531 0.515278 0.096354 0.291667 1.000000
0 239 0.513021 0.506944 0.092708 0.289815 1.000000
0 240 0.502865 0.482870 0.085938 0.339815 1.000000
0 241 0.505990 0.487500 0.096354 0.345370 1.000000
0 242 0.498698 0.506019 0.082812 0.310185 1.000000
0 243 0.498177 0.513426 0.081771 0.299074 1.000000
0 244 0.497396 0.515278 0.080208 0.297222 1.000000
0 245 0.497135 0.516204 0.080729 0.295370 1.000000
0 246 0.494792 0.518981 0.087500 0.284259 1.000000
0 247 0.490365 0.520370 0.097396 0.277778 1.000000
0 248 0.485417 0.520370 0.107292 0.268519 1.000000
0 249 0.484375 0.521759 0.112500 0.267593 1.000000
0 250 0.483854 0.520833 0.117708 0.269444 1.000000
0 251 0.484635 0.519907 0.117188 0.271296 1.000000
0 252 0.487760 0.518981 0.116146 0.269444 1.000000
0 253 0.489063 0.519444 0.108333 0.270370 1.000000
0 254 0.483333 0.516667 0.082292 0.261111 1.000000
0 255 0.471354 0.520370 0.066667 0.242593 1.000000
0 256 0.460156 0.532870 0.058854 0.262037 1.000000
0 257 0.457813 0.518519 0.059375 0.287037 1.000000
0 258 0.454427 0.509722 0.066146 0.299074 1.000000
0 259 0.450000 0.506481 0.066667 0.298148 1.000000
0 260 0.442188 0.504167 0.070833 0.284259 1.000000
0 261 0.431250 0.506481 0.085417 0.285185 1.000000
0 262 0.422917 0.518981 0.104167 0.282407 1.000000
0 263 0.422135 0.515741 0.102604 0.290741 1.000000
0 264 0.424479 0.514815 0.106250 0.294444 1.000000
0 265 0.427865 0.510185 0.102604 0.298148 1.000000
0 266 0.423177 0.507407 0.102604 0.305556 1.000000
0 267 0.416146 0.506944 0.101042 0.308333 1.000000
0 268 0.398177 0.503704 0.098437 0.294444 1.000000
0 269 0.392969 0.509722 0.094271 0.300926 1.000000
0 270 0.391667 0.514352 0.091667 0.302778 1.000000
0 271 0.393490 0.517593 0.093229 0.298148 1.000000
0 272 0.396615 0.517130 0.096354 0.299074 1.000000
0 273 0.397135 0.513426 0.099479 0.306481 1.000000
0 274 0.404167 0.509259 0.095833 0.309259 1.000000
0 275 0.404427 0.508796 0.090104 0.306481 1.000000
0 276 0.400260 0.503704 0.090104 0.294444 1.000000
0 277 0.392448 0.502315 0.082812 0.293519 1.000000
0 278 0.384896 0.501852 0.077083 0.292593 1.000000
0 279 0.384115 0.501852 0.073438 0.294444 1.000000
0 280 0.380990 0.497685 0.083854 0.299074 1.000000
0 281 0.377344 0.496296 0.086979 0.301852 1.000000
0 282 0.373958 0.493981 0.087500 0.299074 1.000000
0 283 0.369792 0.496759 0.080208 0.300926 1.000000
0 284 0.365625 0.502315 0.077083 0.297222 1.000000
0 285 0.363281 0.503241 0.074479 0.293519 1.000000
0 286 0.346615 0.501852 0.099479 0.281481 1.000000
0 287 0.336458 0.502778 0.111458 0.281481 1.000000
0 288 0.324479 0.504167 0.113542 0.276852 1.000000
0 289 0.325521 0.506019 0.117708 0.273148 1.000000
0 290 0.328906 0.507870 0.123438 0.269444 1.000000
0 291 0.332552 0.508333 0.124479 0.268519 1.000000
0 292 0.338021 0.511574 0.127083 0.263889 1.000000
0 293 0.340104 0.512500 0.126042 0.263889 1.000000
0 294 0.338542 0.513889 0.109375 0.266667 1.000000
0 295 0.340104 0.515741 0.105208 0.272222 1.000000
0 296 0.342969 0.512963 0.098437 0.279630 1.000000
0 297 0.344531 0.512037 0.095312 0.285185 1.000000
0 298 0.348177 0.511574 0.099479 0.289815 1.000000
0 299 0.351042 0.511574 0.100000 0.289815 1.000000
0 300 0.355208 0.514352 0.103125 0.291667 1.000000
0 301 0.358073 0.517130 0.103646 0.297222 1.000000
0 302 0.362500 0.515278 0.104167 0.297222 1.000000
0 303 0.365104 0.515278 0.106250 0.297222 1.000000
0 304 0.370052 0.518056 0.108854 0.293519 1.000000
0 305 0.372917 0.518981 0.110417 0.291667 1.000000
0 306 0.377604 0.519444 0.111458 0.290741 1.000000
0 307 0.379948 0.518056 0.110937 0.291667 1.000000
0 308 0.382552 0.518981 0.110937 0.291667 1.000000
0 309 0.383854 0.520370 0.111458 0.292593 1.000000
0 310 0.387240 0.515741 0.111979 0.285185 1.000000
0 311 0.387760 0.519907 0.111979 0.293519 1.000000
0 312 0.390104 0.520370 0.111458 0.292593 1.000000
0 313 0.388281 0.519907 0.106771 0.291667 1.000000
0 314 0.374219 0.517593 0.094271 0.296296 1.000000
0 315 0.364063 0.516667 0.095833 0.298148 1.000000
0 316 0.359896 0.510185 0.101042 0.300000 1.000000
0 317 0.361979 0.510185 0.096875 0.296296 1.000000
0 318 0.352604 0.514352 0.111458 0.291667 1.000000
0 319 0.352604 0.514815 0.114583 0.290741 1.000000
0 320 0.359635 0.516204 0.098437 0.289815 1.000000
0 321 0.365625 0.516204 0.085417 0.291667 1.000000
0 322 0.376563 0.515741 0.064583 0.294444 1.000000
0 323 0.378385 0.513889 0.059896 0.296296 1.000000
0 324 0.371094 0.512500 0.073438 0.304630 1.000000
0 325 0.369792 0.511574 0.076042 0.306481 1.000000
0 326 0.380729 0.515741 0.071875 0.294444 1.000000
0 327 0.384375 0.517593 0.071875 0.283333 1.000000
0 328 0.384896 0.526389 0.071875 0.282407 1.000000
0 329 0.390625 0.526389 0.065625 0.282407 1.000000
0 330 0.389062 0.528704 0.070833 0.279630 1.000000
0 331 0.387760 0.525463 0.068229 0.286111 1.000000
0 332 0.384635 0.521296 0.065104 0.296296 1.000000
0 333 0.383333 0.521296 0.060417 0.296296 1.000000
0 334 0.375000 0.514352 0.068750 0.312037 1.000000
0 335 0.369271 0.511574 0.069792 0.315741 1.000000
0 336 0.378646 0.504630 0.067708 0.301852 1.000000
0 337 0.380208 0.493519 0.064583 0.325926 1.000000
0 338 0.377344 0.482407 0.065104 0.348148 1.000000
0 339 0.383854 0.481481 0.078125 0.350000 1.000000
0 340 0.397135 0.493056 0.105729 0.326852 1.000000
0 341 0.401823 0.505093 0.111979 0.304630 1.000000
0 342 0.405990 0.510185 0.107813 0.292593 1.000000
0 343 0.401823 0.510185 0.102604 0.292593 1.000000
0 344 0.406510 0.513889 0.092188 0.290741 1.000000
0 345 0.408333 0.515741 0.086458 0.288889 1.000000
0 346 0.408333 0.517130 0.087500 0.284259 1.000000
0 347 0.407292 0.518519 0.087500 0.283333 1.000000
0 348 0.407813 0.518056 0.088542 0.282407 1.000000
0 349 0.407031 0.518056 0.089063 0.286111 1.000000
0 350 0.405990 0.514352 0.089063 0.293519 1.000000
0 351 0.405729 0.513426 0.087500 0.295370 1.000000
0 352 0.404167 0.510185 0.087500 0.301852 1.000000
0 353 0.404167 0.508796 0.088542 0.306481 1.000000
0 354 0.404167 0.506481 0.089583 0.311111 1.000000
0 355 0.402865 0.505556 0.088021 0.311111 1.000000
0 356 0.402604 0.509722 0.088542 0.306481 1.000000
0 357 0.402083 0.510185 0.088542 0.309259 1.000000
0 358 0.401302 0.507870 0.088021 0.306481 1.000000
0 359 0.401042 0.507870 0.088542 0.304630 1.000000
0 360 0.400521 0.509259 0.088542 0.303704 1.000000
0 361 0.399479 0.509259 0.088542 0.303704 1.000000
0 362 0.398698 0.508796 0.088021 0.302778 1.000000
0 363 0.398698 0.510185 0.086979 0.303704 1.000000
0 364 0.397396 0.509259 0.088542 0.303704 1.000000
0 365 0.397135 0.509722 0.089063 0.302778 1.000000
0 366 0.396615 0.510185 0.089063 0.303704 1.000000
0 367 0.395573 0.509722 0.089063 0.304630 1.000000
0 368 0.395313 0.508333 0.089583 0.307407 1.000000
0 369 0.395833 0.509722 0.090625 0.302778 1.000000
0 370 0.398958 0.516204 0.098958 0.289815 1.000000
0 371 0.402083 0.518519 0.106250 0.285185 1.000000
0 372 0.402865 0.522685 0.110937 0.278704 1.000000
0 373 0.403906 0.523148 0.113021 0.281481 1.000000
0 374 0.404427 0.517593 0.113021 0.290741 1.000000
0 375 0.410938 0.512500 0.103125 0.302778 1.000000
0 376 0.420052 0.512037 0.094271 0.307407 1.000000
0 377 0.420052 0.513889 0.095312 0.309259 1.000000
0 378 0.422656 0.516204 0.092188 0.313889 1.000000
0 379 0.423438 0.517593 0.092708 0.312963 1.000000
0 380 0.425260 0.518981 0.095312 0.313889 1.000000
0 381 0.425521 0.518519 0.096875 0.312963 1.000000
0 382 0.429167 0.517593 0.094792 0.314815 1.000000
0 383 0.430729 0.518056 0.088542 0.313889 1.000000
0 384 0.436719 0.518056 0.079687 0.313889 1.000000
0 385 0.437760 0.520833 0.083854 0.308333 1.000000
0 386 0.441667 0.524537 0.092708 0.300926 1.000000
0 387 0.441146 0.525000 0.092708 0.298148 1.000000
0 388 0.441406 0.525926 0.095312 0.298148 1.000000
0 389 0.443490 0.526389 0.098437 0.299074 1.000000
0 390 0.450000 0.520370 0.091667 0.300000 1.000000
0 391 0.457552 0.518056 0.083854 0.304630 1.000000
0 392 0.471094 0.511574 0.053646 0.308333 1.000000
0 393 0.483333 0.508796 0.068750 0.313889 1.000000
0 394 0.487760 0.506944 0.068229 0.312037 1.000000
0 395 0.490104 0.509259 0.070833 0.309259 1.000000
0 396 0.495833 0.510185 0.073958 0.303704 1.000000
0 397 0.498437 0.510185 0.080208 0.303704 1.000000
0 398 0.499219 0.508796 0.083854 0.308333 1.000000
0 399 0.500260 0.507870 0.085938 0.310185 1.000000
0 400 0.500521 0.511111 0.090625 0.303704 1.000000
0 401 0.499479 0.513889 0.090625 0.298148 1.000000
0 402 0.497396 0.517130 0.089583 0.293519 1.000000
0 403 0.499219 0.517130 0.092188 0.291667 1.000000
0 404 0.501563 0.516204 0.094792 0.291667 1.000000
0 405 0.507031 0.513426 0.093229 0.287963 1.000000
0 406 0.526302 0.514352 0.077604 0.284259 1.000000
0 407 0.536979 0.514352 0.067708 0.282407 1.000000
0 408 0.546354 0.516204 0.075000 0.278704 1.000000
0 409 0.554948 0.517130 0.093229 0.278704 1.000000
0 410 0.570052 0.512037 0.121354 0.285185 1.000000
0 411 0.573438 0.508333 0.123958 0.283333 1.000000
0 412 0.579688 0.498611 0.111458 0.276852 1.000000
0 413 0.582812 0.492593 0.101042 0.277778 1.000000
0 414 0.597396 0.481481 0.068750 0.281481 1.000000
0 415 0.608073 0.479630 0.052604 0.287037 1.000000
0 416 0.612760 0.470833 0.051562 0.282407 1.000000
0 417 0.615885 0.467130 0.054688 0.276852 1.000000
0 418 0.617969 0.467593 0.058854 0.277778 1.000000
0 419 0.618229 0.465278 0.058333 0.269444 1.000000
0 420 0.623437 0.456019 0.072917 0.256481 1.000000
0 421 0.625260 0.456019 0.080729 0.254630 1.000000
0 422 0.620313 0.462500 0.077083 0.260185 1.000000
0 423 0.621354 0.464815 0.080208 0.255556 1.000000
0 424 0.614323 0.468519 0.074479 0.242593 1.000000
0 425 0.611198 0.472222 0.072396 0.233333 1.000000
0 426 0.605729 0.474537 0.063542 0.223148 1.000000
0 427 0.604688 0.471759 0.064583 0.200926 1.000000
0 430 0.600781 0.481944 0.067187 0.165741 1.000000
0 431 0.599740 0.482407 0.067187 0.164815 1.000000
0 432 0.597135 0.482407 0.066146 0.164815 1.000000
0 433 0.596615 0.475926 0.065104 0.174074 1.000000
0 434 0.595313 0.464352 0.061458 0.193519 1.000000
0 435 0.591406 0.457407 0.066146 0.205556 1.000000
0 436 0.588542 0.445370 0.064583 0.225926 1.000000
0 437 0.586719 0.439815 0.064062 0.237037 1.000000
0 438 0.583854 0.437963 0.063542 0.264815 1.000000
0 439 0.581510 0.436574 0.066146 0.267593 1.000000
0 440 0.579427 0.433796 0.071354 0.262037 1.000000
0 441 0.581510 0.433796 0.076563 0.260185 1.000000
0 442 0.573958 0.443519 0.089583 0.250000 1.000000
0 443 0.570573 0.450000 0.094271 0.237037 1.000000
0 444 0.567708 0.468056 0.094792 0.199074 1.000000
0 445 0.565365 0.475926 0.097396 0.183333 1.000000
0 446 0.562240 0.483333 0.097396 0.168519 1.000000
0 447 0.560156 0.488426 0.099479 0.160185 1.000000
0 448 0.557552 0.491667 0.099479 0.151852 1.000000
0 449 0.556510 0.490741 0.101562 0.153704 1.000000
0 450 0.552604 0.491204 0.100000 0.147222 1.000000
0 451 0.551042 0.491667 0.102083 0.146296 1.000000
0 452 0.547656 0.491204 0.101562 0.145370 1.000000
0 453 0.545573 0.490278 0.101562 0.145370 1.000000
0 454 0.544531 0.491667 0.101562 0.142593 1.000000
0 455 0.542969 0.492593 0.101562 0.140741 1.000000
0 456 0.542448 0.494444 0.101562 0.140741 1.000000
0 457 0.541927 0.494444 0.101562 0.140741 1.000000
0 458 0.540885 0.494907 0.101562 0.139815 1.000000
0 459 0.540885 0.494444 0.101562 0.140741 1.000000
0 460 0.541927 0.494444 0.101562 0.138889 1.000000
0 461 0.541146 0.494907 0.101042 0.139815 1.000000
0 462 0.540625 0.495370 0.101042 0.140741 1.000000
0 463 0.540625 0.493981 0.101042 0.141667 1.000000
0 464 0.539844 0.495370 0.100521 0.142593 1.000000
0 465 0.540104 0.493056 0.101042 0.145370 1.000000
0 466 0.540365 0.493519 0.100521 0.148148 1.000000
0 467 0.539844 0.490741 0.100521 0.151852 1.000000
0 468 0.539583 0.488426 0.101042 0.158333 1.000000
0 469 0.539844 0.484722 0.099479 0.165741 1.000000
0 470 0.540625 0.474537 0.098958 0.186111 1.000000
0 471 0.539844 0.468519 0.099479 0.196296 1.000000
0 472 0.539583 0.454167 0.102083 0.223148 1.000000
0 473 0.539583 0.447685 0.102083 0.239815 1.000000
0 474 0.539844 0.434259 0.101562 0.264815 1.000000
0 475 0.539844 0.436574 0.101562 0.260185 1.000000
0 476 0.540625 0.436574 0.102083 0.258333 1.000000
0 477 0.540365 0.438426 0.101562 0.258333 1.000000
0 478 0.540365 0.437037 0.101562 0.257407 1.000000
0 479 0.540885 0.438889 0.101562 0.257407 1.000000
0 480 0.542188 0.438426 0.100000 0.258333 1.000000
0 481 0.543229 0.437963 0.097917 0.257407 1.000000
0 482 0.544531 0.437037 0.096354 0.259259 1.000000
0 483 0.546094 0.437037 0.094271 0.259259 1.000000
0 484 0.545573 0.433796 0.095312 0.263889 1.000000
0 485 0.544010 0.431944 0.097396 0.267593 1.000000
0 486 0.545052 0.435648 0.096354 0.256481 1.000000
0 487 0.546094 0.437037 0.094271 0.255556 1.000000
0 488 0.546875 0.433796 0.092708 0.262037 1.000000
0 489 0.546354 0.425463 0.094792 0.275000 1.000000
0 490 0.544271 0.461574 0.098958 0.202778 1.000000
0 491 0.544792 0.470370 0.100000 0.185185 1.000000
0 492 0.545052 0.486574 0.099479 0.152778 1.000000
0 493 0.545573 0.488426 0.098437 0.147222 1.000000
0 494 0.547135 0.486111 0.096354 0.151852 1.000000
0 495 0.548438 0.482870 0.093750 0.158333 1.000000
0 496 0.550781 0.472685 0.089063 0.176852 1.000000
0 497 0.552865 0.467593 0.083854 0.192593 1.000000
0 498 0.555469 0.452778 0.079687 0.220370 1.000000
0 499 0.558333 0.449074 0.075000 0.227778 1.000000
0 500 0.562500 0.429167 0.066667 0.267593 1.000000
0 501 0.566667 0.416204 0.064583 0.287963 1.000000
0 502 0.577344 0.428704 0.071354 0.268519 1.000000
0 503 0.583073 0.422222 0.081771 0.270370 1.000000
0 504 0.589323 0.421759 0.097396 0.263889 1.000000
0 505 0.591406 0.425000 0.097396 0.259259 1.000000
0 506 0.592708 0.424074 0.095833 0.261111 1.000000
0 507 0.594792 0.423611 0.093750 0.262037 1.000000
0 508 0.598177 0.424074 0.089063 0.268519 1.000000
0 509 0.599219 0.412037 0.083854 0.283333 1.000000
0 510 0.601562 0.406481 0.081250 0.294444 1.000000
0 511 0.603125 0.406944 0.078125 0.282407 1.000000
0 512 0.604688 0.407407 0.075000 0.279630 1.000000
0 513 0.604948 0.407870 0.076563 0.282407 1.000000
0 514 0.607292 0.408796 0.080208 0.293519 1.000000
0 515 0.608073 0.407407 0.081771 0.294444 1.000000
0 516 0.609115 0.402778 0.079687 0.303704 1.000000
0 517 0.609635 0.403241 0.077604 0.302778 1.000000
0 518 0.610938 0.402778 0.077083 0.301852 1.000000
0 519 0.610417 0.400463 0.076042 0.306481 1.000000
0 520 0.609115 0.398611 0.078646 0.310185 1.000000
0 521 0.608073 0.398148 0.079687 0.309259 1.000000
0 522 0.607812 0.395833 0.081250 0.312037 1.000000
0 523 0.607552 0.395833 0.080729 0.313889 1.000000
0 524 0.608073 0.397222 0.079687 0.309259 1.000000
0 525 0.607812 0.404167 0.080208 0.295370 1.000000
0 526 0.608073 0.399537 0.079687 0.306481 1.000000
0 527 0.607812 0.398611 0.079167 0.306481 1.000000
0 528 0.607031 0.398148 0.078646 0.309259 1.000000
0 529 0.607812 0.398148 0.079167 0.311111 1.000000
0 530 0.607031 0.399074 0.079687 0.309259 1.000000
0 531 0.606771 0.399537 0.079167 0.308333 1.000000
0 532 0.605469 0.404630 0.076563 0.298148 1.000000
0 533 0.604427 0.411111 0.074479 0.287037 1.000000
0 534 0.601823 0.412500 0.070312 0.284259 1.000000
0 535 0.602344 0.418519 0.071354 0.283333 1.000000
0 536 0.606771 0.428704 0.080208 0.266667 1.000000
0 537 0.607552 0.435185 0.082812 0.255556 1.000000
0 538 0.614323 0.436111 0.071354 0.253704 1.000000
0 539 0.620313 0.436111 0.067708 0.253704 1.000000
0 540 0.628385 0.440278 0.065104 0.249074 1.000000
0 541 0.632292 0.443981 0.067708 0.243519 1.000000
0 542 0.638802 0.448611 0.067187 0.241667 1.000000
0 543 0.642188 0.451389 0.065625 0.241667 1.000000
0 544 0.653646 0.474074 0.066667 0.238889 1.000000
0 545 0.656250 0.475000 0.069792 0.238889 1.000000
0 546 0.663802 0.478241 0.069271 0.236111 1.000000
0 547 0.672135 0.478704 0.064062 0.235185 1.000000
0 548 0.691406 0.475000 0.066146 0.240741 1.000000
0 549 0.698177 0.474537 0.060937 0.241667 1.000000
0 550 0.706510 0.470370 0.076563 0.248148 1.000000
0 551 0.710677 0.473611 0.083854 0.263889 1.000000
0 552 0.721094 0.473611 0.099479 0.278704 1.000000
0 553 0.730990 0.473148 0.096354 0.281481 1.000000
0 554 0.742708 0.470833 0.088542 0.284259 1.000000
0 555 0.744792 0.470370 0.086458 0.285185 1.000000
0 556 0.752083 0.471759 0.085417 0.280556 1.000000
0 557 0.760417 0.475463 0.092708 0.278704 1.000000
0 558 0.777344 0.487500 0.096354 0.284259 1.000000
0 559 0.780729 0.493056 0.092708 0.275000 1.000000
0 560 0.781250 0.493519 0.093750 0.270370 1.000000
0 561 0.781250 0.495370 0.093750 0.270370 1.000000
0 562 0.780990 0.479630 0.093229 0.298148 1.000000
0 563 0.780729 0.470833 0.093750 0.315741 1.000000
0 564 0.781771 0.461574 0.096875 0.334259 1.000000
0 565 0.783333 0.461574 0.098958 0.332407 1.000000
0 566 0.782813 0.468981 0.096875 0.330556 1.000000
0 567 0.782813 0.477778 0.096875 0.312963 1.000000
0 568 0.783333 0.485648 0.097917 0.299074 1.000000
0 569 0.783073 0.483333 0.097396 0.300000 1.000000
0 570 0.788281 0.487500 0.086979 0.295370 1.000000
0 571 0.790104 0.487963 0.083333 0.292593 1.000000
0 572 0.789062 0.491204 0.085417 0.284259 1.000000
0 573 0.790885 0.492593 0.082812 0.281481 1.000000
0 574 0.787500 0.496296 0.091667 0.275926 1.000000
0 575 0.784375 0.498148 0.097917 0.268519 1.000000
0 576 0.778646 0.518056 0.127083 0.260185 1.000000
0 577 0.779948 0.518519 0.131771 0.261111 1.000000
0 578 0.784635 0.520833 0.108854 0.260185 1.000000
0 579 0.785156 0.518981 0.101562 0.267593 1.000000
0 580 0.785677 0.515741 0.100521 0.279630 1.000000
0 581 0.784896 0.512963 0.098958 0.285185 1.000000
0 582 0.786458 0.519907 0.103125 0.273148 1.000000
0 583 0.788542 0.525000 0.106250 0.266667 1.000000
0 584 0.793750 0.529167 0.127083 0.260185 1.000000
0 585 0.790104 0.538426 0.152083 0.275000 1.000000
0 586 0.794792 0.537500 0.172917 0.275000 1.000000
0 587 0.797656 0.537500 0.178646 0.275000 1.000000
0 588 0.797135 0.537500 0.135937 0.276852 1.000000
0 589 0.795573 0.537500 0.118229 0.276852 1.000000
0 590 0.803646 0.539815 0.100000 0.272222 1.000000
0 591 0.804688 0.542130 0.097917 0.273148 1.000000
0 592 0.800260 0.549074 0.105729 0.270370 1.000000
0 593 0.796615 0.557870 0.110937 0.287963 1.000000
0 594 0.789583 0.563426 0.120833 0.280556 1.000000
0 595 0.788542 0.565278 0.119792 0.278704 1.000000
0 596 0.791927 0.550000 0.108854 0.309259 1.000000
0 597 0.792708 0.544907 0.110417 0.321296 1.000000
0 598 0.791927 0.537037 0.109896 0.338889 1.000000
0 599 0.793490 0.534722 0.111979 0.345370 1.000000
0 600 0.795573 0.529630 0.115104 0.353704 1.000000
0 601 0.798177 0.530093 0.120313 0.358333 1.000000
0 602 0.799740 0.534722 0.125521 0.354630 1.000000
0 603 0.800000 0.550000 0.126042 0.327778 1.000000
