0 1 0.107813 0.379167 0.025000 0.133333 0.000000 0.000000 1.000000
0 2 0.107031 0.377778 0.025000 0.133333 -0.000781 -0.001389 1.000000
0 3 0.106250 0.379167 0.025000 0.133333 -0.000781 0.001389 1.000000
0 4 0.106641 0.380556 0.022656 0.133333 0.000391 0.001389 1.000000
0 5 0.106250 0.380556 0.021875 0.133333 -0.000391 0.000000 1.000000
0 6 0.106250 0.379167 0.021875 0.133333 0.000000 -0.001389 1.000000
0 7 0.106250 0.379167 0.021875 0.133333 0.000000 0.000000 1.000000
0 8 0.106250 0.379167 0.021875 0.133333 0.000000 0.000000 1.000000
0 9 0.106250 0.379167 0.021875 0.133333 0.000000 0.000000 1.000000
0 10 0.106250 0.379167 0.021875 0.133333 0.000000 0.000000 1.000000
0 11 0.106250 0.379167 0.021875 0.133333 0.000000 0.000000 1.000000
0 12 0.106250 0.379167 0.021875 0.133333 0.000000 0.000000 1.000000
0 13 0.106250 0.379167 0.021875 0.133333 0.000000 0.000000 1.000000
0 14 0.106250 0.379167 0.021875 0.133333 0.000000 0.000000 1.000000
0 15 0.106250 0.379167 0.021875 0.133333 0.000000 0.000000 1.000000
0 16 0.106250 0.379167 0.021875 0.133333 0.000000 0.000000 1.000000
0 17 0.106250 0.379167 0.021875 0.133333 0.000000 0.000000 1.000000
0 18 0.106250 0.379167 0.021875 0.133333 0.000000 0.000000 1.000000
0 19 0.106250 0.379167 0.021875 0.133333 0.000000 0.000000 1.000000
0 20 0.106250 0.379167 0.021875 0.133333 0.000000 0.000000 1.000000
0 21 0.106250 0.379167 0.021875 0.133333 0.000000 0.000000 1.000000
0 22 0.106250 0.379167 0.021875 0.133333 0.000000 0.000000 1.000000
0 23 0.106250 0.379167 0.021875 0.133333 0.000000 0.000000 1.000000
0 24 0.106250 0.379167 0.021875 0.133333 0.000000 0.000000 1.000000
0 25 0.106250 0.379167 0.021875 0.133333 0.000000 0.000000 1.000000
0 26 0.106250 0.379167 0.021875 0.133333 0.000000 0.000000 1.000000
0 27 0.106250 0.379167 0.021875 0.133333 0.000000 0.000000 1.000000
0 28 0.106250 0.379167 0.021875 0.133333 0.000000 0.000000 1.000000
0 29 0.106250 0.379167 0.021875 0.133333 0.000000 0.000000 1.000000
0 30 0.106250 0.379167 0.021875 0.133333 0.000000 0.000000 1.000000
0 31 0.106250 0.379167 0.021875 0.133333 0.000000 0.000000 1.000000
0 32 0.106250 0.379167 0.021875 0.133333 0.000000 0.000000 1.000000
0 33 0.106250 0.379167 0.021875 0.133333 0.000000 0.000000 1.000000
0 34 0.106250 0.379167 0.021875 0.133333 0.000000 0.000000 1.000000
0 35 0.106250 0.379167 0.021875 0.133333 0.000000 0.000000 1.000000
0 36 0.106250 0.379167 0.021875 0.133333 0.000000 0.000000 1.000000
0 37 0.106250 0.379167 0.021875 0.133333 0.000000 0.000000 1.000000
0 38 0.106250 0.379167 0.021875 0.133333 0.000000 0.000000 1.000000
0 39 0.106250 0.379167 0.021875 0.133333 0.000000 0.000000 1.000000
0 40 0.106250 0.379167 0.021875 0.133333 0.000000 0.000000 1.000000
0 41 0.106250 0.379167 0.021875 0.133333 0.000000 0.000000 1.000000
0 42 0.106250 0.379167 0.021875 0.133333 0.000000 0.000000 1.000000
0 43 0.106250 0.379167 0.021875 0.133333 0.000000 0.000000 1.000000
0 44 0.106250 0.379167 0.021875 0.133333 0.000000 0.000000 1.000000
0 45 0.106250 0.379167 0.021875 0.133333 0.000000 0.000000 1.000000
0 46 0.106250 0.379167 0.021875 0.133333 0.000000 0.000000 1.000000
0 47 0.106250 0.379167 0.021875 0.133333 0.000000 0.000000 1.000000
0 48 0.106250 0.379167 0.021875 0.133333 0.000000 0.000000 1.000000
0 49 0.106250 0.379167 0.021875 0.133333 0.000000 0.000000 1.000000
0 50 0.106250 0.379167 0.021875 0.133333 0.000000 0.000000 1.000000
0 51 0.106250 0.379167 0.021875 0.133333 0.000000 0.000000 1.000000
0 52 0.106250 0.379167 0.021875 0.133333 0.000000 0.000000 1.000000
0 53 0.106250 0.379167 0.021875 0.133333 0.000000 0.000000 1.000000
0 54 0.106250 0.379167 0.021875 0.133333 0.000000 0.000000 1.000000
0 55 0.106250 0.379167 0.021875 0.133333 0.000000 0.000000 1.000000
0 56 0.106250 0.379167 0.021875 0.133333 0.000000 0.000000 1.000000
0 57 0.106250 0.379167 0.021875 0.133333 0.000000 0.000000 1.000000
0 58 0.106250 0.379167 0.021875 0.133333 0.000000 0.000000 1.000000
0 59 0.106250 0.379167 0.021875 0.133333 0.000000 0.000000 1.000000
0 60 0.106250 0.379167 0.021875 0.133333 0.000000 0.000000 1.000000
0 61 0.106250 0.379167 0.021875 0.133333 0.000000 0.000000 1.000000
0 62 0.106250 0.379167 0.021875 0.133333 0.000000 0.000000 1.000000
0 63 0.106250 0.379167 0.021875 0.133333 0.000000 0.000000 1.000000
0 64 0.106250 0.379167 0.021875 0.133333 0.000000 0.000000 1.000000
0 65 0.106250 0.379167 0.021875 0.133333 0.000000 0.000000 1.000000
0 66 0.106250 0.379167 0.021875 0.133333 0.000000 0.000000 1.000000
0 67 0.106250 0.379167 0.021875 0.133333 0.000000 0.000000 1.000000
0 68 0.106250 0.379167 0.021875 0.133333 0.000000 0.000000 1.000000
0 69 0.106250 0.379167 0.021875 0.133333 0.000000 0.000000 1.000000
0 70 0.106250 0.379167 0.021875 0.133333 0.000000 0.000000 1.000000
0 71 0.106250 0.379167 0.021875 0.133333 0.000000 0.000000 1.000000
0 72 0.106250 0.379167 0.021875 0.133333 0.000000 0.000000 1.000000
0 73 0.106250 0.379167 0.021875 0.133333 0.000000 0.000000 1.000000
0 74 0.106250 0.379167 0.021875 0.133333 0.000000 0.000000 1.000000
0 75 0.106250 0.379167 0.021875 0.133333 0.000000 0.000000 1.000000
0 76 0.106250 0.379167 0.021875 0.133333 0.000000 0.000000 1.000000
0 77 0.106250 0.379167 0.021875 0.133333 0.000000 0.000000 1.000000
0 78 0.106250 0.379167 0.021875 0.133333 0.000000 0.000000 1.000000
0 79 0.106250 0.379167 0.021875 0.133333 0.000000 0.000000 1.000000
0 80 0.106250 0.379167 0.021875 0.133333 0.000000 0.000000 1.000000
0 81 0.106250 0.379167 0.021875 0.133333 0.000000 0.000000 1.000000
0 82 0.106250 0.379167 0.021875 0.133333 0.000000 0.000000 1.000000
0 83 0.106250 0.379167 0.021875 0.133333 0.000000 0.000000 1.000000
0 84 0.106250 0.379167 0.021875 0.133333 0.000000 0.000000 1.000000
0 85 0.105469 0.379167 0.020313 0.130556 -0.000781 0.000000 1.000000
0 86 0.105469 0.379167 0.020313 0.130556 0.000000 0.000000 1.000000
0 87 0.105469 0.379167 0.020313 0.130556 0.000000 0.000000 1.000000
0 88 0.105469 0.379167 0.020313 0.130556 0.000000 0.000000 1.000000
0 89 0.105469 0.379167 0.020313 0.130556 0.000000 0.000000 1.000000
0 90 0.105469 0.379167 0.020313 0.130556 0.000000 0.000000 1.000000
0 91 0.105469 0.379167 0.020313 0.130556 0.000000 0.000000 1.000000
0 92 0.105469 0.379167 0.020313 0.130556 0.000000 0.000000 1.000000
0 93 0.105469 0.379167 0.020313 0.130556 0.000000 0.000000 1.000000
0 94 0.105469 0.379167 0.020313 0.130556 0.000000 0.000000 1.000000
0 95 0.105469 0.379167 0.020313 0.130556 0.000000 0.000000 1.000000
0 96 0.105469 0.379167 0.020313 0.130556 0.000000 0.000000 1.000000
0 97 0.105469 0.379167 0.020313 0.130556 0.000000 0.000000 1.000000
0 98 0.105469 0.379167 0.020313 0.130556 0.000000 0.000000 1.000000
0 99 0.106641 0.379167 0.022656 0.130556 0.001172 0.000000 1.000000
0 100 0.107422 0.379167 0.022656 0.130556 0.000781 0.000000 1.000000
0 101 0.108203 0.379167 0.022656 0.130556 0.000781 0.000000 1.000000
0 102 0.108203 0.379167 0.022656 0.130556 0.000000 0.000000 1.000000
0 103 0.108984 0.379167 0.022656 0.130556 0.000781 0.000000 1.000000
0 104 0.109766 0.379167 0.022656 0.130556 0.000781 0.000000 1.000000
0 105 0.109766 0.379167 0.022656 0.130556 0.000000 0.000000 1.000000
0 106 0.110547 0.379167 0.022656 0.130556 0.000781 0.000000 1.000000
0 107 0.111719 0.380556 0.026562 0.133333 0.001172 0.001389 1.000000
0 108 0.111719 0.381250 0.028125 0.131944 0.000000 0.000694 1.000000
0 109 0.112500 0.381250 0.028125 0.131944 0.000781 0.000000 1.000000
0 110 0.114062 0.381250 0.028125 0.131944 0.001563 0.000000 1.000000
0 111 0.114844 0.381250 0.028125 0.131944 0.000781 0.000000 1.000000
0 112 0.114844 0.381250 0.031250 0.131944 0.000000 0.000000 1.000000
0 113 0.116406 0.381250 0.031250 0.131944 0.001563 0.000000 1.000000
0 114 0.117188 0.379861 0.031250 0.131944 0.000781 -0.001389 1.000000
0 115 0.119531 0.381250 0.031250 0.131944 0.002344 0.001389 1.000000
0 116 0.120313 0.381250 0.031250 0.131944 0.000781 0.000000 1.000000
0 117 0.122656 0.379861 0.029687 0.131944 0.002344 -0.001389 1.000000
0 118 0.123438 0.380556 0.028125 0.133333 0.000781 0.000694 1.000000
0 119 0.125000 0.381944 0.028125 0.133333 0.001563 0.001389 1.000000
0 120 0.125000 0.380556 0.031250 0.127778 0.000000 -0.001389 1.000000
0 121 0.126172 0.382639 0.033594 0.126389 0.001172 0.002083 1.000000
0 122 0.126953 0.384028 0.033594 0.126389 0.000781 0.001389 1.000000
0 123 0.130078 0.386111 0.035156 0.122222 0.003125 0.002083 1.000000
0 124 0.133984 0.388889 0.036719 0.119444 0.003906 0.002778 1.000000
0 125 0.137109 0.387500 0.036719 0.119444 0.003125 -0.001389 1.000000
0 126 0.139453 0.391667 0.035156 0.113889 0.002344 0.004167 1.000000
0 127 0.141016 0.393056 0.035156 0.113889 0.001563 0.001389 1.000000
0 128 0.144141 0.394444 0.035156 0.111111 0.003125 0.001389 1.000000
0 129 0.147266 0.394444 0.035156 0.111111 0.003125 0.000000 1.000000
0 130 0.151172 0.394444 0.035156 0.111111 0.003906 0.000000 1.000000
0 131 0.155859 0.392361 0.036719 0.112500 0.004687 -0.002083 1.000000
0 132 0.159766 0.393750 0.036719 0.115278 0.003906 0.001389 1.000000
0 133 0.163672 0.390972 0.036719 0.115278 0.003906 -0.002778 1.000000
0 134 0.168359 0.389583 0.036719 0.115278 0.004687 -0.001389 1.000000
0 135 0.173437 0.390972 0.034375 0.118056 0.005078 0.001389 1.000000
0 136 0.177344 0.392361 0.032813 0.120833 0.003906 0.001389 1.000000
0 137 0.180469 0.391667 0.031250 0.122222 0.003125 -0.000694 1.000000
0 138 0.187500 0.391667 0.031250 0.122222 0.007031 0.000000 1.000000
0 139 0.193750 0.391667 0.031250 0.122222 0.006250 0.000000 1.000000
0 140 0.199219 0.394444 0.031250 0.127778 0.005469 0.002778 1.000000
0 141 0.206250 0.395833 0.031250 0.127778 0.007031 0.001389 1.000000
0 142 0.210938 0.397222 0.031250 0.127778 0.004687 0.001389 1.000000
0 143 0.218750 0.397222 0.035937 0.127778 0.007812 0.000000 1.000000
0 144 0.225781 0.398611 0.035937 0.127778 0.007031 0.001389 1.000000
0 145 0.231250 0.400694 0.037500 0.129167 0.005469 0.002083 1.000000
0 146 0.237500 0.402083 0.037500 0.129167 0.006250 0.001389 1.000000
0 147 0.241406 0.403472 0.035937 0.129167 0.003906 0.001389 1.000000
0 148 0.245312 0.403472 0.031250 0.129167 0.003906 0.000000 1.000000
0 149 0.249219 0.403472 0.031250 0.129167 0.003906 0.000000 1.000000
0 150 0.253906 0.404861 0.032813 0.129167 0.004687 0.001389 1.000000
0 151 0.260937 0.406250 0.037500 0.129167 0.007031 0.001389 1.000000
0 152 0.265625 0.409028 0.037500 0.129167 0.004687 0.002778 1.000000
0 153 0.269922 0.411806 0.039844 0.129167 0.004297 0.002778 1.000000
0 154 0.275000 0.413889 0.035937 0.127778 0.005078 0.002083 1.000000
0 155 0.279297 0.416667 0.032031 0.125000 0.004297 0.002778 1.000000
0 156 0.283203 0.418056 0.028906 0.125000 0.003906 0.001389 1.000000
0 157 0.289062 0.420833 0.028125 0.125000 0.005859 0.002778 1.000000
0 158 0.293750 0.422222 0.028125 0.125000 0.004687 0.001389 1.000000
0 159 0.297656 0.423611 0.028125 0.125000 0.003906 0.001389 1.000000
0 160 0.301172 0.427083 0.022656 0.126389 0.003516 0.003472 1.000000
0 161 0.306641 0.428472 0.022656 0.126389 0.005469 0.001389 1.000000
0 162 0.312891 0.429861 0.022656 0.126389 0.006250 0.001389 1.000000
0 163 0.317188 0.430556 0.021875 0.119444 0.004297 0.000694 1.000000
0 164 0.323437 0.434722 0.021875 0.119444 0.006250 0.004167 1.000000
0 165 0.328125 0.431944 0.021875 0.119444 0.004687 -0.002778 1.000000
0 166 0.330469 0.432639 0.023438 0.123611 0.002344 0.000694 1.000000
0 167 0.334766 0.431944 0.027344 0.127778 0.004297 -0.000694 1.000000
0 168 0.337109 0.429861 0.025781 0.129167 0.002344 -0.002083 1.000000
0 169 0.339844 0.430556 0.029687 0.127778 0.002734 0.000694 1.000000
0 170 0.343359 0.429167 0.032031 0.122222 0.003516 -0.001389 1.000000
0 171 0.347656 0.429167 0.034375 0.122222 0.004297 0.000000 1.000000
0 172 0.351562 0.427778 0.037500 0.122222 0.003906 -0.001389 1.000000
0 173 0.354297 0.427778 0.036719 0.122222 0.002734 0.000000 1.000000
0 174 0.357812 0.427083 0.037500 0.126389 0.003516 -0.000694 1.000000
0 175 0.360156 0.429167 0.039062 0.127778 0.002344 0.002083 1.000000
0 176 0.365625 0.430556 0.039062 0.127778 0.005469 0.001389 1.000000
0 177 0.370312 0.430556 0.039062 0.127778 0.004687 0.000000 1.000000
0 178 0.375000 0.429861 0.035937 0.120833 0.004687 -0.000694 1.000000
0 179 0.378125 0.434028 0.039062 0.123611 0.003125 0.004167 1.000000
0 180 0.381250 0.435417 0.039062 0.123611 0.003125 0.001389 1.000000
0 181 0.384375 0.436806 0.039062 0.129167 0.003125 0.001389 1.000000
0 182 0.386719 0.438194 0.035937 0.126389 0.002344 0.001389 1.000000
0 183 0.390234 0.437500 0.030469 0.119444 0.003516 -0.000694 1.000000
0 184 0.392969 0.442361 0.028125 0.123611 0.002734 0.004861 1.000000
0 185 0.395313 0.442361 0.025000 0.123611 0.002344 0.000000 1.000000
0 186 0.397656 0.444444 0.023438 0.125000 0.002344 0.002083 1.000000
0 187 0.400000 0.444444 0.025000 0.127778 0.002344 0.000000 1.000000
0 188 0.402344 0.445833 0.031250 0.127778 0.002344 0.001389 1.000000
0 189 0.403906 0.443056 0.039062 0.119444 0.001563 -0.002778 1.000000
0 190 0.403906 0.440278 0.042188 0.111111 0.000000 -0.002778 1.000000
0 191 0.407031 0.443750 0.032813 0.112500 0.003125 0.003472 1.000000
0 192 0.408594 0.445833 0.029687 0.108333 0.001563 0.002083 1.000000
0 193 0.410547 0.450694 0.027344 0.112500 0.001953 0.004861 1.000000
0 194 0.412109 0.452083 0.027344 0.112500 0.001563 0.001389 1.000000
0 195 0.413672 0.453472 0.027344 0.112500 0.001563 0.001389 1.000000
0 196 0.412891 0.453472 0.027344 0.112500 -0.000781 0.000000 1.000000
0 197 0.412500 0.455556 0.029687 0.116667 -0.000391 0.002083 1.000000
0 198 0.411719 0.459722 0.029687 0.116667 -0.000781 0.004167 1.000000
0 199 0.410156 0.462500 0.029687 0.116667 -0.001563 0.002778 1.000000
0 200 0.410156 0.463889 0.029687 0.116667 0.000000 0.001389 1.000000
0 201 0.407422 0.463889 0.028906 0.116667 -0.002734 0.000000 1.000000
0 202 0.405859 0.466667 0.028906 0.122222 -0.001563 0.002778 1.000000
0 203 0.403516 0.469444 0.028906 0.122222 -0.002344 0.002778 1.000000
0 204 0.400391 0.472222 0.028906 0.122222 -0.003125 0.002778 1.000000
0 205 0.398047 0.475000 0.028906 0.122222 -0.002344 0.002778 1.000000
0 206 0.396094 0.477778 0.029687 0.130556 -0.001953 0.002778 1.000000
0 207 0.392188 0.481944 0.026562 0.130556 -0.003906 0.004167 1.000000
0 208 0.387891 0.486111 0.025781 0.130556 -0.004297 0.004167 1.000000
0 209 0.383594 0.490278 0.021875 0.130556 -0.004297 0.004167 1.000000
0 210 0.380469 0.493056 0.021875 0.130556 -0.003125 0.002778 1.000000
0 211 0.377344 0.497222 0.021875 0.130556 -0.003125 0.004167 1.000000
0 212 0.375000 0.501389 0.021875 0.130556 -0.002344 0.004167 1.000000
0 213 0.371875 0.504167 0.021875 0.130556 -0.003125 0.002778 1.000000
0 214 0.368750 0.504167 0.021875 0.130556 -0.003125 0.000000 1.000000
0 215 0.366016 0.504167 0.021094 0.130556 -0.002734 0.000000 1.000000
0 216 0.364453 0.508333 0.021094 0.130556 -0.001563 0.004167 1.000000
0 217 0.361328 0.509722 0.024219 0.130556 -0.003125 0.001389 1.000000
0 218 0.358984 0.512500 0.024219 0.130556 -0.002344 0.002778 1.000000
0 219 0.357031 0.513889 0.026562 0.130556 -0.001953 0.001389 1.000000
0 220 0.353125 0.516667 0.028125 0.130556 -0.003906 0.002778 1.000000
0 221 0.350000 0.518056 0.028125 0.130556 -0.003125 0.001389 1.000000
0 222 0.346484 0.519444 0.030469 0.130556 -0.003516 0.001389 1.000000
0 223 0.343359 0.520833 0.030469 0.130556 -0.003125 0.001389 1.000000
0 224 0.340234 0.523611 0.030469 0.130556 -0.003125 0.002778 1.000000
0 225 0.337109 0.523611 0.030469 0.130556 -0.003125 0.000000 1.000000
0 226 0.333984 0.523611 0.030469 0.130556 -0.003125 0.000000 1.000000
0 227 0.330078 0.523611 0.028906 0.130556 -0.003906 0.000000 1.000000
0 228 0.326562 0.523611 0.026562 0.130556 -0.003516 0.000000 1.000000
0 229 0.324219 0.523611 0.026562 0.130556 -0.002344 0.000000 1.000000
0 230 0.319531 0.523611 0.023438 0.130556 -0.004687 0.000000 1.000000
0 231 0.314844 0.525000 0.023438 0.130556 -0.004687 0.001389 1.000000
0 232 0.313281 0.529167 0.023438 0.130556 -0.001563 0.004167 1.000000
0 233 0.310156 0.530556 0.023438 0.130556 -0.003125 0.001389 1.000000
0 234 0.307031 0.531944 0.023438 0.130556 -0.003125 0.001389 1.000000
0 235 0.302344 0.531944 0.023438 0.130556 -0.004687 0.000000 1.000000
0 236 0.300000 0.531944 0.023438 0.130556 -0.002344 0.000000 1.000000
0 237 0.297656 0.531944 0.023438 0.130556 -0.002344 0.000000 1.000000
0 238 0.296484 0.531944 0.027344 0.130556 -0.001172 0.000000 1.000000
0 239 0.294141 0.527778 0.027344 0.130556 -0.002344 -0.004167 1.000000
0 240 0.291016 0.529167 0.027344 0.130556 -0.003125 0.001389 1.000000
0 241 0.287109 0.527778 0.028906 0.130556 -0.003906 -0.001389 1.000000
0 242 0.283594 0.526389 0.029687 0.130556 -0.003516 -0.001389 1.000000
0 243 0.280469 0.526389 0.029687 0.130556 -0.003125 0.000000 1.000000
0 244 0.275000 0.526389 0.029687 0.130556 -0.005469 0.000000 1.000000
0 245 0.271094 0.525000 0.029687 0.130556 -0.003906 -0.001389 1.000000
0 246 0.266406 0.526389 0.029687 0.130556 -0.004687 0.001389 1.000000
0 247 0.261719 0.526389 0.029687 0.130556 -0.004687 0.000000 1.000000
0 248 0.257812 0.527778 0.029687 0.130556 -0.003906 0.001389 1.000000
0 249 0.253906 0.526389 0.029687 0.130556 -0.003906 -0.001389 1.000000
0 250 0.250781 0.526389 0.029687 0.130556 -0.003125 0.000000 1.000000
0 251 0.246094 0.525000 0.029687 0.130556 -0.004687 -0.001389 1.000000
0 252 0.242188 0.523611 0.028125 0.130556 -0.003906 -0.001389 1.000000
0 253 0.239063 0.522222 0.026562 0.130556 -0.003125 -0.001389 1.000000
0 254 0.235156 0.520833 0.026562 0.130556 -0.003906 -0.001389 1.000000
0 255 0.231250 0.520833 0.026562 0.130556 -0.003906 0.000000 1.000000
0 256 0.227344 0.519444 0.026562 0.130556 -0.003906 -0.001389 1.000000
0 257 0.224219 0.520833 0.026562 0.130556 -0.003125 0.001389 1.000000
0 258 0.218750 0.520833 0.026562 0.130556 -0.005469 0.000000 1.000000
0 259 0.214844 0.520833 0.026562 0.130556 -0.003906 0.000000 1.000000
0 260 0.210156 0.520833 0.025000 0.130556 -0.004687 0.000000 1.000000
0 261 0.206250 0.520833 0.025000 0.130556 -0.003906 0.000000 1.000000
0 262 0.203125 0.519444 0.025000 0.130556 -0.003125 -0.001389 1.000000
0 263 0.198437 0.519444 0.026562 0.133333 -0.004687 0.000000 1.000000
0 264 0.194531 0.519444 0.026562 0.133333 -0.003906 0.000000 1.000000
0 265 0.189844 0.516667 0.026562 0.133333 -0.004687 -0.002778 1.000000
0 266 0.185156 0.515278 0.026562 0.133333 -0.004687 -0.001389 1.000000
0 267 0.179688 0.513889 0.026562 0.133333 -0.005469 -0.001389 1.000000
0 268 0.175781 0.513889 0.026562 0.133333 -0.003906 0.000000 1.000000
0 269 0.169531 0.515278 0.028125 0.133333 -0.006250 0.001389 1.000000
0 270 0.164062 0.513889 0.031250 0.133333 -0.005469 -0.001389 1.000000
0 271 0.159375 0.515278 0.031250 0.133333 -0.004687 0.001389 1.000000
0 272 0.154688 0.515278 0.031250 0.133333 -0.004687 0.000000 1.000000
0 273 0.150000 0.513889 0.031250 0.133333 -0.004687 -0.001389 1.000000
0 274 0.144531 0.513889 0.032813 0.133333 -0.005469 0.000000 1.000000
0 275 0.141406 0.512500 0.032813 0.133333 -0.003125 -0.001389 1.000000
0 276 0.138281 0.511111 0.031250 0.133333 -0.003125 -0.001389 1.000000
0 277 0.135937 0.506944 0.028125 0.133333 -0.002344 -0.004167 1.000000
0 278 0.132812 0.505556 0.028125 0.133333 -0.003125 -0.001389 1.000000
0 279 0.128906 0.505556 0.026562 0.133333 -0.003906 0.000000 1.000000
0 280 0.125781 0.504167 0.026562 0.133333 -0.003125 -0.001389 1.000000
0 281 0.122656 0.505556 0.026562 0.133333 -0.003125 0.001389 1.000000
0 282 0.117969 0.505556 0.026562 0.133333 -0.004687 0.000000 1.000000
0 283 0.114844 0.506944 0.026562 0.133333 -0.003125 0.001389 1.000000
0 284 0.111719 0.508333 0.026562 0.133333 -0.003125 0.001389 1.000000
0 285 0.108594 0.506944 0.026562 0.133333 -0.003125 -0.001389 1.000000
0 286 0.105469 0.505556 0.026562 0.133333 -0.003125 -0.001389 1.000000
0 287 0.101953 0.505556 0.024219 0.133333 -0.003516 0.000000 1.000000
0 288 0.099609 0.504167 0.024219 0.133333 -0.002344 -0.001389 1.000000
0 289 0.096875 0.502778 0.026562 0.133333 -0.002734 -0.001389 1.000000
0 290 0.094531 0.502778 0.026562 0.133333 -0.002344 0.000000 1.000000
0 291 0.091406 0.501389 0.026562 0.133333 -0.003125 -0.001389 1.000000
0 292 0.089063 0.498611 0.028125 0.133333 -0.002344 -0.002778 1.000000
0 293 0.085156 0.498611 0.029687 0.133333 -0.003906 0.000000 1.000000
0 294 0.081250 0.497222 0.029687 0.133333 -0.003906 -0.001389 1.000000
0 295 0.078516 0.497222 0.033594 0.133333 -0.002734 0.000000 1.000000
0 296 0.074609 0.497222 0.033594 0.133333 -0.003906 0.000000 1.000000
0 297 0.072266 0.497222 0.033594 0.133333 -0.002344 0.000000 1.000000
0 298 0.067578 0.497222 0.033594 0.133333 -0.004687 0.000000 1.000000
0 299 0.064453 0.497222 0.033594 0.133333 -0.003125 0.000000 1.000000
0 300 0.063672 0.495833 0.033594 0.133333 -0.000781 -0.001389 1.000000
0 301 0.061719 0.493056 0.029687 0.133333 -0.001953 -0.002778 1.000000
0 302 0.060156 0.491667 0.029687 0.133333 -0.001563 -0.001389 1.000000
0 303 0.057813 0.490278 0.028125 0.136111 -0.002344 -0.001389 1.000000
0 304 0.055469 0.490278 0.026562 0.136111 -0.002344 0.000000 1.000000
0 305 0.052344 0.490278 0.026562 0.136111 -0.003125 0.000000 1.000000
0 306 0.050781 0.488889 0.026562 0.136111 -0.001563 -0.001389 1.000000
0 307 0.046875 0.490278 0.026562 0.136111 -0.003906 0.001389 1.000000
0 308 0.046094 0.491667 0.023438 0.136111 -0.000781 0.001389 1.000000
0 309 0.041406 0.490278 0.023438 0.136111 -0.004687 -0.001389 1.000000
0 310 0.039844 0.493056 0.023438 0.136111 -0.001563 0.002778 1.000000
0 311 0.038281 0.491667 0.023438 0.136111 -0.001563 -0.001389 1.000000
0 312 0.035937 0.490278 0.023438 0.136111 -0.002344 -0.001389 1.000000
0 313 0.033594 0.490278 0.023438 0.136111 -0.002344 0.000000 1.000000
0 314 0.032031 0.488889 0.023438 0.136111 -0.001563 -0.001389 1.000000
0 315 0.030469 0.487500 0.023438 0.136111 -0.001563 -0.001389 1.000000
0 316 0.029687 0.487500 0.025000 0.136111 -0.000781 0.000000 1.000000
0 317 0.028906 0.484722 0.029687 0.136111 -0.000781 -0.002778 1.000000
0 318 0.025781 0.484722 0.029687 0.136111 -0.003125 0.000000 1.000000
0 319 0.024219 0.483333 0.029687 0.136111 -0.001563 -0.001389 1.000000
0 320 0.021875 0.486111 0.031250 0.133333 -0.002344 0.002778 1.000000
0 321 0.019531 0.484722 0.031250 0.133333 -0.002344 -0.001389 1.000000
0 322 0.017969 0.483333 0.032813 0.133333 -0.001563 -0.001389 1.000000
0 323 0.016406 0.483333 0.032813 0.133333 -0.001563 0.000000 1.000000
0 324 0.016016 0.481944 0.032031 0.133333 -0.000391 -0.001389 1.000000
0 325 0.015625 0.483333 0.031250 0.133333 -0.000391 0.001389 1.000000
0 326 0.014844 0.483333 0.029687 0.133333 -0.000781 0.000000 1.000000
0 327 0.014844 0.480556 0.029687 0.133333 0.000000 -0.002778 1.000000
0 328 0.014844 0.476389 0.029687 0.133333 0.000000 -0.004167 1.000000
0 329 0.014844 0.475000 0.029687 0.133333 0.000000 -0.001389 1.000000
0 330 0.014063 0.475000 0.028125 0.133333 -0.000781 0.000000 1.000000
0 331 0.013672 0.473611 0.027344 0.133333 -0.000391 -0.001389 1.000000
0 332 0.013281 0.472222 0.026562 0.133333 -0.000391 -0.001389 1.000000
0 333 0.012500 0.475000 0.025000 0.133333 -0.000781 0.002778 1.000000
0 334 0.012500 0.475000 0.025000 0.133333 0.000000 0.000000 1.000000
0 335 0.012500 0.475000 0.025000 0.133333 0.000000 0.000000 1.000000
0 336 0.011719 0.475000 0.023438 0.133333 -0.000781 0.000000 1.000000
0 337 0.011328 0.475000 0.022656 0.133333 -0.000391 0.000000 1.000000
0 338 0.011328 0.473611 0.022656 0.133333 0.000000 -0.001389 1.000000
0 339 0.010937 0.472222 0.021875 0.133333 -0.000391 -0.001389 1.000000
0 340 0.010547 0.472222 0.021094 0.133333 -0.000391 0.000000 1.000000
0 341 0.009766 0.470833 0.019531 0.133333 -0.000781 -0.001389 1.000000
0 342 0.010547 0.469444 0.021094 0.133333 0.000781 -0.001389 1.000000
0 343 0.010156 0.469444 0.020313 0.133333 -0.000391 0.000000 1.000000
0 344 0.009766 0.466667 0.019531 0.133333 -0.000391 -0.002778 1.000000
0 345 0.010156 0.465278 0.020313 0.133333 0.000391 -0.001389 1.000000
0 346 0.009766 0.463889 0.019531 0.130556 -0.000391 -0.001389 1.000000
0 347 0.008984 0.463889 0.017969 0.133333 -0.000781 0.000000 1.000000
0 348 0.008594 0.463889 0.017188 0.133333 -0.000391 0.000000 1.000000
0 349 0.008984 0.462500 0.017969 0.133333 0.000391 -0.001389 1.000000
0 350 0.009375 0.461111 0.018750 0.133333 0.000391 -0.001389 1.000000
0 351 0.008594 0.461111 0.017188 0.133333 -0.000781 0.000000 1.000000
0 352 0.007031 0.461111 0.014063 0.133333 -0.001563 0.000000 1.000000
0 353 0.006641 0.462500 0.013281 0.136111 -0.000391 0.001389 1.000000
0 354 0.005469 0.459722 0.010937 0.136111 -0.001172 -0.002778 1.000000
0 597 0.009766 0.283333 0.019531 0.147222 0.000018 -0.000726 1.000000
0 598 0.019531 0.281944 0.035937 0.136111 0.009766 -0.001389 1.000000
0 599 0.033594 0.281944 0.035937 0.136111 0.014063 0.000000 1.000000
0 600 0.050781 0.281944 0.035937 0.136111 0.017188 0.000000 1.000000
0 601 0.065625 0.281944 0.039062 0.130556 0.014844 0.000000 1.000000
0 602 0.082031 0.280556 0.039062 0.130556 0.016406 -0.001389 1.000000
0 603 0.096875 0.280556 0.039062 0.130556 0.014844 0.000000 1.000000
0 604 0.112500 0.280556 0.039062 0.130556 0.015625 0.000000 1.000000
0 605 0.125000 0.279167 0.039062 0.130556 0.012500 -0.001389 1.000000
0 606 0.135937 0.281944 0.034375 0.130556 0.010937 0.002778 1.000000
0 607 0.148438 0.281944 0.032813 0.130556 0.012500 0.000000 1.000000
0 608 0.160938 0.281944 0.032813 0.130556 0.012500 0.000000 1.000000
0 609 0.173437 0.283333 0.032813 0.130556 0.012500 0.001389 1.000000
0 610 0.185156 0.284722 0.032813 0.130556 0.011719 0.001389 1.000000
0 611 0.196094 0.284722 0.032813 0.130556 0.010937 0.000000 1.000000
0 612 0.207031 0.285417 0.032813 0.126389 0.010937 0.000694 1.000000
0 613 0.217969 0.285417 0.034375 0.126389 0.010937 0.000000 1.000000
0 614 0.228125 0.285417 0.034375 0.126389 0.010156 0.000000 1.000000
0 615 0.239844 0.285417 0.034375 0.126389 0.011719 0.000000 1.000000
0 616 0.249219 0.285417 0.035937 0.126389 0.009375 0.000000 1.000000
0 617 0.259375 0.284028 0.037500 0.126389 0.010156 -0.001389 1.000000
0 618 0.271094 0.285417 0.037500 0.126389 0.011719 0.001389 1.000000
0 619 0.279687 0.285417 0.037500 0.126389 0.008594 0.000000 1.000000
0 620 0.289062 0.282639 0.037500 0.126389 0.009375 -0.002778 1.000000
0 621 0.298438 0.282639 0.037500 0.126389 0.009375 0.000000 1.000000
0 622 0.306250 0.285417 0.037500 0.126389 0.007812 0.002778 1.000000
0 623 0.314063 0.285417 0.037500 0.126389 0.007812 0.000000 1.000000
0 624 0.321875 0.285417 0.037500 0.126389 0.007812 0.000000 1.000000
0 625 0.328125 0.285417 0.037500 0.126389 0.006250 0.000000 1.000000
0 626 0.333594 0.286806 0.037500 0.126389 0.005469 0.001389 1.000000
0 627 0.339844 0.286806 0.037500 0.126389 0.006250 0.000000 1.000000
0 628 0.344531 0.288194 0.037500 0.126389 0.004687 0.001389 1.000000
0 629 0.348438 0.290972 0.034375 0.126389 0.003906 0.002778 1.000000
0 630 0.351562 0.290278 0.032813 0.127778 0.003125 -0.000694 1.000000
0 631 0.356641 0.289583 0.032031 0.123611 0.005078 -0.000694 1.000000
0 632 0.359766 0.289583 0.032031 0.123611 0.003125 0.000000 1.000000
0 633 0.362891 0.289583 0.032031 0.123611 0.003125 0.000000 1.000000
0 634 0.364844 0.289583 0.029687 0.123611 0.001953 0.000000 1.000000
0 635 0.366406 0.288889 0.028125 0.122222 0.001563 -0.000694 1.000000
0 636 0.368750 0.287500 0.028125 0.122222 0.002344 -0.001389 1.000000
0 637 0.370312 0.287500 0.028125 0.122222 0.001563 0.000000 1.000000
0 638 0.373437 0.286111 0.028125 0.122222 0.003125 -0.001389 1.000000
0 639 0.374219 0.286111 0.028125 0.122222 0.000781 0.000000 1.000000
0 640 0.375000 0.284722 0.028125 0.122222 0.000781 -0.001389 1.000000
0 641 0.376563 0.283333 0.028125 0.122222 0.001563 -0.001389 1.000000
0 642 0.377344 0.286111 0.028125 0.122222 0.000781 0.002778 1.000000
0 643 0.378125 0.283333 0.028125 0.122222 0.000781 -0.002778 1.000000
0 644 0.378125 0.283333 0.028125 0.122222 0.000000 0.000000 1.000000
0 645 0.377734 0.283333 0.027344 0.125000 -0.000391 0.000000 1.000000
0 646 0.376563 0.281944 0.025000 0.125000 -0.001172 -0.001389 1.000000
0 647 0.375000 0.280556 0.021875 0.125000 -0.001563 -0.001389 1.000000
0 648 0.374219 0.279167 0.021875 0.125000 -0.000781 -0.001389 1.000000
0 649 0.373437 0.277778 0.020313 0.125000 -0.000781 -0.001389 1.000000
0 650 0.374219 0.276389 0.020313 0.125000 0.000781 -0.001389 1.000000
0 651 0.373437 0.277778 0.020313 0.122222 -0.000781 0.001389 1.000000
0 652 0.372656 0.274306 0.021875 0.120833 -0.000781 -0.003472 1.000000
0 653 0.371875 0.274306 0.021875 0.120833 -0.000781 0.000000 1.000000
0 654 0.371875 0.274306 0.021875 0.120833 0.000000 0.000000 1.000000
0 655 0.369922 0.274306 0.024219 0.120833 -0.001953 0.000000 1.000000
0 656 0.369922 0.274306 0.024219 0.120833 0.000000 0.000000 1.000000
0 657 0.369141 0.274306 0.024219 0.120833 -0.000781 0.000000 1.000000
0 658 0.368359 0.274306 0.024219 0.120833 -0.000781 0.000000 1.000000
0 659 0.367578 0.274306 0.024219 0.120833 -0.000781 0.000000 1.000000
0 660 0.366797 0.274306 0.024219 0.120833 -0.000781 0.000000 1.000000
0 661 0.366797 0.274306 0.024219 0.120833 0.000000 0.000000 1.000000
0 662 0.366797 0.274306 0.024219 0.120833 0.000000 0.000000 1.000000
0 663 0.366016 0.274306 0.024219 0.120833 -0.000781 0.000000 1.000000
0 664 0.365234 0.274306 0.024219 0.120833 -0.000781 0.000000 1.000000
0 665 0.365234 0.274306 0.024219 0.120833 0.000000 0.000000 1.000000
0 666 0.364453 0.275694 0.024219 0.120833 -0.000781 0.001389 1.000000
0 667 0.363672 0.277083 0.024219 0.120833 -0.000781 0.001389 1.000000
0 668 0.363672 0.278472 0.024219 0.120833 0.000000 0.001389 1.000000
0 669 0.363672 0.282639 0.024219 0.120833 0.000000 0.004167 1.000000
0 670 0.363672 0.284028 0.024219 0.120833 0.000000 0.001389 1.000000
0 671 0.363672 0.286806 0.024219 0.120833 0.000000 0.002778 1.000000
0 672 0.365625 0.289583 0.026562 0.120833 0.001953 0.002778 1.000000
0 673 0.365625 0.293750 0.026562 0.120833 0.000000 0.004167 1.000000
0 674 0.366406 0.297917 0.026562 0.120833 0.000781 0.004167 1.000000
0 675 0.364844 0.302083 0.026562 0.120833 -0.001563 0.004167 1.000000
0 676 0.364844 0.304861 0.026562 0.118056 0.000000 0.002778 1.000000
0 677 0.366406 0.310417 0.026562 0.118056 0.001563 0.005556 1.000000
0 678 0.365625 0.317361 0.026562 0.118056 -0.000781 0.006944 1.000000
0 679 0.366016 0.322917 0.028906 0.115278 0.000391 0.005556 1.000000
0 680 0.367188 0.328472 0.029687 0.112500 0.001172 0.005556 1.000000
0 681 0.368750 0.334028 0.029687 0.112500 0.001563 0.005556 1.000000
0 682 0.370312 0.339583 0.029687 0.112500 0.001563 0.005556 1.000000
0 683 0.371875 0.346528 0.029687 0.112500 0.001563 0.006944 1.000000
0 684 0.376563 0.352083 0.026562 0.115278 0.004687 0.005556 1.000000
0 685 0.377344 0.359028 0.026562 0.115278 0.000781 0.006944 1.000000
0 686 0.377734 0.365278 0.028906 0.116667 0.000391 0.006250 1.000000
0 687 0.379297 0.370833 0.028906 0.113889 0.001563 0.005556 1.000000
0 688 0.380078 0.377778 0.028906 0.113889 0.000781 0.006944 1.000000
0 689 0.381641 0.381944 0.028906 0.113889 0.001563 0.004167 1.000000
0 690 0.383984 0.388889 0.033594 0.113889 0.002344 0.006944 1.000000
0 691 0.385937 0.394444 0.039062 0.113889 0.001953 0.005556 1.000000
0 692 0.386328 0.401389 0.041406 0.113889 0.000391 0.006944 1.000000
0 693 0.387500 0.406944 0.042188 0.116667 0.001172 0.005556 1.000000
0 694 0.389062 0.412500 0.042188 0.116667 0.001563 0.005556 1.000000
0 695 0.391797 0.416667 0.044531 0.116667 0.002734 0.004167 1.000000
0 696 0.394922 0.420833 0.044531 0.116667 0.003125 0.004167 1.000000
0 697 0.398438 0.425000 0.042188 0.119444 0.003516 0.004167 1.000000
0 698 0.401562 0.427778 0.042188 0.119444 0.003125 0.002778 1.000000
0 699 0.405078 0.432639 0.038281 0.120833 0.003516 0.004861 1.000000
0 700 0.407813 0.436806 0.037500 0.120833 0.002734 0.004167 1.000000
0 701 0.407031 0.440278 0.032813 0.119444 -0.000781 0.003472 1.000000
0 702 0.407813 0.444444 0.031250 0.119444 0.000781 0.004167 1.000000
0 703 0.406641 0.447222 0.025781 0.119444 -0.001172 0.002778 1.000000
0 704 0.407031 0.450000 0.028125 0.119444 0.000391 0.002778 1.000000
0 705 0.407813 0.455556 0.031250 0.122222 0.000781 0.005556 1.000000
0 706 0.408203 0.456944 0.035156 0.119444 0.000391 0.001389 1.000000
0 707 0.410156 0.459028 0.039062 0.120833 0.001953 0.002083 1.000000
0 708 0.411719 0.460417 0.039062 0.120833 0.001563 0.001389 1.000000
0 709 0.413281 0.462500 0.042188 0.122222 0.001563 0.002083 1.000000
0 710 0.415625 0.463889 0.042188 0.122222 0.002344 0.001389 1.000000
0 711 0.417187 0.465278 0.037500 0.119444 0.001563 0.001389 1.000000
0 712 0.417969 0.469444 0.035937 0.119444 0.000781 0.004167 1.000000
0 713 0.416406 0.472222 0.035937 0.116667 -0.001563 0.002778 1.000000
0 714 0.414844 0.477778 0.035937 0.116667 -0.001563 0.005556 1.000000
0 715 0.416797 0.478472 0.039844 0.115278 0.001953 0.000694 1.000000
0 716 0.417187 0.479167 0.043750 0.113889 0.000391 0.000694 1.000000
0 717 0.417969 0.480556 0.042188 0.116667 0.000781 0.001389 1.000000
0 718 0.417969 0.479861 0.037500 0.112500 0.000000 -0.000694 1.000000
0 719 0.424219 0.476389 0.037500 0.102778 0.006250 -0.003472 1.000000
0 720 0.427734 0.476389 0.046094 0.102778 0.003516 0.000000 1.000000
0 721 0.432422 0.477083 0.058594 0.101389 0.004687 0.000694 1.000000
0 722 0.431641 0.475694 0.058594 0.101389 -0.000781 -0.001389 1.000000
0 723 0.433203 0.473611 0.061719 0.102778 0.001563 -0.002083 1.000000
0 724 0.435547 0.473611 0.061719 0.102778 0.002344 0.000000 1.000000
0 725 0.435156 0.473611 0.054688 0.102778 -0.000391 0.000000 1.000000
0 726 0.437109 0.475000 0.044531 0.105556 0.001953 0.001389 1.000000
0 727 0.440625 0.473611 0.035937 0.105556 0.003516 -0.001389 1.000000
0 728 0.445312 0.472917 0.034375 0.106944 0.004687 -0.000694 1.000000
0 729 0.446484 0.469444 0.042969 0.111111 0.001172 -0.003472 1.000000
0 730 0.445312 0.466667 0.043750 0.113889 -0.001172 -0.002778 1.000000
0 731 0.442188 0.464583 0.046875 0.118056 -0.003125 -0.002083 1.000000
0 732 0.443750 0.459028 0.046875 0.118056 0.001563 -0.005556 1.000000
0 733 0.443750 0.459028 0.043750 0.115278 0.000000 0.000000 1.000000
0 734 0.444531 0.458333 0.042188 0.116667 0.000781 -0.000694 1.000000
0 735 0.445312 0.459722 0.037500 0.113889 0.000781 0.001389 1.000000
0 736 0.446484 0.459028 0.033594 0.115278 0.001172 -0.000694 1.000000
0 737 0.450000 0.457639 0.028125 0.115278 0.003516 -0.001389 1.000000
0 738 0.450000 0.455556 0.035937 0.116667 0.000000 -0.002083 1.000000
0 739 0.450391 0.454167 0.044531 0.119444 0.000391 -0.001389 1.000000
0 740 0.450000 0.450000 0.046875 0.119444 -0.000391 -0.004167 1.000000
0 741 0.450000 0.447917 0.053125 0.118056 0.000000 -0.002083 1.000000
0 742 0.450781 0.449306 0.056250 0.115278 0.000781 0.001389 1.000000
0 743 0.451562 0.449306 0.056250 0.115278 0.000781 0.000000 1.000000
0 744 0.451562 0.447917 0.050000 0.115278 0.000000 -0.001389 1.000000
0 745 0.450000 0.449306 0.039062 0.115278 -0.001563 0.001389 1.000000
0 746 0.450000 0.445139 0.034375 0.118056 0.000000 -0.004167 1.000000
0 747 0.453125 0.445833 0.031250 0.119444 0.003125 0.000694 1.000000
0 748 0.451562 0.443056 0.032813 0.122222 -0.001563 -0.002778 1.000000
0 749 0.447656 0.440278 0.037500 0.125000 -0.003906 -0.002778 1.000000
0 750 0.445312 0.438889 0.037500 0.125000 -0.002344 -0.001389 1.000000
0 751 0.442188 0.440278 0.034375 0.125000 -0.003125 0.001389 1.000000
0 752 0.439063 0.438889 0.032813 0.122222 -0.003125 -0.001389 1.000000
0 753 0.439844 0.438889 0.032813 0.122222 0.000781 0.000000 1.000000
0 754 0.436719 0.441667 0.032813 0.122222 -0.003125 0.002778 1.000000
0 755 0.432812 0.441667 0.029687 0.122222 -0.003906 0.000000 1.000000
0 756 0.430469 0.441667 0.029687 0.122222 -0.002344 0.000000 1.000000
0 757 0.432031 0.440278 0.029687 0.125000 0.001563 -0.001389 1.000000
0 758 0.430469 0.438889 0.032813 0.127778 -0.001563 -0.001389 1.000000
0 759 0.427344 0.437500 0.032813 0.125000 -0.003125 -0.001389 1.000000
0 760 0.423047 0.436111 0.032031 0.122222 -0.004297 -0.001389 1.000000
0 761 0.417969 0.437500 0.031250 0.119444 -0.005078 0.001389 1.000000
0 762 0.416406 0.437500 0.031250 0.119444 -0.001563 0.000000 1.000000
0 763 0.414062 0.437500 0.025000 0.119444 -0.002344 0.000000 1.000000
0 764 0.414844 0.438194 0.026562 0.120833 0.000781 0.000694 1.000000
0 765 0.413281 0.436806 0.032813 0.123611 -0.001563 -0.001389 1.000000
0 766 0.410156 0.434722 0.039062 0.125000 -0.003125 -0.002083 1.000000
0 767 0.407031 0.434722 0.042188 0.125000 -0.003125 0.000000 1.000000
0 768 0.403125 0.434722 0.043750 0.122222 -0.003906 0.000000 1.000000
0 769 0.400781 0.434028 0.043750 0.118056 -0.002344 -0.000694 1.000000
0 770 0.397656 0.434722 0.039062 0.113889 -0.003125 0.000694 1.000000
0 771 0.396484 0.434722 0.035156 0.116667 -0.001172 0.000000 1.000000
0 772 0.395313 0.436111 0.028125 0.119444 -0.001172 0.001389 1.000000
0 773 0.394531 0.434722 0.028125 0.119444 -0.000781 -0.001389 1.000000
0 774 0.391406 0.434028 0.032813 0.123611 -0.003125 -0.000694 1.000000
0 775 0.390234 0.432639 0.030469 0.126389 -0.001172 -0.001389 1.000000
0 776 0.390234 0.430556 0.030469 0.122222 0.000000 -0.002083 1.000000
0 777 0.391016 0.430556 0.030469 0.119444 0.000781 0.000000 1.000000
0 778 0.389453 0.432639 0.035156 0.120833 -0.001563 0.002083 1.000000
0 779 0.389844 0.434028 0.043750 0.120833 0.000391 0.001389 1.000000
0 780 0.388672 0.436111 0.046094 0.119444 -0.001172 0.002083 1.000000
0 781 0.389453 0.437500 0.047656 0.113889 0.000781 0.001389 1.000000
0 782 0.389844 0.439583 0.045312 0.115278 0.000391 0.002083 1.000000
0 783 0.391016 0.437500 0.036719 0.119444 0.001172 -0.002083 1.000000
0 784 0.391406 0.436806 0.031250 0.118056 0.000391 -0.000694 1.000000
0 785 0.390625 0.437500 0.028125 0.119444 -0.000781 0.000694 1.000000
0 786 0.388672 0.437500 0.025781 0.119444 -0.001953 0.000000 1.000000
0 787 0.385156 0.437500 0.023438 0.119444 -0.003516 0.000000 1.000000
0 788 0.387500 0.437500 0.028125 0.116667 0.002344 0.000000 1.000000
0 789 0.388281 0.440278 0.034375 0.113889 0.000781 0.002778 1.000000
0 790 0.389062 0.440278 0.035937 0.111111 0.000781 0.000000 1.000000
0 791 0.386328 0.440972 0.035156 0.109722 -0.002734 0.000694 1.000000
0 792 0.381641 0.440972 0.035156 0.109722 -0.004687 0.000000 1.000000
0 793 0.376563 0.439583 0.037500 0.112500 -0.005078 -0.001389 1.000000
0 794 0.373437 0.437500 0.037500 0.116667 -0.003125 -0.002083 1.000000
0 795 0.370312 0.436111 0.037500 0.116667 -0.003125 -0.001389 1.000000
0 796 0.364063 0.431944 0.034375 0.113889 -0.006250 -0.004167 1.000000
0 797 0.363281 0.431944 0.034375 0.113889 -0.000781 0.000000 1.000000
0 798 0.360938 0.431944 0.034375 0.113889 -0.002344 0.000000 1.000000
0 799 0.360156 0.429167 0.034375 0.113889 -0.000781 -0.002778 1.000000
0 800 0.359375 0.427083 0.034375 0.118056 -0.000781 -0.002083 1.000000
0 801 0.357031 0.425694 0.034375 0.120833 -0.002344 -0.001389 1.000000
0 802 0.354687 0.423611 0.032813 0.119444 -0.002344 -0.002083 1.000000
0 803 0.353125 0.420833 0.031250 0.111111 -0.001563 -0.002778 1.000000
0 804 0.349609 0.419444 0.033594 0.105556 -0.003516 -0.001389 1.000000
0 805 0.348438 0.418750 0.037500 0.104167 -0.001172 -0.000694 1.000000
0 806 0.345313 0.419444 0.040625 0.100000 -0.003125 0.000694 1.000000
0 807 0.344531 0.420833 0.045312 0.102778 -0.000781 0.001389 1.000000
0 808 0.345313 0.420139 0.040625 0.104167 0.000781 -0.000694 1.000000
0 809 0.344531 0.420833 0.034375 0.105556 -0.000781 0.000694 1.000000
0 810 0.342578 0.419444 0.028906 0.105556 -0.001953 -0.001389 1.000000
0 811 0.342187 0.418750 0.025000 0.109722 -0.000391 -0.000694 1.000000
0 812 0.340625 0.418056 0.021875 0.113889 -0.001563 -0.000694 1.000000
0 813 0.338281 0.413889 0.021875 0.113889 -0.002344 -0.004167 1.000000
0 814 0.336719 0.413194 0.023438 0.115278 -0.001563 -0.000694 1.000000
0 815 0.334766 0.413194 0.022656 0.115278 -0.001953 0.000000 1.000000
0 816 0.332031 0.412500 0.023438 0.113889 -0.002734 -0.000694 1.000000
0 817 0.330469 0.415278 0.025000 0.113889 -0.001563 0.002778 1.000000
0 818 0.327734 0.417361 0.027344 0.112500 -0.002734 0.002083 1.000000
0 819 0.324609 0.418750 0.027344 0.112500 -0.003125 0.001389 1.000000
0 820 0.321484 0.419444 0.030469 0.113889 -0.003125 0.000694 1.000000
0 821 0.319141 0.419444 0.030469 0.113889 -0.002344 0.000000 1.000000
0 822 0.317188 0.420833 0.029687 0.113889 -0.001953 0.001389 1.000000
0 823 0.314063 0.419444 0.029687 0.113889 -0.003125 -0.001389 1.000000
0 824 0.312500 0.418056 0.029687 0.113889 -0.001563 -0.001389 1.000000
0 825 0.310156 0.419444 0.029687 0.113889 -0.002344 0.001389 1.000000
0 826 0.307031 0.416667 0.029687 0.113889 -0.003125 -0.002778 1.000000
0 827 0.304297 0.416667 0.027344 0.116667 -0.002734 0.000000 1.000000
0 828 0.301563 0.415278 0.028125 0.119444 -0.002734 -0.001389 1.000000
0 829 0.297656 0.415278 0.029687 0.119444 -0.003906 0.000000 1.000000
0 830 0.294531 0.415972 0.029687 0.115278 -0.003125 0.000694 1.000000
0 831 0.290625 0.415278 0.031250 0.113889 -0.003906 -0.000694 1.000000
0 832 0.287500 0.413194 0.031250 0.109722 -0.003125 -0.002083 1.000000
0 833 0.282813 0.417361 0.031250 0.109722 -0.004687 0.004167 1.000000
0 834 0.279297 0.417361 0.028906 0.112500 -0.003516 0.000000 1.000000
0 835 0.273438 0.418056 0.028125 0.111111 -0.005859 0.000694 1.000000
0 836 0.269141 0.418056 0.027344 0.113889 -0.004297 0.000000 1.000000
0 837 0.264844 0.416667 0.028125 0.116667 -0.004297 -0.001389 1.000000
0 838 0.262891 0.416667 0.028906 0.122222 -0.001953 0.000000 1.000000
0 839 0.257812 0.414583 0.026562 0.118056 -0.005078 -0.002083 1.000000
0 840 0.253516 0.412500 0.027344 0.113889 -0.004297 -0.002083 1.000000
0 841 0.248828 0.413889 0.025781 0.111111 -0.004687 0.001389 1.000000
0 842 0.244922 0.416667 0.025781 0.111111 -0.003906 0.002778 1.000000
0 843 0.241016 0.417361 0.025781 0.109722 -0.003906 0.000694 1.000000
0 844 0.237891 0.417361 0.025781 0.109722 -0.003125 0.000000 1.000000
0 845 0.234766 0.415972 0.025781 0.109722 -0.003125 -0.001389 1.000000
0 846 0.231641 0.415972 0.025781 0.112500 -0.003125 0.000000 1.000000
0 847 0.227734 0.416667 0.025781 0.119444 -0.003906 0.000694 1.000000
0 848 0.224609 0.412500 0.025781 0.119444 -0.003125 -0.004167 1.000000
0 849 0.222266 0.413194 0.025781 0.118056 -0.002344 0.000694 1.000000
0 850 0.218359 0.412500 0.025781 0.108333 -0.003906 -0.000694 1.000000
0 851 0.216797 0.413889 0.025781 0.108333 -0.001563 0.001389 1.000000
0 852 0.214453 0.415278 0.025781 0.108333 -0.002344 0.001389 1.000000
0 853 0.212109 0.415278 0.025781 0.108333 -0.002344 0.000000 1.000000
0 854 0.209766 0.415278 0.025781 0.111111 -0.002344 0.000000 1.000000
0 855 0.208203 0.415278 0.025781 0.113889 -0.001563 0.000000 1.000000
0 856 0.205469 0.413889 0.023438 0.116667 -0.002734 -0.001389 1.000000
0 857 0.203906 0.413194 0.023438 0.120833 -0.001563 -0.000694 1.000000
0 858 0.202344 0.411806 0.023438 0.118056 -0.001563 -0.001389 1.000000
0 859 0.199219 0.408333 0.023438 0.108333 -0.003125 -0.003472 1.000000
0 860 0.197656 0.409722 0.025000 0.108333 -0.001563 0.001389 1.000000
0 861 0.196094 0.409722 0.025000 0.108333 -0.001563 0.000000 1.000000
0 862 0.192188 0.411111 0.025000 0.108333 -0.003906 0.001389 1.000000
0 863 0.192188 0.409722 0.025000 0.108333 0.000000 -0.001389 1.000000
0 864 0.191406 0.409722 0.025000 0.108333 -0.000781 0.000000 1.000000
0 865 0.189844 0.408333 0.023438 0.111111 -0.001563 -0.001389 1.000000
0 866 0.189062 0.405556 0.021875 0.113889 -0.000781 -0.002778 1.000000
0 867 0.187891 0.405556 0.022656 0.116667 -0.001172 0.000000 1.000000
0 868 0.185547 0.404167 0.024219 0.113889 -0.002344 -0.001389 1.000000
0 869 0.184375 0.401389 0.025000 0.108333 -0.001172 -0.002778 1.000000
0 870 0.182812 0.404167 0.025000 0.108333 -0.001563 0.002778 1.000000
0 871 0.180469 0.402778 0.025000 0.105556 -0.002344 -0.001389 1.000000
0 872 0.178906 0.402778 0.025000 0.105556 -0.001563 0.000000 1.000000
0 873 0.177344 0.400000 0.025000 0.105556 -0.001563 -0.002778 1.000000
0 874 0.175000 0.400000 0.025000 0.111111 -0.002344 0.000000 1.000000
0 875 0.173437 0.400000 0.021875 0.113889 -0.001563 0.000000 1.000000
0 876 0.171094 0.400000 0.023438 0.116667 -0.002344 0.000000 1.000000
0 877 0.167969 0.398611 0.023438 0.116667 -0.003125 -0.001389 1.000000
0 878 0.164062 0.397222 0.021875 0.113889 -0.003906 -0.001389 1.000000
0 879 0.159766 0.396528 0.025781 0.109722 -0.004297 -0.000694 1.000000
0 880 0.156250 0.395139 0.025000 0.106944 -0.003516 -0.001389 1.000000
0 881 0.153516 0.394444 0.027344 0.105556 -0.002734 -0.000694 1.000000
0 882 0.150391 0.394444 0.025781 0.105556 -0.003125 0.000000 1.000000
0 883 0.147266 0.393056 0.025781 0.108333 -0.003125 -0.001389 1.000000
0 884 0.143750 0.391667 0.023438 0.108333 -0.003516 -0.001389 1.000000
0 885 0.140234 0.390972 0.024219 0.112500 -0.003516 -0.000694 1.000000
0 886 0.136328 0.389583 0.024219 0.112500 -0.003906 -0.001389 1.000000
0 887 0.133203 0.389583 0.024219 0.112500 -0.003125 0.000000 1.000000
0 888 0.129688 0.391667 0.026562 0.113889 -0.003516 0.002083 1.000000
0 889 0.128125 0.390278 0.028125 0.111111 -0.001563 -0.001389 1.000000
0 890 0.126562 0.390278 0.028125 0.108333 -0.001563 0.000000 1.000000
0 891 0.123828 0.390278 0.028906 0.105556 -0.002734 0.000000 1.000000
0 892 0.123828 0.391667 0.028906 0.108333 0.000000 0.001389 1.000000
0 893 0.123438 0.391667 0.026562 0.111111 -0.000391 0.000000 1.000000
0 894 0.121875 0.391667 0.026562 0.111111 -0.001563 0.000000 1.000000
0 895 0.119141 0.388889 0.024219 0.111111 -0.002734 -0.002778 1.000000
0 896 0.116797 0.389583 0.025781 0.112500 -0.002344 0.000694 1.000000
0 897 0.116016 0.389583 0.025781 0.112500 -0.000781 0.000000 1.000000
0 898 0.114844 0.389583 0.026562 0.112500 -0.001172 0.000000 1.000000
0 899 0.113281 0.390972 0.026562 0.112500 -0.001563 0.001389 1.000000
0 900 0.111719 0.392361 0.028125 0.112500 -0.001563 0.001389 1.000000
0 901 0.112500 0.393750 0.029687 0.109722 0.000781 0.001389 1.000000
0 902 0.113281 0.393750 0.029687 0.109722 0.000781 0.000000 1.000000
0 903 0.113281 0.390972 0.029687 0.109722 0.000000 -0.002778 1.000000
0 904 0.111719 0.390972 0.026562 0.109722 -0.001563 0.000000 1.000000
0 905 0.110156 0.390972 0.025000 0.109722 -0.001563 0.000000 1.000000
0 906 0.107813 0.390972 0.021875 0.109722 -0.002344 0.000000 1.000000
0 907 0.107813 0.390972 0.021875 0.109722 0.000000 0.000000 1.000000
0 908 0.107031 0.392361 0.023438 0.112500 -0.000781 0.001389 1.000000
0 909 0.107813 0.392361 0.025000 0.112500 0.000781 0.000000 1.000000
0 910 0.107031 0.392361 0.025000 0.112500 -0.000781 0.000000 1.000000
0 911 0.107031 0.393750 0.025000 0.109722 0.000000 0.001389 1.000000
0 912 0.107031 0.393750 0.025000 0.109722 0.000000 0.000000 1.000000
0 913 0.107813 0.393750 0.025000 0.109722 0.000781 0.000000 1.000000
0 914 0.109375 0.393056 0.023438 0.108333 0.001563 -0.000694 1.000000
0 915 0.110156 0.393056 0.021875 0.108333 0.000781 0.000000 1.000000
0 916 0.112500 0.395833 0.021875 0.108333 0.002344 0.002778 1.000000
0 917 0.114062 0.395833 0.023438 0.108333 0.001563 0.000000 1.000000
0 918 0.114844 0.395833 0.023438 0.108333 0.000781 0.000000 1.000000
0 919 0.115625 0.397222 0.025000 0.111111 0.000781 0.001389 1.000000
0 920 0.116406 0.398611 0.025000 0.111111 0.000781 0.001389 1.000000
0 921 0.118359 0.399306 0.027344 0.109722 0.001953 0.000694 1.000000
0 922 0.118359 0.399306 0.027344 0.109722 0.000000 0.000000 1.000000
0 923 0.119141 0.399306 0.027344 0.109722 0.000781 0.000000 1.000000
0 924 0.120703 0.399306 0.027344 0.109722 0.001563 0.000000 1.000000
0 925 0.123047 0.399306 0.027344 0.109722 0.002344 0.000000 1.000000
0 926 0.121484 0.397917 0.027344 0.109722 -0.001563 -0.001389 1.000000
0 927 0.123828 0.396528 0.027344 0.109722 0.002344 -0.001389 1.000000
0 928 0.125391 0.394444 0.025781 0.111111 0.001563 -0.002083 1.000000
0 929 0.126953 0.393056 0.025781 0.111111 0.001563 -0.001389 1.000000
0 930 0.126953 0.391667 0.025781 0.111111 0.000000 -0.001389 1.000000
0 931 0.128516 0.388194 0.022656 0.109722 0.001563 -0.003472 1.000000
0 932 0.130078 0.388194 0.024219 0.109722 0.001563 0.000000 1.000000
0 933 0.132031 0.387500 0.026562 0.105556 0.001953 -0.000694 1.000000
0 934 0.135156 0.390278 0.028125 0.105556 0.003125 0.002778 1.000000
0 935 0.138281 0.391667 0.034375 0.102778 0.003125 0.001389 1.000000
0 936 0.140625 0.391667 0.034375 0.100000 0.002344 0.000000 1.000000
0 937 0.144531 0.390278 0.031250 0.097222 0.003906 -0.001389 1.000000
0 938 0.147656 0.390278 0.031250 0.097222 0.003125 0.000000 1.000000
0 939 0.152344 0.390278 0.031250 0.097222 0.004687 0.000000 1.000000
0 940 0.156250 0.388889 0.031250 0.094444 0.003906 -0.001389 1.000000
0 941 0.159375 0.386111 0.031250 0.094444 0.003125 -0.002778 1.000000
0 942 0.162500 0.383333 0.031250 0.094444 0.003125 -0.002778 1.000000
0 943 0.164062 0.381944 0.031250 0.097222 0.001563 -0.001389 1.000000
0 944 0.166406 0.379167 0.031250 0.102778 0.002344 -0.002778 1.000000
0 945 0.167969 0.375000 0.031250 0.102778 0.001563 -0.004167 1.000000
0 946 0.168359 0.374306 0.030469 0.104167 0.000391 -0.000694 1.000000
0 947 0.170703 0.371528 0.030469 0.104167 0.002344 -0.002778 1.000000
0 948 0.172266 0.368750 0.030469 0.104167 0.001563 -0.002778 1.000000
0 949 0.174609 0.365972 0.030469 0.104167 0.002344 -0.002778 1.000000
0 950 0.176172 0.365972 0.030469 0.104167 0.001563 0.000000 1.000000
0 951 0.178906 0.363889 0.026562 0.100000 0.002734 -0.002083 1.000000
0 952 0.180469 0.365278 0.028125 0.097222 0.001563 0.001389 1.000000
0 953 0.181641 0.365278 0.028906 0.094444 0.001172 0.000000 1.000000
0 954 0.183984 0.365278 0.028906 0.094444 0.002344 0.000000 1.000000
0 955 0.186328 0.363889 0.028906 0.094444 0.002344 -0.001389 1.000000
0 956 0.188672 0.361806 0.028906 0.095833 0.002344 -0.002083 1.000000
0 957 0.192578 0.361111 0.028906 0.100000 0.003906 -0.000694 1.000000
0 958 0.195312 0.358333 0.029687 0.100000 0.002734 -0.002778 1.000000
0 959 0.198437 0.356944 0.029687 0.100000 0.003125 -0.001389 1.000000
0 960 0.200000 0.356250 0.026562 0.101389 0.001563 -0.000694 1.000000
0 961 0.203906 0.356250 0.026562 0.101389 0.003906 0.000000 1.000000
0 962 0.205469 0.357639 0.026562 0.101389 0.001563 0.001389 1.000000
0 963 0.208203 0.358333 0.025781 0.100000 0.002734 0.000694 1.000000
0 964 0.208984 0.359722 0.024219 0.097222 0.000781 0.001389 1.000000
0 965 0.210938 0.362500 0.025000 0.100000 0.001953 0.002778 1.000000
0 966 0.213281 0.362500 0.025000 0.100000 0.002344 0.000000 1.000000
0 967 0.215625 0.361111 0.025000 0.100000 0.002344 -0.001389 1.000000
0 968 0.217969 0.361806 0.023438 0.098611 0.002344 0.000694 1.000000
0 969 0.220312 0.363194 0.023438 0.098611 0.002344 0.001389 1.000000
0 970 0.222266 0.363889 0.022656 0.094444 0.001953 0.000694 1.000000
0 971 0.224609 0.365278 0.024219 0.091667 0.002344 0.001389 1.000000
0 972 0.227734 0.366667 0.027344 0.088889 0.003125 0.001389 1.000000
0 973 0.229297 0.368056 0.027344 0.088889 0.001563 0.001389 1.000000
0 974 0.232813 0.368750 0.031250 0.087500 0.003516 0.000694 1.000000
0 975 0.236328 0.368056 0.035156 0.088889 0.003516 -0.000694 1.000000
0 976 0.239844 0.366667 0.040625 0.088889 0.003516 -0.001389 1.000000
0 977 0.242969 0.365278 0.043750 0.091667 0.003125 -0.001389 1.000000
0 978 0.245312 0.363889 0.043750 0.094444 0.002344 -0.001389 1.000000
0 979 0.251172 0.365972 0.039844 0.093056 0.005859 0.002083 1.000000
0 980 0.257031 0.366667 0.043750 0.094444 0.005859 0.000694 1.000000
0 981 0.260547 0.368056 0.039844 0.088889 0.003516 0.001389 1.000000
0 982 0.261328 0.369444 0.042969 0.086111 0.000781 0.001389 1.000000
0 983 0.263672 0.370833 0.039844 0.086111 0.002344 0.001389 1.000000
0 984 0.265625 0.371528 0.034375 0.084722 0.001953 0.000694 1.000000
0 985 0.269531 0.370833 0.032813 0.088889 0.003906 -0.000694 1.000000
0 986 0.272656 0.370833 0.032813 0.088889 0.003125 0.000000 1.000000
0 987 0.275781 0.372222 0.032813 0.088889 0.003125 0.001389 1.000000
0 988 0.277734 0.372222 0.030469 0.088889 0.001953 0.000000 1.000000
0 989 0.283594 0.372222 0.028125 0.088889 0.005859 0.000000 1.000000
0 990 0.287891 0.373611 0.022656 0.086111 0.004297 0.001389 1.000000
0 991 0.291406 0.372222 0.020313 0.083333 0.003516 -0.001389 1.000000
0 992 0.292969 0.372222 0.023438 0.086111 0.001563 0.000000 1.000000
0 993 0.295312 0.371528 0.028125 0.087500 0.002344 -0.000694 1.000000
0 994 0.299609 0.371528 0.036719 0.090278 0.004297 0.000000 1.000000
0 995 0.306641 0.371528 0.039844 0.090278 0.007031 0.000000 1.000000
0 996 0.312500 0.370833 0.039062 0.091667 0.005859 -0.000694 1.000000
0 997 0.317578 0.368750 0.036719 0.093056 0.005078 -0.002083 1.000000
0 998 0.313281 0.370833 0.042188 0.091667 -0.004297 0.002083 1.000000
0 999 0.311328 0.370833 0.039844 0.091667 -0.001953 0.000000 1.000000
0 1000 0.312891 0.375000 0.046094 0.097222 0.001563 0.004167 1.000000
0 1001 0.316406 0.376389 0.050000 0.097222 0.003516 0.001389 1.000000
0 1002 0.317188 0.379167 0.050000 0.097222 0.000781 0.002778 1.000000
0 1003 0.315625 0.380556 0.050000 0.094444 -0.001563 0.001389 1.000000
0 1004 0.321094 0.382639 0.051562 0.093056 0.005469 0.002083 1.000000
0 1005 0.327734 0.383333 0.047656 0.094444 0.006641 0.000694 1.000000
0 1006 0.326953 0.381944 0.033594 0.091667 -0.000781 -0.001389 1.000000
0 1007 0.322656 0.381250 0.025000 0.093056 -0.004297 -0.000694 1.000000
0 1008 0.320312 0.381944 0.021875 0.097222 -0.002344 0.000694 1.000000
0 1009 0.318750 0.384722 0.021875 0.100000 -0.001563 0.002778 1.000000
0 1010 0.317578 0.385417 0.017969 0.101389 -0.001172 0.000694 1.000000
0 1011 0.314453 0.384028 0.017969 0.101389 -0.003125 -0.001389 1.000000
0 1012 0.315625 0.381944 0.021875 0.102778 0.001172 -0.002083 1.000000
0 1013 0.313281 0.379167 0.026562 0.105556 -0.002344 -0.002778 1.000000
0 1014 0.308594 0.376389 0.029687 0.102778 -0.004687 -0.002778 1.000000
0 1015 0.304688 0.370833 0.029687 0.105556 -0.003906 -0.005556 1.000000
0 1016 0.299219 0.366667 0.028125 0.105556 -0.005469 -0.004167 1.000000
0 1017 0.292969 0.363889 0.028125 0.108333 -0.006250 -0.002778 1.000000
0 1018 0.284375 0.359722 0.028125 0.113889 -0.008594 -0.004167 1.000000
0 1019 0.275391 0.354167 0.025781 0.113889 -0.008984 -0.005556 1.000000
0 1020 0.266016 0.350000 0.025781 0.113889 -0.009375 -0.004167 1.000000
0 1021 0.255859 0.347222 0.025781 0.113889 -0.010156 -0.002778 1.000000
0 1022 0.244531 0.344444 0.029687 0.113889 -0.011328 -0.002778 1.000000
0 1023 0.232031 0.342361 0.031250 0.118056 -0.012500 -0.002083 1.000000
0 1024 0.217969 0.337500 0.032813 0.113889 -0.014063 -0.004861 1.000000
0 1025 0.203906 0.335417 0.031250 0.115278 -0.014063 -0.002083 1.000000
0 1026 0.188281 0.331944 0.031250 0.116667 -0.015625 -0.003472 1.000000
0 1027 0.173437 0.327778 0.031250 0.116667 -0.014844 -0.004167 1.000000
0 1028 0.157031 0.316667 0.032813 0.111111 -0.016406 -0.011111 1.000000
0 1029 0.142187 0.313194 0.028125 0.109722 -0.014844 -0.003472 1.000000
0 1030 0.123438 0.304861 0.028125 0.109722 -0.018750 -0.008333 1.000000
0 1031 0.104688 0.300000 0.031250 0.111111 -0.018750 -0.004861 1.000000
0 1032 0.087500 0.295139 0.028125 0.112500 -0.017188 -0.004861 1.000000
0 1033 0.068750 0.290972 0.028125 0.112500 -0.018750 -0.004167 1.000000
0 1034 0.050391 0.288889 0.027344 0.113889 -0.018359 -0.002083 1.000000
0 1035 0.029297 0.287500 0.027344 0.113889 -0.021094 -0.001389 1.000000
0 1036 0.012109 0.281250 0.024219 0.112500 -0.017188 -0.006250 1.000000
