0 55 0.010937 0.500694 0.021875 0.134722 1.000000
0 56 0.012891 0.498611 0.025781 0.133333 1.000000
0 57 0.014844 0.497222 0.028125 0.133333 1.000000
0 58 0.014844 0.497222 0.028125 0.133333 1.000000
0 59 0.022656 0.495833 0.028125 0.133333 1.000000
0 60 0.025000 0.496528 0.028125 0.134722 1.000000
0 61 0.027344 0.497222 0.028125 0.136111 1.000000
0 62 0.029297 0.497917 0.025781 0.134722 1.000000
0 63 0.029297 0.497917 0.025781 0.134722 1.000000
0 64 0.034375 0.497917 0.026562 0.134722 1.000000
0 65 0.035937 0.498611 0.026562 0.136111 1.000000
0 66 0.038281 0.497917 0.028125 0.134722 1.000000
0 67 0.040234 0.497917 0.027344 0.134722 1.000000
0 68 0.040234 0.497917 0.027344 0.134722 1.000000
0 69 0.044141 0.497917 0.027344 0.134722 1.000000
0 70 0.046094 0.499306 0.026562 0.134722 1.000000
0 71 0.046875 0.499306 0.026562 0.134722 1.000000
0 72 0.049219 0.499306 0.026562 0.134722 1.000000
0 73 0.049219 0.499306 0.026562 0.134722 1.000000
0 74 0.050000 0.499306 0.031250 0.134722 1.000000
0 75 0.051172 0.499306 0.033594 0.134722 1.000000
0 76 0.051562 0.499306 0.034375 0.134722 1.000000
0 77 0.051953 0.500000 0.036719 0.133333 1.000000
0 78 0.051953 0.500000 0.036719 0.133333 1.000000
0 79 0.051172 0.500000 0.036719 0.133333 1.000000
0 80 0.053125 0.500000 0.035937 0.133333 1.000000
0 81 0.055469 0.500000 0.035937 0.130556 1.000000
0 82 0.053906 0.500000 0.029687 0.130556 1.000000
0 83 0.053906 0.500000 0.029687 0.130556 1.000000
0 84 0.058203 0.501389 0.025781 0.130556 1.000000
0 85 0.060156 0.502778 0.023438 0.133333 1.000000
0 86 0.060156 0.504167 0.023438 0.133333 1.000000
0 87 0.060156 0.505556 0.023438 0.133333 1.000000
0 88 0.060156 0.505556 0.023438 0.133333 1.000000
0 89 0.062500 0.511111 0.034375 0.133333 1.000000
0 90 0.062500 0.512500 0.034375 0.133333 1.000000
0 91 0.063281 0.513889 0.034375 0.133333 1.000000
0 92 0.063281 0.517361 0.034375 0.137500 1.000000
0 93 0.063281 0.517361 0.034375 0.137500 1.000000
0 94 0.064062 0.518750 0.029687 0.137500 1.000000
0 95 0.062500 0.519444 0.025000 0.136111 1.000000
0 96 0.060156 0.520833 0.025000 0.133333 1.000000
0 97 0.057031 0.522222 0.023438 0.133333 1.000000
0 98 0.057031 0.522222 0.023438 0.133333 1.000000
0 99 0.051562 0.527778 0.023438 0.133333 1.000000
0 100 0.049219 0.530556 0.023438 0.133333 1.000000
0 101 0.049609 0.534028 0.027344 0.134722 1.000000
0 102 0.048047 0.535417 0.027344 0.134722 1.000000
0 103 0.048047 0.535417 0.027344 0.134722 1.000000
0 104 0.042578 0.536806 0.025781 0.134722 1.000000
0 105 0.039453 0.539583 0.022656 0.134722 1.000000
0 106 0.038281 0.539583 0.023438 0.134722 1.000000
0 107 0.036719 0.539583 0.026562 0.134722 1.000000
0 108 0.036719 0.539583 0.026562 0.134722 1.000000
0 109 0.033203 0.540972 0.028906 0.134722 1.000000
0 110 0.032422 0.542361 0.030469 0.134722 1.000000
0 111 0.031250 0.542361 0.032813 0.134722 1.000000
0 112 0.029297 0.542361 0.036719 0.134722 1.000000
0 113 0.029297 0.542361 0.036719 0.134722 1.000000
0 114 0.028516 0.545139 0.039844 0.134722 1.000000
0 115 0.028516 0.545139 0.041406 0.134722 1.000000
0 116 0.028125 0.547917 0.042188 0.134722 1.000000
0 117 0.027734 0.549306 0.042969 0.134722 1.000000
0 118 0.027344 0.547917 0.042188 0.134722 1.000000
0 119 0.028125 0.550694 0.039062 0.134722 1.000000
0 120 0.029297 0.551389 0.036719 0.133333 1.000000
0 121 0.030078 0.550000 0.033594 0.130556 1.000000
0 122 0.031250 0.551389 0.031250 0.130556 1.000000
0 123 0.031250 0.551389 0.031250 0.130556 1.000000
0 124 0.033203 0.553472 0.028906 0.131944 1.000000
0 125 0.033594 0.554861 0.028125 0.131944 1.000000
0 126 0.034375 0.556250 0.028125 0.131944 1.000000
0 127 0.035156 0.556944 0.028125 0.130556 1.000000
0 128 0.035156 0.556944 0.028125 0.133333 1.000000
0 129 0.037500 0.559722 0.028125 0.130556 1.000000
0 130 0.039062 0.559722 0.028125 0.130556 1.000000
0 131 0.040625 0.560417 0.028125 0.126389 1.000000
0 132 0.041797 0.560417 0.028906 0.126389 1.000000
0 133 0.041797 0.560417 0.028906 0.126389 1.000000
0 134 0.043750 0.561806 0.031250 0.126389 1.000000
0 135 0.044531 0.561806 0.031250 0.126389 1.000000
0 136 0.045312 0.562500 0.031250 0.130556 1.000000
0 137 0.046875 0.563889 0.031250 0.133333 1.000000
0 138 0.046875 0.563889 0.031250 0.133333 1.000000
0 139 0.048828 0.565278 0.032031 0.133333 1.000000
0 140 0.050391 0.565278 0.032031 0.130556 1.000000
0 141 0.052734 0.565278 0.030469 0.127778 1.000000
0 142 0.055469 0.566667 0.029687 0.127778 1.000000
0 143 0.055469 0.566667 0.029687 0.127778 1.000000
0 144 0.058594 0.569444 0.026562 0.127778 1.000000
0 145 0.059766 0.570833 0.024219 0.133333 1.000000
0 146 0.061328 0.569444 0.022656 0.130556 1.000000
0 147 0.064062 0.575000 0.023438 0.138889 1.000000
0 148 0.064062 0.575000 0.023438 0.138889 1.000000
0 149 0.068750 0.576389 0.021875 0.130556 1.000000
0 150 0.070312 0.577778 0.021875 0.127778 1.000000
0 151 0.072656 0.581250 0.026562 0.129167 1.000000
0 152 0.075781 0.581250 0.028125 0.129167 1.000000
0 153 0.075781 0.581250 0.028125 0.129167 1.000000
0 154 0.080469 0.579861 0.031250 0.131944 1.000000
0 155 0.084375 0.579861 0.034375 0.131944 1.000000
0 156 0.087500 0.581944 0.037500 0.133333 1.000000
0 157 0.091406 0.583333 0.040625 0.133333 1.000000
0 158 0.091406 0.583333 0.040625 0.133333 1.000000
0 159 0.095312 0.586111 0.037500 0.130556 1.000000
0 160 0.096094 0.586111 0.034375 0.130556 1.000000
0 161 0.096875 0.584722 0.031250 0.130556 1.000000
0 162 0.096875 0.584722 0.025000 0.136111 1.000000
0 163 0.096875 0.584722 0.025000 0.136111 1.000000
0 164 0.099219 0.584028 0.023438 0.140278 1.000000
0 165 0.100781 0.584028 0.023438 0.140278 1.000000
0 166 0.103125 0.583333 0.025000 0.136111 1.000000
0 167 0.104688 0.584028 0.025000 0.131944 1.000000
0 168 0.104688 0.584028 0.025000 0.131944 1.000000
0 169 0.107422 0.584028 0.028906 0.129167 1.000000
0 170 0.109375 0.583333 0.031250 0.130556 1.000000
0 171 0.110937 0.584722 0.031250 0.136111 1.000000
0 172 0.113281 0.580556 0.031250 0.138889 1.000000
0 173 0.113281 0.580556 0.031250 0.138889 1.000000
0 174 0.117969 0.577778 0.032813 0.133333 1.000000
0 175 0.121484 0.577778 0.033594 0.133333 1.000000
0 176 0.125000 0.577778 0.034375 0.133333 1.000000
0 177 0.128906 0.579167 0.035937 0.130556 1.000000
0 178 0.128906 0.579167 0.035937 0.130556 1.000000
0 179 0.136328 0.576389 0.028906 0.130556 1.000000
0 180 0.141406 0.575000 0.026562 0.133333 1.000000
0 181 0.146094 0.572222 0.026562 0.133333 1.000000
0 182 0.151953 0.569444 0.025781 0.133333 1.000000
0 183 0.151953 0.569444 0.025781 0.133333 1.000000
0 184 0.161719 0.569444 0.026562 0.133333 1.000000
0 185 0.168359 0.569444 0.027344 0.130556 1.000000
0 186 0.174609 0.566667 0.030469 0.122222 1.000000
0 187 0.180859 0.565278 0.030469 0.122222 1.000000
0 188 0.180859 0.565278 0.030469 0.122222 1.000000
0 189 0.193359 0.564583 0.030469 0.131944 1.000000
0 190 0.200000 0.563194 0.031250 0.131944 1.000000
0 191 0.205469 0.560417 0.031250 0.131944 1.000000
0 192 0.209766 0.560417 0.032031 0.131944 1.000000
0 193 0.209766 0.560417 0.032031 0.131944 1.000000
0 194 0.214844 0.559722 0.035937 0.130556 1.000000
0 195 0.214062 0.558333 0.034375 0.127778 1.000000
0 196 0.212500 0.556944 0.031250 0.127778 1.000000
0 197 0.210156 0.555556 0.028125 0.130556 1.000000
0 198 0.210156 0.555556 0.028125 0.130556 1.000000
0 199 0.206641 0.553472 0.025781 0.134722 1.000000
0 200 0.204687 0.552083 0.025000 0.134722 1.000000
0 201 0.201953 0.552778 0.024219 0.133333 1.000000
0 202 0.198828 0.552778 0.025781 0.133333 1.000000
0 203 0.198828 0.552778 0.025781 0.133333 1.000000
0 204 0.192188 0.550000 0.028125 0.119444 1.000000
0 205 0.186328 0.550000 0.028906 0.116667 1.000000
0 206 0.181641 0.552778 0.028906 0.122222 1.000000
0 207 0.173437 0.557639 0.031250 0.131944 1.000000
0 208 0.173437 0.557639 0.031250 0.131944 1.000000
0 209 0.161719 0.552778 0.031250 0.127778 1.000000
0 210 0.154297 0.551389 0.030469 0.127778 1.000000
0 211 0.146875 0.550000 0.029687 0.127778 1.000000
0 212 0.140234 0.551389 0.030469 0.130556 1.000000
0 213 0.140234 0.551389 0.030469 0.130556 1.000000
0 214 0.129297 0.550000 0.030469 0.127778 1.000000
0 215 0.122656 0.550000 0.029687 0.127778 1.000000
0 216 0.118359 0.547222 0.028906 0.122222 1.000000
0 217 0.114062 0.545833 0.028125 0.122222 1.000000
0 218 0.114062 0.545833 0.028125 0.122222 1.000000
0 219 0.103516 0.544444 0.025781 0.122222 1.000000
0 220 0.099219 0.547222 0.025000 0.127778 1.000000
0 221 0.093750 0.547917 0.023438 0.129167 1.000000
0 222 0.089063 0.544444 0.025000 0.127778 1.000000
0 223 0.089063 0.544444 0.025000 0.127778 1.000000
0 224 0.080078 0.544444 0.028906 0.127778 1.000000
0 225 0.073828 0.545833 0.028906 0.127778 1.000000
0 226 0.067578 0.545833 0.028906 0.127778 1.000000
0 227 0.062109 0.544444 0.028906 0.127778 1.000000
0 228 0.062109 0.544444 0.028906 0.127778 1.000000
0 229 0.051172 0.543056 0.028906 0.127778 1.000000
0 230 0.045703 0.543056 0.028906 0.130556 1.000000
0 231 0.039453 0.541667 0.028906 0.130556 1.000000
0 232 0.034375 0.543056 0.028125 0.130556 1.000000
0 233 0.034375 0.543056 0.028125 0.130556 1.000000
0 234 0.021875 0.541667 0.028125 0.130556 1.000000
0 235 0.017188 0.541667 0.028125 0.130556 1.000000
0 236 0.012891 0.540278 0.025781 0.130556 1.000000
0 237 0.010547 0.540278 0.021094 0.130556 1.000000
0 238 0.010547 0.540972 0.021094 0.131944 1.000000
0 239 0.006250 0.537500 0.012500 0.127778 1.000000
0 529 0.021094 0.591667 0.042188 0.113889 1.000000
0 530 0.030078 0.590972 0.060156 0.109722 1.000000
0 531 0.040625 0.588889 0.075000 0.105556 1.000000
0 532 0.057031 0.587500 0.073438 0.105556 1.000000
0 533 0.057031 0.587500 0.073438 0.105556 1.000000
0 534 0.085156 0.584722 0.056250 0.105556 1.000000
0 535 0.100000 0.580556 0.050000 0.105556 1.000000
0 536 0.113281 0.577778 0.045312 0.105556 1.000000
0 537 0.125000 0.572222 0.043750 0.105556 1.000000
0 538 0.125000 0.572222 0.043750 0.105556 1.000000
0 539 0.147266 0.565278 0.047656 0.113889 1.000000
0 540 0.156250 0.563194 0.048438 0.118056 1.000000
0 541 0.162500 0.559722 0.046875 0.119444 1.000000
0 542 0.168750 0.556944 0.046875 0.119444 1.000000
0 543 0.168750 0.556944 0.046875 0.119444 1.000000
0 544 0.175391 0.552778 0.035156 0.127778 1.000000
0 545 0.178125 0.548611 0.034375 0.127778 1.000000
0 546 0.180469 0.544444 0.034375 0.127778 1.000000
0 547 0.184766 0.543056 0.036719 0.130556 1.000000
0 548 0.184766 0.543056 0.036719 0.130556 1.000000
0 549 0.187891 0.543056 0.033594 0.133333 1.000000
0 550 0.189453 0.544444 0.028906 0.133333 1.000000
0 551 0.192188 0.543056 0.032813 0.133333 1.000000
0 552 0.194531 0.543056 0.035937 0.136111 1.000000
0 553 0.194531 0.543056 0.035937 0.136111 1.000000
0 554 0.196875 0.541667 0.046875 0.133333 1.000000
0 555 0.196875 0.544444 0.043750 0.133333 1.000000
0 556 0.194141 0.544444 0.038281 0.133333 1.000000
0 557 0.190625 0.544444 0.034375 0.136111 1.000000
0 558 0.190625 0.544444 0.034375 0.136111 1.000000
0 559 0.186328 0.543056 0.032031 0.138889 1.000000
0 560 0.185938 0.543056 0.035937 0.138889 1.000000
0 561 0.183594 0.544444 0.037500 0.141667 1.000000
0 562 0.177734 0.545833 0.036719 0.141667 1.000000
0 563 0.177734 0.545833 0.036719 0.141667 1.000000
0 564 0.167187 0.547917 0.025000 0.140278 1.000000
0 565 0.162500 0.547917 0.025000 0.140278 1.000000
0 566 0.157031 0.545833 0.023438 0.141667 1.000000
0 567 0.150781 0.544444 0.026562 0.141667 1.000000
0 568 0.150781 0.544444 0.026562 0.141667 1.000000
0 569 0.137500 0.543056 0.039062 0.138889 1.000000
0 570 0.129688 0.544444 0.039062 0.136111 1.000000
0 571 0.121875 0.547222 0.037500 0.136111 1.000000
0 572 0.116406 0.548611 0.034375 0.136111 1.000000
0 573 0.116406 0.548611 0.034375 0.136111 1.000000
0 574 0.105469 0.548611 0.029687 0.136111 1.000000
0 575 0.096875 0.548611 0.031250 0.136111 1.000000
0 576 0.086719 0.551389 0.037500 0.141667 1.000000
0 577 0.078125 0.551389 0.040625 0.138889 1.000000
0 578 0.078125 0.551389 0.040625 0.138889 1.000000
0 579 0.066016 0.552778 0.039844 0.133333 1.000000
0 580 0.061719 0.554167 0.037500 0.130556 1.000000
0 581 0.056641 0.554167 0.035156 0.130556 1.000000
0 582 0.051562 0.554861 0.032813 0.131944 1.000000
0 583 0.051562 0.554861 0.032813 0.131944 1.000000
0 584 0.037109 0.555556 0.041406 0.133333 1.000000
0 585 0.032031 0.556944 0.039062 0.136111 1.000000
0 586 0.024609 0.561111 0.042969 0.141667 1.000000
0 587 0.020313 0.562500 0.040625 0.141667 1.000000
0 588 0.020313 0.562500 0.040625 0.141667 1.000000
0 589 0.015234 0.563889 0.030469 0.141667 1.000000
0 590 0.012891 0.565278 0.025781 0.141667 1.000000
0 591 0.010937 0.562500 0.021875 0.136111 1.000000
0 592 0.009766 0.563889 0.019531 0.138889 1.000000
0 593 0.009766 0.563889 0.019531 0.138889 1.000000
0 604 0.007812 0.561111 0.015625 0.144444 1.000000
0 605 0.010547 0.558333 0.021094 0.144444 1.000000
0 606 0.012500 0.556944 0.025000 0.144444 1.000000
0 607 0.014844 0.556944 0.029687 0.147222 1.000000
0 608 0.014844 0.556944 0.029687 0.147222 1.000000
0 609 0.019141 0.555556 0.038281 0.147222 1.000000
0 610 0.021094 0.554167 0.042188 0.147222 1.000000
0 611 0.022656 0.554167 0.040625 0.147222 1.000000
0 612 0.025781 0.552083 0.039062 0.145833 1.000000
0 613 0.025781 0.552083 0.039062 0.145833 1.000000
0 614 0.031641 0.550000 0.036719 0.144444 1.000000
0 615 0.033594 0.547917 0.034375 0.143056 1.000000
0 616 0.036328 0.546528 0.032031 0.143056 1.000000
0 617 0.039844 0.543750 0.032813 0.143056 1.000000
0 618 0.039844 0.543750 0.032813 0.143056 1.000000
0 619 0.048828 0.535417 0.030469 0.143056 1.000000
0 620 0.054688 0.534028 0.026562 0.143056 1.000000
0 621 0.062109 0.531944 0.024219 0.141667 1.000000
0 622 0.066406 0.529167 0.025000 0.141667 1.000000
0 623 0.066406 0.529167 0.025000 0.141667 1.000000
0 624 0.077344 0.527778 0.028125 0.141667 1.000000
0 625 0.084375 0.526389 0.032813 0.141667 1.000000
0 626 0.089844 0.525000 0.035937 0.141667 1.000000
0 627 0.095312 0.522917 0.037500 0.137500 1.000000
0 628 0.095312 0.522917 0.037500 0.137500 1.000000
0 629 0.103906 0.521528 0.035937 0.137500 1.000000
0 630 0.108203 0.520139 0.032031 0.137500 1.000000
0 631 0.114453 0.518750 0.030469 0.137500 1.000000
0 632 0.120313 0.518056 0.028125 0.136111 1.000000
0 633 0.120313 0.518056 0.028125 0.136111 1.000000
0 634 0.135937 0.522222 0.034375 0.138889 1.000000
0 635 0.144141 0.520833 0.038281 0.138889 1.000000
0 636 0.151562 0.522222 0.039062 0.138889 1.000000
0 637 0.158594 0.522222 0.042188 0.136111 1.000000
0 638 0.158594 0.522222 0.042188 0.136111 1.000000
0 639 0.173437 0.522917 0.040625 0.134722 1.000000
0 640 0.180469 0.520833 0.039062 0.133333 1.000000
0 641 0.187891 0.516667 0.038281 0.133333 1.000000
0 642 0.193359 0.513194 0.033594 0.137500 1.000000
0 643 0.193359 0.513194 0.033594 0.137500 1.000000
0 644 0.205078 0.504861 0.032031 0.140278 1.000000
0 645 0.210938 0.503472 0.031250 0.140278 1.000000
0 646 0.217969 0.503472 0.032813 0.143056 1.000000
0 647 0.225000 0.506250 0.032813 0.145833 1.000000
0 648 0.225000 0.506250 0.032813 0.145833 1.000000
0 649 0.239844 0.511806 0.032813 0.145833 1.000000
0 650 0.246875 0.516667 0.032813 0.144444 1.000000
0 651 0.254688 0.518750 0.031250 0.143056 1.000000
0 652 0.262500 0.519444 0.032813 0.138889 1.000000
0 653 0.262500 0.519444 0.032813 0.138889 1.000000
0 654 0.279687 0.522222 0.042188 0.138889 1.000000
0 655 0.285156 0.522222 0.042188 0.138889 1.000000
0 656 0.289844 0.525000 0.042188 0.144444 1.000000
0 657 0.294531 0.525000 0.039062 0.144444 1.000000
0 658 0.294531 0.525000 0.039062 0.144444 1.000000
0 659 0.305469 0.530556 0.035937 0.147222 1.000000
0 660 0.310937 0.534028 0.035937 0.151389 1.000000
0 661 0.316797 0.536806 0.036719 0.151389 1.000000
0 662 0.322266 0.541667 0.036719 0.150000 1.000000
0 663 0.322266 0.541667 0.036719 0.150000 1.000000
0 664 0.334766 0.548611 0.041406 0.150000 1.000000
0 665 0.339844 0.550000 0.042188 0.147222 1.000000
0 666 0.345313 0.551389 0.045312 0.147222 1.000000
0 667 0.349609 0.553472 0.044531 0.148611 1.000000
0 668 0.349609 0.553472 0.044531 0.148611 1.000000
0 669 0.353906 0.555556 0.039062 0.150000 1.000000
0 670 0.357422 0.556944 0.036719 0.150000 1.000000
0 671 0.359375 0.559722 0.034375 0.150000 1.000000
0 672 0.362500 0.563194 0.034375 0.148611 1.000000
0 673 0.362500 0.563194 0.034375 0.148611 1.000000
0 674 0.368750 0.574306 0.035937 0.148611 1.000000
0 675 0.372656 0.577778 0.039062 0.144444 1.000000
0 676 0.376172 0.581250 0.046094 0.143056 1.000000
0 677 0.377344 0.582639 0.048438 0.140278 1.000000
0 678 0.377344 0.582639 0.048438 0.140278 1.000000
0 679 0.375781 0.586806 0.051562 0.140278 1.000000
0 680 0.378906 0.588889 0.056250 0.141667 1.000000
0 681 0.379688 0.590278 0.065625 0.141667 1.000000
0 682 0.377734 0.593750 0.061719 0.143056 1.000000
0 683 0.377734 0.593750 0.061719 0.143056 1.000000
0 684 0.378906 0.596528 0.054688 0.145833 1.000000
0 685 0.380469 0.595139 0.054688 0.145833 1.000000
0 686 0.382422 0.593750 0.053906 0.143056 1.000000
0 687 0.383594 0.594444 0.054688 0.141667 1.000000
0 688 0.383594 0.594444 0.054688 0.141667 1.000000
0 689 0.384375 0.597917 0.053125 0.140278 1.000000
0 690 0.383594 0.598611 0.048438 0.138889 1.000000
0 691 0.382031 0.597917 0.039062 0.134722 1.000000
0 692 0.381250 0.597222 0.031250 0.138889 1.000000
0 693 0.381250 0.597222 0.031250 0.138889 1.000000
0 694 0.384375 0.595139 0.037500 0.140278 1.000000
0 695 0.385547 0.599306 0.039844 0.148611 1.000000
0 696 0.384375 0.595833 0.042188 0.144444 1.000000
0 697 0.383594 0.594444 0.043750 0.144444 1.000000
0 698 0.383594 0.594444 0.043750 0.144444 1.000000
0 699 0.382422 0.593750 0.036719 0.143056 1.000000
0 700 0.383203 0.592361 0.035156 0.145833 1.000000
0 701 0.385156 0.592361 0.035937 0.145833 1.000000
0 702 0.386328 0.592361 0.038281 0.145833 1.000000
0 703 0.386328 0.592361 0.038281 0.145833 1.000000
0 704 0.386719 0.590972 0.035937 0.143056 1.000000
0 705 0.387109 0.592361 0.033594 0.143056 1.000000
0 706 0.385937 0.593056 0.031250 0.141667 1.000000
0 707 0.384375 0.594444 0.031250 0.141667 1.000000
0 708 0.384375 0.594444 0.031250 0.141667 1.000000
0 709 0.388281 0.594444 0.040625 0.144444 1.000000
0 710 0.389062 0.593056 0.043750 0.144444 1.000000
0 711 0.388672 0.593056 0.044531 0.144444 1.000000
0 712 0.383984 0.590972 0.050781 0.140278 1.000000
0 713 0.383984 0.590972 0.050781 0.140278 1.000000
0 714 0.376563 0.589583 0.045312 0.137500 1.000000
0 715 0.373437 0.591667 0.046875 0.138889 1.000000
0 716 0.373437 0.591667 0.046875 0.138889 1.000000
0 717 0.373437 0.591667 0.045312 0.138889 1.000000
0 718 0.373437 0.591667 0.045312 0.138889 1.000000
0 719 0.370703 0.590972 0.038281 0.134722 1.000000
0 720 0.367969 0.592361 0.032813 0.134722 1.000000
0 721 0.365625 0.592361 0.028125 0.134722 1.000000
0 722 0.362891 0.591667 0.025781 0.136111 1.000000
0 723 0.362891 0.591667 0.025781 0.136111 1.000000
0 724 0.363281 0.589583 0.028125 0.140278 1.000000
0 725 0.362500 0.590972 0.028125 0.140278 1.000000
0 726 0.360938 0.589583 0.028125 0.140278 1.000000
0 727 0.357812 0.589583 0.028125 0.140278 1.000000
0 728 0.357812 0.589583 0.028125 0.140278 1.000000
0 729 0.354687 0.584028 0.028125 0.140278 1.000000
0 730 0.354687 0.580556 0.028125 0.136111 1.000000
0 731 0.353906 0.579167 0.032813 0.133333 1.000000
0 732 0.353125 0.581250 0.034375 0.134722 1.000000
0 733 0.353125 0.581250 0.034375 0.134722 1.000000
0 734 0.352344 0.584028 0.037500 0.131944 1.000000
0 735 0.352344 0.585417 0.037500 0.131944 1.000000
0 736 0.351562 0.585417 0.037500 0.131944 1.000000
0 737 0.351562 0.586806 0.037500 0.131944 1.000000
0 738 0.353125 0.586806 0.034375 0.131944 1.000000
0 739 0.354687 0.588194 0.031250 0.131944 1.000000
0 740 0.353125 0.588194 0.031250 0.131944 1.000000
0 741 0.353516 0.587500 0.032031 0.130556 1.000000
0 742 0.352344 0.585417 0.039062 0.126389 1.000000
0 743 0.352344 0.585417 0.039062 0.126389 1.000000
0 744 0.354687 0.584722 0.031250 0.125000 1.000000
0 745 0.354687 0.583333 0.032813 0.122222 1.000000
0 746 0.355469 0.584722 0.032813 0.125000 1.000000
0 747 0.353906 0.586111 0.034375 0.125000 1.000000
0 748 0.353906 0.586111 0.034375 0.125000 1.000000
0 749 0.355078 0.584722 0.033594 0.122222 1.000000
0 750 0.358594 0.584722 0.037500 0.122222 1.000000
0 751 0.360938 0.579861 0.040625 0.115278 1.000000
0 752 0.361719 0.578472 0.040625 0.112500 1.000000
0 753 0.361719 0.578472 0.040625 0.112500 1.000000
0 754 0.364063 0.579167 0.040625 0.119444 1.000000
0 755 0.364844 0.577778 0.040625 0.119444 1.000000
0 756 0.365234 0.576389 0.042969 0.119444 1.000000
0 757 0.364063 0.576389 0.046875 0.122222 1.000000
0 758 0.364063 0.576389 0.046875 0.122222 1.000000
0 759 0.366406 0.577083 0.051562 0.126389 1.000000
0 760 0.362109 0.577083 0.044531 0.126389 1.000000
0 761 0.366016 0.577083 0.050781 0.126389 1.000000
0 762 0.366797 0.575694 0.050781 0.129167 1.000000
0 763 0.366797 0.575694 0.050781 0.129167 1.000000
0 764 0.369922 0.574306 0.050781 0.131944 1.000000
0 765 0.371094 0.573611 0.046875 0.130556 1.000000
0 766 0.375781 0.572222 0.045312 0.127778 1.000000
0 767 0.380469 0.572222 0.045312 0.130556 1.000000
0 768 0.380469 0.572222 0.045312 0.130556 1.000000
0 769 0.382812 0.567361 0.045312 0.126389 1.000000
0 770 0.385937 0.566667 0.051562 0.133333 1.000000
0 771 0.387500 0.563889 0.051562 0.133333 1.000000
0 772 0.393750 0.561111 0.054688 0.127778 1.000000
0 773 0.393750 0.561111 0.054688 0.127778 1.000000
0 774 0.389062 0.559722 0.073438 0.127778 1.000000
0 775 0.389844 0.559722 0.073438 0.125000 1.000000
0 776 0.391406 0.559028 0.067187 0.129167 1.000000
0 777 0.388672 0.556944 0.052344 0.130556 1.000000
0 778 0.388672 0.556944 0.052344 0.130556 1.000000
0 779 0.390234 0.551389 0.042969 0.122222 1.000000
0 780 0.389844 0.548611 0.039062 0.119444 1.000000
0 781 0.388281 0.548611 0.032813 0.119444 1.000000
0 782 0.388672 0.547917 0.032031 0.123611 1.000000
0 783 0.388672 0.547917 0.032031 0.123611 1.000000
0 784 0.387500 0.541667 0.032813 0.133333 1.000000
0 785 0.387500 0.537500 0.034375 0.130556 1.000000
0 786 0.385937 0.531944 0.040625 0.125000 1.000000
0 787 0.384766 0.527778 0.044531 0.119444 1.000000
0 788 0.384766 0.527778 0.044531 0.119444 1.000000
0 789 0.379688 0.527778 0.051562 0.122222 1.000000
0 790 0.380859 0.524306 0.046094 0.123611 1.000000
0 791 0.380469 0.520139 0.045312 0.123611 1.000000
0 792 0.379297 0.516667 0.042969 0.127778 1.000000
0 793 0.379297 0.516667 0.042969 0.127778 1.000000
0 794 0.382031 0.509722 0.039062 0.119444 1.000000
0 795 0.381641 0.508333 0.038281 0.119444 1.000000
0 796 0.381250 0.509028 0.037500 0.118056 1.000000
0 797 0.380469 0.506944 0.035937 0.122222 1.000000
0 798 0.380469 0.506944 0.035937 0.122222 1.000000
0 799 0.386328 0.504167 0.024219 0.130556 1.000000
0 800 0.385937 0.502083 0.025000 0.131944 1.000000
0 801 0.385937 0.500000 0.028125 0.127778 1.000000
0 802 0.386328 0.496528 0.035156 0.120833 1.000000
0 803 0.386328 0.496528 0.035156 0.120833 1.000000
0 804 0.388281 0.497222 0.042188 0.119444 1.000000
0 805 0.391016 0.495833 0.044531 0.116667 1.000000
0 806 0.392578 0.493056 0.044531 0.119444 1.000000
0 807 0.393750 0.493056 0.043750 0.122222 1.000000
0 808 0.393750 0.493056 0.043750 0.122222 1.000000
0 809 0.393750 0.490278 0.031250 0.116667 1.000000
0 810 0.394922 0.490278 0.028906 0.116667 1.000000
0 811 0.396094 0.491667 0.032813 0.113889 1.000000
0 812 0.397656 0.492361 0.034375 0.112500 1.000000
0 813 0.397656 0.492361 0.034375 0.112500 1.000000
0 814 0.401562 0.494444 0.040625 0.111111 1.000000
0 815 0.400781 0.494444 0.042188 0.111111 1.000000
0 816 0.402734 0.494444 0.039844 0.111111 1.000000
0 817 0.403906 0.493056 0.039062 0.108333 1.000000
0 818 0.403906 0.493056 0.039062 0.108333 1.000000
0 819 0.409766 0.491667 0.028906 0.108333 1.000000
0 820 0.414062 0.491667 0.028125 0.116667 1.000000
0 821 0.415625 0.490278 0.028125 0.116667 1.000000
0 822 0.414844 0.490278 0.028125 0.116667 1.000000
0 823 0.414844 0.490278 0.028125 0.116667 1.000000
0 824 0.415625 0.488889 0.025000 0.116667 1.000000
0 825 0.416406 0.487500 0.023438 0.116667 1.000000
0 826 0.416406 0.487500 0.023438 0.116667 1.000000
0 827 0.416406 0.486111 0.023438 0.116667 1.000000
0 828 0.416406 0.486111 0.023438 0.116667 1.000000
0 829 0.416406 0.483333 0.023438 0.116667 1.000000
0 830 0.414844 0.483333 0.021875 0.116667 1.000000
0 831 0.414062 0.483333 0.021875 0.116667 1.000000
0 832 0.412500 0.485417 0.025000 0.120833 1.000000
0 833 0.412500 0.485417 0.025000 0.120833 1.000000
0 834 0.406250 0.488889 0.028125 0.122222 1.000000
0 835 0.402344 0.490278 0.028125 0.122222 1.000000
0 836 0.397656 0.491667 0.029687 0.122222 1.000000
0 837 0.392969 0.491667 0.031250 0.122222 1.000000
0 838 0.392969 0.491667 0.031250 0.122222 1.000000
0 839 0.378516 0.493056 0.032031 0.122222 1.000000
0 840 0.370703 0.494444 0.028906 0.119444 1.000000
0 841 0.363281 0.494444 0.028125 0.119444 1.000000
0 842 0.356250 0.495833 0.026562 0.119444 1.000000
0 843 0.356250 0.495833 0.026562 0.119444 1.000000
0 844 0.345313 0.494444 0.026562 0.119444 1.000000
0 845 0.339453 0.494444 0.024219 0.122222 1.000000
0 846 0.333203 0.490278 0.024219 0.119444 1.000000
0 847 0.327344 0.487500 0.025000 0.119444 1.000000
0 848 0.327344 0.488889 0.025000 0.119444 1.000000
0 849 0.315625 0.487500 0.028125 0.119444 1.000000
0 850 0.310156 0.488889 0.029687 0.119444 1.000000
0 851 0.303125 0.488889 0.031250 0.119444 1.000000
0 852 0.297656 0.490278 0.034375 0.119444 1.000000
0 853 0.297656 0.490278 0.034375 0.119444 1.000000
0 854 0.285938 0.484722 0.034375 0.116667 1.000000
0 855 0.282031 0.481944 0.034375 0.116667 1.000000
0 856 0.277344 0.481250 0.034375 0.123611 1.000000
0 857 0.273438 0.479167 0.034375 0.122222 1.000000
0 858 0.273438 0.479167 0.034375 0.122222 1.000000
0 859 0.263672 0.475694 0.033594 0.115278 1.000000
0 860 0.259375 0.473611 0.031250 0.113889 1.000000
0 861 0.255469 0.471528 0.028125 0.112500 1.000000
0 862 0.251172 0.467361 0.027344 0.112500 1.000000
0 863 0.251172 0.467361 0.027344 0.112500 1.000000
0 864 0.242188 0.464583 0.025000 0.123611 1.000000
0 865 0.238281 0.465972 0.025000 0.129167 1.000000
0 866 0.234375 0.464583 0.025000 0.129167 1.000000
0 867 0.231250 0.464583 0.026562 0.129167 1.000000
0 868 0.231250 0.464583 0.026562 0.129167 1.000000
0 869 0.223828 0.464583 0.032031 0.123611 1.000000
0 870 0.219922 0.461806 0.032031 0.123611 1.000000
0 871 0.216406 0.461111 0.032813 0.122222 1.000000
0 872 0.212891 0.458333 0.032031 0.122222 1.000000
0 873 0.212500 0.458333 0.031250 0.122222 1.000000
0 874 0.206641 0.463889 0.032031 0.133333 1.000000
0 875 0.205078 0.465972 0.032031 0.131944 1.000000
0 876 0.202734 0.465278 0.032031 0.125000 1.000000
0 877 0.200391 0.466667 0.032031 0.125000 1.000000
0 878 0.200391 0.466667 0.032031 0.125000 1.000000
0 879 0.198437 0.465278 0.028125 0.122222 1.000000
0 880 0.197656 0.463889 0.026562 0.122222 1.000000
0 881 0.196094 0.465278 0.025000 0.125000 1.000000
0 882 0.196094 0.468056 0.025000 0.133333 1.000000
0 883 0.196094 0.468056 0.025000 0.133333 1.000000
0 884 0.196875 0.470139 0.025000 0.129167 1.000000
0 885 0.197656 0.473611 0.026562 0.125000 1.000000
0 886 0.198828 0.476389 0.028906 0.125000 1.000000
0 887 0.200391 0.476389 0.028906 0.125000 1.000000
0 888 0.200391 0.476389 0.028906 0.125000 1.000000
0 889 0.203516 0.473611 0.028906 0.125000 1.000000
0 890 0.206641 0.475000 0.028906 0.125000 1.000000
0 891 0.208594 0.476389 0.031250 0.125000 1.000000
0 892 0.210938 0.477778 0.031250 0.125000 1.000000
0 893 0.210938 0.477778 0.031250 0.125000 1.000000
0 894 0.216406 0.481944 0.031250 0.122222 1.000000
0 895 0.218359 0.481944 0.028906 0.116667 1.000000
0 896 0.221094 0.480556 0.026562 0.116667 1.000000
0 897 0.225000 0.484028 0.026562 0.123611 1.000000
0 898 0.225000 0.484028 0.026562 0.123611 1.000000
0 899 0.228906 0.488194 0.021875 0.131944 1.000000
0 900 0.230469 0.490972 0.023438 0.131944 1.000000
0 901 0.232813 0.493750 0.023438 0.131944 1.000000
0 902 0.234766 0.495833 0.027344 0.130556 1.000000
0 903 0.234766 0.495833 0.027344 0.130556 1.000000
0 904 0.237500 0.497222 0.029687 0.127778 1.000000
0 905 0.237891 0.495833 0.028906 0.125000 1.000000
0 906 0.239453 0.495833 0.028906 0.127778 1.000000
0 907 0.240625 0.497222 0.031250 0.133333 1.000000
0 908 0.240625 0.497222 0.031250 0.133333 1.000000
0 909 0.244531 0.502083 0.032813 0.137500 1.000000
0 910 0.246094 0.500694 0.032813 0.129167 1.000000
0 911 0.249609 0.504167 0.033594 0.127778 1.000000
0 912 0.253516 0.505556 0.033594 0.125000 1.000000
0 913 0.253516 0.505556 0.033594 0.125000 1.000000
0 914 0.259766 0.504167 0.030469 0.125000 1.000000
0 915 0.263281 0.505556 0.028125 0.130556 1.000000
0 916 0.267188 0.509028 0.028125 0.137500 1.000000
0 917 0.269531 0.511111 0.026562 0.138889 1.000000
0 918 0.269531 0.511111 0.026562 0.138889 1.000000
0 919 0.274219 0.513889 0.026562 0.133333 1.000000
0 920 0.276953 0.513889 0.028906 0.133333 1.000000
0 921 0.280078 0.515278 0.032031 0.130556 1.000000
0 922 0.281250 0.509722 0.034375 0.125000 1.000000
0 923 0.281250 0.509722 0.034375 0.125000 1.000000
0 924 0.282813 0.512500 0.034375 0.136111 1.000000
0 925 0.283203 0.511111 0.032031 0.133333 1.000000
0 926 0.283203 0.510417 0.032031 0.131944 1.000000
0 927 0.283984 0.513194 0.032031 0.131944 1.000000
0 928 0.283984 0.513194 0.032031 0.131944 1.000000
0 929 0.285547 0.519444 0.030469 0.130556 1.000000
0 930 0.285938 0.525000 0.031250 0.133333 1.000000
0 931 0.285938 0.529167 0.031250 0.133333 1.000000
0 932 0.286719 0.533333 0.031250 0.133333 1.000000
0 933 0.286719 0.533333 0.031250 0.133333 1.000000
0 934 0.285156 0.534722 0.032813 0.133333 1.000000
0 935 0.285156 0.536111 0.032813 0.133333 1.000000
0 936 0.283594 0.534722 0.032813 0.130556 1.000000
0 937 0.283594 0.534722 0.032813 0.127778 1.000000
0 938 0.283594 0.534722 0.032813 0.127778 1.000000
0 939 0.283203 0.530556 0.028906 0.127778 1.000000
0 940 0.282813 0.530556 0.028125 0.127778 1.000000
0 941 0.282422 0.533333 0.027344 0.127778 1.000000
0 942 0.282422 0.533333 0.027344 0.127778 1.000000
0 943 0.282422 0.533333 0.027344 0.127778 1.000000
0 944 0.282813 0.541667 0.028125 0.127778 1.000000
0 945 0.282031 0.544444 0.029687 0.127778 1.000000
0 946 0.281641 0.547222 0.030469 0.127778 1.000000
0 947 0.280859 0.547222 0.032031 0.127778 1.000000
0 948 0.280859 0.547222 0.032031 0.127778 1.000000
0 949 0.279297 0.547222 0.032031 0.127778 1.000000
0 950 0.278125 0.550000 0.032813 0.127778 1.000000
0 951 0.277344 0.554167 0.032813 0.127778 1.000000
0 952 0.275391 0.556944 0.033594 0.127778 1.000000
0 953 0.275391 0.556944 0.033594 0.127778 1.000000
0 954 0.275000 0.561111 0.034375 0.127778 1.000000
0 955 0.276562 0.561111 0.037500 0.127778 1.000000
0 956 0.277734 0.565278 0.036719 0.133333 1.000000
0 957 0.278516 0.568750 0.036719 0.137500 1.000000
0 958 0.278516 0.568750 0.036719 0.137500 1.000000
0 959 0.279687 0.575000 0.035937 0.138889 1.000000
0 960 0.279687 0.577778 0.037500 0.138889 1.000000
0 961 0.278516 0.579167 0.041406 0.136111 1.000000
0 962 0.279297 0.581944 0.042969 0.136111 1.000000
0 963 0.279297 0.581944 0.042969 0.136111 1.000000
0 964 0.282813 0.584722 0.046875 0.136111 1.000000
0 965 0.285156 0.587500 0.046875 0.141667 1.000000
0 966 0.288281 0.587500 0.045312 0.141667 1.000000
0 967 0.287109 0.584028 0.042969 0.140278 1.000000
0 968 0.287500 0.584028 0.043750 0.140278 1.000000
0 969 0.279297 0.581944 0.027344 0.144444 1.000000
0 970 0.280859 0.580556 0.027344 0.144444 1.000000
0 971 0.280469 0.580556 0.026562 0.144444 1.000000
0 972 0.282813 0.579861 0.028125 0.143056 1.000000
0 973 0.282813 0.579861 0.028125 0.143056 1.000000
0 974 0.285938 0.584028 0.031250 0.140278 1.000000
0 975 0.286719 0.586111 0.035937 0.138889 1.000000
0 976 0.289062 0.587500 0.037500 0.138889 1.000000
0 977 0.292187 0.588194 0.042188 0.137500 1.000000
0 978 0.292187 0.588194 0.042188 0.137500 1.000000
0 979 0.303516 0.586806 0.044531 0.137500 1.000000
0 980 0.305078 0.586111 0.041406 0.136111 1.000000
0 981 0.305469 0.584722 0.035937 0.136111 1.000000
0 982 0.306250 0.583333 0.031250 0.136111 1.000000
0 983 0.306250 0.583333 0.031250 0.136111 1.000000
0 984 0.312500 0.583333 0.031250 0.141667 1.000000
0 985 0.316406 0.581944 0.032813 0.141667 1.000000
0 986 0.320312 0.579167 0.034375 0.136111 1.000000
0 987 0.323437 0.580556 0.034375 0.133333 1.000000
0 988 0.323437 0.580556 0.034375 0.133333 1.000000
0 989 0.327344 0.581944 0.034375 0.133333 1.000000
0 990 0.329688 0.580556 0.028125 0.133333 1.000000
0 991 0.334375 0.579167 0.031250 0.133333 1.000000
0 992 0.337500 0.577778 0.034375 0.136111 1.000000
0 993 0.337500 0.577778 0.034375 0.136111 1.000000
0 994 0.341797 0.574306 0.035156 0.129167 1.000000
0 995 0.342187 0.575694 0.034375 0.129167 1.000000
0 996 0.342969 0.576389 0.032813 0.130556 1.000000
0 997 0.344141 0.575000 0.030469 0.130556 1.000000
0 998 0.344141 0.575000 0.030469 0.130556 1.000000
0 999 0.348828 0.568056 0.028906 0.130556 1.000000
0 1000 0.350391 0.570139 0.028906 0.137500 1.000000
0 1001 0.351953 0.565278 0.028906 0.133333 1.000000
0 1002 0.353906 0.562500 0.029687 0.130556 1.000000
0 1003 0.353906 0.562500 0.029687 0.130556 1.000000
0 1004 0.355859 0.563889 0.027344 0.133333 1.000000
0 1005 0.357031 0.558333 0.026562 0.133333 1.000000
0 1006 0.356250 0.558333 0.025000 0.138889 1.000000
0 1007 0.356250 0.556250 0.026562 0.137500 1.000000
0 1008 0.356250 0.556250 0.026562 0.137500 1.000000
0 1009 0.353125 0.554167 0.034375 0.136111 1.000000
0 1010 0.351562 0.554167 0.035937 0.136111 1.000000
0 1011 0.352344 0.555556 0.032813 0.133333 1.000000
0 1012 0.352734 0.554167 0.028906 0.130556 1.000000
0 1013 0.352734 0.554167 0.028906 0.130556 1.000000
0 1014 0.351562 0.555556 0.031250 0.127778 1.000000
0 1015 0.351172 0.555556 0.030469 0.127778 1.000000
0 1016 0.349609 0.550000 0.030469 0.122222 1.000000
0 1017 0.348828 0.549306 0.030469 0.126389 1.000000
0 1018 0.348828 0.549306 0.030469 0.126389 1.000000
0 1019 0.351562 0.543056 0.034375 0.130556 1.000000
0 1020 0.353125 0.541667 0.035937 0.133333 1.000000
0 1021 0.353906 0.540278 0.037500 0.133333 1.000000
0 1022 0.356641 0.540972 0.042969 0.134722 1.000000
0 1023 0.356641 0.540972 0.042969 0.134722 1.000000
0 1024 0.368750 0.538889 0.042188 0.127778 1.000000
0 1025 0.375000 0.538889 0.042188 0.127778 1.000000
