0 35 0.008203 0.583333 0.016406 0.127778 1.000000
0 36 0.012109 0.583333 0.024219 0.125000 1.000000
0 37 0.019141 0.583333 0.028906 0.127778 1.000000
0 38 0.019141 0.583333 0.028906 0.127778 1.000000
0 39 0.033984 0.582639 0.033594 0.126389 1.000000
0 40 0.041406 0.584722 0.035937 0.130556 1.000000
0 41 0.048438 0.584028 0.035937 0.134722 1.000000
0 42 0.056250 0.583333 0.035937 0.138889 1.000000
0 43 0.056250 0.583333 0.035937 0.138889 1.000000
0 44 0.070312 0.587500 0.032813 0.138889 1.000000
0 45 0.076953 0.588889 0.030469 0.138889 1.000000
0 46 0.084375 0.589583 0.026562 0.134722 1.000000
0 47 0.091016 0.589583 0.025781 0.134722 1.000000
0 48 0.091016 0.589583 0.025781 0.134722 1.000000
0 49 0.104297 0.588194 0.024219 0.143056 1.000000
0 50 0.112109 0.590972 0.024219 0.143056 1.000000
0 51 0.118359 0.592361 0.022656 0.143056 1.000000
0 52 0.125391 0.595139 0.022656 0.143056 1.000000
0 53 0.125391 0.595139 0.022656 0.143056 1.000000
0 54 0.139063 0.601389 0.026562 0.136111 1.000000
0 55 0.147266 0.600694 0.032031 0.134722 1.000000
0 56 0.151562 0.599306 0.031250 0.134722 1.000000
0 57 0.156250 0.601389 0.031250 0.141667 1.000000
0 58 0.156250 0.601389 0.031250 0.141667 1.000000
0 59 0.163672 0.605556 0.033594 0.150000 1.000000
0 60 0.166406 0.608333 0.034375 0.150000 1.000000
0 61 0.169141 0.611111 0.032031 0.144444 1.000000
0 62 0.171484 0.613889 0.030469 0.144444 1.000000
0 63 0.171484 0.613889 0.030469 0.144444 1.000000
0 64 0.178516 0.616667 0.025781 0.144444 1.000000
0 65 0.181250 0.616667 0.023438 0.144444 1.000000
0 66 0.182812 0.617361 0.023438 0.145833 1.000000
0 67 0.184375 0.620139 0.025000 0.151389 1.000000
0 68 0.184375 0.620139 0.025000 0.151389 1.000000
0 69 0.183594 0.627083 0.026562 0.151389 1.000000
0 70 0.184375 0.629861 0.028125 0.148611 1.000000
0 71 0.184375 0.631944 0.031250 0.144444 1.000000
0 72 0.187500 0.632639 0.034375 0.143056 1.000000
0 73 0.187500 0.632639 0.034375 0.143056 1.000000
0 74 0.189844 0.633333 0.034375 0.147222 1.000000
0 75 0.188281 0.636111 0.032813 0.152778 1.000000
0 76 0.187891 0.637500 0.033594 0.152778 1.000000
0 77 0.187500 0.640278 0.034375 0.152778 1.000000
0 78 0.187500 0.640278 0.034375 0.152778 1.000000
0 79 0.187500 0.645833 0.034375 0.152778 1.000000
0 80 0.187500 0.645833 0.034375 0.150000 1.000000
0 81 0.187891 0.647222 0.032031 0.150000 1.000000
0 82 0.189062 0.647222 0.028125 0.152778 1.000000
0 83 0.189062 0.647222 0.028125 0.152778 1.000000
0 84 0.194141 0.650000 0.025781 0.152778 1.000000
0 85 0.194922 0.652778 0.027344 0.150000 1.000000
0 86 0.194141 0.655556 0.027344 0.150000 1.000000
0 87 0.195703 0.659028 0.033594 0.148611 1.000000
0 88 0.195703 0.659028 0.033594 0.148611 1.000000
0 89 0.195312 0.666667 0.034375 0.150000 1.000000
0 90 0.196094 0.669444 0.034375 0.147222 1.000000
0 91 0.196484 0.670833 0.035156 0.147222 1.000000
0 92 0.198437 0.675000 0.037500 0.150000 1.000000
0 93 0.198437 0.675000 0.037500 0.150000 1.000000
0 94 0.200000 0.679167 0.032813 0.150000 1.000000
0 95 0.199609 0.680556 0.027344 0.150000 1.000000
0 96 0.196094 0.686111 0.026562 0.150000 1.000000
0 97 0.192969 0.687500 0.029687 0.152778 1.000000
0 98 0.192969 0.687500 0.029687 0.152778 1.000000
0 99 0.191406 0.695139 0.037500 0.151389 1.000000
0 100 0.192578 0.697222 0.041406 0.150000 1.000000
0 101 0.192578 0.701389 0.041406 0.150000 1.000000
0 102 0.191797 0.703472 0.039844 0.148611 1.000000
0 103 0.191797 0.703472 0.039844 0.148611 1.000000
0 104 0.188281 0.705556 0.035937 0.150000 1.000000
0 105 0.187109 0.706944 0.032031 0.150000 1.000000
0 106 0.187500 0.709722 0.029687 0.150000 1.000000
0 107 0.186719 0.711806 0.025000 0.151389 1.000000
0 108 0.186719 0.711806 0.025000 0.151389 1.000000
0 109 0.187891 0.713194 0.024219 0.151389 1.000000
0 110 0.187891 0.714583 0.025781 0.151389 1.000000
0 111 0.191406 0.717361 0.032813 0.151389 1.000000
0 112 0.192969 0.717361 0.037500 0.151389 1.000000
0 113 0.192969 0.717361 0.037500 0.151389 1.000000
0 114 0.196094 0.721528 0.042188 0.151389 1.000000
0 115 0.197266 0.722917 0.044531 0.151389 1.000000
0 116 0.198437 0.722917 0.045312 0.151389 1.000000
0 117 0.200391 0.725000 0.044531 0.150000 1.000000
0 118 0.200391 0.725000 0.044531 0.150000 1.000000
0 119 0.204687 0.727778 0.037500 0.150000 1.000000
0 120 0.207031 0.729167 0.031250 0.147222 1.000000
0 121 0.207813 0.730556 0.028125 0.150000 1.000000
0 122 0.208203 0.731944 0.025781 0.150000 1.000000
0 123 0.208203 0.731944 0.025781 0.150000 1.000000
0 124 0.211328 0.733333 0.028906 0.152778 1.000000
0 125 0.214453 0.734722 0.030469 0.152778 1.000000
0 126 0.216797 0.734722 0.033594 0.152778 1.000000
0 127 0.221094 0.737500 0.035937 0.152778 1.000000
0 128 0.221094 0.737500 0.035937 0.152778 1.000000
0 129 0.222656 0.740278 0.032813 0.150000 1.000000
0 130 0.225391 0.741667 0.032031 0.150000 1.000000
0 131 0.227344 0.743056 0.029687 0.152778 1.000000
0 132 0.230078 0.744444 0.032031 0.152778 1.000000
0 133 0.230078 0.744444 0.032031 0.152778 1.000000
0 134 0.237500 0.745833 0.037500 0.152778 1.000000
0 135 0.241406 0.745833 0.040625 0.150000 1.000000
0 136 0.242969 0.747222 0.042188 0.150000 1.000000
0 137 0.245312 0.747222 0.043750 0.150000 1.000000
0 138 0.245312 0.747222 0.043750 0.150000 1.000000
0 139 0.249219 0.752778 0.045312 0.152778 1.000000
0 140 0.250000 0.754861 0.042188 0.154167 1.000000
0 141 0.252734 0.757639 0.041406 0.154167 1.000000
0 142 0.255469 0.760417 0.039062 0.154167 1.000000
0 143 0.255469 0.760417 0.039062 0.154167 1.000000
0 144 0.260937 0.763889 0.034375 0.155556 1.000000
0 145 0.265625 0.766667 0.034375 0.155556 1.000000
0 146 0.270313 0.769444 0.034375 0.155556 1.000000
0 147 0.275781 0.772222 0.032813 0.155556 1.000000
0 148 0.275781 0.772222 0.032813 0.155556 1.000000
0 149 0.283203 0.773611 0.028906 0.158333 1.000000
0 150 0.287891 0.776389 0.028906 0.158333 1.000000
0 151 0.292578 0.777083 0.032031 0.154167 1.000000
0 152 0.296094 0.778472 0.031250 0.154167 1.000000
0 153 0.296094 0.778472 0.031250 0.154167 1.000000
0 154 0.306250 0.782639 0.034375 0.154167 1.000000
0 155 0.310937 0.783333 0.034375 0.158333 1.000000
0 156 0.315234 0.786111 0.036719 0.155556 1.000000
0 157 0.319531 0.788889 0.037500 0.155556 1.000000
0 158 0.319531 0.788889 0.037500 0.155556 1.000000
0 159 0.327344 0.793056 0.039062 0.155556 1.000000
0 160 0.331250 0.794444 0.039062 0.155556 1.000000
0 161 0.334375 0.797222 0.037500 0.161111 1.000000
0 162 0.337109 0.797222 0.036719 0.161111 1.000000
0 163 0.336719 0.797222 0.035937 0.161111 1.000000
0 164 0.339844 0.798611 0.032813 0.161111 1.000000
0 165 0.341016 0.797222 0.032031 0.158333 1.000000
0 166 0.342969 0.797222 0.032813 0.158333 1.000000
0 167 0.344531 0.795833 0.032813 0.158333 1.000000
0 168 0.344531 0.795833 0.032813 0.158333 1.000000
0 169 0.350781 0.797222 0.029687 0.158333 1.000000
0 170 0.353516 0.798611 0.028906 0.158333 1.000000
0 171 0.355469 0.798611 0.028125 0.158333 1.000000
0 172 0.357812 0.798611 0.032813 0.158333 1.000000
0 173 0.357812 0.798611 0.032813 0.158333 1.000000
0 174 0.363281 0.801389 0.039062 0.155556 1.000000
0 175 0.368750 0.801389 0.039062 0.155556 1.000000
0 176 0.373828 0.800000 0.038281 0.155556 1.000000
0 177 0.378125 0.800000 0.037500 0.155556 1.000000
0 178 0.378125 0.800000 0.037500 0.155556 1.000000
0 179 0.388281 0.797222 0.034375 0.155556 1.000000
0 180 0.393359 0.795833 0.032031 0.152778 1.000000
0 181 0.396875 0.793750 0.031250 0.154167 1.000000
0 182 0.400000 0.793750 0.031250 0.156944 1.000000
0 183 0.400000 0.794444 0.031250 0.155556 1.000000
0 184 0.407031 0.793750 0.034375 0.156944 1.000000
0 185 0.412109 0.794444 0.039844 0.155556 1.000000
0 186 0.418359 0.794444 0.044531 0.155556 1.000000
0 187 0.424609 0.793056 0.046094 0.155556 1.000000
0 188 0.424609 0.793056 0.046094 0.155556 1.000000
0 189 0.437500 0.792361 0.050000 0.154167 1.000000
0 190 0.444531 0.790972 0.046875 0.154167 1.000000
0 191 0.450781 0.790972 0.043750 0.154167 1.000000
0 192 0.455859 0.789583 0.039844 0.154167 1.000000
0 193 0.455859 0.789583 0.039844 0.154167 1.000000
0 194 0.460156 0.788194 0.029687 0.154167 1.000000
0 195 0.459375 0.786806 0.026562 0.151389 1.000000
0 196 0.457813 0.786806 0.025000 0.151389 1.000000
0 197 0.454688 0.785417 0.025000 0.151389 1.000000
0 198 0.454688 0.785417 0.025000 0.151389 1.000000
0 199 0.447266 0.786806 0.028906 0.151389 1.000000
0 200 0.442578 0.786806 0.035156 0.151389 1.000000
0 201 0.437109 0.788194 0.041406 0.151389 1.000000
0 202 0.434375 0.788889 0.043750 0.152778 1.000000
0 203 0.434375 0.788889 0.043750 0.152778 1.000000
0 204 0.425781 0.788889 0.043750 0.152778 1.000000
0 205 0.421094 0.788889 0.043750 0.152778 1.000000
0 206 0.415625 0.788889 0.042188 0.152778 1.000000
0 207 0.408594 0.787500 0.039062 0.152778 1.000000
0 208 0.408594 0.787500 0.039062 0.152778 1.000000
0 209 0.393750 0.787500 0.031250 0.152778 1.000000
0 210 0.382812 0.786111 0.031250 0.152778 1.000000
0 211 0.373437 0.786111 0.028125 0.152778 1.000000
0 212 0.364844 0.786111 0.029687 0.152778 1.000000
0 213 0.364844 0.786111 0.029687 0.152778 1.000000
0 214 0.350781 0.786111 0.034375 0.152778 1.000000
0 215 0.344531 0.786111 0.035937 0.152778 1.000000
0 216 0.337891 0.786111 0.038281 0.152778 1.000000
0 217 0.331250 0.786111 0.037500 0.152778 1.000000
0 218 0.330469 0.786111 0.039062 0.152778 1.000000
0 219 0.317969 0.787500 0.037500 0.152778 1.000000
0 220 0.310156 0.787500 0.035937 0.152778 1.000000
0 221 0.301563 0.787500 0.032813 0.152778 1.000000
0 222 0.293359 0.786111 0.030469 0.152778 1.000000
0 223 0.293359 0.786111 0.030469 0.152778 1.000000
0 224 0.278125 0.781944 0.029687 0.152778 1.000000
0 225 0.269922 0.781944 0.030469 0.152778 1.000000
0 226 0.262109 0.783333 0.032031 0.152778 1.000000
0 227 0.253516 0.783333 0.032031 0.152778 1.000000
0 228 0.253516 0.783333 0.032031 0.152778 1.000000
0 229 0.235937 0.783333 0.039062 0.152778 1.000000
0 230 0.227344 0.783333 0.043750 0.152778 1.000000
0 231 0.221094 0.784722 0.042188 0.152778 1.000000
0 232 0.215625 0.784722 0.043750 0.152778 1.000000
0 233 0.215234 0.784722 0.042969 0.152778 1.000000
0 234 0.203125 0.785417 0.042188 0.154167 1.000000
0 235 0.198437 0.787500 0.043750 0.155556 1.000000
0 236 0.191406 0.787500 0.042188 0.155556 1.000000
0 237 0.187500 0.788889 0.040625 0.155556 1.000000
0 238 0.187109 0.788889 0.039844 0.155556 1.000000
0 239 0.175000 0.791667 0.040625 0.158333 1.000000
0 240 0.170313 0.791667 0.040625 0.158333 1.000000
0 241 0.164844 0.793056 0.042188 0.161111 1.000000
0 242 0.158594 0.794444 0.042188 0.161111 1.000000
0 243 0.158594 0.794444 0.042188 0.161111 1.000000
0 244 0.148438 0.795833 0.043750 0.163889 1.000000
0 245 0.142578 0.798611 0.044531 0.161111 1.000000
0 246 0.136328 0.797917 0.044531 0.162500 1.000000
0 247 0.130859 0.800694 0.044531 0.159722 1.000000
0 248 0.130859 0.800694 0.044531 0.159722 1.000000
0 249 0.119141 0.802083 0.044531 0.159722 1.000000
0 250 0.112500 0.803472 0.042188 0.159722 1.000000
0 251 0.105469 0.803472 0.042188 0.159722 1.000000
0 252 0.099219 0.804861 0.042188 0.159722 1.000000
0 253 0.099219 0.806250 0.042188 0.162500 1.000000
0 254 0.086719 0.806944 0.039062 0.166667 1.000000
0 255 0.079687 0.809028 0.037500 0.165278 1.000000
0 256 0.071484 0.809722 0.039844 0.166667 1.000000
0 257 0.063672 0.811111 0.038281 0.172222 1.000000
0 258 0.063672 0.811111 0.038281 0.172222 1.000000
0 259 0.042188 0.813889 0.046875 0.172222 1.000000
0 260 0.031250 0.815278 0.051562 0.175000 1.000000
0 261 0.024219 0.818750 0.048438 0.170833 1.000000
0 262 0.019531 0.819444 0.039062 0.172222 1.000000
0 263 0.019531 0.819444 0.039062 0.172222 1.000000
0 519 0.016406 0.752778 0.032813 0.150000 1.000000
0 520 0.028906 0.752083 0.040625 0.154167 1.000000
0 521 0.043750 0.749306 0.045312 0.154167 1.000000
0 522 0.058594 0.746528 0.045312 0.154167 1.000000
0 523 0.058594 0.746528 0.045312 0.154167 1.000000
0 524 0.087891 0.739583 0.047656 0.154167 1.000000
0 525 0.103125 0.736806 0.046875 0.154167 1.000000
0 526 0.116797 0.734722 0.044531 0.152778 1.000000
0 527 0.131641 0.730556 0.042969 0.152778 1.000000
0 528 0.131641 0.730556 0.042969 0.152778 1.000000
0 529 0.159375 0.723611 0.037500 0.150000 1.000000
0 530 0.173828 0.719444 0.035156 0.150000 1.000000
0 531 0.189062 0.716667 0.037500 0.150000 1.000000
0 532 0.201563 0.715278 0.037500 0.150000 1.000000
0 533 0.201563 0.715278 0.037500 0.150000 1.000000
0 534 0.225781 0.711111 0.035937 0.147222 1.000000
0 535 0.235937 0.709028 0.035937 0.145833 1.000000
0 536 0.248438 0.705556 0.037500 0.144444 1.000000
0 537 0.257422 0.702778 0.038281 0.144444 1.000000
0 538 0.257422 0.702778 0.038281 0.144444 1.000000
0 539 0.275781 0.700000 0.042188 0.144444 1.000000
0 540 0.285938 0.695833 0.043750 0.144444 1.000000
0 541 0.294531 0.693056 0.043750 0.144444 1.000000
0 542 0.302344 0.690278 0.045312 0.144444 1.000000
0 543 0.302344 0.690278 0.045312 0.144444 1.000000
0 544 0.318359 0.686111 0.042969 0.144444 1.000000
0 545 0.322656 0.684722 0.039062 0.147222 1.000000
0 546 0.328125 0.683333 0.037500 0.150000 1.000000
0 547 0.333984 0.681250 0.033594 0.151389 1.000000
0 548 0.333984 0.681250 0.033594 0.151389 1.000000
0 549 0.345313 0.682639 0.031250 0.154167 1.000000
0 550 0.350781 0.684722 0.031250 0.152778 1.000000
0 551 0.356250 0.684722 0.031250 0.150000 1.000000
0 552 0.360156 0.684722 0.031250 0.152778 1.000000
0 553 0.360156 0.684722 0.031250 0.152778 1.000000
0 554 0.368750 0.686111 0.031250 0.152778 1.000000
0 555 0.373828 0.687500 0.032031 0.152778 1.000000
0 556 0.378516 0.688194 0.032031 0.154167 1.000000
0 557 0.382422 0.688194 0.032031 0.154167 1.000000
0 558 0.382422 0.688194 0.032031 0.154167 1.000000
0 559 0.390234 0.689583 0.032031 0.154167 1.000000
0 560 0.391406 0.691667 0.032813 0.155556 1.000000
0 561 0.392188 0.693056 0.032813 0.158333 1.000000
0 562 0.390625 0.695833 0.032813 0.155556 1.000000
0 563 0.390625 0.695833 0.032813 0.155556 1.000000
0 564 0.389062 0.698611 0.034375 0.158333 1.000000
0 565 0.387891 0.698611 0.033594 0.158333 1.000000
0 566 0.387109 0.698611 0.033594 0.158333 1.000000
0 567 0.383984 0.698611 0.033594 0.158333 1.000000
0 568 0.383984 0.698611 0.033594 0.158333 1.000000
0 569 0.379297 0.700000 0.033594 0.155556 1.000000
0 570 0.376953 0.698611 0.033594 0.158333 1.000000
0 571 0.374609 0.700000 0.033594 0.158333 1.000000
0 572 0.371875 0.702778 0.034375 0.161111 1.000000
0 573 0.371875 0.702778 0.034375 0.161111 1.000000
0 574 0.362891 0.706944 0.035156 0.161111 1.000000
0 575 0.358594 0.708333 0.034375 0.161111 1.000000
0 576 0.353906 0.709722 0.034375 0.161111 1.000000
0 577 0.349609 0.709722 0.035156 0.158333 1.000000
0 578 0.349609 0.709722 0.035156 0.158333 1.000000
0 579 0.343750 0.712500 0.034375 0.158333 1.000000
0 580 0.339844 0.712500 0.035937 0.158333 1.000000
0 581 0.336719 0.712500 0.034375 0.158333 1.000000
0 582 0.334375 0.715278 0.032813 0.158333 1.000000
0 583 0.334375 0.715278 0.032813 0.158333 1.000000
0 584 0.328516 0.716667 0.032031 0.158333 1.000000
0 585 0.325781 0.718056 0.031250 0.155556 1.000000
0 586 0.321484 0.718056 0.032031 0.158333 1.000000
0 587 0.317578 0.722222 0.032031 0.158333 1.000000
0 588 0.317578 0.722222 0.032031 0.158333 1.000000
0 589 0.307031 0.726389 0.032813 0.161111 1.000000
0 590 0.302344 0.727778 0.032813 0.161111 1.000000
0 591 0.298438 0.729167 0.031250 0.161111 1.000000
0 592 0.295312 0.729167 0.031250 0.158333 1.000000
0 593 0.295312 0.729167 0.031250 0.158333 1.000000
0 594 0.290625 0.729167 0.031250 0.158333 1.000000
0 595 0.289062 0.727778 0.031250 0.158333 1.000000
0 596 0.287500 0.726389 0.031250 0.158333 1.000000
0 597 0.286719 0.729167 0.032813 0.158333 1.000000
0 598 0.286719 0.729167 0.032813 0.158333 1.000000
0 599 0.285156 0.725000 0.032813 0.161111 1.000000
0 600 0.285156 0.725000 0.032813 0.161111 1.000000
0 601 0.285156 0.722222 0.034375 0.161111 1.000000
0 602 0.284375 0.725000 0.034375 0.166667 1.000000
0 603 0.284375 0.725000 0.034375 0.166667 1.000000
0 604 0.285938 0.723611 0.035937 0.163889 1.000000
0 605 0.286719 0.723611 0.035937 0.163889 1.000000
0 606 0.289453 0.720833 0.035156 0.163889 1.000000
0 607 0.291406 0.719444 0.034375 0.166667 1.000000
0 608 0.291406 0.719444 0.034375 0.166667 1.000000
0 609 0.296875 0.718056 0.034375 0.166667 1.000000
0 610 0.299219 0.716667 0.035937 0.166667 1.000000
0 611 0.300781 0.713889 0.035937 0.166667 1.000000
0 612 0.302344 0.712500 0.037500 0.163889 1.000000
0 613 0.302344 0.712500 0.037500 0.163889 1.000000
0 614 0.305859 0.708333 0.039844 0.166667 1.000000
0 615 0.305859 0.705556 0.039844 0.166667 1.000000
0 616 0.307031 0.703472 0.042188 0.165278 1.000000
0 617 0.306250 0.701389 0.043750 0.163889 1.000000
0 618 0.306250 0.701389 0.043750 0.163889 1.000000
0 619 0.306250 0.696528 0.046875 0.162500 1.000000
0 620 0.307031 0.695139 0.046875 0.162500 1.000000
0 621 0.309375 0.693056 0.046875 0.163889 1.000000
0 622 0.311719 0.691667 0.045312 0.161111 1.000000
0 623 0.311719 0.691667 0.045312 0.161111 1.000000
0 624 0.316797 0.688889 0.047656 0.163889 1.000000
0 625 0.318359 0.687500 0.049219 0.161111 1.000000
0 626 0.319922 0.686111 0.049219 0.161111 1.000000
0 627 0.319531 0.684028 0.046875 0.162500 1.000000
0 628 0.319531 0.684028 0.046875 0.162500 1.000000
0 629 0.319922 0.679167 0.039844 0.163889 1.000000
0 630 0.320703 0.678472 0.038281 0.162500 1.000000
0 631 0.323047 0.675694 0.035156 0.162500 1.000000
0 632 0.325000 0.678472 0.032813 0.159722 1.000000
0 633 0.325000 0.678472 0.032813 0.159722 1.000000
0 634 0.331250 0.680556 0.045312 0.155556 1.000000
0 635 0.333594 0.680556 0.050000 0.155556 1.000000
0 636 0.337500 0.677778 0.051562 0.155556 1.000000
0 637 0.344141 0.675000 0.055469 0.155556 1.000000
0 638 0.344141 0.675000 0.055469 0.155556 1.000000
0 639 0.354297 0.672222 0.057031 0.158333 1.000000
0 640 0.356641 0.669444 0.057031 0.158333 1.000000
0 641 0.357812 0.666667 0.056250 0.158333 1.000000
0 642 0.358594 0.661111 0.051562 0.163889 1.000000
0 643 0.358594 0.661111 0.051562 0.163889 1.000000
0 644 0.358594 0.650000 0.039062 0.172222 1.000000
0 645 0.361719 0.647222 0.039062 0.172222 1.000000
0 646 0.364063 0.645833 0.037500 0.172222 1.000000
0 647 0.367578 0.646528 0.036719 0.170833 1.000000
0 648 0.367578 0.646528 0.036719 0.170833 1.000000
0 649 0.374609 0.650000 0.036719 0.166667 1.000000
0 650 0.376953 0.652778 0.039844 0.163889 1.000000
0 651 0.380078 0.654167 0.039844 0.163889 1.000000
0 652 0.382422 0.651389 0.041406 0.163889 1.000000
0 653 0.382422 0.651389 0.041406 0.163889 1.000000
0 654 0.395703 0.650000 0.042969 0.166667 1.000000
0 655 0.400781 0.651389 0.050000 0.163889 1.000000
0 656 0.405078 0.652778 0.057031 0.163889 1.000000
0 657 0.410156 0.655556 0.062500 0.161111 1.000000
0 658 0.410156 0.655556 0.062500 0.161111 1.000000
0 659 0.414062 0.662500 0.062500 0.158333 1.000000
0 660 0.415234 0.662500 0.058594 0.158333 1.000000
0 661 0.413281 0.662500 0.050000 0.158333 1.000000
0 662 0.413281 0.662500 0.045312 0.158333 1.000000
0 663 0.413281 0.662500 0.045312 0.158333 1.000000
0 664 0.414453 0.665278 0.038281 0.158333 1.000000
0 665 0.417187 0.665278 0.034375 0.152778 1.000000
0 666 0.418750 0.668056 0.037500 0.152778 1.000000
0 667 0.422656 0.668750 0.043750 0.151389 1.000000
0 668 0.422656 0.668750 0.043750 0.151389 1.000000
0 669 0.427734 0.670139 0.052344 0.151389 1.000000
0 670 0.425000 0.669444 0.050000 0.147222 1.000000
0 671 0.423438 0.670833 0.048438 0.147222 1.000000
0 672 0.420312 0.673611 0.043750 0.147222 1.000000
0 673 0.420312 0.673611 0.043750 0.147222 1.000000
0 674 0.414453 0.675000 0.039844 0.155556 1.000000
0 675 0.415625 0.676389 0.043750 0.158333 1.000000
0 676 0.414844 0.675000 0.045312 0.152778 1.000000
0 677 0.413672 0.675000 0.042969 0.147222 1.000000
0 678 0.413672 0.675000 0.042969 0.147222 1.000000
0 679 0.408594 0.678472 0.032813 0.145833 1.000000
0 680 0.410547 0.678472 0.039844 0.145833 1.000000
0 681 0.409375 0.679167 0.045312 0.147222 1.000000
0 682 0.408594 0.676389 0.051562 0.147222 1.000000
0 683 0.408594 0.676389 0.051562 0.147222 1.000000
0 684 0.402734 0.676389 0.057031 0.141667 1.000000
0 685 0.400391 0.677778 0.050781 0.141667 1.000000
0 686 0.394141 0.677083 0.046094 0.145833 1.000000
0 687 0.384375 0.676389 0.042188 0.147222 1.000000
0 688 0.384375 0.676389 0.042188 0.147222 1.000000
0 689 0.386328 0.673611 0.044531 0.155556 1.000000
0 690 0.383203 0.666667 0.050781 0.155556 1.000000
0 691 0.380469 0.668056 0.054688 0.147222 1.000000
0 692 0.378516 0.670833 0.058594 0.147222 1.000000
0 693 0.378516 0.670833 0.058594 0.147222 1.000000
0 694 0.368750 0.673611 0.037500 0.150000 1.000000
0 695 0.364453 0.672222 0.030469 0.152778 1.000000
0 696 0.364063 0.671528 0.032813 0.156944 1.000000
0 697 0.363672 0.670833 0.039844 0.158333 1.000000
0 698 0.363672 0.670833 0.039844 0.158333 1.000000
0 699 0.358203 0.666667 0.057031 0.150000 1.000000
0 700 0.356250 0.668750 0.056250 0.148611 1.000000
0 701 0.355859 0.668056 0.046094 0.147222 1.000000
0 702 0.350781 0.670833 0.042188 0.144444 1.000000
0 703 0.350781 0.670833 0.042188 0.144444 1.000000
0 704 0.352344 0.668056 0.037500 0.152778 1.000000
0 705 0.352734 0.665278 0.036719 0.158333 1.000000
0 706 0.352734 0.659722 0.036719 0.155556 1.000000
0 707 0.352734 0.654167 0.036719 0.152778 1.000000
0 708 0.352734 0.654167 0.036719 0.152778 1.000000
0 709 0.353906 0.649306 0.035937 0.148611 1.000000
0 710 0.353906 0.651389 0.034375 0.147222 1.000000
0 711 0.354687 0.654167 0.034375 0.147222 1.000000
0 712 0.352734 0.652778 0.030469 0.147222 1.000000
0 713 0.352734 0.652778 0.030469 0.147222 1.000000
0 714 0.351172 0.650000 0.028906 0.152778 1.000000
0 715 0.349219 0.648611 0.031250 0.158333 1.000000
0 716 0.345703 0.645139 0.039844 0.151389 1.000000
0 717 0.344922 0.643056 0.039844 0.147222 1.000000
0 718 0.344922 0.643056 0.039844 0.147222 1.000000
0 719 0.343750 0.645139 0.037500 0.143056 1.000000
0 720 0.345313 0.645139 0.040625 0.145833 1.000000
0 721 0.344531 0.641667 0.039062 0.150000 1.000000
0 722 0.344531 0.639583 0.037500 0.154167 1.000000
0 723 0.344531 0.639583 0.037500 0.154167 1.000000
0 724 0.344141 0.630556 0.035156 0.150000 1.000000
0 725 0.343750 0.627083 0.034375 0.145833 1.000000
0 726 0.343750 0.625694 0.034375 0.143056 1.000000
0 727 0.344141 0.628472 0.033594 0.143056 1.000000
0 728 0.344141 0.628472 0.033594 0.143056 1.000000
0 729 0.344531 0.628472 0.032813 0.145833 1.000000
0 730 0.344531 0.628472 0.031250 0.148611 1.000000
0 731 0.344141 0.627083 0.030469 0.151389 1.000000
0 732 0.344141 0.625000 0.030469 0.155556 1.000000
0 733 0.344141 0.625000 0.030469 0.155556 1.000000
0 734 0.338672 0.620833 0.039844 0.147222 1.000000
0 735 0.338672 0.620833 0.039844 0.147222 1.000000
0 736 0.339453 0.625000 0.038281 0.144444 1.000000
0 737 0.339453 0.626389 0.038281 0.141667 1.000000
0 738 0.339453 0.626389 0.038281 0.141667 1.000000
0 739 0.340625 0.623611 0.034375 0.147222 1.000000
0 740 0.342578 0.623611 0.032031 0.150000 1.000000
0 741 0.343750 0.617361 0.034375 0.145833 1.000000
0 742 0.344922 0.617361 0.036719 0.145833 1.000000
0 743 0.344922 0.617361 0.036719 0.145833 1.000000
0 744 0.343750 0.616667 0.039062 0.147222 1.000000
0 745 0.344531 0.618056 0.039062 0.147222 1.000000
0 746 0.345313 0.613889 0.040625 0.138889 1.000000
0 747 0.348828 0.612500 0.044531 0.136111 1.000000
0 748 0.348828 0.612500 0.044531 0.136111 1.000000
0 749 0.357812 0.614583 0.046875 0.134722 1.000000
0 750 0.355469 0.614583 0.043750 0.134722 1.000000
0 751 0.351562 0.614583 0.035937 0.134722 1.000000
0 752 0.352344 0.606944 0.029687 0.125000 1.000000
0 753 0.352344 0.606944 0.029687 0.125000 1.000000
0 754 0.350781 0.604167 0.031250 0.130556 1.000000
0 755 0.352734 0.604167 0.036719 0.130556 1.000000
0 756 0.355469 0.601389 0.039062 0.130556 1.000000
0 757 0.357812 0.600694 0.037500 0.134722 1.000000
0 758 0.357812 0.600694 0.037500 0.134722 1.000000
0 759 0.362109 0.590972 0.044531 0.120833 1.000000
0 760 0.364844 0.590278 0.051562 0.125000 1.000000
0 761 0.367188 0.588889 0.056250 0.127778 1.000000
0 762 0.371484 0.586111 0.058594 0.127778 1.000000
0 763 0.371484 0.586111 0.058594 0.127778 1.000000
0 764 0.387500 0.580556 0.043750 0.127778 1.000000
0 765 0.391406 0.580556 0.034375 0.127778 1.000000
0 766 0.392578 0.581250 0.030469 0.126389 1.000000
0 767 0.396094 0.579861 0.026562 0.126389 1.000000
0 768 0.396094 0.579861 0.026562 0.126389 1.000000
0 769 0.406250 0.580556 0.039062 0.122222 1.000000
0 770 0.412891 0.577778 0.050781 0.119444 1.000000
0 771 0.415625 0.577778 0.053125 0.113889 1.000000
0 772 0.418359 0.575000 0.057031 0.111111 1.000000
0 773 0.418359 0.575000 0.057031 0.111111 1.000000
0 774 0.415625 0.570833 0.051562 0.111111 1.000000
0 775 0.415625 0.570833 0.051562 0.111111 1.000000
0 776 0.418359 0.571528 0.057031 0.109722 1.000000
0 777 0.417969 0.571528 0.060937 0.109722 1.000000
0 778 0.417969 0.571528 0.060937 0.109722 1.000000
0 779 0.416406 0.567361 0.053125 0.109722 1.000000
0 780 0.417187 0.565278 0.050000 0.102778 1.000000
0 781 0.419922 0.568056 0.052344 0.102778 1.000000
0 782 0.423828 0.570833 0.055469 0.088889 1.000000
0 783 0.423828 0.570833 0.055469 0.088889 1.000000
0 784 0.435547 0.578472 0.061719 0.062500 1.000000
0 785 0.436328 0.577778 0.063281 0.061111 1.000000
0 786 0.434766 0.577778 0.063281 0.058333 1.000000
0 787 0.433594 0.579167 0.067187 0.052778 1.000000
0 788 0.433594 0.579167 0.067187 0.052778 1.000000
0 789 0.430078 0.583333 0.074219 0.038889 1.000000
0 790 0.428125 0.586111 0.078125 0.033333 1.000000
0 791 0.425391 0.582639 0.088281 0.037500 1.000000
0 792 0.424609 0.581944 0.086719 0.041667 1.000000
0 793 0.424609 0.581944 0.086719 0.041667 1.000000
0 794 0.426953 0.577778 0.080469 0.044444 1.000000
0 795 0.428125 0.576389 0.078125 0.052778 1.000000
0 796 0.430078 0.570833 0.074219 0.061111 1.000000
0 797 0.429297 0.567361 0.074219 0.068056 1.000000
0 798 0.429297 0.567361 0.074219 0.068056 1.000000
0 799 0.430078 0.566667 0.074219 0.069444 1.000000
0 800 0.430078 0.564583 0.072656 0.073611 1.000000
0 801 0.429688 0.564583 0.071875 0.073611 1.000000
0 802 0.428906 0.563889 0.070312 0.075000 1.000000
0 803 0.428906 0.563889 0.070312 0.075000 1.000000
0 804 0.427734 0.564583 0.069531 0.079167 1.000000
0 805 0.427734 0.563194 0.069531 0.079167 1.000000
0 806 0.427344 0.563889 0.068750 0.080556 1.000000
0 807 0.427734 0.563889 0.067969 0.077778 1.000000
0 808 0.427734 0.563889 0.067969 0.077778 1.000000
0 809 0.426953 0.565278 0.063281 0.077778 1.000000
0 810 0.425391 0.568056 0.060156 0.077778 1.000000
0 811 0.425000 0.569444 0.059375 0.075000 1.000000
0 812 0.423828 0.570833 0.053906 0.075000 1.000000
0 813 0.423828 0.570833 0.053906 0.075000 1.000000
0 814 0.424219 0.570833 0.048438 0.075000 1.000000
0 815 0.423828 0.572917 0.047656 0.073611 1.000000
0 816 0.423828 0.574306 0.047656 0.073611 1.000000
0 817 0.423828 0.577083 0.047656 0.070833 1.000000
0 818 0.423828 0.577083 0.047656 0.070833 1.000000
0 819 0.423828 0.576389 0.046094 0.075000 1.000000
0 820 0.424219 0.576389 0.045312 0.077778 1.000000
0 821 0.424219 0.575000 0.045312 0.080556 1.000000
0 822 0.424219 0.575000 0.045312 0.083333 1.000000
0 823 0.424219 0.575000 0.045312 0.083333 1.000000
0 824 0.423438 0.575000 0.045312 0.086111 1.000000
0 825 0.423438 0.573611 0.045312 0.088889 1.000000
0 826 0.421094 0.573611 0.042188 0.091667 1.000000
0 827 0.419141 0.571528 0.038281 0.093056 1.000000
0 828 0.419141 0.571528 0.038281 0.093056 1.000000
0 829 0.410938 0.571528 0.028125 0.093056 1.000000
0 830 0.407813 0.570833 0.025000 0.097222 1.000000
0 831 0.402344 0.570833 0.031250 0.100000 1.000000
0 832 0.396484 0.570833 0.036719 0.102778 1.000000
0 833 0.396484 0.570833 0.036719 0.102778 1.000000
0 834 0.386328 0.572222 0.046094 0.108333 1.000000
0 835 0.380859 0.572222 0.046094 0.108333 1.000000
0 836 0.375000 0.572222 0.045312 0.111111 1.000000
0 837 0.368750 0.572222 0.045312 0.111111 1.000000
0 838 0.368750 0.572222 0.045312 0.111111 1.000000
0 839 0.354297 0.570833 0.046094 0.111111 1.000000
0 840 0.346094 0.569444 0.050000 0.111111 1.000000
0 841 0.339453 0.568750 0.047656 0.115278 1.000000
0 842 0.332031 0.565972 0.048438 0.118056 1.000000
0 843 0.332031 0.565972 0.048438 0.118056 1.000000
0 844 0.316406 0.563194 0.043750 0.120833 1.000000
0 845 0.311719 0.562500 0.046875 0.119444 1.000000
0 846 0.306250 0.562500 0.046875 0.119444 1.000000
0 847 0.301563 0.563194 0.045312 0.120833 1.000000
0 848 0.301563 0.563194 0.045312 0.120833 1.000000
0 849 0.288672 0.562500 0.035156 0.122222 1.000000
0 850 0.280078 0.563889 0.027344 0.122222 1.000000
0 851 0.275000 0.563889 0.032813 0.119444 1.000000
0 852 0.270313 0.565278 0.034375 0.119444 1.000000
0 853 0.270313 0.565278 0.034375 0.119444 1.000000
0 854 0.259766 0.561111 0.033594 0.116667 1.000000
0 855 0.255469 0.559722 0.032813 0.122222 1.000000
0 856 0.250000 0.557639 0.031250 0.126389 1.000000
0 857 0.244531 0.556944 0.031250 0.127778 1.000000
0 858 0.244531 0.556944 0.031250 0.127778 1.000000
0 859 0.235937 0.555556 0.034375 0.122222 1.000000
0 860 0.231641 0.552778 0.033594 0.122222 1.000000
0 861 0.224609 0.548611 0.033594 0.119444 1.000000
0 862 0.220703 0.548611 0.035156 0.127778 1.000000
0 863 0.220703 0.548611 0.035156 0.127778 1.000000
0 864 0.212109 0.548611 0.035156 0.136111 1.000000
0 865 0.209375 0.550000 0.034375 0.138889 1.000000
0 866 0.207031 0.547222 0.029687 0.133333 1.000000
0 867 0.204687 0.545833 0.025000 0.133333 1.000000
0 868 0.204687 0.545833 0.025000 0.133333 1.000000
0 869 0.196875 0.543750 0.028125 0.137500 1.000000
0 870 0.193750 0.544444 0.031250 0.144444 1.000000
0 871 0.190625 0.543750 0.032813 0.145833 1.000000
0 872 0.188672 0.545833 0.036719 0.144444 1.000000
0 873 0.188672 0.545833 0.036719 0.144444 1.000000
0 874 0.187109 0.545833 0.036719 0.138889 1.000000
0 875 0.187500 0.546528 0.034375 0.137500 1.000000
0 876 0.186719 0.543056 0.034375 0.136111 1.000000
0 877 0.185938 0.545139 0.034375 0.143056 1.000000
0 878 0.185938 0.545139 0.034375 0.143056 1.000000
0 879 0.185156 0.545833 0.034375 0.147222 1.000000
0 880 0.185938 0.548611 0.032813 0.147222 1.000000
0 881 0.186719 0.551389 0.029687 0.144444 1.000000
0 882 0.189062 0.551389 0.025000 0.141667 1.000000
0 883 0.189062 0.551389 0.025000 0.141667 1.000000
0 884 0.192969 0.550000 0.023438 0.138889 1.000000
0 885 0.195703 0.552083 0.028906 0.143056 1.000000
0 886 0.198437 0.552083 0.031250 0.143056 1.000000
0 887 0.199219 0.554167 0.031250 0.141667 1.000000
0 888 0.199219 0.554167 0.031250 0.141667 1.000000
0 889 0.206250 0.558333 0.029687 0.138889 1.000000
0 890 0.210156 0.559028 0.029687 0.134722 1.000000
0 891 0.218750 0.556944 0.029687 0.133333 1.000000
0 892 0.220312 0.555556 0.029687 0.133333 1.000000
0 893 0.220312 0.556944 0.029687 0.133333 1.000000
0 894 0.224219 0.559722 0.028125 0.144444 1.000000
0 895 0.228125 0.559722 0.028125 0.141667 1.000000
0 896 0.232031 0.563889 0.026562 0.144444 1.000000
0 897 0.237500 0.564583 0.025000 0.140278 1.000000
0 898 0.237500 0.564583 0.025000 0.140278 1.000000
0 899 0.244141 0.567361 0.022656 0.134722 1.000000
0 900 0.250781 0.565972 0.028125 0.134722 1.000000
0 901 0.253125 0.565972 0.028125 0.137500 1.000000
0 902 0.254688 0.565278 0.031250 0.136111 1.000000
0 903 0.254688 0.565278 0.031250 0.136111 1.000000
0 904 0.257031 0.570833 0.028125 0.136111 1.000000
0 905 0.260937 0.572222 0.028125 0.133333 1.000000
0 906 0.263281 0.577778 0.025000 0.136111 1.000000
0 907 0.264062 0.579167 0.021875 0.136111 1.000000
0 908 0.264062 0.579167 0.021875 0.136111 1.000000
0 909 0.269531 0.580556 0.025000 0.141667 1.000000
0 910 0.272266 0.582639 0.024219 0.143056 1.000000
0 911 0.274609 0.584722 0.024219 0.136111 1.000000
0 912 0.276953 0.586111 0.024219 0.136111 1.000000
0 913 0.276953 0.586111 0.024219 0.136111 1.000000
0 914 0.280859 0.583333 0.024219 0.141667 1.000000
0 915 0.283203 0.581250 0.025781 0.143056 1.000000
0 916 0.284375 0.581250 0.026562 0.145833 1.000000
0 917 0.285938 0.582639 0.026562 0.145833 1.000000
0 918 0.285938 0.582639 0.026562 0.145833 1.000000
0 919 0.289453 0.588194 0.028906 0.143056 1.000000
0 920 0.293359 0.592361 0.038281 0.140278 1.000000
0 921 0.296094 0.593750 0.039062 0.137500 1.000000
0 922 0.296875 0.597222 0.040625 0.138889 1.000000
0 923 0.296875 0.597222 0.040625 0.138889 1.000000
0 924 0.296875 0.598611 0.040625 0.141667 1.000000
0 925 0.298047 0.599306 0.041406 0.140278 1.000000
0 926 0.298438 0.599306 0.040625 0.137500 1.000000
0 927 0.300000 0.600000 0.040625 0.138889 1.000000
0 928 0.300000 0.599306 0.040625 0.140278 1.000000
0 929 0.300000 0.597222 0.040625 0.144444 1.000000
0 930 0.299219 0.599306 0.039062 0.148611 1.000000
0 931 0.299219 0.602083 0.039062 0.148611 1.000000
0 932 0.298438 0.605556 0.040625 0.147222 1.000000
0 933 0.298047 0.605556 0.039844 0.147222 1.000000
0 934 0.298438 0.613889 0.040625 0.144444 1.000000
0 935 0.296875 0.616667 0.040625 0.144444 1.000000
0 936 0.295312 0.617361 0.040625 0.145833 1.000000
0 937 0.294531 0.620139 0.040625 0.148611 1.000000
0 938 0.294531 0.620139 0.040625 0.148611 1.000000
0 939 0.292578 0.622917 0.041406 0.145833 1.000000
0 940 0.292578 0.625000 0.041406 0.144444 1.000000
0 941 0.291406 0.622222 0.039062 0.144444 1.000000
0 942 0.290625 0.621528 0.037500 0.148611 1.000000
0 943 0.290625 0.621528 0.037500 0.148611 1.000000
0 944 0.289062 0.622917 0.037500 0.151389 1.000000
0 945 0.288672 0.625000 0.039844 0.152778 1.000000
0 946 0.287109 0.628472 0.039844 0.151389 1.000000
0 947 0.288281 0.631944 0.035937 0.150000 1.000000
0 948 0.288281 0.631944 0.035937 0.150000 1.000000
0 949 0.285938 0.638194 0.035937 0.148611 1.000000
0 950 0.283984 0.639583 0.033594 0.148611 1.000000
0 951 0.283984 0.643056 0.033594 0.152778 1.000000
0 952 0.280859 0.643056 0.033594 0.152778 1.000000
0 953 0.280859 0.643056 0.033594 0.152778 1.000000
0 954 0.273438 0.647222 0.035937 0.150000 1.000000
0 955 0.272656 0.647917 0.037500 0.145833 1.000000
0 956 0.271875 0.647917 0.037500 0.145833 1.000000
0 957 0.272656 0.647222 0.035937 0.147222 1.000000
0 958 0.272656 0.647222 0.035937 0.147222 1.000000
0 959 0.275000 0.647222 0.029687 0.150000 1.000000
0 960 0.276562 0.648611 0.029687 0.150000 1.000000
0 961 0.278125 0.650000 0.029687 0.150000 1.000000
0 962 0.280078 0.651389 0.028906 0.150000 1.000000
0 963 0.280078 0.651389 0.028906 0.150000 1.000000
0 964 0.283984 0.654861 0.030469 0.151389 1.000000
0 965 0.285938 0.658333 0.032813 0.150000 1.000000
0 966 0.289844 0.660417 0.032813 0.148611 1.000000
0 967 0.292187 0.662500 0.031250 0.147222 1.000000
0 968 0.292187 0.662500 0.031250 0.147222 1.000000
0 969 0.297656 0.658333 0.029687 0.150000 1.000000
0 970 0.300391 0.659722 0.027344 0.150000 1.000000
0 971 0.303906 0.659722 0.026562 0.152778 1.000000
0 972 0.308203 0.658333 0.028906 0.150000 1.000000
0 973 0.308203 0.658333 0.028906 0.150000 1.000000
0 974 0.316406 0.659722 0.032813 0.150000 1.000000
0 975 0.321875 0.661111 0.034375 0.152778 1.000000
0 976 0.327734 0.662500 0.036719 0.152778 1.000000
0 977 0.333203 0.665278 0.036719 0.152778 1.000000
0 978 0.333203 0.665278 0.036719 0.152778 1.000000
0 979 0.346484 0.668056 0.036719 0.152778 1.000000
0 980 0.353516 0.668750 0.035156 0.151389 1.000000
0 981 0.360938 0.670139 0.034375 0.151389 1.000000
0 982 0.369141 0.670833 0.032031 0.150000 1.000000
0 983 0.369141 0.670833 0.032031 0.150000 1.000000
0 984 0.381250 0.672222 0.031250 0.150000 1.000000
0 985 0.388281 0.672222 0.032813 0.150000 1.000000
0 986 0.395313 0.672222 0.034375 0.150000 1.000000
0 987 0.401562 0.673611 0.034375 0.150000 1.000000
0 988 0.401562 0.673611 0.034375 0.150000 1.000000
0 989 0.415625 0.675000 0.031250 0.150000 1.000000
0 990 0.421875 0.676389 0.031250 0.147222 1.000000
0 991 0.428125 0.676389 0.031250 0.147222 1.000000
0 992 0.432812 0.677778 0.031250 0.147222 1.000000
0 993 0.432812 0.677778 0.031250 0.147222 1.000000
0 994 0.444141 0.679167 0.032031 0.147222 1.000000
0 995 0.450391 0.679167 0.032031 0.147222 1.000000
0 996 0.455078 0.681944 0.032031 0.147222 1.000000
0 997 0.459766 0.683333 0.032031 0.147222 1.000000
0 998 0.459766 0.683333 0.032031 0.147222 1.000000
0 999 0.471094 0.684722 0.031250 0.147222 1.000000
0 1000 0.476562 0.687500 0.031250 0.147222 1.000000
0 1001 0.482812 0.690278 0.034375 0.147222 1.000000
0 1002 0.488672 0.690972 0.036719 0.143056 1.000000
0 1003 0.488672 0.690972 0.036719 0.143056 1.000000
0 1004 0.499609 0.693750 0.041406 0.143056 1.000000
0 1005 0.504687 0.694444 0.043750 0.141667 1.000000
0 1006 0.508984 0.693056 0.047656 0.141667 1.000000
0 1007 0.512891 0.693056 0.047656 0.141667 1.000000
0 1008 0.512891 0.693056 0.047656 0.141667 1.000000
0 1009 0.525391 0.691667 0.038281 0.144444 1.000000
0 1010 0.531250 0.690278 0.034375 0.141667 1.000000
0 1011 0.534766 0.689583 0.033594 0.145833 1.000000
0 1012 0.537500 0.690278 0.034375 0.144444 1.000000
0 1013 0.537500 0.690278 0.034375 0.144444 1.000000
0 1014 0.542969 0.690278 0.035937 0.147222 1.000000
0 1015 0.546094 0.690278 0.037500 0.147222 1.000000
0 1016 0.549219 0.692361 0.037500 0.145833 1.000000
0 1017 0.551953 0.692361 0.036719 0.145833 1.000000
0 1018 0.551953 0.692361 0.036719 0.145833 1.000000
0 1019 0.562500 0.688194 0.032813 0.145833 1.000000
0 1020 0.569531 0.686111 0.028125 0.147222 1.000000
0 1021 0.575781 0.684028 0.029687 0.151389 1.000000
0 1022 0.582422 0.683333 0.030469 0.150000 1.000000
0 1023 0.582422 0.683333 0.030469 0.150000 1.000000
0 1024 0.601562 0.680556 0.035937 0.152778 1.000000
0 1025 0.610156 0.680556 0.035937 0.152778 1.000000
